1000
Particles
0 0.469522 33.8615 -1.66154
1 38.1048 24.7626 3.49389
2 16.8877 39.8517 -2.39944
3 10.2711 32.5021 2.14358
4 16.5956 23.7604 4.20357
5 19.7813 7.03341 -0.774563
6 30.1447 1.81663 -1.3434
7 36.4909 21.2327 3.61135
8 7.18964 26.6419 -2.05109
9 28.1881 18.0653 1.26399
10 30.099 35.833 -0.452029
11 39.1263 35.8085 -2.97301
12 36.1757 33.3992 -0.913632
13 4.34295 8.65394 -1.09754
14 27.9496 23.8489 3.61761
15 19.4683 29.9881 -2.86386
16 22.3341 33.0181 -0.878
17 30.3525 16.7301 1.94541
18 35.4911 7.39477 0.209318
19 16.3308 25.7409 3.3037
20 5.57804 7.38151 -1.1543
21 39.7533 4.75495 -3.44881
22 6.21157 11.8839 -0.678721
23 34.0003 18.5608 -0.970971
24 39.8234 4.95134 -2.08499
25 37.964 32.6632 0.0229988
26 16.5922 31.2121 0.267342
27 15.713 13.4543 0.619944
28 3.29446 32.5109 0.979853
29 30.5645 1.29668 -1.27662
30 18.4962 21.0748 -3.91561
31 10.1719 19.1146 -1.12747
32 19.3865 5.83274 1.35092
33 8.81148 0.94801 -2.12671
34 27.253 18.1006 1.41757
35 23.7217 5.09407 2.56411
36 13.5568 2.11543 -2.57302
37 36.1122 27.1057 -1.79863
38 32.6745 39.8594 -3.10714
39 31.3578 19.9668 -1.23609
40 37.3066 37.4236 -1.45417
41 11.9657 12.6926 0.913283
42 37.0691 16.4967 -0.751259
43 25.7234 31.2723 -2.23789
44 17.2384 25.9706 2.70343
45 4.72396 29.6492 3.52091
46 39.314 7.25719 1.80992
47 28.2343 4.77946 -3.69168
48 6.14165 33.6409 2.23023
49 5.99738 29.8626 1.42015
50 37.7784 38.5569 0.752642
51 18.9058 36.9564 -3.34528
52 29.6233 11.5234 4.26211
53 10.7116 4.55685 1.40521
54 25.7384 24.9311 2.67581
55 39.952 15.2082 -2.1279
56 21.9577 5.39238 -2.25069
57 6.01818 37.6894 -0.515138
58 39.8026 24.2552 -4.1627
59 8.89285 33.7874 2.79204
60 8.83722 24.6289 0.647673
61 14.252 34.115 3.28758
62 37.9288 0.475221 0.916132
63 4.36846 15.5278 -2.36541
64 38.763 24.5498 2.74059
65 8.22475 39.9312 3.44372
66 8.615 16.5106 -1.15896
67 21.3418 22.9463 1.03871
68 13.3366 2.92743 -3.16455
69 13.8923 4.46851 2.54282
70 9.92483 2.9654 0.532693
71 24.2982 7.86468 -1.73945
72 7.34786 12.7922 -1.33309
73 19.352 26.2847 0.894589
74 8.64418 9.21035 -0.321436
75 0.0632899 33.5809 1.22
76 23.1476 3.47955 3.57232
77 9.62526 27.529 -3.34006
78 6.10134 33.6269 0.0202477
79 0.924844 4.38771 4.70784
80 27.042 5.51843 -3.08064
81 3.36636 32.6153 0.776019
82 14.304 13.6606 -1.76573
83 17.0224 32.9099 1.7795
84 18.386 13.1327 -2.25741
85 1.32133 19.0096 -1.33799
86 20.3221 5.82547 2.01032
87 24.0035 36.5904 0.33942
88 0.0877584 39.3637 -1.47689
89 3.93334 1.66478 -3.79319
90 1.39284 0.187789 -1.57512
91 22.5892 15.1902 1.42103
92 15.8356 24.4203 3.30033
93 12.8533 1.74757 1.67077
94 14.349 25.7784 0.492754
95 18.7897 3.96898 -2.39875
96 8.71022 34.0716 2.22743
97 18.2734 38.9759 -0.0862525
98 0.255161 20.4008 1.1053
99 10.3944 5.73055 1.04396
100 27.6702 22.4569 -1.53052
101 19.5626 26.2607 0.813402
102 19.3943 31.1906 -4.10039
103 7.8585 7.01188 3.73009
104 20.9675 3.62897 -2.94658
105 18.4032 34.1465 2.02353
106 30.7832 20.6184 1.63616
107 24.7362 21.9103 1.11679
108 28.5791 18.4051 0.814124
109 0.649272 33.5314 1.26371
110 13.1708 2.7945 -3.74237
111 35.1984 33.4413 -2.33022
112 29.5658 3.12378 2.68184
113 35.2465 30.1071 -3.16272
114 34.5872 27.7776 -4.2966
115 31.0589 23.5052 1.8994
116 22.8379 32.8975 -1.34703
117 27.6687 29.2743 -2.02358
118 26.4247 1.90991 -3.68873
119 34.6082 14.387 -2.40522
120 23.8154 28.6928 1.49634
121 26.3979 13.5961 2.78105
122 36.2373 19.4042 1.49033
123 9.60067 29.3198 0.0814454
124 9.44438 1.35035 -2.38483
125 21.6639 0.427496 3.07021
126 20.723 28.2172 2.79255
127 38.5078 6.82123 0.896164
128 34.5763 4.9363 0.455175
129 0.904198 13.2923 1.41167
130 27.4815 5.26657 -3.6893
131 27.9991 29.2339 -4.21607
132 16.9701 0.549668 -3.43158
133 35.775 35.1246 -0.849538
134 2.7746 34.4602 -0.407739
135 13.724 4.9249 3.6973
136 23.4562 3.44653 2.67246
137 24.288 32.3641 -2.35317
138 9.4378 19.1646 -1.19878
139 14.4999 2.37792 -1.62486
140 24.4769 34.7965 -3.71583
141 32.6875 30.8666 1.72147
142 25.2009 8.67506 2.70791
143 16.5036 24.538 2.85488
144 2.60584 33.2487 -0.329097
145 22.1937 24.1562 0.162373
146 34.5737 12.4361 1.77981
147 37.0999 0.184797 1.48217
148 36.1852 8.86677 -1.43221
149 9.71351 24.1499 2.85904
150 16.3037 25.4263 1.57266
151 32.3536 39.4988 -1.92176
152 17.2635 15.3812 -2.73455
153 19.1011 2.51146 -1.72087
154 21.8178 39.3673 3.34357
155 31.9617 20.8825 0.00476983
156 0.380414 25.5243 1.00237
157 12.8289 7.46431 -2.14772
158 12.6137 37.6723 2.38592
159 20.0494 26.0822 3.00265
160 39.2506 16.7863 -1.16168
161 6.82608 23.778 1.09866
162 22.6343 32.2748 -2.60672
163 10.0187 7.29863 -2.35597
164 18.2276 6.00251 1.56436
165 29.5083 10.4411 -2.21073
166 34.2315 7.64346 -0.141658
167 9.79935 37.7297 -3.38222
168 33.9296 23.031 0.517393
169 0.819634 38.1719 -1.52693
170 6.14788 39.3861 -3.51471
171 24.0264 37.4854 -1.60413
172 0.781746 18.1002 -3.23453
173 21.6363 31.6779 -0.995573
174 15.2136 1.98151 1.693
175 6.08498 7.88611 -3.31074
176 17.5116 22.324 -2.05125
177 13.912 8.14987 -0.921587
178 27.3146 18.4283 1.23197
179 27.04 5.36701 -1.64851
180 18.5447 8.30137 0.860152
181 1.25442 27.1808 2.99946
182 17.6303 22.363 -1.31601
183 0.749622 19.19 0.163879
184 38.3751 6.64684 -0.433576
185 5.77335 13.9142 1.73059
186 17.5505 0.812366 3.1551
187 11.284 2.63371 3.2191
188 23.0167 20.2828 -1.22487
189 8.42301 23.7502 1.36691
190 22.6321 22.8833 -3.18448
191 17.2184 30.5732 1.58961
192 36.9838 0.564851 2.38303
193 25.4717 26.1361 1.94127
194 21.2875 25.6838 3.0733
195 4.85488 13.5247 0.83241
196 30.5204 35.0476 -0.957801
197 17.6466 34.9773 0.15014
198 31.1843 24.368 -0.995791
199 15.5878 12.2017 1.55777
200 30.0998 39.7063 -3.39471
201 0.0399724 18.0061 -1.68686
202 10.7271 19.8247 -1.48405
203 25.7286 14.0925 2.08882
204 30.5256 34.2327 -2.90315
205 0.123142 31.8731 -3.81886
206 16.528 5.56462 -1.60658
207 32.867 34.2935 2.88409
208 36.1953 22.2033 1.99418
209 9.59749 39.2068 1.66465
210 11.1195 27.83 -2.49463
211 32.8817 17.5291 -1.62694
212 36.9755 35.6616 0.195403
213 38.0218 6.01544 1.17118
214 28.3984 20.1029 -1.12008
215 37.9695 20.0981 -2.21295
216 27.7736 26.77 0.551245
217 9.12121 6.03237 -1.39683
218 16.3847 18.3123 -0.441727
219 21.0877 0.506977 1.5489
220 12.8449 2.45494 -0.896138
221 21.9066 11.1208 -1.39742
222 0.973421 35.1127 0.182916
223 17.811 24.9636 -0.0431189
224 9.42373 30.2227 -0.0952451
225 37.7732 11.1848 -0.00920524
226 34.5073 16.3089 -0.347597
227 1.59475 12.6025 -1.13497
228 17.5701 5.76064 -1.04917
229 39.4382 18.9278 -1.9135
230 29.577 9.78404 -1.16185
231 17.2192 32.5398 2.39276
232 35.0274 1.19643 -3.99412
233 37.3643 3.30334 -2.14138
234 7.64091 1.98943 1.62619
235 0.653571 4.07927 0.939666
236 13.5535 0.93827 -1.43993
237 12.4247 25.3919 -2.29784
238 10.5149 12.6472 -1.50525
239 30.0552 11.1691 2.15386
240 15.4111 19.4097 -1.54372
241 10.4162 29.7703 1.76307
242 0.6143 3.63951 1.04151
243 29.0511 39.9258 0.0813981
244 38.6982 16.449 -3.96542
245 20.7656 3.34382 -3.25714
246 24.4244 3.95593 2.21837
247 6.91421 38.2122 0.867186
248 9.515 28.8162 0.901666
249 11.2147 1.21249 4.07534
250 18.8801 2.04534 -0.530321
251 39.3317 0.0573076 -3.32411
252 34.171 13.1655 1.29723
253 33.1545 16.5225 2.20157
254 3.05036 35.621 0.551942
255 23.2849 23.539 -2.69309
256 9.67217 3.37824 -1.35255
257 30.232 19.1456 -2.66045
258 25.9412 36.2348 2.70441
259 39.0806 14.5719 2.33131
260 1.9607 9.2202 4.51874
261 31.3519 26.7125 -3.427
262 31.7655 28.9247 -1.63975
263 3.78666 2.71442 0.737206
264 14.0519 24.871 2.73751
265 39.0727 27.9227 0.754782
266 36.2755 13.8236 2.3661
267 2.67512 29.2938 1.96343
268 14.5593 20.381 -1.2914
269 25.0675 35.7227 -0.592733
270 2.53303 10.4042 2.50765
271 34.6654 6.70731 -1.00631
272 18.9808 17.1547 -1.06753
273 28.1496 36.6753 2.18639
274 12.636 2.79268 -3.62526
275 8.86369 20.9443 0.312416
276 28.7808 18.8638 -0.298026
277 3.91714 18.2662 -1.77924
278 1.79058 16.2108 -3.40486
279 11.6076 27.1405 -2.254
280 6.19486 28.135 -0.70258
281 24.9096 19.436 -1.1748
282 10.3837 20.7483 -3.82567
283 19.7328 35.5372 -1.69188
284 26.6971 19.6435 1.19981
285 38.368 39.7643 0.035526
286 37.2604 6.0556 -0.920697
287 16.0941 10.9237 -0.324253
288 39.8345 3.24742 1.74746
289 13.3859 34.5493 2.40173
290 31.5562 25.9837 4.44275
291 14.716 6.29068 -0.433921
292 36.4175 18.6632 -0.820287
293 10.275 5.04296 2.88214
294 26.5042 28.063 1.6738
295 22.952 16.7657 0.595646
296 24.6557 24.1619 2.51759
297 0.0447433 28.5723 -2.38554
298 22.3939 36.0461 1.96442
299 17.3856 25.7332 2.08853
300 25.4406 7.72452 -3.87819
301 23.8261 24.2944 -0.440305
302 15.1827 35.1705 -2.50048
303 2.8375 19.9552 3.46575
304 5.53689 32.2244 -3.87887
305 0.955914 17.5606 -2.42932
306 23.3733 10.1463 -2.79574
307 9.80824 15.5262 -0.592251
308 4.59944 25.1781 -3.50957
309 15.5404 33.7336 -0.259321
310 16.4602 22.6225 -1.2291
311 23.5917 9.09675 -3.3489
312 36.0176 0.0355079 0.785881
313 22.0602 38.596 -3.41166
314 13.6562 8.02718 -3.33794
315 0.497989 37.6086 -2.93776
316 37.9546 32.4943 -0.905746
317 20.6683 25.6367 2.48612
318 27.7983 26.4248 2.70826
319 5.93406 4.58649 1.94071
320 5.84862 22.2642 -2.11111
321 27.3704 2.97143 -3.35731
322 2.14188 33.5414 -2.61855
323 9.8201 37.8577 -3.86199
324 28.6443 18.6389 0.387567
325 11.3556 29.9472 -0.35978
326 8.85951 19.0465 1.10723
327 13.7329 35.9111 3.66651
328 19.5162 28.8132 -2.58661
329 5.56026 23.8471 -0.174659
330 35.6654 15.0149 -0.937221
331 17.9181 37.063 -3.43025
332 33.402 9.88504 1.5007
333 33.4339 22.8274 0.872044
334 16.266 5.06901 -2.65172
335 4.24296 5.91886 3.21494
336 15.0076 34.7815 -2.04722
337 11.3202 24.9168 1.15487
338 14.7059 23.8785 1.55865
339 37.4797 30.749 0.0304675
340 7.28299 23.6465 0.789777
341 33.6997 27.404 -0.846202
342 11.8567 14.7603 2.27139
343 9.69155 16.7726 0.0780995
344 11.0818 0.851984 2.83865
345 28.3735 27.3261 0.490658
346 17.034 9.80228 -0.707305
347 39.3676 1.04558 -2.81035
348 11.2124 24.775 0.872001
349 17.0547 25.6543 0.142514
350 4.62739 18.0563 -1.36273
351 3.11075 20.6797 1.39809
352 26.2731 27.3529 2.97601
353 23.681 9.4372 -3.52559
354 0.412621 39.7917 -0.0746697
355 15.1784 26.4945 0.269117
356 37.033 39.5202 2.70581
357 8.92823 19.8589 1.18215
358 14.4042 12.6885 -1.17899
359 31.7543 25.5389 -2.53844
360 32.2653 20.8196 -1.20852
361 31.7848 28.8646 -3.11108
362 0.359985 24.4948 2.41138
363 1.01191 9.50584 1.33408
364 9.42952 11.991 -1.84207
365 9.26907 34.1436 0.922905
366 14.0118 7.43066 -2.62604
367 12.4516 36.3085 1.32531
368 24.7586 8.99142 -0.0269965
369 13.0147 1.2946 -0.699527
370 19.8482 30.3552 -2.69236
371 25.3832 19.5392 -1.71962
372 21.4696 31.5402 -0.875029
373 15.6046 16.8744 0.0538635
374 12.0441 14.885 1.4638
375 10.8467 13.9112 4.07752
376 37.7585 30.6477 -0.377165
377 4.22494 8.70544 0.358737
378 13.24 6.45903 -3.69258
379 37.1029 33.2012 0.468803
380 33.186 26.8689 -3.1564
381 12.4203 35.9281 0.664965
382 4.96329 18.3392 -0.997754
383 20.8862 35.0286 2.76593
384 31.9315 9.62086 -1.76587
385 21.6161 22.2547 2.80767
386 26.6141 4.72628 -1.59584
387 35.4105 38.0006 -1.27483
388 30.8598 27.7417 -1.55566
389 9.43471 5.63141 3.27057
390 36.593 20.4253 2.74266
391 14.2611 16.8648 2.50672
392 22.1193 23.2677 -3.28119
393 20.3309 3.05255 -0.767247
394 24.2197 39.5419 -0.623081
395 35.3798 14.3178 0.739553
396 2.28129 35.2415 -0.387536
397 8.65962 5.2119 -1.65638
398 32.4511 31.4836 -1.95148
399 33.3045 19.4597 -1.80858
400 8.52587 0.253423 0.919558
401 27.0968 28.6147 1.53532
402 35.6786 8.33638 -3.87491
403 2.81237 31.2662 -0.479037
404 20.3841 27.3938 -0.101324
405 2.37574 18.8081 0.7723
406 22.0274 5.7222 -1.15494
407 35.568 8.93456 -1.00299
408 39.5261 8.8453 2.68236
409 19.2629 0.931808 -3.60122
410 16.8563 26.6165 1.67787
411 16.3792 30.8221 2.28973
412 5.74337 39.0902 3.31741
413 11.1713 16.3576 0.174774
414 8.19867 12.4639 -0.448781
415 10.0286 28.8197 2.77945
416 14.42 39.6332 -0.814379
417 2.56952 39.6599 -1.77357
418 26.6076 23.4771 2.08384
419 24.0216 4.62548 2.4862
420 22.9661 3.8593 2.71078
421 5.97914 18.5045 0.660937
422 9.75329 16.3171 -3.7566
423 32.8879 8.17888 0.159385
424 22.0347 25.9725 2.78493
425 14.3133 5.15352 2.62242
426 9.34551 21.8293 -2.58266
427 20.2326 22.8485 0.794595
428 4.93255 6.59005 2.94199
429 3.07283 8.56392 2.23377
430 18.0381 16.7063 -1.13667
431 8.60946 5.82009 -2.51435
432 22.3436 33.3772 -1.12273
433 28.4865 21.9323 1.83293
434 10.9774 26.2994 -2.03562
435 29.9018 30.5446 1.92831
436 1.45186 29.6117 0.848277
437 10.4731 36.5421 1.38978
438 2.16384 32.3255 4.19038
439 34.023 14.2979 1.21791
440 22.9651 8.8836 -3.10261
441 11.1474 2.21473 1.48442
442 3.05004 21.8323 0.61378
443 27.0554 18.5618 -0.859399
444 14.4512 21.4479 -1.74939
445 10.5595 16.9994 -0.886463
446 16.3423 9.01244 0.147683
447 10.0175 2.92553 -1.98292
448 33.7143 29.5244 -3.33467
449 19.5029 19.3807 -0.200842
450 0.981715 15.8545 -1.97771
451 35.0328 10.1649 1.22154
452 13.3124 16.632 2.40002
453 4.66388 24.1733 1.61522
454 35.2609 9.77837 1.22152
455 33.9763 4.51027 -1.98494
456 10.4152 9.59496 0.878757
457 24.6339 16.9533 1.07824
458 32.4355 20.0482 -0.0841853
459 13.6211 6.02151 -3.563
460 7.97142 39.2083 -3.95081
461 8.6714 39.1725 0.565225
462 24.5476 18.7146 0.583184
463 6.3835 33.673 0.270521
464 33.2275 25.8319 0.9414
465 30.3288 14.5888 2.15433
466 35.74 21.6387 1.68631
467 12.9008 35.7056 1.94998
468 22.234 29.272 -1.83809
469 19.629 38.2397 0.29718
470 9.94013 16.289 -0.141558
471 37.3793 21.8031 0.612594
472 15.7407 6.73453 0.138924
473 11.2759 37.4565 1.8518
474 7.96082 39.7098 1.90304
475 30.9928 7.92316 -0.934624
476 10.5083 27.0376 -4.27823
477 12.617 36.5535 2.50626
478 26.2742 19.8997 -0.0292037
479 36.2583 32.4909 -1.48826
480 32.2782 20.7519 0.283006
481 25.1171 0.242089 -1.13154
482 9.57032 34.4327 -0.71475
483 6.39378 32.8338 0.925973
484 17.278 34.8089 0.0938304
485 5.86891 0.00820789 3.52433
486 18.0744 27.2204 0.681011
487 31.4445 27.2271 -2.25862
488 33.583 7.51063 -3.21323
489 22.6741 2.16678 -0.504967
490 7.5114 1.82319 1.34816
491 16.3921 10.8378 1.32866
492 21.4038 0.184117 3.53198
493 6.48059 24.7148 -0.23587
494 10.0966 12.3022 -1.75604
495 33.6731 10.2391 1.17727
496 22.0516 25.0849 3.63503
497 5.14149 33.6908 1.63084
498 19.9247 17.402 -0.409371
499 9.46277 22.4109 -0.119964
500 2.60184 14.4281 3.42277
501 30.8368 5.40121 0.317022
502 3.70139 3.96575 1.73336
503 22.9426 25.5725 3.57534
504 38.4046 37.6253 -0.0439245
505 5.76561 7.39004 -3.2321
506 25.8112 27.8522 3.04979
507 20.2426 7.14798 -0.500469
508 3.26812 31.8735 0.075489
509 14.7336 1.08247 0.195281
510 38.4623 6.59585 -1.24335
511 25.2177 36.992 -0.3686
512 30.9134 27.8546 -0.650563
513 10.846 24.1925 0.808995
514 10.4196 30.7182 1.6495
515 15.2477 16.5844 1.38669
516 16.4282 37.2061 -3.80821
517 18.2885 16.134 0.56907
518 6.37581 7.24906 -4.44277
519 24.9635 21.0914 1.21071
520 39.4367 39.7667 -2.09983
521 37.6188 27.3953 1.51317
522 21.8576 20.5843 -4.70042
523 9.72065 18.0883 1.0995
524 10.8661 26.6188 -3.95212
525 5.69935 11.6286 -0.886351
526 10.6137 27.4968 -2.17832
527 14.3753 5.44766 -2.6203
528 20.568 2.81477 -1.94256
529 37.218 1.02244 1.36691
530 30.2339 11.503 3.32723
531 27.9407 7.3095 1.41032
532 18.2503 35.557 -1.21591
533 11.3444 31.2734 2.99788
534 11.4176 23.9849 -0.485752
535 38.6322 39.7085 2.01391
536 32.546 12.07 2.31793
537 2.35582 27.9953 -0.263105
538 4.37697 2.10794 -3.80967
539 11.2572 6.47956 -2.27125
540 29.3114 18.1187 0.261201
541 24.2337 23.6164 -0.82254
542 35.2817 32.8926 -3.84357
543 11.1489 16.46 -0.892844
544 36.9418 39.9654 0.562032
545 11.3577 28.2848 4.23299
546 39.9589 2.88075 3.68539
547 3.42413 11.4365 0.161231
548 36.3581 34.6752 -2.18405
549 37.8588 25.0993 2.04672
550 3.86332 25.9368 -3.93901
551 29.9351 12.4413 4.02169
552 4.69172 39.5916 -3.59188
553 15.9376 30.4033 -1.24262
554 19.5954 7.32701 -0.590906
555 39.7553 9.41375 0.393197
556 35.0167 21.3069 -2.82036
557 4.05937 19.5934 0.23307
558 34.9345 5.18636 -3.94641
559 27.5103 28.0475 0.332264
560 26.5566 26.9219 1.87558
561 1.66995 23.5901 -0.517254
562 10.4913 25.7119 3.00088
563 4.1383 10.5431 3.12711
564 15.5586 26.9825 0.133334
565 1.31918 22.1303 1.06052
566 12.6815 38.3151 3.08165
567 30.8503 13.582 3.5108
568 39.0804 5.12667 -2.53464
569 34.0661 27.8446 -1.74473
570 0.507192 25.245 1.34345
571 13.9731 16.2969 1.1276
572 35.7958 34.2973 -1.49981
573 22.3348 31.753 -0.24554
574 7.86038 21.0491 -1.87594
575 19.3948 18.3094 1.5319
576 39.7735 39.5642 -1.0457
577 18.8112 30.2673 4.23585
578 9.61823 39.4375 0.465474
579 10.1973 9.41834 -1.48619
580 10.333 31.346 2.30181
581 9.31285 28.5442 -1.29872
582 28.6096 18.5113 -1.23703
583 20.8318 38.991 1.00504
584 38.5183 7.61476 1.85634
585 39.84 23.8358 -3.93148
586 22.7159 23.6771 -2.30752
587 31.2299 34.3183 -3.76173
588 22.4714 34.8454 0.947276
589 23.5238 19.9899 -3.16191
590 4.94657 6.40706 3.20279
591 4.06347 26.8655 -0.751139
592 33.9657 26.654 -2.86317
593 10.2332 22.3155 -3.80477
594 5.71199 3.92007 1.58101
595 31.1453 23.6552 -0.0872726
596 0.394232 37.5991 -1.13825
597 29.6314 11.4761 2.01975
598 34.2765 11.7244 2.20963
599 9.78205 31.7184 2.78435
600 9.01652 34.5456 0.811362
601 18.0477 34.1116 2.8414
602 14.7858 23.4368 2.97675
603 15.9754 9.44348 -0.805624
604 28.7326 26.6558 0.843425
605 9.08948 33.8542 2.59592
606 39.8958 26.4141 1.55223
607 39.7814 6.95955 0.417998
608 9.43054 3.52455 -2.92018
609 18.6634 0.558574 0.556817
610 35.7305 23.944 1.56915
611 2.68911 25.0861 -1.16135
612 24.8793 8.07969 2.19311
613 21.7432 10.8091 -0.69556
614 1.3298 4.53123 3.2726
615 32.5984 9.96383 2.56408
616 29.2678 17.7873 4.05616
617 24.1581 27.8461 0.160627
618 5.01207 0.842749 1.54404
619 23.0818 35.1019 0.588338
620 38.5584 39.3202 0.107118
621 25.158 16.2978 1.6518
622 23.7301 3.97841 2.78805
623 18.6932 7.75861 1.60336
624 27.9172 4.2984 -0.303541
625 20.297 7.92307 1.16225
626 7.40148 38.885 -3.38089
627 8.00322 31.7498 0.794998
628 14.8869 1.70155 0.553002
629 25.5278 3.44484 1.17668
630 38.532 30.6202 0.902962
631 26.901 1.35655 -2.29243
632 34.6589 31.4388 0.74709
633 1.47037 24.7774 1.52614
634 0.479373 4.46828 2.6869
635 23.5546 26.094 2.84551
636 25.2338 7.19063 -2.08572
637 2.95887 31.5394 2.58737
638 33.5563 26.6365 -2.58407
639 35.6164 13.1141 2.5572
640 7.4309 22.5743 -0.227089
641 27.4491 6.615 0.915396
642 15.612 34.3109 -2.3357
643 29.1846 26.2802 -0.100654
644 13.5102 2.89565 -1.43521
645 6.51467 6.5598 2.85534
646 11.2425 7.00888 -1.36165
647 9.79084 13.7789 -1.37212
648 32.9381 34.813 0.740113
649 18.5933 18.7367 1.94561
650 27.7492 18.3328 -2.02398
651 25.1099 23.1972 0.683183
652 9.39591 34.2964 1.35592
653 8.13227 38.8584 -3.03286
654 22.2093 12.3327 1.51082
655 38.4774 31.8776 -2.40889
656 3.6863 11.315 1.34544
657 22.1649 5.16353 -1.96953
658 10.3372 27.2075 -3.55688
659 0.370706 39.7747 0.640362
660 24.2578 10.2566 -2.34459
661 38.0603 17.2925 0.286296
662 36.7145 35.3683 -3.23805
663 9.12567 20.8947 -0.648088
664 32.4968 15.6127 0.0992988
665 32.9128 35.4776 -0.0378522
666 21.7517 39.9753 3.76323
667 36.2815 34.9293 -1.04332
668 9.31724 37.7526 -1.10177
669 13.106 35.1045 3.17837
670 35.9337 33.2554 -0.797014
671 34.1745 5.62285 0.235887
672 16.1812 32.9809 -1.61305
673 37.6777 0.808398 1.21692
674 3.44185 19.608 2.91338
675 32.0502 12.8308 0.566161
676 36.1928 0.270304 2.81056
677 38.7657 20.6194 -1.50025
678 26.2968 1.08752 -2.43404
679 23.3467 20.5312 -4.46583
680 20.4513 29.7016 -0.953318
681 9.24703 1.96942 -1.53582
682 35.8319 1.1646 -3.24353
683 22.6741 27.7603 -0.910632
684 4.46765 1.85904 -4.51787
685 26.3109 28.6243 -0.241915
686 39.1963 39.2057 -0.33134
687 23.7714 9.26856 -1.21452
688 26.8149 2.88535 -1.59486
689 14.3714 4.03549 -3.28733
690 18.0901 32.8639 4.14029
691 18.4644 34.5364 0.342986
692 30.9008 13.6352 3.37425
693 2.65606 19.3154 2.12962
694 28.3209 23.1041 4.05827
695 16.8611 26.8598 1.75665
696 22.9877 28.2297 -0.603841
697 29.6676 4.6052 -0.000362598
698 35.0498 15.6459 -1.69953
699 29.8157 24.8379 -1.68408
700 39.9767 3.7602 3.30756
701 15.4455 2.12968 0.190964
702 38.314 38.6718 0.00451976
703 38.3909 10.8196 -3.43133
704 25.0316 36.3556 2.81161
705 11.9405 31.5021 1.21236
706 38.6957 34.8422 -1.67643
707 14.8836 6.50275 0.677848
708 33.0745 16.2223 -1.54964
709 24.9342 8.8135 -4.14185
710 17.1904 34.5569 2.39991
711 37.6254 26.4078 0.950249
712 28.7934 18.4221 -0.975457
713 32.0269 20.5829 -0.227062
714 23.7188 27.2402 -2.47197
715 38.4663 39.9927 1.93191
716 18.8017 28.4335 -4.07384
717 15.5631 26.9247 1.8558
718 6.95363 30.2734 -1.53545
719 9.29781 33.4045 0.479062
720 9.12308 24.9844 1.94389
721 23.2 39.7617 -3.06715
722 39.2183 39.8655 0.0321392
723 12.6032 1.8869 -2.59383
724 16.9937 35.6278 2.67245
725 25.3113 37.7441 1.96989
726 6.36622 28.8045 -0.221015
727 6.52819 26.6993 0.0908283
728 36.4303 4.03512 2.20182
729 19.0632 39.8032 2.21344
730 22.438 10.0674 -2.84796
731 29.3725 19.4319 -0.46242
732 27.3191 31.666 -0.997712
733 31.2197 28.0009 -1.69524
734 31.0655 5.50402 -2.1038
735 18.5344 27.9357 -1.67069
736 16.9067 31.9201 2.54871
737 0.642177 33.886 -0.41696
738 20.2444 5.61323 -0.069216
739 14.8936 24.4309 -0.0780136
740 36.2366 27.7579 -1.72515
741 10.9026 31.0626 4.25315
742 20.3283 11.5196 3.05396
743 23.2818 23.6151 -1.76576
744 35.9245 18.2739 2.47079
745 9.15335 39.6642 2.03434
746 12.7021 11.2313 0.86683
747 16.9052 25.0396 2.77112
748 18.2295 32.3159 3.81014
749 1.87987 2.51103 -0.721337
750 3.27635 35.6805 -0.323354
751 8.3999 37.7222 -3.86885
752 4.35814 18.5827 2.00488
753 16.7519 24.0409 0.985876
754 31.4613 24.4287 -2.37575
755 23.7272 4.93461 2.28948
756 5.11809 3.08474 -0.0817763
757 11.3825 26.8059 2.18914
758 33.4278 21.5842 -3.38706
759 9.83137 31.2907 2.56065
760 34.2009 32.7751 -4.13222
761 10.653 20.32 2.76132
762 23.4927 23.9851 -1.77233
763 8.33933 38.8646 2.68038
764 25.0865 8.88438 -4.51339
765 35.4134 18.8674 -0.934637
766 8.63537 12.5668 0.420553
767 31.2237 8.21644 -1.72164
768 4.77853 13.7816 1.15157
769 13.8742 31.2761 -0.268513
770 9.52919 25.707 -1.76328
771 4.60381 21.7468 1.00085
772 15.0196 38.674 -0.662452
773 33.8201 27.2813 -0.809716
774 37.781 39.4392 0.941949
775 17.7999 8.28915 1.07073
776 6.15684 15.7207 -1.53454
777 39.851 23.6151 -3.53741
778 33.8613 22.5087 -2.06779
779 13.225 37.1519 -0.00489957
780 6.23374 5.49602 -3.22134
781 37.6181 38.9087 -0.950291
782 9.18917 13.1409 -3.1396
783 12.7877 7.25564 -3.67057
784 37.449 1.47066 1.56833
785 20.7267 6.65001 -1.4208
786 4.38344 19.9218 0.380914
787 33.0633 1.76702 -3.06028
788 38.0846 1.22575 -0.592364
789 35.4549 9.47345 -1.42793
790 13.7186 26.0846 1.52376
791 13.6748 21.83 -1.72972
792 13.4714 23.5604 -2.0682
793 19.4652 33.9958 3.0588
794 19.2963 28.3725 -1.31299
795 0.749821 6.52903 2.99916
796 22.0852 21.2304 3.39975
797 39.0428 33.0878 -1.70395
798 26.9943 10.6237 -0.680995
799 24.3956 5.13927 0.238454
800 35.9907 4.03423 0.282356
801 17.2998 9.68682 -1.33711
802 36.9104 19.0864 0.780441
803 13.571 2.05817 -1.65563
804 1.53272 21.5292 -1.60002
805 39.706 24.8454 0.894042
806 10.5364 29.9939 2.05037
807 27.0891 17.7533 1.37348
808 20.8407 25.9747 1.69725
809 28.8495 13.6925 -0.0595551
810 12.8316 37.1038 2.14136
811 4.42888 23.5984 1.77105
812 7.65589 6.2275 3.75283
813 1.48437 9.26192 2.49921
814 24.8899 38.4873 -2.92213
815 31.2838 14.0085 2.87477
816 18.6861 39.4199 1.75932
817 10.7919 1.93659 2.91955
818 5.7751 8.61171 -1.75465
819 27.4752 3.67028 -2.47706
820 4.82328 4.1302 1.14235
821 12.7602 15.5969 1.62847
822 9.50818 4.38895 2.75991
823 21.7523 0.353858 3.70483
824 31.3406 12.9275 3.43825
825 1.86503 33.0963 0.196421
826 4.90096 14.0636 2.26896
827 1.35183 12.3222 -0.725799
828 19.9099 22.1091 -0.464468
829 11.6898 36.719 0.915141
830 5.38973 18.739 1.03993
831 11.5886 39.9376 0.302477
832 31.952 39.4309 -1.72704
833 9.52628 13.2859 -3.03993
834 20.1953 6.9899 -1.46139
835 3.94011 32.6315 1.07003
836 16.8841 34.1303 2.39123
837 28.7858 37.132 0.221994
838 20.0677 3.87044 -3.17252
839 2.56157 18.9997 -0.245799
840 24.1264 18.0852 -0.197583
841 25.9618 31.9394 -3.78194
842 16.6554 30.9457 1.20742
843 15.9133 5.71376 -3.40349
844 6.77837 24.1099 2.16321
845 4.34551 26.6826 -0.610734
846 13.3783 31.8685 -1.30183
847 3.86914 25.6891 -1.09789
848 24.868 26.8162 -0.878429
849 22.4598 19.0679 1.68632
850 31.2582 35.5945 3.71739
851 4.55956 1.38256 -4.23254
852 26.4093 26.1663 1.88735
853 24.3983 26.5803 -2.56725
854 0.105552 36.7949 -1.91912
855 11.5581 37.7796 0.98793
856 11.3833 39.7635 1.90344
857 9.44882 22.8221 -3.9167
858 0.241726 28.6636 -3.64444
859 14.9972 39.9392 1.05058
860 36.4876 17.5424 2.15485
861 2.04382 15.4297 -1.36114
862 8.40634 35.5968 -1.32175
863 9.48064 10.8137 0.151558
864 23.1765 9.80033 -3.13356
865 27.9758 36.2562 1.48485
866 27.1191 4.24689 -1.32398
867 23.1148 27.7122 -1.3359
868 27.9279 27.5843 4.0179
869 33.1779 15.6592 -0.246925
870 35.1447 0.768697 -4.22218
871 17.5771 25.5768 0.494298
872 32.9698 23.0749 0.809943
873 17.8381 17.1932 -0.670965
874 33.6759 14.1286 1.30588
875 29.5784 5.14621 -2.90531
876 8.8383 15.8068 -0.0772613
877 33.5636 9.59749 -0.762746
878 5.42483 39.5981 4.22704
879 1.72263 33.9892 -1.97628
880 35.9735 23.7834 0.933904
881 8.32828 25.1284 -0.686162
882 26.5707 4.32848 -3.90923
883 28.1188 28.9055 -1.686
884 10.0554 21.4726 -2.17943
885 10.1363 10.9618 -0.51186
886 18.7165 20.322 -1.95666
887 0.966557 24.7466 1.6485
888 30.9779 25.6117 -3.42812
889 0.112103 8.28133 2.0638
890 14.8698 17.6221 0.878484
891 20.0062 23.197 -1.72355
892 13.0851 4.71296 3.04277
893 31.6782 27.1431 -1.41361
894 37.4256 29.8651 -0.959013
895 35.9933 9.73864 -2.39901
896 16.9478 1.8475 1.45626
897 38.4649 14.5819 4.17029
898 20.2596 17.9529 -1.19055
899 14.2023 22.8351 0.771171
900 14.736 6.73502 -2.19086
901 0.622139 35.4686 1.57662
902 38.5206 33.8457 -0.0688089
903 6.98897 39.5164 -3.55565
904 16.2818 38.9978 3.39402
905 30.8074 38.6816 -1.55339
906 20.0276 15.6283 3.24926
907 10.5342 28.4718 -0.610603
908 30.8272 36.1019 -0.11544
909 11.7398 1.72017 2.87629
910 38.0558 19.579 -3.36158
911 32.8535 27.9971 -3.61184
912 23.2857 20.7664 -0.776144
913 0.130784 30.1135 3.00665
914 38.2085 19.512 -3.81713
915 34.4952 35.1542 2.525
916 26.8381 20.9712 -3.45989
917 14.9743 22.5213 0.150371
918 34.9729 5.50345 4.22185
919 28.0118 20.3783 -1.76514
920 5.57845 24.8661 -0.360643
921 25.3213 23.7338 0.858258
922 24.5452 17.5535 0.232361
923 4.26004 24.7473 -2.3335
924 30.8956 28.7769 -3.17437
925 23.6531 4.87441 2.21881
926 25.5471 4.26086 0.80204
927 5.8611 31.5489 -3.36277
928 38.1731 1.51385 -1.21205
929 1.11575 33.3333 1.78158
930 6.69411 7.24943 -3.40862
931 18.8399 14.7257 -2.90842
932 4.59559 21.0537 3.20945
933 13.983 6.82517 -1.46722
934 31.794 24.8717 -1.05293
935 12.0193 7.91494 2.53488
936 14.5748 20.9876 1.15054
937 15.5305 2.55986 0.154416
938 21.5595 21.3484 3.52597
939 13.364 8.20211 -0.81872
940 15.6816 25.3173 1.08822
941 25.2689 18.0744 0.58069
942 11.7648 14.7772 2.91095
943 14.2304 6.63788 -0.453015
944 4.37776 35.9215 -0.787507
945 0.720248 4.74645 1.79587
946 17.4866 25.3095 3.43963
947 13.6212 7.77977 -2.78695
948 18.8373 5.26478 2.66753
949 9.60271 12.3757 -3.76045
950 39.8107 34.0675 1.31753
951 8.99665 9.15775 0.292839
952 11.9422 27.6483 -3.92242
953 31.5919 24.2847 1.3653
954 7.76806 1.22705 0.225815
955 2.00843 3.75779 -0.0792543
956 29.0513 13.7851 -1.5926
957 34.7022 19.5692 -2.13392
958 2.11626 38.3684 3.6791
959 25.1513 3.29103 -0.294725
960 4.00713 36.178 -0.924773
961 0.89113 26.4049 2.67705
962 10.827 28.185 -3.16084
963 10.719 39.8686 1.91639
964 3.2576 4.58848 0.775221
965 34.3427 26.5939 -2.74395
966 14.2365 18.4489 0.438067
967 12.8254 38.7053 0.013161
968 32.7132 20.9781 2.50388
969 13.014 5.45761 2.51443
970 17.967 34.5861 2.16687
971 26.8412 11.2214 -1.8602
972 11.3976 17.8911 -1.09648
973 7.93181 28.2749 2.22594
974 27.035 24.1843 1.67702
975 8.43833 23.2168 -0.722907
976 2.42241 15.5042 -1.71355
977 8.10715 36.8733 -2.58529
978 13.3793 34.4202 2.19118
979 8.187 1.46384 0.665447
980 34.6358 15.954 -3.50133
981 5.12352 23.4034 0.426151
982 39.9258 7.10423 0.177447
983 33.6444 17.4006 -1.35402
984 10.6559 31.4414 2.28609
985 2.48975 25.0163 -2.85347
986 21.6924 17.1359 0.96891
987 10.465 16.6962 1.39514
988 5.82653 26.8065 -0.609057
989 23.5097 31.7598 1.66652
990 22.7656 12.7659 3.04766
991 11.0803 21.28 -0.754948
992 3.13667 18.0027 4.3733
993 14.5176 20.8848 1.22621
994 22.4237 21.2161 -4.0006
995 16.419 14.5212 -0.529006
996 32.9016 20.001 0.744271
997 33.3634 18.2281 0.562316
998 36.2339 36.045 -1.80162
999 34.6045 13.011 1.6732
