1000
Particles
0 0.733308 32.2081 -2.29692
1 32.275 21.3405 0.402602
2 19.045 5.99032 1.02249
3 8.64918 35.3024 -0.865048
4 19.6061 21.0165 0.961656
5 23.201 9.96553 1.81637
6 30.2352 5.61921 2.21732
7 33.9066 16.8895 -3.34358
8 3.90187 27.8502 -2.17402
9 27.6839 17.96 1.76527
10 27.0912 33.7362 -1.80845
11 39.718 32.8337 -3.36589
12 33.8168 29.7239 1.20637
13 1.61043 8.97184 -2.86716
14 29.1837 19.5941 0.759829
15 24.4685 29.2375 2.84257
16 22.7054 32.6605 2.75744
17 33.416 11.3423 3.81541
18 35.0415 12.2032 -3.81893
19 16.0883 23.9258 1.37127
20 8.16364 11.9175 0.139806
21 39.474 5.57748 -0.372883
22 39.6221 15.3494 -0.0802764
23 29.9178 21.6963 2.85242
24 36.404 7.87653 2.07515
25 4.26143 32.9306 0.0470719
26 20.63 30.2048 -3.38098
27 15.2526 17.0266 0.454646
28 3.42121 29.1605 -0.0475572
29 33.6681 6.25398 0.340262
30 18.0496 21.9027 1.50858
31 15.6027 18.5573 3.46785
32 20.5973 9.3388 2.72246
33 11.3867 38.531 -1.6358
34 27.0558 14.8908 -3.33877
35 23.3791 39.7992 3.37797
36 17.2942 0.0718765 -1.8853
37 36.1547 25.2536 4.21775
38 32.3367 39.8879 0.252537
39 29.0588 17.9318 -1.5227
40 35.6373 36.2591 0.670171
41 17.5121 11.3614 -0.204938
42 38.8978 16.841 -0.342292
43 26.4711 34.075 -1.99233
44 24.1178 28.176 1.04588
45 4.79419 29.5702 2.25913
46 0.528913 8.65492 2.41711
47 34.2062 6.87375 1.14105
48 2.72581 36.2576 0.926354
49 8.82594 33.0603 -0.750762
50 36.2624 39.659 -1.74846
51 16.4682 38.2418 -3.45103
52 33.2204 13.5167 -1.03515
53 14.4347 3.75981 -1.51455
54 31.8019 27.7635 -0.090925
55 39.4593 19.1058 -1.15817
56 25.0762 5.82693 -1.53336
57 3.43193 29.3154 -1.61475
58 38.476 25.0017 1.02323
59 7.35986 33.7259 0.425188
60 7.15616 26.3251 2.1084
61 16.2587 28.3674 2.88509
62 34.0196 1.31175 -3.17512
63 8.37432 15.2989 0.0868259
64 38.1162 27.0523 1.59952
65 14.188 36.5971 -1.26705
66 13.1588 18.4605 2.08097
67 27.9441 19.6135 3.03305
68 11.1208 3.8741 0.0426371
69 11.4313 5.21058 1.73461
70 7.27913 35.3931 -3.37193
71 19.2958 10.8961 2.54715
72 7.30466 13.0888 -0.889834
73 23.5787 28.8587 2.46791
74 7.18239 4.78315 1.44417
75 5.1125 32.3569 -2.58981
76 17.8082 5.09503 -1.24338
77 7.06926 27.1993 -0.365698
78 1.85344 28.4063 0.463676
79 36.5543 4.07396 -1.61837
80 36.2012 7.57208 3.28968
81 1.93224 25.9064 2.30896
82 11.9805 9.61127 -0.285312
83 18.5048 27.4439 3.68868
84 16.737 18.5351 -0.0179542
85 0.948161 19.1056 0.0958336
86 18.8834 3.4012 -2.54966
87 21.6168 34.5327 -0.110918
88 4.57616 38.4179 -2.34734
89 5.0863 38.0441 -1.83541
90 38.2508 33.9286 -0.686151
91 20.0212 16.8056 0.284897
92 13.0227 19.9828 -1.57584
93 16.4956 5.22888 -3.67697
94 16.2857 22.2405 3.05839
95 17.4518 38.1183 -4.04046
96 11.9491 30.2503 -0.559887
97 24.1539 35.0799 -0.288096
98 1.5246 19.5422 -0.0145727
99 11.2356 4.12283 0.097847
100 27.1431 19.1948 -2.50127
101 22.7071 23.7972 -0.998275
102 20.5244 32.73 0.804947
103 9.67156 4.21345 3.257
104 22.5466 6.29545 -0.977686
105 21.0747 30.6383 -4.14149
106 30.4707 15.787 1.46144
107 18.1322 22.6489 0.345674
108 25.9352 11.2126 1.88522
109 38.0931 37.0192 -1.43935
110 13.6792 0.438597 0.0507642
111 38.5805 30.4655 -0.635582
112 29.4144 38.9415 0.673896
113 39.9875 23.2645 0.846416
114 39.1018 26.7323 1.85342
115 31.2648 25.3884 0.0507276
116 23.8962 31.4849 2.17894
117 25.8166 32.328 -0.228665
118 22.8022 4.43622 1.66641
119 33.9859 15.8654 -2.81749
120 27.7901 30.0449 4.10137
121 24.3348 13.9073 2.55207
122 37.4103 17.5052 -0.309663
123 8.41956 28.6656 3.63782
124 15.3157 39.311 -2.60521
125 27.033 0.887515 -1.63595
126 26.9726 22.9637 -4.02634
127 35.7263 5.81544 -0.446408
128 38.0298 10.1775 3.42416
129 0.617204 13.9298 2.31405
130 35.031 5.54779 1.34021
131 35.4308 26.5627 1.48509
132 19.0046 39.994 3.29423
133 35.7177 31.2871 -0.78183
134 2.75173 27.5885 -2.68248
135 9.46183 9.94324 3.61172
136 27.0815 6.30898 0.786987
137 26.6875 32.9849 1.005
138 11.1936 21.8862 0.868206
139 14.1933 0.696102 -0.928143
140 21.5105 31.7456 -0.772246
141 31.5611 28.951 2.13621
142 26.9457 5.78285 1.31381
143 16.029 26.4672 3.12743
144 1.22822 26.7895 1.86062
145 27.0501 17.687 -3.89396
146 33.0092 6.63368 1.53616
147 37.3893 1.52027 -2.49206
148 36.8276 9.79372 2.22849
149 13.4713 24.906 -4.30509
150 18.2019 14.2178 -2.01319
151 37.3291 0.854887 -1.81474
152 18.4502 14.1553 0.935933
153 20.5327 2.42225 -2.1736
154 26.5596 38.4155 -3.52999
155 35.5823 26.8476 3.16676
156 37.8164 26.5981 -4.25191
157 14.4565 11.0373 0.26095
158 17.1408 32.9528 2.33705
159 17.558 25.3013 2.61672
160 1.49839 13.3693 0.0161181
161 8.91689 21.0723 0.385652
162 26.4085 32.8049 2.99898
163 7.62003 6.15339 -1.51402
164 15.5434 3.19868 -1.87471
165 24.5699 11.3995 0.105574
166 36.017 7.72486 1.05771
167 10.3327 35.2654 1.10903
168 1.65483 22.4126 -2.88579
169 37.4008 31.0634 -3.27351
170 3.36174 33.9628 -2.21572
171 23.2752 1.10354 -1.76113
172 1.19268 17.6991 2.92971
173 22.6496 33.2418 0.339829
174 14.6546 36.7184 -0.54133
175 39.4897 5.06148 -1.40175
176 19.9552 21.3556 0.90813
177 13.7702 8.75706 -2.09005
178 24.7964 16.137 -2.1414
179 32.1267 6.33907 -1.6349
180 15.9075 9.50067 -4.61376
181 38.4375 29.722 2.73345
182 22.0393 15.0905 -0.594535
183 3.83279 25.3031 3.04159
184 34.0987 2.57465 0.590149
185 11.4581 14.0253 1.13467
186 22.5554 0.756805 -3.43589
187 8.09531 39.5503 -0.511761
188 21.2365 17.6102 -0.2403
189 12.0988 25.9006 -0.0856663
190 23.8342 21.5226 -1.41941
191 13.3937 30.9215 -2.91385
192 36.5089 5.84402 -0.796383
193 32.0842 18.3943 2.35261
194 20.3855 26.2494 -0.654342
195 11.5131 17.282 -2.3323
196 26.4929 38.5229 -2.41275
197 17.996 34.0297 -0.89131
198 28.4179 20.1781 -1.42721
199 10.6091 9.89856 -1.96329
200 32.5681 36.072 1.17828
201 36.179 17.6726 -0.900628
202 13.9094 19.0931 -2.16733
203 25.7807 18.1313 3.05633
204 34.1631 30.3055 -0.065306
205 36.3763 29.8811 -0.774813
206 17.207 4.86661 -2.97181
207 36.6148 32.7727 2.11071
208 33.2035 23.9065 -0.314255
209 11.1191 35.4392 1.72458
210 9.61591 25.4764 1.35746
211 38.2409 20.3443 -2.02675
212 36.7202 32.2162 -0.809147
213 1.47909 8.9801 -1.32112
214 27.8914 21.3679 -1.78719
215 34.6666 20.5701 -3.58909
216 28.8159 23.9669 -3.29608
217 8.47982 9.94787 2.38262
218 15.2236 18.4524 2.44106
219 22.333 39.8663 -3.73263
220 13.8584 5.60916 0.735619
221 20.6202 9.98509 2.4614
222 37.7378 31.3474 -3.35866
223 19.383 27.4932 4.34415
224 2.76492 28.3693 -1.27999
225 32.8191 10.8004 3.20188
226 37.7264 21.1229 -3.56138
227 3.229 11.3336 1.01403
228 16.9079 5.60191 -3.36988
229 39.0816 18.7315 -0.0919371
230 31.4595 8.28391 2.34037
231 18.8265 25.0725 1.44008
232 31.6359 5.19116 1.86436
233 39.2587 10.7719 1.98517
234 8.88924 38.684 1.33101
235 38.1681 7.91471 -2.88888
236 14.602 35.5692 0.0382477
237 12.1223 26.2632 0.0245806
238 12.6859 11.9716 -1.28068
239 34.1224 11.1422 2.77477
240 20.1362 21.1498 1.07321
241 13.42 31.5319 2.85206
242 37.4137 7.34271 1.51092
243 26.8571 1.779 1.95939
244 35.7802 18.4995 -1.00843
245 19.7738 1.22254 0.139895
246 31.124 4.03143 0.439669
247 8.65976 38.643 0.308103
248 8.87166 25.448 2.18082
249 15.9035 36.0545 -1.70054
250 16.1826 1.62726 0.37963
251 38.4961 6.37376 -2.20049
252 34.611 15.6549 -0.598614
253 32.5961 13.0543 0.468996
254 38.7608 0.616348 0.167685
255 28.2705 26.9223 0.78457
256 7.15636 5.85449 1.61328
257 27.546 16.8364 -4.11275
258 32.2316 34.9052 3.09006
259 37.4044 15.3472 1.32484
260 2.44651 11.1123 3.68922
261 28.2116 26.0327 0.538702
262 27.5646 33.4573 -0.878255
263 36.6972 7.56261 1.11568
264 10.2073 25.0409 1.82187
265 38.3581 27.5642 2.67811
266 0.0708818 14.6542 0.795277
267 1.56077 27.229 -0.699001
268 9.81126 26.2311 -0.261354
269 23.2665 36.5261 2.3474
270 2.08916 11.3301 3.36901
271 33.6783 7.95857 -2.63116
272 18.8701 19.1131 -1.24463
273 27.6648 35.5204 1.03663
274 9.3574 9.89144 2.35451
275 9.87444 25.1478 0.121612
276 28.4236 18.5594 -1.26905
277 6.91669 19.8701 2.05994
278 4.94428 13.1811 -0.132514
279 8.20908 26.0764 -0.3717
280 7.63668 26.5779 1.9786
281 25.4996 14.8322 -1.22432
282 15.3771 22.9675 0.175897
283 21.765 34.6059 -0.944059
284 24.3863 20.1957 -4.59849
285 38.6475 37.9763 3.29254
286 33.871 6.59855 -0.693235
287 12.9228 15.3265 -0.137151
288 1.15658 36.904 0.0256035
289 11.7377 29.4711 1.4933
290 35.3447 24.2683 -4.04269
291 14.0463 8.75481 -0.169451
292 39.4531 19.5543 -1.53846
293 3.79494 6.36873 2.40093
294 29.2878 28.6788 -0.303623
295 19.2131 9.70801 3.0821
296 24.6999 28.4083 0.298642
297 38.8917 27.5445 0.759366
298 24.8255 35.5616 -0.560946
299 22.0887 25.9801 -0.241944
300 22.2723 4.19168 -0.263867
301 31.3226 25.0645 0.211055
302 17.8875 37.5403 3.21456
303 5.93959 28.39 -0.0571879
304 10.7749 26.9916 3.02159
305 5.19527 23.5244 1.52743
306 29.4094 14.8119 -3.42113
307 12.0187 13.4796 -2.78436
308 6.0654 19.5937 2.78155
309 13.9898 34.0596 2.09733
310 18.1035 21.4941 2.86389
311 22.1908 5.19083 -1.818
312 35.8944 2.32769 -2.37806
313 26.9016 39.4129 -1.60649
314 16.7064 2.1625 0.0309897
315 0.98594 34.8948 -0.634338
316 37.9732 38.4004 2.51106
317 27.686 29.4807 2.18698
318 27.2478 23.179 -1.85712
319 2.28195 37.4079 1.74328
320 4.77133 25.6156 2.57535
321 28.9364 2.67883 -2.47159
322 6.14489 34.8006 -1.86911
323 17.691 32.9855 2.06645
324 26.7617 15.6479 -0.294749
325 11.1816 32.6285 1.086
326 2.38732 14.7648 -2.20133
327 20.805 34.8185 2.77417
328 18.2276 27.3558 2.42129
329 8.02354 17.6712 -0.456286
330 2.60274 11.5261 0.869415
331 14.9291 37.2029 -1.95964
332 35.5607 13.0906 0.105149
333 25.9521 15.8541 -1.70306
334 16.5082 4.82454 -2.83782
335 5.85923 39.7511 2.38938
336 15.438 36.8081 -0.733651
337 10.6645 17.5355 0.745449
338 13.8708 29.2475 -2.32043
339 37.9739 31.3484 -1.95076
340 7.1018 26.1832 -0.63597
341 32.8856 31.0325 1.98889
342 10.4186 15.9125 -3.32387
343 9.79746 14.7761 -3.07407
344 12.661 1.68876 -4.59752
345 30.7822 28.9225 2.65427
346 16.4669 5.43531 -1.71086
347 2.94782 37.2919 3.14856
348 8.79782 19.2911 -2.31837
349 18.0655 21.5088 1.07814
350 4.72698 18.0827 -1.15135
351 6.84419 19.6745 3.10311
352 29.042 25.3809 -2.67718
353 28.0968 7.40622 2.14874
354 36.1123 39.2824 -2.46577
355 18.4345 22.0187 1.20189
356 28.3435 35.2572 0.526958
357 12.05 24.4938 -1.84028
358 13.5591 18.0963 -0.753987
359 34.7914 26.749 2.04308
360 31.0769 24.7544 -0.21847
361 28.5233 30.6652 1.61463
362 1.63322 22.9021 -2.82282
363 0.118453 12.7328 -0.148185
364 3.28704 16.9522 0.797973
365 11.6067 37.0981 -0.922632
366 16.9127 8.73611 -0.632923
367 12.9863 39.831 -0.812967
368 22.0783 5.69749 0.397238
369 14.6107 37.541 0.577017
370 19.9166 29.4426 3.56806
371 20.521 16.2875 -0.769515
372 23.3806 28.9515 3.18949
373 17.007 10.994 -3.41521
374 12.7563 16.9426 1.62308
375 14.2472 11.1714 -2.05301
376 38.3873 27.836 2.61082
377 0.78844 7.77197 1.31846
378 13.3136 3.02077 0.14555
379 35.4357 29.0159 -2.8208
380 35.4667 29.1765 -1.13832
381 10.4794 35.8013 0.921448
382 2.50648 15.5686 -2.6698
383 22.656 33.2325 1.77237
384 31.8085 6.85561 1.08244
385 16.6626 18.9616 1.345
386 25.7713 10.9544 -0.14166
387 3.66883 2.41485 -0.516421
388 32.4047 25.9255 -0.373594
389 3.62236 3.70853 -2.15549
390 33.567 24.1253 0.0160197
391 17.4775 9.08656 -0.323306
392 21.1608 27.1084 -1.16294
393 17.677 6.08527 -2.78677
394 26.6615 38.5713 -4.28357
395 36.0612 15.9906 1.07848
396 0.43875 7.49545 1.71148
397 5.53188 1.26781 2.06388
398 37.9529 30.0939 -2.40176
399 37.3533 20.2566 -2.46883
400 2.26447 38.3895 -1.0586
401 24.3247 34.8919 2.61294
402 35.4575 8.50825 -4.18011
403 1.19501 25.7429 -0.989575
404 24.0862 28.8996 0.468435
405 4.29002 24.718 3.60613
406 23.1978 2.78694 -1.78466
407 36.0665 4.83996 -0.720179
408 7.13921 13.8869 -2.1998
409 16.9281 2.98453 3.87053
410 23.0314 25.1548 1.13842
411 14.2443 22.3882 3.47215
412 2.81658 3.06275 -2.61558
413 12.7775 14.4526 1.76009
414 4.34998 14.7482 0.971235
415 11.8356 28.9214 1.56359
416 20.5536 34.5103 2.50994
417 0.2365 1.42379 0.184691
418 26.104 22.6476 -3.26798
419 23.202 5.41757 4.04705
420 20.9936 0.900068 -3.47529
421 7.80193 17.3456 -1.00907
422 11.8811 10.5206 -1.13684
423 28.3608 7.35634 0.66465
424 26.2603 22.3639 -4.61117
425 18.0569 3.76176 -1.76447
426 7.40025 19.6058 1.90572
427 16.4023 19.1959 1.89047
428 3.58429 8.84603 -1.91296
429 2.16489 10.1356 -3.93545
430 19.2483 18.1786 -0.356305
431 5.44187 10.8732 3.14797
432 22.9076 32.4367 0.213991
433 26.7434 22.5056 -4.10883
434 8.77902 24.9495 -1.20095
435 31.5426 34.9955 -1.39852
436 1.68845 26.355 0.5518
437 12.6788 33.4492 0.978215
438 5.69261 21.5876 -0.763747
439 33.7896 20.1895 -0.774149
440 23.0172 8.51196 -4.59028
441 14.3711 0.629592 -1.22262
442 12.0384 25.3303 -1.06732
443 23.9719 16.1441 0.499156
444 13.6945 18.8946 -0.310304
445 11.5851 25.1496 0.420531
446 19.7329 9.4612 2.61269
447 1.65839 8.57906 0.95142
448 29.0931 29.2086 -0.0228206
449 16.8803 20.0662 -0.912076
450 6.30034 19.9417 0.933403
451 37.9519 10.6409 3.4113
452 12.1126 13.1688 -2.38093
453 6.30078 27.9844 0.613703
454 33.7387 8.45156 -0.520057
455 33.0392 6.91349 -0.598468
456 9.20731 7.28229 -0.457685
457 23.2624 19.6544 1.89451
458 34.2064 16.4936 -3.12725
459 11.2956 6.31919 1.01579
460 7.91509 2.49216 -3.01636
461 11.9427 1.41785 -4.67777
462 25.0559 17.5563 3.69257
463 3.82549 29.0014 -1.125
464 28.9073 22.258 2.0275
465 29.1352 18.4358 -0.0548907
466 32.0514 19.3662 1.76397
467 10.4228 35.2258 1.10124
468 25.8019 32.866 1.36597
469 16.3842 32.8055 0.23339
470 8.855 15.2929 1.97532
471 36.3434 18.7855 0.333712
472 12.4333 9.28216 0.351605
473 12.4146 1.50494 -3.00929
474 9.45119 36.9489 1.19226
475 32.554 5.94594 2.42692
476 18.241 28.6309 1.50477
477 15.2958 34.1222 -2.78277
478 27.5286 23.033 -3.70763
479 37.7949 27.4093 3.04056
480 33.1329 18.7981 2.9061
481 26.3632 38.2545 -3.70129
482 9.73723 30.2363 -0.114645
483 13.2195 31.6607 3.76445
484 10.9162 33.5657 -0.37086
485 7.67718 0.262935 0.1535
486 15.8795 28.7743 -2.39495
487 32.6949 30.5753 1.75493
488 38.0849 10.5352 2.54433
489 16.6609 2.10017 0.535413
490 8.65234 1.99543 4.55921
491 15.7795 7.45359 0.986779
492 19.3248 0.18886 2.17481
493 4.08041 27.3968 -1.30222
494 10.6606 18.4727 1.17398
495 34.3037 15.9633 -1.53925
496 27.6654 22.0345 -3.46429
497 1.85459 26.5154 -0.358435
498 16.1122 18.7838 2.60699
499 10.7256 19.4827 -2.33767
500 4.95758 17.1713 0.870066
501 27.5805 11.1756 -0.535935
502 35.6494 7.58265 3.65477
503 15.8781 29.2165 -3.63565
504 37.4661 33.3209 1.66592
505 8.96133 3.63807 1.32641
506 28.3708 28.6176 -0.529686
507 21.7254 14.3151 0.38628
508 1.72254 24.092 -2.80903
509 22.8791 39.8568 2.12238
510 33.4707 2.57481 0.647351
511 23.9589 35.0882 2.42799
512 36.6165 30.5884 -0.114051
513 14.0847 32.5328 1.21999
514 10.6906 27.574 3.30712
515 14.9615 16.6837 0.342612
516 20.6481 39.9525 -2.99884
517 15.8302 17.1968 2.99284
518 12.9532 9.52154 -2.2317
519 16.4743 20.102 2.43464
520 38.0128 10.4368 1.27885
521 35.9402 25.2292 1.90745
522 20.3988 16.2783 -0.761005
523 12.5771 18.2728 1.46121
524 8.88733 25.6503 2.04962
525 5.1564 11.7699 2.25625
526 3.55476 26.3082 2.30807
527 15.6963 4.67102 0.261586
528 20.3573 2.89317 -2.02426
529 34.7619 7.79182 0.446666
530 33.3523 11.2888 -0.0452546
531 25.8181 12.4069 0.598644
532 19.4274 37.5379 1.47124
533 18.7168 28.0004 3.30851
534 12.959 24.5918 0.455305
535 2.92226 2.91039 0.414814
536 32.2905 19.1581 1.36876
537 2.12512 22.2273 -2.75442
538 2.1458 2.16166 -0.111068
539 3.05812 4.22708 -3.74681
540 28.5114 25.0455 -3.01327
541 25.5363 21.5801 4.46239
542 37.3412 30.6987 -2.95535
543 8.32385 16.0671 -0.0627805
544 1.21967 3.2116 -3.45073
545 18.8623 24.0378 2.2049
546 1.67317 33.722 0.0531232
547 7.00843 16.2594 -2.93921
548 37.6337 30.8385 -0.285218
549 38.7018 27.4402 0.694742
550 6.20423 30.4099 -0.532959
551 20.8768 16.9285 0.96876
552 2.02346 3.18813 -0.498517
553 17.8395 28.3905 2.10084
554 20.8637 9.65539 1.48538
555 39.9249 14.6169 -0.225648
556 31.9691 24.4355 1.57607
557 11.0279 24.7643 0.13805
558 37.171 6.91296 0.725125
559 26.991 32.8826 -3.21504
560 31.4396 25.6616 -1.01078
561 5.28677 23.3868 1.51382
562 5.25855 24.7919 -0.965647
563 6.44123 15.2429 -4.49037
564 13.855 21.9974 -1.42582
565 3.34649 19.6984 4.31142
566 19.7545 33.3813 -0.927979
567 34.7503 14.8872 -2.42415
568 2.34099 9.23549 -1.10305
569 2.89106 21.001 3.23361
570 3.53064 28.6412 -2.11626
571 18.3418 11.002 2.90534
572 35.9708 29.3377 -2.10204
573 23.704 35.6053 4.03984
574 9.768 21.6259 -2.79796
575 21.6184 19.5521 2.40506
576 39.096 0.255351 -1.10105
577 23.2445 31.054 0.491037
578 9.97367 36.7189 1.19712
579 7.45736 8.57647 3.70811
580 10.2992 28.7195 -0.751167
581 6.64803 30.7507 -0.436626
582 28.6074 23.1188 -1.49193
583 21.6022 39.1943 1.55561
584 38.1864 11.1406 1.05131
585 4.42531 20.9866 -0.985723
586 23.2176 21.184 -2.19749
587 26.7848 33.2001 -3.57902
588 20.1856 32.0279 1.60992
589 28.8558 19.607 1.04175
590 1.34588 3.14398 -3.24048
591 2.56516 22.8807 -2.1585
592 34.7555 29.6115 -1.57075
593 13.8574 22.8864 -2.44256
594 2.77065 2.45329 -2.99959
595 23.5177 17.2756 1.3507
596 38.9655 33.0172 -1.65218
597 29.137 11.4226 0.897356
598 33.1255 11.0657 3.61479
599 15.1423 31.7747 0.39759
600 6.00774 0.476679 2.68257
601 20.4313 35.3348 1.27086
602 9.15999 18.1585 -1.68814
603 14.0344 15.7321 -3.81064
604 31.017 24.7303 0.369851
605 10.1829 36.7856 1.72082
606 2.98139 30.0048 0.974934
607 0.517935 7.56906 1.52971
608 4.08801 7.1508 0.897896
609 24.7358 37.3595 -2.53151
610 32.3086 23.639 2.47715
611 38.7935 27.4608 1.04366
612 22.3309 8.65123 -3.60974
613 24.4218 12.186 1.58725
614 1.15901 8.54398 0.351635
615 30.769 14.5008 0.0275574
616 33.3647 11.4911 0.220889
617 23.0698 31.5209 3.56749
618 1.77968 0.985666 -3.0279
619 26.4928 34.1624 -2.68866
620 34.8087 36.5262 0.381925
621 24.9173 16.1354 -1.94931
622 15.1878 1.50805 1.06692
623 17.2346 4.9838 -0.620144
624 30.1242 7.04663 1.16844
625 20.5416 10.6999 1.42588
626 8.53115 0.187906 1.50636
627 7.56085 33.449 0.0704124
628 17.4996 4.65385 -2.43061
629 26.5348 0.0825349 -2.2137
630 35.0385 32.095 -1.4449
631 27.9902 36.535 0.312145
632 32.3927 31.9613 -0.0593603
633 0.688329 25.0105 0.555623
634 0.0245862 6.7788 2.35208
635 26.2976 29.5999 -0.458057
636 20.8288 4.46443 1.00155
637 2.65496 23.453 0.506971
638 32.962 24.6682 2.0574
639 34.0133 9.71674 -1.56182
640 7.30847 17.095 -0.899301
641 25.2028 5.06243 3.4312
642 15.8458 36.6903 -1.75779
643 28.2955 25.094 -1.25103
644 11.4979 5.42156 0.551587
645 3.45351 13.4674 -0.434619
646 10.235 6.38204 -2.71169
647 12.2377 16.506 1.03187
648 36.0472 33.7207 2.98034
649 21.0051 22.7142 1.37221
650 29.3891 14.1594 -1.40151
651 23.4962 19.6357 2.23208
652 7.16976 37.404 -0.583046
653 14.5356 3.16676 -2.10374
654 21.4903 15.1791 -1.34472
655 34.7437 35.6051 2.99235
656 10.9905 13.5641 3.23248
657 23.5371 11.6292 1.34906
658 9.84833 29.7089 1.09846
659 33.952 38.2943 3.25737
660 24.9272 12.1239 -1.29516
661 38.4985 19.7318 -1.43762
662 36.5126 33.5213 1.60826
663 15.1395 22.6362 0.860163
664 29.2526 16.9928 -1.16873
665 34.031 39.9442 -2.57407
666 27.6951 35.5528 -0.346381
667 38.8053 32.0888 -1.05604
668 13.2734 32.6121 1.45673
669 15.7217 27.2868 1.30237
670 37.6163 26.6091 3.45834
671 30.8939 38.1848 0.0512578
672 14.7756 31.089 2.22866
673 34.1156 2.57192 -1.02175
674 9.45033 19.44 -2.66977
675 29.0544 16.2725 -3.25875
676 28.5427 33.9743 -0.973575
677 27.983 21.8482 -2.86105
678 29.6766 0.463287 -2.25397
679 21.4958 17.7963 -1.284
680 19.9622 31.2851 1.56042
681 9.61251 39.1909 -0.501192
682 33.4762 35.7311 0.885694
683 28.6403 24.757 -1.86342
684 8.76787 1.58736 2.52768
685 26.4508 26.9171 0.634807
686 38.5444 1.81836 -2.47093
687 21.7096 9.54392 0.683593
688 30.2453 5.50938 1.8548
689 15.7119 2.94896 -0.83663
690 20.9168 29.7452 -4.68025
691 19.3345 32.0322 0.869835
692 25.9826 11.9261 -1.81781
693 1.36051 19.0428 1.18491
694 29.633 29.7011 -1.11134
695 16.5365 28.4108 2.34397
696 27.7886 29.6108 3.92584
697 31.8901 3.67218 0.396802
698 36.7712 14.87 -0.85215
699 27.6441 24.8084 -1.70005
700 2.33575 3.07442 -2.18835
701 24.7656 36.8124 -1.017
702 38.2454 5.33493 -2.61619
703 0.645896 12.4442 -0.941269
704 25.5702 33.0188 2.67887
705 6.14656 33.4945 -1.99434
706 36.4595 34.1109 -2.32101
707 12.7252 11.9401 -1.79119
708 29.4499 17.6687 0.0300849
709 24.773 11.474 2.18273
710 16.7218 28.3954 2.48634
711 33.6537 26.6697 2.32408
712 25.8073 12.3578 1.19855
713 32.8248 14.8488 -3.57176
714 27.4326 32.3352 2.97638
715 38.7472 4.62677 2.45525
716 19.5499 32.603 0.114183
717 17.2315 25.2983 1.11906
718 10.9844 27.7111 3.30859
719 12.0603 33.5595 1.84329
720 10.609 25.7545 0.374881
721 29.524 32.2052 0.404031
722 38.1506 2.04082 -0.911092
723 17.8883 38.3284 -1.14779
724 15.7405 0.0768805 -0.383698
725 25.4269 38.9933 -2.66068
726 8.09516 28.7761 2.87262
727 5.87061 27.9691 -0.867698
728 1.75049 9.96791 -2.22315
729 18.4441 37.6664 2.27918
730 18.4291 6.58119 1.57136
731 32.6647 20.3319 1.00542
732 26.4688 33.3871 -3.56709
733 33.5334 26.532 1.0585
734 25.3291 11.5408 1.88485
735 18.139 21.8462 1.67045
736 19.795 31.5372 -0.301094
737 33.8105 36.1696 -0.416332
738 19.2378 10.8793 3.11434
739 11.5244 27.4311 0.225566
740 4.20291 20.5284 -4.3454
741 12.4936 35.4034 0.579064
742 23.7517 13.694 0.837941
743 23.3936 25.4255 3.65364
744 34.1374 19.5486 -3.13565
745 14.9153 32.8292 -1.4641
746 13.4113 8.9356 -0.841705
747 11.8321 25.7577 -1.59292
748 15.9927 27.8777 2.54302
749 4.29103 8.19702 -0.239131
750 0.675496 31.5806 -3.20425
751 8.82024 2.47006 2.98037
752 39.3247 16.5076 1.79291
753 10.5328 21.9753 -0.403761
754 27.304 22.7683 -1.35248
755 22.2787 5.732 0.336407
756 1.49428 3.75442 -0.390674
757 12.8347 22.1817 0.100445
758 34.5586 22.9207 4.75526
759 7.36003 28.1355 1.20235
760 33.6456 38.4832 0.462213
761 11.8282 21.7258 -1.1275
762 23.021 26.1661 2.74906
763 12.5595 38.4707 -1.15886
764 26.483 5.96702 3.10975
765 30.8419 26.0882 -1.45656
766 8.2955 17.0371 -1.63526
767 36.3571 15.4286 0.980914
768 6.45977 16.3925 -3.13269
769 19.0172 28.7376 2.15461
770 10.7441 25.1957 0.511815
771 3.31376 22.3385 2.11994
772 13.2357 32.7394 2.10298
773 36.6575 30.4116 -3.15781
774 38.4216 39.162 3.70344
775 18.5316 9.95006 2.88969
776 9.62419 19.8739 -2.3545
777 6.07913 23.5851 1.31212
778 31.5922 26.0601 -2.35186
779 17.1311 37.6768 -1.80871
780 3.62106 1.98339 -1.63835
781 32.678 2.31971 -0.446943
782 11.4027 7.40078 1.41146
783 14.3388 7.16036 -2.88043
784 31.1631 37.436 -1.491
785 25.0751 14.9746 -0.507938
786 8.47731 23.9881 0.547952
787 34.3603 0.199518 0.442835
788 2.88385 37.0991 4.51786
789 0.182578 13.3145 -3.26192
790 11.0752 30.5725 1.41871
791 17.7826 21.9857 1.44131
792 9.96376 27.2339 2.75546
793 25.0924 38.1825 -2.30914
794 24.3541 27.7738 0.619642
795 7.57437 8.46721 1.63515
796 18.1887 28.4737 1.794
797 3.22988 28.5482 0.00911578
798 26.2924 9.78529 -0.224915
799 20.7498 8.12081 -1.97462
800 31.9464 7.46826 0.89692
801 22.9145 15.5853 0.326628
802 35.7464 16.9531 1.59845
803 13.5075 1.04911 -2.09635
804 4.34338 19.5946 -3.74111
805 4.59881 21.2508 -3.03873
806 13.138 30.8365 -2.95626
807 24.7087 11.0037 -1.01878
808 22.8893 22.7161 1.12293
809 25.2219 11.1481 -1.13026
810 15.9343 39.53 -2.15146
811 11.5443 26.1377 -1.14849
812 12.4917 39.522 0.535033
813 4.70458 9.40725 -3.60894
814 25.6483 37.3888 -2.47736
815 36.6064 16.7398 -2.22025
816 19.3028 37.1544 0.232109
817 15.5581 36.4257 -1.93308
818 6.5357 15.6238 -2.33632
819 25.8759 5.72062 3.20735
820 39.4786 2.99582 0.109044
821 15.7553 6.87418 1.53461
822 8.89185 6.23219 -2.58446
823 26.6794 38.5708 -2.18637
824 36.9929 18.7631 4.64886
825 38.8978 28.9309 -0.499394
826 4.2781 16.8933 0.336092
827 0.867053 13.896 0.175017
828 17.5576 19.1873 1.90501
829 17.4905 31.0225 -1.9401
830 11.5296 23.4602 0.162222
831 12.4495 37.3256 2.095
832 34.2547 32.0636 1.04375
833 11.8073 13.4812 -2.97129
834 20.5677 8.88102 0.110128
835 2.98395 27.0335 -2.64044
836 20.1156 27.6577 -3.3993
837 31.3616 32.2011 1.98105
838 19.7828 5.96059 1.74881
839 6.10409 23.5482 2.24302
840 22.3273 14.2952 -0.752872
841 29.8108 30.0191 -0.315681
842 19.4374 30.7261 2.85672
843 12.2007 1.90967 -2.59161
844 7.70979 23.182 -2.5762
845 3.14713 27.128 1.98831
846 13.8296 33.0292 1.35522
847 3.07776 24.1329 -3.36485
848 26.3146 25.2627 1.6665
849 17.3528 17.7448 1.76295
850 38.0092 31.585 -2.19159
851 1.50431 35.0545 -0.150161
852 26.3796 30.4863 0.201531
853 26.6799 22.3043 -2.83735
854 37.9992 30.7916 -2.7293
855 14.7893 39.3985 -0.80712
856 17.0069 34.2214 -1.17767
857 13.8011 18.3731 2.08307
858 4.87972 25.1225 4.46969
859 15.7103 37.2884 -0.325872
860 0.779299 19.8042 1.00245
861 3.39513 14.7454 4.31593
862 6.01057 33.2455 -1.60452
863 12.4404 13.6811 4.25157
864 24.7458 10.1959 2.6864
865 28.6801 30.0409 -4.62438
866 25.4779 0.852072 -2.71244
867 26.3024 34.0056 -2.05728
868 32.307 25.3729 -1.84143
869 39.6185 14.1921 2.51868
870 0.301914 7.98602 2.79641
871 20.7173 23.3989 1.38324
872 27.8407 23.5192 -3.59949
873 12.9693 23.2411 -2.42165
874 37.1217 14.0827 -0.163453
875 33.6624 13.3737 -0.668282
876 1.78664 15.7461 -2.95047
877 36.1328 4.2002 -2.95598
878 5.27341 37.7259 -1.72156
879 3.98048 28.6665 0.36516
880 3.60298 20.2587 -3.77842
881 6.15387 25.2979 2.63398
882 26.1554 2.87015 -0.403353
883 35.9253 24.5169 -2.06146
884 7.95505 17.0546 1.56118
885 8.36714 12.6298 2.42084
886 17.8596 21.9708 2.77467
887 1.14248 24.5506 -0.312471
888 36.1116 24.733 -4.49012
889 5.47978 13.0582 -0.189139
890 17.8313 18.3461 0.453687
891 19.5107 20.4392 2.1678
892 18.1343 0.363547 -1.73624
893 33.8729 29.9464 0.118504
894 36.3356 33.6296 1.97246
895 35.867 16.2227 0.0231118
896 16.5369 0.346782 -0.763635
897 38.9661 10.8215 2.60571
898 17.5486 18.0951 -0.459047
899 8.81419 24.956 -0.252662
900 16.4315 7.53698 -0.21755
901 38.4452 39.053 3.29607
902 38.5977 31.7721 -1.18912
903 7.31062 31.8385 -2.642
904 20.4083 38.561 -0.0596956
905 25.8724 33.8791 -1.92282
906 26.7619 21.969 -3.43037
907 15.395 29.572 -1.11446
908 35.3428 32.1412 0.0635464
909 17.9484 3.63748 -1.59782
910 32.4835 21.8869 0.26509
911 31.9221 28.5517 1.45634
912 25.0185 20.1478 -1.83682
913 0.595478 25.4663 0.572575
914 3.5633 24.5767 1.90481
915 37.3094 33.0129 0.852028
916 24.0725 17.8392 1.25448
917 7.21435 26.6372 2.15992
918 1.59898 7.56696 2.00881
919 31.1687 18.1393 1.89061
920 6.43828 20.3847 0.780544
921 30.3576 22.9249 1.92145
922 24.0429 17.4269 2.09
923 11.73 25.3103 0.0342592
924 32.5345 32.2693 0.249338
925 17.4586 39.9906 -3.19965
926 28.8228 36.22 -1.73369
927 7.02921 31.7471 0.45442
928 36.8396 3.00538 -2.28074
929 38.0044 30.4632 -3.32763
930 10.8305 6.5337 0.66592
931 13.1508 18.1391 0.724954
932 8.6945 24.2687 0.0514425
933 15.7319 4.65457 -0.766543
934 29.4 25.2318 -1.19813
935 5.99057 6.28284 -0.0903673
936 10.9815 21.2726 -0.622609
937 13.7576 2.87199 -1.46637
938 22.3317 25.9436 2.60785
939 19.388 9.12181 2.7419
940 17.4848 21.4751 2.13888
941 21.2557 17.0049 0.075878
942 6.55955 11.6818 -0.715624
943 11.6652 5.75672 0.574474
944 4.52115 32.2378 -0.19989
945 6.94753 5.42749 0.937477
946 19.2434 26.5915 0.850727
947 18.813 5.22908 2.98725
948 16.5639 5.17789 -3.20355
949 1.77827 12.8084 -0.000100459
950 37.3714 27.9849 2.35827
951 14.3938 6.4199 -0.40678
952 17.8914 18.2108 2.19883
953 32.121 21.4938 -0.611421
954 8.72905 39.6666 2.08336
955 37.7798 8.16242 -3.38901
956 29.9107 11.422 -2.29807
957 30.4096 20.6319 2.91221
958 7.06029 34.3164 -1.70796
959 27.505 37.7705 3.91457
960 3.95336 38.4488 0.0163089
961 3.70769 26.1877 -0.322413
962 12.8326 31.1893 -2.73335
963 14.0413 38.5187 -1.8971
964 0.946008 7.30032 -0.294803
965 33.9676 21.4877 3.04601
966 12.5456 18.5579 2.28137
967 21.3003 39.9693 2.93799
968 30.0145 23.0192 1.50654
969 17.4655 4.69376 0.0306268
970 26.5506 36.8455 -1.68346
971 32.2958 15.3833 -0.612886
972 15.209 17.636 0.303924
973 12.1951 24.3047 1.78384
974 28.7902 18.4967 1.14008
975 12.5069 20.239 -3.83161
976 4.03803 8.92955 -0.962926
977 7.75238 36.1044 -3.85659
978 12.7468 29.0166 1.35375
979 6.42203 37.0883 0.953422
980 36.3656 14.1914 0.294065
981 6.98335 20.4795 2.45944
982 32.631 9.26952 4.47207
983 26.6425 12.3178 -0.95529
984 11.4227 33.1933 2.42293
985 8.74652 21.7103 -2.47493
986 22.9592 15.6102 0.855489
987 8.47389 11.7537 2.26547
988 0.562075 25.0977 3.03327
989 24.9569 35.0219 0.733554
990 20.8112 15.623 -0.662864
991 9.62045 27.3095 2.13342
992 1.36881 14.9667 -1.18935
993 12.4775 20.7929 -1.77539
994 21.6419 23.5335 -0.817999
995 13.3869 20.0147 -2.43879
996 30.8934 22.1825 0.657253
997 38.176 17.2422 2.54407
998 33.8393 36.9643 1.34064
999 32.3625 19.3588 1.39623
