1000
Particles
0 1.12526 34.1228 -0.348973
1 37.7411 22.6861 -1.61991
2 18.5593 39.4925 -2.97744
3 9.42187 32.1518 -0.585286
4 18.1464 23.2125 2.00595
5 19.4035 8.30803 -1.13508
6 27.891 3.14957 0.393689
7 34.9421 21.0496 1.68706
8 9.70224 27.5279 -0.294578
9 26.7058 16.157 -0.398373
10 28.4436 33.8787 1.24416
11 0.0903862 37.0981 0.695828
12 36.1795 33.771 -0.502763
13 4.25776 7.44407 3.54601
14 27.5989 23.402 2.84995
15 19.4612 29.9397 -2.21818
16 26.1084 33.279 1.1561
17 31.2031 15.8447 -3.79907
18 34.9011 8.60215 -2.64215
19 16.4606 26.6938 2.59221
20 5.86441 5.76517 0.583161
21 1.18046 5.97131 -1.56965
22 5.50983 14.1825 0.247636
23 34.2858 19.5355 0.588009
24 39.2715 4.02513 -1.39195
25 39.1646 33.3325 3.60703
26 17.7788 32.4868 2.22605
27 15.0881 12.0035 -1.87156
28 3.5921 29.6931 -1.68891
29 31.3489 0.824992 -4.20986
30 19.061 19.8513 -2.85168
31 11.1373 18.2402 -2.06813
32 21.1048 6.06557 0.811914
33 12.15 2.37096 -2.39348
34 25.5634 15.2108 0.849529
35 23.1052 4.62264 -0.307836
36 13.2745 0.068179 3.29525
37 35.0777 27.4411 -0.610306
38 34.4002 38.0555 1.20778
39 30.4995 19.3299 3.73591
40 38.0441 34.3378 -3.58346
41 11.7392 10.488 -0.590645
42 37.5146 15.3295 -4.15606
43 27.8833 32.5004 0.814503
44 19.4738 25.9598 3.4483
45 7.82381 30.8347 -0.354825
46 37.3835 8.10073 1.94451
47 31.7186 6.77029 -2.1512
48 6.44593 34.5908 -0.904109
49 5.21675 31.4033 4.14481
50 36.0447 39.2732 -3.23215
51 19.7346 37.2402 1.58143
52 29.7082 13.774 -0.126879
53 11.1368 2.56362 -2.91274
54 26.7461 25.847 -2.99643
55 0.682006 15.9467 0.601187
56 20.6238 7.18696 1.95111
57 3.78848 39.8911 -0.849122
58 0.825208 23.4309 -2.99166
59 8.71816 34.2695 -0.949065
60 10.0501 26.2967 -2.99833
61 15.6241 33.6737 2.77676
62 36.9532 39.0915 -1.75264
63 7.43531 15.9109 -1.2819
64 1.47435 23.4831 -2.31039
65 12.3499 39.063 3.35079
66 7.01417 18.3299 -1.04119
67 23.2585 20.9839 0.128699
68 15.1065 4.03065 2.11955
69 15.5153 3.98978 1.52442
70 8.32557 1.46385 1.36398
71 24.0558 6.72473 1.70233
72 5.47803 14.5056 0.927567
73 20.3815 28.8061 -2.0284
74 9.49442 9.10769 -3.78068
75 0.353657 35.1207 -2.37681
76 21.4651 1.19005 0.57393
77 10.9298 26.1989 -3.34466
78 5.38911 35.0587 -2.68388
79 3.23375 7.22765 -2.32191
80 31.604 6.05665 1.81655
81 2.36698 30.3181 -0.299115
82 16.0995 11.8278 -3.14913
83 15.9981 31.3394 -2.7864
84 18.2861 14.7828 -1.26657
85 0.271927 19.8458 1.89853
86 22.8947 5.60853 -1.24157
87 22.2173 36.5531 -2.54196
88 39.9432 39.2255 2.55815
89 7.07813 1.88045 1.75593
90 1.17343 0.178482 0.529186
91 21.5529 13.3165 -2.01408
92 15.554 25.0435 4.68117
93 14.7562 0.399662 0.566954
94 14.9771 25.776 2.2912
95 21.3644 3.27718 0.0900634
96 10.5091 33.5235 -1.34917
97 19.5104 37.778 2.61323
98 37.8797 21.4617 1.1204
99 10.981 5.14854 0.582317
100 27.3181 22.2348 1.4092
101 21.2219 25.2878 2.09337
102 19.5748 29.6213 -1.42307
103 6.06953 4.63749 -0.464159
104 22.6786 4.69679 -1.3593
105 21.195 32.0679 -3.03667
106 30.8167 19.0637 0.557026
107 24.4974 21.6646 1.46232
108 28.2726 14.9963 0.790933
109 1.41675 35.0163 -1.78177
110 14.5653 3.31911 3.02462
111 37.448 34.0844 -1.45629
112 28.2135 3.68492 1.96371
113 37.0346 29.2314 1.95565
114 33.9378 25.9002 -3.88688
115 29.1642 23.9689 1.8968
116 25.0376 32.0609 2.13514
117 26.6032 30.6567 -1.76671
118 25.4699 3.28557 -0.415196
119 35.8605 15.2242 1.93935
120 23.5045 30.0083 -1.9719
121 25.9 14.7548 1.53609
122 37.8581 20.6336 -0.64216
123 7.4977 30.3719 -1.68823
124 11.994 0.676903 2.35944
125 25.0825 0.416357 1.1808
126 21.8962 30.3867 1.31111
127 37.3734 7.52578 4.08258
128 34.6017 7.60948 -3.56827
129 0.865958 13.7966 -0.763609
130 30.9947 5.84144 -3.91165
131 30.9725 28.6077 2.58229
132 18.8195 39.5866 -4.2629
133 38.5784 34.4141 -4.72677
134 2.22032 33.2308 0.487353
135 12.9039 6.57928 -0.860176
136 23.7674 4.38814 2.74555
137 26.1189 30.9693 -3.26248
138 7.00196 20.3444 1.22266
139 16.5955 2.8758 -1.00631
140 26.2664 32.9934 0.790979
141 32.7417 31.2641 -2.27235
142 26.6669 9.01903 -2.43521
143 16.7342 22.7988 -0.677948
144 1.36883 32.737 0.406261
145 21.2847 22.1961 2.49095
146 35.4762 10.8041 2.41812
147 35.2929 39.4433 2.06324
148 35.5147 10.2785 1.28348
149 11.1188 21.4613 -0.745377
150 17.4483 22.8248 2.16512
151 33.8595 38.4488 0.0577201
152 17.6686 17.7128 -0.780806
153 17.5837 4.00444 -2.27346
154 25.094 0.866394 2.33676
155 33.4166 23.0351 -3.1172
156 1.67185 24.8891 -2.10839
157 15.7192 9.16879 3.04028
158 12.9767 38.5546 -3.3286
159 22.5634 27.0595 3.25778
160 39.1803 17.0564 2.87442
161 5.90991 21.8602 -2.95084
162 25.2978 32.0638 0.961971
163 8.203 8.40057 0.218484
164 17.4372 7.06754 2.2204
165 28.0721 11.3543 1.25115
166 32.6559 10.315 2.2713
167 12.9106 36.6642 -1.81466
168 35.0619 22.5226 1.36885
169 0.0686102 37.6041 0.912381
170 5.60487 37.3807 1.2975
171 21.8451 37.5541 -0.515959
172 1.80301 18.8712 0.132517
173 20.8135 30.825 -1.38776
174 16.2166 39.8805 1.75106
175 7.19719 7.56441 0.663434
176 16.8735 22.3041 0.083806
177 15.7162 8.37278 4.29951
178 26.361 16.2107 2.54666
179 28.3775 7.44865 -2.71565
180 17.3521 9.31938 -0.411188
181 39.8679 26.336 -0.671733
182 16.7957 22.4065 -1.77712
183 39.6028 22.211 2.61318
184 35.7421 6.14203 -2.52575
185 7.3524 15.1671 2.29212
186 20.2298 1.8039 0.845685
187 8.70385 2.20566 -1.34606
188 26.3006 19.8734 1.62608
189 7.64533 23.1222 -3.44598
190 25.1059 22.6343 2.62242
191 16.2269 30.1526 1.11446
192 36.1143 0.860554 0.914904
193 26.2511 23.3578 1.6932
194 25.0339 23.1569 2.86535
195 5.33441 14.753 -0.389265
196 28.5257 33.7717 2.19058
197 16.7907 34.1428 1.198
198 29.6609 23.5625 -0.277278
199 13.9159 10.3243 1.81894
200 30.0788 38.2297 0.61276
201 37.7183 18.153 -1.62395
202 11.9713 20.248 -2.59592
203 25.643 15.2067 1.39295
204 31.345 33.4005 0.8799
205 1.60731 30.977 0.767673
206 16.2545 6.28708 -1.14424
207 35.1548 34.7802 2.33678
208 35.115 21.2577 -1.07464
209 12.0923 38.0525 -1.95226
210 13.5795 25.9496 1.76446
211 32.5123 18.1404 1.98519
212 38.204 33.8583 3.12675
213 38.4784 4.14599 0.857264
214 27.3454 21.199 -1.78276
215 35.3683 22.0271 -0.1532
216 26.8678 24.2649 0.960762
217 5.73935 5.6248 -0.925112
218 15.4852 17.974 -0.386356
219 23.0984 38.7062 1.50622
220 14.5289 2.87859 -3.09839
221 22.2218 10.0542 1.14329
222 0.529731 35.0303 -3.22096
223 19.5493 25.6263 3.50541
224 8.50395 31.1278 0.565581
225 34.5999 11.4388 0.0219127
226 36.8366 18.9693 -2.68033
227 3.23709 12.7727 -0.681252
228 18.9539 5.2974 0.258144
229 37.4286 19.1133 -0.0631363
230 30.5633 8.90919 -0.112018
231 17.6318 30.7347 0.0408246
232 34.5817 3.42957 1.3468
233 39.9424 3.64406 -0.714344
234 7.56905 1.36985 2.10727
235 0.4887 5.04426 1.18806
236 14.8752 0.368156 2.77463
237 14.9665 26.0213 1.62095
238 9.45947 11.8557 -4.18022
239 30.7529 9.26242 1.04442
240 16.0671 19.3164 2.31796
241 11.8781 28.8623 -3.89679
242 1.17306 1.90358 -1.60978
243 28.8953 0.472507 -3.2377
244 37.8897 16.4413 -0.841648
245 21.1052 3.55496 -0.809023
246 23.9405 5.64687 -0.35725
247 5.37822 37.2487 2.82103
248 10.6915 28.9426 -3.10218
249 13.7174 1.91839 2.43568
250 19.2297 1.43304 1.88136
251 38.8212 2.46451 -3.31987
252 33.0158 15.3536 -2.20228
253 30.1182 17.1979 0.667261
254 1.23751 38.5305 0.103936
255 26.329 25.988 -2.22241
256 10.5039 4.34865 -0.527598
257 29.5049 18.7532 -3.65026
258 26.4195 36.7404 1.37842
259 38.8188 15.4539 -2.03565
260 1.52744 8.17441 -2.49326
261 31.6072 30.303 1.11144
262 31.8139 31.5216 0.411364
263 2.34423 3.89811 -0.848459
264 11.1075 24.5039 -1.12324
265 39.6503 28.5139 -2.22905
266 37.5526 12.943 3.62011
267 1.37133 28.7508 1.32003
268 12.8152 21.6805 -0.939089
269 24.3402 34.8314 -1.85714
270 2.46326 12.53 1.23699
271 34.4566 7.68294 -1.96839
272 18.3184 18.7519 -0.176411
273 28.9917 34.3957 -1.29043
274 12.7905 5.63478 -4.23789
275 6.42446 23.0426 -0.936651
276 27.1512 18.2709 -1.96276
277 3.36131 19.2862 1.37261
278 2.85509 15.5005 -1.29472
279 11.9777 27.0058 2.48814
280 4.46936 26.731 2.73768
281 24.1676 20.4901 -0.745024
282 12.8685 19.0041 1.93898
283 20.9483 32.9553 0.35343
284 24.8163 18.3664 -0.51397
285 38.1798 38.2986 -2.01915
286 34.7409 6.30185 -1.5736
287 16.8756 11.2995 -0.200989
288 2.61093 1.76367 0.282293
289 13.1703 34.2329 -0.142047
290 33.5069 25.7235 -3.99602
291 13.0578 6.6788 -0.884398
292 38.0401 17.3865 -0.644687
293 11.2068 6.13545 0.371479
294 27.8045 27.8476 -4.1278
295 20.7849 17.5764 -1.34985
296 25.2907 23.0217 0.920823
297 0.212078 31.6369 4.03487
298 23.2759 34.3923 0.29267
299 19.1597 27.0095 -2.3028
300 26.8268 7.90997 -2.73204
301 26.0482 25.3952 -1.82568
302 15.7867 33.5878 4.23588
303 4.13637 21.5211 3.29251
304 5.02304 32.9233 -3.53187
305 1.33479 17.9948 -1.49558
306 27.2267 11.4658 -0.505907
307 8.88291 16.2295 0.823608
308 2.77307 23.637 -2.57957
309 15.3959 33.9441 1.24651
310 14.6958 24.2082 4.4883
311 25.2964 9.5248 4.10815
312 34.8522 38.7906 2.19159
313 23.2853 38.6122 -0.0302683
314 15.7331 9.08745 3.90997
315 0.802912 37.1882 1.84043
316 38.2224 33.0827 3.11207
317 20.7989 28.2857 -2.23226
318 27.7048 24.0628 0.313704
319 4.30641 3.54599 -1.23472
320 3.42508 23.1988 -1.26033
321 28.1169 3.64096 -0.231871
322 1.95131 35.4945 1.33954
323 12.7951 37.0495 -4.42973
324 27.6259 16.8106 0.251523
325 11.2316 30.6964 -0.350859
326 5.59712 16.8677 0.903156
327 16.7492 38.5411 0.641288
328 17.0867 30.0472 -0.29148
329 6.44675 24.1312 -4.13037
330 37.0662 13.579 1.32426
331 18.2848 34.6598 0.437326
332 33.7249 9.63883 -1.76503
333 29.7751 23.4038 1.31423
334 14.2808 7.11897 3.56393
335 5.19811 3.71882 2.02126
336 15.9237 35.5355 -0.303581
337 11.0566 22.9275 -1.69144
338 12.3432 24.6555 -1.42678
339 39.7016 32.9568 -2.52837
340 4.87015 22.5526 -0.825539
341 32.2748 30.0723 0.729578
342 10.4474 16.628 -1.57671
343 11.4289 19.8332 1.47668
344 12.8266 39.174 3.52188
345 30.4081 27.4928 -3.20065
346 17.3354 8.89328 -1.74383
347 1.59309 0.235771 0.196356
348 9.71475 24.1643 -3.92931
349 16.1583 26.1502 3.63469
350 3.77624 18.992 1.55025
351 6.31323 20.3362 -1.37995
352 26.6394 26.1997 -0.605003
353 25.5741 11.8416 -2.03354
354 39.8842 37.9223 1.91673
355 15.5167 25.4537 4.24646
356 34.4082 0.221235 0.144966
357 9.87417 21.9283 -3.40581
358 15.1122 11.8463 -1.03704
359 32.1637 24.96 0.89061
360 31.7951 22.0739 -2.80864
361 31.7102 30.2631 -0.421578
362 1.80439 24.1765 -0.129545
363 39.1553 9.09139 -1.32346
364 8.23663 14.8289 3.03335
365 10.8106 33.8594 -2.15551
366 16.6364 9.77811 -1.25497
367 12.8485 37.9797 -4.08385
368 26.2129 9.65274 -2.69578
369 15.1343 1.74245 -3.72515
370 18.8733 30.0645 0.321773
371 26.2559 19.1616 0.203127
372 21.1816 30.7743 -4.11301
373 15.4879 14.8727 4.1134
374 14.2082 14.0514 1.01654
375 11.4375 12.9169 -1.83443
376 38.2246 31.2866 -1.02192
377 5.5844 8.43568 2.02058
378 12.7322 6.19427 -3.36419
379 36.0583 33.2399 0.698004
380 33.5917 28.1213 -1.94866
381 14.0351 37.714 -4.3348
382 5.82618 18.4784 0.609266
383 20.873 33.3306 3.21734
384 32.2924 10.814 -0.87906
385 20.651 21.7864 0.0574913
386 27.7627 6.15372 0.00560962
387 33.8011 36.253 -4.01968
388 30.6791 29.548 1.91413
389 7.68485 6.59764 -0.726081
390 35.0171 20.9983 -1.67538
391 14.8585 14.2162 0.476844
392 22.1859 22.7183 2.66798
393 22.3487 5.40982 1.8229
394 24.7491 38.6131 1.88556
395 34.9552 13.3076 -2.30708
396 2.40314 39.4534 -0.842209
397 9.11142 5.11487 1.54503
398 35.3347 31.1696 -3.0742
399 34.4438 20.0879 -1.45835
400 7.65268 0.526973 -0.501033
401 26.6171 30.028 -3.03829
402 36.4863 8.65853 -0.0164062
403 2.01394 30.0591 3.2548
404 19.3465 27.6413 -3.59659
405 2.22022 21.957 0.213657
406 24.1515 6.30959 -0.0287909
407 36.4199 9.34445 -1.22726
408 39.0812 10.0482 -1.80854
409 20.6083 1.05085 1.55213
410 18.7335 26.584 -3.80653
411 15.4355 31.1026 2.15542
412 5.73793 39.5529 1.52469
413 9.70989 17.1468 -1.80185
414 7.43212 13.5754 2.34081
415 11.3028 28.5806 -3.90711
416 15.4682 38.133 0.557567
417 0.795743 39.5018 -0.478864
418 26.3131 23.1239 2.09188
419 23.3299 4.17087 -1.28098
420 24.1001 2.85307 4.26885
421 5.79835 18.7854 0.277902
422 8.69338 16.4257 3.10036
423 32.3182 5.94104 3.54946
424 23.5861 26.9057 2.1633
425 16.2628 3.86764 1.25263
426 9.97645 23.4298 -1.70923
427 17.0092 21.0053 -3.15957
428 5.29867 5.53891 1.11602
429 3.4178 7.72666 -2.30483
430 16.801 18.6778 1.86161
431 8.01817 6.57473 -0.858554
432 24.4242 33.939 -0.109853
433 27.091 20.7837 -1.07901
434 14.0608 25.2081 4.19859
435 31.7132 31.313 0.114958
436 1.66817 28.6009 -2.24933
437 12.6688 36.4646 -1.56493
438 2.39624 30.634 2.21811
439 32.9764 15.4545 -0.792942
440 24.3391 7.69642 1.58972
441 13.5894 0.252972 0.642117
442 3.76964 21.1437 2.6513
443 26.1384 16.3544 2.31867
444 13.2437 20.0333 2.08859
445 11.9074 19.5449 -1.90523
446 16.5672 10.4566 -3.35528
447 9.78257 5.94824 1.68632
448 32.5151 31.0959 -2.30221
449 18.0947 19.8068 2.28969
450 1.60219 17.6021 -3.74994
451 33.8841 10.3789 0.348586
452 15.367 13.3752 1.31518
453 3.59128 22.6282 -2.97089
454 34.5647 9.55421 -0.104353
455 33.9323 5.58653 -0.377405
456 9.39728 9.64218 -4.25887
457 22.4806 16.1107 -0.293183
458 32.1412 19.601 0.332887
459 14.3761 3.99453 1.63015
460 7.63077 37.2946 -2.77062
461 10.2539 0.703229 -0.865085
462 24.3466 17.6357 -1.92707
463 4.20489 33.7313 -0.764862
464 32.0811 23.9975 0.100762
465 29.5332 14.4707 -3.01364
466 35.5901 20.989 0.373674
467 13.9361 34.6313 -1.65616
468 24.2876 30.3443 -0.176212
469 16.867 35.7096 -0.521849
470 7.83217 17.4899 0.0683303
471 37.169 21.7031 -1.79524
472 14.9505 7.99099 0.810012
473 9.22456 36.7454 4.0076
474 8.2343 0.134762 0.0459059
475 32.9496 7.94638 -0.118659
476 12.4264 26.5334 4.12214
477 10.0016 37.0596 1.62234
478 26.4657 20.1083 -1.86522
479 34.7646 30.0475 0.386309
480 31.3212 19.5119 0.780985
481 25.272 38.7759 2.57834
482 7.70444 33.8956 -0.161102
483 6.04678 34.3845 -2.3897
484 15.7981 36.8187 2.89175
485 5.42657 38.6399 2.43746
486 18.5558 29.252 2.0552
487 32.2375 29.1235 -0.196767
488 34.113 8.62276 0.727241
489 21.8672 2.22755 1.25392
490 9.69458 0.8745 -0.370579
491 15.6878 11.2642 -3.42159
492 22.9254 2.87095 3.07775
493 5.10681 23.4723 -0.260048
494 8.80839 14.3866 1.53866
495 31.9667 10.9867 2.0339
496 25.4936 25.2528 -0.659948
497 3.82319 32.2494 -2.29145
498 18.4415 19.403 4.75335
499 10.4054 23.2779 -0.733658
500 3.28884 13.1071 2.37244
501 29.6335 7.44376 -0.423831
502 2.47983 4.02649 -2.88162
503 23.7436 26.3775 4.27219
504 39.9999 37.4701 2.11801
505 7.22341 7.71332 0.993538
506 26.9459 28.4234 -2.47105
507 19.9586 7.68811 1.28901
508 2.69515 30.8118 2.93166
509 15.3917 1.45419 -4.28508
510 36.2096 6.74828 -2.10707
511 25.0745 34.9199 -0.549294
512 31.0359 30.4837 0.436988
513 9.87848 25.1358 -3.90388
514 11.1589 32.03 0.378774
515 16.6448 14.3982 1.08354
516 17.9804 39.311 -4.19882
517 17.2248 16.6435 -0.944537
518 8.08381 9.54784 -2.3757
519 25.1092 23.1028 0.859805
520 38.9816 1.4057 -1.47007
521 38.3195 27.0094 2.18359
522 20.6522 20.5405 2.18295
523 10.9931 20.029 -2.86475
524 12.4507 26.0173 2.61717
525 5.87395 14.1066 -0.0748085
526 11.8544 26.1715 -4.24817
527 15.6414 5.54188 -1.86099
528 21.6293 4.64511 2.20142
529 36.67 2.5734 -1.60681
530 31.0102 10.1237 0.678026
531 28.7491 6.58849 -0.999417
532 17.925 38.3887 -0.687178
533 14.2164 29.3839 4.03984
534 11.726 22.431 -2.67321
535 38.7495 0.919991 2.39266
536 33.4297 14.4802 -1.005
537 0.0987106 27.4223 0.300104
538 4.54757 2.62669 3.23896
539 9.70974 6.35181 0.88224
540 28.7261 18.5843 -0.0850639
541 26.0864 24.2121 1.69043
542 36.3808 31.3037 0.332436
543 8.76261 16.824 -1.98583
544 37.659 38.4224 -2.84168
545 12.892 28.0641 2.36938
546 1.83973 1.59301 2.96556
547 6.27656 13.0634 2.42014
548 37.7391 33.5296 2.41368
549 37.2176 25.9028 0.801599
550 4.11562 26.7879 3.49632
551 28.7971 13.7132 -1.61093
552 2.97624 39.9254 -0.2365
553 13.7174 31.436 2.76673
554 20.0417 8.68349 0.298869
555 38.6875 11.6823 1.40679
556 33.3076 21.0672 4.51385
557 4.03275 20.5555 3.88296
558 37.6446 4.95302 1.16553
559 25.9261 29.7321 -2.19951
560 28.7146 26.155 2.78063
561 2.23653 21.8028 -2.09982
562 10.8654 25.2829 -0.403957
563 6.14719 12.3948 1.95717
564 18.2843 26.1261 -2.35413
565 2.32288 20.8796 -0.574508
566 15.4657 37.6939 2.96732
567 30.4979 12.3785 -4.41587
568 1.72559 4.80963 -1.89031
569 34.0798 27.2786 -1.14155
570 1.72249 24.681 -3.03343
571 14.7567 14.5756 0.710349
572 35.668 33.2767 2.50421
573 21.937 31.1024 -0.725423
574 6.74904 23.3477 -3.94034
575 19.1673 19.7245 -3.11253
576 0.762154 38.9421 -0.810311
577 19.0887 29.2271 -3.13699
578 12.1499 37.9465 -3.1223
579 9.26291 8.79205 -0.133481
580 11.4302 32.2526 0.728161
581 10.0539 29.9049 2.43962
582 28.3519 17.7424 -2.62928
583 20.9291 37.4168 -2.46735
584 35.7817 6.4931 -2.15419
585 39.6796 21.9745 2.21167
586 25.1078 23.289 1.92658
587 30.6939 34.9274 3.42706
588 24.0509 34.4737 -0.853845
589 26.8548 19.3891 -3.06733
590 6.29371 6.96188 3.03455
591 3.51885 26.9124 -0.874839
592 33.7592 27.5868 -0.298741
593 10.5888 21.5211 -2.87019
594 6.87213 2.32063 -2.15132
595 27.6409 22.6049 2.2527
596 0.541477 37.7479 1.5608
597 29.6119 12.6228 -1.05964
598 34.2264 13.7865 -2.85085
599 9.60395 32.2669 0.201133
600 8.29658 34.5885 2.3128
601 17.9847 34.2258 -1.30389
602 12.1439 24.025 -0.220055
603 16.7563 10.8777 -2.35178
604 28.9525 26.4581 1.57828
605 10.4221 33.5071 -2.884
606 0.278401 27.6873 -0.137046
607 39.9353 7.25677 -1.41039
608 10.8811 5.30953 3.46131
609 20.8382 39.964 1.64025
610 35.6842 21.9275 -1.11954
611 3.99657 24.0717 -0.449447
612 26.3895 9.62684 -1.21596
613 23.6272 10.403 0.0252713
614 3.21011 5.19647 0.46164
615 34.4527 10.9546 0.56143
616 32.1691 18.7527 3.10385
617 24.8647 28.4854 0.0877179
618 6.081 0.291664 0.917113
619 23.1277 33.81 -1.34532
620 39.0498 0.235397 2.61231
621 25.5493 16.9243 -1.28724
622 24.0408 2.26387 0.00610737
623 16.6793 5.87864 1.40654
624 27.9587 5.93181 -0.15774
625 20.9329 7.56698 1.41575
626 6.46616 38.9186 1.81324
627 5.63703 32.737 -1.49906
628 16.4337 0.694978 1.6175
629 24.2343 2.24682 0.872573
630 38.5549 32.6184 1.11646
631 27.8141 1.082 -4.35677
632 35.6529 32.4199 0.303902
633 2.67784 22.9598 0.109359
634 3.02584 5.57475 -3.26388
635 25.2021 26.8695 -0.884029
636 26.0862 7.72634 0.493093
637 4.22232 27.6826 2.99516
638 32.3942 27.7957 -2.93639
639 34.8671 11.75 -0.35037
640 5.27212 23.0878 -2.49287
641 27.6926 6.54225 -0.528063
642 15.8963 36.8506 2.83208
643 28.1258 23.8647 1.30982
644 12.989 4.99124 -3.23913
645 8.02756 11.1105 -1.0722
646 8.69698 8.86856 1.17759
647 8.93728 16.2194 2.33976
648 30.9506 33.071 1.62889
649 17.7954 19.5148 3.06358
650 28.0634 15.8864 -3.55262
651 24.5597 21.484 -1.41708
652 9.7235 32.7356 -2.81181
653 11.9242 0.85061 2.35786
654 20.3966 13.1568 -0.322676
655 39.9496 33.8634 -2.95905
656 5.39288 11.8374 2.75846
657 23.5182 6.72003 1.89451
658 11.2442 28.7661 -4.02035
659 39.77 39.2135 1.301
660 26.8019 11.8861 -0.48267
661 38.02 16.7297 -3.11958
662 39.0382 36.9428 0.761826
663 11.2615 20.2708 -1.79428
664 32.6445 15.6814 -2.82099
665 33.3466 35.7006 -3.8704
666 23.9347 39.5327 0.521141
667 37.3304 34.4625 -1.73924
668 12.7999 36.5095 -1.54201
669 14.8463 33.7991 3.28698
670 37.2788 33.7006 1.62619
671 32.062 2.36195 0.671195
672 17.3861 32.664 2.08262
673 36.5934 1.26737 1.22097
674 5.73994 19.4976 3.18229
675 33.4113 15.2951 -1.06007
676 32.7509 39.4435 2.35678
677 35.6586 21.4785 1.01244
678 27.0342 2.60073 0.00721218
679 24.5381 21.7484 0.436748
680 19.5843 29.6212 -1.89112
681 9.44491 1.39514 -1.8678
682 32.5538 2.49557 0.396614
683 21.729 30.0375 2.95412
684 6.02997 2.80454 -2.5298
685 26.7738 29.8957 -4.39051
686 39.6408 38.0931 0.371432
687 23.8562 12.6446 0.304965
688 23.7355 5.56602 0.661721
689 16.1774 3.95569 3.94359
690 18.6114 31.48 -2.3309
691 18.3912 33.7229 2.0563
692 30.4461 13.0217 -3.76062
693 2.21149 19.0354 0.31921
694 26.9878 23.0597 -0.323272
695 18.1233 29.2127 0.377372
696 24.453 28.0001 1.5486
697 30.1883 6.88308 1.1465
698 38.1502 16.0476 -1.09623
699 27.8387 23.2449 0.68345
700 1.75494 3.49879 2.16171
701 17.7001 2.03799 0.755739
702 36.6442 39.4219 -4.29766
703 38.6058 11.8445 2.70442
704 24.0564 35.747 1.16084
705 13.0416 34.15 -1.97807
706 39.2446 36.8163 0.942067
707 15.1678 9.64247 2.02491
708 31.5282 18.7198 1.27168
709 27.2992 9.28272 -3.31295
710 16.5454 35.8408 0.398011
711 35.1032 26.7077 3.25255
712 26.495 16.8575 0.523548
713 29.7643 22.7123 -0.103927
714 25.7224 30.1571 -3.32473
715 37.9204 1.23734 2.4236
716 19.03 30.5768 -0.120814
717 15.8679 27.5773 -0.875224
718 8.18787 32.0914 -0.332399
719 9.70223 33.364 -0.596861
720 10.503 24.4846 -1.45278
721 24.7472 37.9016 -0.773765
722 39.5196 38.6607 0.913972
723 15.0262 0.77601 2.85904
724 16.0887 37.918 2.69266
725 24.4408 36.6534 -0.710821
726 5.89372 29.5867 -0.476895
727 10.1507 29.0097 3.24056
728 35.3293 5.6607 0.46859
729 21.0674 39.1244 2.16195
730 23.429 9.57561 -1.68352
731 27.0878 19.2638 0.691516
732 28.2217 31.7951 3.90158
733 31.8557 29.9993 2.73493
734 32.144 8.04025 -1.71638
735 18.7778 29.1394 -0.188311
736 17.4425 32.8513 4.11509
737 39.0311 35.2348 1.07054
738 20.8839 5.82881 2.46197
739 12.2918 24.3058 -0.312793
740 37.4335 28.5383 2.88209
741 10.1835 33.2821 -1.6461
742 22.3584 11.0533 0.802545
743 24.8721 24.23 2.35107
744 36.4181 17.951 0.320691
745 11.6627 37.8137 -3.33866
746 11.8455 9.79954 -1.68579
747 16.7069 22.7302 -3.81372
748 18.83 30.6042 -0.324994
749 2.43065 2.97448 -0.224362
750 1.42882 39.1576 1.15079
751 10.3259 0.671232 -1.00308
752 2.21413 16.6969 1.14367
753 14.8583 22.8001 -1.71887
754 28.6481 22.9717 2.48786
755 23.4165 5.13154 -0.214579
756 2.81733 3.62223 0.124745
757 13.9393 26.1356 1.102
758 35.1088 21.9206 0.269676
759 9.50253 31.12 2.02704
760 33.1568 32.9151 -3.65246
761 13.3286 20.3455 2.1314
762 24.5466 25.6117 0.457404
763 11.0959 38.1291 -3.49535
764 25.9555 9.61415 1.65198
765 35.1849 21.5969 0.709666
766 7.24383 15.1981 3.8662
767 32.3679 10.8148 2.0136
768 6.73881 14.3772 1.73125
769 14.9675 31.8225 -1.77868
770 8.5719 24.9333 -4.48716
771 5.60014 21.2056 0.991421
772 16.2256 39.1919 0.171444
773 34.8224 28.4923 2.04336
774 38.4115 38.2619 -2.30479
775 18.0392 8.4525 -1.00286
776 6.87376 17.4689 -1.85336
777 1.77285 22.0016 -2.68866
778 35.496 22.5994 0.382035
779 13.3849 36.6709 -1.28612
780 5.99648 4.05433 -0.167464
781 37.2276 1.32373 0.397909
782 9.37025 15.4956 0.0116485
783 14.0099 8.53215 0.0602208
784 37.5622 2.564 -0.365813
785 20.7511 9.62592 1.12464
786 5.28555 19.7715 2.14233
787 31.6629 1.9744 0.482222
788 0.0570694 0.308948 1.26
789 33.9481 9.11502 -1.49079
790 11.7476 24.6076 -0.839941
791 12.8222 22.8508 -3.8676
792 10.6702 23.9752 -0.676425
793 19.7688 34.717 0.936681
794 19.7286 29.0664 -0.887365
795 3.56971 6.87857 -2.37361
796 22.5493 22.8709 1.25258
797 37.4678 33.8639 2.37757
798 25.5783 10.5591 3.17442
799 23.8518 3.86742 1.64354
800 32.8588 3.60796 -0.672567
801 19.1719 9.7157 -1.02613
802 35.4622 19.8075 0.244694
803 15.6095 3.2056 -4.75244
804 1.42453 22.2271 -3.28461
805 39.406 23.9836 2.28872
806 12.801 30.2655 4.46782
807 27.5144 14.9356 0.435352
808 21.0343 25.0476 1.36547
809 29.108 14.1871 -2.6837
810 13.8064 37.6618 -4.16331
811 2.88737 21.7667 -3.74452
812 8.84632 2.43386 1.04842
813 1.63346 10.6049 -1.24952
814 24.9017 36.3671 0.9283
815 34.5928 14.106 -1.71205
816 20.7292 38.6397 -1.2333
817 12.708 0.144754 2.1462
818 6.73378 10.7565 -2.17096
819 27.3283 5.87607 0.78069
820 4.68052 3.75074 -1.39675
821 11.8574 16.972 -1.93897
822 10.3016 5.97713 2.96021
823 23.9146 1.34703 1.80474
824 34.273 15.4824 -1.04432
825 1.27615 33.0359 -0.291973
826 6.82096 15.4287 4.25945
827 2.56896 12.608 2.11241
828 19.9961 21.532 1.39085
829 13.8829 36.4254 -1.06678
830 5.79752 19.4605 0.200448
831 11.7589 38.413 -2.9458
832 34.0934 38.0243 1.34462
833 8.88855 15.3331 -0.673926
834 19.7981 8.60417 -1.34611
835 3.70948 30.1701 -0.081357
836 18.215 32.973 0.284372
837 30.407 36.5089 3.4421
838 23.1272 4.74948 -1.16511
839 3.19875 20.6399 4.45335
840 21.4444 17.337 0.162057
841 29.1539 30.2102 1.26081
842 15.9438 30.2077 0.879325
843 13.0496 6.13392 -0.481047
844 4.7828 22.5071 -4.50984
845 3.53289 26.4236 0.744098
846 13.0257 34.608 -0.523348
847 3.09298 24.8003 0.425555
848 26.6564 27.1488 0.581435
849 20.7524 17.7787 -1.21368
850 32.7128 34.7165 1.88975
851 6.9023 1.11444 -0.838945
852 26.6342 24.9199 -2.26403
853 24.4264 26.6639 -1.04722
854 0.465679 36.6716 1.49934
855 11.1991 37.832 -1.80946
856 13.7199 39.5707 1.64375
857 11.6402 22.9099 -0.439149
858 0.851497 27.9283 2.19144
859 16.2496 39.3653 2.72722
860 38.2195 16.6109 -1.686
861 0.864891 15.3565 2.74009
862 8.03439 34.3362 -0.372179
863 7.7943 13.055 -0.132134
864 21.8516 8.8194 -1.03795
865 29.5189 36.8755 -1.5461
866 27.6507 3.80769 1.13086
867 24.9317 29.1595 3.16137
868 30.7918 27.6484 -3.36864
869 32.3907 18.2957 0.74873
870 38.6922 1.55041 3.42493
871 18.8276 23.3992 -2.52103
872 29.9715 24.066 0.727573
873 18.1996 17.5311 -0.262861
874 34.7867 16.1727 -0.0842445
875 29.5512 7.23939 -3.48117
876 8.10697 14.7134 3.1359
877 33.9279 10.5769 1.53232
878 6.62782 37.9035 2.13786
879 2.14533 31.3383 0.183588
880 36.3902 25.4125 1.94775
881 7.07658 27.2799 2.4897
882 27.9897 7.03535 -2.62369
883 30.2215 27.8205 -3.19885
884 10.9718 22.694 -1.81375
885 7.48002 12.6337 0.352818
886 18.863 20.0385 -4.19738
887 2.26027 24.1748 0.507237
888 32.1027 25.8685 -1.80669
889 0.53594 7.77919 -2.03156
890 13.7016 17.4086 -1.10536
891 19.0217 23.7022 -2.10029
892 16.7382 3.60718 1.61063
893 31.3616 29.2668 1.15745
894 34.6021 29.3767 0.0227249
895 37.9274 11.375 0.761375
896 16.8238 39.3274 0.770297
897 37.542 13.2427 1.40801
898 18.5433 19.3494 3.03601
899 11.5283 24.7008 -1.78979
900 14.3123 6.99208 2.63301
901 1.83118 35.4939 3.47914
902 38.757 33.2865 1.59048
903 8.60976 37.4454 2.11282
904 17.5917 39.6104 -0.0207386
905 29.3455 38.4536 -0.754558
906 19.0653 19.1031 -2.55128
907 12.3333 28.4713 -1.13219
908 33.2881 34.5634 2.05777
909 14.7896 1.32603 -3.15621
910 37.7368 19.8955 -1.5143
911 33.2184 30.7029 -0.175499
912 24.616 22.0914 -0.735985
913 38.3234 29.8743 -2.89339
914 0.749366 21.5739 1.21736
915 36.1312 33.8983 0.20013
916 26.7229 21.1994 0.858174
917 14.1823 22.636 -2.56726
918 35.3468 6.61095 -2.97022
919 27.2572 19.6669 -2.30462
920 3.87457 24.3308 -2.50829
921 26.207 20.89 -1.37494
922 23.7055 15.431 -3.77196
923 3.57722 23.0925 -0.718876
924 32.4166 30.531 -0.782606
925 23.8388 4.83302 1.56012
926 26.2544 2.78698 1.63196
927 4.19634 33.1708 -2.80867
928 39.7785 0.608667 1.65032
929 1.10653 32.5927 -0.217796
930 8.67176 9.14264 -1.95872
931 18.0189 14.3787 -3.47167
932 5.44061 21.49 -1.42276
933 13.0321 5.70412 -3.38868
934 31.0751 24.1906 3.71796
935 11.0457 8.40706 0.664754
936 11.3468 20.8488 -1.71628
937 16.6041 1.74252 1.37349
938 23.7095 24.4102 4.39541
939 15.8723 10.0214 2.06059
940 16.57 26.2119 3.52116
941 25.4059 17.0393 -0.768157
942 9.75284 13.1932 2.25551
943 12.6556 6.42848 -0.618804
944 3.7401 35.4355 -1.65368
945 3.39263 6.08687 -0.857964
946 18.9216 25.9368 1.81222
947 15.3201 9.11408 3.4053
948 20.9353 4.75329 2.97211
949 8.22891 13.6154 1.71826
950 39.5141 35.3757 2.32711
951 9.6219 10.4889 -3.85902
952 14.4618 25.5657 1.46967
953 33.7388 22.9054 -2.63525
954 9.23616 0.724657 2.16971
955 0.721745 2.85566 -1.57781
956 29.5154 14.3641 -1.11548
957 34.0135 20.8019 1.27942
958 3.26991 38.1126 1.30883
959 23.9267 3.23046 3.97811
960 3.90622 38.4989 -3.19187
961 2.94048 24.5271 0.879805
962 13.2419 28.0986 1.60531
963 12.4972 38.5956 -2.10569
964 2.51984 6.29439 -2.77587
965 34.3557 27.0915 1.13723
966 15.3055 18.8057 -1.2768
967 14.2037 39.9019 3.11051
968 34.2475 22.4131 1.86104
969 11.7126 4.59768 -0.279125
970 21.076 32.1508 4.1798
971 28.0735 11.1205 2.9902
972 12.3772 17.2132 0.390496
973 10.107 27.6441 -3.29162
974 26.7127 22.808 2.2653
975 9.45205 22.9525 -3.3766
976 3.41799 14.1314 1.56023
977 8.8909 36.6289 4.30683
978 14.2883 33.1427 0.00465604
979 7.77654 1.46968 0.603165
980 37.2748 14.9021 -0.812651
981 2.32295 21.9865 -3.92272
982 38.3541 8.19451 0.810555
983 31.7944 15.8448 -1.64923
984 12.0356 33.1444 0.977586
985 3.36275 22.4634 -0.456763
986 20.451 18.9892 1.22026
987 10.6625 18.2426 -1.92105
988 5.46436 25.4991 -2.83143
989 24.9063 32.506 3.70318
990 20.5534 12.8172 -0.279384
991 12.1772 24.4862 -2.51658
992 2.35235 19.0474 1.81309
993 13.3526 19.3075 4.00053
994 24.1224 24.5633 -0.510302
995 15.0247 14.0922 4.29273
996 32.8334 21.0138 4.22929
997 33.711 19.7131 2.77733
998 38.607 37.5358 -2.59567
999 34.2331 15.7331 -0.496616
