1000
Particles
0 39.3555 38.2838 0.756672
1 32.2534 20.1653 -3.78271
2 18.5246 4.42424 -0.673579
3 9.97412 35.1972 -1.04496
4 16.0885 21.1042 -0.986339
5 23.0405 7.03907 1.02694
6 30.3009 2.49818 -0.748871
7 32.9796 19.8572 -4.44757
8 5.90767 29.0359 -3.98829
9 30.4006 21.0077 -2.24819
10 26.0063 33.0449 -1.4708
11 1.87755 32.8853 -2.17379
12 33.705 28.8588 1.69164
13 1.53314 7.18295 -2.20081
14 28.437 17.1233 -3.60783
15 28.4508 30.4188 3.47302
16 25.4401 34.0759 0.913595
17 31.351 11.9062 0.477685
18 32.6537 15.8155 -2.24187
19 15.3107 20.4285 -1.74944
20 9.4301 11.179 -0.215547
21 35.9209 2.19648 0.915428
22 38.9665 18.0795 -1.45129
23 32.5077 18.9756 0.735749
24 38.0488 7.83349 2.23831
25 1.79434 33.5873 -3.82675
26 17.0201 31.1401 1.27959
27 12.8964 16.5296 1.55479
28 4.87063 31.1211 -4.5331
29 32.9006 10.2757 0.421249
30 19.1499 20.646 -1.53961
31 14.095 16.9594 -0.420976
32 18.2352 6.70819 -2.92326
33 6.16983 0.0797297 -0.208382
34 25.4322 16.5432 -1.83223
35 24.9552 0.605699 -3.95797
36 19.4701 39.8523 0.836937
37 38.7198 25.1513 0.725336
38 32.2185 38.3682 0.0243388
39 27.3577 14.8877 -2.90199
40 34.3066 35.8676 -2.51654
41 15.4082 14.0958 -3.67729
42 37.135 17.9487 3.12103
43 25.6121 37.4285 -0.0946107
44 23.1914 24.5651 -0.44577
45 2.93534 26.8868 -4.29877
46 3.31241 6.65377 -0.334119
47 37.939 3.87998 0.311004
48 4.06497 37.8911 3.75206
49 8.69076 31.2329 0.896019
50 37.7951 0.225942 -3.85492
51 16.953 0.484634 -3.39998
52 34.2519 10.3043 0.556912
53 14.5174 7.25494 1.55101
54 33.3008 27.4976 -3.48482
55 35.4594 18.3712 -0.98131
56 25.208 7.9356 1.90905
57 1.47709 29.4632 1.72485
58 38.24 23.2546 -0.108042
59 1.94223 33.9439 -4.09055
60 8.92841 25.966 -0.329807
61 17.4219 27.8455 1.31635
62 33.8554 39.7203 -1.81856
63 10.6991 15.6571 -2.17117
64 36.9889 27.8639 0.453203
65 12.8872 38.298 4.56634
66 12.185 16.497 1.45802
67 26.4187 19.9797 -0.126776
68 9.60884 5.17244 -2.35125
69 11.5225 4.35771 -3.22918
70 5.13341 33.3823 -3.20293
71 16.2714 10.0673 0.801209
72 8.84721 14.3526 2.36945
73 22.3348 25.1786 -0.260785
74 8.42485 1.50436 1.10296
75 3.88614 32.9065 4.48592
76 15.1605 7.728 4.10368
77 9.01567 26.0089 0.952175
78 37.9473 29.1997 -2.97892
79 36.7778 2.85586 4.43853
80 38.0375 4.35872 -0.599549
81 1.10138 27.1377 -2.91236
82 13.9887 11.5968 3.95188
83 17.8534 27.073 -4.4297
84 16.8465 16.4933 -1.21082
85 2.24248 20.818 0.414448
86 17.2132 6.14537 -3.44574
87 21.6037 37.0933 -0.683138
88 2.417 0.956526 1.72508
89 2.25984 1.41299 1.22563
90 35.1615 34.9425 1.24338
91 19.8665 15.9084 2.51431
92 16.6963 21.0306 0.829797
93 18.3329 8.89389 -1.79736
94 18.1041 17.5914 1.04017
95 18.9743 0.835277 -0.938361
96 12.5894 29.5164 -2.51851
97 24.1383 36.7253 -1.01046
98 1.24388 22.0039 -1.26456
99 12.2179 39.318 2.84454
100 30.2116 19.7284 -3.23024
101 18.3418 26.7935 -1.59119
102 20.5898 31.1505 -1.12153
103 11.1586 2.1066 -0.738059
104 24.5769 6.43816 -0.342528
105 20.2518 29.2394 -0.772742
106 31.9586 12.2925 -2.32835
107 17.6654 22.3677 4.87044
108 23.5276 10.4973 -4.64216
109 1.21342 36.4857 0.627643
110 13.7199 1.89947 0.466072
111 1.1025 29.633 1.05561
112 31.012 36.77 -2.80279
113 37.7442 21.2734 1.95401
114 1.41685 25.7979 -3.43729
115 31.0371 22.7405 0.543577
116 23.564 28.606 -2.07256
117 24.6577 30.5508 -1.91383
118 21.4714 2.14274 -2.77625
119 33.5849 18.9614 -1.88469
120 29.9575 28.5185 0.218313
121 25.6758 15.6773 0.40324
122 37.4959 17.6435 2.4774
123 7.00102 25.9129 1.39961
124 15.3438 38.049 -1.03631
125 27.8347 0.603022 0.143627
126 28.098 21.2464 0.0805556
127 38.0336 4.54685 3.13059
128 36.6243 9.6105 -0.901647
129 1.25724 11.6755 -3.96694
130 36.7192 5.14401 2.59512
131 33.8098 25.7284 -0.787323
132 22.1373 0.681059 1.48927
133 32.2175 31.0692 1.67521
134 4.64636 29.9953 0.152298
135 14.4451 6.48669 2.24953
136 27.2536 7.73325 3.25442
137 30.2003 33.6521 3.93284
138 11.129 22.9983 0.680312
139 15.929 0.352205 3.28891
140 23.8935 35.3324 -1.08825
141 33.8839 30.0073 -3.82364
142 25.551 2.81013 -4.63798
143 17.4716 26.916 -3.96166
144 3.14614 24.4318 -1.41206
145 29.2406 20.5763 -2.47313
146 32.023 8.86395 1.14953
147 37.6381 0.770255 0.830204
148 37.3708 12.5587 -1.35914
149 16.4884 26.623 1.54932
150 18.7537 13.8725 -0.48371
151 36.4366 36.9953 2.20339
152 19.1649 10.1124 1.42804
153 20.3729 3.12088 -2.71233
154 27.7994 37.3988 1.50823
155 32.6087 27.2662 -1.12408
156 35.4989 27.7159 2.51671
157 13.5072 13.7599 1.66464
158 17.3797 31.3777 -0.832418
159 17.0211 27.2402 4.04886
160 3.37156 14.0572 -0.51861
161 13.5238 22.3613 2.36855
162 26.8535 31.9442 -0.0805611
163 7.01149 5.62264 -0.910763
164 15.0276 4.06317 -0.264165
165 24.9077 8.63688 -0.803413
166 35.7606 8.12084 1.27212
167 10.8095 38.6293 -3.44633
168 39.3982 20.8803 -3.33672
169 1.22268 30.5805 2.1483
170 1.15719 37.035 -0.143981
171 23.1781 38.5904 0.495584
172 38.9517 19.4704 -0.0322158
173 25.1601 36.6349 -0.720094
174 18.1262 35.7584 1.85948
175 0.0850804 8.41259 -2.67582
176 17.5706 20.6321 1.07732
177 14.2745 7.26369 1.92536
178 24.4146 17.1816 -0.656576
179 27.9592 10.9863 -4.91126
180 17.5142 11.5911 3.96479
181 38.1329 30.5536 -0.881369
182 20.7863 12.5985 -1.09408
183 5.90508 22.8257 -1.38854
184 30.5944 38.877 1.75355
185 12.8487 10.9332 -2.19809
186 23.5119 2.88112 -3.48518
187 7.8814 38.5413 1.73261
188 20.0707 17.8167 -1.09159
189 10.9857 26.7693 1.36975
190 24.6246 19.823 4.06165
191 13.1325 32.246 -3.79029
192 37.495 4.06167 -0.374357
193 30.9384 18.3425 -0.0523915
194 16.8124 28.6647 3.8246
195 11.4281 19.508 -2.07625
196 26.5022 37.7547 0.963559
197 19.6285 35.9017 1.42605
198 29.9302 18.4393 -1.2444
199 10.4673 12.3524 -2.43544
200 32.779 37.517 -2.322
201 34.7627 18.7577 -3.21017
202 17.5615 18.7823 -3.84091
203 25.1415 16.8072 -1.77701
204 30.7013 32.3471 -1.35366
205 36.0921 32.8072 -2.41679
206 15.0835 4.71247 0.0688573
207 38.6653 32.088 1.7432
208 33.9337 23.9362 1.25593
209 5.89967 30.7003 3.42565
210 6.74201 25.5857 1.00925
211 39.1661 21.6506 3.6412
212 36.3763 34.1563 0.588688
213 0.332554 8.20518 -3.12195
214 32.0631 20.9408 -4.7111
215 33.0301 24.7691 3.38225
216 28.4585 21.3986 1.80399
217 8.08197 10.0472 -0.274906
218 13.6882 17.0213 0.709918
219 22.2442 2.84688 -2.55929
220 11.667 6.92936 4.35264
221 21.8788 10.2105 -0.415812
222 39.4753 29.7813 0.363891
223 19.3475 29.9759 -2.18584
224 2.15403 27.0064 -4.08124
225 31.8814 9.82893 -0.0181646
226 0.101634 22.8107 4.1869
227 4.79341 6.84635 0.241014
228 21.3612 7.62177 -0.252911
229 36.302 20.2334 2.77855
230 31.7954 8.07521 0.482201
231 17.2559 23.1573 -3.63
232 33.9505 8.30306 -1.69148
233 37.0875 13.3622 -4.45782
234 8.69422 35.6392 -1.40196
235 38.6476 8.30833 -1.70832
236 9.19444 37.1031 1.27597
237 12.4385 28.744 -3.62692
238 11.6395 11.2585 -1.64002
239 34.2477 11.9855 1.26046
240 23.488 19.4613 -1.88166
241 14.6095 30.6293 4.10817
242 38.7735 6.45247 -3.29011
243 23.4172 0.653031 4.00693
244 37.3078 17.5668 3.00366
245 22.626 1.00205 2.058
246 31.6301 8.20032 2.07849
247 5.83353 1.28147 -0.814943
248 5.82658 25.034 3.03611
249 17.9361 33.4841 3.87711
250 13.4821 2.2208 1.61783
251 39.7831 7.56237 -1.6307
252 33.6925 16.6487 -0.434079
253 31.7447 14.2642 2.46438
254 37.5045 0.917069 -0.758028
255 25.5861 27.3912 2.76614
256 2.10274 5.20861 3.6016
257 29.6176 19.9822 -3.59213
258 32.3191 36.6725 -0.615469
259 34.272 16.5979 -1.96265
260 5.64213 10.4497 -3.60691
261 24.7441 23.4248 -2.34471
262 28.1511 33.3044 0.0901348
263 36.882 2.69073 1.93324
264 4.45372 26.3647 0.245101
265 2.78083 21.9536 0.285836
266 37.7214 13.8746 2.6895
267 0.601641 26.9312 -2.31161
268 3.51998 25.0019 0.169636
269 24.6975 37.4305 1.26289
270 4.67933 9.23507 2.91179
271 31.0007 9.36815 0.245778
272 23.0246 19.0156 -2.26826
273 26.194 33.9198 3.54307
274 9.43813 7.13259 1.89672
275 6.26245 24.7979 3.32117
276 27.5111 18.7345 -0.246768
277 9.70701 22.2742 -0.0955149
278 4.47919 9.57754 3.43365
279 5.79194 25.3037 2.01874
280 3.72172 24.2912 0.879019
281 22.7726 16.0714 0.692779
282 15.8275 19.8432 1.62401
283 21.2051 34.0044 2.87619
284 25.8426 20.1153 4.7954
285 1.45712 36.9581 0.768201
286 36.5952 4.33297 2.64632
287 9.35852 18.4625 1.64262
288 2.15971 0.573728 1.50726
289 11.6894 32.0039 0.601748
290 35.777 25.2487 2.99417
291 13.6149 10.2105 -0.300235
292 39.7373 20.0774 -1.46173
293 3.44436 3.86421 1.3526
294 31.9637 28.5002 1.28704
295 18.1135 8.95733 0.987629
296 26.1289 29.0491 1.8895
297 1.4086 27.5368 -1.55342
298 25.0647 36.8025 -1.51768
299 19.0889 28.8062 -0.948803
300 25.2382 7.19437 0.291569
301 32.4715 22.8443 0.854243
302 19.7049 36.7045 1.28585
303 9.36882 26.3687 1.15438
304 9.0968 24.1528 1.35462
305 5.08117 22.9709 -0.281628
306 29.6393 14.0371 -2.45189
307 11.3327 14.5968 -1.29306
308 5.64008 17.7655 0.307575
309 11.5921 34.8068 -2.66585
310 15.3902 21.0894 -2.60135
311 22.1863 5.49763 4.09027
312 36.3494 38.0834 2.60954
313 30.8556 1.12514 4.30831
314 17.2458 3.31892 -1.00587
315 39.0569 31.3573 3.46435
316 0.626462 36.2081 -1.38043
317 29.7171 30.3066 4.50451
318 23.2868 22.2782 1.79671
319 4.47085 37.4387 2.7606
320 3.74607 22.3861 0.604707
321 30.1923 4.24031 0.248225
322 4.89379 33.2862 -2.57984
323 18.9459 32.7651 -0.028332
324 27.4576 15.9624 -0.638221
325 8.61754 27.1876 1.85671
326 2.77206 12.9244 -0.933375
327 20.7203 35.498 1.33898
328 16.9486 27.6222 4.24734
329 6.41017 20.9698 0.538044
330 3.28675 13.5311 0.201113
331 11.7489 38.3342 -3.31108
332 32.6312 13.937 4.64312
333 24.2278 17.379 -1.74201
334 15.9605 8.05168 4.1137
335 8.37011 0.902437 0.524408
336 18.052 35.2859 1.10513
337 8.64098 14.3529 3.17828
338 14.585 27.9977 3.44858
339 1.18301 31.3766 -4.18057
340 3.26101 25.4986 0.801759
341 32.3425 29.9941 -1.45528
342 10.4023 13.8942 -3.63045
343 11.119 14.1479 -1.19882
344 13.2012 39.5768 -1.97275
345 33.673 28.0263 -1.75149
346 19.4687 8.60254 0.659912
347 5.49395 38.9523 1.2546
348 8.62962 19.2109 1.69387
349 16.1744 17.4175 -1.94713
350 6.89691 16.4544 2.01712
351 11.2434 21.7173 0.620504
352 27.0143 24.7324 -3.88094
353 28.2487 6.20438 2.31205
354 34.61 38.1617 -0.83554
355 18.8787 17.8338 -1.22695
356 28.0028 30.6009 4.23284
357 11.7864 26.3321 -2.49541
358 10.8593 15.3512 3.32823
359 33.4744 26.431 0.485049
360 28.8368 24.6794 1.31772
361 29.8833 31.9055 -0.983188
362 0.320439 23.9381 -2.7819
363 38.3844 13.2442 2.60009
364 5.2307 14.3597 2.14339
365 9.90536 39.2685 -1.85472
366 15.4854 4.91738 -0.111128
367 11.2204 1.36155 0.0526918
368 23.5619 3.6588 4.72041
369 17.7382 34.8872 2.11871
370 19.8257 26.6239 -0.0853586
371 22.7533 18.7522 3.54707
372 24.8066 23.9757 -2.04349
373 15.5756 11.9611 3.65832
374 13.0343 18.8137 1.43995
375 14.7419 11.7358 3.21691
376 1.21295 27.7252 -0.402923
377 1.73201 5.32252 0.853968
378 11.4248 3.73319 -3.44904
379 32.066 27.0078 -2.76981
380 34.933 30.0719 -1.9692
381 12.1634 37.345 -2.54413
382 4.27068 20.7969 -0.731534
383 19.0103 34.5489 0.446257
384 28.6294 5.81483 -0.28571
385 15.8445 13.1947 2.43348
386 22.5798 7.49557 0.836729
387 5.31945 5.35105 1.77973
388 32.1029 22.1876 2.66384
389 2.88867 3.51194 -0.77483
390 34.0429 25.4104 -1.74832
391 14.5072 12.2926 3.79213
392 20.4868 29.0906 2.38136
393 18.6123 5.20485 -1.33484
394 25.7279 36.8081 -1.86461
395 35.2364 16.1006 0.185127
396 0.805948 6.07793 1.93063
397 2.05829 0.776674 0.735025
398 1.9231 31.1456 -4.46159
399 35.5577 20.7779 0.0207725
400 1.99696 0.60757 1.78123
401 24.3595 35.8726 -1.62001
402 36.8845 8.91757 0.0219348
403 0.550595 26.7792 -4.19163
404 24.3448 28.8264 0.438057
405 2.78494 23.683 -3.11197
406 22.5013 2.84119 -1.00366
407 38.036 1.9232 0.449338
408 8.81564 12.5773 0.105326
409 12.9755 6.86273 2.12348
410 23.1878 24.1341 -1.1101
411 18.0408 22.2522 1.28775
412 39.0099 4.02219 -1.01707
413 15.8769 12.6465 2.72226
414 2.78441 16.2825 -1.6762
415 15.3634 28.6687 2.9582
416 22.0908 33.8806 1.21103
417 2.07571 4.34608 1.32961
418 27.582 23.4701 -4.31659
419 22.7566 8.8066 -0.655314
420 21.0895 39.8544 1.15991
421 6.53639 18.0881 0.772436
422 9.14938 9.6979 -3.09073
423 28.813 7.07878 2.32907
424 26.2911 21.2734 -0.346846
425 21.1066 3.09101 -0.51513
426 13.2275 20.8646 -2.9332
427 17.0738 17.3859 -1.49298
428 2.24798 7.91109 -1.8655
429 3.56469 9.18806 -1.09881
430 21.2185 16.7644 0.485116
431 8.10559 8.808 -2.7035
432 20.9518 31.4407 -0.812734
433 28.2689 25.744 3.80946
434 3.12707 24.4489 -0.144889
435 26.0861 36.6031 -1.91141
436 1.0496 26.9221 -0.299711
437 10.9737 36.9077 -1.52676
438 6.14492 22.1906 0.0316792
439 31.8889 22.2497 3.5754
440 26.8529 5.88012 0.987188
441 11.9628 2.55354 0.943851
442 15.9744 28.2376 -4.55158
443 21.4632 16.808 -0.424457
444 10.6405 16.4644 -1.13015
445 9.27136 22.9491 -1.45679
446 20.4881 6.12376 0.120166
447 1.91292 7.00216 -0.767435
448 32.8529 29.9963 1.25769
449 17.6434 17.9581 -4.2371
450 10.6017 19.6731 -0.155954
451 35.6885 9.74326 -0.971867
452 16.287 11.9195 1.29148
453 4.95831 28.9689 -1.64321
454 37.1755 5.88574 0.70649
455 30.1923 6.38263 -2.73632
456 8.85439 4.78631 -3.48844
457 24.3053 19.5519 3.16863
458 34.8412 19.8527 0.485516
459 10.2006 5.70061 -1.28977
460 7.22196 3.96246 0.645868
461 10.5414 0.790788 1.7158
462 24.8338 18.0117 -1.57874
463 3.87791 32.298 -2.35882
464 31.1794 18.9452 -0.919112
465 30.5204 20.3751 -3.35503
466 32.8399 20.9168 -4.32143
467 6.55808 36.6931 1.42632
468 29.741 34.3545 0.825149
469 17.5674 31.4116 1.18604
470 10.8129 15.6642 0.889497
471 34.313 17.3179 -1.02681
472 12.1253 13.0638 -0.853418
473 13.2561 0.730612 -0.466031
474 5.63982 36.4835 -0.0211726
475 30.1493 6.84145 -0.693375
476 20.0887 30.401 -2.78804
477 15.0226 32.979 -3.66403
478 32.7212 19.8123 -2.39984
479 0.259495 27.9707 -0.807463
480 33.7059 18.7966 1.84633
481 26.1763 0.446667 -1.34534
482 6.24562 32.0214 -3.86572
483 12.9232 33.2857 -1.1222
484 10.0257 38.1143 -1.38683
485 6.15119 38.3063 -0.0972167
486 16.7521 29.4738 2.64644
487 29.2872 30.2328 3.14746
488 35.8482 5.99217 -0.0398072
489 18.5115 3.03949 -3.50724
490 5.64212 1.07067 0.0329774
491 15.1546 9.74925 0.50014
492 21.3464 2.22498 -1.86048
493 3.32357 26.2339 -1.06903
494 8.76078 21.1285 -2.21854
495 32.2463 14.9781 0.827356
496 31.1397 20.3642 -1.6144
497 1.17105 27.6763 -1.0006
498 16.0822 18.5024 -2.76693
499 11.1083 18.6628 0.487051
500 7.07659 15.8981 2.88897
501 26.3417 13.9957 1.86625
502 38.6808 6.82485 -3.89723
503 16.6526 29.0367 1.99058
504 35.696 32.866 -2.34825
505 7.49131 1.80987 1.58937
506 31.2367 26.0953 -0.641465
507 20.5905 12.9432 -1.13824
508 0.75655 26.493 -1.42216
509 24.5074 0.936565 -3.37808
510 34.7082 1.06236 0.235186
511 24.3322 30.6643 0.587639
512 37.1419 31.7 3.62361
513 17.8138 34.2489 1.96049
514 15.1376 25.5017 -0.222255
515 15.3068 15.8814 0.641284
516 22.9185 0.1092 3.90238
517 17.1761 12.3363 0.474371
518 15.7266 11.8364 3.89361
519 16.9178 16.5269 -0.234222
520 36.9957 9.53612 0.0115502
521 35.2281 27.9837 2.59054
522 23.3677 19.0088 2.16508
523 12.8753 19.4439 -1.73352
524 3.40808 24.7862 0.28352
525 6.30982 13.9719 0.354814
526 3.03686 21.936 0.859515
527 14.9845 4.4506 -1.55585
528 21.5062 3.50994 -2.90576
529 29.2798 6.30599 0.930522
530 35.1681 9.58787 -0.332637
531 27.2024 10.5056 -4.65534
532 21.055 36.4142 -3.53865
533 23.6476 28.4646 -1.02393
534 11.9007 28.5233 -2.73963
535 4.34076 4.19738 4.53879
536 32.677 18.753 2.0306
537 39.9863 19.9864 -1.01693
538 1.61461 0.264023 2.26394
539 1.36241 5.66849 2.93741
540 29.8412 27.0973 4.39056
541 27.2041 19.9173 0.286871
542 39.9264 30.1874 1.91583
543 8.68072 13.0665 -1.23435
544 5.88928 3.13884 -2.54405
545 17.4673 23.0993 -1.20208
546 2.1935 33.1711 -1.90198
547 8.45232 17.4606 -1.46901
548 39.5286 32.4168 1.73248
549 3.10937 23.5741 -1.56464
550 6.54229 32.736 -0.833128
551 21.4546 18.4239 -3.58956
552 39.7521 7.47256 -1.60738
553 16.6884 24.144 -2.23638
554 17.0749 6.17431 -1.76723
555 38.1196 14.4125 -0.948271
556 31.3843 20.5724 3.00547
557 9.71766 22.985 -4.19625
558 35.9753 1.53689 -2.18447
559 27.2478 32.164 0.855016
560 29.2939 25.0453 1.47202
561 10.069 21.4152 -0.114716
562 6.56066 27.0307 3.27168
563 4.12291 17.1549 -1.66878
564 14.8824 22.5508 0.978848
565 0.594848 18.2855 3.20321
566 18.3346 30.8703 1.1925
567 32.6702 14.44 3.41168
568 0.938102 8.47079 1.50901
569 2.55508 20.6804 0.874177
570 6.08322 27.9467 2.57997
571 17.1679 12.4341 3.51106
572 38.3327 32.6161 2.33391
573 23.5069 37.543 -1.42915
574 10.674 22.4037 1.36654
575 17.6574 20.9413 3.20456
576 39.2957 3.30152 -0.624264
577 21.7738 30.7827 2.54811
578 5.32028 37.5213 -1.35957
579 7.70916 9.55181 -3.29154
580 8.4036 29.5875 -2.50348
581 4.43797 30.8705 -1.85693
582 28.1059 28.1082 1.28948
583 23.8257 2.83062 2.0284
584 37.7659 12.0519 2.57798
585 6.43253 22.5964 -1.07122
586 23.2745 19.9894 -2.99191
587 31.2441 32.7594 -1.37952
588 20.1344 31.6471 -2.06968
589 28.6348 20.401 -0.401323
590 4.35235 3.93562 3.99321
591 2.64184 21.8508 3.36339
592 33.2535 26.7048 0.137686
593 17.7576 22.9222 3.18667
594 6.16478 3.35257 -4.27937
595 24.165 18.6787 -4.37175
596 39.0708 34.3128 -0.721436
597 28.7289 9.89238 3.79414
598 35.0291 13.1455 2.12962
599 12.33 34.4265 -1.40721
600 6.73122 38.1353 -3.67354
601 19.3685 35.1477 2.22651
602 8.23285 18.9822 1.59356
603 17.3244 18.9252 -3.99836
604 31.9799 21.1013 1.38755
605 9.39348 35.4306 -2.33045
606 0.160421 29.3302 2.25571
607 1.89128 8.33902 -2.68921
608 4.10602 4.20365 2.34445
609 25.7132 39.1802 3.49395
610 32.8506 23.4773 3.33504
611 1.59371 24.5837 -2.1487
612 21.2546 9.54607 -1.60822
613 22.1688 12.0694 1.67281
614 39.3376 8.00801 -0.624085
615 33.7038 10.6841 3.64369
616 32.9801 13.988 1.83006
617 25.0327 31.9878 2.3497
618 2.54628 0.738614 0.540639
619 27.391 33.3371 -0.634954
620 33.5402 35.6313 -2.11345
621 24.7385 17.4084 -3.44829
622 12.3632 2.50183 0.590001
623 17.8598 11.3558 2.36008
624 32.5604 5.48606 -0.320742
625 18.4437 8.28124 -1.6724
626 6.24501 37.2208 -1.78374
627 4.72543 31.9269 -0.283365
628 20.2432 10.9219 4.3159
629 28.2783 2.5328 -2.21223
630 34.4212 30.4233 -3.05908
631 27.0493 36.7274 -3.05177
632 30.4198 30.4958 1.45518
633 36.3046 21.3033 3.78124
634 38.1848 4.79582 2.09428
635 24.4726 28.3255 2.29145
636 20.1397 4.96659 -0.244224
637 1.27345 24.3621 -3.46846
638 34.7227 24.8616 -1.8651
639 32.3585 7.89038 1.10825
640 6.89141 18.6081 1.73905
641 23.2938 6.70321 -2.06434
642 19.321 37.5448 1.90062
643 27.1204 27.998 0.466429
644 11.4755 4.80804 -4.16701
645 3.29673 12.5617 1.96649
646 8.89708 8.51 -1.84838
647 12.1167 16.7247 2.95306
648 32.866 34.8365 2.60097
649 21.2106 22.9705 1.72403
650 30.1681 13.5106 -2.12306
651 24.4524 19.4947 1.07127
652 4.64737 0.424646 -3.00543
653 11.0797 2.86516 1.40873
654 20.2852 13.9183 -4.11619
655 32.1373 34.7356 -1.39328
656 11.2943 12.8427 -0.0246198
657 22.6724 8.41275 -0.948153
658 10.0414 26.7576 1.40398
659 32.3513 37.9446 -2.54348
660 24.4129 15.1959 1.17635
661 35.235 19.6911 -2.83348
662 31.1643 31.1464 -0.48554
663 17.12 22.2276 4.30884
664 27.57 13.7231 -2.65594
665 33.9464 39.6184 -1.78016
666 26.295 38.2155 2.02831
667 1.54556 32.9884 -4.49695
668 10.1907 34.5075 -0.111475
669 13.7484 25.6234 -2.51349
670 37.787 28.8548 -1.00478
671 25.7565 39.7516 -2.34651
672 13.2223 32.7236 -2.4197
673 34.9766 5.57108 3.64904
674 13.5089 19.5606 -2.83675
675 28.6199 15.8626 -2.48726
676 28.5793 37.9365 1.04188
677 30.0213 18.3632 -2.70936
678 30.6315 38.205 1.9251
679 19.8118 22.015 3.80411
680 16.4299 28.4972 2.46623
681 12.9904 39.1493 1.06164
682 31.1688 36.3916 -0.200306
683 29.8293 23.7236 0.442192
684 12.44 38.3113 4.61686
685 25.6223 27.803 0.161807
686 39.2283 3.15823 -0.457974
687 22.1536 9.81033 -1.67488
688 31.7531 5.16277 0.534992
689 13.254 38.8744 2.67208
690 20.1808 29.5517 -0.683464
691 16.5937 31.3212 -1.26654
692 25.3075 14.9169 4.03138
693 37.5042 17.3148 1.85831
694 29.1262 31.9289 0.337022
695 17.0104 29.3847 0.706499
696 33.9776 28.4527 3.16648
697 29.7846 6.54026 -2.16083
698 33.7989 15.1939 1.00842
699 23.1978 20.5766 -1.4677
700 3.51145 3.14551 0.980781
701 27.8199 2.25464 -1.2662
702 38.3108 4.34481 2.09156
703 34.7371 16.3328 1.1386
704 28.7026 29.765 0.187597
705 1.8058 33.4617 -1.63951
706 33.3948 35.0636 2.93527
707 10.3787 8.61273 1.20675
708 28.1139 16.1856 -0.735927
709 23.7823 8.75862 1.47335
710 18.0696 29.1293 -1.91316
711 33.5404 28.6409 -4.42975
712 26.7928 14.1004 -2.75101
713 34.841 10.8706 -3.79635
714 28.1799 29.9446 2.06543
715 39.5197 6.52403 -1.53488
716 20.489 35.5947 -3.08626
717 17.7543 28.9283 1.36308
718 13.2446 30.8067 -1.35612
719 9.9145 36.1903 0.272015
720 15.3537 27.1705 -3.1875
721 28.5255 35.1622 -0.898043
722 38.962 3.10758 -0.347788
723 19.4586 0.274891 1.12986
724 13.4136 2.1976 0.182759
725 28.2562 5.19479 2.89532
726 5.24725 29.6581 0.711762
727 4.25016 27.8151 1.76773
728 3.68196 9.49853 -3.74938
729 20.4392 36.0487 -2.77395
730 18.3428 7.37016 -0.00350608
731 32.674 19.9019 -2.27238
732 26.4525 33.7684 1.12065
733 32.8948 22.9737 0.923578
734 22.2417 9.43667 -2.00155
735 18.7828 19.9783 -1.12281
736 21.1165 31.663 -2.71382
737 32.7782 30.1196 -0.744696
738 16.6043 9.4904 -0.553811
739 11.8004 29.7811 -3.3687
740 1.5536 17.9183 1.56427
741 9.22738 32.6886 -0.362948
742 22.7784 13.4324 -1.52971
743 22.4798 24.3764 -0.961538
744 34.2613 22.6228 -1.37514
745 18.3213 32.5792 2.22431
746 15.2453 11.067 0.935951
747 16.9648 26.8396 2.54127
748 13.7609 26.2674 -3.96324
749 3.75418 4.74075 1.75748
750 5.6873 31.4774 2.93254
751 10.7484 39.4334 -0.398542
752 35.1197 15.2348 0.33805
753 8.74205 22.2302 -1.14888
754 28.9083 22.6948 -0.580265
755 23.32 8.13083 -0.206512
756 39.367 7.10674 -3.20631
757 14.7012 22.0356 1.25461
758 33.869 21.0498 -2.48821
759 9.92544 29.3958 0.993768
760 34.5816 0.122567 -0.709264
761 12.3716 17.2597 0.288489
762 23.5107 24.5264 -1.81095
763 15.3744 0.829713 -0.152168
764 26.8698 3.18229 -2.11561
765 28.5202 29.2633 -0.0854681
766 9.63429 16.3767 -2.25691
767 32.5872 14.2162 0.97699
768 9.25464 17.9346 1.29486
769 18.8363 27.5486 -0.533072
770 9.94696 24.9022 -4.66706
771 4.90499 22.0676 -1.28818
772 17.0844 34.8122 0.782168
773 37.8631 32.1194 1.06143
774 36.283 38.4979 1.6026
775 15.2627 11.234 0.917835
776 13.399 19.6923 0.49448
777 5.67084 20.9089 -0.056706
778 30.8743 26.2808 -3.06622
779 18.5007 0.660583 3.0344
780 3.30326 2.88445 1.98586
781 30.7602 4.98992 -0.964996
782 9.9194 7.83875 0.135055
783 15.0876 6.43768 1.32023
784 29.4646 2.30508 -0.553055
785 25.5952 17.8329 -1.67482
786 6.47262 25.4654 1.35846
787 32.6947 37.7751 -0.761812
788 2.04052 34.0811 -2.7193
789 38.4796 13.5515 -0.38361
790 10.3923 29.3759 1.96933
791 14.597 17.5819 -0.712604
792 11.183 28.6692 0.436456
793 26.4091 2.8488 -0.417164
794 22.5659 24.2972 -1.29012
795 7.70276 9.87951 -0.929134
796 17.7001 26.368 -0.66283
797 2.03262 30.1417 -1.50973
798 29.3298 7.59247 1.70368
799 23.7006 1.69308 2.63055
800 27.957 10.0882 1.73578
801 22.6711 15.3211 0.865156
802 34.7288 17.9225 -2.40229
803 9.2775 1.6771 -3.93445
804 5.69652 16.6465 -1.29215
805 5.94204 24.2277 -4.36703
806 15.3698 25.4193 -0.432421
807 23.4522 8.7759 -0.976382
808 23.1593 20.18 -4.16822
809 22.094 10.3897 -1.72949
810 15.2911 38.2246 -0.844728
811 12.7128 26.5954 -2.7162
812 8.69069 39.6786 -0.624173
813 4.66494 6.47564 0.676126
814 24.8927 0.148571 -2.25496
815 34.6341 21.4611 0.254051
816 19.1243 36.7793 2.75762
817 18.2808 36.6729 -0.0869263
818 5.74677 15.61 -1.24961
819 23.9659 3.50417 -0.89688
820 36.6559 0.938498 0.668515
821 15.9238 9.39209 2.71298
822 9.63349 4.76061 -1.84861
823 28.4159 0.798514 1.77148
824 35.353 19.0569 -2.33136
825 36.5244 28.6768 -0.48563
826 4.78902 16.756 -1.55439
827 0.532362 14.8267 1.18688
828 19.6593 15.8341 1.4366
829 17.6161 31.3892 0.0395232
830 14.1782 25.2356 -2.318
831 10.0545 38.1728 -1.04873
832 29.0099 31.091 2.21972
833 14.1414 12.2947 3.5425
834 18.4345 8.01425 -0.0649855
835 2.95904 26.7887 -0.765606
836 21.8373 27.7578 0.450724
837 33.481 29.1444 1.84373
838 22.5638 4.12772 1.61391
839 3.1295 22.8937 0.253947
840 24.8622 9.5058 0.403034
841 30.9962 35.8653 -2.7144
842 19.8976 30.5747 -3.03666
843 10.3154 1.95029 -0.380323
844 6.43288 25.0786 1.28118
845 1.70171 26.1631 -3.37476
846 16.0847 33.3266 2.16435
847 3.4817 21.9419 3.0906
848 23.261 19.7262 -4.10081
849 15.1709 12.7835 -1.68078
850 3.51546 32.241 -2.76388
851 2.69364 37.0248 -2.78314
852 26.2751 30.4291 0.0174453
853 26.7448 24.4434 -3.21612
854 0.84648 30.3215 4.73352
855 18.1389 1.65045 -0.876071
856 17.6021 35.6896 0.111558
857 11.2543 17.407 2.29152
858 2.86387 24.4957 -1.42989
859 14.385 38.1853 -3.54852
860 37.5857 20.7033 0.977515
861 5.03519 17.8477 0.151456
862 0.099913 34.5377 -0.705157
863 13.3254 12.2811 2.09287
864 23.3852 9.57339 2.21203
865 30.6748 29.9683 -1.52196
866 24.0263 1.11169 3.50805
867 23.258 36.3717 0.393657
868 31.2889 26.1192 -2.42881
869 39.6296 14.8766 2.29022
870 3.19369 5.81775 1.31627
871 17.9184 23.145 -1.6152
872 27.3295 24.6731 -3.26142
873 18.0737 19.6163 -3.66785
874 36.0465 15.3875 0.486694
875 36.5905 13.0737 -1.15501
876 1.2442 12.0392 -3.44905
877 39.6549 1.56308 1.01988
878 4.36877 0.653424 -2.00994
879 5.34401 31.6935 4.04043
880 1.62753 19.8706 -1.96721
881 3.59883 24.0111 -0.016884
882 23.5245 3.60552 -2.56435
883 36.6464 25.2271 2.58344
884 9.85327 18.9969 0.632902
885 12.8774 11.1834 0.0591043
886 16.2604 23.2466 -3.38278
887 1.0816 23.9771 -0.38318
888 0.478385 27.4354 -2.18313
889 5.71529 11.3555 -4.01972
890 18.0634 15.1201 -2.66317
891 19.9385 19.5116 3.46988
892 21.278 4.35199 -1.64482
893 32.7176 28.6902 -0.526334
894 32.6075 31.1607 -2.58214
895 34.2159 16.2947 -0.982849
896 19.3709 3.53793 3.97946
897 39.274 11.9268 4.26111
898 19.4905 18.5047 -4.06565
899 7.16564 25.3343 1.51303
900 13.4098 7.76189 1.09367
901 1.14964 38.2155 -3.95979
902 38.965 31.233 3.58879
903 8.46247 35.6639 -2.85677
904 20.187 2.42853 2.29375
905 24.1713 31.1202 -1.30906
906 23.3846 23.7098 0.394187
907 16.9645 30.6171 -1.4759
908 32.9724 31.2726 0.41944
909 18.1117 6.77009 -1.63099
910 31.9694 20.1513 -4.04265
911 30.8548 27.255 -3.57832
912 27.0694 22.9366 -3.41158
913 39.8012 26.5484 -0.882494
914 2.1085 26.4812 -2.56462
915 35.7071 35.4443 -0.158822
916 24.7354 18.201 -2.71938
917 7.16051 27.1494 1.44341
918 3.56216 3.77667 0.411102
919 31.2735 15.4234 -1.77193
920 10.2755 20.5572 -1.42019
921 32.8518 20.2099 -1.31401
922 21.6105 13.8573 -1.2854
923 14.2598 30.1074 1.226
924 29.5184 34.0157 3.68349
925 19.8006 35.4599 1.75516
926 26.8283 34.8245 -3.82596
927 4.35264 30.8857 -1.01431
928 34.748 2.11098 -1.88694
929 37.2814 30.4469 -0.546754
930 12.4873 7.13731 2.29497
931 16.0523 20.1656 -3.0754
932 5.06733 23.5475 -3.83053
933 11.8008 6.14989 4.61937
934 29.8855 28.0761 2.24188
935 5.1604 5.80386 1.23023
936 16.3875 22.9789 -3.09615
937 12.7077 39.8434 -2.91316
938 23.9673 21.8538 -0.808939
939 22.1254 5.75841 3.73244
940 18.5762 18.3085 -3.49631
941 18.5333 18.9218 -0.273848
942 8.30151 13.9539 2.38165
943 9.97732 3.07857 1.72833
944 0.0992064 33.2693 1.06214
945 5.73472 2.0157 0.958803
946 19.3247 22.1255 1.97814
947 21.095 4.8963 -2.07232
948 11.4907 1.30802 2.03357
949 3.19956 14.8853 1.53508
950 32.8092 26.4138 -1.1787
951 13.9741 4.82365 -1.7696
952 14.9505 12.3852 1.8174
953 30.5922 18.0168 -1.40289
954 5.54133 39.4582 -0.349721
955 39.3532 8.82762 -2.08076
956 28.9187 9.16104 0.240562
957 31.1719 22.1812 3.19474
958 5.3425 32.3928 -2.86313
959 25.762 0.4545 -1.40431
960 4.48272 0.750146 -2.48969
961 1.67186 26.452 -2.65619
962 12.2085 34.686 -2.74079
963 18.5349 36.5603 0.580288
964 2.94281 3.98163 2.57073
965 34.1027 24.6488 -1.67255
966 11.0813 20.215 -1.16189
967 22.1511 39.7895 3.63214
968 31.3344 24.0917 -0.520088
969 15.1392 4.54029 -0.684017
970 29.7811 35.3603 -1.05246
971 28.4055 14.1518 -0.95869
972 14.0558 18.6167 -0.211224
973 13.8024 24.5517 -3.57502
974 28.9634 14.5792 -2.13603
975 15.4343 21.2884 -0.922954
976 2.48944 4.96941 3.88772
977 4.93522 37.4812 1.50922
978 12.9799 26.9475 2.6522
979 3.56156 37.7895 4.66784
980 35.2006 14.4757 0.977535
981 9.9148 18.4003 1.23676
982 36.2671 7.37481 0.307869
983 26.0698 15.2686 0.593631
984 9.03153 37.1378 3.15512
985 8.49353 24.4569 0.796886
986 24.5435 15.6037 3.95362
987 8.32088 10.3255 -3.57464
988 0.308074 26.5777 -2.57749
989 25.3786 32.526 -0.469797
990 23.6785 18.4627 -2.41408
991 11.283 24.667 1.37307
992 0.636403 15.2157 2.79699
993 14.0037 23.8404 -3.32797
994 21.5797 23.0122 2.65334
995 15.3674 22.4674 -0.0350208
996 32.1209 19.4468 2.25573
997 35.8829 16.5793 -0.191163
998 38.0523 35.5241 -3.62861
999 33.3254 23.161 -0.154916
