1000
Particles
0 2.19321 32.091 0.100089
1 33.6976 20.3938 -0.542696
2 19.6594 6.13821 -1.93325
3 9.28032 36.1538 -0.202559
4 20.8811 21.7134 -1.44607
5 25.0843 9.64138 -0.752852
6 29.8602 4.90756 -2.16482
7 32.5364 17.3973 -3.29628
8 5.94311 27.4864 -0.448745
9 27.4562 17.9958 -3.73614
10 26.8195 32.0881 -1.54974
11 39.8206 33.1599 -0.0274094
12 32.7476 30.0563 1.76337
13 1.6232 7.5643 -3.86644
14 29.0397 18.797 -1.2033
15 23.9893 30.2472 -1.32935
16 23.5638 33.7456 -1.75309
17 33.9275 10.0408 -2.0831
18 35.8341 12.1843 -1.79869
19 15.7157 25.5066 -0.499395
20 8.11667 11.8547 1.89184
21 38.3896 5.68347 -3.77921
22 1.39259 15.184 -0.768818
23 29.5981 20.9952 -2.68853
24 35.7698 9.45426 2.6435
25 4.0188 32.3703 -1.54909
26 19.1198 30.6621 2.75357
27 15.2954 18.4194 4.07402
28 2.09988 29.3391 1.63253
29 34.2235 5.88148 1.66764
30 17.7463 23.2179 0.540997
31 16.0995 17.4781 -1.00205
32 20.158 9.76115 0.713517
33 11.9153 39.4359 -0.775392
34 28.5256 14.8454 -0.302174
35 21.7963 39.5504 -3.65028
36 18.183 39.404 0.479595
37 34.7283 24.9782 -3.70595
38 32.8181 38.2051 0.491607
39 30.1063 17.3631 2.82579
40 37.0211 36.3104 1.27701
41 15.9915 11.4391 3.80198
42 39.4681 15.9208 -1.82536
43 24.7249 33.5322 3.76529
44 24.0506 29.6286 -0.00612352
45 4.74506 30.8862 1.26942
46 0.171326 9.54832 0.137242
47 33.8093 7.20337 2.14248
48 3.97656 36.9349 1.42683
49 9.21442 34.0558 -4.08655
50 35.9814 39.6207 -2.15771
51 16.8667 39.8354 -0.218059
52 32.7414 14.0088 -0.0125471
53 14.425 3.84756 -0.723263
54 30.6293 26.6185 -4.07831
55 0.418687 17.7741 -0.109036
56 23.763 5.54423 -0.909867
57 3.61262 29.5804 2.14631
58 39.8267 25.2038 3.70987
59 8.31691 34.0628 -0.339282
60 7.85134 27.0399 -0.743121
61 15.3476 27.5713 -2.56255
62 33.6561 0.043378 0.928053
63 8.68543 15.1112 -1.36866
64 36.6697 26.7513 1.98159
65 14.1655 36.7037 3.93162
66 12.008 18.9092 1.38757
67 27.4331 20.1525 1.22916
68 10.5972 3.37519 2.70604
69 13.2507 4.69267 0.610309
70 5.84881 36.4306 2.0221
71 20.0668 10.581 -1.42325
72 6.6776 13.218 1.60933
73 23.1886 29.5297 -0.163073
74 8.18348 4.05018 -0.227509
75 5.37672 32.3514 1.2626
76 17.9771 5.6915 -0.385933
77 6.89318 26.637 -1.03535
78 0.92176 29.9182 1.47723
79 35.1442 3.74419 0.108227
80 35.745 7.52872 -1.01217
81 2.17427 27.1154 1.9343
82 12.2056 10.7191 1.02545
83 17.3574 26.5851 -2.27953
84 17.0062 16.9809 -2.2449
85 1.66453 18.8054 -1.07417
86 19.2748 1.62648 -1.91499
87 21.6917 35.7001 0.789089
88 4.97869 38.2168 0.693498
89 5.0507 38.265 -0.275168
90 38.2082 36.0411 1.69688
91 21.7476 16.4297 -0.969543
92 12.1388 20.6386 -1.65239
93 15.9028 3.5765 -2.18299
94 16.3634 22.5971 2.72569
95 18.7937 38.4863 -0.327469
96 13.2885 30.6374 -1.11007
97 24.0274 34.895 -1.2631
98 1.70107 20.1574 4.2231
99 12.0134 3.54133 -0.719373
100 26.8753 19.3792 2.57848
101 21.6924 22.7368 -3.92937
102 20.6467 31.4072 -2.14923
103 9.37924 3.2766 -0.0920852
104 23.1582 7.25619 1.27833
105 22.1412 31.6939 2.58932
106 30.6893 16.6901 3.10593
107 19.6104 23.0046 -0.820911
108 26.8875 10.8538 -0.787315
109 37.9205 36.6694 0.362922
110 14.6874 1.39475 -0.226001
111 38.6575 29.4592 -1.59845
112 31.3543 38.5423 -0.797252
113 0.48584 24.936 1.0721
114 0.0531616 26.4737 -0.867031
115 32.4586 24.6347 -0.726345
116 22.5165 32.2127 1.9978
117 24.0351 33.2771 1.47056
118 23.1653 4.64857 -1.41158
119 32.4374 16.208 -3.934
120 26.3975 29.3423 -2.23514
121 23.3667 14.1481 1.88713
122 37.0359 18.1289 3.84827
123 6.89489 28.7593 -3.39392
124 14.2248 39.3558 -0.182102
125 26.7173 39.2488 -1.45426
126 25.9844 23.9608 0.881875
127 36.5691 5.65672 -4.28861
128 37.2759 10.871 1.06525
129 1.24165 13.6614 -2.08864
130 36.0501 5.90411 -2.81639
131 35.1703 27.0544 -0.650601
132 19.5489 38.4388 -0.258552
133 35.8717 31.6881 0.860734
134 1.51363 28.9134 1.87673
135 8.58324 8.73338 -1.32654
136 25.8184 7.67077 2.03808
137 26.1504 31.8304 -1.0852
138 11.0488 20.0066 -0.733247
139 14.1861 1.44721 -2.46708
140 21.7322 32.7398 -1.89689
141 31.6504 28.8261 -3.667
142 26.3134 7.37443 0.820372
143 16.9131 27.114 -3.96175
144 1.17941 28.1341 2.30499
145 26.5081 17.8762 -0.624923
146 33.1553 8.17651 -2.50631
147 37.3394 0.755634 -0.950941
148 37.2578 9.84928 -1.09095
149 14.2945 25.9637 3.01416
150 19.6036 15.2592 1.07498
151 35.6421 0.387613 -2.80498
152 19.6057 14.4887 1.70325
153 21.117 3.34517 1.40408
154 25.3545 38.7626 0.292684
155 34.7182 25.7121 -3.1974
156 36.5581 25.6972 4.00932
157 13.3666 9.94669 -1.73999
158 16.4775 32.6663 -2.13722
159 17.1357 25.1055 -1.51543
160 1.82684 13.5764 -1.75952
161 8.97165 20.7356 -1.14294
162 25.6518 31.5501 -3.09151
163 7.5973 7.06081 1.18721
164 15.3782 1.78004 -1.00432
165 25.8494 11.4238 0.988557
166 35.5647 9.39526 0.163706
167 11.1315 35.5827 -0.374862
168 0.952508 23.4521 1.34741
169 36.2906 32.0188 2.24724
170 4.80098 34.43 0.272507
171 23.2787 39.6222 -1.77303
172 1.50501 17.5306 2.91754
173 23.2653 34.5348 2.16444
174 15.7588 36.6269 -1.50309
175 39.5746 5.50397 -0.649449
176 21.0495 21.8935 0.203442
177 15.0003 7.25407 1.37808
178 25.4908 16.3956 1.15411
179 31.3524 8.1968 2.50717
180 15.9388 11.4275 2.82186
181 37.4123 29.0943 -2.12626
182 21.2041 14.5145 3.21661
183 2.78309 25.6604 -1.2231
184 34.6639 4.19102 1.99847
185 11.3392 13.4596 0.603092
186 22.1914 0.631918 0.791123
187 8.97796 0.662148 1.20455
188 22.1098 16.2057 0.344542
189 11.2051 24.8939 3.2625
190 22.2652 21.4529 2.29297
191 13.0317 31.0561 -4.20508
192 36.6911 5.79284 -1.45611
193 30.5562 18.4251 4.58557
194 19.5346 24.8202 -2.57822
195 10.6153 18.1297 3.12841
196 26.2419 37.6696 -0.970491
197 18.8989 33.0413 0.536608
198 28.9667 19.1588 -0.696048
199 10.9359 8.67372 -0.188147
200 33.6595 37.7307 0.0610819
201 36.279 18.4031 2.57666
202 12.8565 19.5374 0.0307337
203 25.9105 18.2474 2.17651
204 33.4304 30.3803 2.53542
205 36.3011 28.7886 3.49326
206 18.0824 3.06458 -0.655103
207 36.3308 33.3394 1.2645
208 33.7134 23.134 -0.618217
209 11.855 35.8123 -0.162258
210 10.0096 26.6757 -0.498705
211 37.1388 18.8596 -2.25702
212 36.7007 32.0233 1.77799
213 0.352682 8.34789 -3.14595
214 28.4358 20.4231 0.887936
215 35.4537 20.4217 1.47347
216 30.2866 24.0431 1.71567
217 8.41587 8.40572 -3.06758
218 14.3515 19.7559 2.91683
219 21.4962 39.0947 -2.2326
220 13.1515 6.25694 1.25101
221 21.2099 10.5 -1.71462
222 36.6226 31.7258 -0.19531
223 18.8842 25.6921 -2.77122
224 1.256 29.3017 -3.78561
225 33.4027 9.72894 -1.17839
226 36.2752 22.0519 1.06813
227 3.08727 10.5783 -0.00323897
228 16.1819 7.46523 2.13152
229 39.1659 17.1985 -1.33006
230 32.9692 9.46495 0.398515
231 17.6109 26.3778 1.55951
232 32.6184 4.77915 -0.24658
233 38.7812 10.0458 -3.14918
234 10.6643 38.9678 -1.05438
235 38.0298 9.58819 -0.141803
236 14.5012 36.964 2.32117
237 13.4833 27.549 1.36812
238 12.7508 10.7911 0.237566
239 34.324 9.92514 -0.783434
240 20.9833 20.5352 -1.93588
241 12.4439 30.9436 -1.55119
242 38.247 7.28103 -0.251632
243 27.7406 3.01723 -0.404701
244 35.9617 19.795 2.12932
245 20.0581 1.22292 1.61712
246 31.6691 3.86074 3.26701
247 9.30611 38.6902 -1.96334
248 9.49879 27.6587 1.36274
249 16.1839 37.2988 1.22316
250 17.4455 0.880127 -1.98178
251 38.2051 6.55403 -1.64173
252 33.2922 17.0132 -3.51215
253 32.3211 14.6146 3.71876
254 39.2484 39.7799 0.0225688
255 27.7662 28.7568 1.24498
256 6.26934 5.23498 -1.20479
257 27.9717 16.8841 -0.653896
258 32.5689 35.2133 0.137684
259 38.7378 14.8312 0.12231
260 2.41611 9.76716 -0.736434
261 28.5994 26.7947 -1.90916
262 27.8232 33.9924 0.515496
263 37.6427 9.32978 1.69914
264 10.3312 24.5748 -3.1118
265 37.5954 27.9118 -3.54298
266 0.497756 13.0337 0.54349
267 1.4361 27.5903 0.19138
268 9.91241 27.3952 -0.500391
269 22.9421 36.1304 -1.15612
270 2.369 11.1675 0.793716
271 33.562 9.31726 1.53892
272 19.0849 18.7185 -3.03753
273 27.9973 37.2434 0.434724
274 10.0528 9.06703 1.49431
275 10.4774 23.8936 -1.08079
276 28.4304 18.3272 -4.16283
277 5.40007 21.2752 2.88701
278 5.7139 12.8463 -0.163194
279 7.91157 26.6234 -1.38132
280 7.5517 26.9256 -2.5481
281 24.2916 15.3994 2.22115
282 15.6938 23.2486 2.15447
283 21.2133 34.5102 3.21053
284 25.7342 20.7666 0.24026
285 37.6376 37.0826 0.887818
286 33.8833 6.39737 3.97727
287 14.1383 14.4137 -3.17385
288 1.29691 37.3114 1.74928
289 12.1843 29.9423 -1.79346
290 34.4804 24.1193 -3.91247
291 14.1302 8.02069 -2.26584
292 38.7024 18.7405 -2.03875
293 3.79877 6.67826 2.68338
294 29.5001 27.8733 -2.18514
295 18.4281 10.3176 -1.93682
296 24.7388 28.8222 -1.3063
297 39.8205 27.1241 -1.72868
298 24.9589 35.4418 2.14294
299 21.6907 26.2979 -1.0046
300 22.7646 3.66172 -1.32746
301 31.2621 23.353 -2.23864
302 18.95 36.3907 -0.261426
303 7.11697 27.1537 -0.730461
304 9.95026 27.7416 0.81526
305 5.333 24.0327 -1.48403
306 30.921 13.6385 -0.497744
307 10.7579 12.932 2.89227
308 5.80029 20.5992 3.34119
309 12.7708 33.5255 -3.36672
310 17.3213 21.0989 1.71329
311 22.6799 6.47231 0.744006
312 37.2353 1.24911 -0.666066
313 26.8852 38.1857 0.6694
314 18.4776 2.11378 0.10199
315 1.50671 34.2848 -1.76966
316 39.2655 37.496 -0.125405
317 26.1691 29.2184 -2.83667
318 25.7544 22.9263 1.10268
319 2.67566 38.9614 2.59934
320 4.32767 27.0615 0.459584
321 28.9746 2.60705 0.427377
322 5.41747 33.5929 -1.08836
323 16.1226 32.987 -4.05368
324 26.8062 13.9409 -0.262666
325 11.8002 31.8886 -2.9111
326 2.82371 14.6813 2.62309
327 20.8631 35.9013 1.19728
328 16.9732 28.2756 3.65834
329 7.75487 18.1286 0.920072
330 2.5632 9.98471 -1.12604
331 16.8114 37.0227 -0.147042
332 35.506 13.7117 -0.334606
333 26.0662 16.8142 -0.0774391
334 15.4399 3.26964 0.204251
335 5.34859 39.9885 1.52141
336 16.7531 37.3208 -1.49547
337 9.88618 17.2467 1.31125
338 14.0689 28.2947 -1.57197
339 38.2654 29.6478 -0.508914
340 7.61973 26.0244 -0.767177
341 33.4546 30.4921 2.32229
342 11.1505 16.6643 -0.234828
343 10.0783 13.9466 -4.24089
344 12.4216 1.71604 -0.376294
345 30.2301 27.726 0.206498
346 16.2058 6.88895 0.762693
347 3.45154 37.6231 0.919854
348 8.40351 20.2057 -2.16644
349 19.4774 22.8508 0.613614
350 5.00811 18.8482 -2.08886
351 6.36173 20.6468 4.22392
352 28.8077 24.6693 2.03654
353 27.7022 6.79943 4.0493
354 37.7467 38.916 0.278453
355 17.0954 22.8311 2.87668
356 28.7039 35.2886 -0.270857
357 11.6266 23.0089 -2.18006
358 12.2657 18.8568 2.22595
359 35.3874 27.6094 1.29205
360 31.7281 23.6751 -3.43178
361 28.6316 31.8823 2.34393
362 1.12855 24.1246 1.37552
363 39.9231 10.8521 -1.64937
364 3.12461 17.1231 0.752305
365 12.843 36.6996 0.186349
366 17.0967 9.59765 0.629431
367 12.0166 38.5723 -4.10504
368 22.9142 5.8137 2.34652
369 14.9794 38.251 2.24762
370 21.1369 28.2389 -1.54354
371 22.2106 16.8667 0.0545241
372 24.058 29.763 0.397782
373 15.9197 12.2087 3.01575
374 13.2307 16.5607 -0.912947
375 14.6964 10.1936 1.78835
376 38.5195 28.0733 -0.701764
377 0.838545 7.78497 -1.6553
378 12.9536 3.97138 2.04626
379 35.7097 27.4948 -0.866223
380 34.9436 28.7991 2.0308
381 12.1758 35.3471 0.0764101
382 2.84343 16.9717 0.597805
383 23.4535 35.2734 1.80886
384 31.1234 8.55807 2.112
385 17.4884 20.0998 0.996708
386 26.684 11.008 1.91379
387 2.3076 1.29318 -3.04828
388 32.555 24.4287 -1.15044
389 5.24231 3.62302 -0.786105
390 33.2134 24.1307 -0.853812
391 17.6692 8.26833 -2.06968
392 19.7953 26.1306 -2.31399
393 17.8746 7.19547 3.57552
394 25.8394 38.2043 -1.62506
395 35.9184 15.9018 -0.896448
396 39.4902 7.58457 -3.24529
397 5.0779 2.91266 2.90085
398 36.6696 30.1678 3.04642
399 36.1962 21.4048 3.33169
400 3.98817 37.5973 -0.919467
401 23.6631 34.6642 0.111302
402 34.2479 8.75374 -1.42521
403 2.38998 26.1509 1.8495
404 23.73 30.2787 -0.500014
405 3.88719 23.3737 -3.49617
406 23.2564 1.25727 -0.175179
407 35.5553 5.19747 -0.663947
408 6.3729 13.4922 1.01565
409 17.2949 2.25523 -2.86975
410 20.8224 25.0093 4.06368
411 14.7837 23.411 1.74191
412 2.71248 1.50198 -0.36836
413 11.6352 14.9618 3.44374
414 4.04522 15.6165 2.18935
415 12.1535 29.5004 -1.72278
416 20.5247 35.6875 1.35635
417 0.948852 2.85003 -0.0144127
418 25.1283 23.0083 2.12492
419 23.6918 5.1848 -0.982994
420 20.4814 39.528 -3.31797
421 7.17284 18.1034 3.24933
422 12.1877 10.8709 -0.172011
423 27.5573 8.05748 -1.39574
424 24.921 22.4135 2.06524
425 18.1615 2.59427 -3.07435
426 7.67057 20.7196 -3.34963
427 17.315 20.1861 -1.21093
428 2.75645 7.66412 -2.39862
429 1.22092 8.90305 -3.3423
430 19.8013 17.0509 -1.14857
431 6.49807 9.38571 -2.11823
432 22.2865 33.0255 -1.52036
433 25.6935 22.3665 4.67225
434 9.43395 26.313 1.14043
435 32.5381 34.9293 0.252715
436 1.51789 27.3287 3.03381
437 11.9176 34.0321 -1.13642
438 5.81512 21.7739 1.59425
439 33.3762 19.5202 -0.358026
440 22.719 9.19883 -2.07911
441 15.9338 1.57075 1.77818
442 12.0962 23.966 -4.59664
443 23.0628 15.6398 -4.29185
444 13.7304 20.0103 3.62592
445 13.7481 25.3276 -0.0838888
446 19.5281 10.091 -1.86227
447 1.23293 8.04459 -3.19207
448 28.3267 29.5764 -4.56459
449 16.3488 20.8833 1.26632
450 5.8835 21.2153 2.73302
451 36.7228 11.2631 -4.05692
452 11.4895 12.2212 1.12766
453 7.88617 26.8973 -0.379798
454 34.3266 8.98356 -2.12726
455 33.8822 7.67857 3.28096
456 8.42708 6.2486 -2.38053
457 22.5565 20.0431 -1.13202
458 32.5475 17.33 -4.5869
459 11.8779 6.52865 0.43268
460 7.97323 0.992613 -1.75673
461 10.6069 1.47507 -2.59419
462 24.6484 17.1954 0.915071
463 2.86086 28.8869 3.29211
464 28.657 21.2555 -2.9719
465 29.4651 17.6732 -3.09889
466 31.0806 19.9857 -3.36395
467 12.0216 35.7644 -1.47465
468 24.0516 32.8009 1.54664
469 16.0353 33.4392 -3.59267
470 10.5147 16.2195 0.744461
471 35.9386 20.6323 2.20493
472 12.971 7.78902 -3.14663
473 10.774 1.15519 -3.89148
474 8.76514 38.2683 -1.20027
475 32.1788 7.349 2.13019
476 16.9255 28.8878 4.1832
477 14.6438 35.0805 0.147806
478 26.0245 23.1842 3.2104
479 36.905 28.1303 -2.86736
480 32.1939 18.5062 -3.51814
481 25.4516 37.4056 -1.85034
482 8.71137 30.1536 -2.19148
483 12.2009 31.3577 -2.09688
484 11.7494 34.0284 2.04832
485 8.41354 39.9685 -0.912195
486 15.1847 28.0307 -0.758281
487 33.8375 30.8476 0.00268005
488 36.6802 10.801 3.56878
489 17.141 0.582701 -2.67699
490 7.15074 0.923528 -2.11526
491 15.7868 8.00765 0.948354
492 20.371 0.659627 0.993773
493 3.82466 28.3431 3.53829
494 10.6949 19.4532 -4.32187
495 32.8366 15.7708 -3.38517
496 26.5136 21.5972 -0.661136
497 1.79077 27.8862 1.21888
498 18.1336 19.2656 -0.126272
499 9.91398 18.1391 -0.919129
500 5.97786 16.0314 -3.3761
501 28.3644 10.8176 0.0955225
502 36.2109 7.49321 0.142978
503 14.9635 28.3524 -2.64044
504 37.4887 34.5191 2.51128
505 8.37917 3.59331 0.929805
506 27.7251 29.1811 -4.02954
507 20.5879 13.0648 -2.60875
508 1.42953 25.1048 2.02011
509 21.0579 39.7906 -3.16526
510 34.067 4.09371 0.21129
511 23.3467 35.7028 2.08032
512 35.1094 30.35 2.28887
513 13.5196 32.0328 -1.09625
514 10.1715 29.0333 2.37155
515 15.5039 16.3962 1.50514
516 20.0482 39.9597 3.17256
517 16.0116 17.0645 0.183825
518 12.5249 7.69818 -2.67016
519 15.6139 20.2941 -1.71614
520 38.2719 9.94639 0.611072
521 35.2179 25.2417 -2.24029
522 21.2533 16.2982 -1.00158
523 11.5634 18.1677 3.89948
524 9.65636 26.7405 0.957543
525 4.28244 11.6502 1.57323
526 4.14098 27.7445 3.34467
527 14.3455 5.18029 2.07698
528 19.6149 3.59826 3.00188
529 35.3692 6.82773 -2.5483
530 34.5643 10.4235 -0.406236
531 27.0371 12.8271 -0.449532
532 19.9435 38.7277 0.940946
533 18.0203 26.8503 -1.18235
534 13.6562 23.5056 2.8889
535 2.39052 2.04579 -1.74062
536 30.8168 19.7472 -0.814346
537 1.29946 22.3466 3.26524
538 2.13627 1.03141 -1.1032
539 3.47057 4.48951 -1.50983
540 27.3623 24.2588 -3.09719
541 25.8253 21.0572 -2.43174
542 35.9269 30.1874 2.85767
543 9.11734 16.7447 2.34707
544 1.95178 1.55716 -1.94893
545 18.4588 24.5466 -2.15797
546 1.50305 33.7703 0.0528755
547 7.5464 15.4102 -0.649016
548 36.0262 30.3406 2.90441
549 39.3448 26.3715 -1.45538
550 5.57181 28.6422 -2.94583
551 22.2044 17.2993 -0.382761
552 1.81432 2.66669 -0.958983
553 16.3523 29.2659 2.54953
554 20.3479 10.2477 -2.2575
555 39.9227 12.6415 -1.79408
556 33.5131 23.4859 -0.861426
557 10.6736 23.0801 -1.74222
558 37.4596 7.71984 -3.45005
559 26.2698 31.9579 -0.534882
560 32.2161 24.9586 -0.81689
561 3.99018 23.3034 -3.19126
562 4.6158 26.3064 1.32648
563 6.71524 15.1313 0.315858
564 15.1246 21.5563 1.83343
565 2.23166 20.519 3.71343
566 19.5601 31.776 -3.16502
567 34.6911 14.0672 1.23407
568 1.16338 8.28592 -3.47696
569 1.78186 21.1487 3.25851
570 2.08205 27.4514 4.25724
571 18.1335 11.2646 -0.698078
572 35.8198 29.0366 -4.03858
573 23.5073 35.5409 0.780448
574 10.3166 22.3267 -0.40992
575 22.1722 18.2842 -1.18021
576 39.4025 38.5935 -1.32206
577 23.0391 30.9309 2.40537
578 11.5691 37.1745 0.844264
579 6.27068 7.98803 -3.21992
580 10.9124 30.071 1.31116
581 7.71697 30.175 -1.20447
582 28.7156 21.7794 -0.282413
583 20.9545 38.5729 -0.450857
584 39.0272 10.7593 -1.99679
585 3.33619 21.419 2.09601
586 21.9679 20.5219 -3.15586
587 26.6502 31.5734 -0.369656
588 21.1796 31.1556 -1.31005
589 30.1911 18.8417 -2.31689
590 0.38707 3.80925 3.0975
591 1.99057 24.1982 1.7322
592 35.5538 28.1414 -1.48706
593 14.9058 23.035 1.1897
594 3.16636 0.746124 -2.18326
595 23.1587 16.6492 0.423773
596 38.9473 32.4108 2.29349
597 28.1724 11.8116 -0.683415
598 33.8447 9.99901 0.371434
599 15.4517 32.2768 -0.270746
600 7.02906 0.330463 0.95144
601 20.1381 36.3857 1.70482
602 8.42575 18.0633 2.42559
603 14.4176 13.6527 -1.83091
604 31.2173 23.6905 -2.40185
605 10.9354 37.3608 0.647177
606 4.43574 29.808 -0.406161
607 0.218436 7.854 -1.65476
608 4.60908 7.50472 2.60394
609 23.3441 37.7108 3.79013
610 32.9915 23.2959 -1.80831
611 0.461354 26.408 -0.906654
612 22.4636 7.75165 -0.694822
613 26.1044 12.8038 2.32333
614 39.7703 7.82082 -1.78203
615 31.5972 13.8882 0.0214127
616 34.5308 12.3649 0.324999
617 24.2798 31.1923 -0.263851
618 1.77248 0.016129 -1.2208
619 24.9394 33.3774 4.49362
620 35.9705 36.8984 0.227603
621 25.7803 15.8454 0.129954
622 16.2233 2.41088 1.14826
623 17.0349 4.88364 -3.09422
624 30.0717 5.50587 -2.02418
625 21.219 10.5119 0.777613
626 10.0351 39.8464 -1.70768
627 8.09858 33.9388 -2.87615
628 16.8537 2.94113 -1.95527
629 26.7997 38.4455 -1.03164
630 35.6183 32.7581 2.72043
631 29.143 36.1391 -0.186631
632 33.2924 31.1357 1.08945
633 0.98885 25.7112 3.5938
634 0.0702545 5.9972 -1.02184
635 26.6047 30.5695 -1.56089
636 22.2899 5.6181 1.8007
637 2.62587 23.94 0.84592
638 32.6366 24.6448 -0.764757
639 34.0952 9.56703 -1.29434
640 7.27212 18.3033 0.784066
641 23.6979 5.4634 0.863506
642 17.2236 36.7446 -3.15582
643 28.4988 25.6951 -1.00051
644 11.2672 7.27532 2.87866
645 3.99074 14.6278 -4.58086
646 8.83661 6.44199 -0.936055
647 12.8947 16.1008 -0.223329
648 34.6892 33.5289 3.07509
649 21.4674 21.748 -1.33511
650 30.5104 13.5075 -0.629868
651 22.5803 19.6185 -1.46501
652 7.23299 36.5639 3.22209
653 13.9912 3.5446 -1.93384
654 20.9264 13.9631 -2.37874
655 35.6021 35.8843 2.24281
656 9.99454 11.8581 -2.88717
657 22.1831 11.9942 -2.30434
658 10.7868 29.6717 2.61248
659 35.0675 38.8004 1.18991
660 26.301 12.965 0.829307
661 37.9883 18.8571 -2.0837
662 34.9804 34.6491 -3.35665
663 15.5884 23.238 1.16299
664 29.0965 16.0664 -2.46564
665 34.4282 0.0685913 -0.736372
666 28.5465 37.1085 1.95879
667 38.9079 32.1138 2.60556
668 12.3883 32.4195 -3.19502
669 15.6776 27.2054 0.376447
670 35.9766 25.9314 3.85442
671 33.0929 38.6902 0.0262629
672 15.2317 32.3663 -0.0811842
673 34.5749 3.52006 1.37502
674 9.66242 19.5889 -1.72006
675 30.1881 16.6304 4.49766
676 28.4876 34.7368 -3.22468
677 28.5671 20.4015 1.02787
678 28.2593 1.00304 -2.68675
679 22.3306 16.9553 -0.549279
680 20.7576 30.9159 -1.65213
681 10.8385 39.5199 -1.95636
682 33.7069 37.0453 3.00185
683 27.1745 23.7823 -2.95182
684 7.77502 1.18851 -0.678179
685 27.1284 28.1962 1.45385
686 39.4897 1.25562 0.0179282
687 22.1956 10.0315 0.159361
688 30.1721 5.42069 -2.88849
689 15.381 2.47077 -2.82465
690 20.1186 29.8234 -3.76274
691 20.9982 30.9022 -0.676117
692 27.3212 12.7359 0.993052
693 1.30355 18.8613 -0.584115
694 29.8947 27.659 -1.82881
695 16.2176 27.7895 -0.614068
696 26.1715 30.0901 -3.54015
697 33.0326 2.07146 -0.760874
698 38.3036 14.129 -1.89982
699 26.8016 24.0603 1.52681
700 2.11822 1.9395 -1.83472
701 23.2988 37.5801 2.03992
702 37.8746 6.90546 1.66547
703 1.13975 11.303 -0.161855
704 24.0741 32.2596 4.20739
705 8.03986 32.4574 -0.627608
706 35.5715 35.2886 2.59297
707 14.0896 10.5486 0.153684
708 30.1447 17.5951 2.39326
709 26.5872 11.1819 -1.40559
710 16.4715 27.2325 0.645853
711 33.6162 26.503 -1.14989
712 27.0354 13.0063 2.29686
713 31.255 16.1788 3.42478
714 27.1133 31.3421 0.223926
715 39.1517 5.48659 -1.23446
716 20.6662 30.9639 -1.96127
717 16.7643 25.2723 0.558646
718 10.3375 29.0454 3.1864
719 10.7033 34.1533 2.62782
720 10.5866 27.3709 3.61952
721 28.8764 33.95 2.67693
722 38.1147 1.04182 -1.45334
723 18.2993 38.4012 -0.6679
724 15.0925 38.9289 -1.42861
725 24.5653 39.1855 3.13571
726 7.72292 28.134 -0.668742
727 5.91499 26.8467 -2.74563
728 0.865839 8.46481 -1.73047
729 19.0172 38.7131 -1.51235
730 19.1317 7.95165 -1.93175
731 32.8516 20.282 0.440764
732 26.0062 32.3215 -1.31529
733 34.5039 28.4061 0.789798
734 26.2317 10.672 1.49095
735 17.2859 22.6523 1.96735
736 21.0943 31.9766 -0.407473
737 35.4742 35.6906 0.535522
738 20.5248 10.7353 -2.45587
739 10.5968 28.2161 2.24612
740 3.33136 21.812 3.06747
741 12.5786 34.5389 -0.404111
742 22.1104 12.9992 -1.56335
743 22.6401 26.3921 0.878772
744 34.4708 18.1414 -1.00226
745 14.1799 34.0482 1.36269
746 14.7396 8.93743 -0.851906
747 13.5979 26.4849 -0.0348281
748 15.7388 27.4877 -0.810606
749 4.98394 8.11075 2.44996
750 0.238452 30.61 0.902968
751 8.29512 3.30371 0.335338
752 39.3299 16.1714 -1.68378
753 11.6174 21.5717 -0.105306
754 26.257 23.5956 2.04662
755 22.5891 6.36196 1.00859
756 1.35354 3.85972 0.283124
757 14.9038 21.8638 -0.515473
758 34.2841 22.561 -1.53561
759 7.21787 27.3027 -2.65116
760 33.4367 38.0832 -1.49653
761 11.8901 21.3553 -1.08205
762 22.6092 26.5689 -0.766215
763 11.994 38.558 -1.12745
764 26.875 7.71646 -3.72667
765 31.5267 24.48 -2.23834
766 8.30889 16.7114 3.73373
767 36.4832 14.3993 -2.76907
768 6.40159 15.9893 1.32269
769 18.8751 28.9297 0.0436231
770 11.7904 23.9203 4.51597
771 1.70028 22.5463 0.938268
772 12.3099 33.2143 -3.24627
773 36.0455 29.33 -3.61441
774 39.1007 37.3981 -1.42797
775 19.1475 10.1746 -1.51367
776 9.20381 18.8402 -3.14055
777 5.13981 23.1934 -2.69267
778 32.9957 25.7219 -0.951937
779 17.8653 39.3902 0.482798
780 2.96883 1.36498 -1.38424
781 34.1098 3.76233 0.272929
782 11.2247 7.9557 3.10316
783 13.8506 6.17213 3.02839
784 31.5879 37.1441 1.21216
785 24.0343 14.1186 1.93147
786 8.22106 24.1228 -1.29375
787 34.686 0.38825 0.467049
788 3.50734 36.9372 -0.653053
789 0.902645 11.5093 -0.773963
790 10.6516 30.2314 1.68515
791 16.7244 22.7309 4.26932
792 8.67322 27.6641 0.945037
793 23.3323 37.722 4.79661
794 25.3833 28.0751 1.20101
795 6.92941 7.97838 -1.6573
796 18.6233 28.3928 -1.81284
797 1.33786 28.3594 2.21476
798 26.933 9.06385 -1.06632
799 19.8215 6.88633 -3.00488
800 32.708 8.65848 0.864761
801 21.8719 14.2732 -3.46281
802 36.502 18.2432 1.79757
803 14.0904 0.568495 -1.75932
804 2.86458 18.6242 3.20163
805 2.64223 21.4795 4.11823
806 14.5969 30.3816 -0.937963
807 25.6632 11.987 -0.518239
808 22.5436 22.6417 -0.305522
809 26.0994 12.4427 0.113759
810 15.8841 0.339089 2.59154
811 11.1748 25.0509 1.31029
812 12.6342 39.0332 -4.07589
813 5.20756 10.228 0.148771
814 25.0774 37.0429 -1.42099
815 37.5804 17.7356 0.574422
816 19.0547 37.9801 -0.354482
817 16.65 36.8961 -1.31725
818 6.87861 14.9519 1.50648
819 24.1795 5.95155 -1.21975
820 0.353659 3.21118 -0.626871
821 15.294 7.98512 2.4812
822 9.60325 5.62898 1.50544
823 26.3933 37.7453 -1.71353
824 36.5703 19.4411 -3.31163
825 39.5622 29.7734 1.93789
826 5.8441 16.7516 0.121907
827 1.23457 13.125 -0.137902
828 17.9805 20.2183 -0.382582
829 17.6743 30.0561 2.00271
830 11.2984 22.4437 -2.61906
831 13.2532 36.5553 3.36969
832 34.7983 33.5985 2.32652
833 11.2827 14.0387 3.6973
834 19.8491 9.52746 -2.99981
835 2.41472 28.4592 3.88922
836 20.6026 28.6114 0.648627
837 31.255 33.9169 2.4105
838 20.4508 5.68036 -0.947012
839 5.66572 24.6125 -0.0781318
840 21.8247 13.1908 -1.78103
841 29.731 30.2369 -1.23532
842 19.5663 30.8829 0.0553974
843 10.6456 2.17504 -3.64
844 6.48576 24.2412 2.05164
845 2.27047 28.2899 4.33726
846 13.0044 32.4429 -2.8832
847 1.48878 24.1815 2.5928
848 24.2596 25.7443 -2.96866
849 17.4567 16.8095 -2.94468
850 37.7495 31.5506 1.37408
851 2.49502 34.7356 -0.142224
852 26.186 31.1266 -2.31008
853 24.9009 21.7064 -2.60446
854 36.417 31.426 1.77964
855 13.3994 0.207095 -1.08113
856 16.6769 33.7807 -2.2087
857 12.3575 18.4078 3.78667
858 3.38093 25.558 -2.50803
859 16.2675 37.8653 1.63661
860 0.598932 20.3609 -2.7877
861 2.77773 14.6198 -1.87999
862 6.47349 33.2613 1.06349
863 11.2428 13.3888 2.73799
864 25.1407 10.2071 -1.67551
865 29.5117 31.4988 0.20007
866 25.453 0.635159 -1.21688
867 25.1404 33.9461 1.94336
868 31.8006 24.2938 -3.48134
869 38.454 13.4912 -0.411674
870 38.5879 7.48402 -3.16519
871 19.677 24.4181 3.16756
872 28.4247 21.7675 -0.942355
873 12.9303 22.2325 0.246482
874 38.5133 13.9392 -1.06678
875 33.9147 12.7108 -1.16213
876 2.2068 16.7964 1.66483
877 35.411 4.67863 0.170213
878 4.86028 37.6073 0.381032
879 3.06459 28.7796 1.96887
880 2.58323 20.7827 2.94195
881 5.94297 25.5614 -1.83273
882 25.4946 3.96145 0.840583
883 34.1193 24.5289 -2.19893
884 7.80101 17.4727 4.04498
885 8.96779 14.1254 1.42755
886 17.1835 23.8543 0.948013
887 1.43191 25.4288 2.25287
888 35.135 24.2971 -0.370357
889 6.5562 13.3668 0.960314
890 18.6575 19.6546 -0.134791
891 19.1885 20.2903 -0.846824
892 18.9387 0.441428 0.902296
893 32.4239 29.3596 -4.60109
894 35.057 34.2803 3.33029
895 35.9814 15.6085 -1.4528
896 17.7943 39.2832 0.27807
897 38.5301 10.3782 -3.21158
898 19.3471 17.898 0.737179
899 9.10142 26.6628 0.865262
900 15.4229 9.11442 2.99278
901 39.6628 37.6874 -0.547535
902 38.4835 30.3582 0.41362
903 8.96985 32.8921 0.633176
904 20.9456 37.0862 -1.45661
905 24.719 33.5194 2.01782
906 25.7703 21.6169 -2.9974
907 15.5989 30.0223 -2.28564
908 35.8831 32.258 0.18888
909 18.602 2.35459 -0.51906
910 34.0893 21.516 0.150331
911 30.8192 28.0721 -3.23873
912 26.5333 20.6595 -0.576847
913 1.21399 26.9953 2.80001
914 4.17159 23.2575 -3.03837
915 37.1882 34.7353 1.73137
916 23.4116 16.6648 -1.71318
917 8.20098 26.8903 -0.289015
918 1.34422 7.33515 -1.6559
919 30.1202 18.091 -3.12261
920 5.80056 21.7704 3.10389
921 30.9817 23.0273 -0.985131
922 23.053 16.2974 -2.86824
923 11.2956 24.343 2.95296
924 32.871 31.3658 -2.8651
925 17.9256 39.3511 1.39955
926 30.1312 37.2114 0.96572
927 8.10827 31.6215 -1.66874
928 38.4702 2.55777 -0.455554
929 38.4097 28.9013 -2.06632
930 10.5857 8.2194 1.53798
931 12.8607 19.7081 2.66279
932 9.81152 25.4466 -0.279174
933 14.0958 5.66716 2.2795
934 29.2168 23.91 0.130347
935 6.30702 8.06972 -4.71938
936 11.2309 20.6612 -1.98568
937 14.0457 2.98936 -2.09431
938 22.4886 27.0144 0.359475
939 18.5275 10.2336 -3.25176
940 16.4582 22.9343 2.33223
941 22.3551 16.2667 -0.707024
942 7.2064 10.667 1.00938
943 11.9769 6.2842 1.7586
944 4.21332 31.8983 -1.92451
945 5.27046 4.50365 -2.6124
946 19.9127 25.7006 -3.95556
947 18.5866 6.23755 -2.12692
948 16.3904 6.85478 0.676154
949 3.01802 13.5641 0.594397
950 37.9198 28.6658 -0.651761
951 13.2586 6.60688 3.37262
952 18.4424 20.0469 -0.326068
953 34.0377 21.241 0.384624
954 9.82854 0.286197 -0.861262
955 38.243 8.63799 -1.62516
956 29.9422 13.0817 2.40351
957 30.5257 19.603 -2.85534
958 6.72243 35.1091 -0.574115
959 27.2738 37.5227 -1.65825
960 4.0604 38.1645 0.977205
961 2.76988 26.2615 0.919073
962 11.8951 31.4779 -2.70382
963 14.3282 38.7684 -2.73043
964 0.793387 7.16529 -1.07873
965 34.4427 21.5201 -0.455892
966 12.0711 19.9162 0.317945
967 20.8864 39.1196 -2.88443
968 30.2391 24.1791 1.11709
969 17.9016 3.44919 -2.61586
970 25.5535 36.5069 0.140722
971 31.7403 15.267 -2.54764
972 13.8171 16.8186 -2.83883
973 11.9131 23.9818 -4.36768
974 28.029 18.5128 -2.1646
975 11.5438 20.3242 -3.05861
976 3.24558 7.74326 -1.00828
977 7.96642 37.0462 2.03937
978 13.9086 29.1184 -0.820558
979 6.14539 36.8631 2.27822
980 36.3546 14.1035 -2.9397
981 6.14654 21.2615 3.55883
982 33.1076 9.12293 2.44182
983 27.3262 13.7461 2.76101
984 10.4932 33.5309 -4.02274
985 9.5166 22.6427 -0.0711956
986 21.7184 14.1955 -2.36399
987 9.0918 12.001 -2.22095
988 1.82676 25.7958 1.90371
989 24.2856 34.0983 3.14492
990 20.5838 14.7375 3.50784
991 8.41966 27.1542 -1.50803
992 2.09342 15.5084 -0.704292
993 11.6888 20.7868 0.0753801
994 21.302 25.1719 2.00926
995 12.049 20.3361 1.85558
996 31.1284 22.9014 -0.140097
997 37.3492 16.5503 -0.619772
998 34.0867 37.5771 3.1242
999 31.9077 19.0676 -2.08414
