1000
Particles
0 36.4661 5.53745 1.16575
1 34.9867 18.5214 2.15753
2 24.743 3.07404 -1.77862
3 12.5072 36.7499 -1.22166
4 11.9282 16.5644 -3.5154
5 24.3501 2.77701 -2.33756
6 26.5743 2.90575 -1.71419
7 35.1083 17.3574 0.0622375
8 5.59631 31.3582 -2.07983
9 32.8467 26.5275 1.61084
10 27.9982 30.075 1.21239
11 39.5752 34.172 0.412957
12 0.10688 24.3583 3.00237
13 2.20503 7.62542 2.56595
14 31.3284 18.6271 0.250315
15 27.4378 34.6185 -1.99711
16 24.8258 36.4488 -1.77238
17 33.0584 10.4446 2.72949
18 38.4751 11.3166 2.57626
19 13.9337 20.1484 -3.07711
20 13.4317 18.2108 2.05756
21 1.90073 1.48924 -0.103736
22 36.4041 27.267 -1.43848
23 30.8455 15.9648 1.43217
24 28.7118 15.3178 -0.15427
25 0.477644 35.1416 -1.63828
26 25.4816 28.874 -0.455118
27 15.3118 17.0759 3.72748
28 7.83689 37.1611 2.8849
29 31.9357 9.64436 -2.13452
30 16.3066 28.2525 -0.251733
31 11.4729 17.8 -1.51631
32 13.7105 10.353 -1.03693
33 5.58584 37.1787 1.07084
34 18.1761 16.4214 2.10127
35 26.0867 2.38565 1.49304
36 15.064 37.6937 3.53753
37 0.668547 25.8988 1.13686
38 24.5824 37.4261 -0.795171
39 33.681 15.5901 -2.5354
40 30.9245 37.8844 -4.18237
41 18.6907 15.1724 -3.87901
42 31.8781 21.1477 -2.62225
43 22.9447 33.3937 2.54095
44 20.4575 19.3836 -0.343945
45 7.0939 26.5752 -2.62028
46 4.24283 7.53695 0.908616
47 34.9195 3.66104 3.54814
48 38.1741 34.0302 -0.42825
49 11.0704 32.2217 0.335844
50 34.4263 2.15576 0.70237
51 13.8617 4.87154 3.5832
52 34.5462 5.15828 -3.41916
53 13.472 13.1664 2.13417
54 34.6692 29.7539 2.70428
55 1.77384 17.5479 3.9374
56 31.1397 6.5994 2.66511
57 39.7904 34.4109 -1.9407
58 39.3105 11.5109 3.61012
59 4.26767 34.0901 0.58974
60 9.67586 24.5737 4.52189
61 19.042 26.5537 -1.8315
62 30.3017 39.1139 0.544484
63 10.6879 17.8774 1.02937
64 39.1316 24.172 -2.20965
65 17.2691 5.19785 0.234571
66 6.35481 20.1365 -0.17081
67 19.6576 20.8516 0.47564
68 7.66545 6.45009 0.0237434
69 18.294 8.57227 -1.61513
70 7.48158 36.8655 2.52553
71 11.7855 11.6653 0.757155
72 4.86321 14.5579 -0.51228
73 18.8638 23.8504 1.44537
74 10.4318 37.1436 2.4951
75 5.92855 37.2264 -2.05934
76 19.0294 8.97516 -0.593905
77 14.6232 26.2551 2.27217
78 36.4846 28.8012 -2.11084
79 33.566 4.03602 1.2368
80 34.8054 4.70347 -1.24081
81 10.7323 21.607 0.622255
82 12.0426 5.90297 -1.92384
83 16.5178 23.1646 -2.20746
84 22.352 17.7123 -0.388159
85 1.46338 15.5036 2.5746
86 20.1881 7.2559 -0.188027
87 17.7625 38.931 0.819212
88 4.30797 39.255 -0.692487
89 10.7056 31.3443 -0.158728
90 34.5263 32.6177 3.7374
91 24.5609 13.385 0.886516
92 17.8334 15.2035 1.57811
93 17.1656 10.0986 -1.1196
94 10.5547 13.9629 1.64399
95 18.3361 5.33867 -1.3985
96 13.3564 28.514 -0.820545
97 25.451 32.4411 0.237109
98 37.6891 30.0707 1.49441
99 6.51913 29.4632 0.0991354
100 31.523 11.9446 1.90969
101 16.4642 23.3611 -1.57874
102 18.3395 34.3634 -0.591615
103 14.4029 4.82686 2.35749
104 29.3114 5.2737 -3.21066
105 24.5323 28.6908 3.31135
106 36.5916 8.24736 0.859903
107 16.4033 23.5138 -1.4319
108 28.0758 10.5538 -3.33712
109 33.3119 32.6889 -3.05811
110 11.8713 35.0395 1.4306
111 9.37435 31.3265 0.711523
112 30.9015 39.7886 0.545786
113 34.032 18.9491 -1.08399
114 3.89766 28.7426 -3.17066
115 32.246 20.9059 -2.01552
116 26.0265 26.8157 1.97788
117 20.7661 31.5983 4.65763
118 23.6398 37.0805 -2.01565
119 39.1243 16.8415 -1.84577
120 38.403 33.5315 1.00434
121 25.7744 16.9219 0.509548
122 37.8051 11.2268 1.04431
123 1.45618 22.3482 -1.74573
124 15.6238 37.9432 2.16104
125 23.6584 36.1272 -3.4188
126 20.0583 22.4399 0.50145
127 0.375719 2.594 -0.998301
128 30.2834 11.3556 -1.57959
129 1.51228 11.9334 1.96797
130 33.9829 7.84958 -2.23475
131 30.747 31.3536 1.13201
132 17.3378 37.7929 0.47523
133 27.6805 34.6612 -2.09888
134 12.8295 37.5897 -1.49708
135 18.2964 4.42335 0.2456
136 26.1769 5.50427 -1.6256
137 32.2125 1.40591 0.611052
138 10.0911 18.1948 -0.49387
139 16.0913 3.1944 -2.03042
140 17.53 30.9343 -0.684059
141 35.9576 33.2477 -0.219847
142 25.795 0.924944 1.07132
143 14.6807 26.1931 -0.797288
144 9.09256 22.3752 -2.36634
145 28.6876 25.655 1.22785
146 35.864 8.78897 0.816122
147 32.4576 35.4396 -1.01427
148 38.8767 11.2961 1.17611
149 14.5007 22.4324 0.695258
150 14.6676 14.3885 1.52186
151 37.2693 36.8996 -2.61365
152 14.2894 15.0183 1.97464
153 26.5531 1.99204 -0.134876
154 30.7434 32.8861 3.05809
155 28.6579 35.3397 -0.612343
156 34.954 24.7917 2.67537
157 18.9261 14.4666 -2.95239
158 19.9258 31.779 0.548868
159 16.6988 30.5189 0.943261
160 5.06305 16.6363 -1.33436
161 9.22865 19.0166 -0.929318
162 24.5383 0.533038 2.9908
163 10.1816 8.94659 -0.130206
164 16.8063 1.15384 1.20589
165 25.0795 2.09206 -0.581894
166 35.7654 3.28544 2.67472
167 11.2435 5.43754 -2.81916
168 36.7939 18.7774 0.604227
169 0.522293 36.172 -1.93491
170 0.507173 34.4166 -2.43635
171 17.0133 35.941 -2.49851
172 36.733 16.5257 -1.54246
173 20.6877 26.9657 -2.41122
174 10.8892 32.5726 -0.441959
175 2.30372 13.6199 3.63377
176 24.8509 24.5589 -1.9773
177 17.7202 6.19313 -0.132025
178 21.3831 14.86 -3.34951
179 28.0886 9.90253 -0.758357
180 10.7248 9.95436 -0.463818
181 34.6886 29.99 2.38015
182 17.0865 13.4546 3.34698
183 3.15455 18.8233 -0.54683
184 23.4672 36.1591 -1.58385
185 9.85152 10.5791 -0.199398
186 32.0381 8.05082 2.10927
187 7.86074 37.5764 3.17331
188 25.4393 16.3114 -1.52373
189 10.5619 22.4808 -1.38528
190 27.4776 23.1859 -1.77188
191 8.85174 31.8274 3.24411
192 32.233 8.12639 3.60865
193 30.5492 19.1513 -2.33222
194 8.09653 30.3365 2.69319
195 19.9449 16.3379 -1.31967
196 30.2835 37.3132 0.601434
197 17.3061 1.24481 -4.30748
198 32.1016 14.9223 -4.54118
199 13.9835 11.0727 2.97347
200 0.280624 39.1001 0.93404
201 31.276 16.607 1.02597
202 18.3686 18.3466 2.41147
203 24.4309 13.0637 -1.84924
204 33.2029 37.435 1.15536
205 38.1269 33.8052 -2.08394
206 12.0577 4.60553 -2.00487
207 37.9411 30.668 3.52539
208 29.7494 31.1294 1.20649
209 14.0584 31.0965 3.84992
210 4.21992 19.9209 0.915512
211 34.3007 24.8797 3.62168
212 37.4145 31.957 -0.660445
213 3.18687 7.68089 2.61201
214 39.2377 21.1368 -2.72869
215 39.1595 20.1919 0.848185
216 29.9224 25.8015 -0.779715
217 3.89411 7.00217 0.0729332
218 20.1274 19.8249 0.168031
219 18.4832 7.55594 -0.703286
220 16.9183 6.38697 0.0105175
221 26.0719 8.95436 2.80083
222 34.4179 21.7472 -2.91793
223 17.6234 38.6979 -0.594675
224 13.024 31.1674 0.241418
225 35.7114 11.7304 -2.38479
226 3.48392 19.9796 -1.7503
227 6.17102 39.4544 -3.2114
228 22.6996 6.45688 3.30253
229 36.4793 18.892 -0.343904
230 26.1144 4.6486 2.31087
231 16.0784 20.564 -2.15456
232 27.5881 13.9129 0.63851
233 1.33281 10.9648 1.24004
234 6.5883 36.9354 -1.57775
235 3.77073 8.21156 2.59874
236 8.3187 37.874 0.368769
237 12.222 30.1132 2.5744
238 14.2406 12.7042 1.32285
239 37.8782 13.8473 -2.91253
240 23.8508 26.0057 0.32075
241 16.3523 29.2552 2.57579
242 2.9397 8.30309 3.41933
243 26.2476 39.0918 0.869155
244 36.8928 18.138 -4.25036
245 19.0348 8.54627 -0.752965
246 30.6313 11.7046 3.21338
247 2.19075 1.92388 -1.98707
248 6.11674 24.1765 2.10114
249 17.2341 34.5275 -4.40273
250 4.81104 38.1623 -0.434091
251 35.1001 6.7401 0.593281
252 30.6396 18.9093 -0.989145
253 26.5781 11.094 -1.76879
254 36.0244 30.4227 0.415273
255 32.1526 21.4441 -1.82225
256 0.102079 3.11096 -2.65224
257 29.4426 17.4219 -1.58824
258 30.0743 39.1787 3.07837
259 30.1866 17.6321 1.05515
260 4.91035 6.01678 1.1084
261 31.3414 21.2822 -2.42381
262 28.0054 30.3634 -0.00777125
263 5.58291 2.58345 -2.70153
264 1.20941 35.0116 0.193903
265 1.80988 16.1157 3.55921
266 2.76245 9.99398 1.88522
267 8.04924 24.9365 2.06389
268 3.74234 29.61 1.2514
269 19.7854 37.3624 0.640845
270 2.89466 11.1005 -2.92136
271 29.5421 9.97416 -0.501282
272 21.2638 11.3671 0.192305
273 33.8068 33.8526 2.17168
274 7.78404 6.99239 -0.152353
275 0.651418 18.0601 3.89595
276 30.7817 26.9822 3.11619
277 6.88112 29.262 -3.36821
278 8.11436 3.96393 0.596746
279 4.78936 17.8776 1.75678
280 34.2106 19.7818 -0.337961
281 29.9651 18.6194 -0.566448
282 13.9794 17.7699 1.45691
283 20.4706 39.317 -3.47056
284 32.9981 22.2685 4.34436
285 33.9975 38.0168 0.754245
286 33.7436 8.05201 -1.45571
287 5.31609 18.6423 0.453326
288 9.26938 33.064 3.12959
289 15.6019 30.9674 -1.63683
290 35.7917 21.3735 0.387181
291 16.8681 18.6311 3.74521
292 39.2215 25.9747 -1.25879
293 7.20694 6.13962 -0.466832
294 25.6569 33.7882 -1.2233
295 11.5292 10.5624 -0.445226
296 32.6687 22.9486 2.01507
297 4.14205 27.8066 1.32522
298 28.6257 26.7615 1.93691
299 18.871 34.1277 -0.24029
300 23.636 7.10341 1.19816
301 32.0824 20.9715 3.08281
302 15.2567 31.9919 -3.07205
303 6.92448 31.7529 -3.08208
304 14.1572 22.647 1.30066
305 3.52606 19.4635 -1.28414
306 28.8296 13.8328 1.75053
307 10.1046 20.4855 0.200043
308 1.75036 19.5072 1.45187
309 16.1457 3.23681 -0.501806
310 17.8614 20.7095 1.37215
311 26.0502 4.64533 3.90699
312 39.7923 0.515792 -0.674675
313 36.7411 0.730862 -1.92172
314 22.0904 4.37889 4.06831
315 4.0995 28.9604 4.33705
316 32.8135 37.5375 0.796145
317 31.5982 35.874 -1.70448
318 25.2794 25.9141 3.65917
319 5.482 37.8026 -0.457216
320 1.64149 22.2368 -0.21306
321 32.2185 5.98588 -3.54348
322 6.32248 37.6548 1.14973
323 21.3341 38.3829 0.806729
324 34.1845 14.1958 1.3171
325 8.97477 22.5777 0.821557
326 36.1987 1.73349 -2.78179
327 12.5375 5.40497 -2.2422
328 14.8988 30.563 -3.46956
329 39.3491 22.5241 1.99511
330 4.49409 7.03446 0.477165
331 15.4527 31.6272 0.155341
332 34.3177 10.7592 -0.256228
333 20.9263 18.364 -4.0446
334 8.89573 11.1464 -1.07669
335 8.83924 2.04292 0.23906
336 21.6741 0.713857 0.668529
337 6.59047 15.2303 1.33898
338 12.3801 31.6808 1.02099
339 34.0463 33.4086 0.849927
340 11.6362 21.6096 -4.67135
341 32.6053 33.2442 -2.31594
342 14.3483 12.3321 -0.112329
343 11.0443 15.8014 -0.310753
344 10.7672 37.9362 2.74215
345 34.1411 28.5649 1.48666
346 15.5925 6.55661 -2.11423
347 9.34064 31.2392 1.50242
348 12.7261 18.7753 -2.84431
349 16.013 17.8981 2.36998
350 10.6387 11.0094 0.151815
351 8.10097 23.937 0.980978
352 28.2913 21.4698 -0.0103772
353 24.4299 2.59331 -0.216807
354 39.1066 39.2341 2.51274
355 19.5596 23.9365 2.97298
356 31.8268 33.7089 -2.9893
357 13.3421 28.9765 -2.24892
358 12.8476 20.1742 -4.27217
359 39.9272 29.3758 -0.779198
360 32.9403 27.5326 0.221362
361 31.7025 29.6597 -0.603547
362 34.4272 26.4746 0.576953
363 34.8012 2.34528 1.28001
364 4.02416 6.59571 -0.29682
365 5.37675 37.839 -0.0966919
366 13.9762 7.35546 2.54446
367 17.0575 31.892 0.563741
368 23.2987 3.70256 2.94544
369 13.683 28.9935 -2.10301
370 23.3134 24.2684 -2.04912
371 27.5114 23.7722 -1.43891
372 27.4289 30.0172 1.24885
373 8.22056 9.21074 0.104082
374 17.782 17.8572 1.67327
375 13.2487 9.45593 1.67718
376 1.96816 32.8094 -0.589243
377 2.98221 9.65453 1.44158
378 12.9201 6.13634 -4.13304
379 30.3462 1.4542 -3.07852
380 38.4892 26.2451 -0.265007
381 12.4201 30.2475 1.1998
382 37.4064 16.6135 -0.454616
383 13.5504 32.712 4.44702
384 20.8653 1.44507 -2.23715
385 21.024 22.1867 -1.5232
386 18.4211 7.26941 -0.0959838
387 10.5172 5.72378 -3.10753
388 30.1106 24.8515 -1.53749
389 7.5419 39.2902 -4.14418
390 29.0693 26.3131 0.37816
391 16.2624 17.4288 4.54896
392 21.7276 23.508 -0.573176
393 22.9795 15.5169 -0.727028
394 38.0877 38.5936 3.79641
395 35.5248 12.9215 4.36049
396 2.54059 2.68902 -2.91844
397 6.50872 39.0297 -3.62175
398 3.11872 30.5509 0.510144
399 0.438961 19.6166 -1.08808
400 2.0103 0.499992 -0.890494
401 24.5335 36.4046 0.249173
402 32.974 7.55871 2.00313
403 35.9973 25.091 -0.389125
404 31.3563 31.822 2.17746
405 2.28303 24.3466 3.54493
406 27.3352 1.1171 -0.488626
407 36.6929 2.48122 -4.39406
408 8.79002 14.3133 1.84707
409 14.1107 5.87626 -1.40362
410 25.4324 18.194 4.18618
411 18.0407 26.2295 -4.42254
412 2.80447 10.026 2.7104
413 12.5375 12.1281 0.494364
414 2.05681 21.484 -1.51024
415 14.7433 28.9941 -0.310438
416 27.5143 38.3263 -0.347313
417 8.37958 2.6324 0.466185
418 27.4504 28.0199 2.47584
419 26.2548 15.8817 -0.920231
420 20.5053 38.4114 1.81141
421 0.469098 14.2399 2.26036
422 14.9713 10.8616 1.59911
423 25.3678 14.7172 2.66943
424 24.9791 23.0991 1.44588
425 22.2655 39.6041 -0.987338
426 3.10183 19.6255 -0.967287
427 16.2665 18.1264 -2.74863
428 34.3836 7.35275 -2.50396
429 2.54399 8.22583 1.72834
430 16.807 14.1569 2.17892
431 8.65851 11.1639 -0.657824
432 14.7283 37.3362 0.782067
433 31.5545 19.2753 0.472457
434 4.5476 24.4154 -1.76974
435 23.2644 38.3553 -1.56963
436 1.76483 23.8054 2.17218
437 11.5754 33.6153 2.16149
438 11.8505 20.853 -3.8557
439 36.4351 21.9796 1.57753
440 28.6648 39.0962 1.80389
441 8.25868 2.2456 1.46254
442 14.0532 26.5578 -1.05978
443 21.2937 16.264 2.07144
444 10.126 10.3039 -0.446647
445 1.55457 23.694 3.96463
446 21.1415 11.1695 2.47534
447 2.51274 8.82673 1.00589
448 36.6199 31.548 1.60563
449 9.34973 15.502 -2.04061
450 12.1471 16.7136 -2.84207
451 3.84769 11.7985 -2.7803
452 17.6346 14.9573 1.4032
453 3.35922 37.6859 0.380445
454 3.49828 8.698 0.273894
455 29.3965 5.06913 -1.14994
456 17.3621 8.66273 3.04863
457 22.6747 22.0947 -0.182758
458 35.9904 18.3912 1.80847
459 10.072 12.5369 -2.70936
460 16.5584 3.44803 -1.70183
461 6.90058 32.2141 3.73275
462 26.883 13.8127 0.830566
463 3.45825 32.238 0.582904
464 33.3844 19.1824 -0.960305
465 35.5178 17.2433 0.758824
466 33.09 23.7566 3.02504
467 4.74672 37.1578 -2.17552
468 25.3181 36.9855 -0.81439
469 16.2376 28.6796 -0.0946746
470 12.6109 13.9633 2.05199
471 38.621 12.5132 4.21568
472 12.33 14.1457 -0.687319
473 14.6506 8.33932 -1.55862
474 8.34869 32.6639 3.33099
475 33.8908 10.7097 -0.700511
476 23.1434 29.0111 1.90347
477 12.8975 31.3229 3.67162
478 34.537 14.2724 0.230638
479 5.07247 29.9023 1.39187
480 34.299 18.0102 2.83902
481 22.8853 35.8654 -0.0175732
482 6.66853 30.932 3.84207
483 10.1644 29.7642 1.91662
484 13.2849 32.1962 1.03826
485 8.06702 33.1165 1.38358
486 19.6679 26.6764 -2.39342
487 32.1494 28.3655 2.44236
488 36.7447 6.77548 -1.49639
489 22.1914 4.00058 0.50615
490 5.45243 8.40601 -2.24237
491 17.5376 9.88277 -4.10829
492 26.0667 2.46139 -0.745073
493 38.89 25.8537 1.15172
494 5.49459 16.5233 -1.88223
495 31.7986 12.8254 -4.11248
496 31.578 19.0297 3.45741
497 5.40057 33.418 -0.17383
498 22.5749 14.5488 -1.71651
499 5.32673 14.1656 2.28481
500 6.21362 14.284 3.58907
501 30.5601 19.4066 -2.66235
502 7.24643 1.0896 -1.03369
503 14.8057 22.9989 1.77231
504 37.5394 29.9704 1.18464
505 6.92927 8.3262 1.90692
506 31.878 26.5658 2.81634
507 23.2254 6.96806 4.51244
508 39.4256 32.9643 0.991091
509 33.2534 1.14821 4.14579
510 34.7258 1.53377 3.07633
511 25.5865 36.1688 3.27665
512 38.8421 34.6169 1.12564
513 14.9003 34.9372 2.10586
514 11.0554 24.6729 1.61908
515 19.2599 13.3132 0.990074
516 24.4901 0.426576 2.13443
517 11.4188 3.99629 4.11505
518 22.4584 11.8759 -0.253047
519 23.6606 9.93221 -2.32512
520 32.4552 1.74916 1.21695
521 33.3918 32.6438 -1.03918
522 16.8986 22.9616 -1.21774
523 11.193 18.1795 -1.46611
524 39.373 25.5204 -1.16751
525 11.1367 14.2606 1.53961
526 39.5656 20.8378 -2.79777
527 16.7553 6.38653 1.35509
528 22.5938 4.24097 3.46239
529 31.3608 39.2155 0.739004
530 3.66447 8.49742 2.6062
531 31.4954 8.60918 -1.34462
532 23.3948 38.137 -1.38017
533 22.6097 27.7844 -3.3339
534 15.7003 26.3505 1.62922
535 6.86649 7.31275 3.0291
536 31.2648 14.9183 -4.45255
537 39.6428 17.5045 -1.85646
538 39.7299 0.536483 -0.663329
539 6.23109 1.24143 -2.84857
540 37.4199 22.9699 -4.23051
541 27.8133 22.0214 -1.69325
542 0.682704 28.8388 -0.955812
543 11.5624 18.1311 -0.101554
544 6.78205 37.0474 -2.56191
545 13.2876 22.9511 -1.17106
546 36.6974 37.5418 0.797133
547 6.04395 14.282 1.50482
548 39.0001 0.807478 -1.14565
549 6.43402 21.2329 -0.918663
550 10.8153 31.0219 -0.0677684
551 22.1261 17.6486 -1.99216
552 38.6825 11.0894 4.28309
553 18.4403 27.2145 0.689571
554 17.5285 11.9465 2.92145
555 31.2307 16.9798 -1.11688
556 29.974 19.6574 0.166242
557 7.01616 28.802 -2.13789
558 28.3622 1.6058 -1.24346
559 26.8253 29.3396 -0.719305
560 32.0889 20.3986 1.53485
561 13.1616 19.1156 -2.77687
562 6.06422 23.2564 4.53886
563 0.0942598 18.6428 2.5837
564 12.5625 16.4299 -1.90886
565 36.5715 14.7696 2.47899
566 17.5895 37.7859 -1.46231
567 26.3522 12.9977 0.767384
568 34.7621 8.12734 -3.08511
569 3.31218 19.9578 0.891142
570 3.86265 20.8692 -2.14414
571 23.9635 12.9826 -0.976476
572 0.779627 36.7258 -1.04662
573 22.3898 39.1431 -2.1184
574 10.9981 19.608 0.519763
575 20.6034 17.708 -3.15336
576 2.33351 6.79337 2.80781
577 27.694 32.3824 -0.500924
578 2.12664 38.2823 -2.8232
579 8.32462 10.9866 -1.6911
580 9.41151 38.7652 -0.904954
581 5.16993 33.7285 3.83633
582 24.2862 25.2866 -0.875562
583 23.2366 32.9071 -0.638364
584 35.4622 12.6404 3.67257
585 3.5398 12.8483 3.94459
586 28.9359 20.087 1.39202
587 31.2889 33.3454 -0.130752
588 19.2466 36.4934 0.433426
589 25.3865 26.78 0.356216
590 9.6916 8.53663 -1.43215
591 4.56793 23.9068 -2.95507
592 34.3396 30.299 1.51466
593 16.953 26.471 -1.2212
594 11.951 4.956 -2.03606
595 17.5229 25.6507 -2.04856
596 33.9761 32.8573 1.51784
597 28.0104 10.3394 -2.2725
598 35.1906 10.4605 1.26059
599 18.9807 36.3231 -0.277786
600 5.81819 37.7937 -0.363486
601 22.933 32.8273 1.91643
602 2.48603 19.8619 -0.778173
603 17.8183 18.2923 1.97912
604 37.7615 25.9052 1.99383
605 9.27981 34.0904 -0.412009
606 2.76795 29.3819 2.28196
607 6.24568 9.26592 -2.66318
608 6.16588 36.7755 1.07215
609 24.2258 37.7186 0.125626
610 36.0647 29.4782 3.95736
611 38.9149 21.2714 1.46652
612 19.0098 8.08305 0.842247
613 29.1475 10.1209 -0.720302
614 3.41064 9.09026 0.815092
615 28.5749 11.251 -0.497568
616 28.4373 13.6793 -0.200808
617 22.2134 30.211 2.01251
618 31.6285 1.66645 -0.760192
619 24.8849 32.8767 -1.2299
620 34.4115 31.0796 0.452504
621 35.6525 13.5179 4.91406
622 10.7266 32.9845 0.266581
623 25.7509 16.2113 1.52856
624 37.5892 37.4082 -2.66435
625 22.208 5.9547 2.31161
626 9.96329 32.7032 2.0479
627 7.53202 32.5345 3.47166
628 28.8258 6.97665 2.8191
629 31.1313 0.397271 -1.45925
630 31.6076 28.6714 1.59802
631 28.208 37.278 3.51026
632 30.8578 31.4087 2.90411
633 30.7491 26.5226 1.82468
634 38.7557 35.0754 1.48934
635 24.6385 24.9194 -0.385254
636 25.4609 5.98067 0.785892
637 1.07117 20.0163 -1.00865
638 38.0953 28.7894 -2.61903
639 28.4118 9.54011 -0.33926
640 5.39757 14.8177 -0.4914
641 22.1529 36.073 -2.07986
642 15.5756 1.38353 2.60887
643 24.1205 24.7133 -1.55146
644 16.1021 6.55406 -0.886939
645 3.67869 7.52654 2.30935
646 13.344 13.5097 2.8616
647 14.1191 16.377 3.43257
648 31.3637 37.0909 -2.20461
649 19.1394 30.3887 -1.06148
650 28.6692 7.175 3.93984
651 28.4371 20.1531 -2.71407
652 2.40466 37.5675 -0.504174
653 17.1309 38.138 -1.21296
654 20.7025 13.3874 3.55045
655 37.9823 39.3032 3.70392
656 13.9733 14.032 -0.654685
657 24.3364 3.74379 -2.59503
658 6.31734 26.9796 0.384683
659 26.5836 1.56471 -0.0168793
660 26.8605 11.932 -0.984288
661 36.2954 17.3679 -1.04334
662 26.6885 32.2917 -0.430961
663 17.4323 13.9303 3.57229
664 31.7614 17.0573 -1.17634
665 32.3362 1.04142 -0.0408782
666 33.0134 4.63025 0.671274
667 37.4935 34.4979 0.0658359
668 5.92723 34.531 -0.454737
669 13.7154 28.172 -0.225497
670 37.24 27.4244 0.367905
671 24.5361 37.3759 1.69627
672 12.4855 25.4736 0.708108
673 34.7733 4.59229 0.593571
674 14.4513 20.5928 -1.5406
675 29.8138 18.6834 -0.0309474
676 29.273 39.0532 -0.16451
677 36.9924 11.332 1.99969
678 25.2374 37.1074 0.56518
679 20.9358 12.96 0.971323
680 11.5399 21.1989 -0.742273
681 13.8747 35.8258 1.51627
682 30.4725 39.8964 -2.85034
683 33.7657 17.6919 2.30275
684 4.84254 32.639 2.77348
685 25.3712 28.6217 1.67655
686 2.5242 0.474467 -1.0029
687 28.2727 7.81676 1.07031
688 38.6217 0.169553 1.65248
689 12.1025 38.8684 -1.9182
690 15.8059 29.2985 1.97643
691 11.8119 32.6943 -0.513563
692 23.0072 15.2964 -1.31711
693 38.6418 17.791 -3.01735
694 26.7804 30.3095 -0.634071
695 14.4846 31.3269 0.38527
696 34.058 29.1879 1.56766
697 25.9811 9.54803 4.10985
698 36.0504 8.91292 3.54979
699 25.4391 19.9282 -2.66276
700 5.89269 1.85601 1.66904
701 28.9241 4.54616 -1.88506
702 3.67772 3.13461 -1.82469
703 29.5113 17.339 -0.0398271
704 29.6455 29.1154 3.19436
705 5.98191 38.9445 -2.69579
706 36.6711 34.2826 2.79351
707 16.3026 7.7696 -3.81276
708 24.8367 17.7703 -0.114148
709 25.0351 2.04139 0.889763
710 17.7166 27.7069 -1.67032
711 33.2941 29.4516 -0.915927
712 29.6682 18.3065 4.3686
713 38.3093 9.60205 2.6777
714 19.7842 30.3254 1.50649
715 34.0151 2.29785 1.78646
716 23.9411 35.4347 -0.331636
717 17.5305 26.1714 -1.73224
718 11.5591 28.3528 -3.94802
719 12.1892 32.9443 0.300666
720 18.7947 27.0294 -0.32003
721 30.0338 39.021 -0.460596
722 2.9065 7.28113 2.89002
723 17.5276 0.161116 -1.00985
724 8.97392 4.54365 2.4477
725 31.9016 9.50785 -0.584366
726 7.85973 30.7587 1.09821
727 3.12588 33.0891 2.66301
728 37.5787 5.95402 -0.540054
729 21.1154 0.591764 -1.79884
730 19.6754 15.509 -2.01276
731 29.649 19.2489 -0.42091
732 22.299 38.3834 0.149575
733 37.7932 29.7621 4.05333
734 23.8385 16.8652 -2.1531
735 16.416 16.6822 1.86027
736 21.81 23.4644 -3.1738
737 35.1619 29.9722 3.82896
738 14.6818 5.38939 1.23463
739 12.5712 28.19 -1.58542
740 33.45 20.2257 1.73686
741 1.4241 33.1446 -4.0484
742 21.1611 11.9725 3.01939
743 16.9584 26.3153 -4.19755
744 31.4632 29.7255 0.655155
745 16.0112 28.4498 2.66716
746 15.7868 19.6209 2.74538
747 12.6985 23.2614 -0.0365763
748 17.0012 31.0458 -0.995844
749 3.76451 8.59543 1.39161
750 9.3744 32.0568 3.61426
751 8.68398 37.5208 3.34763
752 39.2717 16.1124 1.80468
753 3.36952 23.1566 -1.91537
754 34.8774 14.8887 -1.30806
755 22.4963 10.1918 1.72705
756 30.515 10.6916 -4.72226
757 17.0914 17.5925 3.08226
758 33.2192 32.2255 -1.14309
759 11.3213 31.3688 -0.9556
760 29.2118 37.8294 2.20056
761 16.1554 12.1776 0.866822
762 19.9313 31.5848 1.15245
763 22.3036 3.82271 3.60654
764 28.2391 5.66155 -2.12774
765 27.5474 28.5405 2.72454
766 11.4714 16.3082 -3.88104
767 34.5596 18.1137 1.58165
768 5.64592 10.6062 -0.684834
769 23.1118 30.606 1.31566
770 13.9313 26.3579 0.683816
771 37.696 18.4706 -2.92142
772 13.6511 31.3179 2.74219
773 29.1156 28.8804 3.7731
774 38.9481 38.798 3.20031
775 21.6089 16.9465 2.06999
776 11.3395 20.4274 -1.82727
777 39.0542 20.2651 -1.75235
778 29.6011 25.4919 -2.2447
779 24.2598 2.015 2.31173
780 2.55998 7.39712 1.08636
781 28.4207 0.375962 -0.683307
782 11.5074 6.23226 -2.77895
783 18.4911 11.8769 2.81116
784 31.0445 0.604827 -0.544574
785 23.6155 23.3632 -3.54868
786 10.5483 27.2773 -0.283735
787 26.1756 3.2088 -3.28425
788 1.68127 27.5096 -1.2357
789 39.5452 15.8254 3.33523
790 7.54705 35.5889 0.618195
791 20.6756 16.9608 -2.13428
792 10.8751 32.0705 1.28683
793 21.943 38.9124 0.760174
794 17.8033 21.884 -3.30523
795 9.21303 11.9254 -0.0660434
796 16.4968 26.3037 -2.96482
797 6.58408 32.3408 4.25052
798 24.3384 3.84474 -0.789544
799 18.7609 36.7358 -2.16793
800 30.4629 8.27819 -2.79462
801 22.5382 13.59 0.791284
802 37.6242 10.9004 0.471862
803 7.44731 36.7917 2.74042
804 0.249783 14.7298 -0.722909
805 35.6478 19.9857 -0.243713
806 10.9003 19.5847 0.143991
807 26.163 4.30247 2.62249
808 29.6071 25.2308 0.362883
809 16.161 13.8186 -3.94172
810 16.1751 36.3809 -2.58443
811 9.34511 29.0349 1.55368
812 16.7632 35.236 -3.27222
813 34.7454 1.28665 0.698595
814 29.112 34.5509 3.25102
815 32.3722 19.3589 3.25436
816 13.9155 31.8013 0.413108
817 13.5156 31.8413 2.38114
818 12.3342 11.1964 -1.55516
819 25.3221 2.07372 1.91195
820 38.6857 39.7729 4.19061
821 15.4943 10.5724 1.59392
822 7.87009 10.9507 -3.10734
823 39.6879 1.62711 0.423506
824 38.6121 10.7039 3.94471
825 34.6074 28.6978 0.0718409
826 1.95356 9.45713 4.03062
827 35.6286 13.9196 -1.36926
828 27.6436 10.284 -3.01626
829 17.0101 39.6487 -1.38301
830 12.7317 20.2785 -4.39591
831 12.7495 36.6581 -1.00516
832 35.3202 29.1159 0.836362
833 13.7611 20.6788 -1.37627
834 18.7083 8.6161 -2.33884
835 7.64112 30.73 1.17641
836 19.9237 36.7496 1.07892
837 36.9964 28.4556 -2.28507
838 28.7671 11.1707 -3.18189
839 36.9868 24.8223 -0.546448
840 27.7479 21.1477 -0.174705
841 31.0824 39.0201 2.19118
842 26.5177 29.2054 0.790154
843 15.4081 1.72863 1.55378
844 8.46476 13.3594 1.45378
845 1.06234 31.3867 2.6595
846 13.1759 35.7224 3.90417
847 0.811368 22.5842 -0.861431
848 23.4284 14.6613 -2.56184
849 10.9009 20.1913 0.137304
850 4.03414 37.4099 -2.36233
851 39.109 39.0317 2.02151
852 26.3633 31.0512 1.48273
853 30.4357 25.3016 -2.13679
854 1.29424 33.207 -0.63989
855 19.3367 1.02708 2.38032
856 18.772 31.0994 -0.579908
857 6.80797 21.4271 1.70371
858 0.122488 26.4806 -0.507758
859 20.1436 38.8583 -2.24153
860 29.5376 24.4463 1.72567
861 0.677048 13.5424 -3.00672
862 3.9884 35.3881 -1.18635
863 13.4222 19.5 -4.56093
864 26.237 12.6898 -0.792485
865 27.9658 28.0401 3.24382
866 28.8634 38.2875 1.07596
867 15.0034 38.2423 3.49058
868 32.7265 24.337 0.600506
869 35.2119 14.1532 2.46713
870 5.78872 38.9522 1.09292
871 21.0343 22.1319 -1.50504
872 34.1925 21.8156 -1.2304
873 20.1135 16.8768 -4.05394
874 33.1274 8.41928 2.1307
875 1.98642 9.26153 2.27339
876 3.11995 7.7999 0.158862
877 38.9735 2.00863 1.12245
878 0.922757 39.1224 3.07485
879 4.50408 35.6113 -1.09058
880 0.103621 20.9935 -3.17703
881 12.283 20.9114 -4.59527
882 20.2905 6.08302 -1.67114
883 2.38348 25.6602 0.312568
884 13.4548 18.8984 -2.97304
885 9.12193 13.4547 1.76694
886 14.534 27.9688 -1.20322
887 36.4443 16.6845 -0.968945
888 37.2757 31.9353 -0.993492
889 6.28389 11.3147 -2.73802
890 20.1971 12.9131 2.64394
891 21.7063 18.3521 -1.16988
892 29.1017 5.07648 -2.51819
893 29.1061 28.8937 3.52168
894 34.5766 31.4204 -0.963318
895 33.0424 19.8323 1.46019
896 14.1398 34.8306 3.00498
897 4.20587 8.65391 0.374738
898 17.0059 16.1864 2.31925
899 6.97705 29.0572 -0.591915
900 16.644 6.40519 3.05844
901 1.89279 37.8444 -1.23073
902 1.13832 32.5754 -2.83
903 7.05474 30.3672 2.71742
904 19.3941 2.89664 0.603507
905 19.3409 31.3463 0.00781391
906 26.509 24.8168 4.03951
907 24.223 29.4871 1.41842
908 30.3007 38.0362 -0.0417378
909 22.7412 4.84262 2.09455
910 35.2838 16.309 -0.251655
911 31.406 26.2461 2.07185
912 24.3889 25.3588 -0.0546881
913 1.19023 21.5945 -0.672337
914 11.0116 24.9668 -1.51337
915 34.7454 39.039 3.46455
916 25.2881 20.3899 -1.56696
917 5.9403 30.6653 -1.31054
918 2.47073 35.7672 -2.69206
919 29.8773 18.2271 4.71215
920 0.233897 18.9738 -2.02111
921 35.5899 21.9838 1.68409
922 25.3505 12.8638 -0.978125
923 11.008 25.3741 -1.97702
924 25.4692 37.7587 -0.665483
925 22.3523 4.03597 1.72772
926 24.6703 36.6747 -1.20182
927 11.6822 31.6547 0.260601
928 34.1033 3.64301 3.82396
929 37.0454 30.2316 2.65566
930 13.799 8.91486 1.66069
931 22.0025 18.6753 -1.14971
932 11.6779 24.32 0.283128
933 10.3469 8.95593 -0.609067
934 28.0017 30.6603 0.310441
935 2.32865 6.49763 1.94945
936 2.78522 24.1514 4.3722
937 8.91866 37.9671 2.2459
938 19.8376 22.0916 -1.721
939 24.8731 7.13801 1.20215
940 17.7579 19.1755 0.37953
941 21.1743 23.4296 -3.74222
942 2.25937 8.60105 3.7101
943 10.5216 5.7119 -3.08242
944 36.701 29.8746 1.18902
945 7.35437 3.2029 1.66744
946 20.1701 22.1995 1.21012
947 24.7881 3.61612 -0.0469318
948 9.70389 31.4542 0.441439
949 5.12229 6.85714 0.859395
950 34.9669 21.8444 1.36637
951 22.0896 9.00256 -0.526007
952 15.53 13.4588 0.328741
953 36.4158 13.0529 0.655678
954 4.63612 37.285 1.18045
955 39.4685 12.2232 2.13335
956 33.1698 6.53537 -4.21479
957 31.9344 14.8345 -1.81016
958 3.38461 31.3344 3.60869
959 30.576 32.8153 2.52958
960 3.46538 7.93017 2.52273
961 1.75491 36.2051 -1.48586
962 12.9349 30.2444 2.73062
963 14.8692 28.7121 -2.03167
964 5.38178 10.4786 0.144922
965 0.769473 32.7022 -2.54925
966 16.3931 18.3959 -2.75017
967 23.8234 39.7689 3.86806
968 34.3625 30.7681 2.46475
969 13.8732 38.5295 0.497912
970 23.3371 0.904831 -3.03502
971 37.9331 11.5778 3.07092
972 8.66715 18.8765 -0.792827
973 12.0646 20.1199 -1.06059
974 25.8615 16.1548 0.00779968
975 14.0674 28.4334 -1.62488
976 5.03694 3.4102 -0.108924
977 5.63205 1.57237 -2.30726
978 11.5595 22.0714 -3.70219
979 4.01512 33.0721 2.31857
980 38.1269 11.7727 1.01497
981 4.30451 8.3782 1.75639
982 4.72995 4.11476 2.51997
983 21.6497 16.7461 0.686877
984 12.8335 33.349 3.71609
985 5.04881 20.276 -1.31804
986 28.931 17.1966 -1.39992
987 6.75855 6.76451 2.32049
988 0.807724 32.3437 -3.01705
989 15.2477 27.2047 2.44376
990 28.7364 21.0892 -0.585956
991 12.4806 21.0778 4.19947
992 0.0999429 14.2148 0.433019
993 9.06857 18.3374 -2.07241
994 27.3197 20.2644 -0.9096
995 9.58376 21.4546 0.554132
996 33.6386 17.7902 -0.625882
997 37.8829 11.5857 0.15871
998 38.476 2.95364 0.982085
999 33.0993 28.9666 0.729016
