1000
Particles
0 0.155487 3.24218 -0.683511
1 33.4306 18.3808 2.85063
2 25.2147 3.07689 -0.110547
3 10.6311 37.3739 1.03376
4 9.51468 18.0371 1.19324
5 27.2872 2.68135 1.58584
6 26.6425 1.84796 -1.41966
7 35.1367 16.8284 -2.67116
8 4.80994 31.9173 2.30735
9 31.3952 27.7063 -0.428393
10 24.4163 31.4585 -3.04033
11 1.33719 33.8066 0.154357
12 1.62629 24.7384 1.81077
13 0.871469 5.79937 -1.06087
14 32.8577 19.4116 2.09712
15 29.4407 34.5035 -0.255588
16 26.542 33.7284 2.79084
17 33.1111 11.5098 -1.49541
18 35.9783 11.5578 -1.6999
19 13.6071 18.6462 1.46087
20 10.845 16.025 3.28196
21 0.0237616 0.394683 1.13945
22 37.2586 27.1404 0.317984
23 26.8029 16.9394 -2.99208
24 27.9226 13.9223 -2.34089
25 1.01409 32.6029 0.553285
26 23.8297 31.1298 -0.281882
27 15.818 18.6167 2.94987
28 7.03737 34.2417 -1.76123
29 34.1465 8.23212 -2.52266
30 20.0504 26.7408 -1.2197
31 10.2585 17.9576 -1.21278
32 14.6531 10.3806 -0.0509837
33 6.28785 39.3788 0.309234
34 17.7159 15.9371 0.437404
35 28.765 39.3696 3.58361
36 12.1235 37.2459 0.419353
37 1.56627 22.895 -1.62643
38 23.6369 36.3763 0.960607
39 32.9456 13.4078 -1.65775
40 35.1742 37.1221 -1.84624
41 17.2986 16.44 0.473892
42 28.7277 20.6092 -1.07778
43 23.4125 32.715 -1.88084
44 20.3259 20.6047 1.76359
45 9.31866 25.8511 3.42618
46 5.51725 9.65164 -0.365055
47 35.4663 5.72974 -0.352248
48 2.10331 33.0051 0.915735
49 8.5251 32.1265 2.69729
50 36.3817 4.23158 2.67209
51 15.4635 3.88089 1.45684
52 36.4765 6.29863 1.49583
53 13.8186 10.93 -0.484178
54 33.3589 27.0933 0.39713
55 39.8358 16.8169 2.89415
56 28.8618 6.1953 3.95758
57 0.737929 32.1794 0.701677
58 38.83 11.2837 0.477
59 2.60726 32.7833 1.61
60 8.71075 27.0026 3.80347
61 17.3223 25.3383 1.76505
62 29.0979 38.9128 2.23323
63 10.3046 16.8141 3.12238
64 0.529386 24.8878 -0.614497
65 16.579 3.5791 -2.0436
66 8.32422 21.8098 -1.23711
67 20.8808 22.594 1.95162
68 9.43826 7.19305 0.2907
69 16.6919 9.61612 0.642913
70 7.31607 34.0439 -2.53523
71 12.3565 11.4363 1.58038
72 5.73679 14.6973 -3.73661
73 18.1016 23.8868 -2.60886
74 11.1004 37.1523 0.899676
75 2.77721 38.2679 1.44563
76 19.7189 10.7241 -1.53517
77 13.2225 26.0893 -1.43402
78 35.6307 27.8385 0.788335
79 36.0174 4.49182 -0.909039
80 36.1982 6.74672 1.6225
81 8.33312 24.6118 -4.46984
82 11.7593 7.34387 0.133175
83 17.3238 21.5289 -0.236482
84 23.7053 18.7262 1.65911
85 0.375936 16.9519 0.230425
86 22.126 7.0537 0.192467
87 17.3454 36.8848 3.85181
88 3.92856 39.9987 -0.691593
89 10.3287 33.6232 -2.89683
90 34.2933 33.5823 0.330783
91 25.0252 10.8569 3.50667
92 17.5249 17.7275 -0.354689
93 15.7327 10.5192 1.73868
94 11.826 13.5951 -0.191815
95 19.3951 4.68452 -0.18354
96 10.5887 27.2277 1.56733
97 25.0929 31.46 -1.01787
98 38.9953 26.3416 0.0479953
99 7.52827 31.551 4.45705
100 32.5008 12.4276 -0.854559
101 17.1137 21.01 -2.08099
102 18.8898 35.2648 -1.1719
103 12.7616 0.200555 -1.60886
104 28.2627 5.06862 0.232624
105 23.8496 29.9847 -0.123987
106 37.9375 10.3673 -0.533113
107 18.8875 21.1269 -0.308001
108 27.3802 7.92333 -3.36385
109 33.4249 28.5595 -0.304418
110 10.4072 36.703 1.57771
111 10.54 33.4686 -1.39922
112 33.1973 38.6873 1.31486
113 32.6689 19.6407 -0.16623
114 2.88 27.1362 -1.64998
115 28.2581 21.216 -3.64531
116 25.0179 27.5686 -1.78296
117 21.557 30.0452 -0.861877
118 23.5112 38.5834 -0.153512
119 37.9909 16.5512 -2.66636
120 38.195 30.6909 0.248958
121 25.8983 15.8377 -3.32668
122 38.1372 10.8965 -0.308053
123 5.76454 23.3353 1.29796
124 14.2686 0.539961 -3.78208
125 22.2778 34.2755 -0.465152
126 22.3866 23.7735 -0.974745
127 0.602334 2.33679 -3.40523
128 33.3157 10.1029 -1.85734
129 2.64151 16.3432 1.92581
130 35.2565 6.3477 0.627961
131 30.5909 30.1552 -2.41331
132 18.3937 35.6513 1.06321
133 29.7817 33.5571 1.8489
134 12.7929 35.4013 -1.87906
135 17.8652 3.4353 -3.36304
136 24.1835 8.52474 -2.52142
137 32.5075 38.8661 -1.25097
138 10.9368 22.0087 -3.54052
139 15.4072 3.77589 1.29287
140 16.3595 32.4254 -1.14939
141 35.7786 30.149 -1.61973
142 26.2162 37.3045 -1.29748
143 15.3586 28.2984 3.25812
144 9.87011 24.4855 -0.84757
145 26.6845 24.8132 1.6623
146 34.3378 7.9479 2.65346
147 35.4007 36.2218 -2.24174
148 38.3329 9.86545 2.6288
149 15.3933 22.3809 -1.55443
150 14.922 13.152 -1.66723
151 36.2495 36.8726 -1.15933
152 14.7552 15.8098 1.39824
153 23.9532 1.71366 2.47277
154 31.162 32.3851 -3.6072
155 30.4785 32.328 -0.345172
156 36.7039 26.2315 -0.579131
157 16.2011 15.3907 1.14172
158 19.4354 28.3745 4.25499
159 14.5868 30.5716 2.35612
160 6.08862 13.6127 3.75645
161 10.3577 21.6361 3.89549
162 24.8042 36.8791 -2.23366
163 9.9979 7.1589 -0.874866
164 15.8494 0.672538 4.24564
165 23.8716 2.60033 2.83104
166 33.2073 5.08527 3.0622
167 11.3666 4.99661 -4.78749
168 37.6635 18.9518 -1.18612
169 1.16657 35.4268 -0.911641
170 37.5825 34.0285 -0.466897
171 17.3991 35.2737 0.965974
172 37.4842 16.917 -3.20919
173 21.6207 28.2019 -4.02772
174 11.5982 35.7807 -0.384589
175 3.69756 14.3089 -2.10874
176 24.3197 24.4327 0.0513723
177 18.5088 7.04982 -1.51741
178 23.1007 15.8485 1.62747
179 28.6481 8.30759 -3.33504
180 11.7407 5.97936 -2.4702
181 34.65 32.2848 0.0469113
182 16.7736 15.354 1.43141
183 6.60744 20.0336 -4.20639
184 22.3296 36.9031 2.63509
185 10.5312 8.59926 0.747503
186 30.3938 6.73065 -1.81679
187 8.60888 34.3745 -1.94304
188 26.105 17.4108 -2.34643
189 10.3044 24.9732 -2.13743
190 24.6123 23.7858 1.9422
191 10.3535 31.5701 -0.0674927
192 32.0031 8.32386 0.840301
193 30.0608 19.3464 -4.20065
194 8.77433 29.9024 -4.09985
195 19.643 18.9891 -0.891518
196 31.3931 35.9105 3.72938
197 14.8097 0.643066 3.654
198 28.0041 14.7793 -1.64454
199 13.2266 11.1221 -2.35693
200 37.9897 39.1576 0.485148
201 33.5802 15.7297 0.319401
202 17.2582 18.9037 1.74541
203 25.155 13.1821 2.02641
204 31.4386 36.0946 0.0956437
205 37.0859 36.2484 2.28475
206 13.9789 5.85443 4.1934
207 38.3466 31.2728 -0.202829
208 30.4795 29.3373 -1.0353
209 10.6582 33.4039 -2.34655
210 6.4769 24.2531 0.0136498
211 35.0531 24.5077 -2.83905
212 37.9702 31.7561 -2.74981
213 0.591209 9.68516 1.13101
214 36.4947 23.1372 -0.991035
215 37.6791 21.2314 1.41278
216 27.4793 22.2533 -2.76353
217 5.24729 9.12791 -0.93717
218 17.6167 20.6989 -3.33333
219 21.0778 7.5156 -0.599422
220 19.3553 5.79217 -0.727332
221 23.1994 9.45083 3.0096
222 33.2732 26.228 1.0592
223 18.9321 36.3072 -0.695887
224 9.68238 32.0232 1.44618
225 33.1344 13.5433 1.26621
226 5.72418 21.5065 -1.7005
227 8.59482 1.16413 -1.44075
228 23.824 8.30838 -3.66043
229 36.6777 20.0584 -2.78581
230 24.1573 7.89885 -2.554
231 16.2892 16.5483 -1.40559
232 30.1507 13.2065 0.849398
233 39.3616 11.8969 -2.9432
234 5.10505 34.4055 -2.33253
235 0.714485 9.43598 0.747646
236 11.0206 37.5766 2.413
237 12.3252 29.7795 0.132026
238 13.237 12.1733 -2.49693
239 37.6295 13.9085 -0.799844
240 20.0394 26.9682 -3.37048
241 21.8064 28.6927 -1.32593
242 0.621359 5.04096 1.72455
243 26.2401 37.9982 -3.81746
244 38.4007 16.744 -0.279642
245 21.3317 8.4177 1.62446
246 31.534 10.7523 1.42483
247 1.18937 3.01472 -0.532418
248 6.12849 26.3939 -1.42435
249 16.4072 34.4377 1.60661
250 7.77997 0.0636105 -1.34076
251 37.2487 5.01509 1.88497
252 30.997 20.2356 0.454679
253 27.327 8.68323 -4.58466
254 37.853 30.6566 -0.692126
255 29.1503 25.4076 2.0711
256 0.571993 4.19676 -0.0594378
257 30.6196 15.3107 -1.62426
258 35.1014 36.9179 -1.51785
259 33.4795 16.2788 -1.72586
260 2.84661 7.47638 -2.77543
261 28.4534 21.5616 -3.8956
262 27.3857 31.5938 4.20693
263 1.6685 2.184 -1.95289
264 1.17525 32.4011 3.3522
265 3.13239 17.0956 -2.93336
266 0.704527 11.1906 1.1325
267 8.14766 26.5214 2.36996
268 1.85939 31.2091 3.11184
269 19.3118 36.6201 -2.19457
270 2.18982 9.81019 -2.73631
271 33.2884 9.2914 -0.0142776
272 19.1394 14.5625 0.171258
273 31.3662 34.7813 -3.76026
274 9.79638 7.06863 0.491497
275 1.73394 18.6852 -1.77033
276 28.3864 25.5005 -2.1992
277 7.70086 29.615 -1.25313
278 3.20932 4.13824 2.54313
279 7.043 19.6089 -2.57741
280 34.4233 18.9951 -1.97308
281 28.4869 16.4497 -0.616689
282 16.6103 17.6999 0.358249
283 18.026 39.7676 1.4185
284 31.8407 23.1901 -3.33071
285 35.0948 39.314 1.30341
286 33.29 8.64782 -2.91415
287 7.59487 20.0879 -3.63089
288 8.67021 36.3216 1.63713
289 17.2088 30.1575 -1.96744
290 36.5684 20.3422 -2.72445
291 16.4803 17.7858 1.43371
292 1.7568 26.7029 0.00164245
293 7.42457 5.23647 -1.85721
294 27.2905 32.8933 0.775162
295 11.1386 7.88714 -0.183468
296 29.5103 22.9978 -2.28432
297 2.68506 26.1346 -0.623609
298 24.9797 27.3773 -3.65136
299 17.4404 32.9425 -3.48061
300 25.5975 7.33024 -3.97425
301 29.6529 20.4613 -0.321493
302 15.257 34.8458 -0.180978
303 5.86431 30.6551 -3.17792
304 13.1559 23.1299 -1.86239
305 6.97175 23.6391 0.374533
306 30.7098 14.0757 1.72739
307 7.91916 19.936 1.69442
308 0.73814 18.644 -0.51462
309 13.5893 0.735703 -2.39818
310 16.4943 20.8849 -1.88863
311 24.8794 4.38228 -0.533062
312 1.52263 37.7388 0.958589
313 37.4855 1.30342 -1.17184
314 19.7444 3.71154 -1.83389
315 1.29805 30.6598 2.23486
316 35.2997 37.338 0.784983
317 32.6993 33.5545 -1.01709
318 24.6913 23.1536 -0.66117
319 5.09332 1.29529 1.20862
320 2.33668 20.4702 1.51077
321 30.0898 5.14868 -1.87978
322 8.46793 37.4681 1.03707
323 17.4941 36.3905 -2.84239
324 32.7074 14.0202 2.49996
325 8.90571 23.922 -2.31712
326 36.8374 4.85876 -0.363864
327 13.1942 4.06451 3.84285
328 15.9119 29.9424 2.07353
329 39.3122 23.6389 -1.54743
330 5.44723 8.19401 0.377491
331 13.6855 32.6149 3.38069
332 34.3248 9.67848 -2.18162
333 19.0745 19.6341 2.88006
334 7.76177 8.42652 1.81197
335 10.2828 38.9869 1.19574
336 22.2345 37.2982 1.35017
337 6.03136 15.3063 1.59352
338 11.0887 33.1114 -3.28972
339 35.512 35.0812 0.998283
340 9.13948 25.4311 1.45023
341 30.0585 29.1049 0.333429
342 14.2377 14.9681 0.640044
343 11.2097 13.9643 -2.14794
344 10.7081 38.105 0.0559838
345 34.9282 26.0591 -1.34609
346 17.3157 6.98689 -3.77589
347 8.8945 32.3594 4.06924
348 11.6033 21.8088 -3.8378
349 15.404 17.8219 0.401916
350 9.83021 9.91194 -0.703649
351 8.16052 22.9411 -1.03713
352 28.1145 20.3894 -3.59216
353 27.0054 2.69684 -0.608438
354 37.2008 38.5809 3.84779
355 22.9401 24.8721 0.368863
356 30.2667 31.4463 1.55612
357 14.6282 29.8529 0.637575
358 12.8993 16.9536 -2.15198
359 38.8134 26.4299 -2.89757
360 34.9854 28.3153 -0.091556
361 31.265 29.7225 0.981726
362 39.1661 24.2828 -0.946019
363 36.1158 4.09931 1.11435
364 4.60522 6.2368 -4.41784
365 5.96049 39.4189 0.237926
366 12.5511 5.7997 -1.3666
367 14.7887 32.9656 -4.14845
368 23.5406 6.73874 1.28835
369 15.2596 30.1402 0.576895
370 19.4102 25.3293 -2.70689
371 26.0807 21.1867 -3.10514
372 27.2007 31.7939 3.05439
373 9.69446 6.72293 -0.368885
374 16.183 20.5995 0.0234229
375 13.0934 10.1585 -1.84742
376 0.134576 30.8144 -1.9453
377 3.33116 9.68933 2.44097
378 12.3553 3.75032 -1.67693
379 30.8628 37.8378 -2.03505
380 39.001 29.2281 2.58369
381 12.4797 31.4921 1.14108
382 38.7191 17.847 0.254762
383 12.8056 37.2175 2.35777
384 20.0251 36.5215 -0.460259
385 21.1422 21.2767 1.38263
386 20.1654 7.42867 2.89136
387 10.2836 4.82126 -1.72115
388 30.7346 25.5829 1.24091
389 7.32434 3.50838 1.40219
390 27.1915 26.0757 1.51181
391 16.6847 14.8782 1.28803
392 23.8638 23.6456 -0.0484488
393 23.847 14.3284 -1.61333
394 35.7087 37.6236 0.570904
395 33.2707 12.8577 -2.80696
396 1.42862 2.98222 -1.58157
397 6.30922 39.4213 1.6375
398 2.39092 31.5965 0.831447
399 39.7907 19.6782 -1.44081
400 2.1966 0.625675 -2.21035
401 24.0807 31.3191 -2.28085
402 30.8552 5.85552 3.17303
403 38.0041 25.854 -2.6222
404 30.1873 31.5934 3.322
405 3.65942 24.8895 1.06193
406 29.3837 39.9652 0.539558
407 37.4907 4.41528 -0.0893789
408 7.70392 14.2472 1.43733
409 16.0197 5.3183 -3.58079
410 26.611 17.5868 -3.37347
411 17.9 23.4517 -1.8784
412 2.31056 8.83896 -1.99014
413 14.036 9.61569 1.57995
414 2.48286 18.3064 -0.802925
415 16.6891 27.2616 -0.67654
416 27.8225 37.0864 -0.805486
417 6.60518 3.39519 1.19641
418 29.1076 27.044 -0.618028
419 24.6046 14.2001 -2.95922
420 18.7858 36.5968 0.92791
421 39.8663 16.5277 0.3877
422 15.4448 9.42882 0.532334
423 26.3426 12.4765 2.03761
424 25.5159 23.0754 2.40019
425 17.935 38.4018 1.48541
426 8.08865 22.079 -1.99411
427 17.4213 17.3074 -1.24951
428 36.2059 5.74618 1.09285
429 39.7152 7.9987 -2.09083
430 18.5922 13.9267 -2.01997
431 9.38914 8.89826 -1.17483
432 15.9536 38.7024 2.53878
433 30.7291 23.1299 -2.43551
434 4.13443 25.7981 2.04215
435 24.7316 38.6157 -1.37976
436 3.06587 23.4741 -0.356576
437 13.1297 35.3595 1.14685
438 7.75656 23.6561 1.64105
439 34.5224 23.0252 -2.64552
440 26.9922 37.8149 -0.834692
441 7.60187 2.77684 -1.75135
442 15.9475 26.5231 -2.58121
443 20.306 17.0661 0.0953871
444 11.103 10.9755 1.40218
445 4.3501 24.8098 -0.458245
446 21.061 12.0093 -2.39083
447 39.2089 8.65548 -3.58722
448 35.6837 30.2055 -2.92094
449 11.5393 14.447 -2.45631
450 11.006 17.7124 -1.97855
451 2.79805 14.5976 -3.36259
452 16.1891 14.3436 -0.872687
453 3.7726 35.2107 0.719527
454 39.4571 9.09768 -2.4604
455 29.6044 1.87377 -1.5623
456 12.8248 9.48389 -0.44235
457 22.9524 19.8348 -1.23899
458 37.4747 18.5086 -0.715352
459 8.49844 11.7357 -0.227786
460 13.2762 0.576168 -3.02648
461 10.1428 35.8234 -1.03749
462 25.0961 14.8788 -2.90138
463 2.22838 33.2092 3.17732
464 34.0608 21.019 0.347739
465 37.0435 14.9448 0.350082
466 33.9593 24.1463 -3.7565
467 6.10445 38.4253 1.98666
468 26.5967 34.7153 1.1329
469 17.2288 28.5591 -2.75584
470 11.2446 16.9955 0.718945
471 37.6131 12.7669 -1.05909
472 15.2415 16.0242 0.557896
473 13.0254 7.17267 0.0522315
474 10.1884 32.8976 -1.69014
475 34.93 9.3905 -4.2866
476 22.4086 30.7395 1.54215
477 11.1461 33.4964 -1.28697
478 36.4097 12.444 -1.51609
479 5.73389 29.1774 0.821246
480 34.2974 16.8017 0.612312
481 21.3568 36.0289 1.6616
482 6.48652 30.005 -4.53037
483 11.5376 30.7547 2.02075
484 11.0954 33.5511 -1.36499
485 9.62966 34.0438 0.877437
486 19.601 27.2485 -0.957282
487 31.4043 28.4585 3.11399
488 35.0118 7.64189 1.92143
489 20.6955 3.5828 1.6531
490 4.54246 5.6146 -0.629444
491 17.8084 11.5653 0.274476
492 25.8667 2.05537 1.81242
493 1.47053 26.9424 -0.288884
494 4.88793 16.7458 0.587688
495 31.706 13.5114 1.24105
496 32.52 21.7962 2.60597
497 8.04255 33.3278 -1.2712
498 22.1279 16.1397 1.12945
499 5.41556 15.6357 3.41619
500 6.21015 14.5344 2.59683
501 29.5368 18.3222 -2.09867
502 3.09006 1.2947 2.66792
503 14.6472 28.8108 3.47471
504 38.9484 28.2478 2.97659
505 7.91081 7.1629 0.575208
506 29.7115 25.7047 4.3132
507 22.4226 8.25149 2.11438
508 0.842571 30.432 3.89526
509 33.9965 1.9915 -1.32596
510 32.4258 1.98108 1.45907
511 23.9179 31.451 -1.23824
512 0.747072 32.7215 0.678717
513 17.4765 35.0026 1.028
514 11.0198 25.7445 -3.5924
515 18.6458 13.7881 -2.17235
516 25.4628 2.14986 -1.66301
517 14.2891 4.10519 0.0819956
518 21.9192 15.8297 -0.235125
519 24.7584 10.7427 4.34171
520 32.9087 5.30975 3.80115
521 32.6834 29.7968 -4.26471
522 19.4232 20.6241 -1.1591
523 11.2171 20.4194 -1.54102
524 3.45981 25.5048 2.40303
525 9.01857 11.3327 -2.22109
526 1.54396 22.1807 0.417372
527 15.9919 7.86153 -0.395617
528 20.5862 6.23312 1.47167
529 30.4817 1.65842 -2.4849
530 0.0758131 9.66707 3.85297
531 27.9437 7.75385 -4.49038
532 22.638 33.9399 -3.34138
533 23.7807 24.654 -0.699018
534 16.1155 25.4681 -1.80076
535 7.7707 6.42694 -0.431166
536 32.9418 13.667 0.569642
537 39.2008 17.6431 0.326646
538 1.60221 38.0716 1.25453
539 4.3944 3.00461 2.3689
540 35.6534 24.4328 -2.79803
541 26.6527 21.9608 -2.26
542 1.57733 30.9378 2.16237
543 13.0472 18.0315 -4.54293
544 6.97787 36.8161 1.80617
545 16.09 21.1137 -2.94772
546 34.9859 36.3096 -1.76556
547 7.36831 17.7178 -2.53012
548 38.4481 35.728 4.41636
549 6.92148 24.2581 0.652685
550 9.11191 32.2046 1.17319
551 22.7502 19.3807 -0.422574
552 37.7382 8.38856 -0.676352
553 19.3 24.6406 -1.87094
554 17.5619 12.6204 1.40748
555 33.8908 15.5122 -1.42174
556 28.9846 19.9252 -3.51277
557 7.28063 28.0721 -0.793011
558 29.9869 0.687433 -0.744657
559 23.19 30.2253 -1.1388
560 30.4269 23.4439 -0.90526
561 13.1681 18.1685 -4.79814
562 5.00899 20.7475 0.257998
563 37.5524 15.8654 -1.09898
564 12.6347 19.0856 1.67893
565 36.3615 16.0635 1.67418
566 18.314 36.3223 0.820927
567 26.6998 13.8866 -0.0642598
568 37.4546 6.09652 -2.24033
569 5.53455 19.4202 0.946197
570 5.69245 23.3688 2.85483
571 25.4059 10.3163 -3.28756
572 39.5873 34.084 -2.14512
573 20.3817 38.7024 2.64755
574 9.9465 21.15 0.241491
575 19.0289 18.561 2.15441
576 38.5433 5.488 -1.4694
577 27.9139 31.7059 1.10224
578 1.99368 38.8303 0.266964
579 7.01544 5.9628 -0.654574
580 6.81799 33.8081 -1.95619
581 4.55715 33.9648 -2.51932
582 24.4054 24.8831 1.35795
583 22.3803 32.3817 1.82904
584 35.4272 11.3523 -1.3378
585 6.43548 13.5315 3.88751
586 28.0997 20.9748 -3.90496
587 30.6558 32.6706 -2.96072
588 19.3616 36.1177 0.576771
589 25.1202 24.9993 2.59996
590 9.70221 7.24442 -2.21841
591 4.2959 24.4408 -0.107663
592 32.783 27.5234 -2.63808
593 15.8666 23.4358 0.321845
594 11.9039 4.52686 -2.70037
595 16.7205 23.0274 -0.993415
596 34.9917 32.6604 0.225845
597 30.3724 10.3646 1.54516
598 36.0188 11.9884 -0.244714
599 19.1817 36.6763 -2.60669
600 6.81832 34.2655 -1.5463
601 21.1959 35.0716 1.00959
602 3.46707 20.0764 -3.82644
603 15.1456 20.0964 0.233968
604 1.2943 27.0459 0.842289
605 9.83379 35.712 1.80803
606 2.80908 29.5549 -1.30548
607 6.75701 13.6636 3.85797
608 4.87609 36.798 -1.30192
609 25.0914 34.9338 -1.71515
610 37.6819 27.1035 3.30768
611 38.2817 23.2163 -0.759018
612 22.7534 9.88464 1.96902
613 26.351 12.1428 0.925976
614 38.3707 9.00021 1.23903
615 30.3093 10.888 -0.258325
616 32.0171 12.5578 -0.703954
617 23.3974 30.0125 -0.254935
618 32.581 3.63581 0.46242
619 22.3569 32.6232 4.63289
620 34.2319 30.6365 -3.94274
621 32.9931 12.7779 -2.68101
622 11.0311 36.7956 0.630912
623 24.313 15.2092 0.0999424
624 34.1624 36.9346 -1.25607
625 20.3626 6.35632 2.80405
626 9.23174 36.3671 1.89726
627 9.41593 34.1203 -1.14856
628 25.7624 9.31603 -0.625223
629 31.2888 39.1853 -4.48951
630 30.0503 28.0977 -1.67572
631 28.9257 35.8123 0.412781
632 30.4011 32.4517 -1.0876
633 34.3209 27.2646 0.110399
634 37.9757 35.9741 0.588667
635 23.618 24.9723 2.53812
636 23.8332 8.18773 -3.36539
637 2.1126 20.8567 -0.907501
638 39.5938 25.5741 0.665534
639 30.3788 8.66025 0.42308
640 4.61175 16.0074 1.71827
641 22.2354 37.2989 1.63645
642 15.5509 1.46169 3.26091
643 23.2293 24.5538 2.82798
644 16.6746 6.5789 -2.06041
645 1.81229 8.14085 0.514835
646 12.7545 15.1904 1.73475
647 14.2812 15.4585 -1.78947
648 34.4614 36.0615 -1.63392
649 22.872 29.5966 0.78335
650 26.2724 8.6378 3.44934
651 27.9627 20.2564 -1.59532
652 1.31181 37.3919 1.97043
653 16.8003 37.6772 3.92012
654 19.1175 12.9564 2.02363
655 34.2736 39.1674 3.34728
656 14.1242 14.6951 1.23772
657 22.5099 4.29798 -0.994012
658 8.35575 26.3468 -0.465634
659 28.5517 39.7193 1.90758
660 28.6599 10.9602 2.96524
661 38.0263 15.9232 -1.29651
662 25.366 30.8503 0.530368
663 17.4363 17.8484 1.00425
664 33.3188 16.7451 -2.87825
665 31.5161 39.4483 -2.16921
666 31.4857 4.22316 -1.32017
667 35.9382 35.5142 1.83096
668 4.89638 34.4081 -4.10701
669 14.9419 29.7154 1.0572
670 38.4278 24.6298 -2.65617
671 21.9058 33.0656 2.89626
672 14.6547 25.4059 -0.0736435
673 34.3399 6.56486 1.21702
674 15.7468 18.8293 2.20429
675 30.5167 15.0593 -0.531121
676 29.8569 38.7614 -2.75305
677 35.1775 12.3088 0.211901
678 26.7367 36.1945 0.474796
679 22.8456 15.4042 1.8373
680 12.1189 22.0547 -1.3461
681 11.757 37.6099 1.83524
682 31.3345 38.13 -2.89878
683 33.7866 17.6803 3.77189
684 3.47997 31.7721 -2.38917
685 25.1368 29.7772 0.689215
686 1.33073 37.67 3.43334
687 27.0748 7.02771 -3.88936
688 36.5123 0.0168317 2.43163
689 11.6965 36.6161 3.76176
690 17.9448 30.8851 -0.496527
691 11.4259 35.4474 -0.368757
692 23.8819 14.9039 -0.799126
693 37.8156 15.93 1.28498
694 24.8603 33.7841 2.50256
695 14.2643 33.1439 4.74409
696 33.2397 28.8913 -1.68568
697 24.7847 9.22383 -2.51438
698 37.7347 10.3163 0.259239
699 22.9278 18.2876 3.18809
700 3.78068 1.02167 2.08478
701 28.9012 2.02814 -3.41507
702 1.68097 1.13683 -1.58578
703 28.9578 13.8838 -1.28503
704 28.4575 30.97 2.29793
705 5.30287 39.7839 3.70915
706 35.7398 31.905 1.42667
707 15.4624 8.30883 -0.612053
708 24.719 16.6824 -0.367873
709 24.0332 5.05872 0.509476
710 20.2061 27.3077 -0.881196
711 31.263 29.4151 -0.0405831
712 28.0451 15.5744 -2.71681
713 37.6519 9.31591 2.06023
714 22.1949 30.3938 0.838199
715 36.6892 3.46453 3.48504
716 26.2653 34.3576 0.760944
717 15.924 23.7744 -0.799035
718 11.8282 30.4337 1.69936
719 13.2063 34.8792 0.428979
720 17.4346 24.0304 -2.38964
721 31.5199 36.9905 -0.0218128
722 2.60271 5.6945 0.955371
723 16.9137 37.0632 -4.37632
724 8.60844 5.00979 1.33914
725 29.4563 5.93775 -3.16744
726 7.74191 30.1227 -1.19857
727 1.66998 32.2547 1.8583
728 0.807327 4.8897 -0.0380513
729 22.2464 38.0157 1.03177
730 18.4018 16.0835 -1.28609
731 29.1453 19.2614 -2.92229
732 22.573 36.0371 -1.30483
733 38.2059 27.0057 -3.22269
734 23.1302 18.0122 1.0865
735 16.9093 18.5748 0.873486
736 22.9303 24.1687 -0.293058
737 33.5073 27.7622 -0.26439
738 14.3552 6.9474 -1.86626
739 9.96628 27.0917 1.61327
740 36.3861 20.3862 -1.24698
741 1.48326 32.1295 3.85226
742 19.5748 15.1033 -0.764019
743 15.5991 23.1907 -1.16834
744 29.5719 28.5915 -1.91223
745 16.4345 29.2254 -1.68114
746 16.7148 19.6556 -2.53993
747 17.6398 20.8035 -0.448714
748 14.9297 31.0533 1.35054
749 1.96875 6.88003 0.447795
750 9.06782 32.1554 3.87756
751 9.44861 36.9539 2.44687
752 37.2047 14.9811 3.61515
753 6.137 24.2585 1.62257
754 34.2575 16.8917 -3.23463
755 23.1454 9.25187 -0.36319
756 32.766 8.65573 0.510701
757 19.3541 19.9059 -0.546215
758 30.7467 28.352 -0.0358088
759 10.7229 32.5691 -1.4328
760 29.252 37.9266 2.27321
761 15.5874 13.6285 0.309649
762 21.4768 29.7137 0.752564
763 17.5896 5.79555 -4.14817
764 27.9081 4.6159 -0.928346
765 26.0707 26.6611 -2.88069
766 9.82681 16.3812 3.19863
767 35.1244 16.7779 -0.93861
768 7.79468 9.57798 -1.72412
769 23.0821 31.1779 -3.23028
770 12.8328 27.2832 4.64672
771 37.8142 18.9514 -2.78564
772 14.326 33.9516 -2.16491
773 28.0744 29.3763 3.57193
774 37.565 37.811 1.27646
775 21.8522 16.9712 -1.74316
776 10.6517 21.977 3.13152
777 37.847 20.7391 0.623374
778 29.6172 23.5553 -2.69301
779 20.4826 0.569205 2.56737
780 0.881516 4.24449 -1.69227
781 29.3443 38.5194 4.81566
782 11.266 4.10496 -2.64666
783 17.314 12.4555 -0.223644
784 31.2448 39.3033 -2.90576
785 24.6277 21.928 -0.346333
786 8.94122 27.2571 0.210773
787 26.4517 0.774749 -4.98167
788 1.55622 30.36 1.14727
789 38.6364 15.0292 1.42669
790 9.92652 34.9143 2.02839
791 20.0088 17.0748 0.170387
792 10.2302 32.6402 -2.97318
793 20.2069 38.1145 1.53808
794 20.4433 23.5478 1.11255
795 8.84998 9.01121 -2.87125
796 17.4617 26.4218 0.703869
797 5.38181 34.1393 -0.919126
798 22.6281 6.60855 1.80202
799 19.9138 36.5476 0.407927
800 29.884 7.53989 -1.70834
801 24.2534 14.597 0.371333
802 36.375 9.9588 -4.27098
803 6.72707 39.6053 -1.43236
804 39.565 17.0643 0.956434
805 36.0658 19.3627 -2.70926
806 9.4417 22.979 -1.63991
807 22.1867 5.03682 -4.43658
808 26.975 21.2497 -1.91268
809 15.2478 13.1064 -2.09004
810 16.6073 36.266 -2.83102
811 8.55714 29.0678 -3.70497
812 15.4284 32.5157 -2.28183
813 36.1245 3.82875 1.6184
814 29.9078 34.8831 -0.19494
815 32.1789 20.9674 1.21975
816 14.3312 34.3024 0.442293
817 15.6859 34.4737 0.18109
818 12.5243 10.1975 0.273541
819 24.1409 2.25967 1.64837
820 37.5663 39.1032 1.3412
821 12.6946 10.1493 0.349696
822 6.48349 9.24605 -1.90443
823 37.6979 1.6938 -1.36949
824 37.7021 12.3302 -0.0823064
825 34.5703 29.1941 -0.888508
826 39.6826 11.4271 -3.35544
827 37.5375 13.3739 1.58307
828 27.6023 7.53142 -1.56532
829 17.9994 36.4169 4.93258
830 12.0311 22.4082 -1.89629
831 12.1465 35.6835 0.293359
832 33.382 30.2722 -4.20858
833 16.0333 18.0427 2.79979
834 20.4211 7.78202 0.447361
835 6.43038 31.8466 2.78416
836 19.3713 34.4651 2.12353
837 36.6767 27.5054 0.117047
838 27.1463 13.0459 2.27282
839 0.0399973 23.1418 0.700084
840 25.8922 16.5637 -1.36839
841 31.607 0.0335177 3.62932
842 26.5604 31.0979 -4.38191
843 12.2803 0.593407 -1.58427
844 8.26587 13.7712 0.656881
845 2.36343 30.8468 2.23821
846 15.0016 36.078 -0.0699747
847 4.29947 21.8604 0.789838
848 23.4423 15.1567 0.258829
849 12.2947 22.5932 -3.04447
850 5.12001 34.2766 -1.11182
851 0.597496 36.4677 -3.07573
852 26.4279 31.5723 2.21617
853 29.1338 25.4855 2.66466
854 0.114399 30.8236 -2.89567
855 17.8129 1.94739 0.431447
856 19.5782 33.3597 -0.633738
857 7.58365 21.2962 -4.03838
858 0.402351 24.1189 1.69301
859 20.48 39.0752 2.63498
860 28.6256 20.5817 -1.32594
861 39.2084 13.6319 1.46493
862 1.25891 33.2876 1.66259
863 12.2577 16.7055 -3.51297
864 26.2788 9.76525 -0.810139
865 27.8148 30.6155 1.59294
866 28.3092 38.9107 -3.82069
867 14.9587 0.706574 1.75591
868 34.9071 26.4981 1.38573
869 37.4139 12.5586 0.890659
870 8.07871 2.31855 -6.69702e-05
871 19.8939 19.8523 0.895314
872 32.7464 24.2969 1.71652
873 19.086 20.328 0.946608
874 34.5507 10.1289 -0.638873
875 39.6229 10.8536 -4.8547
876 2.89829 4.40937 -0.481288
877 0.931104 0.282499 -0.843398
878 0.721023 35.6916 -1.39765
879 4.4966 34.7348 -1.92091
880 0.984721 21.0669 -1.85968
881 8.53543 24.0823 -3.67832
882 21.3598 7.19438 1.84517
883 2.69858 26.9277 -0.586246
884 15.5829 17.5748 -0.852322
885 11.7856 14.0382 -0.664881
886 15.0075 29.2649 1.10633
887 33.6394 16.5669 -2.00673
888 37.8516 30.6204 -0.759116
889 6.88324 10.8474 -1.09201
890 19.1676 14.5978 1.35005
891 21.1585 19.8685 0.359258
892 28.5432 3.89593 0.153978
893 26.7758 31.0514 3.30737
894 33.7981 32.1431 -1.58872
895 35.1314 21.682 1.49638
896 13.705 37.1245 1.27423
897 0.571673 9.57477 2.73886
898 17.4015 17.2032 -1.70248
899 8.20727 27.9829 -0.324875
900 16.0412 5.0833 -3.4451
901 3.17977 37.3324 0.856568
902 1.00335 30.4695 2.8392
903 5.36604 32.9622 0.126259
904 20.7889 2.38821 0.484997
905 21.0041 33.6653 0.761801
906 24.5919 24.4719 2.73879
907 22.5674 30.0932 1.47972
908 30.7126 35.1627 -3.53215
909 21.166 6.08896 -0.121193
910 36.0595 17.008 -3.44432
911 32.967 26.7642 -2.22349
912 20.491 26.2555 -0.736261
913 2.9419 23.5235 0.352796
914 9.82776 24.2683 -1.53369
915 35.172 36.7599 -2.80007
916 25.5316 18.3255 0.945228
917 5.64835 30.2375 -3.8713
918 3.87394 34.6262 -2.74457
919 33.1082 19.1349 3.26788
920 1.41053 19.6863 -2.64918
921 32.9733 23.1303 2.82386
922 25.9708 15.3031 -3.04561
923 10.4113 25.7283 -3.77299
924 29.1675 37.3113 0.749295
925 20.0153 2.97471 -2.36061
926 25.7138 34.6056 2.73068
927 9.97861 33.2141 -3.42824
928 35.1142 4.99492 -1.69387
929 35.6327 28.5671 1.51674
930 14.9423 9.45365 -0.286062
931 21.1043 18.6887 0.726382
932 10.869 24.6219 -1.88304
933 12.0994 7.27986 -1.80128
934 30.9375 30.0436 0.780104
935 4.30017 4.80002 -0.0699181
936 6.82377 22.8735 0.859129
937 11.6063 37.9362 -0.789446
938 20.3226 23.2186 2.10808
939 23.6326 8.17915 -3.84045
940 17.3957 18.162 0.230824
941 21.4468 21.343 3.88689
942 2.09186 7.06996 -3.2006
943 12.177 4.34595 -1.74116
944 38.6652 29.1511 1.68702
945 5.76172 2.40674 -1.96255
946 20.8156 23.9756 0.54286
947 22.8709 3.53199 2.0358
948 10.7045 35.5635 -0.900702
949 5.62535 7.2287 -1.69316
950 34.4426 23.5894 -1.44168
951 20.1367 11.0567 1.68052
952 14.2074 15.5567 1.0046
953 36.8886 12.9782 1.59214
954 4.31841 1.28346 2.10715
955 37.9911 9.38463 -1.73119
956 31.4121 7.54696 -0.18044
957 31.0748 15.4335 1.516
958 1.66479 32.3392 3.30123
959 28.0675 33.4782 4.14658
960 1.16193 7.52077 0.99109
961 1.59544 33.3374 -0.985841
962 11.7564 31.0015 1.1787
963 15.375 29.6238 1.36901
964 4.46 10.3535 -1.96034
965 39.247 31.0089 -2.37162
966 16.8461 19.5914 0.888397
967 21.6113 39.9461 -2.3626
968 33.7891 28.1253 -2.274
969 12.2612 38.2037 0.79067
970 25.3944 38.8963 -1.41354
971 33.603 12.6516 1.25125
972 9.97945 19.6572 2.65004
973 9.84367 22.9596 -1.02119
974 26.9343 15.4 0.48075
975 13.2771 28.1331 2.51387
976 2.25263 2.78246 -2.45533
977 3.8983 39.6112 0.752516
978 12.969 23.1526 -1.36082
979 3.37907 33.4195 0.260512
980 37.9378 12.0539 1.12587
981 5.56406 9.67839 -2.19124
982 1.35317 1.50941 -4.08424
983 24.0293 15.7387 0.213448
984 13.5353 33.752 1.40849
985 7.52327 20.8646 1.37449
986 29.878 14.7985 0.667013
987 6.06716 7.44143 0.0165478
988 1.70471 31.4009 0.523781
989 16.733 29.2337 0.28027
990 26.3476 16.4852 -1.92164
991 11.8781 22.2219 -3.02103
992 38.5647 16.0994 0.961472
993 9.82069 18.8976 0.767516
994 26.9679 19.6132 -1.07585
995 8.68774 22.5985 -0.209589
996 36.7896 16.9021 -3.71897
997 37.1718 13.9629 1.50075
998 38.7189 2.35225 1.59222
999 31.7308 28.839 1.92152
