1000
Particles
0 39.8411 2.45922 0.641892
1 31.7418 18.4103 0.912606
2 22.1614 4.73514 3.6942
3 9.6804 39.9984 3.30399
4 11.3928 18.227 -0.765396
5 25.728 5.72684 0.166593
6 28.4702 2.34566 -0.334957
7 35.0044 15.5086 0.576185
8 5.686 28.6364 -0.286048
9 32.0686 23.8446 2.81216
10 26.831 32.4544 1.84252
11 5.66546 33.5405 -1.55796
12 36.8775 25.2364 3.91786
13 0.219611 6.85123 4.21951
14 29.9828 15.1659 -0.824829
15 31.5979 31.9617 -1.10048
16 23.6301 33.426 2.04592
17 31.4778 11.9129 -0.0707023
18 32.8582 17.0264 -1.56639
19 15.9207 19.241 -0.139315
20 7.41461 14.7569 3.07368
21 36.2865 39.1019 3.43816
22 34.7899 22.66 2.2252
23 29.1814 15.1614 -2.67823
24 33.0802 9.47436 -1.12517
25 4.63371 32.7107 3.5248
26 21.2699 28.3062 -0.562505
27 14.5028 16.2623 -2.0453
28 5.37536 34.3023 0.646934
29 30.0909 10.8584 0.460839
30 21.2518 24.4063 -2.68278
31 11.6176 17.5463 -0.962827
32 18.6129 10.5841 1.06161
33 8.02839 1.72101 -0.155987
34 23.4649 15.5268 -0.495708
35 26.3559 38.1976 2.80358
36 15.5996 37.6666 -1.58773
37 39.7053 25.863 4.57517
38 27.3774 38.1367 1.5809
39 28.8052 14.4765 -4.43356
40 30.6424 34.9608 -3.8355
41 18.7816 16.6439 -2.17291
42 32.2266 22.5016 1.56176
43 27.5753 35.8788 3.69724
44 21.2159 22.8551 1.66079
45 4.33353 27.4002 1.56378
46 2.27623 10.7605 1.63144
47 36.7572 4.84939 -1.35487
48 1.04028 35.9078 3.07466
49 7.71587 30.468 -2.56419
50 37.9383 1.74381 -1.90454
51 14.0571 3.85491 -2.08816
52 34.3374 9.6988 1.46986
53 14.5428 9.73369 -1.77072
54 37.4709 25.8322 4.01783
55 36.9294 17.8151 -0.0458263
56 27.6591 7.67632 -0.192005
57 4.54232 33.4145 3.67207
58 36.5481 18.409 -1.38683
59 4.9684 33.0601 1.99231
60 7.14618 28.3199 1.7836
61 15.2207 25.7228 -0.902522
62 29.6741 2.21405 -1.20868
63 11.191 16.0073 0.634897
64 37.9406 28.3616 0.839691
65 15.7523 39.9957 2.46989
66 10.6113 20.2639 4.19624
67 24.247 23.8381 0.16457
68 10.0692 4.55803 -3.14126
69 13.2634 3.41479 -2.25651
70 4.91643 35.9213 -2.91998
71 14.1958 8.70373 0.0278925
72 5.97865 14.9376 -3.26032
73 19.0651 28.9219 -3.65626
74 7.016 2.8008 0.881701
75 1.06142 34.7115 -2.93362
76 20.6477 9.88498 -4.42688
77 10.4577 24.2799 -3.64741
78 39.2986 28.8093 -3.88059
79 37.6698 5.37777 0.598553
80 37.4099 4.9893 0.203821
81 4.7781 26.1117 3.04126
82 11.171 8.81373 2.98632
83 16.8899 24.5927 2.98432
84 21.5941 16.8858 -0.949411
85 39.5467 18.7517 2.52041
86 19.5268 5.5623 -2.84123
87 19.8646 38.5408 -1.22519
88 0.9664 39.0376 -0.333214
89 4.63803 36.6657 3.69525
90 34.3948 34.9985 1.93484
91 21.0998 12.2369 1.52323
92 17.1295 19.1638 2.58827
93 19.7729 9.60434 -1.68815
94 15.2483 13.994 1.88148
95 22.4551 3.48784 -0.48825
96 13.8295 30.327 -0.6134
97 23.1731 33.9897 2.39822
98 0.869401 22.9054 -1.67268
99 8.14396 34.8882 1.37735
100 31.8712 13.5136 0.390413
101 18.3247 22.4463 -0.461451
102 22.0418 33.6603 -4.44181
103 12.9936 1.20107 -3.28975
104 27.427 4.02368 1.16123
105 22.1153 28.5062 -3.00696
106 35.2955 12.4286 -3.78697
107 19.4967 21.3244 -2.36786
108 23.1222 11.6071 0.475721
109 36.0798 30.9179 3.81258
110 12.5157 38.8789 1.02499
111 6.09289 34.1291 -2.78119
112 33.1952 36.9939 2.40928
113 31.5724 22.4598 -0.558006
114 0.888021 25.3914 -2.6175
115 30.604 20.0207 1.39793
116 25.7787 28.2384 3.27003
117 20.2873 32.4893 -1.10106
118 24.8045 1.45717 2.13349
119 35.8964 19.5185 -1.44877
120 33.2977 33.2868 -3.49434
121 26.651 12.0737 0.0739653
122 37.1191 13.6816 -2.66515
123 5.07463 22.626 0.407732
124 15.2634 37.1567 1.50528
125 26.6317 36.1384 -0.206465
126 25.9658 22.5148 -0.63824
127 39.7331 1.75583 3.53351
128 33.3325 11.4306 -1.58613
129 1.31495 11.285 -0.323394
130 34.0074 4.41271 2.58382
131 30.4196 30.0667 -2.97655
132 23.1956 35.3501 0.471943
133 31.2831 31.8714 1.31646
134 9.75885 31.8277 -2.64327
135 16.1947 2.7368 -2.48311
136 28.6141 5.97414 -0.674636
137 30.9806 33.5456 0.720249
138 10.4109 24.4237 0.917218
139 16.5498 1.98334 -2.06532
140 18.5834 30.3496 2.56308
141 36.9388 28.7295 0.715602
142 25.6576 36.1545 1.71797
143 17.6857 26.9897 -0.067726
144 7.30074 27.0093 0.933672
145 30.4056 19.4479 -1.39801
146 33.131 9.52093 -3.74047
147 35.893 36.9953 -0.777026
148 37.7314 9.50398 0.372538
149 17.753 24.9435 -0.539819
150 17.9953 13.4666 1.42429
151 36.4459 34.974 2.78981
152 18.2558 10.9306 3.5265
153 19.9502 1.17263 -1.05791
154 26.5705 35.2822 2.08701
155 31.0873 31.0631 -0.77448
156 36.5998 25.628 2.77981
157 16.4033 16.6822 2.96192
158 18.2386 27.9317 -3.19257
159 13.3608 26.4238 -2.27949
160 5.23592 13.4175 1.61704
161 12.3742 20.4504 0.330441
162 24.9294 34.8276 2.35387
163 9.37346 3.42403 -1.30856
164 12.7312 39.4945 2.3082
165 26.3043 7.05059 1.00677
166 34.9099 10.1702 2.47638
167 11.0375 1.31621 2.72717
168 34.0405 21.9725 -0.45945
169 3.02111 35.7791 0.927648
170 37.2745 34.6223 2.93853
171 20.8834 36.8897 1.18226
172 36.2379 22.6938 2.54158
173 23.8129 31.5098 1.42121
174 11.5661 34.727 -0.272821
175 2.91276 9.44261 1.77278
176 24.1013 24.2422 -0.201895
177 17.1556 7.45876 -3.82585
178 23.0096 15.8914 -1.67614
179 29.1003 9.81522 3.13363
180 15.1242 10.8407 -2.30128
181 34.0298 31.4953 -1.32227
182 19.9542 12.5739 1.17509
183 4.37898 19.6441 -2.69708
184 26.7284 37.726 1.95183
185 15.9667 12.3044 0.92008
186 26.4898 4.08537 2.36487
187 8.09117 38.6094 -1.28263
188 22.3285 18.8434 -1.16793
189 10.8854 25.0631 2.70801
190 28.3709 23.7942 2.73416
191 10.257 31.1707 -0.487908
192 33.5198 4.67238 -1.23698
193 28.8186 17.492 0.198083
194 14.2587 28.0547 -1.88357
195 16.2351 17.8205 -0.340393
196 27.1285 35.3499 2.71588
197 18.4702 37.7756 -0.0338217
198 29.8105 18.2231 1.70473
199 13.1679 12.4859 2.83271
200 34.9112 36.0827 -3.793
201 34.8255 20.4168 1.03799
202 16.8601 20.0345 2.24055
203 27.7338 15.0927 -1.68897
204 32.1308 32.5776 -3.15218
205 35.6592 33.1127 4.29715
206 17.3731 4.30759 0.556083
207 38.9735 29.5777 -3.86376
208 31.4681 29.6019 -3.36364
209 7.63371 34.58 -1.30561
210 6.55503 25.8703 -0.0915953
211 33.6866 22.4763 0.847932
212 1.6144 32.937 -2.22803
213 3.05189 7.8817 -3.73289
214 36.3874 24.5888 0.980404
215 36.2708 22.1866 0.129843
216 30.6809 19.5987 -0.52278
217 5.41531 8.75779 -0.356865
218 16.0607 18.2432 -3.16321
219 26.2604 5.93087 1.65899
220 17.0697 3.96455 -1.21711
221 24.1032 10.6073 2.4338
222 36.9575 28.2612 -0.530331
223 18.2137 36.219 -0.827303
224 5.97566 31.0283 -4.40807
225 31.1725 10.2386 -2.5353
226 2.18044 21.8072 1.60192
227 8.93098 3.52864 -2.71367
228 21.1389 9.58682 4.28284
229 35.1954 20.1303 -0.962501
230 29.1054 7.95078 2.65234
231 15.5271 19.644 1.44036
232 31.6189 10.8712 -2.53287
233 38.9261 10.2335 -0.342687
234 7.01479 39.1084 -3.08641
235 1.9998 8.45608 1.1562
236 7.60974 0.830986 1.10606
237 12.0348 25.3904 -1.82186
238 12.0898 9.5948 -1.47704
239 35.7593 14.8355 -3.10557
240 23.5466 23.8437 0.271907
241 21.0765 29.1196 0.539643
242 0.222075 6.21101 4.34835
243 27.5329 35.7452 3.18108
244 1.901 19.8174 -0.413817
245 19.0181 5.12407 -0.384269
246 33.9102 10.9311 -1.03335
247 5.0053 3.17988 2.7958
248 1.33303 21.0563 2.77649
249 19.1471 30.722 -0.0843582
250 11.1728 0.234101 2.18759
251 37.7909 8.53702 2.04649
252 33.3654 19.5788 1.19515
253 28.5905 11.3911 2.14905
254 37.9848 34.6971 -1.62039
255 27.6263 25.5342 1.37971
256 1.5154 7.64223 -3.71431
257 30.9716 14.9955 2.14048
258 33.1225 34.731 3.27896
259 31.294 14.4222 2.75113
260 7.38647 10.0335 1.95011
261 25.7771 21.7803 1.36106
262 27.3802 32.962 1.59147
263 39.1012 3.49588 1.81507
264 4.70092 28.8043 0.33991
265 2.18281 19.3872 0.398059
266 36.9355 10.6728 -1.08132
267 5.13985 24.5143 -2.13467
268 0.373374 27.2468 -1.88137
269 21.0733 36.3543 1.59884
270 3.0024 10.461 1.02129
271 32.6031 11.4482 4.91975
272 22.1851 15.6096 -0.900344
273 27.4299 33.8926 -0.922119
274 8.80838 4.57517 -4.03665
275 4.11847 17.7997 0.893635
276 28.5624 20.5057 3.28048
277 7.23268 27.8894 0.630829
278 7.58025 9.06797 0.349376
279 2.43413 21.6431 2.21372
280 38.83 21.1894 0.655326
281 23.6863 14.6527 -2.18893
282 12.0131 18.58 -3.56466
283 19.4028 38.3332 0.553409
284 30.3303 22.798 1.58182
285 34.5899 35.9127 1.86198
286 33.8304 8.47371 -0.192379
287 7.04477 17.4673 2.60062
288 8.10232 35.8404 0.26424
289 15.1382 29.3827 0.277783
290 37.1473 25.1001 1.63122
291 17.0465 14.3666 -3.50218
292 39.0229 25.16 3.60851
293 7.0406 3.90335 2.11629
294 29.9531 30.4821 -3.44226
295 15.0192 10.8883 -4.06095
296 27.2476 23.2804 -2.91651
297 39.2772 27.6134 1.91482
298 23.4496 33.832 2.15266
299 17.497 33.7516 3.05594
300 27.773 8.21032 1.19587
301 31.6257 22.7571 0.293583
302 17.5426 37.4385 2.2674
303 6.23022 28.1114 -1.31328
304 11.567 23.3728 -4.2471
305 7.23156 24.7637 -2.47932
306 31.5951 12.5858 1.90972
307 10.6876 16.8742 3.24532
308 0.536513 18.3603 0.890197
309 12.1886 36.7814 3.17843
310 17.5815 22.2593 1.06209
311 25.678 6.04008 1.50378
312 39.013 37.2081 2.24225
313 32.4507 0.00283792 -2.42809
314 14.3696 2.73049 2.07678
315 38.8141 29.134 -1.5989
316 36.8271 34.4557 0.395755
317 31.7769 32.2327 -1.56459
318 21.8504 19.0721 -2.84205
319 1.47421 37.8936 -2.10848
320 0.586904 23.2773 1.71095
321 30.8815 5.23123 3.10698
322 2.98511 35.2802 -1.99948
323 18.5032 35.7583 3.29416
324 28.1472 13.9061 0.926289
325 7.18344 25.1025 -2.53763
326 0.485714 8.1377 -2.89006
327 16.8666 39.7551 3.16267
328 15.7016 27.0361 -1.69564
329 39.2463 20.8664 -1.10367
330 2.42707 10.302 2.23463
331 12.0476 38.0185 2.34905
332 32.3789 13.1195 -1.14961
333 18.5565 19.6399 2.6189
334 9.62502 9.28641 -1.14394
335 10.3814 38.8255 3.47201
336 19.5039 37.4125 -3.85821
337 4.35674 16.9955 -0.180157
338 13.7961 28.471 -0.352823
339 0.581967 33.2532 -1.08834
340 5.649 25.9871 4.32055
341 30.6447 31.7486 -1.16568
342 10.6272 11.2459 0.0278303
343 12.7174 14.1296 -3.52431
344 13.2884 37.8121 0.907159
345 38.7311 27.0976 -0.328947
346 17.7153 6.27154 0.899542
347 6.66212 37.0246 -1.75358
348 8.57793 21.8238 1.2181
349 11.6692 17.4931 -1.67913
350 10.2451 12.4692 1.85926
351 7.73751 22.2962 3.25535
352 25.6507 21.6321 -0.35856
353 26.6853 4.22488 -0.9098
354 33.6861 39.7795 0.0015984
355 21.1436 25.6051 -3.73516
356 27.5698 29.6834 -0.227839
357 13.7416 26.19 -1.54756
358 13.5781 15.8686 -0.586337
359 34.2295 28.9019 3.81649
360 33.0778 26.1518 -3.75391
361 29.1856 30.4338 -2.93208
362 38.2831 24.1593 -3.65106
363 39.3097 7.14977 4.21245
364 9.13157 11.7825 1.3459
365 5.20383 1.55083 0.00521081
366 12.9345 4.74422 0.635935
367 11.7685 37.4062 1.87144
368 27.4873 7.10997 1.90236
369 16.9113 32.8249 -0.337419
370 18.256 26.7813 2.17475
371 25.1812 21.8833 -0.902044
372 26.063 27.2647 3.80606
373 10.1814 7.80176 -0.666397
374 13.663 17.5407 -3.12884
375 14.5013 12.321 -0.255472
376 1.98243 31.4647 -1.84508
377 3.82297 10.6793 3.56147
378 10.4304 4.60002 -0.179166
379 31.0898 32.136 -1.99093
380 36.975 28.4954 -2.06446
381 12.0155 32.151 2.02812
382 0.0832407 15.9538 1.31698
383 16.3512 35.391 -0.137527
384 24.5128 0.546362 2.53589
385 20.1746 15.606 3.51994
386 22.1482 8.33931 1.70801
387 9.17207 3.39467 -2.48376
388 31.0282 23.0941 2.21804
389 4.92873 7.03248 2.4055
390 30.3551 28.9237 0.149663
391 16.7544 13.7937 0.143285
392 23.5228 28.7524 -1.33406
393 19.9084 11.2251 3.72315
394 31.0661 36.8921 -1.75878
395 34.5081 17.5743 1.7083
396 1.8851 5.10555 -1.48429
397 5.38514 2.47731 2.00383
398 4.0753 33.2401 1.74849
399 38.2812 18.707 0.581596
400 4.11621 37.3193 0.364229
401 22.388 36.8457 0.345209
402 34.1611 10.6287 1.33332
403 1.13806 28.021 1.07419
404 25.5119 30.1939 -0.0994466
405 2.02159 22.5799 1.69858
406 25.8367 1.15232 0.57208
407 39.262 37.9642 -1.34091
408 8.7202 13.8282 1.20501
409 15.3339 5.47103 0.754726
410 23.7672 23.5284 1.7075
411 20.0541 21.181 2.98452
412 1.20218 7.16333 -1.43049
413 17.483 12.0313 0.868676
414 3.76023 14.928 -2.30596
415 13.5988 28.2143 -1.67929
416 27.0023 35.2021 3.25698
417 2.14657 5.37613 -1.99877
418 30.905 28.3077 1.20301
419 22.0702 13.3 2.49782
420 20.2967 38.9924 0.243076
421 3.24802 14.8276 -1.51215
422 11.8586 8.60564 2.96813
423 31.3741 10.2746 0.00788047
424 25.7403 20.9224 0.344179
425 20.8948 39.1039 0.463882
426 10.7854 22.8091 -3.31547
427 15.8147 19.8463 -1.07238
428 39.8146 8.15221 0.0232304
429 4.39699 10.5653 3.04313
430 20.615 16.5787 -2.72823
431 10.8299 8.85387 -0.0612123
432 18.0582 36.352 1.88184
433 31.1087 25.4151 -0.994908
434 4.65946 23.0325 0.0124595
435 27.6775 36.6028 2.61599
436 1.24298 22.1514 1.975
437 11.801 35.8762 -0.098548
438 9.3219 21.3305 4.22663
439 33.3756 21.4425 -0.175812
440 26.3161 39.8232 0.333201
441 8.51162 4.48403 -3.34768
442 14.3374 25.8744 -1.41865
443 19.0689 17.4496 -1.08705
444 8.76863 16.8897 3.4286
445 4.70847 22.6586 0.935907
446 20.1396 10.1526 -1.55252
447 1.80243 10.8796 -0.405906
448 34.3416 26.4758 -1.42458
449 13.7074 15.3193 -1.06442
450 12.3555 20.6971 1.96269
451 36.5026 12.5689 -2.53464
452 17.3102 13.1072 -2.13961
453 5.36772 32.921 1.96019
454 35.3769 10.7961 -1.20217
455 32.9177 4.43716 0.587839
456 9.85172 8.66545 -1.23801
457 22.8916 20.6234 1.23102
458 34.9394 17.9088 -1.73298
459 9.48813 8.57757 -1.86363
460 11.428 2.04661 -2.60683
461 9.63253 38.9935 2.85344
462 25.9296 14.7433 -1.47715
463 2.12833 33.7101 -2.91099
464 33.5809 21.9311 -0.336885
465 30.7663 13.2685 1.349
466 33.0822 22.8601 1.26165
467 4.24252 38.5213 2.91385
468 29.9453 36.7866 -1.77016
469 15.9122 27.9416 -2.4467
470 11.7483 13.6151 0.981558
471 37.4209 17.24 0.561211
472 14.5848 15.2855 1.62563
473 11.9791 3.01298 0.40874
474 5.70624 36.0537 -2.84134
475 31.4674 5.94458 2.60699
476 20.8205 30.3934 1.91187
477 14.4126 31.658 -0.78978
478 34.6262 17.0755 1.92527
479 5.0709 26.7646 1.46731
480 32.562 17.4015 -2.52945
481 24.7213 34.6466 -1.65526
482 5.34644 29.849 1.55539
483 13.7523 31.6666 -1.32242
484 8.84944 34.7769 2.13247
485 6.92527 39.9102 0.495346
486 21.459 27.4681 -1.36103
487 29.8621 30.2757 -2.68537
488 33.9999 10.6379 1.64394
489 18.5217 4.49343 -1.62802
490 3.23384 6.11778 1.69706
491 17.1276 13.9658 -2.25109
492 25.1193 1.40486 0.163875
493 4.35203 26.6904 4.09512
494 7.59699 18.4746 -0.618057
495 29.8384 14.2044 1.54891
496 35.104 18.0826 -1.13861
497 3.7658 30.0285 2.22542
498 18.6879 17.2329 -2.00934
499 6.22052 14.9643 -4.88874
500 3.62515 14.921 0.294266
501 26.825 18.0858 -2.34892
502 4.04871 1.89041 1.43576
503 14.0906 27.6803 -1.54363
504 39.0399 30.997 0.138961
505 7.00958 4.30763 -1.46616
506 28.2051 25.1345 -2.3969
507 22.5688 7.88474 -1.32813
508 1.09206 28.3174 1.87344
509 30.157 1.17393 3.67249
510 31.5104 1.86951 0.779511
511 22.4973 30.5986 -2.46549
512 0.181841 34.9938 2.31694
513 18.6666 37.0318 -0.968095
514 12.0623 25.936 -1.98892
515 18.5958 13.9274 1.02392
516 19.9474 2.48216 -0.888788
517 11.1881 8.06892 2.75943
518 18.7152 19.0937 0.291579
519 20.22 13.0391 2.05697
520 34.5468 10.5494 3.01668
521 36.8717 30.1727 1.39832
522 20.9705 21.4188 2.98757
523 12.3763 20.2787 1.79763
524 4.71264 22.8409 -0.259616
525 9.6679 11.4384 0.467952
526 0.678598 20.1097 -2.95944
527 14.4041 5.21815 4.02672
528 20.4629 8.24378 -2.83143
529 31.7434 3.08267 1.22277
530 37.6016 8.69427 2.42643
531 26.1265 11.0744 0.374858
532 20.8657 34.7474 -0.723551
533 25.9108 28.7524 -3.45911
534 13.6706 28.0314 -2.02507
535 8.65498 1.91332 0.45885
536 31.8807 18.506 1.30211
537 39.4841 18.2811 2.13343
538 0.797471 38.9862 -1.49063
539 4.26552 3.28854 3.27352
540 30.3471 27.1349 -3.62294
541 25.2357 22.2173 0.531401
542 1.13421 28.5362 -0.505528
543 14.3174 14.7545 0.339454
544 8.15789 2.2394 0.874568
545 12.4679 22.237 -1.38212
546 39.0954 35.0235 3.78309
547 5.30962 19.1066 -0.914019
548 38.3887 31.9652 -0.44745
549 3.0669 23.1113 -1.26158
550 6.47603 34.3614 -4.16332
551 19.9398 18.4602 2.85969
552 38.6582 8.84362 2.62989
553 20.424 22.4161 1.43
554 16.2034 7.51632 -3.28306
555 36.6646 16.6923 0.320132
556 30.5201 18.1457 1.8811
557 7.27513 26.1323 -1.4663
558 32.3449 39.9255 -0.431151
559 24.5447 31.5136 1.2355
560 31.1241 23.5673 -0.57502
561 11.5737 20.7906 0.56686
562 4.92226 22.7155 0.986864
563 2.05389 16.6849 1.22874
564 15.855 22.905 -1.58312
565 37.8374 15.3778 -2.24578
566 18.5798 35.7755 1.62894
567 32.9907 12.1631 1.78995
568 37.64 6.45129 1.60598
569 3.20934 19.8646 3.5291
570 5.40934 23.547 -2.55448
571 19.991 11.2223 3.32148
572 1.51116 33.6314 -2.48898
573 18.2128 1.98915 2.33241
574 15.1443 19.0506 -1.13644
575 17.125 19.9131 3.42709
576 37.3919 3.01917 1.62146
577 25.908 28.5873 3.07603
578 2.63306 36.488 -1.7754
579 7.68315 8.4109 2.05445
580 6.22552 30.9693 -2.99579
581 5.40762 29.6743 -0.610954
582 26.2178 27.8456 1.19613
583 24.7664 37.7076 1.38123
584 34.3649 10.5904 2.86391
585 6.4121 16.2305 2.7515
586 26.41 21.3516 -0.818751
587 34.7108 32.5183 3.289
588 20.3617 36.4331 3.24869
589 26.3715 21.4807 -1.21953
590 9.11981 3.60192 1.31402
591 0.959552 20.7654 1.11516
592 30.9463 27.1221 3.78646
593 17.0528 26.0534 -1.41019
594 10.1613 2.77958 1.03778
595 22.4239 20.2141 -0.0889406
596 34.2457 34.8044 3.55058
597 32.3012 9.55925 -0.517377
598 34.4481 12.0552 -1.22134
599 16.451 34.8489 -2.22254
600 6.22152 39.65 -1.63864
601 18.3951 32.684 -3.18922
602 4.67801 17.9966 -0.312248
603 17.3554 20.5862 -0.488595
604 36.2185 25.771 -3.66657
605 6.87904 0.922071 2.76043
606 2.75958 26.8494 3.22221
607 3.25035 11.2637 3.51403
608 4.36001 1.89849 3.72109
609 23.5908 36.7098 -2.12941
610 36.9759 25.7628 3.87018
611 0.81259 22.9631 -0.750486
612 20.6224 12.0689 2.68292
613 24.9409 11.8342 -1.7303
614 37.83 8.29393 -1.09291
615 33.6595 7.03292 0.389288
616 35.1104 16.7397 0.59643
617 23.2575 33.2338 0.985624
618 36.5742 4.47076 -1.28812
619 24.2352 33.4437 0.811555
620 32.001 31.7781 0.460346
621 30.5604 14.0803 3.41705
622 11.1451 0.185931 1.23521
623 20.3218 11.9111 1.99375
624 31.393 38.7218 2.68397
625 18.3164 10.0954 1.17961
626 6.3719 0.56952 -2.12623
627 4.01306 34.032 -0.218769
628 21.0706 12.5801 0.750857
629 29.9516 0.175148 -3.72739
630 36.2916 28.7802 0.9758
631 30.9836 37.7752 3.36385
632 30.0378 30.9226 -1.73804
633 32.3251 23.4959 0.432396
634 38.3893 37.2856 1.70143
635 25.7266 28.394 3.10985
636 20.9012 9.2356 4.38011
637 0.877585 23.0854 1.41252
638 36.8562 23.357 -1.56004
639 32.2373 4.3182 1.91865
640 4.0041 17.4172 0.0677541
641 21.4747 38.7357 0.246466
642 15.5786 39.983 -0.356468
643 25.9371 28.0557 3.56089
644 10.6958 5.30111 0.194311
645 5.30584 8.67722 0.0778589
646 10.2056 11.4489 0.557261
647 7.76096 18.0429 1.81991
648 33.938 35.4439 3.38015
649 24.5446 27.0194 2.51162
650 29.366 12.8741 1.18775
651 25.4481 18.6355 -3.24468
652 0.359229 38.7796 -0.70226
653 11.6846 39.3352 1.60073
654 21.5484 14.4431 2.76837
655 31.8846 32.7196 0.316981
656 12.3651 13.4475 -4.12895
657 20.0778 4.11016 0.754409
658 9.14368 27.4732 0.147064
659 29.0243 1.62738 0.964988
660 29.8455 14.0713 -0.0383832
661 37.7388 16.0287 -0.19664
662 29.0918 30.4859 -0.510241
663 17.4196 22.7483 1.27226
664 32.1242 16.6736 -1.77447
665 33.1732 36.7212 1.49512
666 29.7423 1.67462 2.02365
667 36.1495 32.534 3.63831
668 8.14735 35.3411 1.91197
669 16.7845 28.4828 -4.59526
670 38.0623 25.1316 1.22157
671 24.438 36.3205 -0.228215
672 14.7959 27.8387 0.319791
673 36.0173 8.36442 2.16812
674 12.5882 18.3403 -1.3212
675 30.9574 14.1147 1.64881
676 29.4266 0.77377 3.16689
677 29.6362 14.7528 0.215429
678 30.3377 35.9356 1.43276
679 22.8109 17.874 -1.73963
680 14.5096 23.8295 1.77066
681 12.8036 37.5151 2.96217
682 31.1619 36.0977 -2.14724
683 32.2696 20.999 1.91575
684 11.2393 36.0348 1.57811
685 24.0785 27.8898 -1.74797
686 4.81858 5.73108 0.629364
687 24.1483 14.2292 -2.38675
688 34.2627 2.2546 1.15939
689 12.1042 35.9069 0.878291
690 18.8171 30.0843 0.297722
691 15.1548 31.8022 -0.673515
692 27.4248 14.862 -2.3257
693 37.8896 16.0769 -1.35364
694 25.9871 34.9501 -0.180349
695 14.8623 30.0106 -0.042348
696 33.746 29.1469 4.25801
697 31.9768 7.16991 0.45158
698 34.3734 13.5895 3.87751
699 21.1541 17.4284 -0.728664
700 4.18647 2.27932 2.8063
701 26.1952 1.55259 -0.45891
702 39.34 2.7466 3.38713
703 31.4365 18.8408 0.503958
704 28.2376 27.9815 1.33462
705 2.08509 34.6911 -2.15883
706 33.5662 31.2702 -1.5602
707 11.9909 8.75898 2.66461
708 27.9635 17.3499 -0.466836
709 28.4665 4.0034 -1.23552
710 19.4042 29.4513 -2.50777
711 31.7273 31.7998 -0.919447
712 28.3956 14.1427 -1.64507
713 34.2926 11.5401 -3.75747
714 26.474 25.7404 -4.00362
715 1.2285 5.85282 0.658422
716 22.9671 33.4401 2.67597
717 14.2541 25.2637 0.214625
718 13.6334 28.5833 0.696599
719 8.51539 34.8102 2.00532
720 16.4695 22.9604 4.31137
721 31.0278 35.0904 -3.85174
722 1.64236 6.24222 -2.5294
723 18.1434 39.1083 1.4929
724 12.014 3.29906 2.62335
725 28.1747 8.34897 0.7095
726 6.73457 28.7721 1.37675
727 2.72272 32.3885 3.04401
728 1.93373 10.7489 1.71412
729 19.0888 0.69535 -3.18809
730 16.8736 13.0715 -2.25381
731 30.355 19.6149 0.965553
732 26.4728 37.3926 1.45034
733 35.6707 25.9014 -1.97411
734 25.3939 15.9944 -3.67531
735 18.8314 22.5271 0.903564
736 23.7604 28.9967 -3.24394
737 33.0165 26.8576 -4.14785
738 13.8687 8.69902 -1.84345
739 13.4991 31.2898 1.75111
740 38.7068 20.8325 -0.723357
741 5.48129 34.3446 3.96284
742 25.5637 15.1854 -0.709548
743 18.6743 27.7915 -0.877658
744 30.9367 27.4272 1.1507
745 19.5145 29.8118 0.936767
746 16.3792 17.5842 -2.55091
747 16.3026 23.8633 4.50962
748 12.4521 24.8322 -0.673627
749 5.1706 5.73035 -0.5577
750 3.14225 29.4365 -0.910618
751 8.59741 0.45782 1.14918
752 32.4114 17.3997 -1.41529
753 7.40138 20.7686 -2.84748
754 28.5858 21.5831 0.835134
755 23.8883 8.56489 -0.387211
756 36.1285 6.6664 0.036219
757 17.2868 22.4505 0.0740196
758 32.8841 26.882 -3.58209
759 7.11892 30.0186 -3.40352
760 30.5235 38.7327 -0.220205
761 14.4509 15.6419 1.27854
762 25.1382 24.1269 -1.11613
763 13.8314 1.9978 3.39114
764 26.7645 2.22306 -0.22638
765 27.3484 28.8362 -2.07242
766 7.29133 15.6419 1.20846
767 35.2894 18.3017 -0.510824
768 7.34336 13.2497 0.572131
769 23.3048 30.4038 0.541049
770 10.8502 24.7069 -4.33583
771 39.8412 21.218 0.457589
772 14.744 34.7897 4.27249
773 31.8581 29.0267 -1.55288
774 37.2297 35.9929 -2.35413
775 18.1288 16.4927 -1.30834
776 15.7148 23.5269 1.93297
777 39.3358 20.7556 0.367338
778 29.7171 22.6698 -1.22466
779 17.6448 2.33926 -1.89735
780 2.35871 5.17495 -0.984137
781 31.0506 3.54058 0.732542
782 10.5695 4.86258 -1.35246
783 15.0331 8.24425 -3.36362
784 31.156 2.45801 2.47694
785 22.6185 18.5003 -2.1398
786 7.16821 25.492 -1.43143
787 29.7927 2.81703 -1.16508
788 2.27213 34.7681 0.280422
789 37.8099 14.4779 -1.08538
790 9.57094 30.6923 2.75202
791 19.389 15.3909 -0.25074
792 11.1462 26.5975 -2.09182
793 24.593 38.9957 -1.13734
794 25.0738 23.3621 -0.848995
795 10.4914 10.1186 -1.87892
796 15.5435 27.6789 -1.27189
797 5.94648 32.3349 0.297988
798 28.5412 4.65213 -0.833547
799 26.0284 39.5914 0.395997
800 30.3756 9.5457 1.15005
801 22.4071 14.2285 1.75484
802 34.7153 16.833 1.08027
803 7.59138 3.21724 3.33616
804 4.37003 14.7528 0.0152554
805 0.813681 20.5734 -0.407924
806 11.7418 21.2127 2.29114
807 21.8236 7.77507 0.164845
808 25.714 20.6574 3.04913
809 18.1397 9.63225 3.29414
810 17.2702 39.4344 1.61701
811 13.1369 28.0082 -1.0891
812 10.6616 38.83 0.811336
813 0.934965 6.72193 -1.20935
814 26.9171 34.7442 1.76492
815 32.9425 23.6086 1.87889
816 14.0015 36.3559 1.80681
817 14.4151 37.1492 3.75913
818 9.78697 13.5534 2.27542
819 26.0051 3.85139 -3.41856
820 34.3002 39.9675 1.3717
821 12.5247 7.91919 3.46057
822 7.78505 9.36937 1.71418
823 33.426 39.3189 0.670948
824 37.8065 14.7058 -0.817747
825 35.2999 24.9699 0.567979
826 39.661 15.984 0.331744
827 0.882483 11.4254 -1.32854
828 23.1741 10.9723 -0.887079
829 18.2699 34.6839 0.480514
830 13.8399 24.189 -1.4927
831 11.7044 38.7489 3.39781
832 29.2044 28.0408 1.03647
833 16.2819 13.7279 -0.0742329
834 20.1355 9.7271 -2.6541
835 4.11553 27.7403 1.98982
836 21.895 29.1542 0.200001
837 33.4659 25.8723 -1.62575
838 27.2449 8.6829 -0.583916
839 0.89799 24.6749 -0.479378
840 25.3413 11.7074 -1.76375
841 32.4922 34.2671 0.422002
842 25.4862 28.1578 1.56115
843 12.3168 2.93056 2.73328
844 5.75652 16.6289 1.40897
845 4.1803 25.3433 -2.24489
846 16.7619 33.6818 -2.02807
847 1.6896 22.6757 1.64463
848 25.3395 19.6216 -0.470815
849 14.5735 17.0366 -2.17546
850 3.90256 34.6956 -0.194417
851 0.973972 36.6005 1.30772
852 26.2615 29.8733 -2.91275
853 28.5008 24.3678 2.29258
854 39.8181 29.9093 -3.82897
855 16.8748 2.21961 -2.75842
856 16.3231 34.4967 -3.28573
857 10.4916 21.0309 -3.37086
858 3.66732 25.8422 -1.3997
859 17.9174 39.9907 3.45771
860 31.9951 22.7971 1.83903
861 39.8563 14.6113 0.89122
862 2.3065 33.7646 -0.631035
863 12.9571 11.5325 1.11077
864 26.526 12.2753 1.08548
865 30.74 31.1355 -1.59235
866 27.1702 0.378384 0.360018
867 16.979 39.1674 -0.354652
868 30.5795 26.4084 -4.46737
869 37.5887 14.3449 0.330451
870 8.20704 3.08151 2.4635
871 20.0086 21.8603 -1.88789
872 29.1979 25.3571 -1.19046
873 21.1885 18.5336 -2.85067
874 36.281 10.8237 0.850103
875 36.4788 11.759 0.776313
876 1.17819 10.8013 2.53899
877 0.919645 2.93585 3.39093
878 0.0172934 37.1837 -4.47861
879 3.14244 35.0807 0.876783
880 37.6841 17.8961 -2.82344
881 4.11192 24.6852 -3.00855
882 28.1027 5.347 0.623657
883 39.9065 25.833 3.91049
884 11.7011 20.4874 0.918145
885 14.08 12.02 1.47212
886 12.5594 27.157 1.64716
887 35.4854 22.2428 2.28135
888 0.235059 31.2025 -1.30568
889 5.55783 11.3857 4.3932
890 21.9638 16.2459 1.4216
891 19.0809 21.9459 -0.758672
892 25.7019 3.22085 -3.61472
893 30.7808 28.6806 -0.458856
894 33.0577 31.4942 -2.53578
895 33.9391 21.2242 -1.25529
896 20.8494 38.6776 -0.606293
897 0.504057 11.2749 0.283989
898 19.363 17.327 0.704126
899 7.50215 24.2647 1.48956
900 18.393 5.60303 0.533117
901 3.49281 37.6009 0.115472
902 36.1579 31.5325 1.05037
903 7.45962 38.154 1.0282
904 20.5586 2.34899 2.01707
905 24.1396 33.7927 2.13112
906 25.2855 24.1653 -3.32617
907 15.5257 27.9053 -2.98965
908 31.4943 32.3239 -2.03715
909 18.4801 7.18845 2.18055
910 38.8298 22.9031 -0.404564
911 30.1843 27.5859 1.6887
912 24.0452 24.1967 -0.800417
913 39.8642 26.7602 4.0645
914 4.16662 24.5298 -1.25611
915 39.5345 33.5247 1.77062
916 24.9594 20.9062 -1.66827
917 6.15375 28.2291 2.03813
918 5.37535 38.9415 2.82124
919 29.2256 15.0397 -4.44475
920 4.68757 17.9486 0.115602
921 32.4804 21.637 1.80198
922 27.4852 13.9859 2.03739
923 11.7692 26.3654 0.147423
924 28.6993 35.025 -1.79245
925 19.5041 38.5241 -0.185904
926 29.8626 35.5818 0.902889
927 6.81657 34.1392 -0.754847
928 32.3667 1.36446 -2.3035
929 36.7303 29.3444 0.791181
930 17.4126 5.28762 -1.12577
931 16.1499 18.7919 -1.77098
932 9.41495 26.0227 -2.62788
933 10.375 3.2104 3.5402
934 31.2062 29.0949 -0.129266
935 6.38936 3.56124 1.80283
936 11.998 22.5701 -1.05399
937 11.7272 1.2314 2.30402
938 23.0999 24.5888 1.3065
939 24.8945 7.53809 -1.03464
940 18.1644 19.6406 2.91906
941 20.1621 20.6051 -3.70386
942 2.42847 11.6605 -0.565573
943 11.2161 1.82668 1.77522
944 1.02908 32.8699 -1.67059
945 6.36269 38.7525 1.16459
946 21.5948 21.2467 0.884165
947 22.014 6.33655 1.98342
948 10.3051 38.6981 1.67077
949 3.42121 12.5894 3.56666
950 32.2601 25.4868 4.77856
951 18.2556 5.29799 0.644434
952 15.4091 16.0392 -0.652873
953 34.8079 16.5923 2.93946
954 2.06069 39.9871 -2.0527
955 38.8283 7.88035 1.40594
956 32.2217 6.53793 1.23709
957 29.7298 21.8689 -1.09042
958 5.28517 34.9596 2.54439
959 28.012 39.083 1.8869
960 5.06124 5.39147 1.63835
961 2.68779 32.4678 3.16705
962 14.5802 31.0895 0.83051
963 17.4486 37.1099 0.018231
964 4.16235 10.5966 4.71123
965 37.8937 28.5615 1.47475
966 14.3501 17.0751 0.249351
967 19.8263 0.570489 -0.776169
968 35.5638 23.8856 0.559888
969 14.467 39.6055 1.12704
970 27.4224 37.4675 1.1775
971 31.4061 13.4205 0.950284
972 14.2815 17.3267 -1.56465
973 10.8113 22.809 -2.85528
974 27.9799 15.1968 -2.19567
975 11.2845 24.431 -1.91232
976 3.69906 3.03675 0.787751
977 1.50333 38.152 -2.03048
978 11.2543 23.9647 -3.74109
979 5.85805 35.8265 -3.07229
980 33.22 13.895 2.25516
981 6.41394 15.3943 3.08126
982 38.6058 3.82669 2.63115
983 22.5577 11.1055 0.6336
984 11.2473 37.7774 -2.84431
985 7.66368 19.8162 -0.728641
986 28.1631 13.8828 1.40343
987 8.00573 9.48948 1.47753
988 4.03885 27.2193 2.54424
989 22.5211 33.3357 2.90146
990 25.5434 18.7202 -1.80007
991 10.1079 25.2081 0.582211
992 1.36782 13.9094 -0.296455
993 11.4344 21.8121 -0.728286
994 25.1232 21.2166 0.804655
995 10.9692 23.319 -4.40477
996 34.5777 18.9408 -2.35571
997 32.5363 16.0812 -0.740393
998 37.5238 37.7469 2.88344
999 32.6163 26.0706 -2.87712
