1000
Particles
0 3.55361 34.3736 0.468265
1 36.5826 28.5729 0.518609
2 17.0459 4.96973 -0.505162
3 8.39204 33.9958 4.19286
4 20.8047 22.9599 3.86202
5 17.2491 8.15779 -2.12459
6 28.2103 37.7468 -0.602785
7 36.6251 20.5914 -1.85315
8 11.546 25.4525 3.30935
9 35.5096 24.3105 -1.05556
10 24.4227 38.4004 0.492826
11 3.80374 29.5211 2.13313
12 30.2229 33.9844 -2.79159
13 8.94751 6.47225 4.19036
14 27.1026 27.3598 1.77224
15 14.8804 27.0701 -0.212303
16 28.9291 32.9097 -2.36088
17 33.6882 19.9249 -1.81848
18 36.3453 10.7742 1.65222
19 13.6884 22.6123 -0.05752
20 2.31632 5.19746 -1.57859
21 1.38371 3.83555 -1.48314
22 6.85973 7.91644 -2.33333
23 37.7911 19.848 -1.95007
24 37.0579 9.05839 -1.7862
25 2.46343 32.4508 -3.56612
26 17.6632 32.782 -2.423
27 12.5545 8.79771 1.12435
28 4.5163 30.3481 -0.820215
29 29.387 39.1385 -4.19571
30 15.4508 19.9423 -1.44779
31 8.78746 17.1671 -2.74837
32 25.8837 2.30717 -3.48179
33 10.8802 36.6451 0.623866
34 29.6018 25.1 2.82362
35 26.1795 8.11301 -1.74773
36 14.4999 1.51214 -2.22383
37 37.0249 31.5135 0.50685
38 29.1681 2.06803 -0.203771
39 36.1759 16.0956 3.46377
40 38.8183 34.3917 -1.77769
41 11.2167 15.1309 2.42412
42 39.6208 18.026 1.18788
43 20.9895 30.1813 3.32539
44 20.0503 28.1903 1.79415
45 6.37736 26.5079 -0.615682
46 37.9785 7.5169 0.543529
47 27.4405 12.129 0.389737
48 7.45327 33.9675 3.36168
49 4.03663 34.3802 3.08196
50 39.3318 39.6629 1.26256
51 24.6415 35.9499 -1.39615
52 31.0828 11.3818 -1.89034
53 13.1544 5.80929 2.94992
54 24.3602 22.2306 -0.282298
55 8.33168 14.4509 2.30198
56 16.7979 12.0511 -0.594021
57 10.5116 39.0406 -1.29308
58 36.1878 23.2365 3.58999
59 8.13823 33.6144 4.84579
60 8.82812 22.9073 1.81714
61 14.6932 31.1259 1.13141
62 36.2447 1.52226 -2.31268
63 7.994 17.9187 -0.362399
64 38.7519 24.6925 1.85702
65 3.51799 2.12497 0.446061
66 4.96035 19.8074 0.599298
67 27.5652 24.5126 -1.15598
68 6.33356 5.1591 -3.84149
69 16.5305 5.49713 2.21403
70 7.7595 3.98943 0.792419
71 21.2793 11.7755 2.59924
72 5.43282 10.5304 -1.32658
73 18.2861 26.1503 0.458996
74 5.50114 10.1122 -1.33864
75 35.8303 33.6292 2.72413
76 27.8754 5.63536 1.43021
77 9.82242 24.9476 -0.223376
78 6.41815 38.8596 -2.58096
79 0.792898 0.429848 -0.164582
80 31.4485 10.37 2.77583
81 4.21893 36.7747 -0.440651
82 13.348 18.548 2.09344
83 15.4772 31.3251 0.185498
84 25.4201 12.2816 -0.0912763
85 4.36089 21.1144 1.13863
86 22.0319 10.497 3.45859
87 26.2851 36.3115 -1.24397
88 7.67652 1.2914 1.62287
89 5.69744 3.14857 1.46773
90 3.23047 36.7796 2.9514
91 24.3796 17.3186 0.544902
92 18.1918 26.7968 1.12781
93 8.24784 1.76331 -0.937983
94 16.3325 25.1729 -2.6624
95 16.9744 4.57765 -0.0564065
96 10.8041 35.164 -2.86007
97 15.8082 1.54677 -3.37908
98 0.689186 20.7733 4.28374
99 11.1489 7.11648 -0.324002
100 27.863 23.0794 0.299977
101 21.8668 28.3274 -0.570871
102 18.0177 35.7061 1.58078
103 13.7916 4.02258 -2.1059
104 24.1927 4.31247 -2.52082
105 14.4796 37.6272 -2.29053
106 36.6538 19.5645 1.47775
107 21.5656 22.6602 3.01113
108 34.02 24.4596 0.253533
109 39.8545 31.0958 3.50215
110 2.83951 2.18703 -2.67495
111 35.891 33.1963 2.68804
112 32.1472 2.05815 -1.26244
113 36.2242 33.1418 0.266236
114 33.9285 27.0881 2.71401
115 29.2771 20.5395 0.146259
116 21.3923 33.3087 2.61947
117 32.5882 28.1097 3.77158
118 22.6383 3.13587 -1.47183
119 38.3005 10.0933 -0.540161
120 18.3296 26.8425 1.46446
121 24.3252 11.0981 -0.255615
122 36.8012 23.2102 1.79728
123 6.40244 25.3077 -3.42641
124 11.0827 39.0085 -0.765326
125 21.777 35.7363 -0.769635
126 31.1427 29.9074 0.8193
127 33.4842 4.21409 0.00299198
128 32.2604 2.11993 -1.83576
129 5.59738 12.5488 2.1692
130 27.5109 8.79153 -2.49118
131 25.0612 26.939 0.0550453
132 19.572 2.2214 0.612669
133 39.3402 38.4688 0.584615
134 9.1422 32.2749 3.73284
135 11.0429 1.83917 -3.76399
136 27.4743 6.55332 0.506973
137 23.3181 27.5742 -1.88205
138 4.97251 15.3216 1.77473
139 16.791 3.40397 0.632232
140 27.0877 37.1176 0.0259826
141 26.9249 38.0037 -0.814819
142 22.4742 11.7994 2.47902
143 17.5874 23.2972 4.74088
144 2.56024 34.5184 1.03151
145 24.8503 24.6284 1.21784
146 29.5664 17.4092 -0.571828
147 39.6399 36.6494 -0.310229
148 31.7696 9.20717 -0.0720671
149 11.0887 15.7095 -0.669079
150 12.2016 29.9488 -0.520652
151 31.3347 5.80043 -3.06956
152 13.734 19.2202 -3.30853
153 17.4715 5.00049 2.62158
154 26.7073 37.9685 0.947279
155 39.86 21.0112 4.01795
156 35.7081 27.888 3.1068
157 13.5205 4.55304 4.63102
158 12.4732 36.4504 1.14957
159 22.3843 28.5476 -3.15082
160 3.16203 15.0342 -0.124965
161 9.8023 27.8779 -2.11409
162 26.2903 29.7975 -1.44415
163 8.04065 9.2503 3.36803
164 18.9353 8.32797 1.20947
165 30.2561 10.1365 3.5675
166 34.9477 6.58971 -2.02154
167 11.0673 30.3714 -2.67819
168 34.6139 25.1577 1.62517
169 39.8666 0.423814 -0.5064
170 38.2092 33.077 -1.26542
171 25.7466 33.9858 2.62177
172 0.816993 16.1634 0.655322
173 22.2047 31.2385 0.795438
174 19.9987 5.52499 -1.37156
175 3.17942 10.4803 0.652514
176 18.4501 20.9182 2.21464
177 11.0233 4.77082 2.49891
178 29.1962 24.3029 1.63651
179 24.4967 11.6121 1.28473
180 12.9258 7.34426 0.268379
181 8.3281 31.703 1.50834
182 11.9916 20.5813 -1.75012
183 4.62687 16.5065 -2.94634
184 39.91 39.9367 0.392503
185 3.69754 13.3359 0.334621
186 21.6133 39.7904 2.50417
187 7.52307 7.49619 -1.67203
188 18.4074 17.5489 -4.07922
189 6.0373 23.031 2.26831
190 20.9562 18.1742 -2.15845
191 17.2419 32.8204 -3.37417
192 35.1256 1.19325 2.32924
193 23.5926 27.8117 -2.80112
194 20.3827 22.3351 0.927395
195 5.16925 12.6238 1.53964
196 27.7503 36.1365 2.39975
197 13.9618 36.8393 -2.54788
198 33.8 20.5034 -1.63587
199 18.2433 8.85599 -1.17036
200 36.1072 37.7621 -2.83781
201 1.94142 14.6266 -3.26272
202 7.87593 18.9848 0.358401
203 23.3011 12.2515 1.22698
204 30.6283 30.4233 1.92285
205 1.24462 34.4452 0.0534022
206 14.9268 4.75423 2.78915
207 33.7152 39.5815 3.03707
208 35.0122 23.2555 4.30887
209 12.9454 37.8598 -3.30959
210 19.6956 21.4986 0.427768
211 34.5489 17.2213 1.73985
212 32.1217 33.8704 0.137019
213 36.2692 3.72412 -4.52948
214 28.3181 19.7086 -0.748323
215 39.0411 17.7334 2.94529
216 34.8237 26.7427 1.2142
217 6.58831 10.8594 0.49363
218 13.9659 17.0748 3.81915
219 26.3533 37.9924 2.35129
220 9.74285 1.8068 1.35052
221 21.8733 17.4591 1.43796
222 37.652 31.4995 1.01824
223 17.7368 27.1876 1.96359
224 3.24272 28.8563 2.70295
225 34.0992 5.33228 -3.48414
226 29.9072 17.2139 1.66807
227 3.76472 10.1484 -0.695258
228 14.5702 4.64701 2.16988
229 38.8582 18.1416 1.08137
230 31.6137 4.22645 -1.67106
231 15.7114 30.3001 0.927537
232 33.5486 39.9973 3.66226
233 34.6703 6.13113 -4.48486
234 2.95645 5.05212 -3.88447
235 37.3075 7.05969 -0.0671673
236 19.5448 0.725253 -2.68305
237 17.0717 24.415 -2.05577
238 11.9544 6.531 -1.18031
239 32.9397 14.0326 3.99043
240 13.2601 17.7381 3.82466
241 2.51986 25.4853 -0.944091
242 35.3215 38.2633 -1.24922
243 30.7834 39.9976 -1.17244
244 3.04197 11.6274 -3.0606
245 20.4983 2.79103 -3.55295
246 27.4545 2.56027 -0.396142
247 0.41552 36.6105 -1.25868
248 5.03704 29.5593 0.821912
249 9.78564 0.652671 0.282116
250 17.3613 5.74465 2.31673
251 35.7364 38.9995 -2.40158
252 32.0779 16.8831 0.670461
253 31.2657 13.4562 -3.68139
254 2.29911 38.3612 0.0511065
255 28.1343 24.5869 0.0257879
256 6.55768 2.91829 -0.327295
257 33.4483 17.2473 -2.13539
258 21.4377 3.73608 1.68817
259 0.849503 12.1036 -3.30499
260 1.06339 4.34688 -0.519607
261 33.4754 27.1377 1.91341
262 30.358 36.7599 -2.86687
263 7.36783 2.36041 -1.50835
264 12.1954 27.2406 -0.888745
265 37.4149 31.2913 1.3304
266 38.1075 13.7452 -3.61157
267 5.2809 27.704 -1.98773
268 13.6565 17.3408 4.13409
269 26.7598 36.7969 0.236246
270 38.4256 9.29646 -4.61444
271 33.15 4.84258 0.717513
272 17.5606 15.5107 -1.81815
273 30.6602 36.9689 -3.07628
274 12.3682 2.90293 0.442074
275 13.7546 25.336 -2.62765
276 32.9611 21.0979 -2.88138
277 4.9837 16.7034 -3.76006
278 2.79757 12.8445 -3.20145
279 17.1073 30.4516 -0.151459
280 4.15511 28.8902 0.577919
281 24.2164 20.5307 -1.50757
282 4.09563 16.571 -2.58677
283 20.0577 34.7079 -0.691008
284 32.8723 21.9265 -0.464046
285 0.442741 37.4839 0.182868
286 35.8525 2.52766 0.0363353
287 23.0352 12.9039 1.85567
288 2.04293 2.11011 -4.00814
289 12.3229 38.3589 3.44565
290 30.1734 24.1888 -0.44354
291 11.1708 3.62284 -0.754074
292 31.9247 19.1051 1.03863
293 15.5013 4.92038 2.20811
294 24.4836 26.3821 2.01448
295 17.8776 14.5941 2.48414
296 21.773 25.3875 3.18046
297 1.35638 30.5061 3.49681
298 21.7186 0.690528 2.51418
299 18.1458 29.5115 3.19675
300 24.25 11.9747 2.75539
301 28.706 24.4087 -0.919769
302 20.909 35.7905 1.19226
303 4.04196 16.4897 -0.050835
304 3.45699 35.0976 -0.183041
305 2.21746 21.448 2.9113
306 21.5054 12.3369 0.324981
307 12.3745 18.0176 0.473957
308 4.33514 25.0688 1.69894
309 16.4304 35.297 0.566287
310 19.4362 21.2438 0.126923
311 23.7274 13.0969 -0.21041
312 37.7897 31.0457 -1.03049
313 23.0214 0.111611 -0.446288
314 16.5206 6.32626 2.5182
315 5.71731 39.0942 -2.93088
316 39.0867 36.4248 -0.0222703
317 21.9305 27.2327 2.414
318 27.8864 31.2963 3.20336
319 8.06455 9.37313 2.59594
320 9.34181 17.629 0.00769853
321 24.2382 4.31606 -0.630273
322 39.7714 36.373 2.37067
323 4.40708 38.2815 3.68305
324 26.8849 18.75 -4.51431
325 14.5498 29.567 -0.809452
326 10.5768 15.1909 0.179894
327 14.0139 37.4629 -2.13538
328 15.5618 35.2184 0.727816
329 12.9262 25.149 0.807876
330 37.4122 14.2057 -1.34147
331 22.6114 39.9957 -0.556229
332 31.8806 7.39973 2.52976
333 33.6682 22.5646 -0.471174
334 16.5678 6.71024 0.664218
335 6.17919 39.8454 -0.154219
336 20.0993 4.83764 2.61944
337 7.92387 24.0083 2.08098
338 20.4816 19.2189 -0.425843
339 39.4788 30.6764 2.88408
340 12.048 20.8895 -1.03348
341 28.9355 26.3579 2.49872
342 11.687 14.6648 -0.804563
343 8.81132 14.0956 0.546093
344 12.5918 0.888414 -3.5018
345 38.1442 29.259 -0.522585
346 17.4498 12.7355 -0.789293
347 3.43971 37.4403 1.27895
348 12.5107 25.0226 3.85383
349 20.3724 21.8723 1.37798
350 10.7294 15.2393 0.348158
351 39.7344 25.0669 -0.885236
352 29.2333 27.6713 3.47032
353 21.9658 11.9906 0.600591
354 7.63234 2.09994 1.61797
355 20.0167 24.1658 -2.03142
356 37.8946 37.5732 -1.31998
357 10.5737 15.7409 -0.894257
358 13.2402 12.0341 -1.62475
359 25.15 27.0519 0.720664
360 33.7406 25.1734 -1.66727
361 29.4534 30.9928 1.71084
362 37.2144 22.1188 0.480301
363 0.308506 9.61784 0.927262
364 9.80689 9.39875 0.176085
365 8.39699 38.8129 -1.61349
366 10.1059 3.63124 1.03706
367 11.9513 38.8945 -1.27243
368 22.4721 11.129 1.29991
369 10.7048 6.56586 1.89012
370 19.0431 30.2871 2.6895
371 24.2622 15.7589 1.651
372 21.0045 29.329 -2.57653
373 17.238 13.0197 -0.234739
374 9.4005 10.7507 -1.57409
375 11.1191 10.5865 -0.18692
376 0.281195 30.9523 1.11369
377 37.1514 4.05088 3.49779
378 13.3064 5.79901 2.61498
379 3.76448 34.1503 -0.812951
380 32.3511 29.7897 1.84471
381 14.7658 39.8884 -2.48796
382 4.02231 13.3251 -1.91792
383 18.9537 34.9726 -0.77135
384 31.6111 11.8688 1.39165
385 17.8828 27.5787 2.79801
386 24.9079 9.59003 0.793869
387 31.9265 38.3212 1.87269
388 30.0297 31.2829 0.749046
389 10.5657 7.02156 0.139714
390 29.3177 12.8051 3.82282
391 9.69124 15.4865 0.443186
392 21.5596 19.0621 -0.832988
393 19.2218 2.26456 -0.0343447
394 25.9282 6.32908 2.78292
395 36.7798 13.0977 -1.78498
396 8.67234 38.1577 -2.10746
397 5.77258 11.8141 1.56842
398 34.3387 36.1102 -1.14662
399 32.3356 13.1146 2.62321
400 39.8373 2.00303 -3.90177
401 29.1134 24.6126 -1.68693
402 31.851 12.3827 -4.0851
403 5.02991 29.7982 2.69884
404 22.2347 28.0905 1.99957
405 1.18851 21.6834 2.41964
406 20.0313 8.23506 -4.46295
407 38.3618 7.02709 -1.29436
408 7.61848 6.59485 0.800772
409 24.5418 3.92047 0.232356
410 19.7111 21.7973 2.9282
411 17.7882 30.7487 -3.6784
412 0.799114 2.4264 -4.22561
413 7.72837 14.3408 2.31888
414 4.2391 7.37485 -1.88233
415 12.0273 26.6352 -0.388864
416 11.1394 38.3231 -3.32883
417 1.22887 38.7663 -0.520981
418 24.3479 23.9034 2.16006
419 22.4322 9.4047 0.606802
420 25.0831 3.53005 -1.63765
421 6.00923 14.43 -3.42727
422 11.7676 16.7692 0.789351
423 33.3989 5.12697 2.12858
424 22.37 22.6369 -1.46418
425 12.6864 5.23984 4.27321
426 10.0982 21.0639 1.69854
427 17.5408 26.3586 1.07317
428 7.42532 5.51595 -3.94174
429 1.63664 4.72698 -0.534349
430 12.8947 15.2467 -1.1492
431 10.1808 9.22332 1.63861
432 18.8109 31.4525 2.77842
433 23.6523 23.3976 3.76129
434 15.1118 20.8646 -2.51612
435 38.2876 34.057 0.6201
436 1.27713 30.1998 1.87864
437 10.0632 1.61281 1.35495
438 1.56665 30.7758 -3.57073
439 35.5682 15.2426 1.30042
440 23.3812 8.83934 0.293771
441 8.24573 0.347485 -0.432169
442 8.87527 17.4776 -1.38472
443 23.2809 20.3302 -3.97393
444 15.273 24.5429 -0.112881
445 11.9625 22.353 0.662742
446 14.9973 9.7375 -2.24515
447 10.6795 4.62126 0.0369018
448 34.2739 26.1345 -0.342368
449 16.7751 16.1236 3.85422
450 0.619381 12.1995 -2.39753
451 35.42 12.2764 1.64298
452 11.2914 16.6723 -0.578053
453 6.72 21.771 -1.84662
454 37.9211 7.45384 -0.331046
455 29.2747 37.93 -3.85119
456 11.4094 14.0372 -0.159538
457 25.1953 13.8358 3.87072
458 22.356 16.5398 0.720152
459 14.4505 39.5695 -1.20302
460 7.115 0.272607 2.71391
461 5.93247 2.0895 -1.75069
462 19.6258 20.0595 1.15607
463 4.7396 31.9043 -0.970747
464 30.7724 25.7483 3.60548
465 27.7159 13.7804 -1.57386
466 37.5395 29.466 0.853675
467 10.2344 34.9 -2.03103
468 19.9908 34.2308 -0.863648
469 22.403 39.5447 -0.853033
470 10.9679 17.8593 -0.715468
471 37.805 23.7274 1.78455
472 15.7582 4.87569 2.51404
473 11.2518 34.464 -0.291059
474 9.71489 38.4182 -4.80757
475 31.8844 6.07162 3.81366
476 11.8023 20.3842 -0.383095
477 12.5373 39.2775 2.72598
478 30.2148 24.9581 1.57136
479 39.9736 30.268 3.01806
480 34.0884 17.8758 1.95366
481 26.1334 1.43901 -3.69176
482 11.1757 31.2592 -1.7868
483 6.45828 33.9502 2.6069
484 20.2937 34.7061 -1.44936
485 7.62401 1.11376 -1.73466
486 17.2805 28.1163 -3.62552
487 30.943 29.633 0.52692
488 39.5847 6.79203 -1.48395
489 24.7785 38.8438 0.000552388
490 8.01391 7.8144 3.7434
491 21.5074 12.3915 0.135453
492 21.856 1.73828 2.22939
493 1.13976 25.4955 -0.00352508
494 6.59175 12.9816 2.21485
495 31.771 8.27951 -1.51672
496 23.6223 27.7343 0.671834
497 4.85757 37.1761 0.484129
498 17.4753 15.1841 0.892143
499 11.8894 22.1426 1.16215
500 5.41958 15.2455 0.0153781
501 31.8146 11.1602 1.50269
502 2.42712 3.76589 -0.724448
503 24.9494 20.094 -1.63445
504 1.36239 39.966 -0.260029
505 6.90971 8.32641 -2.87952
506 24.2959 24.4454 2.81683
507 19.3215 6.80741 -2.48548
508 4.58575 29.695 -0.249102
509 17.5938 2.39239 -2.21611
510 32.3722 11.5456 3.14224
511 23.97 35.9058 -1.08411
512 30.9499 23.7934 -0.986751
513 16.7986 23.6225 1.42305
514 2.80174 31.9005 -3.30801
515 17.2695 14.3447 3.56662
516 19.9615 38.3285 -1.30581
517 12.2925 17.4229 1.71256
518 4.82603 7.21579 1.02235
519 25.7362 17.8807 -1.18282
520 0.46177 0.661171 0.840112
521 34.5461 33.7619 -0.257169
522 26.1085 22.5927 -1.55356
523 7.74787 21.0939 1.62185
524 11.5392 24.086 1.5237
525 6.75807 11.9315 0.828959
526 8.87522 29.3654 -3.68858
527 13.1904 5.07274 2.94652
528 18.7825 3.32636 -3.12623
529 34.7773 37.8111 -2.96717
530 29.526 14.9833 -0.0218271
531 28.1348 1.89192 -2.49282
532 19.1863 0.244527 -3.74654
533 10.0105 36.7719 2.98719
534 12.2769 18.0021 0.519793
535 35.1582 1.61725 1.3014
536 34.2252 14.9674 -2.1058
537 2.09982 27.0321 -0.794336
538 8.2669 1.18888 0.626427
539 14.618 7.01698 0.691799
540 32.1025 16.5629 -2.34953
541 20.6487 22.5514 1.02143
542 30.2463 32.9065 -0.952747
543 8.9444 15.0607 -0.402377
544 35.8482 37.2257 -2.6096
545 15.2349 28.1285 1.97756
546 38.8242 39.805 -1.47354
547 3.34053 10.7527 1.69019
548 38.6973 35.2794 -3.94158
549 1.0033 30.7813 0.0355879
550 0.0690225 24.5905 -3.35078
551 24.9589 11.2967 1.8926
552 7.36549 2.54879 0.887499
553 14.2757 29.3684 0.149283
554 17.568 8.6741 -3.29561
555 37.6498 7.62277 0.831381
556 36.3133 25.2066 0.856935
557 9.78569 18.4532 1.53578
558 33.2991 3.82906 0.693685
559 29.4975 26.699 0.960687
560 33.097 21.9964 -2.65314
561 1.51014 27.4803 0.442063
562 11.9305 25.7593 2.07016
563 6.26761 12.4163 3.26602
564 15.8518 25.0073 -0.986742
565 4.30155 21.2225 3.61891
566 13.6181 37.3903 -1.29168
567 25.8877 13.9852 0.506507
568 0.688923 2.73705 -0.6501
569 29.0459 23.5566 2.0521
570 0.550797 29.7661 2.6495
571 11.5064 15.3005 1.80076
572 35.7382 30.3822 -1.2528
573 20.0551 30.3445 -2.62486
574 14.3225 23.1751 -0.746012
575 16.9524 15.2163 1.73969
576 7.01996 1.45632 -0.726365
577 20.8981 30.9747 -2.92865
578 10.1906 0.732884 -1.80058
579 11.6392 9.86256 -0.774276
580 9.97207 29.2872 -1.25105
581 9.90103 29.1873 -2.48891
582 24.1277 15.3444 1.23163
583 19.2768 36.871 2.81653
584 0.647379 9.73634 1.80363
585 0.982575 26.177 -1.16057
586 21.0609 20.385 1.84937
587 28.0608 35.7119 1.45947
588 18.9154 35.7581 -1.12958
589 25.5411 13.3975 2.58753
590 2.46326 9.9302 -1.65085
591 11.223 26.5211 -0.966453
592 29.558 24.6476 1.03777
593 9.66798 24.1231 -3.91565
594 1.10627 3.73829 -0.20979
595 37.2587 22.9779 2.75176
596 0.0805159 37.7047 0.722899
597 28.5273 11.4336 2.58619
598 0.51652 11.2782 -0.986679
599 9.89434 31.1293 -1.3587
600 10.5075 39.7573 -0.680982
601 18.8729 36.4059 -1.8428
602 19.315 22.2623 2.26011
603 16.2114 6.06475 1.80362
604 31.7875 31.183 0.158243
605 11.7322 27.7085 -1.29988
606 36.2306 27.4216 0.775048
607 39.2066 8.45981 -1.98374
608 2.9824 3.95 -1.06646
609 22.5214 1.97547 -1.07577
610 30.3355 27.4344 2.43931
611 0.440207 21.6013 -2.051
612 23.9004 9.40646 3.90019
613 17.1602 12.7573 -1.5954
614 34.2547 1.54415 1.63635
615 32.4383 9.06431 -2.05554
616 37.5564 23.4746 0.869472
617 24.3451 27.0847 0.0501998
618 4.73935 39.9912 -1.20138
619 20.1144 34.9191 0.00715004
620 35.3159 0.427007 -0.470034
621 24.2171 20.3859 -1.64228
622 21.7809 7.87816 -0.389276
623 20.7549 12.4981 0.78076
624 31.0296 5.10727 -3.34638
625 13.7128 7.48241 -1.29995
626 3.46615 36.8614 1.6759
627 1.96482 34.5436 -0.012005
628 17.9448 5.24833 1.75612
629 24.0236 3.52806 -0.237204
630 1.07487 31.5331 1.69533
631 25.2454 0.639695 3.10778
632 31.8209 31.8631 -0.840591
633 4.60807 27.586 0.273928
634 38.474 6.72093 -0.620295
635 26.8306 26.8675 -1.50684
636 25.2426 11.1217 1.84024
637 6.41843 29.8773 2.31995
638 29.1836 28.0779 0.882627
639 32.0422 15.2867 -0.75073
640 7.28341 18.5915 -0.160172
641 33.5103 4.6769 4.72284
642 13.8865 31.8008 -0.894167
643 30.5212 31.5567 0.0526702
644 8.53762 7.41025 2.18709
645 7.87495 7.23884 0.262312
646 13.0822 1.72678 -0.239398
647 6.34325 11.4222 1.84689
648 33.062 35.6125 0.566214
649 14.2379 18.6298 -3.42402
650 25.4996 20.7743 0.257881
651 26.7108 21.469 -0.209336
652 8.49717 32.2842 1.4559
653 7.45455 0.344036 0.0149275
654 24.0286 17.2819 0.922573
655 34.0899 33.5659 0.815043
656 7.94072 12.5173 -1.21677
657 22.8772 7.33997 -2.28453
658 9.66487 24.6252 -2.91033
659 4.38004 38.4062 2.77731
660 22.0625 10.8914 2.4182
661 3.25835 15.1348 0.633454
662 36.1556 35.9402 1.39816
663 4.81006 17.9953 3.58626
664 33.0666 16.5231 -2.39726
665 35.1189 37.8472 -3.59096
666 22.9356 2.44433 -0.376159
667 33.0892 33.8446 0.359192
668 11.4069 34.2245 -1.73094
669 14.1927 37.8374 -3.21428
670 33.721 32.4048 -4.44684
671 29.7218 2.52791 1.33557
672 17.8857 32.4509 -4.29679
673 39.9493 0.699624 0.930908
674 4.99111 20.8518 2.33298
675 34.9186 19.462 3.97386
676 34.596 0.866731 0.427261
677 1.67703 21.3244 1.23146
678 25.6019 2.12324 -1.50194
679 22.693 19.9893 -2.52401
680 19.6519 34.6463 0.65152
681 3.62281 2.55929 -1.12976
682 35.5714 38.1304 -0.767365
683 23.4592 28.5141 -0.785713
684 6.80092 33.6309 0.932252
685 23.5651 31.5975 3.77004
686 4.14798 37.7511 4.33561
687 19.8348 9.5376 0.40166
688 23.7336 4.39976 -3.00112
689 6.83348 3.00445 0.931185
690 13.6836 32.614 -1.48964
691 18.8835 30.3654 3.26768
692 27.8807 15.7102 3.76368
693 2.68863 20.2728 3.02408
694 23.4314 20.5295 -3.13836
695 18.6896 26.3241 0.426371
696 18.6054 23.3466 -2.61284
697 31.1902 8.51525 -0.92397
698 29.2264 12.1173 3.78249
699 34.8492 18.75 2.53535
700 1.42319 1.21732 -2.82719
701 13.357 2.53299 4.23915
702 2.51248 38.5258 -0.325241
703 39.6441 10.0494 2.7241
704 27.2973 38.0254 -0.43258
705 10.3354 31.98 -1.38167
706 0.0371461 32.8224 -1.57762
707 15.7729 4.70011 1.2338
708 39.1318 17.2847 1.86847
709 23.1157 12.0649 3.53338
710 18.4121 2.46631 -2.54032
711 33.2168 30.2699 0.317937
712 33.2919 24.8252 -1.44972
713 34.0417 19.7218 -3.82084
714 21.2086 30.4812 -4.40503
715 38.7095 36.8361 0.16624
716 17.3701 30.2532 -1.05217
717 15.3242 33.5832 3.41621
718 3.02272 28.1637 2.81299
719 9.83447 30.7409 -4.22933
720 12.8968 22.5838 -1.79545
721 22.1361 0.286322 0.0290568
722 6.45061 0.854452 1.10342
723 7.61748 2.64547 1.67359
724 21.2013 39.9587 0.950995
725 25.0145 37.0838 1.53235
726 0.893116 25.6518 -1.17598
727 6.2776 24.3778 -0.171276
728 39.5282 39.2467 -0.361445
729 17.9588 3.33082 -4.1911
730 18.6118 10.4829 -0.696708
731 32.2777 17.1395 -2.09433
732 27.3227 32.9232 -0.933517
733 28.3064 29.5273 -1.45833
734 31.9336 10.18 0.17938
735 19.4089 31.8165 0.812307
736 19.2369 31.8942 1.29321
737 2.34818 30.7796 4.46369
738 23.7918 9.90756 2.25044
739 14.6587 21.7424 -2.02678
740 35.0314 25.7186 0.62587
741 10.4876 27.6645 -1.351
742 14.2781 16.6347 3.23946
743 21.8832 24.6387 1.28253
744 36.0198 20.5865 -1.39439
745 14.1051 0.655541 -3.73599
746 12.6538 9.67115 -0.404438
747 19.192 23.5928 -0.597961
748 18.6539 30.476 3.06347
749 7.22923 2.07693 2.00891
750 1.07782 35.9812 3.7761
751 2.29495 34.3075 1.13143
752 7.63855 17.0799 -0.694187
753 17.0147 24.3622 1.38047
754 35.8761 25.0691 -0.117377
755 28.4894 6.01321 -1.78767
756 9.16083 6.02752 2.92871
757 10.9558 29.4269 -1.26179
758 35.936 18.6331 0.67235
759 6.18672 32.0709 1.56617
760 28.9678 29.5675 -0.228005
761 12.9534 24.02 2.30386
762 21.1649 25.0675 2.22869
763 6.52857 0.3824 -1.19197
764 22.4981 11.8349 3.63162
765 0.880631 12.5905 -0.719558
766 9.50278 11.6065 -1.14808
767 31.8249 8.5317 0.791727
768 9.46594 14.4095 1.64112
769 13.5079 32.5364 -1.20927
770 2.98385 24.9328 3.44848
771 7.03851 15.0429 -3.35891
772 10.349 33.7287 -2.56284
773 33.2185 28.6458 -1.31251
774 39.7487 38.1851 -1.16794
775 14.5587 8.98647 -0.253496
776 10.4122 14.1336 0.991182
777 35.9188 29.1078 1.48427
778 36.0565 28.6628 2.22677
779 14.6099 4.239 1.99811
780 1.8858 3.28004 -3.8718
781 0.859657 39.5708 0.874173
782 6.73374 7.89848 -1.24051
783 9.84133 13.5865 -0.523265
784 35.2068 39.151 -2.43161
785 18.9202 8.04077 0.815359
786 4.41186 16.5778 -1.12961
787 34.5778 2.2678 -0.100525
788 6.31008 35.5715 -1.39192
789 34.5701 2.91849 0.656057
790 15.0052 31.389 0.699701
791 13.1303 24.8329 2.55221
792 12.5217 20.6327 -1.57527
793 16.8903 36.5158 -3.52877
794 23.0942 28.0381 -2.79721
795 38.7103 7.80107 -0.574489
796 18.2648 17.338 -2.09446
797 2.18556 27.0333 0.721505
798 24.0722 11.4142 0.470848
799 28.828 5.29209 -3.31377
800 38.0903 6.43919 -0.89634
801 19.5251 14.8897 -1.80284
802 37.9994 25.2503 2.22775
803 10.8204 39.9267 0.412777
804 5.96255 20.9114 -0.744127
805 1.33648 25.7967 -2.67554
806 2.46126 27.9294 0.653998
807 27.6211 17.9631 -1.45164
808 16.4909 25.6543 3.95605
809 28.733 17.1079 -1.86954
810 15.8152 37.3688 -3.88809
811 0.523719 23.7007 -2.65928
812 7.62954 9.39107 2.0484
813 1.68618 7.49328 -1.50463
814 26.6531 0.188734 3.42077
815 24.7879 14.4609 3.17193
816 17.8661 1.63725 -2.02179
817 14.209 31.6334 0.712748
818 5.38038 10.2296 1.10563
819 31.5436 6.37376 3.45255
820 6.87379 1.08747 -1.1363
821 11.9704 14.2395 0.0308382
822 7.42954 1.13447 -1.36442
823 22.789 2.79666 0.540713
824 28.6171 13.7597 3.13065
825 38.8882 34.4546 -2.06832
826 5.6349 12.6634 2.36038
827 38.1392 7.68935 -0.1597
828 16.8163 18.4728 -2.9713
829 9.29502 30.1658 -2.27162
830 11.6183 15.1926 1.19808
831 18.7949 37.2229 -0.432638
832 33.0039 3.03286 -0.40682
833 12.3564 16.9007 0.641941
834 19.236 8.00933 -4.34438
835 6.7767 35.4804 -0.126809
836 19.6518 35.4319 0.237193
837 31.9409 39.5582 -0.886814
838 20.7759 4.55623 1.35992
839 5.62944 16.7095 -1.16832
840 25.728 14.9462 2.16237
841 27.712 33.7207 -2.77732
842 15.4641 35.0628 0.742609
843 16.6706 6.07738 2.59901
844 4.40056 26.9371 3.00388
845 1.22831 30.7855 0.696447
846 9.52493 29.6267 -2.38421
847 0.652486 29.4693 -3.1705
848 25.9365 27.6993 -2.45308
849 20.8684 16.2987 3.60388
850 28.7116 35.6619 0.597402
851 5.85542 4.39531 -1.57392
852 25.5494 23.1579 -1.33685
853 20.3381 22.3499 1.8937
854 2.54024 38.2276 -0.929349
855 13.7847 37.5241 -1.65413
856 11.4117 39.0608 1.018
857 12.4996 29.1299 -1.96996
858 36.835 29.0408 2.96085
859 12.0282 1.26166 -2.05756
860 37.9905 16.1063 2.47329
861 3.41736 14.0275 0.576788
862 7.79865 34.238 0.439439
863 11.6871 7.84539 -1.66774
864 17.9509 9.19453 -0.736998
865 26.8685 37.1204 -0.4338
866 27.7458 1.40209 -1.64335
867 24.6083 26.4425 -0.214173
868 30.0201 26.5985 2.3961
869 3.30023 15.5924 -0.83387
870 33.8568 2.15185 0.463286
871 18.9409 21.764 -1.06631
872 35.553 21.1349 -0.607729
873 12.7231 16.203 -0.728282
874 29.0495 12.1524 -3.74196
875 30.0038 2.09876 1.18421
876 11.4829 20.3789 -0.562592
877 31.5062 13.1278 -2.19926
878 0.911755 38.0377 1.77718
879 6.18303 35.4373 0.307822
880 37.668 21.6551 0.0298439
881 16.8957 22.7369 -4.75768
882 27.6697 2.14668 -0.189168
883 30.5826 30.7631 -0.396925
884 5.76113 19.685 0.919802
885 11.1139 7.95214 -1.52452
886 20.5889 19.904 1.12149
887 3.58406 24.147 3.19617
888 32.8243 24.5477 0.145558
889 38.7395 7.59871 2.09373
890 14.5213 17.9232 -2.02863
891 20.8504 20.159 1.34485
892 15.6704 5.99324 1.87182
893 30.816 27.4782 2.24659
894 33.3651 30.2677 -1.13244
895 35.2247 11.6862 0.0591673
896 16.4011 1.61155 -1.11497
897 2.96364 14.3751 -0.59467
898 19.1691 18.6731 -0.838766
899 10.8404 27.3477 -0.322498
900 9.06951 38.6626 -4.17231
901 0.611728 38.824 0.841945
902 6.62994 33.7356 4.52522
903 3.36611 36.6136 1.21665
904 17.077 36.8334 -1.58204
905 35.5414 37.2005 -0.614479
906 19.3801 11.6413 -0.148741
907 9.0476 24.5039 -1.28072
908 36.4876 36.2764 -1.58068
909 3.17046 34.7051 0.148525
910 38.1129 22.6014 1.21283
911 35.5979 38.2914 -0.718953
912 27.5433 14.5239 -2.45732
913 36.4872 34.3045 3.56071
914 0.138628 23.8129 -4.22819
915 39.6375 37.326 -0.878321
916 30.9082 20.8794 1.78354
917 18.2754 23.894 -3.60807
918 39.0281 7.19942 1.59774
919 30.2122 23.5488 0.233033
920 3.96263 22.8141 -2.46729
921 25.9414 22.6013 1.30138
922 20.9495 17.6328 2.77439
923 6.33283 33.2642 3.20404
924 31.4586 27.3287 3.77938
925 21.5636 9.83186 2.25745
926 24.0353 9.85656 3.68064
927 1.31512 33.4013 1.59342
928 37.4335 3.6655 2.27634
929 5.13093 33.049 -3.21693
930 3.86984 5.36587 -0.57704
931 14.3362 18.579 1.69925
932 39.2432 23.9743 3.0725
933 11.5056 2.0391 -4.79919
934 27.7528 24.7528 -2.83935
935 10.7212 13.1475 -0.810391
936 15.9991 19.167 -3.0246
937 19.2867 3.73027 0.403518
938 18.2825 17.5987 -4.74991
939 9.7023 4.39281 1.81605
940 15.2258 26.2317 -1.50676
941 28.8957 24.0526 -2.1918
942 9.05595 22.9877 1.32334
943 10.6947 6.56156 -0.966904
944 6.72381 38.2665 -3.73912
945 0.699487 2.18629 -1.07343
946 17.8051 23.0633 -3.1805
947 8.35792 8.78032 2.27617
948 21.6295 9.94424 2.04943
949 5.1188 7.28226 -0.428687
950 3.79794 28.6971 3.03291
951 15.4453 5.31225 0.921856
952 15.2463 25.377 0.167355
953 34.52 20.4246 -1.64786
954 7.46345 1.12649 1.59699
955 8.75894 38.6904 -2.77264
956 24.5973 16.0064 0.398955
957 34.045 16.6106 1.78676
958 2.08087 0.519825 1.09414
959 31.9306 10.6264 0.134635
960 6.9433 0.494157 1.85718
961 4.48326 26.3386 1.83837
962 13.5321 28.3045 0.975521
963 12.4624 37.0947 3.11358
964 2.86496 5.67192 -0.994951
965 36.4772 31.4645 -0.632619
966 16.7041 17.596 -3.01448
967 20.6727 1.33498 3.17873
968 37.7457 17.4211 2.82052
969 10.9855 4.28322 -0.658118
970 15.0416 37.935 -3.35101
971 23.1771 11.9305 1.64098
972 16.1451 21.1793 -0.533831
973 5.07958 27.0832 0.805584
974 34.3602 25.0223 0.675687
975 7.28042 21.2565 -0.682448
976 6.12639 15.6465 0.776308
977 8.03198 38.2684 -2.5998
978 14.3824 37.1088 -3.28475
979 6.67034 0.975442 -0.569301
980 37.7479 14.0415 -2.12666
981 5.94388 22.5119 1.51993
982 34.0481 2.8716 -2.87353
983 38.6568 17.5805 0.320746
984 14.0651 31.0635 -0.464822
985 0.78605 22.2999 -1.9644
986 20.5457 17.1903 1.5648
987 10.5036 15.5754 -0.822391
988 4.45084 27.6567 2.126
989 27.1682 31.6115 0.704853
990 20.7871 15.9704 2.39806
991 16.8761 21.1681 2.60145
992 4.63354 11.6607 -0.742932
993 11.8825 17.2229 1.03127
994 23.2511 18.5299 -1.11399
995 14.4065 18.3768 1.10356
996 36.4926 20.9911 -2.09356
997 2.9493 18.3702 0.34136
998 39.66 37.3944 1.12329
999 37.5857 6.04797 1.2329
