1000
Particles
0 3.62369 34.5599 1.702
1 29.069 29.2164 0.359725
2 15.1767 7.26153 1.07393
3 11.1099 2.81627 -0.372167
4 21.4489 23.4082 -1.78209
5 14.157 17.4281 -2.15298
6 30.8254 2.08618 -1.60217
7 35.241 17.8296 0.467774
8 6.23823 17.8877 1.60689
9 3.87327 23.5446 -0.910232
10 24.1794 2.57936 -0.85216
11 12.2258 28.9007 -1.35448
12 32.4941 33.8252 0.246122
13 18.5331 1.32201 -0.998843
14 17.6867 28.729 -4.75705
15 16.8524 29.974 0.287826
16 27.7522 29.965 -3.18239
17 38.1326 23.3777 3.13681
18 33.4283 15.7625 2.62343
19 13.6151 27.345 2.77305
20 1.94496 10.6522 -0.650227
21 39.8983 1.42124 -1.51592
22 7.45056 6.00439 -3.71788
23 37.2704 23.7612 1.76243
24 33.4352 5.82899 1.15387
25 0.534121 28.3721 -1.13158
26 23.0572 31.0127 3.90152
27 14.282 7.64829 -0.766843
28 14.2929 35.3178 -0.810518
29 30.6543 3.50301 2.33859
30 14.1438 16.2151 1.41337
31 12.3679 12.117 1.0635
32 29.5926 39.1045 -2.00282
33 8.31457 33.4301 2.35543
34 23.964 28.176 1.24985
35 25.1194 19.3652 -0.664886
36 19.6815 3.43811 -0.0688592
37 33.2168 29.9617 0.150747
38 31.0366 0.851324 -2.32798
39 33.6178 21.9377 -0.933527
40 38.8484 36.5063 -2.91172
41 13.7664 9.74293 2.76539
42 36.8544 16.525 -1.39273
43 21.1348 24.5624 1.29007
44 17.7067 24.4382 3.95772
45 0.706013 21.0519 -1.60329
46 36.6601 8.45563 -1.56792
47 27.6641 15.8347 2.2308
48 5.38183 39.8401 -3.79136
49 6.84484 32.4383 -2.89837
50 6.12027 30.6654 0.637518
51 27.6965 4.89627 2.51869
52 33.5238 10.0185 2.44434
53 15.5528 4.57362 2.2518
54 21.4478 10.1918 -0.42777
55 9.06144 11.0453 -0.312473
56 12.4706 14.6222 1.9228
57 10.0371 34.8626 -4.68658
58 31.3294 28.7522 -2.37599
59 5.38677 36.0058 -1.53667
60 5.37477 21.8541 -3.63799
61 25.2105 34.956 1.88516
62 0.0410857 5.63473 1.17828
63 15.5331 13.714 -0.945205
64 30.8755 30.8906 1.89066
65 13.1045 0.372313 0.284588
66 3.04466 19.2149 2.48009
67 22.8 22.6456 4.54977
68 38.257 8.02974 2.44913
69 11.8092 39.6752 -0.552372
70 11.9296 3.91519 0.580721
71 19.5692 16.5306 -4.16963
72 5.74013 13.1466 -1.45859
73 23.9121 28.805 -0.814544
74 10.5769 3.61139 -2.00975
75 27.2618 30.8935 -3.43528
76 30.3305 0.931711 -0.367829
77 8.19783 27.7181 -1.22805
78 0.645221 28.8918 1.24529
79 4.59071 38.3524 -0.546742
80 36.5955 15.3598 -1.69371
81 14.6446 36.7593 -0.664676
82 15.2087 13.6987 -1.9089
83 11.634 29.0256 -3.82598
84 25.0522 8.91977 0.3027
85 1.76983 18.3121 1.09494
86 19.5896 13.2054 1.87518
87 26.7619 36.1285 2.37248
88 11.193 0.757031 2.21677
89 9.94922 4.44481 1.90075
90 37.3019 31.3405 -1.27587
91 25.5582 15.4969 1.24655
92 17.6456 27.584 -1.67822
93 12.9255 39.5579 -2.03111
94 13.1372 25.851 -2.98583
95 16.3089 3.47577 3.68562
96 10.0571 1.22776 1.81532
97 22.0743 37.8265 -1.38576
98 2.93953 20.5495 -2.2037
99 12.9347 3.69632 -0.799119
100 36.6643 20.9459 0.263785
101 17.1344 22.8137 2.83674
102 24.8729 36.9793 2.54047
103 21.2288 38.1273 -1.02144
104 18.418 9.57549 0.245581
105 13.0369 0.507176 -2.70251
106 34.2302 23.9696 0.667141
107 19.3255 21.8709 -2.45609
108 39.6257 23.5035 4.30927
109 37.2842 30.6255 -2.84907
110 39.3371 32.7824 -0.289927
111 34.3228 31.1823 1.98534
112 35.2279 2.60341 0.29865
113 36.3882 35.7776 0.963309
114 32.4251 22.7037 -2.44347
115 25.9503 16.253 0.861531
116 19.0427 31.0837 1.32326
117 33.7005 31.281 2.83688
118 20.1419 6.53649 -1.33215
119 33.1101 11.031 -0.448813
120 29.0385 33.2985 0.303702
121 17.2552 17.1119 2.49295
122 29.3395 25.8311 -1.22878
123 12.4356 27.6157 0.383522
124 14.7032 2.10898 -2.07547
125 21.6778 4.88299 -3.05649
126 31.0507 38.0082 2.48428
127 33.0455 4.63265 0.00247045
128 25.4023 5.99276 -1.37005
129 2.10527 14.768 -0.268757
130 23.4705 13.2714 1.03053
131 17.8513 27.0811 -2.3105
132 16.3445 38.7643 2.07859
133 0.480132 1.59172 0.548623
134 9.74529 33.268 -1.32403
135 19.8014 3.80034 1.45012
136 30.2886 39.8107 -0.943454
137 24.4775 22.8162 0.233455
138 4.07609 15.3051 2.25256
139 15.2232 35.8139 -0.156774
140 30.4138 0.704213 -0.730531
141 28.1126 0.346828 0.971613
142 19.565 17.3196 -4.03689
143 21.2419 20.5329 3.66486
144 39.7331 31.8636 2.93506
145 22.9568 28.3837 2.88119
146 35.2096 14.7763 -1.67597
147 36.0886 31.2341 -1.73945
148 29.4676 8.57468 -2.74134
149 13.7032 15.1391 2.48462
150 11.2643 26.4422 -0.625585
151 30.3293 0.605672 0.458358
152 17.951 10.4 -0.756886
153 15.9511 9.12464 -1.59052
154 26.58 39.2315 3.0813
155 39.3798 24.0852 -0.236445
156 39.7652 24.0074 -3.00908
157 20.602 2.93137 -1.11318
158 13.8007 5.02634 1.4538
159 28.4431 30.2357 -1.54827
160 8.50981 21.8306 1.38978
161 12.5759 22.5157 -0.211352
162 23.1524 21.9093 -0.168999
163 13.849 14.0754 0.168629
164 20.6577 9.43425 -0.934054
165 33.0047 3.63579 0.583343
166 36.1011 1.97413 -0.982584
167 4.72086 36.6489 -1.09424
168 34.5251 30.2054 1.26581
169 3.4777 3.5964 2.32095
170 32.3253 35.7454 4.70688
171 22.6974 31.5139 1.45782
172 11.2305 20.3853 3.42901
173 34.3321 29.8672 1.45921
174 21.5754 9.95405 -1.23912
175 2.67405 12.3459 1.33224
176 24.1935 20.6051 0.104441
177 11.5739 3.20496 -1.47999
178 32.3243 27.0987 3.74189
179 20.4079 12.8945 2.79249
180 19.0089 7.54446 -2.21035
181 13.1215 26.5872 2.78631
182 14.1156 25.7437 -4.11115
183 38.1488 20.0991 -0.645427
184 3.27393 0.430294 0.514624
185 10.947 10.1568 0.505177
186 22.155 37.7152 2.46783
187 34.6321 7.7573 1.50292
188 14.6097 9.81824 0.72161
189 10.1186 20.4869 -1.40466
190 25.1901 19.6025 1.33224
191 16.4739 24.6705 -0.990176
192 3.54869 39.1865 -0.987654
193 18.2716 26.629 -1.41179
194 20.0093 21.6225 -2.30136
195 4.78707 17.6332 2.99546
196 34.3994 0.253061 -1.74073
197 9.84375 35.2979 -2.96147
198 30.7538 19.7851 -1.84119
199 18.7178 11.9082 3.1275
200 35.9133 36.2179 2.96616
201 3.13606 12.6853 2.33607
202 10.5716 15.7894 -1.01238
203 20.1296 17.9704 -3.85555
204 31.0926 24.2108 -3.61839
205 8.51685 30.1527 -1.51996
206 6.93875 4.4021 3.20245
207 32.0429 0.869222 -0.207662
208 36.9 21.2781 0.768421
209 5.50707 1.75031 2.65863
210 22.9233 21.4159 0.119744
211 34.1527 20.2819 -1.51994
212 30.7668 33.0606 1.25792
213 37.0747 0.670879 2.83155
214 27.9361 25.698 3.22281
215 4.69727 14.4178 1.74777
216 30.3663 28.9358 0.646481
217 12.9148 7.59836 -1.18099
218 7.77875 15.3541 0.774936
219 27.1461 37.8979 0.00975933
220 13.9749 4.50066 0.609049
221 18.9571 22.5769 -1.36931
222 39.1061 30.7621 -4.40991
223 14.8102 23.637 -1.76209
224 4.91572 28.617 -0.0232746
225 0.993936 8.00166 0.722231
226 26.8093 13.3972 3.44002
227 10.9377 7.2691 -0.29555
228 14.8877 2.3849 0.572207
229 4.32709 25.9231 -2.43421
230 35.6578 38.098 -0.681993
231 15.671 27.2108 3.48918
232 36.3207 32.0038 -2.76396
233 35.621 2.44677 0.623639
234 38.2 9.8298 -3.12559
235 3.2737 10.3526 0.617294
236 17.4224 8.65408 3.04091
237 14.9406 26.857 -2.79955
238 14.5955 12.4935 1.7941
239 35.1129 9.8458 0.866408
240 16.8345 16.3798 0.506999
241 37.9357 26.216 -0.433186
242 30.5126 1.51478 -2.22903
243 31.705 32.4109 -0.623757
244 5.39676 4.88727 1.57141
245 15.8061 28.0761 -1.7495
246 25.6391 7.88746 2.41164
247 3.89687 4.05681 1.91407
248 8.18817 27.4698 3.40329
249 7.53457 2.78528 2.08771
250 26.3278 6.96328 -4.11587
251 28.1884 2.74471 -1.82114
252 28.5987 15.3897 2.66007
253 33.3381 16.2429 2.08954
254 10.5409 38.3173 -1.32419
255 27.0879 21.4172 -1.27817
256 3.39603 1.6783 -0.0667687
257 26.2336 17.3274 -0.407972
258 30.3203 1.6281 -1.4647
259 36.8172 19.7564 1.86
260 39.3987 2.64758 -1.21381
261 32.446 21.5659 -0.053176
262 29.0135 38.5113 1.41611
263 3.69906 32.3165 -1.79109
264 12.5969 20.7199 0.834249
265 4.86235 28.0024 0.838588
266 4.2209 14.6776 1.34862
267 9.3913 16.1327 -1.08204
268 19.3238 18.6364 -1.57055
269 0.253199 32.8296 -1.35038
270 33.5389 16.0084 3.53804
271 1.01853 14.1188 -1.26775
272 21.9093 21.0342 0.69346
273 36.4986 30.8587 -1.57732
274 10.2791 38.7147 -2.1037
275 10.945 31.0463 0.306408
276 31.8472 21.2418 -0.0961035
277 0.403353 20.8162 -2.72171
278 4.9571 13.5126 1.89566
279 13.8569 28.2931 1.54303
280 6.47021 31.0316 -1.12657
281 24.0409 26.8209 0.23634
282 10.1598 19.6067 -1.61838
283 28.1083 5.11599 0.0576749
284 33.3697 16.3883 3.21993
285 6.82039 32.0619 0.102859
286 39.5168 7.738 0.223912
287 12.2427 15.3932 2.82002
288 1.47409 1.71512 -0.980927
289 11.5468 34.4126 1.52964
290 31.0439 24.8815 4.10514
291 17.5425 1.45056 -0.8807
292 27.6838 20.3606 1.80322
293 18.5437 10.4604 1.43907
294 30.6785 28.9902 -0.527246
295 15.7676 14.9916 -0.566252
296 24.0928 28.7198 0.0635083
297 0.263307 32.3091 1.3854
298 22.777 3.07893 0.698565
299 16.3678 26.5309 -0.0802063
300 16.4176 14.2137 -1.57078
301 21.8424 26.7432 0.630966
302 23.4753 1.51523 1.0666
303 0.986689 15.7761 -1.70151
304 12.2013 31.7926 2.42556
305 2.64536 21.7529 -1.38824
306 23.4145 20.0345 -1.30103
307 13.1645 20.5352 2.29963
308 8.22379 28.5357 -2.43085
309 23.2893 0.3044 -3.08683
310 15.8504 18.9879 1.13081
311 20.5594 25.3875 -2.23536
312 39.1476 24.8552 -0.321747
313 26.9174 6.59116 -1.10542
314 21.6912 38.117 1.30875
315 3.76019 36.4408 4.19855
316 28.4773 0.036493 2.45
317 16.8264 27.3541 -1.80574
318 27.0211 30.371 2.06666
319 6.42866 5.19579 1.20091
320 12.168 18.5653 2.73485
321 27.8225 10.7379 2.00939
322 3.07829 39.3019 -1.52741
323 1.23319 33.9533 0.719858
324 27.9718 15.1345 4.21822
325 12.1775 30.6053 0.969951
326 15.378 7.15979 1.61497
327 13.0645 34.9335 1.47794
328 12.7664 31.7993 -1.74023
329 14.1148 15.7946 -1.97416
330 3.24691 11.2265 2.63747
331 21.992 7.25723 1.67251
332 36.2518 1.91582 -0.250053
333 32.3117 28.9859 -0.451174
334 14.4694 8.16815 -0.985092
335 2.55373 34.0896 0.83989
336 23.2956 9.15382 -0.750693
337 8.57469 21.8797 -0.674115
338 25.632 25.8971 -4.24664
339 3.34735 32.5023 -2.68053
340 18.709 12.6521 1.04579
341 31.1563 29.1102 -1.31722
342 17.7482 10.7007 -1.21388
343 8.25842 17.1899 -0.110142
344 13.3874 2.42052 -3.4382
345 1.01533 32.9603 -0.636368
346 18.3457 11.5792 -1.26889
347 7.78037 38.1006 1.01791
348 11.5812 15.7005 -2.37014
349 20.4212 24.0413 3.72869
350 6.74872 15.2533 1.03506
351 38.3809 23.7094 1.26701
352 28.0694 22.4722 4.26011
353 23.3802 16.4243 -0.67074
354 3.09247 33.0749 -0.82199
355 16.5438 19.8054 -1.70692
356 1.49971 34.1793 1.47723
357 7.79949 8.63689 -2.1993
358 16.1403 11.5843 0.214094
359 25.1086 23.7525 1.01274
360 31.2981 29.5587 0.928548
361 29.6067 32.2552 -1.18962
362 30.2104 30.0105 -0.419812
363 33.7688 16.119 3.31561
364 15.1723 13.2951 -1.05095
365 37.5932 32.9578 -3.02195
366 9.12009 39.1668 3.95064
367 5.19183 39.7637 -3.82672
368 20.7883 7.31873 -1.02868
369 18.4323 9.27888 0.57052
370 23.9955 34.3406 1.48325
371 39.5826 18.1725 -0.26704
372 21.8506 25.8169 -0.301438
373 18.0944 19.1334 -3.40908
374 9.86805 16.4479 0.264315
375 8.68506 10.5079 0.612144
376 38.4875 29.8864 -2.64873
377 33.3356 10.9247 -0.444459
378 17.6541 7.97566 2.45909
379 2.34121 37.9932 0.100342
380 34.7607 39.5589 1.58088
381 16.5962 1.2782 0.881962
382 3.32184 12.7373 -0.660516
383 17.7122 26.5839 -0.240632
384 28.6894 6.35001 0.388733
385 17.7556 26.4488 -0.0310964
386 27.5696 9.09926 0.825131
387 2.17825 2.48407 0.257173
388 34.9817 31.6873 -3.09179
389 17.83 35.8006 -2.63486
390 31.1299 7.81975 -0.222353
391 11.0849 12.3925 0.305178
392 25.9718 16.1343 3.17281
393 20.8269 37.4975 -0.405105
394 28.8914 12.9962 2.85816
395 0.476164 14.2421 -1.91519
396 17.7716 0.454053 0.399222
397 4.81588 17.9368 1.07135
398 28.722 31.0952 0.251423
399 29.6259 13.8061 1.97821
400 5.77213 2.24726 4.88031
401 29.4103 29.0917 -0.411986
402 1.47101 11.2204 0.220013
403 10.3188 29.3436 2.7617
404 22.5543 30.6461 -0.466345
405 5.50414 23.6104 -0.788171
406 17.879 10.2503 -1.73145
407 2.07348 12.1506 -0.367121
408 12.9943 4.17444 -0.572706
409 30.4377 9.62102 -0.233895
410 17.1229 24.991 1.27568
411 16.9235 35.6501 -1.52975
412 3.58596 3.28531 0.496187
413 4.99881 21.9405 -0.926744
414 11.6723 4.20397 -1.63461
415 10.292 26.121 -3.02793
416 3.93993 33.2876 -3.32072
417 2.9691 1.95999 -1.15039
418 24.5352 20.6194 0.0771674
419 27.6132 9.95516 0.479757
420 25.5206 0.496669 2.59064
421 8.38244 12.2283 -1.56887
422 10.3147 15.6122 2.09027
423 0.489708 10.3987 -2.0479
424 23.7804 17.3756 -0.00455458
425 21.8825 2.54529 -2.85132
426 11.2156 17.2286 -0.467319
427 18.8597 26.9818 -1.89983
428 10.2893 4.28199 1.70749
429 37.2698 5.04237 2.6492
430 12.0292 16.1295 -2.35659
431 4.81567 9.25817 -2.73727
432 13.7094 30.2533 0.961779
433 24.4856 19.8831 -0.762662
434 14.3239 20.1305 -0.47853
435 38.8746 30.1852 -2.91551
436 35.4699 31.2549 -2.81769
437 7.66645 4.68488 0.809721
438 0.0148826 39.976 -1.09686
439 37.3603 20.4905 -0.846306
440 18.8658 9.7631 2.33256
441 20.6353 35.5071 0.369313
442 17.5379 12.6386 1.23491
443 17.5003 27.4009 -1.00921
444 13.5986 23.1967 0.186724
445 13.4374 19.4148 0.839009
446 20.9833 6.09448 0.0854946
447 12.1975 9.70713 2.56142
448 31.2038 21.8866 -2.3231
449 15.246 15.9709 -1.99942
450 7.38017 20.788 1.55132
451 33.4096 16.9829 2.03644
452 10.9504 7.87536 0.276473
453 5.64498 15.7204 0.98682
454 35.9024 11.7187 -3.50635
455 25.513 0.320456 3.63653
456 14.3101 15.3476 -0.596064
457 26.4956 13.896 1.44114
458 20.7115 19.561 1.51619
459 19.6171 37.943 -0.980759
460 7.69004 39.397 -1.68101
461 11.8418 3.60842 -1.19985
462 23.2568 21.2148 -0.640312
463 4.40446 33.2547 -2.20142
464 27.3569 36.3065 1.26429
465 32.9846 10.3593 -0.438434
466 33.6251 24.3078 0.61213
467 9.35706 32.0625 -0.295159
468 11.6916 31.2312 1.08967
469 24.5441 34.2361 1.47368
470 12.7536 15.4225 -0.348423
471 29.4351 29.9294 -1.29645
472 17.3146 2.51192 2.25246
473 16.2255 0.845964 2.39998
474 6.41306 39.3083 -2.47609
475 32.6492 39.7408 -1.39913
476 14.6589 16.3225 0.688909
477 8.72282 34.6861 2.67397
478 31.1851 26.2256 -1.95002
479 35.9604 31.9496 -3.69061
480 35.2571 27.9344 0.707675
481 32.5628 0.77708 -1.45077
482 13.1856 0.184452 0.261808
483 8.71032 34.4573 4.64383
484 24.9718 0.483414 2.84672
485 1.21544 34.2841 -0.555348
486 16.1937 27.2836 -2.28902
487 30.0361 31.0966 -1.55677
488 0.57892 9.68307 -1.85789
489 19.3075 10.1934 -0.460903
490 36.92 6.62186 2.18532
491 17.1227 16.8293 -0.0112048
492 21.6641 37.0494 -0.49114
493 39.6563 28.4909 -1.06052
494 5.43314 15.6866 1.68306
495 37.4466 8.92045 0.620405
496 23.818 30.8402 3.18728
497 14.6941 33.7497 -1.99352
498 19.1173 12.4312 0.10311
499 10.0338 18.2157 -3.29149
500 11.5308 8.47973 0.374595
501 34.132 8.03098 0.884583
502 6.07841 3.50921 1.76185
503 20.7123 26.7539 -1.64402
504 3.32715 0.877932 0.458591
505 12.4906 9.32262 0.790799
506 26.9177 27.0709 1.85116
507 22.3507 11.0567 -3.97078
508 12.5239 31.1284 1.25313
509 18.7601 39.6185 -0.887951
510 35.6385 7.79416 -2.55502
511 22.5016 29.7708 -1.35583
512 31.6032 29.0023 -2.56121
513 18.3123 23.697 -4.21485
514 2.92647 34.0698 0.900319
515 14.7914 13.9781 -2.28121
516 17.6761 35.7996 -2.42702
517 14.235 15.3249 1.79333
518 38.4122 38.8225 -1.78806
519 22.1109 22.4976 0.125824
520 39.6262 7.30265 3.20758
521 37.8643 34.8413 -0.938995
522 29.1828 22.0529 2.19318
523 11.1876 20.3673 4.47423
524 15.4976 21.8918 -1.66641
525 12.6455 16.3235 2.41882
526 16.8636 25.8093 -0.41778
527 13.93 3.98511 -0.447138
528 19.5391 6.79358 -0.722982
529 33.2696 32.6714 2.03028
530 29.2204 17.0557 0.38753
531 27.8673 39.2876 2.87211
532 20.6382 39.2278 0.41961
533 1.71603 32.3158 1.91985
534 7.55065 28.0226 -2.76655
535 29.8727 7.66571 2.98888
536 34.9821 14.3376 -2.86861
537 3.68024 25.9577 -4.54311
538 19.5341 38.4583 0.216032
539 21.2718 17.0955 1.30043
540 39.378 17.3108 0.788049
541 21.5974 25.2495 -2.59901
542 34.0885 37.8658 -1.43943
543 7.12058 18.4796 -2.41061
544 38.5041 30.1257 -1.1919
545 3.08322 20.6358 -2.33456
546 34.5599 38.9218 1.23558
547 5.28007 11.6798 -4.23079
548 35.2548 37.8873 -3.62471
549 38.9767 28.5677 -1.48892
550 37.5921 28.5694 3.96749
551 34.4039 8.81926 -1.44523
552 12.8498 1.68526 -0.510187
553 11.4935 31.4777 2.58593
554 11.9727 3.49676 -3.20624
555 34.6243 9.86977 -0.867591
556 2.10994 13.3551 1.80102
557 8.84827 11.9193 -1.19626
558 28.5381 4.79471 3.86518
559 32.162 35.2065 2.99012
560 35.5927 22.4618 1.28739
561 3.09397 39.2896 -1.84188
562 10.4445 22.4761 2.96178
563 6.26691 11.8798 2.25411
564 8.41914 23.9218 -4.21636
565 5.23285 19.8729 1.96947
566 20.5655 37.9762 0.288656
567 29.2434 18.3706 -2.14931
568 1.82142 5.84775 1.13627
569 29.9698 29.7492 -2.91182
570 7.47298 28.1163 -1.59974
571 15.0353 9.46864 3.39135
572 25.8438 26.0467 -1.64894
573 21.329 32.2848 2.83702
574 9.04677 22.0611 0.0796883
575 11.3712 16.1971 -0.112365
576 3.92744 3.65437 3.2008
577 20.4641 34.4314 -3.49447
578 13.3162 33.2961 -4.01907
579 14.4612 15.0941 0.649884
580 7.36532 25.8132 -2.78305
581 6.05067 25.3961 0.929149
582 15.5984 23.0508 -1.73598
583 18.0548 27.9036 -2.44125
584 5.32072 13.9797 -0.375699
585 2.95117 22.7619 0.301306
586 24.3793 19.4682 -1.86202
587 29.0967 38.304 4.66384
588 19.5588 37.4421 1.37141
589 21.4504 10.4567 0.45134
590 0.233445 5.96492 1.4225
591 13.1357 27.5472 1.90471
592 22.6762 26.5906 2.73299
593 8.11125 18.7745 -1.30069
594 5.39024 6.87744 1.67122
595 30.5089 28.9684 -0.133543
596 3.83251 39.2277 0.631766
597 29.4489 11.3988 -1.53709
598 3.06718 12.3435 4.03681
599 10.8438 0.338673 -0.317375
600 37.5097 38.3174 -1.19929
601 20.2163 35.463 -1.55333
602 15.5325 15.4639 1.94249
603 16.8604 8.15062 2.68848
604 31.492 31.8406 -1.20184
605 17.9372 23.5607 -3.19534
606 39.2862 29.8455 -4.34613
607 39.9257 10.9193 -2.59108
608 5.83813 4.46533 2.88299
609 26.6193 10.0455 0.906138
610 31.928 29.3894 -2.3
611 36.076 25.2459 -2.1943
612 16.009 8.58178 -2.63686
613 17.2177 9.51345 -4.70299
614 35.1416 36.6089 -1.40797
615 32.8358 5.52799 1.23567
616 33.2321 17.6485 1.72303
617 23.0456 28.1102 0.0902882
618 2.79702 2.23603 0.210017
619 23.3391 28.6414 0.119504
620 38.6339 2.6311 -1.51001
621 25.5158 20.1408 2.91869
622 29.7537 4.58626 0.300936
623 19.0492 19.1514 -4.03231
624 39.5203 7.58644 -0.373251
625 12.1276 7.15216 3.02337
626 3.05144 1.38889 -2.03949
627 7.4643 37.3246 -1.38012
628 19.0774 6.93835 -1.11369
629 25.3173 7.6253 1.38329
630 0.307351 5.0353 0.0342177
631 29.639 0.288437 -2.44382
632 34.7874 31.9205 -4.31588
633 5.03232 20.9049 0.430862
634 37.1697 10.1013 -3.27252
635 28.3522 24.7679 4.09244
636 19.3029 11.126 -0.00462814
637 7.41292 32.1755 -0.050415
638 31.8479 30.9931 1.41956
639 27.2894 24.0137 -1.41855
640 5.32849 17.7821 3.16629
641 35.3599 9.90331 -1.10377
642 13.3147 31.0986 2.20528
643 28.1013 37.4808 -0.363722
644 12.3293 0.11232 -1.95411
645 7.21083 6.00839 -3.95838
646 13.7921 3.4985 -2.3181
647 11.8776 4.4987 0.498411
648 28.0941 30.5767 -3.82297
649 14.8062 12.1663 2.65411
650 28.0642 21.882 3.66002
651 28.4555 19.8077 0.884201
652 5.95987 29.6734 -1.62745
653 5.97571 39.2633 -1.0155
654 24.7363 16.9882 2.12227
655 29.3725 32.2366 2.00308
656 14.628 9.08547 3.29758
657 30.4467 11.5577 -2.74383
658 7.79048 25.178 -3.27137
659 1.19372 2.29115 1.31409
660 25.2984 19.1872 0.128954
661 4.3742 15.0591 1.52103
662 38.7819 39.613 1.28894
663 2.917 19.6793 0.117887
664 35.353 18.2111 -0.522619
665 37.2805 33.4117 0.267514
666 26.9303 39.596 2.69694
667 31.4589 30.9945 2.14891
668 10.9011 32.8742 -0.397412
669 9.38467 31.6023 -0.659845
670 34.1619 31.0146 2.15521
671 38.2004 39.3375 0.0387975
672 13.6055 36.7628 -0.58179
673 3.11335 10.2873 2.7245
674 3.88343 19.8266 0.825799
675 29.6263 11.4946 -2.26448
676 0.174128 4.79702 0.94001
677 9.60998 18.9715 -2.28625
678 24.4563 2.20809 -1.48056
679 19.3197 23.8472 2.55989
680 27.2127 37.1099 -0.952468
681 15.4062 34.7321 -0.816002
682 38.495 39.3456 -1.36643
683 18.5848 26.8442 -2.09927
684 6.47619 25.0808 0.536177
685 24.5933 22.9445 -0.390845
686 39.122 34.7193 -1.36989
687 21.7582 20.8844 3.13492
688 25.5488 9.98336 1.36625
689 7.29904 5.17417 2.29887
690 7.51909 3.30464 3.26524
691 17.2576 34.5883 1.68626
692 26.4536 17.0148 -1.44736
693 0.470288 21.9624 -0.519645
694 31.1218 15.6575 2.26545
695 12.2233 28.6082 -0.607818
696 17.3356 25.1101 4.12226
697 24.6855 2.46527 -3.95802
698 0.777721 9.71275 -2.70182
699 39.4795 28.0767 -0.837551
700 7.80292 0.0626072 -1.74436
701 12.1436 2.41128 -2.47336
702 7.41615 37.4438 -1.53709
703 2.80637 11.6222 0.710454
704 30.4257 39.8151 -2.15391
705 4.52293 22.8489 -1.43789
706 34.3233 33.4619 3.49026
707 21.2546 38.1321 2.2501
708 39.105 23.4548 1.97488
709 28.5531 14.7948 3.65446
710 12.2656 1.68461 -2.74902
711 36.131 31.804 -2.22381
712 31.565 25.5475 0.532795
713 38.9519 19.0841 -2.83216
714 30.2904 39.3764 0.49964
715 37.4045 29.575 3.71478
716 15.2474 31.3453 -0.835379
717 17.6412 30.0496 1.62656
718 3.89666 28.4306 -2.66505
719 9.61115 28.2383 -1.02931
720 17.1902 18.0202 3.82045
721 20.5121 34.2342 -0.165214
722 3.58543 2.24571 0.762519
723 7.86145 37.0401 -0.0375073
724 22.1193 1.243 0.235184
725 27.825 30.0998 -2.33354
726 0.366531 29.1028 -1.34361
727 13.6407 20.994 0.0447796
728 2.1281 32.6914 -1.19237
729 15.8834 3.51868 1.25062
730 22.7152 8.10528 1.77441
731 0.0312806 17.7842 0.664143
732 23.4284 39.5805 0.678816
733 25.7528 28.9929 2.59891
734 38.2286 9.25826 -1.28075
735 13.4473 31.7484 -2.54408
736 25.6173 25.1033 -3.45229
737 2.35578 33.1886 -0.707211
738 18.9676 11.4183 2.10447
739 10.5548 19.2685 -2.25125
740 31.2443 21.3096 -1.73228
741 1.27016 21.6834 -1.48052
742 18.0304 20.2879 3.23784
743 25.0267 20.0318 1.17982
744 30.7134 21.4208 -0.491944
745 19.982 36.8723 -1.16497
746 16.6544 9.13319 -3.26488
747 15.7376 27.6082 -3.03495
748 15.0362 32.5975 -2.83526
749 11.5641 2.65133 -2.42549
750 6.41551 32.2264 0.589193
751 0.273579 31.9832 2.31854
752 8.71072 20.0385 0.211255
753 22.6416 21.217 0.0742705
754 27.3841 26.3729 2.4736
755 36.0084 5.93671 -0.278745
756 11.1199 10.7465 -1.30125
757 3.09453 33.8305 1.19079
758 39.653 16.5549 2.48099
759 7.59385 26.1505 -4.10128
760 38.9046 28.1066 -1.89965
761 5.65111 14.4224 0.0111445
762 17.4008 25.6632 0.919145
763 6.87841 0.25457 -3.76422
764 14.1741 15.6657 -1.82536
765 37.9293 20.2187 -0.333145
766 11.0187 13.1356 1.69632
767 35.9604 12.4219 -1.54853
768 8.38488 21.4746 1.25587
769 11.315 30.8625 3.04777
770 6.34486 27.1779 0.429994
771 11.5791 18.7942 -1.19965
772 11.256 29.9823 1.79829
773 35.1714 30.7311 1.11042
774 0.519249 32.0431 2.89509
775 15.4591 7.5617 -2.16248
776 9.36822 11.1611 1.2316
777 34.9487 24.5761 -2.50902
778 33.3772 30.6986 2.30739
779 17.9151 4.16714 -2.41724
780 38.2931 7.08741 0.0471261
781 15.0809 33.4484 -0.753494
782 7.82362 7.08167 -3.16776
783 15.325 14.9724 0.305069
784 31.9967 39.5736 -1.15681
785 19.632 10.6646 0.259711
786 9.77714 16.5752 1.81681
787 38.8924 7.50957 2.06798
788 3.48326 28.5446 -1.44301
789 1.45805 2.52605 -1.1915
790 7.69171 25.3016 -3.03663
791 5.87764 21.1464 -1.36175
792 10.9194 19.3054 -0.404231
793 17.6414 36.5179 -1.87931
794 21.0774 24.7208 2.8909
795 2.38599 1.51402 0.402618
796 13.0559 15.7531 2.17578
797 39.7551 32.0337 2.7634
798 34.5211 10.2187 -0.566838
799 31.2654 2.11806 -2.23807
800 38.4492 13.0716 0.880554
801 17.0349 23.9807 -3.22935
802 35.227 24.3881 -1.83873
803 11.735 1.51764 -1.62272
804 0.895542 21.1265 -2.57309
805 39.7431 25.5707 0.288985
806 6.53459 30.4176 -1.35681
807 29.0119 18.6319 -3.1018
808 17.0341 31.0551 -0.384172
809 26.8494 27.1873 2.23366
810 17.3829 28.2781 -4.62482
811 37.9654 23.0516 0.594232
812 7.69564 4.71037 4.33988
813 8.26654 9.14125 1.00243
814 29.3348 39.1396 -2.48994
815 23.463 18.097 -2.10384
816 16.6369 0.504262 0.313154
817 16.7241 34.5833 0.496466
818 3.23785 1.03624 1.34403
819 30.3051 7.89478 1.43893
820 11.5403 39.4712 -0.341255
821 12.8852 6.09875 -1.36003
822 6.94329 37.6709 -1.07127
823 20.1202 2.41157 -1.9583
824 27.8208 14.8025 1.5328
825 38.3381 1.45769 0.743524
826 3.80187 15.2146 2.21019
827 35.7815 8.83419 -1.98805
828 14.5197 16.0834 -2.34811
829 13.5769 32.6985 -2.63078
830 11.4959 14.9087 -0.0800461
831 23.8217 35.7872 2.88873
832 31.0487 1.31806 -2.25796
833 14.4716 15.0216 1.88449
834 16.4275 8.54938 -4.83218
835 3.77731 32.9249 -1.1327
836 17.0773 29.0262 0.331124
837 28.2339 37.5454 4.49648
838 17.6094 3.1491 2.58411
839 11.6515 14.2283 2.43836
840 26.22 17.8591 -1.02698
841 25.769 35.8809 1.05375
842 21.8943 34.4041 -2.28475
843 21.7634 3.21423 -1.58284
844 4.61925 24.0174 0.943642
845 7.22248 30.8961 -2.62953
846 4.92143 16.3956 1.27484
847 0.69338 24.3931 -1.38354
848 23.1034 25.4181 -0.994907
849 21.2337 19.6031 2.75195
850 37.1488 33.6794 -0.0260449
851 7.52427 0.965571 4.10527
852 31.776 23.5557 -2.98795
853 17.8286 18.6069 1.88395
854 5.93489 38.8916 -1.6264
855 13.8334 35.0862 -2.05402
856 12.1015 31.6407 3.86377
857 10.8063 31.9216 -2.59049
858 30.804 30.3465 -1.54207
859 10.4992 33.2998 -2.09822
860 1.51136 19.2192 2.83554
861 4.5896 15.3347 1.09016
862 3.95452 25.2519 1.83271
863 17.6452 10.1301 -2.46984
864 12.0498 8.09921 0.854651
865 17.6502 28.0955 4.61802
866 28.9626 39.8414 4.4273
867 29.4342 24.179 0.867437
868 33.624 31.1799 1.65442
869 1.44146 18.9172 -0.523974
870 39.7676 4.32286 1.36577
871 18.8808 19.5224 4.75734
872 37.1994 15.4818 -2.0715
873 8.58095 18.874 0.18972
874 21.9163 12.6665 1.24595
875 30.6969 1.70605 -2.1036
876 20.0612 25.2689 -0.330121
877 39.3142 14.5393 1.90736
878 38.4597 3.39397 -0.15492
879 8.42749 35.3684 2.9278
880 33.6944 23.0895 -0.180814
881 13.171 22.3677 -0.639113
882 27.8265 5.6884 1.174
883 37.5036 27.4084 -2.8582
884 36.3368 14.536 -1.94378
885 15.7808 8.72794 -1.85023
886 19.1893 18.7924 -1.73415
887 3.23063 21.2487 -2.18536
888 33.2728 30.3374 2.25142
889 37.6791 5.66257 1.33128
890 12.7934 10.4532 1.48539
891 21.5705 22.7923 -0.582861
892 27.7326 12.8361 0.547781
893 32.0168 22.417 -1.87658
894 22.2627 27.2908 0.194778
895 34.4947 8.55164 0.0359624
896 15.0973 38.5648 1.44759
897 3.87353 12.4306 1.46095
898 25.1745 19.2021 0.990391
899 9.37322 24.56 -1.15117
900 11.36 0.830278 -1.17639
901 1.29927 2.16927 0.609045
902 6.44579 29.5509 0.587441
903 17.3882 35.0386 -2.2903
904 18.2161 38.6808 -0.462938
905 35.1091 34.6444 3.80914
906 20.4717 13.8698 1.59291
907 11.5979 25.8071 -2.31003
908 31.0509 39.4918 -0.33835
909 11.1551 0.876222 1.54428
910 2.50958 24.2745 -2.41149
911 38.3664 2.97344 1.57997
912 26.1301 18.7332 -2.57534
913 32.6158 34.5427 1.11646
914 38.128 23.2666 0.96752
915 37.5551 1.33414 0.869581
916 39.8299 18.8738 -0.651559
917 15.7694 24.95 -2.905
918 34.8646 5.92239 -1.09829
919 23.1914 30.7635 1.9228
920 0.159743 21.2936 -1.80029
921 35.5034 18.0953 0.623771
922 26.3021 17.9135 -1.75863
923 5.4288 24.9161 -1.45033
924 32.58 25.7215 -2.99694
925 15.8126 14.0097 -1.74426
926 16.7026 9.15763 -1.37473
927 38.2822 30.4285 -3.28914
928 32.473 0.167513 0.430361
929 13.5865 28.5537 -1.95126
930 8.05726 4.08234 1.30143
931 9.00612 23.7373 -0.915182
932 32.2959 22.4667 -0.78496
933 18.4777 0.421528 -2.1373
934 29.7099 17.6763 -0.162855
935 8.34546 11.6049 -0.310271
936 15.1433 17.7287 2.3518
937 21.9698 4.13253 -2.54189
938 16.7102 19.0348 3.0322
939 10.3762 3.76723 -0.923341
940 12.1645 24.8658 -1.16699
941 33.3513 25.8854 -3.48268
942 4.28477 17.7988 2.28433
943 13.2837 4.21302 -1.92778
944 7.96321 4.63765 0.408834
945 4.75853 8.961 0.0540981
946 15.8037 19.0425 -0.0631575
947 12.6234 9.8789 0.426131
948 20.0675 7.4881 -0.69054
949 9.10035 8.45579 -1.24237
950 5.87371 28.428 1.84876
951 11.0309 4.30841 -1.46676
952 12.433 21.5746 -0.739451
953 36.2273 23.102 2.72918
954 11.4031 32.1592 -0.19898
955 6.60859 3.96466 2.96014
956 27.6351 15.3023 3.8248
957 39.3124 18.2097 -1.22059
958 5.61119 3.34634 1.30057
959 38.2369 17.1317 1.60159
960 10.7899 29.7693 3.23996
961 7.23361 27.2677 -4.00233
962 12.8529 25.869 -1.24832
963 9.18933 38.2659 4.89358
964 0.941208 9.67027 -1.2929
965 39.4911 30.1992 -3.24184
966 15.3504 12.5562 1.19686
967 19.1227 0.12256 -1.52965
968 37.6325 13.6202 -1.26562
969 16.9514 8.158 -2.43203
970 14.5279 1.4387 -1.64317
971 17.5259 19.8465 2.05153
972 13.6909 18.1385 -0.468819
973 2.64446 19.8183 2.84636
974 38.7412 25.0834 3.95397
975 6.0579 20.4062 -1.14326
976 7.03306 14.8297 0.407559
977 6.00204 39.6052 -1.11407
978 10.0124 34.7825 -2.96884
979 10.6777 2.92292 0.873982
980 31.0054 11.8188 -2.34461
981 5.73248 19.5082 -0.606229
982 3.38954 38.5737 -2.33001
983 34.4152 21.7128 -0.83781
984 10.0705 27.6426 1.09197
985 39.2188 27.4346 -1.16207
986 19.4291 21.5852 -2.93325
987 12.4599 11.192 -1.4719
988 11.7387 18.9257 1.96013
989 24.1219 30.8344 2.43026
990 19.5311 18.9739 -2.23376
991 14.0795 20.4894 1.42797
992 10.7547 4.07004 -0.513562
993 15.0016 12.6473 2.9686
994 22.7821 20.1972 -0.147754
995 17.3099 10.5636 0.533406
996 36.1642 21.3193 -1.76547
997 4.63447 15.6193 2.67728
998 36.7606 33.836 -0.319832
999 36.6631 5.78328 1.91749
