1000
Particles
0 0.352837 3.14749 2.86174
1 32.1548 17.5494 -2.56666
2 25.3023 3.96595 3.26414
3 8.6304 39.0294 3.78512
4 9.42507 18.2719 1.06788
5 26.2165 3.32871 4.17208
6 26.8279 4.04034 -3.34722
7 36.8411 15.1858 0.485876
8 4.11323 29.8599 -0.557262
9 30.8511 24.1735 2.81319
10 26.9725 30.0696 0.319017
11 6.69045 33.2439 -0.403957
12 37.4686 24.4577 2.70756
13 39.381 6.1331 1.86827
14 29.3223 17.6476 -1.2565
15 32.0951 33.7291 0.0721672
16 25.6948 32.5025 3.56374
17 31.7559 14.554 0.892026
18 34.2469 15.0111 3.09894
19 15.3193 18.5102 -2.43362
20 8.58242 12.4074 1.02303
21 37.8135 38.7762 -3.91649
22 37.4925 22.3217 2.62956
23 28.4861 16.9556 -1.53946
24 30.8513 11.0742 1.24807
25 5.35353 34.2197 1.14562
26 21.6475 29.2794 3.80085
27 14.9784 16.9345 1.32132
28 5.94031 32.3244 -0.379998
29 30.642 8.43879 1.65475
30 22.2117 26.1345 -0.426895
31 10.2663 18.7557 1.30314
32 17.6516 9.81745 0.419031
33 8.06024 1.32417 -1.65765
34 21.296 17.0162 -2.94659
35 28.0903 39.5818 -1.62773
36 14.4951 37.9592 1.77523
37 38.7098 24.484 1.8102
38 25.6282 36.8495 -1.15935
39 29.7633 16.4675 0.778551
40 31.4833 37.172 2.42721
41 18.175 15.3809 -1.73155
42 31.0752 22.2104 -1.18544
43 27.1222 36.1029 0.609543
44 20.3915 22.6008 -3.80225
45 6.53751 27.748 -3.259
46 2.21765 11.3734 -4.88162
47 34.9641 4.58064 3.34162
48 3.31329 36.7435 1.98681
49 8.35724 31.1785 0.221851
50 38.3778 1.88612 0.342931
51 16.4312 4.975 -0.995154
52 35.3679 8.05463 0.639905
53 14.3516 11.9933 0.303222
54 38.5985 25.5333 -2.15338
55 38.4698 18.3321 3.34748
56 27.8584 8.464 1.48746
57 6.52469 34.4925 0.906336
58 37.4183 17.8537 1.00221
59 5.52526 33.3017 2.27551
60 8.50907 26.3919 0.731093
61 15.2034 26.1852 -2.96201
62 30.4421 3.0853 0.437026
63 9.01929 16.8494 1.09963
64 38.8057 28.1492 -2.28299
65 16.4736 38.9401 0.791847
66 9.0182 19.5517 3.39004
67 21.7409 23.526 1.50083
68 11.1273 6.47221 -1.09095
69 12.5748 5.13113 2.16145
70 6.60573 35.7536 2.56281
71 13.7233 11.0355 2.71956
72 5.80304 11.9491 1.08221
73 20.748 26.4702 1.57452
74 7.18861 39.4163 2.9378
75 2.88965 37.3921 3.3865
76 19.9819 8.42485 3.99133
77 12.0455 25.8013 -3.07328
78 39.8088 30.8045 -0.561357
79 36.0946 3.51562 2.42729
80 35.1161 4.54922 1.40286
81 5.70189 26.6591 -1.47584
82 11.3948 7.57931 1.43043
83 14.4481 22.394 3.47973
84 22.1677 17.7515 -3.18935
85 1.11587 17.4047 3.51489
86 20.0124 8.04295 4.70128
87 16.9173 38.1037 0.56371
88 3.60502 38.0306 2.95942
89 7.48239 35.9689 0.729466
90 33.7045 33.7127 0.163259
91 24.2537 12.0642 -3.39444
92 18.5231 18.0625 4.01348
93 18.6348 9.76593 -0.763697
94 14.1716 13.3999 1.51009
95 22.2859 2.61903 -0.788732
96 11.4536 28.5615 -2.32942
97 24.8795 31.6871 0.335214
98 0.972964 21.6198 -0.088914
99 9.95994 32.145 -1.25233
100 32.2918 14.236 3.21381
101 16.2328 22.2303 -0.347463
102 20.5702 32.4609 1.75288
103 14.8798 2.45943 -0.458409
104 27.4125 3.96301 -3.91652
105 24.8796 28.2303 -4.89799
106 38.2109 13.0852 1.953
107 19.0162 21.1013 1.0449
108 25.4301 11.9607 2.46846
109 34.8571 29.1886 1.10539
110 12.3585 37.4266 0.834635
111 8.60547 33.7458 1.2154
112 31.6037 38.0933 -2.19004
113 33.0284 21.2287 -0.763312
114 1.54115 25.3258 3.03368
115 28.8562 20.6125 -2.1284
116 28.5589 27.6679 2.14612
117 21.0731 30.9474 1.15875
118 25.2989 38.0429 -1.74275
119 37.7729 18.0595 1.02951
120 34.9288 31.8685 1.84953
121 26.5014 11.2424 -2.64074
122 38.7148 10.6368 2.55345
123 7.21879 22.4933 -0.667605
124 14.9823 36.2533 1.55938
125 26.3189 35.3266 -0.973916
126 23.8187 24.7133 1.83868
127 1.44585 0.811066 -1.0732
128 33.7313 13.0034 -0.256537
129 1.67282 11.7274 3.51879
130 33.8325 6.14475 0.818849
131 29.6861 30.0468 1.50043
132 22.6504 34.0219 -1.61831
133 31.4544 33.3486 1.20845
134 11.1633 32.3839 -3.71871
135 15.7056 3.46696 1.03544
136 29.1646 6.4678 -0.204616
137 31.4382 35.9835 -0.909851
138 10.534 23.1857 -2.34633
139 15.7956 2.85056 -0.202489
140 16.0126 30.0483 -0.584991
141 35.7426 29.1089 1.65622
142 26.1023 35.8949 2.45003
143 15.907 26.2258 -3.16963
144 9.85124 25.1739 -3.1694
145 28.6956 21.0557 -0.34894
146 32.0787 9.06649 1.07093
147 34.4726 38.0884 2.11389
148 37.834 9.93296 1.98591
149 16.816 23.0962 -2.09881
150 14.6519 12.5703 1.55722
151 37.4606 36.7301 2.76479
152 18.4749 10.8192 -2.67946
153 19.6953 1.59801 2.94379
154 29.9416 33.2941 2.54919
155 30.6507 33.7235 2.52896
156 36.6782 25.0506 3.06964
157 17.2343 17.2844 -0.348864
158 19.4024 28.1654 1.58516
159 15.0438 30.2947 0.996018
160 5.80822 12.8665 -0.645013
161 12.3039 20.0827 -0.930758
162 26.4374 33.4679 1.38955
163 10.6186 5.62316 -0.709844
164 16.0167 1.18189 -0.0841452
165 25.8316 5.18354 -3.44498
166 35.7244 8.67104 -0.153521
167 12.8883 2.27461 -3.23206
168 36.8717 22.348 4.78917
169 4.70933 35.6621 2.37507
170 38.2228 33.6646 1.83383
171 21.508 37.3577 -2.14229
172 35.3228 21.144 0.016632
173 25.1222 29.2256 1.01809
174 11.5901 34.6117 -0.397493
175 1.79147 10.54 4.53608
176 23.4867 25.252 1.73229
177 17.7491 7.22565 -1.62639
178 22.6897 17.7974 -3.22938
179 29.5104 8.77386 0.150364
180 13.6696 9.61876 1.4827
181 34.1506 31.1687 0.700146
182 19.2043 11.3879 -0.96502
183 6.7296 18.4912 -2.21609
184 25.4312 38.1864 0.360681
185 14.123 9.9233 0.853949
186 26.3001 6.70319 -1.34151
187 7.75247 38.0762 1.16372
188 23.9543 19.6698 -1.26302
189 9.3678 26.5678 0.823756
190 26.5158 23.8596 -2.54252
191 8.92202 30.6671 -2.18977
192 33.4038 6.76745 2.47142
193 28.3934 20.2684 -2.05195
194 13.6594 29.8746 0.228433
195 16.7358 19.7496 2.73737
196 27.7863 34.9039 -1.78636
197 16.4268 38.747 -1.36464
198 29.5157 16.5178 0.122471
199 13.7185 11.7166 1.38398
200 34.883 37.4097 1.06817
201 33.8451 18.7131 0.726756
202 17.2879 20.0791 0.169778
203 26.3316 13.7823 0.132189
204 32.5699 34.7812 3.83949
205 35.6432 32.496 -2.63957
206 16.9727 4.40632 3.57918
207 0.562437 31.1966 -1.50828
208 30.4718 28.8978 -2.99512
209 8.83525 33.9988 0.300126
210 7.59351 24.5654 -1.40325
211 33.2829 24.1698 0.702682
212 1.75044 35.7187 1.03612
213 2.36045 9.9945 -3.33042
214 37.219 23.6862 3.40109
215 38.4209 19.1267 3.59436
216 29.0756 21.5779 -1.22974
217 6.68494 10.5556 3.6224
218 17.38 19.4202 -0.0391797
219 25.3831 6.55264 -1.61817
220 18.1863 4.38146 1.29202
221 22.9519 11.0471 -2.00003
222 36.1497 25.3718 1.29762
223 17.7155 35.7316 -0.0286507
224 8.23902 29.8839 -1.47086
225 30.1285 12.4009 0.396495
226 4.50542 21.1261 -2.86669
227 11.5295 2.8371 -0.657987
228 23.451 9.68399 -2.97618
229 35.2553 20.0878 -2.33105
230 28.3117 6.51588 -0.375678
231 17.3703 19.4709 1.75629
232 29.877 11.5836 0.705766
233 37.9102 10.3301 1.1274
234 6.17526 38.3385 1.08516
235 2.10235 10.4787 -2.107
236 7.46701 38.2662 -0.02902
237 12.4839 28.6852 -1.7118
238 12.1708 9.86224 -0.94474
239 35.1048 15.2914 0.331896
240 23.1313 25.8602 -0.0675408
241 22.8504 28.2674 0.781439
242 38.3342 5.22347 1.84148
243 27.2337 36.9713 0.608037
244 1.19905 16.8706 -0.215365
245 19.5789 5.47862 3.27894
246 31.6977 11.3507 1.15796
247 3.26131 1.23993 1.20342
248 3.39797 23.1636 -2.03181
249 16.6054 29.7989 -0.203341
250 9.40637 38.3238 3.65668
251 39.4285 9.10475 0.200823
252 32.19 19.4946 0.960188
253 27.5934 9.99437 -1.88022
254 38.1625 35.7269 2.12989
255 27.1382 24.2787 -1.6084
256 1.77421 6.82308 -1.42138
257 32.9141 17.6984 -0.294874
258 33.8028 34.6051 3.24296
259 33.1996 15.173 0.533818
260 5.46735 7.63842 0.25569
261 25.0841 24.581 0.539487
262 26.8357 33.5649 0.644768
263 0.406599 3.41662 3.38215
264 3.00552 29.5572 -1.01239
265 3.36437 16.9167 2.48883
266 39.8504 10.6488 3.89309
267 6.06377 24.4775 -1.09653
268 2.53058 28.021 -1.96465
269 21.5849 36.0866 0.462825
270 0.0969808 9.36522 -2.11679
271 32.0836 11.3986 1.595
272 20.4642 13.8983 1.42044
273 29.6546 34.6827 2.82367
274 10.5955 5.96873 -0.96629
275 2.69208 21.4597 -2.56845
276 29.0883 22.3231 -0.078185
277 7.90642 26.5024 -0.779936
278 5.24334 7.49518 -0.221287
279 4.46707 20.8308 -1.45542
280 35.7218 20.112 -0.159638
281 25.6058 12.622 3.39961
282 14.9757 17.415 1.62241
283 18.2245 38.1277 -3.61056
284 31.0593 21.3747 -0.733409
285 36.437 36.5957 -2.6461
286 34.5759 9.26194 -0.800865
287 8.60687 17.4953 1.79092
288 8.3147 37.0193 2.07459
289 14.3863 30.4237 2.30924
290 37.4594 24.1352 0.571765
291 17.2472 14.8528 -1.79493
292 37.6503 25.4359 -2.87917
293 5.97673 6.54186 2.43162
294 29.1074 29.4601 0.903049
295 13.2413 9.51743 -0.746989
296 25.7911 24.5982 -0.241355
297 0.680183 25.254 2.36124
298 25.7572 29.9489 1.84291
299 16.6588 32.6178 -0.430142
300 27.1323 8.03648 2.42712
301 28.7412 22.569 -0.184981
302 17.4708 34.7293 1.62248
303 5.60027 29.5521 -2.30201
304 13.0147 22.0893 -2.02423
305 7.56086 24.3093 0.954871
306 30.9951 11.2063 4.23728
307 9.58032 18.5428 2.29096
308 1.0202 18.1194 3.7948
309 12.9796 37.2068 -0.390001
310 16.5175 21.785 -1.03539
311 25.8985 3.34605 4.41052
312 0.415966 37.6935 1.21686
313 35.9261 0.554605 -3.78389
314 15.4621 2.53923 2.35744
315 1.02446 31.5458 -3.01512
316 37.628 34.9232 2.74176
317 32.7307 35.1764 1.66841
318 22.2131 22.7863 1.08118
319 2.22157 39.1556 -3.24017
320 0.290145 22.3237 1.50579
321 32.3525 6.59866 -1.05553
322 5.40201 36.6938 -3.71258
323 19.3475 36.2492 -0.926163
324 28.4487 14.0347 0.11055
325 7.52376 24.812 -0.0211812
326 1.24082 7.16963 -0.551038
327 16.6053 39.1341 -0.792598
328 16.0486 28.8545 -3.15578
329 0.113046 21.2699 1.63966
330 1.13644 10.9349 2.20201
331 12.4035 35.492 -0.800537
332 33.7406 13.8321 0.629758
333 18.6928 19.6503 -1.4582
334 8.52803 7.68067 -1.92166
335 12.4733 37.4925 3.1938
336 19.9479 39.6332 -3.11836
337 3.65074 14.3682 1.15924
338 13.0032 29.3544 -1.90379
339 37.508 33.0504 2.10179
340 7.06224 25.2032 1.35876
341 29.814 32.6751 2.45744
342 10.168 13.4071 -2.66385
343 14.296 15.8532 1.75624
344 12.2674 36.0934 -2.15514
345 39.1208 25.7885 0.107745
346 16.4114 5.90519 -2.98329
347 5.60172 36.9036 -1.92016
348 9.75783 24.3785 -3.19506
349 14.222 17.6233 -3.91079
350 10.5087 11.007 -1.17178
351 7.33675 21.7378 -1.17999
352 24.988 22.5504 1.25424
353 26.9077 4.03921 -1.02546
354 34.6729 38.6697 3.09128
355 23.0386 26.0869 2.27795
356 30.0471 28.1822 -2.36588
357 15.7037 28.6898 0.167334
358 12.7892 13.6957 0.190576
359 35.024 29.3396 0.170061
360 34.407 29.0285 2.19864
361 30.3675 32.929 2.9185
362 38.0481 23.9919 2.37931
363 38.2336 6.27386 -1.0198
364 7.61026 11.4076 -0.637916
365 6.67734 38.484 3.5507
366 12.2984 5.03834 -1.32392
367 12.4675 34.5519 2.88319
368 25.3761 7.45305 0.836124
369 17.1681 32.2473 2.16326
370 17.0624 25.4841 -0.141796
371 23.7739 21.5787 2.04557
372 26.656 27.1748 -1.3835
373 11.9787 9.17063 1.51781
374 13.9161 17.0207 0.463889
375 11.6171 11.4752 1.22203
376 2.81654 31.2231 -1.16353
377 4.82878 8.98714 3.52676
378 11.4575 5.66505 -2.08501
379 31.5385 35.4932 3.09291
380 38.5415 28.9122 3.34327
381 13.9299 31.8475 -0.31818
382 0.560488 14.5363 3.6966
383 16.1595 35.2956 1.13152
384 24.0813 37.4457 -1.01927
385 20.9067 18.3324 -1.61214
386 22.233 6.72757 2.72344
387 11.4119 5.30199 -0.671886
388 29.3229 25.5921 -0.564936
389 5.98755 4.86492 -2.87228
390 30.959 28.354 -2.32835
391 17.1025 15.4822 -1.1934
392 25.7222 28.2013 2.5572
393 19.7809 12.0631 -0.613331
394 31.2961 37.5753 -0.600021
395 33.2327 13.8317 -0.373271
396 1.08887 3.58385 2.53749
397 7.58502 0.558871 -2.92805
398 5.44614 33.9926 1.27852
399 39.1294 19.129 1.57884
400 3.48152 38.5312 -1.2874
401 21.31 35.9945 -1.65137
402 33.91 8.93992 2.00232
403 39.673 30.3589 -1.29946
404 28.1816 30.7231 2.31469
405 3.92304 22.7899 -2.29312
406 25.6254 39.7674 -0.195389
407 38.1054 0.558268 -2.19065
408 6.11351 12.6665 0.167037
409 16.3014 4.0568 0.86136
410 24.0204 22.2071 2.00386
411 20.3146 22.2809 -4.32416
412 2.14727 8.43095 -0.835833
413 14.4841 10.4235 0.729226
414 0.595438 16.5407 -0.130947
415 14.276 26.1929 1.64471
416 27.8022 36.5654 -1.71223
417 5.51944 4.21262 -3.58666
418 30.3129 27.9491 0.627568
419 25.3786 12.5925 0.643926
420 18.4686 38.748 -3.76823
421 1.31346 14.0106 3.69017
422 14.3839 6.76011 -4.32992
423 29.968 10.717 1.73711
424 26.6751 20.7941 2.46128
425 18.496 38.7475 -1.74818
426 11.2376 21.4388 1.40941
427 17.0364 18.8251 2.5817
428 0.014364 7.71308 0.884482
429 4.5589 8.95888 3.63203
430 20.3913 14.9878 0.211301
431 11.8928 9.32032 -3.53127
432 18.3044 36.4415 -1.98325
433 28.7771 24.9661 -3.04595
434 5.42125 22.157 1.46615
435 26.0232 38.0541 3.08634
436 1.91002 20.8932 -0.800832
437 10.7412 36.8525 3.38276
438 8.02168 23.7708 0.549534
439 34.8202 23.2664 -0.359113
440 25.7064 38.5117 -1.93695
441 10.2652 5.85095 -2.21898
442 15.2777 27.8461 -0.965333
443 18.9117 15.4925 0.694145
444 9.42215 14.5315 0.148387
445 6.30722 21.3924 -0.409218
446 19.0232 10.4536 -2.9849
447 0.728809 10.7345 0.935373
448 34.1903 28.7732 1.51337
449 13.9108 15.4504 0.927483
450 12.1346 19.8789 -1.98658
451 39.9344 12.3003 1.04578
452 18.4991 13.0937 2.83452
453 5.82544 31.6064 -0.16523
454 37.2935 9.77571 3.80724
455 30.249 4.14704 0.5447
456 12.0222 9.62627 -1.66101
457 24.3183 21.144 1.10729
458 38.4477 18.1854 1.37878
459 9.62505 9.14115 -2.98923
460 13.9835 39.4982 1.47454
461 9.05044 39.112 1.65501
462 24.3523 14.4293 0.17679
463 4.2117 34.4701 -1.37346
464 33.5729 23.2509 1.07001
465 31.8709 14.2281 3.89878
466 32.8752 22.7446 2.26463
467 4.47035 37.528 0.33561
468 28.3795 37.3247 -3.25596
469 17.5386 28.775 -1.49944
470 10.5876 14.2031 -1.02939
471 39.1482 14.2491 -2.15174
472 16.6755 16.511 -2.3373
473 15.3752 1.31157 0.138115
474 7.61061 35.6326 2.63271
475 32.6464 7.88988 -0.183856
476 21.4398 29.7921 -1.04343
477 11.6551 30.7075 2.03787
478 33.6546 15.1192 0.922488
479 6.2096 25.3265 -1.60994
480 33.6216 18.1914 -1.20411
481 24.1645 34.3501 1.67192
482 6.86101 28.2599 -3.00134
483 13.0704 32.134 1.98857
484 10.3263 32.2066 1.80986
485 6.06371 37.3025 4.35466
486 22.1947 26.5326 -0.626619
487 32.4685 30.7361 -0.179889
488 35.4071 9.04471 0.138823
489 20.3482 4.43546 2.82069
490 4.17472 5.10921 -1.08161
491 18.0221 10.8746 -0.186538
492 24.3446 39.6407 -0.861673
493 5.28045 27.225 -0.194081
494 8.54196 18.0999 1.93082
495 28.9594 12.0552 3.14404
496 33.4757 19.4516 0.678669
497 5.50593 30.0832 -1.41385
498 18.4078 15.3747 1.3433
499 6.3273 12.7962 0.272067
500 2.96723 13.8734 2.84484
501 29.5652 18.6753 3.42699
502 2.63965 39.5881 3.17017
503 15.1877 29.9554 -1.57272
504 37.3129 31.5417 -0.385459
505 5.65083 6.33102 4.01747
506 28.5473 23.0795 0.785538
507 24.6227 6.10677 -0.0873515
508 0.52735 30.5557 -0.179846
509 31.8781 1.11349 -0.0363565
510 31.3676 0.803179 -1.32051
511 22.4957 31.2653 -1.91592
512 1.26449 33.5598 -2.49882
513 16.7589 37.6914 1.01092
514 11.9647 27.4946 -1.23299
515 18.4546 14.443 -1.26905
516 20.9458 1.39354 0.698769
517 12.2968 5.77421 -0.133978
518 18.6448 15.6172 -2.52924
519 19.7987 11.7913 1.03406
520 34.127 11.509 2.07325
521 34.5627 29.581 -0.395355
522 20.7182 21.4354 -1.37152
523 13.4878 19.1469 2.04123
524 4.38699 21.2886 -1.8688
525 9.59676 11.9075 1.87565
526 1.78535 21.6457 -3.473
527 14.8891 6.1132 -3.37601
528 20.5683 7.70777 4.4314
529 28.6404 0.911438 0.269999
530 38.0876 7.10019 -2.42451
531 25.6284 9.27026 -2.61671
532 22.6353 34.2511 -0.466358
533 26.2105 28.8185 0.000892233
534 14.4167 28.8848 -1.81397
535 9.87905 2.51438 0.155181
536 32.4787 16.4734 -1.04201
537 38.1417 17.406 0.881255
538 1.68897 39.4145 -3.03788
539 2.85968 39.8819 1.26104
540 31.1304 25.1025 1.79111
541 24.3917 22.7273 -1.42895
542 1.40632 31.3782 -3.22217
543 14.2281 15.8827 0.409775
544 7.22265 39.714 4.2474
545 12.354 22.0702 0.967173
546 38.4292 36.8911 0.991906
547 5.52201 19.9606 1.10871
548 35.8839 32.7784 -2.97752
549 2.26368 24.6751 2.25813
550 8.25627 30.9943 -0.600816
551 22.6583 18.9165 0.00846664
552 39.0489 6.36859 -1.42258
553 20.5376 24.3129 2.01954
554 17.5075 9.44813 1.0481
555 34.0338 17.8016 0.388541
556 28.753 16.9978 -1.07938
557 7.18663 27.3299 -3.12509
558 31.1583 2.51334 -1.8652
559 25.5849 28.9228 1.55911
560 27.5537 23.7083 -0.939735
561 11.5626 18.706 -2.54424
562 5.03298 20.9863 -4.60304
563 39.723 17.278 -1.30524
564 14.8755 20.5484 1.73227
565 35.2135 17.1757 3.53287
566 16.5287 33.3235 0.361779
567 30.9268 11.7856 -1.54878
568 35.259 7.12108 -0.350606
569 5.00384 19.2998 -1.32848
570 7.13209 22.6562 1.69076
571 23.5133 10.9382 -2.40254
572 3.08664 35.0553 0.967788
573 18.0968 39.3677 -3.72925
574 13.9392 20.4875 -1.67385
575 17.8014 20.2452 0.643658
576 36.8634 3.81916 0.962646
577 28.7489 28.5067 -2.08485
578 4.29815 37.8435 0.29016
579 4.61373 6.27817 -2.92289
580 7.75248 31.7074 0.0471842
581 6.92339 30.8317 0.12404
582 25.1158 25.8245 0.780279
583 24.4393 36.7004 -1.44485
584 34.0115 11.87 -0.141761
585 6.69723 14.9418 -2.95956
586 28.4152 21.2119 0.356892
587 34.5851 33.3271 1.37994
588 20.8503 34.4724 0.928654
589 24.8712 25.4737 -0.22992
590 10.9572 4.80846 2.51836
591 2.03155 23.2045 -1.52939
592 32.8938 27.3791 0.988096
593 17.2794 28.0707 1.29955
594 11.0814 3.26808 -1.42068
595 20.6814 21.8276 -1.00463
596 36.0799 33.4319 -2.08745
597 31.1632 10.2632 1.4253
598 35.7829 12.8378 -0.039312
599 17.858 35.7849 1.89327
600 5.78724 38.6267 2.90504
601 18.2442 31.4005 3.10216
602 1.77664 19.0958 2.11945
603 14.749 19.9791 1.1563
604 39.2563 28.079 -3.00978
605 8.20024 39.208 2.67228
606 2.73205 28.6622 -3.6028
607 6.0816 11.662 0.900706
608 6.83799 39.9754 3.43965
609 24.6662 35.9529 0.467507
610 38.435 27.2215 2.20503
611 0.899835 22.1913 3.50744
612 22.2541 13.1872 -1.26523
613 25.2899 12.6686 3.7335
614 39.2519 8.95999 -2.74701
615 31.2181 8.14038 1.34316
616 33.0899 14.0729 1.39208
617 25.1114 29.5162 2.3045
618 34.2161 4.87738 0.852932
619 24.0985 33.5085 1.98651
620 32.6552 31.0118 -3.26662
621 32.9883 13.2726 0.0113925
622 11.2214 38.0327 0.626375
623 22.6907 12.7647 -4.15494
624 34.7606 38.644 -0.576089
625 16.4018 7.04587 2.68661
626 7.17134 39.2667 3.12802
627 5.95224 36.4237 -3.86351
628 23.5346 12.0029 -1.16075
629 30.5971 39.5462 3.95549
630 34.873 26.7716 0.775461
631 30.4021 36.7169 1.41216
632 27.9168 32.2791 1.79064
633 29.5161 22.4021 -1.86317
634 37.7971 36.1874 1.74037
635 29.2529 27.413 1.46806
636 22.3792 8.85346 -0.745425
637 0.660823 21.3243 0.278741
638 38.1396 22.4657 4.297
639 30.549 4.7291 0.0286476
640 2.53746 20.7171 -3.4099
641 20.35 39.6738 -0.686884
642 16.1858 39.7571 1.0454
643 27.1739 27.558 -0.137869
644 11.8338 6.28571 -1.52459
645 2.89213 8.20543 -0.833896
646 9.85058 12.6733 1.14088
647 9.70158 16.2047 3.75967
648 35.8073 34.3806 -2.56263
649 26.0126 27.6564 -2.411
650 28.6521 11.3617 -4.51268
651 27.2336 19.3861 -1.82378
652 38.9656 39.5338 4.18598
653 15.071 37.3213 1.07854
654 19.9417 13.7162 0.69171
655 32.5291 35.5522 3.24191
656 13.0118 12.3421 -0.441791
657 20.0331 4.24514 1.45147
658 7.84628 24.9658 -1.64794
659 29.942 2.09246 -0.91633
660 29.0452 11.8933 2.27131
661 39.1738 15.5437 3.76657
662 28.3792 28.7071 -3.08703
663 17.0235 21.2202 1.51723
664 33.7765 18.0031 -2.55004
665 32.3927 37.54 -1.88318
666 31.9145 2.56488 -1.58684
667 35.4361 32.6298 -2.17937
668 8.86503 34.8007 0.995781
669 15.9904 29.664 0.575654
670 37.7832 23.6541 2.28912
671 24.6002 36.2918 1.05996
672 14.2215 26.8876 -0.0853314
673 35.777 10.4523 -0.636158
674 15.193 18.2789 -3.32786
675 31.609 17.0475 -0.696496
676 30.1819 0.166639 2.14898
677 31.4645 15.9737 -4.29683
678 30.5494 36.2387 -0.140909
679 23.973 17.3236 1.15842
680 13.6769 22.3227 0.607656
681 13.6267 35.8843 -1.1994
682 30.2676 37.4559 1.35209
683 34.2745 20.4471 -3.87353
684 9.00536 36.8075 2.06946
685 22.8975 29.6136 -1.35254
686 3.73448 2.03331 0.938297
687 25.0904 11.8185 1.02601
688 33.9654 1.91015 0.0644934
689 11.344 37.3857 2.64387
690 17.3006 31.368 3.27157
691 13.9008 31.5032 2.39774
692 26.4076 13.821 -1.23371
693 37.023 15.5775 -1.9757
694 24.5099 36.095 1.66298
695 15.2761 31.3167 -1.87777
696 33.4283 29.0198 1.83247
697 29.5025 7.64144 -1.59512
698 35.7201 12.8511 0.476981
699 21.7117 18.2181 0.994724
700 3.62171 0.118515 3.94571
701 27.3621 1.47545 -1.05254
702 39.9528 2.28573 1.30465
703 31.4074 18.1172 1.4487
704 29.9353 28.1418 -2.35227
705 4.29956 38.2192 2.23248
706 34.6626 32.208 3.54111
707 13.8968 8.50854 2.18836
708 27.3544 19.5599 -0.231967
709 26.2321 6.23916 -2.02715
710 20.918 27.9356 1.58279
711 32.9376 31.305 -2.79631
712 29.2489 15.3234 -1.46698
713 35.4206 13.369 1.44761
714 26.1301 25.9955 -0.440154
715 38.3513 4.79137 0.971248
716 25.3271 31.8962 2.63631
717 14.796 24.0237 0.86944
718 13.6617 29.219 1.06367
719 9.12849 36.23 2.51093
720 16.1987 22.2179 -0.1759
721 31.3904 36.527 2.66865
722 3.5976 5.33365 1.03019
723 17.5329 36.8287 0.561376
724 12.091 4.71739 0.716351
725 27.6053 8.02152 3.61322
726 7.2325 29.0283 -2.80652
727 1.83167 31.1297 0.0151729
728 1.71481 8.81105 0.127982
729 20.7891 0.482588 3.65672
730 17.8898 13.0924 -0.777738
731 29.1351 19.061 2.32822
732 25.8439 37.7302 1.92975
733 33.7726 24.498 4.09593
734 24.3421 17.3193 4.16719
735 17.1668 21.8509 -1.01292
736 25.5534 27.9625 -2.64448
737 33.9459 28.6126 1.07748
738 14.5636 8.73451 0.00330789
739 12.611 29.2468 -2.06501
740 35.6934 20.4153 -1.08349
741 5.92337 33.8114 1.9671
742 22.4691 16.6445 -1.60596
743 20.3039 26.7032 2.52866
744 30.8985 27.0607 0.0247653
745 15.601 29.3276 -0.558855
746 17.0486 17.4778 -1.45052
747 15.1134 20.3974 1.18712
748 12.7103 26.692 -1.62311
749 4.46095 5.46823 0.24625
750 5.43599 30.4458 0.886789
751 7.9951 38.4981 1.76414
752 33.7649 16.9946 3.44469
753 6.65119 20.8113 -2.49374
754 30.4867 20.4028 2.95121
755 23.0855 8.49004 -2.43531
756 33.2669 6.98366 -1.00392
757 15.0631 21.4867 1.05443
758 34.1196 27.6409 0.838089
759 9.48787 29.5039 0.40947
760 28.9029 38.6882 1.45891
761 14.9929 13.9804 2.13067
762 24.7081 26.7524 -2.30765
763 13.4694 5.41769 0.443945
764 27.3691 4.00539 -1.47162
765 29.135 28.3837 -2.58829
766 7.91678 14.802 1.50939
767 33.4915 17.9786 -1.96964
768 6.95011 11.5648 0.326015
769 22.664 31.205 -1.72103
770 12.947 26.0777 -0.510764
771 39.238 20.9942 1.37648
772 15.1826 33.6981 1.26916
773 31.9465 31.5844 -2.59521
774 37.5417 37.9249 -1.45827
775 21.162 18.1558 -0.571335
776 12.8437 22.249 -0.390303
777 38.0537 21.1838 -0.790894
778 26.4939 23.9228 -1.74072
779 17.7313 5.27173 1.5373
780 39.8243 6.09236 -0.251864
781 29.9924 1.54404 0.446226
782 11.2598 6.40057 1.07254
783 18.0822 10.1327 1.99048
784 29.8423 0.209349 3.86293
785 23.1749 18.5359 -1.35281
786 7.42456 26.6939 -1.87836
787 28.6149 1.37927 0.390308
788 4.23857 34.3467 -0.699599
789 38.8606 14.6234 -3.78925
790 9.93987 31.8307 1.28081
791 17.6969 14.5685 -0.784254
792 11.6642 29.2455 -0.378201
793 22.4023 37.797 -0.402194
794 22.9097 24.9388 0.176916
795 11.5252 9.38075 1.3501
796 16.1207 28.6091 -0.0244236
797 5.82538 31.1943 -1.22973
798 26.2658 5.08881 -3.49413
799 25.1917 38.1928 -1.27618
800 29.3953 7.47053 0.870202
801 20.7865 12.8458 1.26302
802 35.6436 13.0741 0.783966
803 8.87433 1.4813 1.33328
804 1.5468 16.1269 -2.95754
805 39.5595 21.3712 -1.17346
806 10.9787 20.3417 2.09557
807 21.4668 5.72336 2.27984
808 26.8737 22.0324 0.406264
809 18.2417 10.7983 -2.96614
810 15.7838 36.8934 1.25008
811 12.3264 28.1859 -0.885222
812 9.61337 37.0414 2.57298
813 39.3381 6.40286 1.62801
814 29.2102 34.9961 0.613366
815 32.7215 23.1583 0.896274
816 14.4716 33.583 2.29609
817 14.7515 34.367 -0.51186
818 7.87375 11.8231 2.02808
819 25.2659 6.61288 0.226044
820 35.6351 39.4058 2.16519
821 13.7424 9.14083 -0.23519
822 8.03918 8.48898 -1.18483
823 34.75 0.058098 -4.39788
824 36.4792 14.5711 -0.457383
825 33.5422 25.4409 1.9079
826 38.2853 16.9003 2.91087
827 0.315947 14.6326 -3.64552
828 24.2446 10.7487 -3.78991
829 15.9976 33.7051 1.3368
830 13.3621 24.5635 -3.17982
831 12.201 35.8753 -1.6701
832 30.086 26.9638 1.61421
833 16.447 15.3935 -1.94618
834 21.0078 9.78281 -0.311918
835 5.33415 29.4219 -2.70327
836 22.847 30.1528 -2.91543
837 35.0149 25.5087 -3.61351
838 27.4779 8.77902 -1.65517
839 1.3553 22.323 -2.77569
840 25.214 12.4874 3.01812
841 32.7406 37.372 -0.207228
842 27.9859 27.7787 -1.08244
843 13.8807 0.196029 2.25884
844 7.35951 14.9277 -2.19939
845 4.42206 28.4811 -0.652827
846 15.9549 33.9803 -1.94446
847 1.583 21.5658 -2.40677
848 25.117 19.2192 2.36917
849 15.175 18.2329 -1.49402
850 5.5652 36.4324 -3.3806
851 1.57479 37.0586 -0.352481
852 26.8084 28.9196 3.17162
853 25.6581 25.1896 -0.71916
854 1.2019 31.5301 -2.86045
855 15.9992 2.79159 0.183529
856 17.3208 34.4378 1.22712
857 8.93562 22.3652 -0.464408
858 3.27997 26.7005 -4.00163
859 18.3151 0.0100947 -4.33759
860 29.6059 22.5333 1.04771
861 38.4276 12.3115 1.40511
862 2.47564 36.724 2.04207
863 10.788 13.0535 -0.592356
864 26.1169 9.9697 -3.88544
865 29.6614 31.3277 1.77288
866 28.0509 38.5998 4.08458
867 16.2869 38.8532 -1.4725
868 31.8137 26.3671 2.86764
869 36.8685 14.8633 -2.53296
870 11.0262 3.04987 0.173812
871 20.578 23.415 1.04476
872 29.344 26.0561 -2.4693
873 20.1511 21.6247 -1.26505
874 33.0904 12.3577 1.18775
875 37.5974 12.2702 0.673738
876 39.3633 9.24354 -2.84473
877 1.981 39.4191 -1.95651
878 0.973301 36.8935 1.6413
879 4.72196 36.0669 -2.19373
880 0.0285926 19.3823 3.55553
881 5.91601 23.3665 1.93064
882 25.1672 6.90769 0.558433
883 1.52947 25.2431 1.28707
884 13.451 18.2806 3.43464
885 13.3845 10.2634 0.27029
886 13.3818 28.2898 -2.97385
887 36.0472 19.0817 1.47766
888 38.3606 31.8344 3.00244
889 6.26384 11.1272 -3.85714
890 20.1458 13.6811 -0.84457
891 19.2677 20.4764 -0.934545
892 28.344 3.28251 -3.18251
893 28.5729 28.7793 -2.06653
894 33.8241 33.5223 0.378863
895 36.8124 22.1309 2.06299
896 18.476 38.5425 -3.12362
897 0.103122 11.9705 3.11603
898 18.5439 15.7344 -2.70686
899 9.80972 25.1456 -3.16054
900 17.4908 5.97524 0.91215
901 3.7361 38.502 2.21868
902 36.3516 31.0774 -1.5646
903 7.14122 37.7947 0.685462
904 21.549 1.97106 1.6808
905 25.0062 34.3009 0.0945536
906 24.2057 25.9941 0.988875
907 17.6174 28.6927 -3.00182
908 30.3458 36.1654 0.114726
909 18.093 8.15523 0.236989
910 38.3042 21.5285 4.70931
911 31.6977 26.4512 2.69895
912 22.8412 26.1027 0.358439
913 3.06136 26.8765 -3.52879
914 5.8422 23.0139 0.996386
915 37.8572 35.4722 2.53991
916 25.958 18.5664 1.42986
917 6.52633 30.6707 -0.664557
918 5.19899 36.9377 -2.77537
919 32.4319 16.8039 -2.0735
920 1.83141 18.5435 1.74048
921 32.7075 23.308 0.959381
922 27.1281 14.1836 1.55215
923 9.27973 28.5399 0.103663
924 28.9721 36.5135 0.0723092
925 18.0202 37.8991 -2.18291
926 29.6553 36.0037 -1.20134
927 8.37028 33.1301 -1.91027
928 34.2195 2.07634 -1.77425
929 34.4842 28.9096 1.00716
930 16.5112 5.76392 -0.40031
931 18.9953 20.2257 -0.343274
932 8.67864 25.753 -0.935164
933 11.5301 5.8467 -2.207
934 32.5915 30.6897 -2.86577
935 5.73194 3.9108 -2.08917
936 10.6132 21.6609 -0.451395
937 14.3583 39.7228 0.519456
938 22.0485 23.6153 0.667131
939 26.0781 8.40396 1.48053
940 18.1507 20.1696 0.660725
941 23.3639 20.2901 -1.64897
942 4.24448 8.80697 2.72367
943 12.9152 2.3559 -1.35441
944 38.0141 32.3321 0.503039
945 5.669 0.31871 3.5466
946 21.3972 22.4428 2.36542
947 22.8006 5.37044 0.613927
948 9.08463 36.8767 3.12329
949 5.51286 11.3532 -2.49631
950 31.6769 24.8751 1.58627
951 19.8903 7.37353 -1.72888
952 14.0337 16.4283 -2.15638
953 34.6104 13.4967 4.17335
954 3.97755 39.2099 -1.3112
955 39.0994 7.60615 -1.76987
956 32.7988 7.26559 1.0539
957 31.7511 19.8446 1.41393
958 6.75269 33.8945 1.20811
959 27.2766 36.7587 -0.0833827
960 5.29283 3.33051 0.785145
961 2.37396 31.6597 -3.5814
962 13.929 30.1363 0.966069
963 17.6533 35.0731 2.57364
964 6.50667 10.7506 -1.43445
965 39.3519 30.1798 -2.77205
966 16.846 17.936 -0.662368
967 20.6741 0.920867 3.44968
968 36.1112 23.0587 -1.19367
969 14.5538 37.3089 1.41096
970 25.3982 38.5491 -1.55018
971 30.5647 13.7473 -4.60923
972 13.621 19.7025 3.33154
973 10.2009 21.784 -0.919927
974 28.1836 16.4109 0.606398
975 12.6178 27.5448 0.00503472
976 2.64414 0.367901 2.92911
977 3.94691 38.6181 2.9111
978 14.1133 25.6328 1.07686
979 7.96843 36.2145 1.77718
980 37.0181 13.9153 0.380621
981 6.56235 12.1327 -0.778581
982 39.0499 3.34894 -3.15415
983 23.275 13.4054 2.79162
984 11.9991 36.106 -2.47194
985 6.55912 20.7565 -0.247232
986 28.1891 12.3638 -0.385225
987 8.77611 9.01443 -3.33862
988 2.58458 29.3608 -3.20087
989 21.8949 31.0851 -0.249237
990 26.9159 16.9694 0.755343
991 10.8673 24.3149 -0.120838
992 39.1164 13.7258 -2.48987
993 11.7895 20.4172 -2.84818
994 24.6635 21.9208 1.62173
995 10.6725 20.9787 3.19344
996 35.4953 19.7106 -1.70557
997 33.8052 14.876 1.20682
998 38.0559 0.13031 1.02777
999 34.3411 29.0404 1.02812
