1000
Particles
0 36.1895 4.3786 1.26547
1 34.8775 15.0256 -2.81928
2 20.4757 39.3375 2.82809
3 8.81439 35.9745 -3.25687
4 12.3499 17.3366 2.03121
5 25.9727 0.926985 -0.468103
6 33.5114 3.30656 -1.39939
7 34.4904 14.0842 2.57322
8 5.12236 33.042 -2.49952
9 33.3046 24.7032 -0.645435
10 30.0114 30.7648 1.76325
11 38.4804 35.2371 1.22302
12 0.515912 26.7012 3.55568
13 0.834003 6.08839 3.69911
14 29.6179 19.6979 -0.568273
15 26.4875 30.8403 -0.152678
16 27.2024 0.868525 -0.767354
17 33.9903 10.9667 1.98779
18 38.9159 15.001 -3.63719
19 16.3821 19.1972 -0.705833
20 11.487 14.7134 4.54545
21 38.5199 39.4173 -1.16757
22 37.7975 26.8504 -4.17453
23 38.2727 15.3851 4.20768
24 27.7109 11.7248 4.32317
25 38.3338 31.5432 -0.594015
26 22.6589 28.5031 -0.400222
27 14.5732 17.0321 1.98706
28 4.12976 39.9504 2.40658
29 31.9277 4.74512 -1.05414
30 6.53322 25.0501 -1.84791
31 10.0232 18.3882 0.689718
32 15.3835 14.9726 1.15215
33 3.55792 34.7622 3.02074
34 20.7865 14.3803 -0.350783
35 20.8737 2.56624 1.8667
36 13.3788 5.27596 -2.62973
37 0.661381 24.5897 1.17327
38 18.0831 38.8471 0.266357
39 34.5335 15.1626 -1.47793
40 35.6363 35.2663 -3.00567
41 19.0722 10.9816 -2.90282
42 30.0878 22.2247 0.65558
43 24.2956 31.4427 1.48771
44 19.4652 18.5675 -2.8895
45 5.11203 25.5979 0.330222
46 39.6977 6.31148 3.35725
47 37.8607 8.86562 1.25183
48 39.3476 30.436 2.1905
49 11.5611 32.3547 -3.51856
50 36.3966 36.2052 -2.85648
51 13.9078 7.68362 1.17042
52 33.5429 39.1787 1.0617
53 15.5032 10.4323 -3.39841
54 32.8358 26.7006 -0.309241
55 37.2734 16.8351 0.474947
56 30.3463 8.14206 -0.994306
57 36.9204 35.8656 -4.01835
58 39.9973 7.36402 -1.27059
59 5.12671 33.5722 -3.37123
60 5.42007 24.7426 2.13487
61 18.6027 25.9785 1.53657
62 35.5348 2.18556 -1.47434
63 7.87416 21.5264 3.01337
64 1.4394 21.6227 1.49277
65 16.4244 1.03763 2.14941
66 7.70818 19.746 -1.13726
67 27.4831 17.7222 -2.98403
68 8.89248 2.19746 3.25995
69 18.7012 5.73036 -1.59587
70 4.41592 34.4787 3.78641
71 6.02954 10.7058 -1.93314
72 7.87807 17.1817 -0.948395
73 20.009 19.57 -1.11053
74 11.962 37.3142 -1.89375
75 2.00549 38.5979 -2.20952
76 18.5022 7.33173 -2.34541
77 21.2239 19.5306 -0.0231131
78 34.1331 23.5497 -0.873851
79 26.3483 37.1838 -1.67438
80 32.4121 4.61299 1.58222
81 9.68889 21.7633 -0.814455
82 11.8464 7.6486 -0.39965
83 16.5787 19.5169 -1.30579
84 26.0333 13.6009 -2.20432
85 38.9125 8.83823 0.985384
86 20.1906 4.89429 -1.158
87 23.1059 2.32565 -0.0843887
88 3.9901 1.55399 -2.79412
89 7.79817 30.8079 1.39201
90 37.024 33.6308 -2.12353
91 20.3658 13.1824 2.21125
92 20.4939 13.4044 -0.603592
93 15.4931 11.1152 -2.89145
94 7.53524 12.087 1.05216
95 16.3299 2.29902 1.33123
96 15.3536 30.0178 -4.2248
97 25.7287 33.6961 -0.525783
98 38.8221 29.9264 -0.11093
99 9.52709 29.03 -2.28245
100 25.7946 1.89917 2.13245
101 16.9457 20.7545 -0.820479
102 26.0081 34.8195 2.37978
103 14.0488 4.80178 -0.349569
104 30.8752 7.4534 -1.25434
105 20.7664 29.7573 0.783403
106 39.8771 9.61754 -3.30668
107 17.2854 23.5633 -0.270165
108 21.9178 12.1905 0.392786
109 32.4678 31.0137 1.8667
110 6.49797 34.5348 0.721776
111 11.6558 30.1328 -1.69184
112 32.7034 37.2628 0.727127
113 35.5398 15.6405 3.61106
114 8.1743 27.1001 1.87326
115 34.941 20.8992 2.6787
116 25.6993 27.2125 2.73019
117 23.6189 31.1193 1.33423
118 16.2997 36.8082 3.08039
119 37.0744 20.9627 2.5758
120 39.2658 33.0545 3.64916
121 20.8219 17.2901 -3.68154
122 29.9907 9.21806 -2.28923
123 3.9823 18.5557 4.27367
124 14.2063 4.59845 -1.7011
125 21.2304 38.1054 3.12659
126 20.4431 21.7447 2.94962
127 39.3545 39.3175 -0.845862
128 31.126 11.2756 0.582226
129 4.83988 9.5613 -4.16017
130 30.4846 8.05033 0.701475
131 33.0972 26.1357 -1.61995
132 13.5803 36.0584 4.34701
133 26.9127 33.5274 3.38106
134 12.5704 34.7798 0.909645
135 22.808 3.02927 0.323113
136 29.4021 5.53678 -4.77534
137 37.5174 35.8212 -0.696403
138 7.33832 16.214 0.76315
139 10.3137 4.4559 0.701393
140 16.9778 33.6765 4.43706
141 37.0938 36.3463 -3.89465
142 25.1655 1.91701 0.122808
143 18.6786 26.8342 3.85031
144 1.08244 25.5486 0.764948
145 25.3535 25.8618 -1.70004
146 38.0238 3.78562 -2.82407
147 36.4006 36.2201 -0.786156
148 37.8209 5.89568 1.30449
149 18.17 25.9952 4.09716
150 8.72004 16.8385 0.410624
151 39.0238 0.673667 -2.74039
152 16.9334 16.1797 -0.896002
153 24.1556 6.7124 -0.203772
154 28.822 29.7438 -2.27059
155 28.8572 35.6606 1.96212
156 37.6914 26.8749 -0.431205
157 26.5148 16.8224 -0.753407
158 22.203 33.5814 -2.86259
159 17.6142 28.0775 2.9264
160 6.71005 20.1026 1.94623
161 6.04571 17.8218 4.01545
162 25.5806 37.1561 1.43048
163 10.154 5.48675 2.83453
164 11.0621 0.0745342 1.95624
165 21.7524 4.07399 -2.09261
166 37.1952 2.41705 1.67298
167 11.656 3.56759 0.906923
168 36.6885 22.3816 -1.24961
169 1.27492 27.6608 0.97628
170 39.6241 33.6939 2.24217
171 12.4166 35.9757 0.145794
172 38.4458 20.3254 -3.72622
173 14.0729 22.5479 -1.76026
174 8.80216 35.9788 3.77413
175 3.12419 15.3364 -2.33705
176 24.9787 27.8797 3.14482
177 14.5019 7.79122 1.44092
178 20.3454 16.0092 0.835945
179 25.4831 2.76637 2.44634
180 13.505 14.4209 0.150022
181 36.6774 27.1648 0.923714
182 17.9249 9.92182 0.939816
183 1.73885 19.4573 0.313108
184 23.1102 34.9433 0.304605
185 10.0594 9.19288 -0.816671
186 34.6965 9.57281 -1.97723
187 4.51395 38.2794 -3.5726
188 22.1928 16.0428 1.03883
189 6.66778 22.9522 1.07983
190 26.5954 22.073 2.49053
191 12.605 32.5497 -2.38452
192 30.4163 8.98537 -1.81641
193 30.1176 22.9141 1.24318
194 8.66321 32.5383 -0.713829
195 23.6254 18.8886 1.93035
196 26.7101 36.6555 -0.906208
197 13.9789 4.93956 -2.549
198 33.1748 12.1892 3.03182
199 16.8384 6.10484 -4.38916
200 39.3283 1.21765 -1.04582
201 33.3485 14.9564 1.78142
202 19.7062 17.8074 0.000961569
203 23.0136 11.3602 -0.731428
204 34.9731 35.0087 -2.12399
205 6.18722 31.9463 2.29731
206 5.47308 3.10612 0.0368154
207 0.912478 28.0102 2.52699
208 30.673 28.7517 3.59676
209 17.4669 28.0158 3.91764
210 6.4317 22.2775 -1.53496
211 33.7618 25.1343 -1.36529
212 1.80133 29.2446 -2.78277
213 2.69433 6.5158 1.28036
214 38.4597 14.7996 -2.4861
215 38.6542 15.9769 3.23327
216 31.7181 28.0727 1.73915
217 10.6614 3.20787 -1.42982
218 23.4 20.2149 -1.84286
219 19.1401 9.99433 2.97977
220 15.9674 5.94866 4.38483
221 26.6244 11.2919 -1.09657
222 34.4627 22.3634 -0.694516
223 17.3222 39.8836 -3.9668
224 15.9738 33.8191 -3.82471
225 30.1419 8.49869 -1.1937
226 6.66863 22.2781 1.3987
227 7.18206 37.4713 2.73497
228 23.8241 8.27183 -3.72
229 36.2425 15.7466 2.40257
230 29.4811 7.7871 -1.13919
231 17.1267 19.1159 -2.86405
232 26.5287 13.6995 -3.62696
233 0.116265 7.6353 -0.384042
234 6.45306 36.3257 -2.25965
235 2.27173 7.40326 1.84154
236 7.8588 37.7831 -0.112709
237 9.99426 25.3585 -2.64745
238 19.4109 18.4632 -2.8089
239 36.8734 14.3166 2.8142
240 22.0667 26.5298 -1.2427
241 15.231 27.6947 0.346845
242 2.21086 6.349 3.08814
243 24.6572 2.27824 -0.885478
244 38.3791 13.3017 0.496287
245 20.3081 4.87816 0.197793
246 25.9529 12.0055 -0.272744
247 37.314 7.59965 -2.70898
248 5.16398 24.6372 3.96663
249 20.1818 31.929 0.466859
250 6.05502 2.36689 1.3493
251 32.7838 3.37649 1.34013
252 27.5189 10.8907 -2.61401
253 20.5038 12.5999 -0.84138
254 39.418 24.9105 1.82653
255 33.4107 23.3038 -1.21737
256 39.2767 6.32688 0.969473
257 28.5297 13.0589 -0.690202
258 30.182 34.247 -1.94992
259 31.8276 13.3716 -1.45377
260 3.45807 5.65002 -3.20311
261 38.2133 18.2911 2.87287
262 31.0036 26.6239 2.24303
263 8.57977 6.48646 0.682006
264 4.56945 35.2093 3.23728
265 2.66882 9.69323 0.924441
266 0.785711 6.38107 2.35846
267 9.9189 24.6908 -1.58769
268 3.04677 26.6963 0.0357049
269 18.6606 38.0037 -0.100132
270 2.86329 9.15312 -0.632016
271 25.3564 10.0843 -0.0839205
272 18.9293 9.64554 1.20763
273 38.2705 35.3704 1.74689
274 10.528 6.69479 -0.198956
275 2.09658 17.2378 -1.54059
276 33.1905 27.7185 3.20961
277 9.19241 26.5194 1.43342
278 8.27656 1.03669 0.0868506
279 2.32573 17.3851 -2.06552
280 37.4466 27.2311 -1.35667
281 31.0709 17.2445 2.53106
282 16.7337 16.8418 0.0345003
283 25.9206 37.6178 1.78648
284 32.4317 27.706 4.3054
285 39.392 33.6479 3.56826
286 31.7717 5.20333 1.57245
287 9.26173 14.0529 -1.82811
288 6.76929 34.1764 2.21125
289 14.227 34.6452 -2.03884
290 33.1179 24.3167 1.33172
291 16.5794 21.8331 0.7735
292 38.3076 27.9453 2.73883
293 8.72089 2.64667 2.84204
294 22.5198 29.7083 0.976983
295 14.9268 16.1488 -1.91693
296 37.5031 26.6494 -3.54654
297 4.23214 25.8485 2.03426
298 26.5661 22.2399 1.03773
299 16.8296 34.7092 1.27417
300 29.7499 6.50257 -1.72788
301 34.0035 22.5365 -3.32393
302 12.4532 35.0402 3.48895
303 6.60755 35.3682 1.90178
304 18.322 26.2863 1.61356
305 3.85091 19.5132 4.28093
306 25.1085 9.56048 -1.08728
307 10.0524 19.501 1.00774
308 4.78691 15.8226 1.47678
309 8.97616 1.5855 1.44717
310 17.9255 19.0384 0.419479
311 25.5249 3.85357 0.240691
312 37.0481 2.55011 4.35082
313 35.5736 37.5008 -3.93218
314 22.2743 39.0277 -1.25862
315 1.98496 28.0273 1.77144
316 29.6656 37.0363 -1.26972
317 34.865 34.3663 -1.97696
318 25.4293 25.7338 -3.48255
319 6.96096 36.6028 0.245887
320 2.99221 19.9363 -3.16741
321 31.2463 6.46273 2.64684
322 7.21548 34.8736 1.18758
323 17.1068 35.5244 -0.0434874
324 31.8594 19.318 1.21431
325 6.68861 23.549 -0.817188
326 32.1742 34.031 0.593063
327 10.9719 0.764307 2.4507
328 13.2086 29.8239 -1.65401
329 38.5089 12.8844 0.396514
330 1.66783 4.55234 -0.428046
331 19.5996 30.6273 -0.689497
332 29.8892 10.569 1.43847
333 27.9699 14.4379 -4.28381
334 11.1183 18.6571 3.64231
335 7.28632 37.9854 2.26888
336 23.7718 2.75538 -2.36052
337 5.18248 13.4033 0.83154
338 8.32075 28.3184 1.39896
339 36.3948 35.6712 -3.30251
340 10.8911 19.7949 3.87872
341 35.1088 33.3211 -3.05715
342 12.5076 13.839 -0.534548
343 11.3193 19.6715 0.249687
344 9.81186 34.9177 0.201715
345 33.3037 25.8801 -1.4102
346 12.3163 9.25725 1.91289
347 5.29213 33.0635 -2.37468
348 14.2972 17.4017 -1.98946
349 19.8533 18.523 -0.0314125
350 11.5855 11.4227 0.476317
351 10.2779 22.0836 -2.71345
352 27.6372 22.8253 2.18738
353 23.9573 1.50569 0.871145
354 37.0113 1.97336 3.18508
355 22.7061 27.5422 -1.61878
356 34.4662 32.9365 1.64835
357 14.1784 32.6739 -2.22125
358 17.0117 19.4069 0.0325157
359 37.3171 33.6495 -3.8166
360 29.9727 28.2161 2.29969
361 32.3686 31.5348 3.44425
362 36.7696 29.4556 0.143407
363 31.1878 6.65759 1.47093
364 4.5629 39.9822 1.51817
365 1.58611 5.70487 0.402524
366 11.717 1.46401 2.22377
367 21.2716 30.348 -3.69599
368 23.6562 4.13825 0.517079
369 19.035 28.6877 1.14565
370 25.5362 27.1615 1.81568
371 27.1326 22.8545 0.237294
372 28.0069 30.978 -3.02118
373 10.4487 13.8502 -0.85116
374 15.8248 20.9534 1.18756
375 16.4014 5.92977 -4.27821
376 2.55296 32.284 -1.99147
377 3.52592 14.2829 -0.806901
378 16.8868 4.85391 4.17843
379 27.3402 2.76518 1.15174
380 4.46509 25.9482 -0.723207
381 8.72684 32.1029 -2.88247
382 33.2903 23.3577 1.31463
383 15.7443 36.4783 4.17521
384 16.4332 0.873391 3.93906
385 25.8552 16.5353 0.0914187
386 19.5756 10.8811 -1.69285
387 12.1125 5.64236 3.64488
388 27.2127 23.7572 0.455138
389 11.03 35.8421 0.867789
390 26.2876 26.9878 1.85598
391 16.7993 16.8111 0.702845
392 20.2404 23.9022 -3.08104
393 27.63 17.8041 -2.29646
394 37.6468 1.57104 2.01932
395 33.8073 13.8177 -0.431985
396 4.72346 5.37114 -0.31822
397 7.45785 37.5016 -0.52812
398 1.97264 25.5871 0.635865
399 37.6267 14.0785 -2.63329
400 0.665257 0.758572 0.16015
401 24.2931 39.6612 3.1628
402 35.6295 9.06236 0.65823
403 3.1442 20.8733 -3.07875
404 39.4878 26.834 -2.63314
405 2.4968 24.076 -1.58361
406 29.0195 1.783 -1.28221
407 32.2117 0.470807 -1.1639
408 8.40764 13.0369 -2.52344
409 12.1171 8.18914 2.15831
410 31.8471 19.2197 -0.37586
411 19.2112 28.9297 -1.93832
412 39.9386 7.44995 -0.52535
413 17.2044 12.8775 2.57679
414 6.23075 17.5917 2.72915
415 17.6886 30.8485 1.77001
416 25.4714 1.65969 2.49541
417 6.76752 38.9676 1.71658
418 29.7555 24.7299 1.08873
419 24.1111 15.225 0.375742
420 19.6088 31.6545 2.05559
421 37.992 16.5196 0.235222
422 16.2248 8.81132 -1.0064
423 22.6203 11.4237 -0.909229
424 21.8719 26.6809 -0.0224742
425 20.694 1.6883 2.12282
426 5.42074 22.2195 -0.247497
427 17.3211 19.7541 -0.0359404
428 36.8572 7.59867 1.40774
429 1.31892 8.24689 0.901707
430 22.9813 15.6185 2.6638
431 3.76786 9.20872 2.04808
432 15.1049 36.7624 2.64734
433 30.8494 22.1902 2.72283
434 3.4249 26.4537 0.0609177
435 22.0788 0.600889 -0.843289
436 6.47703 23.0391 0.694245
437 12.7751 30.5016 -1.73548
438 12.674 21.637 -2.30091
439 34.1903 24.3484 -2.14458
440 24.0947 3.5626 0.473631
441 0.0106917 39.8173 -1.0597
442 12.1701 29.828 -1.50002
443 17.3207 14.428 -3.16171
444 11.2363 7.73001 -1.05484
445 4.17944 24.804 -0.802362
446 19.044 11.7429 -1.7851
447 0.968435 7.60951 2.07694
448 35.7304 32.737 -2.6123
449 10.1293 21.7817 -1.35489
450 12.6386 13.7189 -2.01882
451 0.646397 7.26336 -0.555365
452 22.2423 18.5501 -1.54107
453 7.10174 37.8484 2.48283
454 1.34231 6.88587 0.310259
455 33.0823 4.01651 1.77428
456 19.1161 9.41157 3.5985
457 24.3938 19.5796 2.29387
458 32.2535 16.7307 1.97576
459 6.83134 11.3327 0.589523
460 13.5516 39.9786 3.46071
461 6.05645 31.9402 0.726005
462 24.5776 10.3 1.74837
463 3.45619 32.9325 2.36456
464 29.3701 18.4342 1.93527
465 31.8604 16.4183 0.618382
466 38.8368 24.7235 0.00838768
467 37.1602 34.943 -2.40642
468 27.328 33.7238 -0.280826
469 14.4975 24.8945 -0.637334
470 15.5677 18.8654 -2.21806
471 1.6062 13.1418 1.03493
472 8.08695 14.7646 -3.84751
473 15.7695 9.36315 0.814167
474 7.12943 30.8013 1.34632
475 31.0261 7.73592 -2.07169
476 22.1109 32.37 -2.77282
477 8.50432 32.2829 -2.95419
478 30.8224 14.8281 -4.08896
479 2.51846 30.025 -3.72044
480 30.5837 15.7851 2.04562
481 17.3353 34.8429 0.841295
482 4.33091 33.6068 4.40096
483 5.64765 31.1581 2.82202
484 12.9899 28.7413 -1.06546
485 6.55655 38.024 2.34231
486 18.7093 26.7653 0.991228
487 33.5939 26.1386 0.0192219
488 37.5862 5.6776 2.64454
489 21.3518 4.56884 -0.528804
490 10.3177 13.7175 -2.21137
491 16.4448 11.2667 -4.64442
492 24.0403 3.73811 -0.102946
493 2.51391 24.6994 -1.78101
494 6.15333 15.8756 1.19779
495 29.4793 9.63779 0.375279
496 34.8893 19.6274 -1.17911
497 5.16163 31.9294 -1.53235
498 26.4584 11.4 -0.724125
499 7.59845 13.0572 -3.84997
500 7.21801 13.6098 -0.734176
501 31.677 18.7503 0.788612
502 5.29905 2.01131 1.92491
503 11.0917 15.9315 3.18398
504 36.7469 27.1444 -2.39974
505 2.44539 8.54902 -1.91592
506 29.453 25.5023 1.98328
507 24.4057 7.62382 -2.44827
508 37.2464 35.5477 -1.82335
509 34.825 36.8772 -0.398615
510 35.9188 36.4936 -2.18504
511 26.813 1.93141 2.42828
512 38.1557 31.9301 0.176524
513 21.1273 30.4807 -1.44159
514 15.2703 27.414 -1.54781
515 22.2158 12.3005 1.16612
516 30.8644 36.7113 -3.49872
517 12.0613 3.44282 -2.33441
518 26.2462 17.6612 -3.32363
519 19.3354 13.0564 1.19132
520 34.8265 0.485926 -2.96479
521 31.3265 34.2429 4.17597
522 16.1901 21.8094 -1.98274
523 9.20003 17.3076 2.82205
524 37.4286 25.9874 -1.21817
525 9.60976 16.7878 0.593998
526 4.81823 17.1863 0.698546
527 19.1948 11.6787 0.67087
528 18.3492 7.37382 -2.32628
529 32.3811 37.7821 0.128573
530 4.14268 7.43994 1.26836
531 30.5575 11.6409 3.03658
532 13.0152 35.8997 3.19989
533 19.9775 22.8719 3.7547
534 20.3568 19.8662 -1.68064
535 8.38019 7.32803 -1.64968
536 33.3548 12.0616 -0.208664
537 36.5556 15.7685 1.18852
538 37.2858 35.5683 -3.31586
539 39.9634 0.841108 0.631015
540 34.7508 18.8897 1.5388
541 27.2799 18.9821 -2.17844
542 37.5434 28.8509 3.19682
543 8.04183 15.4036 -4.13016
544 4.54315 35.0633 2.55454
545 15.0679 27.1324 -1.8534
546 38.4836 33.2896 -1.55025
547 3.89719 15.2708 1.70205
548 35.1983 5.01812 1.76594
549 6.46646 26.2661 -0.966852
550 6.50831 30.4679 1.55165
551 19.1489 22.5502 2.92573
552 33.7086 12.5752 1.42065
553 18.3462 28.3289 -3.67346
554 16.4396 14.3421 -3.49352
555 26.6938 11.1702 -3.72262
556 29.9987 21.7391 0.687876
557 3.53169 26.2143 1.53516
558 29.0593 5.14218 -2.22806
559 26.8389 33.6046 2.29385
560 30.7821 13.7892 -3.56952
561 12.3737 27.6317 -1.78198
562 5.44186 27.1066 -0.1915
563 39.9804 19.8082 -0.95318
564 17.3647 19.3255 0.0981882
565 38.6099 16.6537 2.81202
566 16.5128 37.7253 -0.389942
567 21.6901 12.1143 -1.7253
568 37.5106 8.30749 1.10517
569 5.80575 18.3184 2.11067
570 6.06955 22.2212 -0.494022
571 26.3665 12.0629 -3.9533
572 39.9648 36.4572 -1.54495
573 14.0255 0.345011 1.41919
574 7.41288 21.5966 -0.226915
575 26.7682 17.9488 -4.40428
576 4.51907 2.35168 0.0454907
577 24.4804 31.1411 -0.402072
578 39.2703 38.21 0.957154
579 9.70141 5.08426 0.728207
580 11.0577 1.77724 1.24085
581 5.00522 33.2986 4.3724
582 19.0302 27.6114 0.64341
583 22.4536 38.721 -3.40162
584 35.5591 13.7447 2.57185
585 5.0635 12.9852 0.715989
586 26.8413 19.1756 -4.42551
587 34.0284 33.5769 -0.736994
588 21.1604 36.3272 0.892361
589 19.147 28.2842 -0.458989
590 7.57818 7.4076 1.34801
591 6.26249 28.7895 0.741095
592 31.8119 32.5374 0.532902
593 20.0432 30.5906 0.998129
594 11.7488 2.87845 -2.17949
595 19.5445 26.0099 2.30312
596 37.0919 35.0582 -2.09104
597 24.2652 12.1502 2.03734
598 29.7207 8.94902 -2.25294
599 18.7956 0.926467 1.00295
600 2.01703 0.628588 -0.565045
601 22.1971 33.5881 -1.83471
602 0.569206 17.6947 2.16939
603 21.1795 16.1779 -0.122103
604 37.967 19.1088 2.62033
605 8.13788 36.84 2.87524
606 2.87377 28.5158 0.760834
607 6.6516 13.9535 -1.9479
608 3.85789 34.2137 3.31096
609 22.7488 35.4132 2.08728
610 35.8181 30.1177 2.91642
611 38.4252 19.1536 0.803912
612 21.72 7.4349 1.13245
613 26.9288 12.3313 1.49152
614 5.71859 13.1343 2.20546
615 28.2923 8.75469 2.99566
616 28.3723 20.2206 -1.66423
617 22.9974 28.6344 -2.83167
618 27.6212 1.45016 0.615634
619 22.47 38.1476 2.06067
620 35.5534 34.6147 -1.30719
621 36.1892 16.3734 3.8226
622 9.39689 31.8427 -3.55052
623 21.9314 6.74247 3.38788
624 36.5691 35.3689 -3.85162
625 20.6393 6.15566 -0.568175
626 6.49363 31.8911 4.50881
627 8.33779 31.4126 1.74536
628 22.9734 9.25001 -1.10011
629 27.9713 2.08986 1.0732
630 31.0126 28.3185 2.63643
631 32.0442 36.9374 -1.86576
632 31.6351 30.6493 2.80752
633 29.2533 24.5844 2.68697
634 0.630672 33.9431 -0.470237
635 23.5709 28.5878 -0.0402728
636 29.2443 7.15268 -0.0546331
637 39.5986 20.6425 -1.34589
638 37.8112 24.4514 0.177217
639 27.0721 12.0693 -3.73859
640 11.2143 11.1792 0.881801
641 20.9893 36.6692 0.738527
642 11.5016 37.9873 1.60152
643 22.819 31.9433 -1.37782
644 19.7129 0.777224 -0.040489
645 7.20248 7.89281 0.122617
646 11.3521 9.87326 1.98439
647 11.7127 16.0025 1.91156
648 26.4514 1.16399 3.0086
649 16.0797 34.4035 1.91401
650 30.7473 7.51404 -0.524902
651 33.3479 22.1566 -1.46666
652 37.8757 1.02829 4.0057
653 10.8333 0.627316 2.89149
654 21.6859 11.1232 -0.791445
655 33.9962 33.9491 -1.79476
656 16.5858 12.6474 0.036361
657 30.3731 6.60396 0.58481
658 2.05974 28.322 0.0992637
659 23.9291 1.71941 1.16352
660 27.2119 14.3088 -4.20037
661 36.0978 21.743 -2.0397
662 27.6348 34.1074 0.0779173
663 12.9308 7.56129 3.91938
664 30.7185 15.7463 3.96195
665 36.2339 37.7587 2.19312
666 37.8689 9.08324 3.05589
667 4.78899 33.9132 4.25656
668 39.2998 33.8491 -1.51177
669 11.2103 27.8729 -0.238112
670 37.9759 28.245 0.643225
671 14.6875 0.419981 3.30516
672 7.37122 22.4772 -1.03246
673 36.7703 6.05292 3.50092
674 15.6442 21.7209 -2.82028
675 29.7631 19.0935 -1.20284
676 31.2166 35.3404 3.01474
677 34.6169 8.52732 0.790649
678 25.647 1.14727 2.73382
679 22.6559 15.5277 0.697282
680 8.05407 20.4554 1.81507
681 13.3412 38.7182 -3.55186
682 27.9354 36.6232 0.495733
683 32.2006 16.3374 0.152986
684 2.77879 30.0802 -3.92074
685 18.7011 25.9003 3.95096
686 4.27308 38.4668 -2.77052
687 21.001 9.46461 -2.79061
688 37.6885 2.33508 1.31304
689 12.3004 36.2077 3.83244
690 12.7225 26.9315 -0.452157
691 12.2253 30.0608 -3.03802
692 27.0767 14.3758 -2.51949
693 37.9954 21.4629 0.0946788
694 30.411 32.006 2.91809
695 12.0229 35.3542 2.725
696 36.113 25.82 -0.0451914
697 20.1559 12.2338 1.34142
698 35.1475 11.2318 -0.165091
699 23.5702 21.8833 -3.14603
700 5.83637 37.7675 -0.12706
701 28.517 8.40212 -2.27658
702 7.50167 1.31427 -0.0913447
703 25.7344 17.2199 -1.65322
704 30.8584 25.5755 2.65202
705 1.32724 39.7542 1.17039
706 38.7476 37.872 3.20067
707 16.332 9.03623 0.12932
708 21.2559 18.5872 -0.322048
709 20.3455 0.778529 2.63322
710 18.1767 29.7939 0.359233
711 34.6967 34.9848 -2.08587
712 28.6641 8.57844 4.29255
713 0.759647 7.56207 0.0620875
714 19.1487 24.2197 1.46274
715 36.6396 2.86215 -0.940581
716 25.6297 0.240074 3.5601
717 14.9187 21.7273 -2.19591
718 11.6334 29.3414 0.760073
719 12.9037 32.1667 2.62907
720 22.5117 33.3441 -2.79245
721 30.085 37.4045 0.513585
722 2.18532 2.95115 -3.7286
723 13.6255 0.512251 -0.675447
724 7.39972 7.59813 1.06984
725 25.8109 9.80723 -2.47354
726 8.3174 30.7016 1.14148
727 3.00121 28.8976 -4.41497
728 0.10648 7.13153 -0.701561
729 20.608 4.24312 -3.35605
730 26.8158 18.0003 -2.90865
731 26.6765 18.5189 1.41618
732 18.8517 31.2526 1.59419
733 38.5286 30.4645 0.904186
734 27.7877 11.9396 4.28537
735 14.188 18.4772 -2.28753
736 22.9362 24.0819 -4.13801
737 38.7285 30.9025 0.0980289
738 13.7873 5.43759 -2.05469
739 14.8023 30.603 1.84103
740 30.7039 22.819 -0.0650823
741 4.4674 33.3107 -1.63499
742 20.0089 15.7961 1.00291
743 15.441 22.5125 -2.13855
744 31.5732 30.9218 1.49087
745 13.1396 25.37 -2.63073
746 17.284 20.4584 -0.450139
747 13.5543 24.4016 0.00334298
748 19.7363 30.7512 2.99462
749 4.63002 4.56208 -2.7557
750 8.83109 36.1817 3.44026
751 12.059 33.512 2.71334
752 37.8343 13.0832 1.00745
753 5.85907 27.1622 1.78889
754 34.107 13.2645 0.879815
755 24.4447 8.26218 -1.09261
756 29.6854 7.6732 -1.15338
757 20.2504 18.9169 -0.684322
758 37.4204 32.6821 1.47462
759 9.37149 28.8885 4.00084
760 32.2502 32.0518 0.462389
761 18.4657 9.70015 -2.46922
762 21.1591 30.1119 -2.73558
763 20.3283 9.0504 2.31869
764 23.9567 7.7107 -2.38462
765 26.0274 18.5232 -0.463396
766 12.0259 16.3528 4.05546
767 39.0187 15.4015 -1.38024
768 7.14934 9.68543 0.0728251
769 27.0914 33.2703 2.51917
770 10.8444 23.1756 -0.993228
771 1.73922 20.2647 0.749289
772 15.5653 30.6511 1.45644
773 31.2483 32.9399 2.14061
774 1.69994 0.277918 -1.6944
775 19.4873 17.8957 0.737073
776 7.03259 22.2737 -0.705355
777 37.3323 16.3643 2.77814
778 25.9304 25.9106 2.91475
779 27.2306 36.6885 -0.396854
780 39.0877 5.76628 -0.589703
781 32.2588 33.2695 0.226672
782 12.8132 0.358205 0.832851
783 19.8578 12.9798 0.941075
784 28.823 35.9429 -0.17691
785 26.2802 23.3722 -0.739696
786 6.17766 27.0267 1.06982
787 29.9319 5.206 4.191
788 39.0586 29.4855 0.516935
789 38.7925 14.8784 -3.32406
790 6.66762 33.0361 -2.75283
791 22.7833 16.9787 0.591671
792 5.70361 31.0558 2.1173
793 16.4876 0.948184 4.27031
794 17.25 19.4661 -2.56803
795 9.84063 14.6378 -1.39659
796 15.2647 22.1596 -0.752916
797 4.80751 34.3109 1.46383
798 28.2384 8.06708 4.29433
799 19.713 34.7147 -4.55997
800 29.4503 10.0473 -1.40475
801 24.7422 11.3576 4.83182
802 36.4873 14.2439 -2.78819
803 10.4393 32.4619 1.74524
804 2.09419 12.4582 0.816657
805 33.5399 24.9735 -1.138
806 11.3801 19.5549 3.19389
807 35.1304 2.82619 -1.08379
808 26.4152 27.7502 0.510221
809 14.8395 15.2333 3.27092
810 14.9546 36.9451 2.56765
811 8.49041 25.2741 -0.392572
812 10.3018 34.7073 4.05826
813 36.7394 4.51403 2.99109
814 30.1521 31.5515 1.72528
815 28.3981 19.9654 -1.59146
816 6.49552 30.6893 1.55262
817 13.402 30.8906 -1.61133
818 11.56 10.0408 1.66466
819 26.4275 39.8975 2.13255
820 38.0195 38.4539 1.965
821 14.2025 9.6076 -3.85843
822 6.99051 9.66102 0.778629
823 37.8191 3.91103 -2.45695
824 33.4557 12.7841 -0.0875882
825 33.0298 25.3634 1.12067
826 10.3129 14.0081 -0.770592
827 33.2838 13.7538 2.39333
828 22.7076 8.9326 -0.805233
829 11.7474 37.7474 1.58433
830 14.9243 27.4307 -0.98536
831 11.1871 37.7132 -0.564332
832 37.0903 26.1033 -2.54996
833 12.4667 29.2998 -3.70635
834 22.8525 1.5521 1.31139
835 2.56559 35.5854 0.326726
836 13.2122 38.5548 -1.24517
837 37.7168 30.7116 1.81052
838 30.7722 5.50217 1.90122
839 34.3071 25.3819 -0.162033
840 23.3989 20.4277 -2.19876
841 29.0087 36.8203 -1.33615
842 22.3939 34.6524 2.0855
843 17.9769 5.55509 -3.01731
844 9.6783 10.5454 -4.16602
845 4.20071 31.3391 2.53453
846 12.207 35.6108 2.73767
847 4.32904 25.6006 0.168975
848 24.7634 8.02629 -2.14086
849 7.89969 22.2596 3.07303
850 38.8687 0.068473 -0.583702
851 37.7691 37.5911 2.92488
852 27.0689 28.5405 3.1203
853 31.1732 29.1616 -3.60854
854 0.861661 34.602 2.05911
855 13.9807 39.4853 0.889548
856 21.4088 32.0473 -1.89938
857 8.94493 19.3395 1.25317
858 0.79808 24.7491 0.720254
859 17.8184 38.8094 3.24279
860 25.3829 22.8286 -4.11409
861 39.2047 19.2011 0.740845
862 39.1941 34.4359 -2.40256
863 13.6251 21.0658 -0.849631
864 26.191 14.2611 4.40558
865 26.0297 23.6548 2.41055
866 30.4478 35.7795 -3.25279
867 10.35 1.04651 1.37608
868 37.339 22.7321 -1.60777
869 33.3521 16.5469 0.969009
870 6.34031 2.35915 -0.868442
871 15.9774 22.1169 -0.454317
872 33.0171 24.5418 -0.496766
873 17.6277 18.1802 -0.903291
874 36.8964 5.0791 3.75165
875 7.93996 9.32248 1.45346
876 38.7502 6.08191 1.63816
877 38.091 33.8179 -3.18465
878 0.031639 0.0262491 -2.40521
879 4.48087 33.4795 4.96461
880 37.6739 23.4648 -1.27801
881 12.2602 16.8855 2.75098
882 21.6804 2.57621 1.22649
883 2.59882 23.4476 -1.52206
884 14.3286 16.5935 4.12448
885 9.18226 10.8283 -3.39852
886 16.1461 29.0665 -1.77699
887 37.1284 16.3604 1.86665
888 37.1674 37.1298 -0.81409
889 6.36603 14.5288 -0.778414
890 22.9121 15.5407 1.78912
891 25.4502 16.2693 2.78457
892 30.5253 7.11438 -1.37164
893 33.1228 25.202 -2.36609
894 35.4625 36.5819 -2.25964
895 38.292 16.2909 3.62222
896 14.2004 39.9929 2.21582
897 2.93333 7.42283 3.08925
898 19.8488 15.61 -2.22688
899 9.74285 29.8478 -2.51627
900 14.3032 9.49685 -1.33303
901 2.11967 37.0673 -0.788522
902 4.0523 33.0321 -1.58521
903 3.76962 33.8316 -1.90199
904 13.5003 2.59976 2.16075
905 20.8488 29.9044 -2.83211
906 22.6881 26.8144 -0.923748
907 26.6336 24.5681 1.90386
908 34.8187 35.3499 -0.754087
909 22.8489 8.57076 -3.40445
910 31.6047 13.9671 -1.27489
911 28.8547 24.6268 1.42934
912 23.3199 20.6937 -2.12591
913 4.6226 23.4907 -0.427447
914 7.86879 23.7722 2.34873
915 32.3979 33.2927 0.975255
916 25.413 19.8788 1.71709
917 4.81561 32.8549 -3.95412
918 39.7992 36.6118 -1.17598
919 28.7275 10.5135 0.782599
920 3.48347 23.8888 -0.0240557
921 37.0665 21.2575 2.80539
922 17.9659 14.8948 -0.772235
923 8.02895 25.2902 1.11566
924 26.1166 38.7704 -1.36664
925 18.8131 3.87848 -1.31717
926 23.5682 39.1104 0.879534
927 6.95093 32.1785 3.00256
928 33.0354 36.6496 -1.82183
929 39.7645 32.8267 1.59122
930 13.526 8.6999 0.85647
931 21.8937 16.1484 1.66149
932 12.1316 27.5705 -1.20692
933 12.2664 8.46027 3.65467
934 27.8626 30.7509 -1.41062
935 2.05305 1.18148 -0.497891
936 4.49585 24.2538 0.0765143
937 7.75841 2.26621 2.72174
938 21.2702 25.1089 0.810597
939 22.3215 8.66733 -0.335599
940 11.5319 23.053 -0.641116
941 25.9016 19.9423 1.32947
942 2.92553 14.0707 3.18887
943 8.25357 1.84647 0.813339
944 37.7873 24.6104 -1.73307
945 7.80536 0.8544 3.3045
946 18.1726 20.964 0.725333
947 23.8585 3.25285 -1.88024
948 8.76869 31.8494 -0.860993
949 7.5865 8.84798 1.04926
950 33.68 25.5605 -1.67887
951 20.4335 11.9589 -0.764589
952 18.8858 15.1347 -3.34685
953 37.9206 6.61179 3.45189
954 0.512948 36.5354 -1.11419
955 1.42338 9.04635 1.332
956 33.8753 5.05384 2.64325
957 30.8849 12.5296 1.96132
958 5.06008 32.7636 -2.45797
959 22.551 29.1304 -1.92107
960 13.2467 1.01653 1.43179
961 39.693 31.9346 3.02938
962 12.0221 37.2536 1.15101
963 14.6277 26.3499 -3.23986
964 8.81821 9.8414 -3.08838
965 37.5444 33.8949 -2.74477
966 16.7116 18.4838 2.11466
967 28.8845 35.3245 1.47337
968 32.0011 28.7656 0.950423
969 10.7031 0.162534 0.686419
970 27.6513 1.52318 -0.473451
971 1.25506 10.5928 2.07424
972 4.28267 24.376 -1.41871
973 10.8059 16.5214 3.3196
974 26.5221 16.9578 -3.08269
975 11.6835 28.531 -0.0168512
976 5.57475 2.34945 0.0729326
977 8.32401 1.43802 0.374043
978 17.4315 23.5023 -2.11371
979 4.97532 33.2376 4.17894
980 39.7445 13.323 -1.5816
981 39.7685 5.21447 1.35878
982 1.03957 39.4194 -0.703403
983 23.2293 15.6658 0.279722
984 9.76633 34.271 1.82984
985 3.9113 25.2571 0.99448
986 29.4547 20.9834 -0.755723
987 14.7834 5.89678 -4.41738
988 38.677 37.3707 2.59434
989 15.403 26.7436 -1.49513
990 28.6506 24.3921 4.2528
991 11.1999 22.5924 -0.355753
992 37.4436 13.2587 4.35007
993 7.72785 19.2533 1.03462
994 31.2117 25.626 3.08369
995 8.28827 19.6051 2.77091
996 35.5889 17.262 -1.01424
997 37.9129 7.30355 1.85095
998 36.5831 39.513 0.991918
999 30.3832 33.8796 0.494592
