1000
Particles
0 35.7073 4.8644 -1.14647
1 34.5229 16.6562 1.11679
2 20.4766 38.1033 0.389493
3 9.59919 35.3196 -0.792422
4 12.5545 16.6832 1.83396
5 26.4165 39.6988 1.30186
6 33.7081 2.7139 -3.985
7 34.0839 14.0954 -1.91152
8 6.19513 32.2679 -0.0251389
9 32.3297 23.5047 1.12155
10 29.7053 30.7101 1.79242
11 36.9152 34.8387 2.25301
12 0.864366 26.5327 0.613088
13 2.27818 5.69546 1.75532
14 30.9131 19.5208 2.38079
15 24.9344 30.6257 0.180042
16 27.1097 0.595458 2.31821
17 33.2679 11.1359 4.59914
18 0.149466 15.9329 3.6911
19 14.978 19.6114 1.93552
20 10.4861 15.3434 1.2437
21 38.6125 0.878814 -0.993738
22 39.3204 26.7912 -1.98143
23 38.6436 16.0475 1.03443
24 28.113 12.8336 -2.21419
25 38.0455 32.3167 0.456254
26 21.1861 28.8328 -1.40329
27 15.0041 15.5167 -0.310651
28 3.91487 0.269842 -2.77482
29 32.3593 4.13667 -3.55474
30 6.20174 25.4916 2.13755
31 9.90607 17.3574 2.60092
32 15.7959 14.8465 -2.39739
33 3.42965 35.6987 3.38733
34 20.0118 12.8293 -0.430853
35 19.1319 1.25965 -2.96365
36 13.344 5.39791 2.67412
37 0.288724 23.2963 1.39314
38 18.3568 37.5792 -3.55275
39 34.2414 16.22 -1.46309
40 35.2582 35.7529 -2.94854
41 18.2076 12.223 -0.172841
42 29.0203 22.5446 -1.2905
43 22.6452 31.44 -1.70873
44 18.6808 19.6571 -1.12053
45 4.58643 25.6251 -1.07076
46 1.21753 5.3317 2.18236
47 38.0976 7.66878 1.88396
48 39.9868 30.1069 1.78003
49 11.0683 33.1073 1.10771
50 37.3096 35.8338 0.14076
51 14.9738 8.06734 3.28032
52 32.5458 39.2298 0.369742
53 17.57 10.4587 -1.86051
54 31.3945 26.4944 2.39757
55 37.7524 17.1138 -2.89999
56 29.5194 9.69401 0.527187
57 37.4227 36.0331 -0.581772
58 39.0656 7.23818 1.19406
59 6.80531 33.0996 -0.553476
60 4.96464 24.5717 1.86796
61 18.6552 25.0903 -0.517937
62 35.1608 3.37508 1.90553
63 8.53579 20.4252 -1.73847
64 0.495085 21.374 -1.8182
65 16.1672 1.83795 -0.182937
66 6.01342 20.4317 -0.328655
67 28.5283 16.7804 -2.92452
68 9.63845 2.83334 0.611577
69 17.8685 5.80948 -1.22517
70 5.35937 34.2813 -1.67487
71 4.90831 11.3633 -1.08598
72 7.13619 18.342 2.9379
73 19.3366 20.4938 -1.73896
74 11.0409 38.7817 -1.06178
75 2.49021 39.8176 3.54373
76 19.2607 7.75525 0.742383
77 20.133 19.0004 -2.4605
78 32.1638 23.3795 -0.125213
79 26.2641 37.6041 -0.359712
80 32.337 3.85947 1.27277
81 9.43631 21.2479 -0.772829
82 11.1455 7.76801 0.932082
83 15.1147 20.2415 0.981895
84 26.9109 13.2674 -3.31599
85 39.0202 7.06886 2.37237
86 20.4624 6.37976 -1.9765
87 21.9416 1.59757 0.240967
88 3.8378 2.59465 1.05502
89 7.67151 29.1645 -3.58156
90 37.043 33.9706 1.16948
91 19.6163 12.0942 0.600105
92 20.2984 13.3934 -1.81152
93 17.1362 10.5813 1.37358
94 8.74273 11.1982 -0.133735
95 16.4174 2.03422 -3.37613
96 16.9763 30.7364 3.5012
97 24.477 32.638 1.5086
98 39.9157 29.2861 4.40071
99 8.98963 30.1932 0.150243
100 25.5499 0.0934146 0.701404
101 16.2877 21.8758 -0.997708
102 26.2382 34.1926 -0.743646
103 12.9614 4.76262 0.411712
104 31.338 7.54838 -4.06257
105 20.3549 28.9891 -2.00588
106 0.404425 8.9791 1.31561
107 17.1239 24.1786 1.53998
108 20.7028 12.1053 1.84659
109 33.2475 30.8971 -3.51442
110 8.01561 34.9825 -2.64405
111 10.8574 31.7323 -2.86833
112 31.3323 37.6979 0.472327
113 37.0233 16.131 3.13498
114 9.41611 26.1406 1.11526
115 36.1524 20.0458 -0.841397
116 27.2771 25.7951 0.430747
117 22.3174 31.2925 -0.663748
118 18.1796 36.5576 -2.98787
119 36.6012 20.9016 -1.64927
120 0.754028 31.7354 2.36711
121 19.3783 16.9901 -1.21378
122 29.8121 9.36749 -0.59484
123 5.82185 17.9026 0.943651
124 14.6092 5.19393 -1.38648
125 21.7892 37.4917 -2.17037
126 20.8033 21.361 3.23184
127 38.6377 0.624512 -2.92234
128 30.7141 11.1067 3.2703
129 4.7529 7.91847 3.88353
130 30.3496 8.80806 0.859976
131 33.1328 26.7081 -4.17988
132 14.3681 36.1212 -1.3466
133 26.7255 32.5986 0.967631
134 12.7359 32.7053 -3.41743
135 23.1314 2.61896 -0.608271
136 28.5326 5.0679 4.06293
137 38.0665 36.7865 -0.586525
138 8.01991 16.2205 2.63265
139 9.82694 5.21805 0.596032
140 17.6001 33.2622 0.889943
141 38.2483 35.2388 0.904907
142 25.2466 1.32589 2.52193
143 19.8599 27.3371 -3.66728
144 0.328591 25.8786 -2.1549
145 27.041 26.3924 3.27368
146 39.7516 3.62198 -4.46102
147 36.4665 37.7712 -4.53997
148 38.3539 4.39352 1.51388
149 19.3397 26.8159 -3.56544
150 7.25349 16.6115 -0.0173568
151 38.4621 2.25992 -1.40236
152 15.9421 17.3158 -1.63992
153 23.8765 6.35502 -0.0198444
154 27.985 29.8595 0.141428
155 29.5029 34.9125 4.91914
156 38.5121 27.5178 -0.558865
157 26.3778 17.0201 3.63319
158 22.0722 34.068 -1.31435
159 17.0167 29.107 3.36842
160 5.7705 20.8366 -1.06324
161 6.44973 17.5851 2.03009
162 25.4999 36.9061 -3.82316
163 10.2277 6.65172 1.85837
164 11.0561 39.2446 -2.19271
165 21.2153 4.77403 -1.92533
166 36.4435 2.31964 1.09817
167 10.8416 4.12463 4.08761
168 36.6135 24.1657 -4.26985
169 1.56565 28.49 1.98785
170 38.6763 34.0731 -4.28704
171 13.1121 34.7947 2.35598
172 39.0794 21.8806 3.6301
173 13.7003 23.3149 -0.770953
174 8.70272 35.0179 -2.41696
175 4.41517 16.4921 -3.74605
176 25.5699 28.2046 -0.564029
177 15.343 7.38349 3.20752
178 19.1912 16.5838 4.65729
179 24.8207 2.56726 1.51015
180 12.9302 15.3073 1.23626
181 36.7843 27.4886 -0.583581
182 18.3183 10.8025 -2.86668
183 2.80438 17.9792 0.602603
184 22.9917 34.6116 1.97219
185 10.6945 9.491 1.2644
186 36.0823 9.743 -3.83139
187 6.01883 38.6777 4.35609
188 21.3902 15.0855 2.38631
189 6.18907 21.8454 -3.86835
190 26.4516 21.8365 -1.06871
191 14.7316 32.4154 -3.63286
192 29.9059 10.1417 3.65748
193 28.9306 23.0523 -0.0301613
194 7.54724 32.93 0.834267
195 23.0937 17.4442 0.511808
196 26.3284 37.8539 -3.29412
197 15.9449 5.98378 -3.44612
198 33.5015 11.9019 1.5682
199 17.2877 7.17889 -2.13607
200 39.3692 2.78787 -1.82698
201 33.3347 15.7303 -3.72323
202 18.7207 18.0044 -0.0645282
203 22.5604 11.7276 2.32846
204 35.3088 35.8998 -0.0124452
205 7.35654 31.7823 0.971692
206 4.97695 2.76954 1.83852
207 0.796417 29.2706 -0.837792
208 31.557 28.2431 -1.46074
209 17.1295 27.9363 0.511378
210 7.08356 21.3185 0.277783
211 33.945 25.5032 -1.18951
212 2.29487 29.9772 -0.162968
213 2.36228 5.50183 0.794743
214 0.407898 15.2857 3.64056
215 39.5102 16.7114 2.1217
216 31.887 26.3054 1.77122
217 11.2977 4.22156 -2.09328
218 24.7273 21.1952 2.33578
219 19.5434 9.75572 -1.95528
220 16.1906 7.16798 4.29917
221 27.7614 12.449 -3.83844
222 34.8024 21.4957 -0.242058
223 17.0037 39.3374 1.66861
224 17.8001 34.3335 2.72787
225 29.6636 9.972 2.70099
226 6.89786 20.8123 1.74859
227 6.7083 35.6859 1.44625
228 25.2003 7.08655 -1.2547
229 35.4879 14.7735 0.0703594
230 29.0808 8.89304 0.568187
231 17.0949 19.764 -3.18297
232 27.0508 14.2118 -2.52699
233 39.0549 6.76075 0.155622
234 6.59176 35.888 2.72796
235 2.66466 7.69863 -2.48134
236 7.58628 36.4394 1.39897
237 10.4929 25.2773 2.06801
238 18.716 18.5444 -0.867592
239 37.3185 14.293 -0.952419
240 21.85 27.6245 -0.155466
241 14.7579 28.2168 2.04013
242 2.69466 5.22465 1.50447
243 24.7302 1.98101 -1.37724
244 39.2963 12.399 2.77051
245 19.9093 5.60828 -1.96742
246 26.562 12.0525 -1.10387
247 35.7785 7.50427 -0.106504
248 4.73871 24.7096 1.90145
249 18.1197 32.256 0.439342
250 5.25296 1.78768 -3.03555
251 33.2284 2.46711 -3.11197
252 27.6767 10.5734 -1.19319
253 20.0023 11.8772 -0.449288
254 39.4197 23.0074 4.03695
255 33.3341 24.0654 -3.64016
256 0.444965 5.64865 3.89628
257 28.1368 13.2522 -3.61989
258 30.81 36.1419 1.06008
259 31.8039 14.1382 -2.5936
260 4.63649 5.69791 2.0144
261 39.6877 17.3401 0.595969
262 31.1006 25.6762 0.00356323
263 8.98616 5.58546 -3.13433
264 5.28496 35.5282 -1.06394
265 2.57971 10.415 -2.53156
266 2.02377 5.39165 1.48857
267 9.68432 24.8566 2.39108
268 1.91612 26.7736 1.86564
269 18.4833 37.2015 -3.3355
270 2.16535 9.87979 -3.2767
271 24.4078 10.5813 2.51922
272 19.0155 10.2409 -2.41287
273 37.3881 34.2251 2.87564
274 10.8706 7.44325 1.71973
275 3.31819 17.3666 2.50516
276 34.1911 29.1354 -1.14426
277 9.38344 26.2532 1.78661
278 8.57371 0.249641 1.27112
279 3.49515 17.6733 0.19136
280 38.7323 27.3892 -1.48035
281 30.7725 16.5418 -2.77743
282 15.8898 17.0806 -2.16278
283 26.7143 37.5495 -3.59253
284 32.5543 27.2319 -2.68192
285 38.4469 34.7539 1.14475
286 31.21 3.90093 2.48771
287 8.82111 14.1613 3.14238
288 8.39468 34.3772 -2.4111
289 15.3641 35.3227 -3.12701
290 32.3085 22.7951 -0.544019
291 16.5176 21.9518 -1.87385
292 39.7306 27.6727 0.506409
293 9.70818 2.90646 -1.04827
294 22.0392 30.6043 -2.3739
295 14.8927 15.7804 0.0470657
296 38.3357 26.215 -1.20837
297 3.72397 25.2978 -2.21157
298 25.8664 21.5516 2.39193
299 18.2579 34.4255 4.40991
300 28.7985 6.63631 -1.00326
301 33.6981 21.4941 1.38933
302 13.078 34.1023 2.40404
303 7.42244 35.0282 -0.728271
304 17.7601 25.5978 -1.18729
305 3.75324 19.6181 -2.20475
306 23.8299 9.39365 3.16311
307 9.23511 18.544 0.753964
308 5.03554 15.6703 -2.71395
309 9.67842 1.75328 -2.55873
310 18.0858 20.4923 -1.55882
311 25.6181 3.21799 1.48871
312 36.051 2.7982 0.629321
313 36.2888 38.2858 -1.77207
314 22.0138 0.167093 -2.47155
315 2.43639 26.9706 -3.00239
316 29.5563 38.0574 1.83651
317 34.2243 35.9101 0.334977
318 27.3688 26.3099 3.42655
319 6.74959 36.3661 0.846077
320 2.62618 19.7397 -3.20364
321 31.6198 6.47344 -1.19138
322 8.61625 34.5405 -0.0488279
323 16.8283 34.9423 2.78355
324 31.7539 20.2296 1.32434
325 5.09085 23.5933 -1.46075
326 32.7884 34.1447 -0.581705
327 12.3384 1.04422 -2.36653
328 14.4239 30.7047 -0.703356
329 38.6473 11.9573 0.838375
330 1.77479 5.14028 2.65443
331 18.6974 30.6407 2.1997
332 30.0281 11.2389 -1.40243
333 27.6558 14.8975 -2.55825
334 10.8569 17.4501 0.242577
335 7.15269 36.7957 3.59715
336 23.8773 4.403 4.81644
337 5.4017 12.9647 -1.373
338 9.45302 26.8825 3.14052
339 37.0701 37.1412 -2.9
340 11.4965 19.4733 -0.300804
341 35.3114 33.6314 2.27584
342 11.635 14.2273 -3.66293
343 11.5946 18.3309 1.55928
344 8.93752 34.1888 -2.3012
345 33.9868 27.3357 -3.86712
346 12.7647 10.6853 -2.10264
347 6.16443 32.4568 1.54202
348 14.2914 17.0199 0.416548
349 18.1127 19.3959 -2.00229
350 10.5413 11.1804 -0.279112
351 9.40865 22.6656 -1.58249
352 27.0676 21.6931 0.312829
353 22.3831 0.747155 -0.212171
354 36.1737 1.96924 1.97388
355 21.3757 28.2467 -0.715326
356 34.277 33.0464 -2.00357
357 16.0815 32.7408 -2.89675
358 16.6202 18.1812 -1.55154
359 38.2156 33.0886 -3.61209
360 30.913 27.2077 1.82345
361 33.2483 32.6827 1.71804
362 37.456 28.6694 3.73486
363 30.7083 5.89649 0.683199
364 3.92234 0.278534 -1.45941
365 2.63982 4.93907 0.475527
366 13.715 1.57823 1.95879
367 21.203 31.3016 -2.16818
368 22.1761 4.36487 -0.281011
369 17.1312 28.5239 -0.615605
370 26.9361 26.2125 2.85084
371 25.9581 23.5592 3.56698
372 29.0076 31.4255 -0.0827424
373 10.093 15.2581 2.13511
374 14.8005 20.7286 0.936131
375 17.2988 6.44974 -0.775668
376 2.13225 32.5039 -1.93362
377 3.35316 14.2417 3.69197
378 16.9972 6.74729 -0.427144
379 27.1 3.16823 -2.66032
380 3.97009 26.6935 -0.584218
381 8.2244 33.1953 0.78591
382 32.8134 23.285 2.85261
383 17.3349 36.1038 1.26863
384 16.0949 0.0333051 1.35127
385 25.4277 15.4285 -0.0714058
386 18.1814 11.4362 0.140894
387 11.6018 5.35985 -0.877738
388 27.4837 23.6563 1.76732
389 12.4983 34.5921 -0.0257141
390 27.7716 26.0294 0.782327
391 15.3451 16.9952 0.721661
392 20.4015 23.3209 -4.70773
393 28.9188 17.1504 -4.53489
394 39.3063 2.22829 -1.38993
395 32.3375 14.4837 -0.634244
396 5.29887 5.29176 2.70081
397 6.96484 36.2729 2.78794
398 1.00768 26.0813 -1.23464
399 38.0417 14.8391 2.57476
400 0.369386 0.533631 -1.51889
401 24.5378 0.107932 -0.944334
402 34.7576 8.84115 1.99246
403 2.48956 22.0756 -0.916829
404 0.640799 28.6154 -2.52118
405 2.46478 25.4295 0.113508
406 27.8886 2.36508 0.0947784
407 31.3833 1.38335 3.60128
408 10.3446 13.5973 -0.57106
409 13.4667 7.5966 4.02186
410 31.6584 19.8852 2.21034
411 19.0686 29.4014 0.300708
412 39.3904 6.51348 3.99263
413 17.1367 11.822 -0.988625
414 5.92526 16.1272 2.46931
415 16.9959 29.4963 1.38902
416 25.63 0.626577 4.05582
417 6.32012 39.2308 -2.61619
418 30.0123 25.7398 -0.313538
419 25.0446 13.6672 -3.128
420 19.3592 32.1424 -1.48718
421 38.5113 16.4128 3.27601
422 15.4967 8.16443 1.94318
423 21.9017 11.1916 3.20823
424 21.6311 27.762 -1.22013
425 19.4014 1.57333 0.613807
426 5.2475 22.4929 -0.446675
427 18.4048 21.0568 -3.60813
428 35.9851 6.68209 -3.66624
429 0.308907 8.17672 0.267213
430 23.6198 14.1186 -1.50681
431 3.97683 8.06277 0.00432205
432 16.4618 36.2072 2.36876
433 31.9589 20.9276 -1.73187
434 2.78174 26.7639 -3.19633
435 20.2464 1.03052 0.795622
436 5.1785 23.4266 1.45541
437 14.1379 31.0834 -2.62285
438 13.4475 21.8627 -4.73545
439 35.0771 24.6411 3.47533
440 22.9166 3.77122 0.67582
441 39.1787 0.72596 -2.18369
442 12.3178 29.6047 -2.04929
443 18.5914 14.9171 -1.74783
444 10.3896 7.90984 1.124
445 4.13489 25.0855 -0.0161463
446 17.7356 12.6966 2.50191
447 2.44963 6.38305 2.19979
448 36.8322 33.9225 -0.139603
449 10.01 21.4995 -0.277927
450 12.3766 14.9065 3.36335
451 39.3724 6.31594 3.95156
452 21.522 19.0068 -1.87902
453 7.16614 36.1955 0.391429
454 2.13919 6.94693 -2.42947
455 33.546 2.9413 -3.47429
456 20.273 10.4781 4.98086
457 24.0306 18.0674 -0.712502
458 33.005 15.7298 -3.76443
459 7.0248 11.6469 3.4697
460 12.9642 38.598 0.264572
461 6.80453 31.249 -0.635337
462 23.6847 11.3453 1.83223
463 2.84907 33.0738 -2.57677
464 29.4913 17.1203 3.22999
465 32.2677 16.2951 -3.58141
466 39.0564 24.6147 -4.20322
467 35.8185 35.4112 -3.17297
468 26.3984 32.0833 1.46009
469 15.3733 25.8753 -2.01001
470 15.8834 19.3858 1.166
471 1.22679 13.1524 -0.999007
472 8.23718 14.8796 0.417869
473 15.5166 9.63728 -2.83115
474 5.63705 29.7627 0.446889
475 32.0341 7.6411 3.25519
476 23.6623 32.2314 0.691643
477 8.5364 34.0005 -2.49243
478 31.6213 15.4426 -3.36555
479 4.25485 30.6531 -2.11674
480 31.2848 16.8524 -1.7866
481 18.6234 34.4013 2.79338
482 5.32304 32.8629 0.524189
483 5.58746 31.2344 0.113108
484 14.638 28.9241 1.74906
485 6.03117 37.0597 -2.19388
486 17.8242 26.0259 1.11577
487 32.4566 26.0961 3.52416
488 38.6634 4.97796 1.09815
489 21.3761 5.99482 0.0725002
490 11.4573 14.1642 -0.318628
491 17.9438 11.4008 0.585667
492 22.4279 4.67117 0.440712
493 3.03178 26.2517 -3.35803
494 5.48803 14.8105 -2.77319
495 29.2603 10.5975 -0.770046
496 35.5302 19.1329 -0.963807
497 6.63969 31.8395 1.13844
498 26.449 12.6123 -0.745067
499 7.25381 13.334 -0.530001
500 7.89945 14.4998 1.8767
501 31.7958 19.4443 2.66329
502 5.59539 1.65819 -1.55992
503 11.8083 16.2091 -0.0880728
504 37.2589 27.3439 -3.50956
505 2.45505 8.61627 0.681307
506 30.8369 25.7882 -0.280966
507 25.2913 9.07765 -2.9556
508 37.4733 36.9778 0.259115
509 33.6851 38.2345 -3.92306
510 36.6 37.7563 -0.927643
511 25.9374 2.79796 -0.268326
512 37.5977 31.8266 1.20896
513 21.6251 31.5482 -0.492596
514 15.5841 27.6535 1.86792
515 20.9213 13.3104 -1.54438
516 31.0208 36.9685 0.407957
517 12.1869 4.11836 -1.50518
518 27.271 16.6543 1.30678
519 18.2793 12.9539 -0.567658
520 35.1624 39.7248 -2.27978
521 30.7149 33.4742 2.13424
522 15.5124 21.7228 -2.63586
523 8.45936 17.3322 1.89399
524 37.9406 26.7985 -2.16391
525 7.65379 17.0737 2.12979
526 4.82293 17.2779 -1.70504
527 18.6502 12.1429 0.184452
528 19.1687 8.00412 2.58965
529 31.6856 38.5295 1.00984
530 4.66987 7.12958 0.231864
531 29.7384 10.8842 -1.81597
532 14.4142 35.0894 -3.19832
533 19.7038 23.1286 -3.78376
534 19.4987 21.7238 -1.99972
535 8.08251 6.08661 0.353751
536 34.119 12.4953 -1.6412
537 36.3043 14.4912 -0.215094
538 38.2866 35.7359 -0.733505
539 39.1646 2.37977 -2.08424
540 34.5599 16.9813 1.36429
541 27.6645 19.1729 0.866628
542 39.2797 28.5604 -0.480937
543 8.62771 15.7174 2.12163
544 6.04825 34.8415 -1.14352
545 15.6278 28.1602 1.71633
546 38.4487 33.6769 -3.27776
547 3.24993 15.1737 0.235354
548 35.2826 4.52481 -2.33187
549 5.07214 25.9397 1.45143
550 5.69647 29.5656 -0.692494
551 17.6384 22.8427 -0.41434
552 34.7623 12.3077 -2.75491
553 19.118 29.0757 0.361309
554 17.4831 14.3343 -1.8292
555 27.3734 12.2035 -2.94084
556 28.5438 21.2524 0.395683
557 4.23146 26.3076 -1.95639
558 29.62 5.11423 2.76579
559 25.9141 32.4558 1.2993
560 31.5849 13.4702 -1.3832
561 12.6743 27.897 -2.06391
562 4.19779 28.0802 -0.368337
563 0.242718 20.8569 -2.19199
564 17.5143 19.1617 -2.38432
565 39.6863 15.9685 0.0975407
566 15.5246 37.2272 -1.97117
567 21.9947 12.2151 2.24121
568 38.3516 7.45396 0.557254
569 6.90559 17.453 0.548436
570 5.19778 21.8407 -1.66295
571 28.1746 12.2885 -2.25089
572 39.9479 35.8254 -4.01598
573 13.9089 38.6159 1.2076
574 7.32283 20.9252 -0.0251583
575 28.3566 17.7523 -3.48021
576 4.48684 2.6081 -1.06663
577 23.366 31.1318 0.609918
578 38.4743 37.358 4.01853
579 8.4332 5.04321 -1.70166
580 10.6137 1.87201 -0.524878
581 5.80961 33.5284 0.069585
582 19.4701 27.9651 -2.92161
583 23.8322 37.0945 1.03994
584 36.6634 12.7577 -1.34845
585 6.42555 12.4334 1.49888
586 28.6767 18.619 -2.6084
587 33.3482 34.3482 -1.06454
588 20.0985 36.229 2.4688
589 19.0526 28.9164 1.42638
590 6.04363 6.10547 1.01388
591 4.91504 29.3046 -0.797292
592 32.3767 31.6102 0.606735
593 20.3656 31.3238 -3.41227
594 12.0377 3.65505 -1.45463
595 18.9074 24.9573 0.211665
596 38.3151 35.9341 1.29207
597 26.0908 11.9709 -0.914273
598 29.4434 10.6173 3.33097
599 18.2174 0.589118 -1.86785
600 2.65697 0.954846 3.23127
601 21.704 34.5572 -0.896405
602 1.59636 17.1895 2.24964
603 20.1305 16.1306 1.61111
604 37.4021 18.8323 -0.268309
605 7.79578 36.1558 0.497357
606 2.83987 27.1249 -3.4542
607 7.37657 14.1497 1.09291
608 3.66051 35.2188 2.97667
609 22.2544 35.2638 1.48598
610 36.7785 29.212 2.74232
611 39.2068 17.676 2.49067
612 22.5359 7.28481 1.48911
613 28.2743 12.4602 -1.34656
614 6.27139 12.5524 2.62155
615 27.8711 7.96546 0.243518
616 27.9631 20.1961 0.177128
617 23.0789 29.7378 1.89267
618 27.3794 39.3556 2.63795
619 22.5382 37.1747 -1.0611
620 34.6002 36.0319 -0.216459
621 37.7726 16.3949 -1.63506
622 8.08921 32.5916 -0.892455
623 23.3852 6.48608 0.235378
624 36.2608 35.8202 -0.416447
625 21.5422 7.03964 0.710276
626 7.46113 31.3448 -0.180613
627 8.05194 31.2363 -2.27897
628 23.2343 9.73336 -0.543783
629 26.6578 1.34174 0.664286
630 32.4417 27.3114 -0.513219
631 30.7484 38.0032 3.27603
632 32.429 30.4493 -1.42254
633 30.6271 24.924 -0.845359
634 0.641194 33.2833 -0.419808
635 23.7955 30.1824 1.60605
636 28.4071 6.94258 -0.745583
637 39.617 22.6408 0.645397
638 38.519 25.114 -3.0926
639 28.5113 12.7726 -3.56028
640 10.2695 11.5268 -0.0838646
641 20.1501 35.9734 3.34498
642 10.6184 39.0426 -1.39325
643 24.0761 32.0362 1.60505
644 19.0094 0.482221 -1.05954
645 6.08409 6.6577 4.23466
646 11.3223 9.32423 1.33813
647 12.2703 15.8194 -0.732031
648 26.1796 0.670815 3.17514
649 16.8296 33.2215 0.204406
650 29.373 8.18387 -0.0520642
651 32.7829 21.8585 0.0905751
652 38.3547 2.23008 -0.631251
653 10.7294 1.39489 -1.35389
654 20.5801 11.772 0.228721
655 33.5307 34.2179 -1.30246
656 15.7421 11.2681 1.4743
657 28.8947 5.89476 0.841388
658 3.18727 26.8283 -0.963147
659 22.3999 1.68508 -3.38307
660 27.6956 13.3693 -1.63447
661 36.3531 23.8012 -4.42482
662 26.7093 32.7288 1.62524
663 13.2887 6.40697 0.099618
664 31.4368 16.3855 -1.9775
665 36.4449 38.6646 -2.36142
666 38.6594 7.98844 1.98616
667 5.16929 34.0779 -0.155234
668 0.570647 34.5232 2.11932
669 10.5152 28.1493 -0.267021
670 39.0555 27.9441 -2.32348
671 14.173 0.16308 -1.20292
672 8.356 22.5085 0.0735027
673 37.2367 5.18828 -4.41435
674 15.1545 22.5212 -1.85227
675 29.4766 18.6944 -1.89998
676 31.1789 34.4919 2.41064
677 33.3536 7.70868 0.362876
678 25.5449 0.00668287 3.33306
679 22.5701 14.3321 -4.03797
680 7.92151 20.0512 0.227144
681 13.6235 37.3085 3.44646
682 27.569 37.8181 0.280509
683 31.3529 15.769 -0.783977
684 3.88027 31.1991 -2.75923
685 18.3882 24.8981 -1.08872
686 5.56385 38.5193 1.91509
687 21.7443 10.913 3.79104
688 38.2262 2.86218 -1.97189
689 13.0446 35.8958 -0.531361
690 12.9819 27.6034 -1.2151
691 12.2596 30.1689 -1.79339
692 28.2306 15.4005 -0.155836
693 37.1148 21.5744 -3.83037
694 31.1213 31.6971 0.326309
695 14.1932 35.0161 3.64525
696 35.2933 25.8136 2.54861
697 18.8032 12.3048 -0.278756
698 34.97 12.0383 -1.55016
699 23.8205 23.6754 0.360847
700 4.92744 36.5296 1.89331
701 27.5939 8.66814 0.193099
702 7.34683 39.8947 2.5525
703 25.3167 18.845 -1.40047
704 31.784 24.5521 -0.980065
705 1.43795 39.5922 2.17891
706 37.7926 37.6294 4.92918
707 15.6025 8.40809 2.00985
708 20.2828 19.154 -2.09174
709 19.6322 0.439028 0.098854
710 16.6062 28.4281 0.876326
711 34.0654 35.9096 0.956682
712 27.9525 9.00568 -0.304112
713 39.2146 6.24986 1.93018
714 18.7863 22.5042 0.564878
715 35.3774 3.44126 1.08265
716 25.8158 39.2817 0.146899
717 14.383 22.6826 -1.09565
718 11.3309 29.4485 1.33482
719 14.2822 32.4509 -4.88857
720 23.3187 32.7327 3.1532
721 29.342 37.3908 -2.38338
722 2.61704 4.34224 0.280529
723 13.5418 39.3999 0.397552
724 6.43796 6.59495 0.75876
725 25.3305 11.4303 0.157758
726 8.2367 30.7303 -1.6739
727 3.27496 30.0987 -4.61859
728 38.7049 6.46504 0.656621
729 20.9595 5.69707 -1.99024
730 28.525 17.9734 -2.90705
731 27.4119 17.3959 1.19354
732 17.8857 29.8873 0.37219
733 39.3632 29.3179 -1.26941
734 28.1234 13.1017 -1.76713
735 15.8295 18.5306 -1.44575
736 24.0183 25.4049 -0.633417
737 37.3832 29.7857 0.0562398
738 15.5612 5.97001 -4.03218
739 16.3099 30.7562 1.03137
740 30.7673 22.4718 0.322616
741 4.91364 34.8808 0.0977797
742 18.4577 16.1322 -3.43025
743 14.5265 22.9649 -1.27339
744 31.7278 30.9035 -1.19053
745 14.4103 26.9883 3.61163
746 16.0627 20.6988 -0.952991
747 14.4024 24.6923 -0.38465
748 19.4699 30.7965 1.76406
749 5.53697 4.97261 3.56594
750 9.4528 35.1309 0.0508876
751 10.3143 33.8083 -1.47143
752 38.1561 12.2368 -0.412103
753 4.78703 27.5527 0.207634
754 32.6486 13.6675 -2.24555
755 24.9709 10.1498 0.540327
756 28.7665 9.22928 -1.00737
757 19.1087 19.1029 1.13469
758 36.2074 33.1572 3.7271
759 9.46342 29.3704 -1.93996
760 32.4786 30.6049 -1.44695
761 19.3171 10.6639 -2.77301
762 21.0358 31.5184 -3.05536
763 21.0492 8.58086 1.01718
764 24.5659 8.416 -2.95217
765 24.083 17.8221 0.236906
766 12.026 16.8438 -0.492636
767 39.8521 15.5519 3.56889
768 7.73238 8.65031 1.79773
769 26.1863 32.1591 -0.913497
770 9.30483 22.8065 0.109555
771 2.67343 18.8893 -3.16204
772 16.9122 30.5251 2.75518
773 32.2739 31.8908 -0.253631
774 3.3167 1.34075 3.91777
775 18.5656 18.4424 1.56571
776 6.57766 21.5838 2.77442
777 39.312 16.3615 1.42542
778 26.4771 25.1171 0.903763
779 27.2077 38.6904 -0.611113
780 0.0558621 5.55326 0.641733
781 31.38 32.6757 -0.243723
782 11.8154 39.8626 -3.68829
783 19.0842 13.343 0.727003
784 29.5751 34.9665 4.28344
785 25.6214 24.8672 0.840073
786 4.70736 27.3957 1.1183
787 30.0545 5.9023 2.58621
788 0.070936 28.8433 -0.91242
789 39.7908 15.1789 -4.02383
790 7.97478 34.2654 -1.39664
791 21.4494 15.5491 1.26888
792 5.42043 30.7757 0.455447
793 16.2619 1.94327 -0.909483
794 17.446 20.6585 -3.85726
795 10.418 15.6503 1.21338
796 14.2351 22.8962 -1.24873
797 5.91425 34.3143 -0.145714
798 28.0194 9.14167 1.94405
799 20.7408 33.9044 -2.56229
800 28.0094 9.95621 1.00626
801 25.8691 12.0717 -2.99913
802 36.0198 14.4605 -2.33513
803 11.5217 32.9393 4.15426
804 1.93861 12.0065 -2.68268
805 32.2405 25.5841 2.97107
806 12.6305 19.3103 0.803772
807 34.9696 3.27633 -0.961653
808 27.2886 26.222 2.65535
809 14.546 15.6774 -2.10234
810 16.0771 36.2429 -3.81256
811 9.10868 25.5708 0.392112
812 9.32243 34.0239 -0.600288
813 36.2703 3.8585 -1.29445
814 30.312 32.4472 1.94973
815 28.791 20.0258 -2.24475
816 5.7467 30.6137 0.499845
817 14.5111 31.3715 -3.09977
818 11.8717 9.35414 1.8834
819 28.1651 39.0789 2.8886
820 37.2602 38.0513 -1.66795
821 14.1946 10.8682 -0.64786
822 6.94846 8.4943 0.303855
823 38.9673 3.66273 -3.28441
824 32.9251 12.628 -1.65455
825 31.6665 25.2205 0.688563
826 9.71188 15.4685 2.1269
827 32.802 14.8552 -1.81824
828 23.6863 9.2872 0.402276
829 10.1068 38.0279 4.56863
830 15.9013 27.3382 2.23126
831 9.09626 37.8905 0.981183
832 37.5679 26.8557 -3.19968
833 13.5272 29.8145 -0.843449
834 21.9096 0.749527 -0.316847
835 3.3188 36.3746 1.38401
836 13.5983 38.0011 1.84987
837 37.5395 29.6765 2.45674
838 31.4547 3.71756 3.44314
839 33.5778 25.5045 1.35549
840 25.0998 20.6227 3.99938
841 29.3696 36.9322 0.212328
842 22.3823 33.3344 -1.45998
843 16.9347 6.12454 -3.20235
844 10.8171 9.81031 2.10925
845 4.71947 30.9832 -0.840685
846 12.8672 36.7294 -0.439344
847 3.72589 25.8891 -1.32276
848 24.8572 9.87731 -2.66085
849 8.64592 22.3382 -0.871899
850 38.5851 1.28144 -3.89726
851 37.4347 37.3464 3.36236
852 26.9726 27.4477 4.25957
853 31.3608 30.1688 1.47264
854 1.27646 34.6118 -1.05514
855 12.6782 38.7742 -1.09452
856 21.3948 32.0419 -2.76306
857 8.00951 19.6269 -2.18103
858 39.5445 23.3022 2.65173
859 18.6872 37.6961 -0.877485
860 25.7061 23.6016 2.94953
861 39.1839 19.2419 -1.55848
862 39.7409 35.2145 -3.32139
863 14.6421 22.1099 -0.647086
864 25.4781 13.3267 -2.97246
865 25.3836 24.7207 0.931149
866 30.653 36.2217 -0.314842
867 10.5543 0.968084 -1.20145
868 38.8276 23.2618 1.15568
869 33.3421 14.8731 -0.62588
870 4.6021 2.4298 -1.05889
871 14.7195 22.3971 -2.63794
872 32.0689 24.2186 0.561012
873 16.7968 18.4507 1.1491
874 38.1058 3.95171 -0.92575
875 7.14752 7.85323 1.36614
876 39.4731 4.40705 0.644317
877 39.1791 34.3088 -3.21352
878 0.753127 0.199053 -0.636986
879 6.21588 33.0376 -2.2731
880 37.5224 23.3395 -2.24406
881 12.4559 16.4447 -0.372728
882 19.8058 2.38801 0.33489
883 2.87723 23.3504 -1.9131
884 14.2352 16.6769 -2.33438
885 9.62596 10.7069 -2.19868
886 15.9483 30.6322 2.62999
887 38.0403 15.7537 0.813436
888 36.9943 38.1599 -4.16897
889 7.75104 14.5843 1.87389
890 22.4634 13.9851 -4.23647
891 26.6479 16.5063 3.35141
892 29.7403 9.09347 0.351135
893 32.4739 25.4201 2.03541
894 35.7131 38.5258 0.222262
895 39.5574 16.9101 1.80002
896 14.659 38.4375 1.07486
897 2.95249 5.98249 -3.4381
898 19.5087 15.9287 -1.24244
899 9.16848 31.0796 -1.25098
900 12.9102 10.5675 -0.562549
901 3.33999 37.5346 2.59558
902 5.11747 33.2547 0.245486
903 4.29566 35.14 3.60378
904 13.7166 2.38633 1.10569
905 21.539 31.0755 -0.680353
906 21.616 27.6593 -1.67194
907 28.0841 23.7521 0.759862
908 33.7371 36.7684 0.253751
909 23.834 9.50311 1.67117
910 32.166 15.4042 -2.40766
911 28.3984 23.8296 -3.26271
912 24.7335 20.6277 3.52276
913 4.18095 23.7803 -1.45498
914 8.22708 23.0713 -2.22857
915 31.6925 32.5034 1.15369
916 25.5058 19.5024 0.146577
917 4.76566 32.7404 -0.188536
918 38.1294 36.7996 0.927032
919 27.0306 9.40875 1.38556
920 2.39683 24.2204 -1.58199
921 37.8775 20.9169 2.64294
922 17.6259 16.0815 -1.52159
923 7.07759 24.6913 1.77894
924 26.1748 38.7909 1.04168
925 18.9682 4.46487 2.2956
926 23.6733 38.1395 -2.40817
927 7.90823 31.9135 0.445548
928 32.8674 37.5117 -2.61901
929 1.13133 32.2486 1.30241
930 13.0243 10.1543 -1.90755
931 22.0328 14.7348 -3.07211
932 12.4466 27.1812 -1.1755
933 13.5751 7.89897 3.38115
934 27.117 32.2063 1.26784
935 2.71 1.96334 3.64802
936 3.97367 24.8598 1.6069
937 8.48967 2.23946 2.50075
938 20.4588 23.7852 4.22986
939 22.6997 8.33094 1.87019
940 10.7543 22.5104 -1.90722
941 26.4645 19.441 -1.25597
942 2.92577 14.6303 2.81695
943 8.70065 0.552368 2.47805
944 38.2271 26.0339 -0.15505
945 8.46055 39.6865 2.78508
946 18.5393 21.4172 -2.18093
947 24.0346 4.87578 3.14884
948 8.34737 33.1072 -1.51257
949 6.45574 7.37707 0.595828
950 34.5748 27.3929 -2.01968
951 19.5325 12.118 0.660772
952 17.7949 16.0826 -0.405607
953 38.4921 5.24487 0.432447
954 39.0644 37.3008 1.21402
955 2.00037 9.9339 -3.08001
956 33.7443 3.73001 -0.8106
957 29.7215 12.4402 -0.683057
958 6.4505 32.8956 0.62029
959 22.254 30.8034 -0.643493
960 13.0088 39.3797 -2.58042
961 1.18516 31.1635 3.72034
962 12.3868 38.0328 0.415032
963 15.5666 27.2702 -0.279977
964 8.87222 9.35553 -1.48553
965 37.9542 34.2727 0.653354
966 15.8146 18.0202 -0.535484
967 30.0182 34.6166 2.41275
968 31.7977 29.2782 0.97655
969 10.3315 39.6888 -2.04768
970 26.3957 0.584149 3.7013
971 2.43868 10.3114 -2.96105
972 3.95182 26.0424 -1.21904
973 11.3985 16.9551 0.670907
974 28.2731 16.993 4.5487
975 11.8079 28.2934 -4.15301
976 5.18587 2.11608 3.84046
977 8.49332 0.184079 2.85025
978 16.9604 25.2984 -1.42933
979 5.68981 32.5952 0.361715
980 39.4089 13.3743 3.83418
981 1.22188 5.17712 2.21404
982 0.551369 38.3936 0.457395
983 23.7042 15.0687 -3.21566
984 8.79394 34.1833 -1.24496
985 4.26972 24.531 0.924756
986 29.6421 19.5909 -3.14434
987 16.2758 6.15075 -1.60577
988 37.4171 37.0075 0.483539
989 16.561 27.3425 1.12778
990 28.9798 23.8862 -1.74815
991 9.72301 22.3759 -1.1659
992 38.1364 12.9647 1.62959
993 6.43301 19.7659 -1.01296
994 30.8617 25.5602 -0.81616
995 7.7448 19.1034 -0.613654
996 35.6862 18.6916 -2.07439
997 38.1506 6.11233 0.463335
998 37.1517 0.176174 -0.625538
999 28.6445 33.2591 1.45255
