1000
Particles
0 1.78563 34.8853 -1.11221
1 38.0948 21.8191 2.93636
2 17.6 2.66186 -0.590068
3 11.0314 34.7011 -1.48823
4 15.7869 22.0243 -3.11581
5 21.3062 8.52414 -1.38217
6 28.4003 2.96321 3.55701
7 34.562 18.5659 3.3806
8 7.80672 27.5495 0.471599
9 28.0617 17.0413 2.11051
10 27.5263 33.5281 1.40198
11 0.331418 34.7865 3.76581
12 35.7195 30.1914 -0.00519445
13 4.33442 7.56084 0.678368
14 28.467 20.6628 -0.64063
15 22.5274 29.3116 -1.5092
16 23.7558 31.5992 -2.25547
17 33.7747 12.415 -1.35314
18 33.534 9.57535 4.67402
19 17.7409 27.2611 3.48097
20 7.01057 9.19024 -0.867636
21 3.06712 6.05762 2.35754
22 2.43009 13.936 0.614296
23 31.1323 19.4397 2.24303
24 0.411405 5.76335 3.1495
25 39.6202 32.7323 -4.15304
26 18.4543 32.8498 -0.607942
27 16.5269 15.9437 -0.869702
28 4.82988 31.1392 -1.42006
29 32.2367 3.3868 -1.1176
30 20.1046 21.9914 3.34048
31 10.7552 14.8325 2.17971
32 21.331 8.05717 -2.04899
33 12.6243 2.39607 -2.21286
34 24.2758 14.3351 2.88138
35 23.1613 3.75133 -1.5024
36 16.5515 39.3001 -2.30522
37 38.0524 27.6148 -1.13011
38 33.1861 39.299 -3.73786
39 32.3458 17.8625 -1.53766
40 37.7668 36.1477 3.36105
41 11.9938 11.894 -1.33238
42 37.6511 15.9583 -1.75415
43 28.9909 33.7831 -0.989868
44 20.3034 24.3318 -2.07277
45 5.15185 31.768 -1.95455
46 39.5195 4.75003 2.81913
47 34.4644 5.98988 -0.698939
48 6.89159 34.3638 -0.8051
49 7.30456 30.7197 -2.76521
50 38.5544 1.27085 -0.877714
51 18.874 37.7702 2.50734
52 30.817 12.5964 3.27928
53 15.8566 4.13815 1.61108
54 30.6214 27.3658 0.159638
55 1.51228 14.5441 0.780241
56 23.0978 6.37863 -2.1409
57 1.89004 36.5628 3.17966
58 39.2063 27.1529 1.34723
59 8.49234 33.0883 -0.105313
60 9.33893 28.8482 -0.747338
61 16.2421 32.4158 0.334787
62 36.5304 0.581311 -3.5928
63 8.03442 16.0835 -3.04809
64 0.279748 26.039 -3.69054
65 12.0675 37.9752 3.86249
66 9.08191 17.0019 -2.23698
67 22.8379 20.4547 2.63058
68 14.4665 1.12052 0.226978
69 15.1346 2.64642 -1.19589
70 6.94937 39.6482 1.74701
71 23.2976 10.3754 3.09242
72 4.42415 16.0499 -1.31995
73 20.3716 28.8438 1.28238
74 8.00499 6.67048 -1.10183
75 1.75836 34.4042 0.470535
76 16.9744 4.05713 -0.671313
77 8.21257 26.2748 0.241157
78 3.78838 34.9784 1.78136
79 39.9875 5.58109 0.559516
80 33.747 5.77499 -2.46165
81 2.28527 27.1873 0.553722
82 13.2318 9.94395 -0.298099
83 15.4605 32.1314 -0.430462
84 18.6282 15.4629 -0.252773
85 38.8617 19.8823 1.1573
86 23.0454 6.75104 -0.955714
87 23.7561 36.7884 0.986435
88 39.1946 39.8395 1.56451
89 4.56284 1.92228 0.900115
90 0.513028 36.0425 4.47472
91 20.7812 15.0121 2.07748
92 15.0633 23.9533 1.37017
93 17.7119 0.912314 4.02525
94 17.0254 25.1543 2.18244
95 18.6553 3.64372 0.412744
96 10.5713 32.932 0.36169
97 21.5831 34.7028 3.42898
98 37.2579 19.2726 -2.11118
99 14.3542 3.44614 0.0576062
100 25.2364 21.045 -1.10418
101 20.9504 24.0896 -3.03395
102 21.9674 31.7913 -0.0601374
103 9.39114 3.34382 4.49071
104 22.8903 5.94766 -3.26195
105 19.9819 34.18 2.09973
106 30.6116 17.2421 0.345835
107 21.3806 23.1135 0.419937
108 28.5508 12.7323 -0.170847
109 3.09349 36.4083 1.869
110 15.6502 0.548627 -3.65785
111 37.663 33.3459 0.772931
112 31.0047 0.583434 0.373066
113 37.7874 27.3243 -1.83497
114 36.1527 27.723 -2.66335
115 29.9215 24.4185 -0.241085
116 24.5112 30.6618 -1.52539
117 27.2104 31.1848 0.154863
118 25.3846 4.33574 -0.758776
119 35.1237 13.621 0.674714
120 23.8836 29.2718 -0.821468
121 23.9132 13.026 -1.80779
122 39.0448 20.6511 2.17202
123 6.9723 31.0017 -0.534602
124 10.6606 0.0909224 -1.04059
125 25.4523 0.755434 3.47607
126 21.825 26.7673 -3.82784
127 37.0531 7.85179 -3.85875
128 32.7944 9.05656 -0.224049
129 0.338206 15.8632 4.05145
130 33.1044 5.50333 -2.1435
131 32.2446 26.193 3.59558
132 17.7985 1.23497 2.81757
133 0.306898 34.6147 0.466888
134 1.62738 31.4624 -0.675566
135 10.5195 6.45344 1.35378
136 27.1357 6.60247 -1.05419
137 26.6186 30.9226 -0.321654
138 9.42697 19.6993 -1.13711
139 15.8405 1.70912 1.16087
140 24.2467 32.0408 -0.459763
141 31.5934 29.8163 -2.69058
142 26.7548 9.91882 0.179552
143 17.4873 23.6914 -2.71801
144 38.7797 32.257 1.95372
145 22.3542 21.4621 -1.32605
146 35.7782 8.85901 -0.17419
147 35.9044 0.784837 0.779889
148 36.4978 7.48294 -2.68164
149 13.1128 24.9721 1.42274
150 19.3671 22.1944 1.63553
151 32.6238 36.6459 -0.0625054
152 17.9219 15.9995 0.304019
153 17.7366 2.13783 -2.03472
154 24.7803 39.9836 1.35449
155 34.4355 24.716 2.24741
156 39.2507 27.344 -3.4699
157 16.0386 9.75264 3.02338
158 14.1829 36.431 -1.79723
159 20.3363 25.5508 0.529563
160 38.8319 16.9599 2.61132
161 7.23732 21.6709 3.72286
162 25.2095 30.9298 -1.1119
163 8.623 8.47854 1.18467
164 17.7362 5.60749 1.16272
165 27.557 11.3612 -1.66968
166 34.0593 11.2386 -2.04796
167 11.9637 35.0147 -0.230624
168 35.3983 22.7576 -0.485294
169 38.1986 36.2599 -0.138998
170 4.71959 36.7821 2.85846
171 22.635 39.5588 4.29456
172 3.35573 18.0302 -1.24353
173 22.0597 32.6901 -0.461017
174 15.0111 38.6011 0.717887
175 5.26608 3.71103 -1.63261
176 18.1413 23.7925 -0.909128
177 14.6313 8.7264 0.438564
178 27.6857 14.1375 -0.531593
179 28.9585 11.0509 1.97195
180 15.2223 9.19149 2.43937
181 1.58833 29.2867 1.71547
182 18.9303 21.4756 1.85385
183 2.46369 24.2276 3.90302
184 35.6671 8.22743 -2.60848
185 9.73449 13.5602 -2.08441
186 20.8613 3.88625 -1.98898
187 8.34115 0.0266537 0.710367
188 24.5617 19.2282 3.67808
189 5.98234 26.9498 1.28999
190 24.2424 24.8826 0.113552
191 13.4786 29.3343 -0.929051
192 38.1541 2.15802 -2.21541
193 28.2177 22.5666 0.874341
194 21.3902 23.8241 0.213687
195 7.76684 15.6706 1.97202
196 29.6043 35.0927 0.28355
197 18.9798 34.1789 0.327934
198 30.1637 21.2177 2.56944
199 12.6185 9.68218 1.93849
200 32.4886 36.7453 1.97441
201 38.2277 19.9503 -0.1134
202 12.3166 20.0403 0.886312
203 23.6292 14.1528 2.01486
204 33.0709 32.3869 1.2749
205 37.3465 29.8354 -1.1111
206 16.9143 5.02515 0.700947
207 36.8283 33.1667 3.34754
208 34.0664 21.6736 1.82053
209 12.381 36.0771 0.466028
210 13.4762 23.9059 0.7213
211 33.7693 16.775 -1.49876
212 39.1093 34.2875 2.0702
213 0.216568 4.01769 -1.53011
214 28.6393 19.3044 2.58634
215 34.1889 21.3111 -0.482062
216 29.4672 22.522 1.45963
217 8.03205 8.13019 -2.26838
218 14.3439 17.6115 0.95247
219 22.562 35.7002 0.517522
220 14.9414 3.19265 1.12737
221 20.7579 10.8182 -1.39305
222 39.5995 32.0857 -0.187645
223 19.4862 22.6926 3.85046
224 5.43629 32.2324 -0.655021
225 35.4634 9.21981 -1.64851
226 36.3078 19.1561 -1.55401
227 1.76139 12.0768 0.246166
228 15.9092 6.11308 -0.884156
229 36.8615 17.1847 -3.52754
230 29.6262 11.2771 -0.205665
231 17.332 30.8378 0.634102
232 33.3397 3.60698 0.0243363
233 0.709877 5.07961 -0.315058
234 7.01629 38.006 4.39296
235 0.610434 5.64735 0.190449
236 14.1318 39.1411 2.17227
237 15.4972 25.8214 -0.104506
238 10.8876 11.373 4.77851
239 29.3302 8.62159 1.68124
240 16.5853 19.4336 1.63111
241 9.98422 29.8607 -0.802052
242 3.09573 5.1454 3.33571
243 28.2206 39.9917 -0.326477
244 35.7773 16.5717 -0.922546
245 19.4852 4.37017 -0.61355
246 26.2624 5.88749 -0.472389
247 6.55037 35.7211 -1.13564
248 9.3034 28.3676 -3.57431
249 13.3167 39.0075 2.0948
250 17.731 2.57208 -0.938707
251 0.741085 2.42363 -1.34455
252 33.1415 14.0067 -0.174253
253 30.8956 13.3282 2.46641
254 39.9921 37.1944 -2.07371
255 29.5188 28.4926 -0.563758
256 9.57607 5.79879 -0.737153
257 29.7061 18.5381 0.0476642
258 29.9141 36.5371 -2.30352
259 39.9935 16.8519 3.60058
260 3.80649 8.53947 -1.19202
261 32.8596 28.1062 1.46943
262 28.2107 34.0059 -3.89224
263 2.51118 5.92048 -1.54859
264 11.3287 25.4675 1.25365
265 0.150216 29.6902 -2.76562
266 39.1994 14.3549 -2.5109
267 0.422376 30.6363 -3.90977
268 11.9864 24.0317 -0.2805
269 23.1629 34.9622 0.473479
270 4.98496 12.0765 -1.2199
271 33.6158 10.6375 4.07826
272 16.49 19.9601 2.70539
273 29.4234 35.3663 -0.600262
274 15.1384 5.11917 -0.716796
275 8.15853 25.2194 3.39423
276 23.98 19.5832 -2.42371
277 3.81215 22.1949 -0.525505
278 3.01563 15.2607 -1.13332
279 8.51164 26.493 1.1317
280 4.16818 24.5346 4.92154
281 23.7953 17.1104 -4.10871
282 13.6511 18.9323 -2.27688
283 20.1147 34.3304 -1.24633
284 24.1758 18.3339 -2.45985
285 39.3859 39.8219 -2.74524
286 34.9583 7.52423 0.295729
287 18.1547 12.8287 -1.38418
288 2.67214 38.4685 4.34297
289 10.3003 31.919 0.776543
290 33.3069 26.3027 2.06729
291 14.6722 6.06708 -2.10566
292 36.106 17.7029 -3.48163
293 7.61044 4.04489 1.17582
294 31.6815 28.0009 2.38425
295 19.6652 14.508 1.63334
296 24.278 25.9793 0.874206
297 37.8894 28.6463 0.10424
298 21.325 32.8887 -1.67268
299 19.9832 24.4497 -3.01852
300 25.8831 6.74361 2.90611
301 27.7394 26.1993 1.25154
302 18.3156 32.8086 -1.06521
303 3.87502 23.4018 -1.79616
304 4.97026 29.199 -3.64843
305 4.38577 21.3172 -2.00419
306 29.2554 12.212 1.06103
307 9.45124 14.6954 4.46552
308 1.82362 24.6926 3.51103
309 12.5076 35.015 0.725707
310 16.4649 22.7407 -2.48445
311 23.4445 7.15175 0.328103
312 35.4051 37.95 2.45267
313 21.9003 35.24 2.22123
314 17.8563 5.98508 2.6677
315 0.203865 35.226 3.14833
316 37.5539 33.8702 0.906547
317 20.9144 25.8686 1.55503
318 28.6757 25.0892 -1.8228
319 4.73317 2.56045 1.22211
320 3.97621 23.6301 -2.70699
321 28.3644 3.54588 3.54351
322 1.89446 33.176 0.562789
323 12.3727 35.3427 3.11028
324 28.8157 13.8021 1.74085
325 12.2988 30.6699 -2.4127
326 6.01545 16.5942 -1.32276
327 17.9816 36.0656 0.180307
328 15.4351 29.9214 4.08076
329 7.12106 22.6993 2.2508
330 38.7235 10.4553 -3.89164
331 19.1058 34.1716 -1.33943
332 33.4559 12.0492 -2.12357
333 31.7356 18.7343 1.80227
334 15.0823 4.44163 2.28634
335 4.38915 1.20587 -0.16381
336 14.4902 37.0874 -1.23173
337 11.7457 23.115 -0.464328
338 12.5674 26.5892 -1.09587
339 36.9037 28.458 -2.93001
340 7.36102 22.8057 3.43827
341 35.0131 28.7908 0.42576
342 8.94318 21.025 -2.27758
343 11.357 18.1529 -1.9758
344 12.6828 0.164495 -1.49908
345 31.1126 25.974 1.82824
346 18.5076 8.61471 1.68958
347 2.34834 38.4834 1.53262
348 8.20248 24.8985 2.8792
349 17.4752 25.8737 -0.0144139
350 3.80231 19.9505 -2.41207
351 7.59522 19.6812 2.66017
352 28.7886 27.1309 3.65844
353 24.1707 8.82636 3.75881
354 38.5842 38.7051 3.4449
355 17.1282 25.6504 1.35333
356 32.7678 39.4833 -3.67508
357 11.9049 24.4971 -0.480404
358 14.4025 14.4314 -2.59616
359 33.1766 25.3293 1.46911
360 30.3582 23.051 -0.568332
361 30.6106 32.5612 3.23822
362 1.36918 25.4405 2.80894
363 1.22323 9.93861 0.107206
364 6.75786 16.3378 -2.47888
365 9.15358 35.7414 0.754494
366 15.429 10.791 0.669429
367 12.8984 38.1534 2.05577
368 26.2163 7.37018 -4.2026
369 16.0285 39.7601 0.827888
370 19.0847 28.3285 1.56116
371 24.1509 17.8926 1.5048
372 21.6548 27.8188 -3.12765
373 17.0791 15.5849 3.08886
374 14.4151 15.9544 3.81646
375 13.0129 13.8775 -0.0553933
376 37.2721 28.7402 -0.591645
377 5.5657 8.93735 0.89621
378 13.3266 6.44829 3.7062
379 35.8318 28.3001 2.04895
380 33.8616 28.0853 -0.67259
381 12.0083 35.7049 2.99737
382 4.32577 18.3201 -0.162841
383 21.142 33.7837 -2.16984
384 29.9483 10.9787 -2.06793
385 19.5745 23.0895 2.0403
386 27.3946 7.28381 -0.857337
387 36.3186 36.1824 -0.671156
388 32.7635 26.9269 1.01471
389 5.65216 3.8876 0.246484
390 33.7892 23.1021 -2.80211
391 13.3751 12.3345 -2.74106
392 20.727 22.9946 -2.68257
393 23.9662 4.96737 -0.73701
394 26.916 35.7663 2.07877
395 34.819 12.9411 -0.584546
396 2.20602 2.4993 3.49136
397 6.82337 3.86916 0.130509
398 36.8723 28.6044 -0.90935
399 33.9824 22.3562 -0.756954
400 4.85215 0.754594 1.93572
401 25.8667 32.5288 -0.899166
402 39.4871 9.88838 -3.48537
403 1.97752 25.7659 1.53602
404 20.433 25.3553 -2.87537
405 3.1071 22.1052 -1.29425
406 26.084 4.48656 2.21936
407 35.9873 9.75697 -0.0770534
408 1.82351 11.6281 -2.10255
409 16.5734 3.6797 0.620305
410 18.6824 23.7766 -2.86588
411 13.9541 29.236 -3.08044
412 3.43216 39.1043 -4.01765
413 10.1185 16.3714 2.03869
414 7.9011 14.3893 0.144895
415 10.2873 27.8855 1.71488
416 16.4813 36.4295 -1.15754
417 39.9401 0.339873 4.6266
418 26.8086 23.997 0.313265
419 24.3574 4.56892 0.763827
420 24.0408 3.77468 -1.87115
421 5.68763 19.2359 -1.27154
422 10.5154 15.4027 1.25599
423 32.047 6.8562 0.160469
424 22.1594 25.2781 1.37563
425 17.5532 2.06647 -1.95889
426 8.59278 24.3145 1.25416
427 17.7997 23.6112 -0.948533
428 6.31546 4.28231 0.0143755
429 1.48174 7.68697 -2.25341
430 19.2471 17.638 0.218254
431 5.92727 7.92058 3.05497
432 21.6129 32.7874 0.277761
433 24.7534 20.3052 -3.57707
434 12.5572 25.0647 0.233586
435 29.2472 33.5541 -1.49069
436 4.62118 29.0034 -4.59006
437 12.7188 32.7319 -1.27774
438 4.99364 26.2159 0.797975
439 33.6678 15.649 -2.25762
440 22.8299 8.7773 0.357439
441 14.2636 39.3671 1.88165
442 5.29579 20.5128 -1.97229
443 25.9053 14.9451 -4.3866
444 12.7274 16.2342 -0.208734
445 14.1201 18.8684 -4.036
446 15.5517 12.3018 -0.123877
447 7.20656 4.66068 1.06535
448 31.9251 32.448 -2.08127
449 15.6092 20.8223 -0.963733
450 2.2238 19.4594 -0.508223
451 34.749 11.5937 -3.52471
452 14.2546 13.4267 -1.42768
453 4.41981 24.171 -2.04187
454 36.368 9.98301 0.0826603
455 33.1285 10.5373 1.80847
456 8.68582 6.22563 -0.12738
457 20.7234 15.6301 2.51561
458 31.3978 19.7998 1.7272
459 15.0529 3.53933 2.6585
460 10.097 39.455 0.336046
461 7.46369 39.8173 0.772728
462 26.4596 14.4554 -1.79653
463 5.16587 34.4316 3.50638
464 30.8958 22.9329 -1.81623
465 29.4198 14.2195 -1.83419
466 34.8965 20.4821 -1.42556
467 11.7002 34.268 3.77452
468 24.1712 30.3288 -2.08711
469 14.816 37.5458 -0.158319
470 9.01035 16.0674 1.40131
471 36.488 21.9343 3.87424
472 14.4685 8.29831 -0.335351
473 10.5958 36.4426 -1.24949
474 7.66951 37.8118 4.59733
475 32.1448 7.98879 1.31003
476 13.0976 28.024 -0.89557
477 12.1227 36.093 1.76057
478 23.9184 22.3744 1.4777
479 35.8117 29.1973 0.767305
480 33.4248 19.4107 -0.525576
481 26.4621 38.0747 1.24941
482 7.51396 31.536 -0.374975
483 9.30052 33.0877 3.19218
484 17.558 35.1017 -0.463757
485 7.25733 38.8234 3.15461
486 18.4915 29.5983 0.646558
487 35.6661 27.6819 -1.34386
488 33.9148 9.60143 -4.53729
489 19.8644 2.44738 -0.194356
490 10.141 0.327522 -2.67767
491 15.7307 11.4347 1.14018
492 22.9854 2.58779 0.28783
493 6.63113 24.6606 -2.44343
494 9.06316 13.7176 -2.47803
495 33.9004 12.2381 -2.38117
496 26.4254 23.8141 1.24094
497 3.54167 31.3954 -0.827565
498 18.6495 15.6295 0.989388
499 11.9057 21.208 -0.197127
500 6.58089 12.3458 -2.30005
501 30.5475 10.7928 0.330248
502 4.14314 4.83798 4.01116
503 20.42 26.1688 0.849057
504 37.7243 36.2888 0.837171
505 7.1184 6.72716 1.96168
506 29.7671 28.2934 1.47785
507 20.9616 10.1607 1.04745
508 2.12734 30.248 0.950687
509 17.6555 0.503609 1.9038
510 39.3211 5.0892 1.76972
511 23.2798 33.2947 1.44129
512 33.4252 28.2189 -1.43544
513 10.6313 27.7548 1.777
514 9.18516 32.5666 -3.81659
515 17.1203 14.3004 -2.19274
516 17.8539 2.85849 -4.28763
517 16.0145 15.0322 2.08209
518 8.83317 10.0748 -2.92186
519 20.5908 23.1033 -2.07996
520 0.438507 3.23199 -2.15685
521 36.2745 26.0313 -2.79057
522 22.1621 18.2259 1.60806
523 11.5386 19.133 -3.64963
524 12.0395 26.3806 -1.04491
525 5.89439 15.5737 -2.08379
526 7.91717 26.2125 -0.979467
527 15.9274 5.25128 2.50851
528 20.868 4.60267 0.0988744
529 34.2179 4.59993 -0.465497
530 32.9941 10.5963 3.2736
531 28.2859 11.2402 3.44075
532 19.6159 39.5729 -3.44151
533 18.2767 27.8147 1.47835
534 10.9776 24.2745 1.75623
535 0.0571468 1.93074 2.36953
536 33.8816 15.2512 -0.234613
537 39.0139 26.9145 -0.525759
538 3.61413 1.82858 -0.435445
539 6.35252 4.56839 1.94471
540 27.9473 19.6169 0.168885
541 25.2804 24.5319 1.47869
542 36.5383 28.6405 -0.424401
543 9.46452 17.5367 -0.474726
544 37.7604 39.4917 -0.73698
545 16.4463 27.4049 1.99666
546 2.03003 38.1604 2.59194
547 6.84955 12.4342 0.331562
548 37.2802 29.5554 0.116265
549 36.6853 27.706 -3.64726
550 4.10358 25.6941 -0.900145
551 29.062 14.6085 -1.17594
552 2.37275 39.4639 2.71797
553 13.4996 33.0216 0.857101
554 20.1222 10.0039 -1.30474
555 1.51899 12.047 -2.08032
556 32.9165 22.3897 -0.473815
557 6.37586 21.9273 4.32821
558 0.794163 3.04457 -0.590619
559 25.3307 29.3683 2.58079
560 30.4787 25.9998 0.374116
561 0.205996 22.5149 0.000104368
562 6.22246 27.0909 0.766264
563 6.63284 12.2744 -1.63264
564 17.7325 25.4243 2.41177
565 2.88483 22.1643 -3.25095
566 17.8923 36.4262 2.4771
567 31.2876 12.0855 1.43335
568 1.97636 4.5126 1.23206
569 34.1067 23.7613 -3.17926
570 1.73567 30.5738 -1.36779
571 17.6241 14.3409 -2.0976
572 36.0351 28.8472 0.650768
573 21.4607 33.1063 -1.22688
574 9.86728 22.3357 1.58756
575 22.5164 17.4127 1.66918
576 2.16734 37.1817 1.91125
577 19.027 30.0662 0.269037
578 11.9313 38.5564 2.377
579 8.2856 9.99627 -3.62069
580 11.1401 30.8703 0.533317
581 8.65261 28.9793 -2.04729
582 30.517 18.1949 -0.7681
583 22.5156 34.9335 0.563896
584 38.8243 5.7658 0.198828
585 38.9723 22.1179 0.487589
586 22.3803 23.3076 1.93138
587 32.8297 33.3219 -0.027792
588 21.8359 32.9964 -0.0322501
589 25.5885 22.5269 -0.497035
590 4.91019 3.89502 -1.20363
591 2.81505 24.8108 -2.78801
592 35.3339 27.2402 -0.270927
593 12.3426 20.2242 0.299825
594 4.70663 2.02336 -0.993433
595 29.2684 18.8801 0.242509
596 0.134192 35.5099 2.59181
597 29.5307 14.2765 0.247765
598 35.2033 13.3118 2.12785
599 10.1286 33.8823 3.03291
600 7.03145 36.0604 -2.74157
601 18.7129 36.6037 1.59346
602 10.6262 23.4301 2.52003
603 18.6977 12.4928 -1.05316
604 30.9992 25.6167 1.46355
605 9.1251 34.8349 1.47981
606 4.68437 29.2236 -2.16377
607 39.6502 5.5344 2.74283
608 7.45684 5.67799 -0.716011
609 22.6763 39.3532 3.61382
610 33.9921 21.8998 2.22445
611 3.01866 25.8647 -2.07109
612 26.4661 7.06417 -1.26163
613 23.9492 11.5014 -1.51043
614 3.61645 2.8795 1.78075
615 34.5832 11.8922 0.158268
616 35.5036 15.7511 -1.69546
617 23.5672 29.3797 1.1332
618 4.35511 39.0169 -0.555987
619 21.4262 33.4401 -3.49148
620 38.9154 38.3243 1.05457
621 24.8901 14.6106 3.75019
622 20.8633 2.40963 0.823167
623 17.4054 5.88337 2.00092
624 26.616 7.43086 -3.29994
625 22.4613 7.21472 -1.45228
626 8.66596 38.4726 0.973203
627 7.22157 34.6907 -2.26516
628 17.1584 1.6499 -1.92865
629 24.8042 0.849817 3.1612
630 37.2695 28.6877 -0.0601768
631 28.535 39.2404 0.198366
632 32.5009 32.4064 1.53261
633 0.0691399 25.7506 -1.66607
634 2.34006 6.17735 -1.69374
635 26.0153 26.75 1.73314
636 23.3428 6.71806 -0.918869
637 5.40558 26.2044 2.91332e-05
638 33.4481 27.4784 -1.42403
639 36.7267 9.52462 0.12071
640 5.94473 20.762 -2.13009
641 26.0196 6.90849 0.834074
642 14.8652 36.701 -1.80224
643 29.2629 25.6197 -1.2145
644 15.4585 4.27687 3.26613
645 7.48353 11.3942 1.33944
646 7.92269 6.60511 1.51244
647 8.4293 14.9357 2.87735
648 30.3967 33.0117 2.65355
649 14.8837 20.9006 0.149827
650 28.7367 14.1862 0.953473
651 22.3178 21.2751 -1.78099
652 7.02964 37.0638 4.09766
653 12.3351 2.08151 -2.39811
654 19.5945 13.3167 4.28148
655 38.5983 32.2899 4.51118
656 7.81005 11.1748 2.60759
657 22.9015 9.96577 4.41944
658 8.90558 28.5228 -3.39268
659 39.4435 35.6509 -1.94045
660 26.7109 12.1819 1.48892
661 38.751 17.8049 1.36117
662 35.6745 36.4373 -2.96965
663 11.3003 23.6584 1.66746
664 30.3009 14.2502 -0.991072
665 35.7393 35.9668 -2.20486
666 22.981 38.8662 2.50126
667 37.2375 34.6139 -1.72672
668 11.8427 34.1986 3.37198
669 14.525 33.4913 1.21218
670 37.4439 28.7484 1.18019
671 31.6185 3.41811 -3.33781
672 17.3179 31.6709 0.991922
673 38.7542 1.54257 -2.71913
674 9.2475 18.9525 -1.44799
675 30.6854 17.1632 1.35661
676 31.9598 35.5722 -1.2833
677 34.3269 19.3676 -1.65416
678 25.3018 0.609299 3.28067
679 21.818 22.3606 -2.85298
680 21.3964 29.8709 -0.30997
681 8.42895 2.03029 -3.29061
682 32.424 1.48014 2.02077
683 21.278 26.7924 -2.66541
684 9.21803 3.24076 -4.68975
685 28.6135 28.8587 1.92945
686 38.9768 1.92882 -2.45955
687 23.6413 12.6509 -0.205189
688 26.7996 6.04378 0.981213
689 16.8013 4.06621 -1.38986
690 20.679 34.1468 0.680895
691 17.818 32.6725 -2.56469
692 29.7773 13.5517 -2.51651
693 1.94722 21.8722 -3.36996
694 28.8376 24.7061 -0.89862
695 18.8593 26.9829 0.847863
696 25.5957 26.7611 1.18196
697 33.0678 3.88297 -1.14922
698 35.6804 17.3543 -4.32268
699 29.1711 24.1317 -1.70212
700 4.38156 3.06922 1.28386
701 18.1417 1.44049 -2.78048
702 38.9131 3.66776 -3.67135
703 38.6706 10.774 2.84936
704 23.5676 33.8744 -2.4816
705 11.2587 34.5124 0.524832
706 36.8382 35.5817 -0.928133
707 15.4473 9.31204 1.66399
708 31.5116 15.0136 2.17217
709 27.621 11.4636 3.32914
710 16.4297 31.8123 3.12562
711 36.7779 26.2303 -0.389169
712 29.4709 15.8404 1.61717
713 30.9993 18.3813 2.43105
714 24.6373 30.8362 -2.04683
715 38.8027 2.4693 -3.02533
716 19.2044 33.0789 3.99024
717 16.0459 29.7322 3.22471
718 9.32998 31.2955 2.46888
719 8.48028 37.6547 2.29562
720 8.45892 28.4503 1.05893
721 27.4988 36.0584 3.16657
722 38.4314 38.9044 3.10536
723 17.0052 0.482873 0.931233
724 16.99 37.7967 0.893298
725 24.8662 37.0836 -1.10443
726 5.44341 29.2871 -1.90882
727 7.96547 27.5936 0.223353
728 37.9522 3.63291 0.0349811
729 20.6681 0.355881 -2.28644
730 23.9283 9.77716 2.46814
731 29.0406 21.2788 3.96989
732 26.2911 33.5233 -1.16472
733 34.9931 31.1626 -2.04255
734 32.4007 9.7656 1.07292
735 18.2438 25.0995 0.48073
736 17.072 31.6997 1.52347
737 38.854 34.6958 -2.29729
738 21.0937 7.37512 -1.52405
739 12.62 26.4184 -2.11738
740 38.4255 23.9911 -4.46344
741 8.51602 38.1232 0.635159
742 20.7873 10.9937 -1.30152
743 23.2306 25.1389 1.23821
744 34.9515 15.4818 -1.90433
745 13.9469 36.7403 -0.901316
746 11.364 10.0525 0.0460858
747 15.1721 21.7938 -1.19585
748 17.9338 30.9451 1.72064
749 3.73273 5.6611 2.21553
750 2.60059 37.3608 4.37151
751 9.61238 2.58456 -1.47779
752 39.153 17.9672 1.16438
753 13.2144 20.5155 0.613139
754 28.9804 25.9645 1.52742
755 24.5672 4.58798 -0.523102
756 3.16974 2.19364 3.10019
757 14.4614 23.6573 1.44538
758 35.593 22.2653 2.50182
759 7.2421 29.1515 0.28967
760 33.5589 33.8835 -2.6137
761 14.3476 20.0566 -0.572783
762 24.772 26.53 -0.637486
763 9.86078 39.8986 -2.24006
764 25.4262 7.41934 1.97063
765 31.9137 22.317 -0.528753
766 7.01976 15.7338 -1.51335
767 30.7784 11.9562 2.34761
768 5.84357 11.7961 -1.28479
769 15.4206 32.5637 2.19872
770 5.91375 26.4608 0.208699
771 3.87614 23.2387 -1.05879
772 14.7632 36.6918 0.354194
773 35.6436 29.3328 -0.928282
774 38.0758 39.872 -0.495904
775 15.9792 10.5962 1.85939
776 9.26757 16.7757 -1.82721
777 2.40164 24.0736 4.35089
778 34.9288 22.9359 -0.0072496
779 15.4818 36.9783 -2.10404
780 5.61852 2.82896 1.87679
781 38.4187 1.86207 -3.04437
782 9.36164 12.1619 -2.00635
783 14.4302 8.71931 -0.0631022
784 34.0943 1.64749 -1.61383
785 20.9398 12.99 1.16107
786 4.17056 21.2399 -4.42025
787 31.1172 2.84842 -2.65461
788 2.0368 38.6079 2.11378
789 34.86 11.6394 -2.29246
790 12.1598 27.414 -2.40605
791 15.2869 22.6775 -2.63683
792 7.82921 26.9826 -1.53465
793 20.8177 34.9237 -0.252668
794 19.0307 27.0985 4.29997
795 6.45927 9.17243 -2.12186
796 21.3651 23.9761 -0.413703
797 36.7336 28.9375 0.129134
798 23.5399 10.6728 4.10306
799 23.5258 5.3939 -2.7309
800 34.0893 5.27379 -2.06238
801 17.4835 11.964 -2.76618
802 34.241 18.2728 -1.95314
803 16.3458 2.11961 0.341282
804 39.672 22.5691 0.596405
805 39.1212 22.7667 2.59041
806 14.7937 32.0662 3.27641
807 23.5191 12.442 -1.69889
808 20.8514 24.3212 -1.32474
809 28.7823 12.5279 1.80207
810 15.2181 38.6143 0.257885
811 3.69347 23.3685 -3.16892
812 8.94498 2.30217 -2.15923
813 2.17056 10.1542 -2.43546
814 27.7293 35.1456 4.0569
815 34.4902 17.4412 -2.14944
816 18.8828 38.7735 1.26905
817 14.58 37.8264 0.906187
818 6.30375 11.6431 -2.48319
819 25.8781 4.95823 2.31385
820 3.84666 1.56466 -0.76022
821 11.6624 15.4576 -2.47378
822 8.68717 3.47682 -4.45487
823 25.0762 1.69638 1.95694
824 33.4718 14.7118 -1.41235
825 1.02487 32.9839 -2.29577
826 6.85888 16.0197 -2.28372
827 2.08525 13.576 1.62615
828 21.6736 20.3388 3.00014
829 14.8678 35.3779 -1.15865
830 5.9615 21.2743 -1.77882
831 12.9121 37.9723 0.593531
832 33.5991 35.6334 3.55535
833 9.25972 14.1462 -1.02642
834 19.6157 11.5651 -0.0992626
835 2.98003 27.809 -0.012899
836 18.447 32.0361 -0.287447
837 29.9488 34.2471 -0.119149
838 22.4657 5.86872 -2.0246
839 3.96827 22.3929 -1.35845
840 21.8583 16.1916 1.3272
841 30.6807 30.6145 -4.10096
842 17.6093 27.6631 1.14488
843 12.4736 5.86683 -1.81948
844 5.10519 21.7037 -3.588
845 2.14781 30.5106 0.9132
846 10.1377 31.4896 3.59467
847 38.7185 28.0233 2.62219
848 25.8184 26.8337 1.72885
849 20.8496 17.3169 4.10756
850 35.2832 33.6999 3.47998
851 4.40906 1.10163 -0.66953
852 25.9554 26.7293 0.520247
853 25.4912 26.3668 1.74541
854 0.377952 35.0685 1.95845
855 10.4617 37.6222 -1.42721
856 14.455 37.1366 0.136744
857 10.8084 22.7922 0.64623
858 4.89363 26.9876 2.79474
859 16.081 39.9426 2.19269
860 35.1186 17.1281 -1.52221
861 0.782211 16.5289 4.89146
862 7.96632 32.6655 0.865639
863 7.94376 15.1737 1.05876
864 22.9328 8.44267 0.348826
865 30.5445 36.0954 -2.234
866 27.1073 1.92631 -1.36921
867 25.7963 30.6746 -2.43842
868 32.606 25.859 2.3452
869 36.5732 16.982 -4.05625
870 39.0678 2.84916 -1.14232
871 20.3074 24.073 -1.88675
872 29.6145 23.1813 -1.12199
873 18.0384 19.8612 -1.06952
874 34.9075 17.0112 -2.70592
875 32.8456 9.02848 0.2644
876 7.48333 14.9217 2.49347
877 35.7686 8.82614 -1.85494
878 4.89811 36.1718 3.47782
879 0.279411 30.6739 -2.88642
880 35.9705 24.562 -2.04727
881 6.56046 26.7224 1.3414
882 26.7623 7.96206 -2.70573
883 32.4318 25.8203 1.44707
884 11.8208 21.1678 1.5718
885 9.64166 12.7816 -0.021899
886 19.1783 21.4236 3.38452
887 39.8965 26.4527 -2.81354
888 34.5291 26.7926 -0.424664
889 2.72442 9.30956 -2.42741
890 15.2606 16.4881 -3.50319
891 18.9721 23.3879 -2.03333
892 16.8045 1.86446 -1.42056
893 33.627 28.2461 -1.34717
894 35.0704 29.462 1.99886
895 35.1944 12.2025 2.8393
896 17.0525 39.4068 2.06009
897 36.1273 12.5077 0.600517
898 20.3151 16.9234 -0.515595
899 12.2237 24.3108 1.09695
900 14.4145 7.14674 -3.17357
901 3.08747 36.1569 0.567028
902 36.5408 30.5561 -3.07919
903 10.1832 36.5172 -3.93177
904 18.2814 36.8128 -0.107679
905 29.1616 34.6109 -0.305
906 21.0553 20.5024 -1.65935
907 11.0934 29.0159 -3.79572
908 35.5529 34.0141 0.908625
909 16.0366 2.42168 -0.810767
910 35.4237 19.7771 -4.42231
911 32.7005 28.8056 0.44569
912 23.8141 20.8007 0.793622
913 39.1872 31.3916 0.541487
914 3.43878 21.9658 0.367023
915 34.9991 34.915 2.06135
916 22.9724 20.5499 1.34941
917 10.0914 25.4602 0.0410363
918 39.8881 3.95052 -2.73424
919 25.2994 21.908 -2.7147
920 3.69374 24.533 -1.25127
921 22.3638 22.5242 4.30873
922 24.3277 14.6581 1.79516
923 4.21068 24.0066 -2.94089
924 33.3434 30.2984 -1.81383
925 23.6366 1.45186 -0.36957
926 28.5634 38.288 -4.1219
927 6.46825 33.2582 -2.58138
928 39.5445 1.12335 3.26125
929 38.8673 31.5257 1.61142
930 8.94034 9.01961 -3.71109
931 16.7045 16.5603 -2.19974
932 6.77502 22.0115 4.69687
933 14.6864 6.75231 -3.48146
934 30.3857 23.681 -3.3298
935 9.68883 8.72158 3.58152
936 13.19 21.3853 1.52163
937 15.3786 39.9537 -0.380012
938 21.2203 24.6771 0.305435
939 17.764 12.0731 -2.53417
940 16.9291 26.6074 4.09257
941 26.463 15.3551 -3.66883
942 7.95529 10.6374 3.24499
943 12.677 7.97255 0.779546
944 4.3782 36.8172 2.05228
945 4.4142 8.70352 0.0203451
946 19.843 23.8867 -1.94887
947 18.2675 7.15909 1.72522
948 21.0092 6.56117 -1.68279
949 7.04306 14.7909 3.00422
950 38.0508 35.7515 2.84613
951 11.4726 7.35008 1.37391
952 16.085 24.0415 -2.30772
953 32.5405 22.7502 1.01502
954 7.30559 39.2392 2.64289
955 1.44848 2.83406 -1.93234
956 30.2244 12.9928 -0.889828
957 34.8854 20.1576 0.124597
958 4.86338 37.2833 2.77432
959 24.6106 1.15943 3.44012
960 3.00777 38.0969 4.3706
961 1.82474 25.1051 3.01438
962 12.3168 28.5956 -2.8922
963 13.5918 39.1537 4.35337
964 3.04763 8.51707 0.0450252
965 35.3206 24.4121 4.7784
966 13.3764 17.0137 -0.847657
967 16.1161 38.9697 0.790964
968 31.2962 22.4805 -0.442409
969 15.6199 4.08984 1.40085
970 21.4621 33.4657 -0.702771
971 29.9848 11.9387 1.53258
972 12.3935 15.6021 -1.17481
973 8.63272 25.8586 0.29536
974 23.4609 22.5847 2.03657
975 11.8184 21.1435 2.02444
976 5.2184 9.82069 2.33688
977 11.4681 34.8189 1.54371
978 14.5323 33.0775 -0.157745
979 4.36043 0.493438 2.00769
980 37.731 12.9831 0.420145
981 4.55236 22.3554 -0.0260642
982 38.7936 8.21398 -3.51982
983 30.9222 15.466 2.67679
984 10.9385 33.183 1.33357
985 3.87804 23.0146 -2.52092
986 21.1307 16.4723 2.32548
987 10.5911 14.9783 0.885355
988 5.79472 27.1875 1.02252
989 23.617 29.5862 -1.34949
990 20.1916 14.1287 4.50806
991 10.6697 24.8574 0.743423
992 4.37832 19.2725 -2.35792
993 15.5259 16.878 -0.127673
994 21.4337 24.1045 0.193466
995 14.7514 14.2121 -3.30136
996 31.402 21 0.570261
997 35.1418 18.1285 -2.65394
998 38.6477 36.8197 0.463423
999 33.8902 18.8026 -0.832487
