1000
Particles
0 1.41103 34.4623 1.34578
1 38.1248 21.1771 0.62847
2 18.5647 3.67906 3.45572
3 10.1222 35.2934 -0.489964
4 16.4356 22.1442 1.38291
5 21.4053 8.54006 -2.04002
6 29.54 1.52794 0.916141
7 33.9247 19.5682 -0.386863
8 7.35002 27.6805 -1.14962
9 28.7235 16.0859 -0.693715
10 26.599 34.2219 3.10934
11 1.00185 34.3818 1.88115
12 34.7398 30.7377 -0.267781
13 2.98168 7.99033 2.75105
14 27.1973 20.4467 -1.27728
15 22.089 28.5284 -0.584801
16 22.9852 33.0846 -0.501637
17 32.7072 12.4716 -1.38791
18 34.4779 9.88032 2.36216
19 18.952 27.6712 -1.34964
20 6.76629 10.1494 -1.84189
21 3.17136 4.00311 -1.73913
22 1.57701 13.231 3.99404
23 32.0771 19.709 -1.9397
24 39.7618 6.04378 -1.26507
25 1.45472 32.5261 -0.748194
26 17.6409 33.393 0.390633
27 16.4004 17.5328 -0.717142
28 3.06568 31.952 1.60831
29 31.1917 4.74533 -2.51814
30 20.4754 22.5116 0.0646686
31 12.276 14.3609 2.87934
32 20.6529 8.56442 -1.79919
33 12.4764 4.08035 0.354751
34 25.0024 13.0758 -3.87047
35 23.1982 4.46978 -2.7213
36 17.3462 39.4145 2.75015
37 37.927 26.7027 2.05116
38 34.9561 39.4618 -3.35063
39 32.8028 18.6198 0.2423
40 36.8792 35.5578 0.625853
41 12.5305 11.8713 0.369878
42 36.7794 15.7191 3.09866
43 29.0175 33.971 2.30861
44 20.3741 25.83 -3.10086
45 5.08863 33.272 -1.48054
46 39.949 5.35775 -2.80577
47 35.8323 6.84255 -0.509915
48 5.20774 34.7966 0.203054
49 7.66075 31.851 -1.30976
50 38.0721 2.14466 -1.47252
51 20.6678 38.1774 -2.83075
52 30.5181 12.7828 4.0097
53 14.5175 3.20458 -1.08321
54 29.7305 26.8352 2.08183
55 0.485642 15.0211 0.889572
56 22.8558 6.15434 -2.65181
57 2.80235 35.8483 1.9942
58 38.4216 27.1541 0.748564
59 6.80499 32.6611 -2.68392
60 9.02832 30.4037 0.69411
61 15.6815 31.0523 -0.827492
62 36.2094 1.54807 0.043614
63 9.09425 16.3941 4.36692
64 0.513789 25.3207 -0.86825
65 12.1752 37.4879 1.47226
66 8.8645 17.845 0.296716
67 24.9865 20.7286 -0.174464
68 13.471 2.30852 1.48165
69 13.7269 3.46956 -1.80731
70 6.3097 38.2207 -0.930171
71 24.5202 10.2459 4.21929
72 4.06072 16.008 -0.0999522
73 21.0684 28.4341 -0.242215
74 7.15519 7.47098 -2.60561
75 2.44987 32.3912 2.18974
76 17.0626 4.0558 1.73428
77 7.50667 26.455 -0.472832
78 3.90288 33.2208 -0.695877
79 38.7949 6.14439 -0.0766048
80 35.4881 5.95644 -1.92459
81 2.88281 27.505 -1.20413
82 11.9607 9.17922 1.59795
83 14.6066 31.3507 1.80792
84 18.0572 14.1356 1.35499
85 39.3484 19.9323 -0.453447
86 21.0869 6.39753 0.854438
87 23.3994 36.9109 2.17145
88 39.7903 39.8013 -0.0463066
89 4.00323 0.899364 0.446088
90 1.04863 35.4616 -0.977405
91 22.6548 14.1786 1.68091
92 13.6835 22.5851 0.203681
93 18.7466 1.10607 -1.37887
94 16.0109 24.4216 -0.163418
95 19.6208 2.88667 1.36956
96 10.8197 31.7271 1.40666
97 23.0529 34.7068 -3.8196
98 38.8246 19.5402 -2.29959
99 13.0735 3.98528 -0.467304
100 26.2945 20.4477 -3.145
101 21.6725 25.3196 -1.00225
102 22.0455 32.3013 0.409231
103 8.75854 3.11839 2.4092
104 24.2495 7.13286 -1.95085
105 20.4976 33.4839 -0.0257463
106 30.3713 15.2284 1.17969
107 21.1201 23.2951 0.552266
108 27.873 12.1646 -1.6296
109 3.06215 35.0347 -0.185614
110 15.6309 1.79561 -1.26158
111 37.8782 33.7747 -3.38864
112 30.3646 39.9419 -3.92151
113 37.1655 26.4786 2.64207
114 35.4763 27.0206 0.151354
115 29.2265 24.2812 1.65545
116 22.9876 30.4622 1.2396
117 27.1836 32.8065 -0.461589
118 24.6522 4.46283 1.25548
119 33.9852 13.3957 -2.26407
120 23.7347 29.3576 -1.53025
121 25.0736 12.6638 -1.22549
122 39.012 19.5742 0.0342608
123 5.79549 31.3477 -2.73973
124 10.361 1.23917 1.48254
125 25.191 39.1453 0.401022
126 22.4865 26.2971 -3.41208
127 37.3284 8.1207 4.39726
128 32.6266 10.3368 -3.21726
129 0.368109 14.62 -0.93882
130 33.6152 5.6981 -3.1111
131 32.897 25.7345 -1.68613
132 19.1328 1.31913 -3.54528
133 39.6564 33.4023 -0.32412
134 2.34979 31.6346 3.24052
135 10.3551 5.02503 -2.92805
136 28.3668 7.23488 -0.908611
137 26.7799 31.9415 -3.24009
138 8.38203 20.4801 3.58388
139 14.782 1.28657 -0.211316
140 23.8835 33.1666 -2.72459
141 33.0908 29.5539 3.51005
142 26.1291 8.67021 -0.879617
143 19.4711 24.3774 -1.6959
144 38.9541 30.4516 2.25784
145 22.8638 20.5604 -0.154103
146 35.5659 9.94937 -3.28178
147 34.3413 1.43499 -0.625631
148 38.0176 8.34355 3.86916
149 13.3414 24.234 -0.826935
150 20.2251 21.4028 0.840908
151 33.4131 35.9924 1.32352
152 17.7119 15.0902 0.134883
153 19.2448 2.52303 -3.8842
154 23.0431 39.2365 1.79304
155 33.8805 24.7735 -0.140453
156 0.642276 27.1316 0.735454
157 15.7887 9.11753 -0.566821
158 14.1954 36.4025 4.4324
159 19.3212 26.3605 -1.20754
160 38.3792 15.0568 0.843687
161 6.91306 23.1984 -3.37953
162 24.2528 30.6542 3.04884
163 8.46332 8.65053 -0.442348
164 17.9311 3.96755 -1.38774
165 27.0229 10.431 0.106206
166 33.1237 12.0836 -0.539442
167 12.4244 34.6048 -0.702541
168 36.3524 22.4701 2.59513
169 37.7534 36.589 2.0829
170 5.15694 36.1268 -1.4151
171 22.7304 39.9552 2.34436
172 2.65129 18.2023 -2.73571
173 22.402 33.9693 -1.84207
174 15.874 38.7649 -1.47901
175 4.2358 4.82827 1.44521
176 18.132 24.3592 1.54041
177 14.0794 8.09725 1.29698
178 27.5821 15.6232 -2.83014
179 28.546 10.3871 1.21921
180 15.0543 9.85499 -1.09925
181 0.0775409 27.678 0.757358
182 19.5099 20.9531 0.905909
183 3.66157 24.129 -1.54666
184 36.6305 8.6069 0.901513
185 10.412 13.7457 -4.1223
186 20.9123 4.9435 0.510995
187 7.99643 38.9267 1.51389
188 25.7224 20.0518 2.152
189 5.09732 25.4318 2.56929
190 23.887 24.1505 -3.17536
191 14.6109 29.9633 -0.678908
192 38.972 2.37213 -2.47782
193 27.3935 21.5578 1.94748
194 21.3096 25.3086 -0.573207
195 8.66873 16.1074 2.2363
196 27.8354 35.2881 0.991911
197 18.9096 34.3329 -3.53459
198 30.7225 19.8441 -0.078787
199 11.8446 8.68402 1.63982
200 33.4148 36.16 1.29948
201 37.407 19.2229 1.14642
202 11.915 19.6039 -1.09494
203 25.3324 13.8162 -2.90503
204 32.0819 31.5938 0.576565
205 37.5852 29.6072 -2.1456
206 17.7054 4.15566 1.44011
207 38.1968 32.9635 -1.65803
208 33.1097 20.6701 0.40546
209 11.4085 35.756 2.01025
210 12.6665 24.1347 -0.982921
211 34.3165 16.8103 2.55705
212 0.0312428 32.7675 -1.73612
213 1.03537 5.41238 -1.20445
214 27.9969 18.6054 -2.15578
215 33.08 20.1376 0.816854
216 29.1054 21.7811 0.0180238
217 7.60685 9.8044 0.0278239
218 13.9441 18.6508 -3.23664
219 23.1983 35.9149 -0.720469
220 13.7396 4.04467 -0.38845
221 20.6866 10.5651 -1.71506
222 39.2381 31.7422 0.444998
223 19.2726 22.1356 0.553661
224 5.01617 33.0314 0.375784
225 35.3304 9.58593 2.02688
226 36.2524 19.6152 -1.18301
227 1.10125 12.9415 2.71017
228 16.0699 6.19628 0.297964
229 37.9246 17.4769 2.94013
230 30.194 12.1598 1.52401
231 17.94 29.998 -3.27441
232 33.7808 4.2714 -0.92011
233 39.4493 6.01192 -2.44758
234 8.74793 37.7763 -2.17739
235 0.0283286 6.11833 0.179209
236 14.4558 38.4328 0.276868
237 14.4059 26.2806 -1.36328
238 12.1816 11.262 2.05541
239 30.2041 6.75866 1.91904
240 16.5871 19.2868 -1.70394
241 8.67963 30.9838 0.0774897
242 3.88482 4.63881 -0.924504
243 27.8787 1.22448 -0.762843
244 35.8899 16.5334 -1.43116
245 19.6765 4.17018 2.68544
246 25.7956 5.17082 -4.36413
247 7.02068 36.5421 0.427973
248 9.55481 28.0263 0.680632
249 14.0915 38.8595 1.67737
250 19.1978 2.42404 -1.89467
251 1.34959 3.53412 1.3864
252 31.913 15.5098 -2.68246
253 30.817 12.9898 -2.4318
254 0.529522 37.68 -0.560569
255 29.2474 28.6001 -1.00437
256 8.1646 6.32527 -1.09195
257 29.2787 17.5903 -0.0618705
258 29.4014 35.495 0.509172
259 0.186543 15.5272 -0.335804
260 3.90024 10.5224 -4.08803
261 31.4342 27.3903 0.46358
262 28.0369 35.012 -0.00482623
263 2.20496 7.29122 1.16939
264 10.5491 25.4922 -1.82557
265 0.301828 28.5523 1.28193
266 38.5792 14.9257 2.32627
267 1.54189 31.4255 1.74786
268 11.3351 24.8791 -0.567569
269 24.4835 35.6464 -1.20204
270 4.61557 13.7369 -1.70405
271 34.5632 10.6821 2.30759
272 16.4181 20.4361 -0.17444
273 28.7469 36.5775 -1.44486
274 15.2341 5.96109 -0.682549
275 9.34652 24.5354 2.10981
276 25.402 19.5297 2.38355
277 3.0975 22.7366 -1.84689
278 3.71728 16.1329 0.217794
279 7.30367 26.6977 -0.847605
280 5.84979 24.5744 3.31453
281 25.1804 15.7122 -1.58116
282 14.7932 20.402 -0.202579
283 20.348 34.3171 -3.06543
284 25.6813 18.4075 4.06718
285 39.3081 39.8754 -1.29214
286 35.4632 6.73865 -2.33585
287 17.6219 12.9101 -0.295606
288 4.07722 38.5442 3.29185
289 10.5443 30.8698 1.80688
290 33.5522 25.5414 -0.307899
291 15.1235 7.45089 4.33585
292 37.7075 18.2131 3.59562
293 5.97614 4.09842 -0.999906
294 30.7603 27.4747 0.72288
295 20.0441 14.3756 -4.32609
296 23.443 26.6323 -0.475133
297 38.589 29.5529 -0.601946
298 22.4026 34.3676 -2.66809
299 21.3434 25.9147 -2.89044
300 24.7993 5.62618 0.23174
301 26.6123 24.332 1.02564
302 18.3551 33.1078 2.4613
303 5.02707 23.747 -3.62396
304 7.12084 29.6877 3.08446
305 4.97875 22.9604 -2.86363
306 28.0842 10.8374 3.99351
307 10.7429 14.7795 -3.93835
308 3.16042 23.7817 -0.954389
309 14.0094 35.4299 -4.53048
310 17.0901 23.0924 0.469444
311 21.6293 6.76549 0.213308
312 35.7289 39.3164 -1.64162
313 23.6315 34.9308 -1.9845
314 18.3578 4.98026 1.37509
315 1.02954 33.8216 -1.25881
316 38.8071 33.6124 -2.89095
317 20.5605 26.4568 -2.69596
318 27.8159 26.4621 -1.13364
319 3.7689 1.32465 1.17964
320 5.21349 23.5141 -1.71024
321 29.4454 4.20477 1.47972
322 2.22912 32.4191 0.472057
323 14.0825 35.3054 -1.97409
324 27.5243 12.7262 -1.65958
325 11.7288 30.8919 -1.57616
326 5.01733 15.6365 0.103888
327 18.8981 36.3469 -3.12694
328 15.9197 30.41 0.540069
329 7.75731 21.8439 0.128879
330 0.444266 10.4748 -2.66126
331 19.8036 34.2742 -0.567118
332 32.7232 12.1974 -1.11087
333 30.9028 17.6925 0.876312
334 14.7356 3.87052 -1.88569
335 3.99204 0.58758 -1.88279
336 14.3605 36.1356 1.41599
337 11.1687 22.1367 1.5243
338 11.7518 27.1955 0.144321
339 37.5799 30.031 -2.34471
340 6.98108 22.859 -1.00475
341 34.3873 29.685 -2.96061
342 8.68702 21.6123 2.09699
343 11.6078 17.493 1.48622
344 12.1371 0.277685 -3.91684
345 31.0635 25.2609 -0.810937
346 18.3022 7.86315 1.15367
347 3.8163 37.8223 2.31435
348 9.19369 23.2452 2.75361
349 17.3757 24.2374 3.18244
350 3.75676 20.3355 -1.8125
351 6.72382 18.4425 -3.68874
352 29.3444 26.8052 1.38468
353 23.9573 8.38808 -1.34026
354 39.4593 39.204 -2.92278
355 15.4653 24.4275 3.21899
356 32.5618 0.620568 -2.3493
357 10.7862 25.6823 0.55745
358 15.0091 14.0913 -0.887519
359 33.4181 24.9076 -2.00298
360 28.7867 23.4218 0.513961
361 30.5744 33.0047 2.33189
362 1.24959 25.8274 1.31984
363 0.030662 10.0481 -2.05019
364 7.32948 17.2477 0.111536
365 9.35595 37.0577 -1.23714
366 17.0204 10.5521 1.45139
367 12.1257 37.8527 0.338481
368 26.0969 7.44638 0.133892
369 14.2668 0.189583 -0.370296
370 20.6521 28.6508 -0.733391
371 25.1048 19.1508 1.03321
372 21.7815 27.0668 -0.902483
373 16.4752 15.0349 1.96849
374 15.0064 16.1007 4.4618
375 13.1167 12.348 -0.604596
376 36.8419 29.2853 -2.75422
377 6.33496 8.3511 0.0342007
378 13.5836 5.30936 -1.57483
379 35.1762 27.4272 0.694799
380 33.1763 28.5205 1.21441
381 11.818 35.2902 1.61818
382 3.89649 16.7033 2.09724
383 22.8315 33.9177 -0.760098
384 30.2639 11.8919 3.6024
385 18.807 21.9154 1.97133
386 27.4219 8.99479 -2.64959
387 36.4827 37.5672 1.37894
388 33.4148 26.213 -2.25449
389 4.6781 3.24289 1.22675
390 33.4048 23.2115 3.24236
391 13.7144 12.8293 -0.184765
392 20.4571 23.7219 -1.87295
393 23.0385 6.12591 -1.52532
394 26.6906 35.9084 2.51121
395 33.5844 13.4388 -1.34587
396 2.33757 2.13123 -1.60725
397 5.74178 4.35298 -0.826022
398 36.6618 29.3562 -0.426319
399 33.7504 22.8431 1.08734
400 4.57353 39.7469 2.87981
401 26.2666 32.7692 -2.43461
402 39.5993 10.6247 -2.98777
403 1.3419 25.6705 -0.248878
404 20.5568 26.5343 -2.17573
405 3.0623 22.1916 1.27124
406 25.0363 3.96653 0.821051
407 35.8982 10.7041 -4.48049
408 1.05531 12.018 -1.20446
409 16.7351 3.15546 -1.99217
410 20.1979 24.5104 -2.94631
411 14.7811 29.0047 1.42043
412 3.37937 39.4009 0.271379
413 11.0779 14.8388 -3.96336
414 6.59138 13.9452 -2.45315
415 9.98783 26.5594 -0.525373
416 18.1378 37.2542 -2.68157
417 39.3932 0.0851693 -1.64189
418 26.0216 23.7689 1.94612
419 23.5447 5.66889 -2.45054
420 23.4163 3.96397 -1.59314
421 5.90379 18.6244 1.61085
422 11.0505 13.5554 -3.12424
423 30.1121 6.1106 -0.19936
424 22.2956 25.1934 0.986017
425 18.6662 2.3564 -1.7854
426 9.73427 22.8844 0.496733
427 17.8341 24.0115 2.10047
428 4.79709 4.50719 0.527022
429 0.868679 8.92192 -2.89691
430 17.8072 17.5687 -1.28609
431 6.57881 8.73673 -0.949043
432 22.0887 33.1876 0.375855
433 26.2707 21.0035 -0.743387
434 11.8166 25.2704 0.341761
435 29.806 34.2631 -1.65184
436 3.40489 28.4802 -1.50284
437 12.9175 32.6211 1.54487
438 4.15127 24.8929 0.855957
439 32.8218 16.4804 -2.16981
440 21.7798 9.0088 -1.17975
441 14.5133 0.311859 0.554098
442 5.45897 21.7987 -1.07412
443 26.5428 15.6043 0.890499
444 11.7256 16.6847 2.58193
445 14.5081 19.0908 -0.741366
446 14.7081 12.9524 -1.24952
447 5.86886 4.98314 -0.806569
448 31.4383 31.4143 0.706642
449 15.5651 21.8336 1.61746
450 1.8802 20.3762 -0.776149
451 36.3536 10.4984 -3.69741
452 13.2596 13.3907 1.72932
453 5.80571 24.3179 -2.13177
454 36.8049 9.30783 -1.34725
455 34.4864 9.83029 2.41281
456 7.4426 7.66653 -1.02313
457 21.3065 15.1718 -2.32653
458 31.9165 19.2071 -2.30211
459 14.333 3.83273 -0.120408
460 9.26384 39.3397 3.83772
461 7.40752 38.3583 0.777054
462 27.3275 15.7368 -2.74498
463 5.21708 34.6259 3.17262
464 29.3781 23.3492 -0.0152146
465 28.9949 13.9449 2.85118
466 33.0582 20.9428 1.53999
467 12.6667 33.1384 0.649362
468 24.6363 30.1455 3.97877
469 15.5811 37.0965 2.72241
470 9.95351 14.814 -2.88249
471 36.8124 21.8007 1.31485
472 13.5492 7.44158 0.649627
473 10.4441 38.0365 -2.11694
474 7.65015 37.1726 2.82167
475 32.1262 7.39998 2.70299
476 13.3789 28.0874 0.529977
477 11.7589 36.4164 2.29338
478 23.6734 21.3066 0.134795
479 35.0014 29.0705 -4.06627
480 32.7562 20.1807 -0.365728
481 26.1863 36.7865 1.60099
482 6.26584 31.6704 -2.12409
483 10.6632 32.8465 0.796914
484 17.4252 33.7058 0.68581
485 8.01136 37.5835 1.22892
486 17.2399 28.8792 0.690109
487 34.3308 29.1771 3.43119
488 34.6569 10.6955 3.80439
489 19.824 2.62361 -2.65506
490 8.80103 0.858409 2.37334
491 15.045 11.9674 -2.66401
492 22.4935 2.5736 -0.462439
493 6.47215 25.2883 -0.78125
494 10.2661 14.2212 -0.180163
495 32.9309 13.0912 -2.23112
496 26.0635 22.8714 3.1105
497 3.02273 31.5277 2.28631
498 17.7696 14.753 -2.15754
499 10.1237 20.2981 1.37324
500 6.42031 13.8792 0.181105
501 29.5866 9.86329 2.62493
502 3.94873 4.84799 -0.680219
503 20.2241 26.9894 -0.25953
504 36.6889 35.9594 -0.566869
505 7.60468 7.64439 1.39185
506 29.3832 27.9935 -1.7182
507 20.2706 9.32405 -3.21966
508 1.70846 29.5314 -0.194089
509 18.4732 1.07974 -0.361329
510 39.02 4.97304 2.0398
511 22.9915 33.2504 -1.65171
512 33.0611 29.2278 1.51703
513 10.9905 26.6828 0.85099
514 9.6122 32.0028 1.02296
515 15.9421 13.7818 0.00234137
516 19.418 2.61221 3.13242
517 15.5729 14.2336 -3.30151
518 10.2438 10.5047 -2.65947
519 20.1483 23.6595 -2.67719
520 1.04432 5.02335 -2.08446
521 35.6458 26.7716 0.0686331
522 22.6548 18.5808 1.64181
523 11.8088 17.6706 0.867439
524 10.5776 26.3951 -1.4171
525 4.97136 16.4293 2.50146
526 7.05282 26.1784 -0.70733
527 16.2412 4.63647 1.65764
528 19.8611 6.0276 -1.07782
529 33.7123 5.85345 -2.78916
530 34.5007 10.9949 3.09974
531 28.1419 10.5183 -1.16299
532 19.4589 38.1545 1.12594
533 19.5028 27.2961 -1.26669
534 10.633 23.016 1.53385
535 0.590615 0.505472 -3.33493
536 32.5397 15.2076 -2.41598
537 37.7498 25.8375 0.486979
538 2.00212 2.02216 0.0194138
539 4.95809 4.04445 0.30421
540 28.0495 20.0686 -2.65329
541 25.9931 23.5799 2.2647
542 35.5449 28.6378 -2.3572
543 8.45785 18.4197 1.21998
544 37.5808 0.517268 -2.84185
545 16.7812 27.9519 -0.836761
546 2.54889 36.7179 2.40642
547 6.18705 13.6255 -2.66328
548 37.1313 30.6509 -2.67452
549 36.3256 27.486 1.47976
550 4.42309 26.425 1.94993
551 28.2142 15.7471 -0.843269
552 1.99045 39.0809 -0.142939
553 13.2247 32.3022 0.917432
554 19.6427 9.4808 -1.7461
555 0.739689 12.2285 -2.43918
556 32.3367 23.9489 -1.60182
557 7.07656 23.2872 -1.74247
558 0.675872 4.48637 -2.24903
559 26.5945 28.8293 1.22339
560 28.9254 26.6464 0.425073
561 0.749792 23.3658 -1.77032
562 6.1129 26.4032 -4.65818
563 5.70188 13.4919 -2.42388
564 17.1161 24.0083 1.80973
565 1.75875 22.3841 0.839015
566 18.1222 34.744 2.56446
567 31.3808 12.7025 -0.397187
568 1.34612 5.35405 -1.05531
569 34.8562 23.3587 3.42579
570 39.7497 30.8568 1.44616
571 16.4208 13.9032 0.174683
572 34.931 28.7895 -2.66442
573 22.8051 34.2759 -3.42345
574 7.81473 22.4297 -0.420733
575 22.3152 15.6028 0.996951
576 2.76382 37.4337 2.81977
577 18.5383 29.8972 -2.99196
578 11.8551 37.633 -1.79663
579 10.0352 10.6247 -2.79456
580 11.5513 29.9315 -3.1937
581 8.54127 29.7609 3.57599
582 30.3673 19.119 -0.598746
583 23.4214 35.2183 -1.6043
584 38.6365 6.20407 -2.31714
585 39.2204 21.3603 3.70872
586 22.0462 23.4386 0.0581913
587 32.163 32.503 0.692359
588 21.2342 33.2715 -3.47379
589 24.4394 21.5406 0.158285
590 3.73544 3.47936 1.56029
591 3.37388 25.574 -1.65399
592 34.7616 28.1507 0.158371
593 11.847 20.3003 -1.42211
594 3.42676 2.38519 -1.78125
595 29.3882 17.6165 2.44994
596 0.742531 34.0751 0.882534
597 28.4 13.6179 0.716541
598 35.2697 12.0907 2.08351
599 11.1505 32.2707 -1.63512
600 7.23758 36.4664 0.637445
601 19.4539 36.4391 -2.23847
602 10.2682 22.1684 1.49167
603 18.0118 13.7055 0.593225
604 30.3017 25.3389 -1.01626
605 9.8944 35.1835 -2.45568
606 6.17897 30.1484 0.380972
607 39.7955 6.21404 0.408302
608 6.12633 6.31265 -2.28904
609 21.759 0.804764 0.269462
610 33.37 20.9079 0.836717
611 1.67322 26.2198 -0.47981
612 27.013 8.36261 0.0594329
613 24.4464 11.7694 0.954745
614 2.81331 3.09416 0.160907
615 33.2297 12.8068 -0.035587
616 36.0777 15.3182 0.201788
617 23.3631 29.1977 -1.81713
618 4.35921 39.2469 -0.0608375
619 22.9328 34.5857 -3.36808
620 39.7997 38.5403 -3.32726
621 26.0651 15.6027 -1.33769
622 20.534 2.95245 1.13625
623 17.8484 4.65921 1.82704
624 28.4683 7.70318 -0.982076
625 23.3931 7.6294 -1.5328
626 8.31231 37.1411 1.36696
627 7.65939 35.9199 -0.341203
628 17.6051 1.72699 -2.70546
629 24.7142 39.4483 1.89797
630 36.847 29.6935 -1.94987
631 27.6039 0.555033 0.189211
632 32.2399 31.3272 -1.99436
633 39.6108 26.1911 -1.20559
634 2.95945 8.01425 -0.651257
635 26.31 25.878 -0.537753
636 21.8018 6.98045 -2.1201
637 5.5393 25.3443 1.06727
638 31.7205 27.1676 1.27545
639 38.1342 9.27635 2.11866
640 6.29126 22.5597 -2.99586
641 24.6647 6.2004 -1.62596
642 15.4541 37.2567 3.33587
643 28.3176 25.1956 0.850456
644 15.036 4.622 -0.106547
645 6.18371 11.5709 -0.551098
646 6.49746 6.0293 -1.83527
647 10.7378 14.8181 -2.30051
648 30.6326 34.3382 -2.12251
649 14.4235 22.1248 -0.652747
650 27.5626 13.2766 -1.28545
651 22.3185 20.9767 0.461811
652 7.94055 36.5396 -0.0116675
653 12.9499 3.48613 -1.02911
654 20.3587 14.0629 -2.4212
655 38.8245 32.9929 -1.61766
656 8.29075 10.3665 1.02617
657 21.9688 9.95603 -1.01674
658 8.78967 29.9377 2.45864
659 38.5581 36.3118 0.221801
660 27.3593 13.0218 -1.17712
661 0.334401 17.802 1.84746
662 35.5758 37.2974 2.43786
663 10.5557 22.4589 2.55965
664 28.8375 13.9627 2.0247
665 35.5389 37.437 4.22465
666 24.0965 38.1777 2.6482
667 37.301 33.9383 1.90325
668 13.2064 34.8436 -2.90964
669 13.8829 31.7143 1.55735
670 38.7139 28.9132 3.4098
671 32.9415 2.80882 -0.0721792
672 18.3572 30.6828 -1.06875
673 0.361208 1.19769 -0.427991
674 7.6377 20.2536 -1.70074
675 29.9503 15.7415 1.62671
676 31.7046 37.0856 2.1006
677 33.6331 19.7666 0.115222
678 25.0864 39.8059 -0.148978
679 21.1873 22.9659 1.88054
680 21.7051 28.9301 0.544036
681 8.89626 0.32118 3.23849
682 33.084 1.95704 1.14231
683 22.347 26.5111 -4.29273
684 9.74025 1.74121 0.801526
685 28.4285 28.4002 0.141818
686 39.0425 1.2451 0.0191666
687 22.4234 12.6845 2.26201
688 26.2276 5.15861 1.42899
689 17.3672 3.51424 0.382501
690 20.0494 33.7182 -1.53669
691 18.4704 32.7948 0.681927
692 28.8636 13.3112 0.433633
693 3.56163 21.2036 -4.64269
694 27.5625 24.9332 0.679442
695 19.4122 27.5818 -0.0123845
696 24.7449 26.3955 -0.929694
697 33.9771 5.16241 -0.330117
698 36.1935 16.5934 3.47653
699 28.1433 24.8774 0.815794
700 3.17967 2.47411 -0.464768
701 19.2179 1.69009 -4.24297
702 39.9177 4.85791 -1.10561
703 39.8559 11.8822 2.42919
704 24.706 33.8907 -0.528115
705 10.4235 33.9701 0.184207
706 36.2248 35.924 -0.873918
707 14.9322 9.62164 -2.26773
708 31.1759 14.0912 -0.850625
709 27.311 10.9746 0.198303
710 17.1869 31.8475 4.07209
711 34.9337 26.7957 -0.589068
712 29.0204 14.1706 0.221976
713 30.466 17.0738 0.523838
714 24.0087 31.5708 3.26787
715 39.2446 1.31384 0.083103
716 20.2685 31.4917 2.88196
717 15.3609 28.7779 1.35604
718 8.9579 31.5745 -0.614747
719 8.38496 36.1783 1.60968
720 9.04088 29.6946 3.3503
721 28.4291 37.1092 -2.95767
722 38.6716 39.0456 -3.03926
723 17.4145 0.701252 -1.88344
724 16.8319 38.7087 3.22347
725 24.1876 36.6457 1.45712
726 6.69623 29.5521 2.65146
727 7.22463 27.8797 1.05453
728 38.1401 4.74834 0.826776
729 20.9244 0.786621 -0.456641
730 23.3575 8.91183 -2.68177
731 30.3824 20.2288 -3.62288
732 25.3765 33.5972 1.78674
733 36.3217 32.0203 2.52129
734 31.0482 9.76828 -1.12859
735 17.5996 24.1092 0.72294
736 18.0066 31.2963 -2.86237
737 38.378 35.6705 1.34094
738 19.4581 7.95569 -1.54359
739 12.6765 26.7857 2.07606
740 38.6503 24.7339 0.139736
741 9.65595 37.6183 -2.27246
742 19.0458 12.0004 -0.769104
743 21.9129 23.979 0.257115
744 34.5462 15.2812 -0.0775504
745 12.5775 36.4672 0.732769
746 12.326 10.3048 2.85823
747 14.8538 22.5339 -0.213861
748 19.0787 30.01 -2.78257
749 5.35258 5.23743 -0.425542
750 3.76847 37.3074 0.460577
751 9.84462 3.74346 -1.37498
752 0.550556 17.6745 3.53704
753 13.7314 21.9447 -1.79235
754 27.7264 25.8073 1.03588
755 23.6835 5.84316 -1.52236
756 1.88657 2.12028 -1.94691
757 13.6187 22.53 -0.402455
758 36.1664 22.3523 0.923576
759 7.03577 30.3665 -2.41839
760 33.4271 34.3858 -0.61063
761 14.5237 21.5534 0.758597
762 23.5268 27.1023 -2.96531
763 9.68242 0.0494842 1.60128
764 25.1635 5.63723 -3.95792
765 32.0663 23.8188 -3.53453
766 7.97799 17.1623 0.252169
767 32.0842 12.2695 -2.64926
768 6.15673 13.1174 -1.65525
769 16.9972 31.5456 3.84461
770 6.89668 25.3067 -2.7729
771 4.59 23.7568 -1.98628
772 12.8128 36.0156 0.697312
773 35.1738 29.9891 1.8336
774 38.5014 0.474999 -0.636264
775 17.5812 10.3078 1.53597
776 8.68325 18.3394 0.575038
777 3.26113 24.0126 -2.16463
778 34.6915 22.7939 0.344268
779 15.9179 38.3185 4.0558
780 4.62272 2.4001 -0.043065
781 39.7135 1.40314 0.865675
782 11.1183 12.5852 -1.06006
783 13.5903 7.66363 1.02924
784 33.5248 1.76808 -0.190194
785 21.2194 13.8373 -2.5981
786 5.22015 22.4488 -2.35314
787 31.7229 2.54924 0.890664
788 3.49305 37.9875 2.3495
789 36.0431 10.9906 -4.07474
790 12.0164 28.3133 0.601319
791 14.1081 23.0876 1.19394
792 7.70015 27.9556 -1.02863
793 20.8011 34.644 -1.07537
794 20.2862 27.7139 -2.68474
795 6.58704 9.92869 0.501402
796 20.8096 25.9449 -1.20164
797 36.8019 29.7561 -3.68216
798 24.4249 11.7857 1.74949
799 23.6338 7.36886 -2.02456
800 35.2629 6.872 -0.60515
801 17.9612 11.8454 -0.6312
802 33.3524 19.7849 0.768103
803 16.1457 1.40604 0.0270803
804 0.642402 22.9145 3.20817
805 0.226562 22.8226 2.07638
806 14.9484 30.8882 1.96061
807 21.686 12.6671 1.97698
808 21.7324 25.3914 -2.52604
809 27.7869 11.5857 -4.76683
810 16.2702 38.6553 4.68751
811 5.19081 23.4735 -1.25222
812 10.0753 2.07624 0.903178
813 3.27651 10.2986 -2.29565
814 27.2022 35.4963 2.06863
815 35.2163 17.4879 -1.59221
816 19.2004 37.8052 -2.03728
817 15.49 37.6008 4.31649
818 6.18243 13.0414 0.00529821
819 24.2394 4.75241 -1.79684
820 2.51911 1.56919 1.75812
821 12.1762 14.0096 2.4907
822 8.648 2.12748 0.710101
823 23.657 1.28309 1.60704
824 32.8244 15.1958 -1.20809
825 1.99211 32.2585 3.57191
826 8.22831 16.0586 0.275379
827 1.82258 12.9976 3.62521
828 21.9818 20.3865 -0.12285
829 14.719 35.826 4.27712
830 5.79168 22.9382 -2.43817
831 12.1785 36.7515 -0.542947
832 34.6731 36.3649 0.413366
833 10.6551 14.6476 -3.35359
834 19.2662 11.4419 -1.93178
835 3.20872 28.22 -0.715221
836 18.5679 32.6 2.40691
837 31.1085 34.8388 -2.82528
838 21.4323 5.85465 -0.211621
839 4.88764 23.7519 -3.53272
840 22.2321 15.0596 2.09949
841 30.4514 29.6626 2.26726
842 18.3997 27.7384 -2.77557
843 11.6076 4.54574 1.48728
844 5.82696 23.0577 -1.31268
845 2.85291 30.9879 0.53637
846 11.9199 30.3693 -1.90034
847 0.0893731 27.2401 1.76383
848 26.545 25.3697 2.54927
849 20.0762 18.5324 -0.791453
850 36.2652 33.3676 2.01511
851 3.98445 39.9031 1.13622
852 26.8288 25.4729 -1.03783
853 25.4389 24.478 2.65623
854 1.3991 33.8491 1.94738
855 11.1148 38.4184 -2.14121
856 13.5888 36.768 1.35122
857 9.98465 21.5544 1.2467
858 4.47202 25.5809 0.838359
859 15.2417 0.668614 -1.70211
860 35.8514 17.3981 -0.496033
861 1.00928 17.8698 3.94438
862 6.64664 32.6786 -0.0870761
863 8.95507 15.3155 -1.76551
864 22.7848 8.69152 -2.94807
865 30.8183 37.3169 1.41364
866 26.9896 1.7091 -1.59788
867 26.8615 31.9985 -1.99505
868 32.7702 26.1863 -2.22788
869 37.9981 17.0849 3.54134
870 0.0569979 2.63195 3.52363
871 21.0513 25.3836 -4.02973
872 28.5386 23.8228 3.30331
873 16.1724 20.2294 -2.04591
874 36.1274 16.0416 1.79429
875 32.096 10.1409 -2.26764
876 6.83849 14.4201 -1.92869
877 35.9568 9.92694 -3.48797
878 4.56109 35.5643 -1.67485
879 1.29889 31.6591 3.23564
880 37.1223 24.0821 -4.06094
881 5.47907 26.215 1.73676
882 26.87 8.8975 -1.33132
883 32.6652 25.1997 -2.05442
884 10.1909 20.6652 -0.7139
885 8.8855 12.7174 1.74665
886 19.2639 21.2897 -0.885845
887 0.449653 26.9277 1.71021
888 33.8865 27.0835 1.90679
889 3.83876 10.8985 -1.64639
890 15.9504 17.4549 -0.5191
891 19.2459 22.8223 0.177338
892 17.022 1.89072 -0.653744
893 32.036 28.5681 1.20525
894 34.0474 30.2502 -2.18251
895 35.5467 11.2486 2.86458
896 18.7469 38.6271 -4.14695
897 35.8996 11.014 1.85994
898 18.7295 17.4312 -0.981522
899 12.325 24.0438 -2.59661
900 14.7848 7.71385 3.51517
901 2.85212 35.187 -1.32067
902 38.1473 31.4318 -0.376899
903 9.27236 35.5431 0.12771
904 19.0331 36.7807 -1.96627
905 27.5493 35.4591 0.7195
906 20.7954 20.439 -0.805786
907 12.5873 29.8629 -2.25272
908 36.9016 32.9528 4.4153
909 15.2059 2.9595 -2.22701
910 35.5896 18.9964 -0.288472
911 31.5765 27.6906 1.42759
912 25.5486 20.5814 -2.9216
913 39.5653 30.2353 -1.17013
914 4.18997 22.5455 -1.97172
915 35.0919 35.7634 -2.97269
916 22.7358 20.2564 -0.642974
917 9.67187 26.1394 0.575156
918 0.213675 4.96524 -2.27114
919 25.3096 21.3583 -2.8694
920 4.15479 24.4586 0.551659
921 22.7773 22.5658 2.54597
922 25.1293 13.5781 -3.55253
923 5.8479 23.5341 -1.4623
924 33.5544 31.0838 -2.70391
925 22.2498 2.08976 -2.27743
926 29.7148 39.4819 -2.41525
927 5.51975 34.254 -0.496494
928 0.82547 0.783604 -3.0388
929 39.0633 30.4935 -0.306521
930 9.2848 8.46039 0.537648
931 16.18 17.881 -3.17699
932 6.7556 22.8707 -0.788412
933 15.7791 7.6606 4.58965
934 29.3727 23.5355 2.99984
935 10.0283 8.4636 -0.669349
936 12.957 21.7859 2.24476
937 14.5305 1.6473 -0.311433
938 21.4787 25.7198 -2.68652
939 17.9486 12.6905 3.3272
940 17.6787 26.2419 -0.634031
941 27.5547 15.6729 -1.3379
942 8.07761 10.2114 0.820012
943 12.5186 6.84089 -1.16674
944 4.554 35.3216 1.26242
945 4.06276 7.98031 1.07458
946 20.3847 25.2616 -2.64849
947 18.8047 5.63244 -2.33391
948 19.4632 7.6945 -2.275
949 6.18264 14.1548 -1.1527
950 37.689 35.9302 0.514542
951 10.5073 6.58305 -1.2023
952 15.7205 25.1754 0.652667
953 33.0602 23.3856 2.16792
954 6.45247 38.0839 -2.00592
955 1.61702 3.78047 3.31607
956 28.6759 12.6046 -0.633822
957 33.7241 20.2187 -0.983257
958 4.79794 36.8392 -3.22484
959 24.069 0.8098 2.10363
960 4.16544 38.4013 1.82081
961 2.75813 25.8894 -2.87944
962 12.5911 29.3585 2.27992
963 14.1939 0.721361 -0.00511827
964 2.56004 8.92773 3.22632
965 36.3704 23.4522 -2.13025
966 12.2322 16.6919 -0.350428
967 17.1956 38.6371 2.14343
968 30.5814 23.1266 1.78367
969 14.9398 4.18702 -0.625837
970 22.3141 33.7337 -2.68447
971 30.5945 12.9733 -1.63828
972 11.9323 14.4406 -4.51417
973 9.12301 24.9043 1.46715
974 24.7858 22.7748 4.47773
975 10.615 21.1522 0.0792055
976 5.50558 8.56779 2.34025
977 10.3498 35.4707 -1.72277
978 13.1926 32.0893 0.254625
979 5.13232 0.503423 -1.60005
980 35.6738 11.758 0.566033
981 5.06498 23.4083 -1.48322
982 39.0057 8.22542 -1.84627
983 30.6595 14.136 -4.35291
984 12.2859 32.476 1.90646
985 5.74249 23.5073 -4.09424
986 19.964 15.3408 -4.66532
987 11.2692 13.6445 -3.95844
988 5.20417 26.1095 1.27517
989 22.9276 30.2216 0.19154
990 20.5872 14.9634 -4.15865
991 10.2717 25.7184 1.38213
992 4.43163 18.3211 0.950551
993 16.1364 17.5665 -1.64111
994 21.3783 25.113 -0.674556
995 14.8855 14.8695 -4.36717
996 31.7344 20.1582 -1.89007
997 36.4584 18.8041 -0.968084
998 38.768 38.108 -1.32257
999 32.4315 18.8939 -2.25099
