1000
Particles
0 3.26241 34.2104 1.46559
1 36.0315 26.3696 1.66354
2 15.9694 3.10312 1.79837
3 9.40804 34.4653 -2.45836
4 19.5378 23.3089 0.506089
5 16.0458 9.58589 -3.2425
6 29.2091 39.3789 -2.98465
7 34.5346 20.607 -0.709363
8 10.9337 25.1342 0.148507
9 34.5968 23.6086 0.509099
10 24.4423 37.0157 -0.116689
11 3.69317 30.4377 -0.673012
12 32.0073 33.1899 2.80889
13 8.613 5.85481 0.252299
14 27.5762 27.5943 -0.515142
15 15.9959 28.8361 2.81095
16 28.2156 31.8702 0.256984
17 33.5613 20.4541 2.45571
18 34.672 9.98183 -0.464886
19 13.6858 23.429 2.30353
20 3.97195 6.84808 -1.87692
21 1.33163 4.32738 -2.10673
22 6.23942 8.88088 -4.23476
23 37.8573 19.3507 1.4828
24 37.3085 8.22414 1.97179
25 4.3572 32.0588 -1.13017
26 17.643 34.6742 -0.127041
27 11.9088 8.6426 -1.2532
28 5.50396 31.0203 2.7215
29 30.2241 39.8648 -0.376542
30 14.7556 19.7318 -4.28017
31 8.49472 17.4962 -1.85832
32 27.0329 2.05935 -2.17958
33 9.90782 35.265 0.326848
34 28.1117 24.0141 2.87898
35 26.6104 8.0758 1.96566
36 14.1019 2.91523 2.28514
37 35.758 31.314 0.615405
38 30.3682 1.79191 -1.93146
39 35.7142 16.3024 -1.24501
40 39.2078 32.3976 2.23345
41 9.97847 13.1585 2.99436
42 39.8261 17.4568 0.399377
43 22.7152 30.2587 1.92672
44 19.2374 28.0692 0.0873872
45 5.63769 28.5221 -0.508144
46 39.5899 8.74397 1.80969
47 29.3097 11.3063 1.6926
48 8.7837 35.3269 -0.902145
49 4.48189 33.0105 -0.923854
50 0.163625 39.0949 2.06746
51 24.3518 36.262 -0.6116
52 30.1118 11.2224 -0.0770419
53 14.2392 6.53836 -1.95072
54 23.3753 24.614 0.374741
55 8.49004 14.785 -2.39277
56 17.0842 11.3325 -2.98561
57 10.742 37.6319 -0.0928034
58 34.6342 24.0096 -0.835625
59 8.78615 34.0087 -1.64605
60 7.35385 23.917 -1.74691
61 13.695 32.7638 -1.79549
62 37.8463 0.553272 2.84942
63 7.11585 18.0348 -1.80779
64 38.091 24.2102 -0.757352
65 5.04639 4.00813 0.0905346
66 5.4802 19.696 1.10401
67 26.6421 24.8668 2.45438
68 6.51566 5.37189 1.82982
69 15.7301 5.01301 -1.37478
70 8.15681 2.71942 2.2034
71 22.6997 11.5957 -1.68319
72 5.06863 12.3018 2.03084
73 18.9965 25.5197 -3.18343
74 5.86061 9.45797 -2.26923
75 37.4001 33.8207 -0.6184
76 25.7395 5.23665 -2.3553
77 8.38349 24.9013 3.53678
78 6.95151 38.9622 2.50854
79 0.137656 1.82014 -0.867892
80 32.2861 9.35974 -2.69807
81 2.5492 35.6077 -0.672045
82 14.7122 16.9533 -0.491138
83 15.2344 31.4787 -4.01744
84 26.7114 12.0861 -2.47079
85 3.29983 19.4513 2.92945
86 21.8091 8.34128 0.624109
87 26.4617 35.9886 1.05796
88 6.17994 39.7578 -0.432637
89 5.04555 4.61552 -1.91873
90 2.8887 38.5006 -2.74967
91 23.0673 15.5933 -0.725467
92 16.1511 27.0255 0.0776637
93 7.33541 1.81591 -0.640581
94 17.3166 25.0026 3.87049
95 17.9983 3.22296 2.47473
96 10.4515 34.3243 2.51751
97 16.8283 1.51594 1.56565
98 0.270286 21.0991 -1.65926
99 10.5663 5.70377 0.141594
100 28.3166 21.7619 0.673194
101 21.7006 28.9326 -1.37541
102 17.2369 35.6738 0.0829223
103 13.4506 5.70097 -1.30325
104 25.2767 5.07668 -1.01785
105 15.6119 37.0853 3.91374
106 37.462 18.8235 1.72881
107 21.3182 22.0538 1.13522
108 32.5085 21.7162 0.423028
109 38.9303 31.7668 -3.08464
110 4.33871 2.91439 -0.456986
111 35.551 33.8338 3.3191
112 30.5993 4.03323 -2.11967
113 35.6063 33.1496 3.35614
114 33.9857 27.6818 4.29056
115 29.0399 19.8625 2.13269
116 22.3761 32.6644 0.525177
117 33.4714 28.6279 -1.14495
118 24.5741 2.60477 -1.22164
119 37.0651 9.34948 -0.736796
120 16.9907 25.6026 2.62313
121 24.9388 10.6726 2.04217
122 36.2053 23.8517 0.60025
123 7.15727 25.1827 0.354512
124 10.2859 38.1253 0.449392
125 22.897 37.5027 -1.90768
126 28.8367 28.9594 -1.42682
127 34.7188 5.25972 -4.05696
128 31.3558 3.5689 -2.0421
129 5.11578 12.6355 -1.12489
130 28.3159 9.50776 0.107314
131 23.0014 26.8692 3.94094
132 19.4811 1.37375 1.07298
133 36.8817 36.989 1.09558
134 9.58201 33.0504 3.21345
135 12.8641 3.21624 -4.4313
136 25.3555 4.94222 -0.172293
137 22.3777 28.5726 1.63791
138 4.46719 16.3709 0.414775
139 14.5742 4.34 3.09216
140 25.9146 35.9088 1.63121
141 26.5132 38.3156 3.01324
142 23.7804 9.99987 2.78774
143 16.0409 23.7946 -0.121451
144 2.77257 35.0001 -0.233126
145 23.1401 24.7365 0.148808
146 28.7898 16.3238 -1.92351
147 37.7839 37.2673 -1.43826
148 33.5446 7.84021 -4.59526
149 8.74906 15.9239 0.717226
150 12.0792 30.5786 1.05378
151 32.6656 5.86392 3.18763
152 14.0119 18.6922 1.17498
153 18.5215 3.92016 1.77127
154 25.332 36.3184 1.89507
155 0.100995 22.1077 -3.60739
156 37.2327 26.129 -3.25815
157 13.843 5.76998 0.128629
158 12.6027 34.8787 -0.766969
159 22.1893 29.3118 -1.17672
160 2.50563 16.5752 -0.713926
161 11.6686 28.3711 1.95276
162 26.2811 31.3839 -0.990388
163 6.75422 9.38547 0.825885
164 19.6806 9.24241 2.79434
165 30.7931 9.12094 -0.814008
166 35.4754 7.36504 -0.356823
167 11.5227 32.5941 -3.32547
168 32.1918 25.6449 -0.859598
169 0.939414 2.20095 0.281299
170 38.2414 34.7522 -0.327306
171 25.0115 34.477 -0.823473
172 1.38272 14.5218 -0.322398
173 22.816 32.1184 0.612362
174 19.379 3.74497 2.01751
175 1.76365 10.9421 3.50815
176 17.4004 20.1083 0.259983
177 10.1369 3.98177 -0.299878
178 27.8413 22.5085 1.82967
179 25.0252 10.2583 2.72213
180 11.5937 8.6043 -1.33294
181 8.08856 30.9997 -0.705698
182 12.4176 20.7162 1.89911
183 4.91779 17.0024 0.472474
184 0.367035 1.84504 -2.10189
185 4.36705 14.6346 -3.09565
186 20.7265 0.358891 0.414328
187 9.05747 6.72696 1.77222
188 19.8096 15.1604 3.14063
189 6.24632 24.3142 -0.467827
190 20.6145 19.6697 3.4112
191 16.7854 32.9418 -3.19418
192 35.5887 39.9819 0.573487
193 23.3554 27.6589 0.978188
194 18.8987 21.2751 0.998855
195 5.31802 13.2524 -1.65398
196 26.988 35.3959 1.31648
197 16.1822 37.107 2.06075
198 32.9767 20.6903 -0.5735
199 16.9049 8.83301 -2.30694
200 36.6902 37.5269 -0.81786
201 2.40479 15.4263 2.06762
202 7.91526 20.0224 -0.678025
203 24.7572 12.8052 -2.17375
204 30.6965 31.26 0.760029
205 0.262816 34.2036 2.36779
206 14.3113 4.97853 2.57161
207 33.8482 37.3907 1.94385
208 34.38 24.2494 -0.435825
209 13.9903 38.332 0.724092
210 17.2622 21.7954 1.36623
211 33.3738 15.096 1.06947
212 33.2904 34.0856 4.01701
213 38.069 1.82479 -2.27167
214 27.9564 19.7844 -0.753354
215 39.3199 17.5802 0.508329
216 33.6295 25.6844 0.733943
217 6.65934 9.37642 3.36065
218 15.782 15.8767 -0.83871
219 24.2589 36.6304 1.86057
220 7.63389 0.301672 2.23398
221 21.728 16.4843 4.18558
222 38.0248 33.1797 -4.01892
223 16.6416 26.2113 1.02517
224 3.76755 26.4532 1.07939
225 34.4011 5.37186 -1.99876
226 29.7151 16.4209 0.103756
227 4.69512 10.7566 2.37549
228 13.7708 5.10533 1.76372
229 39.3698 17.488 0.644013
230 32.7533 5.61115 3.45288
231 16.3974 29.8726 -2.62829
232 33.856 39.2181 0.673806
233 35.2307 7.30907 -3.32515
234 5.18991 6.15359 -3.56226
235 37.2066 8.03519 1.145
236 20.0806 39.9785 0.229401
237 16.4113 23.6981 -0.972025
238 12.0234 7.75242 -1.57548
239 33.5285 14.1977 3.48233
240 14.4301 17.8035 4.61975
241 2.53063 27.2381 3.3752
242 35.7807 38.4889 -0.965379
243 31.2318 1.82316 -0.810326
244 2.19086 12.8968 -0.831003
245 21.538 3.34738 3.28181
246 26.3611 4.31791 -3.12439
247 1.86111 36.7955 1.94059
248 6.80613 29.9025 2.62508
249 8.53475 39.8467 3.7069
250 16.8323 4.43964 -1.42218
251 37.7861 38.3329 0.978894
252 30.3221 17.3223 1.80939
253 30.0697 14.6581 0.0903509
254 0.731262 38.5809 3.7759
255 28.2262 23.4975 1.19317
256 4.91965 4.76355 -0.299608
257 32.6281 18.4405 -0.920374
258 22.0734 2.84814 2.38171
259 1.62984 11.0688 3.37929
260 0.643366 6.1938 -0.0256462
261 33.7726 26.543 1.50135
262 32.162 36.402 1.99926
263 6.50987 3.50927 1.76009
264 13.0382 28.6588 -0.235629
265 37.7754 33.2873 -2.87273
266 39.4929 12.6909 1.40528
267 4.82039 27.4028 1.55712
268 16.0101 17.2893 2.07978
269 24.9321 36.4067 1.46641
270 0.798359 9.62352 -1.04718
271 33.9108 5.50213 -2.52608
272 19.7698 15.5125 0.399542
273 31.3837 38.2002 0.126357
274 9.99303 3.14637 -0.780656
275 14.0095 27.0823 0.520012
276 33.0009 21.1401 -0.461881
277 6.2222 18.1273 1.49248
278 2.16798 13.7768 -0.885543
279 18.8267 30.3096 2.41535
280 4.6615 26.0286 0.734037
281 25.1761 21.8121 -3.71782
282 5.43609 17.9532 1.76727
283 21.0693 33.9192 -0.5067
284 31.8606 21.7381 -0.608037
285 38.264 36.8868 -0.973153
286 36.5621 2.44521 -1.84233
287 22.5849 12.6834 -1.53719
288 1.4403 2.97295 -1.67662
289 13.4467 37.3604 0.292046
290 29.3097 23.3743 2.18532
291 10.0175 3.13158 -0.360415
292 32.261 19.4784 -1.04334
293 14.6409 5.32483 -0.712062
294 23.5569 25.1964 0.0133907
295 20.5258 15.4293 3.17755
296 21.6641 24.9974 1.86897
297 1.33425 28.6378 2.05172
298 21.5249 39.6793 3.52956
299 18.7366 29.1138 3.41323
300 25.4499 10.1847 3.75695
301 28.135 24.1412 0.58861
302 21.7723 37.0407 -1.08317
303 3.61918 16.8473 1.30457
304 2.99347 33.403 1.24507
305 2.39373 18.9295 0.517617
306 22.198 12.1811 -1.6582
307 11.2909 18.4726 1.8304
308 2.92104 24.0961 1.21795
309 15.9778 33.9467 1.52514
310 17.4856 19.469 -0.039757
311 22.2637 13.0994 -1.31549
312 37.2008 33.2874 -2.08877
313 21.4838 38.0622 2.23782
314 17.4589 7.30182 -0.607875
315 6.52123 38.5905 2.02232
316 37.4369 36.4689 -0.247527
317 22.1747 27.5681 4.37946
318 29.5972 32.8102 -0.544912
319 8.049 9.51959 3.32913
320 7.68611 18.029 -3.06059
321 24.8139 5.72298 1.10244
322 38.4876 36.6927 -0.131981
323 4.83224 37.1329 -1.8001
324 28.615 19.3069 3.3614
325 13.5022 32.0641 -1.65968
326 9.02576 14.7241 0.461283
327 15.2821 37.116 2.47715
328 15.5669 34.1332 -0.538012
329 13.7513 25.8259 0.938787
330 36.5763 13.6237 0.382861
331 22.0036 38.4173 1.39704
332 33.3191 6.04187 -2.52402
333 33.5879 22.4999 -2.30344
334 17.0276 5.61922 -0.332359
335 4.63883 39.6322 0.0652498
336 20.8352 2.27563 0.57659
337 7.43901 24.1785 -0.504698
338 18.4838 20.0358 -0.453239
339 39.1854 31.2314 -1.85044
340 9.68289 22.7776 -1.75155
341 30.8419 26.6586 -2.70012
342 10.8247 15.6059 3.83664
343 7.13127 13.4555 2.37139
344 13.775 39.9759 3.85986
345 36.6903 31.4159 1.1193
346 15.555 11.4928 2.11007
347 2.7723 37.9284 -1.48656
348 14.9113 25.689 -3.82868
349 18.5786 21.2131 0.89001
350 8.52994 15.536 0.1138
351 0.583857 24.4769 -3.47963
352 29.6492 26.2237 -1.51221
353 22.5464 12.2999 -1.8483
354 5.43846 1.79782 1.84086
355 20.0845 25.8579 -0.716359
356 37.7446 37.9535 0.685738
357 8.90554 15.7408 -0.679027
358 14.5964 11.6179 1.95066
359 25.1015 26.2474 3.51731
360 31.9613 25.0581 -1.86997
361 28.8243 32.0118 0.0789978
362 36.2963 22.6669 0.760323
363 39.4147 10.8907 -0.801771
364 9.55868 7.73943 2.22724
365 9.09993 36.8474 2.46886
366 11.1398 1.77312 -3.84918
367 13.7989 38.076 1.48398
368 24.3569 11.2405 2.83076
369 11.9905 6.11528 3.01892
370 20.7456 30.251 0.264541
371 25.1294 15.7508 -1.47907
372 21.2652 28.7457 1.03333
373 17.3403 12.1728 0.503774
374 7.73435 11.9472 1.20853
375 10.6219 11.9639 -0.194169
376 0.226528 31.3702 -0.724177
377 38.1607 5.27522 -3.86832
378 13.9651 6.6603 -0.174896
379 1.82794 33.3082 2.70355
380 33.6407 29.7329 3.217
381 15.4796 38.2206 1.81244
382 5.44569 15.0903 -1.05762
383 19.2835 33.2712 1.86642
384 30.9309 10.77 -4.81645
385 17.0266 26.6844 -4.11632
386 26.3836 8.59265 -0.165061
387 32.0035 38.8969 -3.06136
388 30.0515 33.1616 0.037686
389 11.4975 7.05971 -1.95644
390 31.0435 14.1474 4.6488
391 8.97559 16.9508 -1.0474
392 19.3579 19.8162 -2.84263
393 19.5365 1.5928 1.10631
394 25.9403 4.43141 2.07006
395 35.3442 13.2727 -1.06584
396 10.0618 37.3586 0.513429
397 6.23206 9.72509 -1.80448
398 32.7608 36.8292 0.411094
399 33.1446 14.0393 3.92233
400 0.379089 3.59598 -2.41862
401 27.8658 25.1126 -0.0862734
402 30.8131 10.3069 -2.90568
403 5.68973 29.4103 -1.22211
404 20.8607 26.5027 3.73447
405 2.86598 21.2639 1.20995
406 22.0798 7.03816 0.432887
407 36.4131 6.4538 0.62992
408 7.47805 6.62045 0.128485
409 23.7476 1.93687 -4.61268
410 19.2855 21.04 -1.10073
411 18.5084 32.3713 1.54488
412 2.81843 0.0985388 0.0955887
413 7.78564 15.222 -2.29231
414 4.27932 7.64334 -2.84581
415 12.0675 26.3384 0.624448
416 12.5478 38.1475 -0.98796
417 39.9225 37.5066 -1.17576
418 24.6138 23.6946 -3.81844
419 21.7969 7.42119 3.50708
420 24.4221 4.42094 -1.19742
421 6.08768 14.1948 -1.62893
422 8.82549 16.2788 -0.379191
423 33.7242 6.0423 -3.49329
424 22.5638 24.1387 -2.42695
425 13.9834 6.32675 -1.3432
426 9.27108 21.1578 -0.519473
427 16.1019 26.2416 -0.930661
428 7.97148 5.4345 0.117072
429 0.984376 7.0657 0.465113
430 14.6861 15.9825 -1.26918
431 9.68784 7.67957 1.16698
432 19.103 29.4641 3.48996
433 23.2069 23.9216 -0.323705
434 13.6098 20.9662 3.15192
435 37.6553 34.9214 -0.857873
436 2.55851 29.2005 -3.71034
437 8.78881 0.367568 1.51849
438 3.00493 29.8582 -3.25896
439 35.6358 14.3313 2.37553
440 23.3514 9.2207 0.16071
441 9.04187 38.9902 1.62812
442 7.12646 17.4795 -0.731578
443 23.2947 19.8476 2.00814
444 14.5512 21.6918 -3.92788
445 10.6931 20.7311 0.932665
446 14.9602 10.7441 2.75542
447 8.54221 4.97057 -1.10771
448 32.1701 25.0841 -3.06735
449 18.8125 17.1269 -3.70478
450 0.259543 12.7142 -2.82048
451 35.3976 11.1908 0.788327
452 9.63575 17.5607 -2.20368
453 5.80328 22.9703 1.25062
454 38.7543 9.4742 3.18729
455 30.6736 39.8816 -1.2311
456 10.3203 13.6349 1.92746
457 27.5049 12.5734 -3.28368
458 22.6116 15.3994 -1.07215
459 13.6286 2.19862 4.12765
460 8.28623 39.3009 0.542607
461 5.36148 4.39045 -1.59923
462 18.9539 19.1276 0.428561
463 6.07139 31.5225 2.05788
464 29.6601 24.7736 -1.54899
465 27.4762 15.0642 2.79463
466 35.705 30.1194 -4.56222
467 11.3046 36.3027 -3.12948
468 20.7057 33.7988 -2.97149
469 21.3745 38.4514 2.16342
470 9.69486 18.1836 -2.70776
471 38.6169 22.916 -2.94231
472 15.0775 5.3341 0.183842
473 11.1633 34.5894 0.0688543
474 10.6651 38.1844 2.18123
475 33.3709 5.14778 -2.35636
476 10.6368 21.463 0.282401
477 14.1402 37.605 -0.659885
478 28.5926 22.7221 0.978757
479 39.793 30.9896 -1.58694
480 33.5728 17.3076 1.56245
481 26.564 2.07563 -3.03661
482 10.9263 31.7763 0.756032
483 5.78995 33.8713 0.826944
484 19.4538 32.8946 -0.357565
485 6.83537 0.516385 1.48478
486 18.574 29.9651 2.4701
487 29.5725 28.213 1.8207
488 37.2641 5.73731 1.02309
489 25.5995 39.7566 -1.8789
490 9.89743 7.65706 -0.277377
491 21.2488 12.374 -2.49942
492 20.9464 39.9121 -4.55043
493 2.76405 23.6951 2.39851
494 6.81993 12.0104 3.08829
495 31.7205 7.61701 -2.35121
496 22.4014 25.9684 1.14672
497 4.51798 36.5296 0.364519
498 16.6526 15.8304 3.94706
499 11.4726 22.0886 -2.29178
500 3.58459 15.5551 1.11243
501 33.5172 10.4532 2.48903
502 2.9566 3.67472 1.51719
503 24.98 21.5847 -1.62064
504 0.337998 39.3383 1.69042
505 6.25126 8.67593 0.755492
506 24.214 24.5436 -3.07836
507 20.0474 6.12791 -0.803167
508 4.99787 30.0577 0.311792
509 18.59 3.12255 2.71487
510 33.1434 11.5246 3.0422
511 24.958 36.281 1.31709
512 31.397 22.4184 1.14472
513 17.0869 22.5756 -2.33339
514 4.05804 33.4272 3.4032
515 17.788 13.0779 1.07545
516 20.0073 39.1665 0.251927
517 13.4772 16.3068 -4.49514
518 5.12272 6.97528 4.20937
519 26.8409 19.4232 -1.26579
520 0.204157 1.55777 -0.276309
521 33.7871 34.793 2.96718
522 26.721 24.3664 2.02942
523 7.2576 20.6082 -1.29938
524 10.7686 23.4748 0.45613
525 6.15623 12.4394 2.83515
526 11.4631 29.5847 1.42316
527 13.636 5.84016 -2.01825
528 19.4554 2.92247 1.08431
529 36.179 38.2551 -0.70285
530 29.1038 14.2973 -0.114035
531 26.9023 3.25403 -2.11114
532 20.0125 0.575641 0.943684
533 8.64432 34.7186 -1.99874
534 9.75989 18.4845 -3.22027
535 35.9895 39.805 2.97808
536 32.4428 15.3024 1.34182
537 1.23164 28.5095 0.613632
538 6.36798 1.24204 -0.117194
539 15.1862 7.43017 -1.19095
540 31.2376 16.5959 0.0214617
541 21.7787 20.0057 1.70865
542 31.5863 33.2613 3.38093
543 7.81537 15.2581 -0.812926
544 36.5695 37.7132 2.42159
545 16.1185 29.3319 -0.721508
546 38.8779 1.14144 0.555442
547 2.2919 12.5048 -3.07104
548 37.5111 36.7448 1.28242
549 2.02175 31.6209 1.59075
550 2.01216 23.5273 0.361803
551 26.0626 11.0859 0.554964
552 6.02886 1.91244 0.913043
553 13.5441 29.9207 -4.28425
554 17.4902 10.5058 0.586164
555 37.7992 9.77056 0.432047
556 36.8603 24.8991 1.26393
557 7.46349 18.285 -1.65469
558 34.1353 5.24016 -0.413881
559 27.7022 26.2145 -0.273678
560 33.1422 21.7789 1.05143
561 0.575813 27.1583 -0.793103
562 10.1018 25.4517 -0.785145
563 5.14608 11.57 0.669799
564 15.5622 25.1145 2.1325
565 3.93803 20.6429 -2.28736
566 13.7416 38.5944 -2.06836
567 27.4615 12.968 -0.179426
568 1.05319 4.07627 -0.60899
569 28.4273 21.8128 1.79819
570 0.696937 29.5294 -0.163365
571 11.0519 13.762 1.536
572 36.1761 33.0013 3.6082
573 22.2123 30.7584 -1.22326
574 14.8253 21.5138 -1.94018
575 16.7814 15.5118 1.21136
576 4.80412 2.10773 0.193283
577 22.474 31.764 -1.03779
578 8.93294 0.790538 0.704535
579 12.1373 10.5873 -2.86888
580 10.9017 29.2068 1.83818
581 11.767 29.7727 2.40136
582 25.2152 14.2468 -1.48544
583 21.2949 37.0362 -0.761662
584 39.5918 11.1748 0.502094
585 39.2786 26.6906 -1.35996
586 19.8902 21.2877 -0.21148
587 27.2947 34.2705 3.03183
588 18.607 35.749 -1.50983
589 27.0465 12.7362 -2.03447
590 2.13239 9.24704 -0.0471654
591 10.5008 28.1288 2.5655
592 29.408 23.0624 4.03523
593 10.657 23.9797 -0.483554
594 1.45369 3.93741 -2.8791
595 35.1648 22.3671 0.0492255
596 37.4497 37.3437 0.349224
597 29.2756 13.7171 -0.212801
598 39.5273 11.7224 0.811608
599 8.56709 32.2241 1.19611
600 9.5366 39.1429 0.533633
601 19.8818 37.3987 3.59455
602 17.8975 22.0264 1.65701
603 16.1645 4.75387 -1.57029
604 32.0784 30.4469 -0.577681
605 12.9309 29.225 -3.44328
606 36.3744 26.0995 1.63084
607 0.143215 9.50424 -0.657002
608 4.31709 5.87966 -2.40305
609 22.6516 1.61822 0.414869
610 31.2414 26.6036 -2.22949
611 0.101791 23.7564 -0.118634
612 25.3945 8.52702 1.14945
613 18.3708 12.098 -1.81018
614 33.5506 0.316876 3.49743
615 33.2642 8.12656 -2.26475
616 36.5818 22.7586 2.28884
617 22.3515 27.4093 1.74976
618 4.65759 38.6266 -2.93124
619 20.8851 33.441 -2.09771
620 33.989 39.0361 3.81041
621 25.2188 20.3871 0.936968
622 21.9941 6.60811 1.59481
623 21.8237 10.4623 1.30318
624 31.0692 4.98359 -0.485197
625 15.6389 9.42023 -1.47337
626 2.46822 36.1302 1.53752
627 2.50732 33.9053 0.300673
628 19.1243 3.51799 0.871545
629 24.5463 2.60752 -2.38308
630 0.139662 30.8763 0.34069
631 26.7008 0.449028 1.30509
632 33.3784 32.3033 0.492616
633 3.19665 26.4225 2.50601
634 38.8303 8.35335 1.01119
635 27.4909 28.0349 -0.780048
636 26.4181 9.71089 2.66954
637 6.59108 29.6666 2.45915
638 30.3557 26.5527 -1.43643
639 32.233 14.2093 0.860573
640 7.06393 20.0453 -0.244345
641 33.5864 5.7397 -0.00518538
642 13.5944 32.9327 0.0799761
643 30.3439 32.7468 0.758657
644 10.0013 6.92272 0.832277
645 7.157 8.03894 0.0271938
646 12.9316 3.87195 -4.30463
647 6.15565 10.7145 -2.75037
648 31.6798 35.823 2.56892
649 13.932 18.9457 4.38932
650 27.4193 20.5005 -1.54694
651 27.3524 22.6677 2.53123
652 8.16962 33.4574 -0.985538
653 7.67202 38.3058 2.33915
654 23.2858 15.6672 0.042213
655 34.3314 34.8758 3.17355
656 5.87435 13.6272 0.471292
657 24.0584 7.46956 0.637877
658 10.1534 26.673 -2.85795
659 3.91815 38.5272 -1.9128
660 24.1146 10.4558 3.73664
661 3.12729 17.1983 2.95904
662 36.597 33.5958 -2.10353
663 6.82415 18.5096 -0.19202
664 33.5476 16.7328 0.195451
665 35.8279 37.2345 0.210738
666 22.5315 2.04939 0.204454
667 34.4233 33.3449 -1.02115
668 12.0138 35.53 -0.104072
669 14.7837 37.5767 2.16177
670 34.6974 32.429 2.28691
671 30.3694 2.26186 -1.88151
672 18.9618 32.6899 1.91905
673 0.0680093 1.41308 -1.68971
674 4.87825 20.9387 -2.45225
675 33.5616 17.9486 1.749
676 33.7682 38.9679 1.28807
677 2.89953 19.1137 1.43879
678 24.0193 1.15033 -1.60613
679 22.961 19.5659 2.69359
680 18.1795 34.8972 -1.86276
681 4.65847 2.50262 -1.9659
682 35.9644 38.0809 0.488902
683 22.9311 28.8698 1.63821
684 6.36871 34.2108 -0.929112
685 23.5349 29.5817 1.54126
686 4.40146 37.3691 -2.25125
687 21.6489 9.2969 1.10321
688 24.6457 5.83949 -0.903365
689 5.96561 4.19741 3.43004
690 13.7129 33.1884 -1.10648
691 19.8608 31.1608 -0.483159
692 29.7458 15.9724 -1.3765
693 3.77337 19.1247 1.87777
694 22.9341 21.1021 1.92222
695 16.3507 26.5976 1.61607
696 17.612 23.8687 0.327951
697 30.7611 6.32432 3.52988
698 30.9506 13.5845 3.18566
699 34.9549 18.901 -0.992032
700 3.18408 2.43904 -3.04013
701 13.6505 5.1132 2.58167
702 0.817754 38.5087 1.17841
703 39.3569 11.2124 -1.57225
704 25.9298 36.9966 -1.11612
705 12.2882 33.6237 0.58866
706 39.4421 33.5369 1.32144
707 14.7566 4.33058 0.750723
708 39.8249 16.55 0.852922
709 22.2727 11.4702 1.89621
710 19.4554 1.90923 -0.395849
711 33.7099 29.8967 1.95922
712 30.7203 25.8758 -3.50563
713 33.5274 18.736 -1.28871
714 23.3024 30.9839 2.42173
715 36.9419 36.9067 -1.02964
716 17.4842 31.6612 1.15485
717 15.5063 32.9552 -1.47769
718 5.02846 27.1487 0.153954
719 12.0538 32.2432 -0.792632
720 10.7893 22.9446 -1.96123
721 21.505 39.314 3.8883
722 5.10013 38.9408 1.51192
723 7.65944 2.6847 1.64992
724 21.7141 38.1855 0.49335
725 25.8893 36.0975 -0.954485
726 0.217326 24.6795 -1.97992
727 6.59294 24.8205 -0.227688
728 0.140584 1.22518 -1.48884
729 19.1226 3.16309 -0.34936
730 17.9475 11.0527 -1.76842
731 32.8707 19.1254 1.34334
732 26.8163 32.6127 2.14562
733 26.8775 29.9657 1.89172
734 32.9807 7.67208 -2.45221
735 19.5442 29.9381 3.37102
736 19.389 31.4576 -0.0559547
737 3.34152 32.1851 -0.979194
738 24.7321 8.16506 -0.147085
739 12.7724 20.3877 1.22917
740 33.2978 25.5097 -2.07249
741 11.5592 29.1216 2.56337
742 15.9565 15.3038 2.08432
743 22.8267 24.4389 -1.36693
744 34.1856 20.2277 0.390315
745 15.1646 1.40851 3.87195
746 14.0191 10.4402 3.77913
747 18.7401 23.4263 -1.29858
748 21.6466 30.5304 -2.92705
749 5.89306 1.09093 2.95831
750 1.64897 37.0536 -0.583716
751 2.60686 34.7064 -0.472696
752 5.96396 17.0624 1.09349
753 17.2591 24.7422 2.72898
754 34.5276 24.758 0.611343
755 30.2517 5.82669 4.52356
756 8.74599 5.31346 -0.838811
757 10.7565 31.1143 0.273802
758 35.9177 18.4984 2.66039
759 8.10156 32.0972 -1.59623
760 28.684 31.2297 0.187226
761 13.9325 23.7274 2.33515
762 22.7193 25.3777 0.51418
763 5.26222 39.253 -0.668269
764 23.9514 11.3196 1.90642
765 0.19392 12.5335 -0.264259
766 8.27095 11.7963 -2.81126
767 32.276 7.5924 -2.34051
768 7.72544 15.095 -0.0307097
769 13.8268 33.3819 -1.65621
770 3.87765 23.4548 -3.29798
771 6.19192 16.9856 1.0803
772 11.6955 33.1294 -2.7486
773 33.6763 28.8713 0.697842
774 38.1974 37.7446 0.15875
775 15.3859 9.31099 -2.51166
776 9.2566 15.0305 0.0109274
777 34.9492 27.7661 0.725286
778 35.411 28.2013 1.41624
779 14.5472 4.20045 1.22356
780 3.2258 3.28604 -2.39441
781 39.4508 38.5824 -3.30336
782 5.57819 7.95729 1.56928
783 8.49507 13.1122 -4.73633
784 36.8783 38.2382 -0.164043
785 19.9518 9.11797 3.76713
786 5.43498 17.5117 2.66332
787 33.3872 4.06323 0.675371
788 5.7154 36.5573 -0.340259
789 35.5673 3.37555 3.25695
790 14.3302 31.7926 3.65251
791 14.0608 23.2974 3.72389
792 11.9835 20.6171 3.34626
793 17.1815 36.7063 -1.46723
794 22.255 28.9765 -0.968105
795 0.084859 9.46368 2.41657
796 18.5864 17.7449 -1.46044
797 0.017611 26.5929 -1.34878
798 25.1813 11.1191 0.751857
799 30.5558 6.19528 2.79939
800 36.6799 6.20193 1.13794
801 20.3614 14.8811 1.38306
802 37.7454 25.1593 -3.01947
803 9.37741 39.8336 1.00937
804 5.18944 22.1022 1.10476
805 1.42976 25.1231 -3.82815
806 2.86241 27.9512 2.04501
807 29.1784 17.5335 0.589597
808 16.9398 26.1943 -2.89251
809 28.5259 16.7992 -1.12811
810 16.2855 37.2214 -2.25471
811 2.46785 24.0184 0.1125
812 9.02046 9.40107 3.04862
813 0.675365 8.94286 -0.731806
814 27.4771 0.442231 1.00869
815 25.0319 13.8655 -1.18861
816 18.5134 1.71723 1.50499
817 12.3325 33.2091 -1.15213
818 5.4607 9.3468 -1.65388
819 32.574 5.52711 1.07383
820 6.14003 1.75729 2.06412
821 10.6202 13.8788 2.66763
822 6.69601 1.8474 2.55092
823 23.4527 1.82687 -2.201
824 29.3297 14.2421 2.82521
825 0.496352 33.9547 -0.371568
826 4.75416 12.8448 -2.6168
827 39.0276 8.93006 2.26677
828 17.9475 17.9549 -1.11096
829 10.1747 31.6274 -0.22047
830 10.5105 15.0298 2.62982
831 17.1741 37.9698 3.66707
832 33.9548 4.89182 -0.349304
833 11.4045 16.4824 -0.0659275
834 18.5323 7.22195 -0.939966
835 4.08925 34.8745 0.727691
836 19.1068 33.4558 1.53006
837 31.1634 39.3798 -2.37188
838 20.8826 2.89539 1.04181
839 6.80249 18.3011 -0.836051
840 26.0844 12.8695 0.177176
841 26.8987 34.5583 0.503887
842 15.5928 33.7653 1.63651
843 17.1448 7.63423 -1.65675
844 4.91479 24.7211 1.6597
845 1.88011 30.1356 -2.4276
846 11.1226 29.5391 1.34392
847 1.83114 29.1616 -2.76105
848 25.7215 30.3144 2.30963
849 21.994 14.6566 -2.73016
850 28.0774 33.9951 1.38688
851 6.31465 5.27901 1.41904
852 25.3354 24.6531 -2.02061
853 19.3348 21.2145 0.481425
854 0.444101 38.2066 3.49511
855 14.0538 37.4583 -1.34824
856 11.2133 38.9614 -0.871738
857 12.2208 29.4418 0.709161
858 36.6223 29.6394 2.16257
859 13.615 3.06372 -3.16735
860 38.089 16.8773 -0.475431
861 3.68077 14.4969 -2.99231
862 9.10612 36.2401 -0.708703
863 11.7761 7.65129 -1.81689
864 18.6016 10.5787 -2.2226
865 25.1805 36.9108 3.72178
866 27.2538 2.28064 -0.380376
867 23.4576 25.3703 -2.06188
868 31.1018 26.6257 -2.82992
869 1.07392 16.4013 -0.499095
870 34.1621 1.60283 1.84583
871 18.0265 21.2616 0.558789
872 32.7924 20.8892 0.137066
873 12.9851 16.5217 -2.67183
874 29.276 13.1374 0.662157
875 31.1882 2.9293 -4.51639
876 9.93221 19.5427 -1.84583
877 32.8623 14.2107 1.81277
878 1.44264 37.0538 -3.30421
879 4.29508 34.8466 0.661736
880 35.7467 22.2022 -0.368857
881 15.7941 23.5502 -0.705101
882 27.488 3.34109 -0.284418
883 28.4871 31.4529 2.06286
884 7.23302 19.9984 -1.43248
885 11.5443 7.90896 -0.966872
886 18.6044 20.7345 -0.410671
887 3.91114 23.462 -4.51976
888 31.3011 24.4523 -3.49667
889 39.6617 7.49642 0.75359
890 15.3021 17.4841 2.88261
891 18.9932 20.9356 0.573386
892 15.0505 6.27231 -2.72737
893 31.3423 26.4457 -2.5698
894 34.1603 30.3962 3.14994
895 35.0111 10.6951 0.54739
896 15.3628 2.25259 1.99373
897 1.35973 16.4946 -0.759345
898 18.3272 19.1586 -1.95962
899 11.3631 28.0254 3.84345
900 9.53288 38.6107 2.46759
901 38.7934 37.4863 -0.478908
902 6.5593 33.7486 -1.33011
903 2.77296 37.4678 -1.27097
904 17.3145 36.9946 -4.06738
905 34.1832 37.4401 1.0011
906 21.0948 13.0401 -3.09652
907 8.06152 24.2132 -3.76381
908 37.4529 36.3513 -1.24529
909 3.00224 34.8121 -1.07467
910 38.5287 21.0083 2.37562
911 34.9428 37.0403 2.06518
912 28.8344 14.9472 1.47955
913 37.2188 33.7096 -2.67436
914 39.258 23.9573 -1.18972
915 37.9783 36.3176 -0.875384
916 28.7135 20.7086 0.939087
917 17.8108 22.7203 -3.3027
918 37.063 7.08642 0.306562
919 30.1994 23.2977 4.11107
920 3.81857 23.3474 -2.16985
921 26.1218 23.7311 -3.70414
922 20.5357 17.2984 2.74391
923 6.79663 33.872 -2.77319
924 32.0187 28.38 -1.41125
925 22.0554 7.60234 0.985777
926 25.1483 9.06406 3.36647
927 2.52146 32.4639 -3.00029
928 37.5809 1.3268 -1.89176
929 4.90832 32.3448 -2.11444
930 3.62508 6.58738 -2.27701
931 16.2079 16.8855 2.49522
932 38.0121 24.6833 -1.96216
933 11.869 2.76611 -2.09138
934 26.8339 26.4889 0.585368
935 10.4727 13.5673 2.86141
936 14.9855 19.1327 -3.37617
937 20.4167 3.34599 0.16917
938 19.8689 17.1762 -4.30756
939 8.95792 5.24333 -1.08679
940 15.4174 28.6639 5.014
941 28.2561 22.8168 1.3384
942 8.68033 22.7494 -4.50408
943 12.0464 5.1648 4.14353
944 5.64695 37.4272 0.045254
945 0.635343 2.483 -3.41307
946 17.1446 22.9449 -4.16411
947 9.07973 6.67099 -0.467193
948 21.5917 7.33133 3.17415
949 4.64784 8.27866 -0.964869
950 5.05339 29.1574 -0.42968
951 14.9052 6.49574 -1.02475
952 14.8908 25.9641 -1.51173
953 33.6549 21.7328 -1.30625
954 8.30303 39.3211 3.45916
955 9.45214 38.0346 -0.463855
956 24.8531 15.8006 0.44394
957 33.1044 15.5537 0.923083
958 0.300892 0.525844 -1.7987
959 30.1798 10.8156 2.42741
960 8.2412 38.4416 2.80939
961 2.37926 25.4434 -0.347291
962 13.0694 28.7374 -2.57907
963 14.3627 36.3465 0.414656
964 4.31051 6.7035 -4.18188
965 35.6061 33.1409 0.921935
966 16.412 17.2222 0.851524
967 20.1054 0.646968 -1.09727
968 37.4051 16.8828 -1.87636
969 10.2879 4.51535 0.593058
970 16.0533 36.5137 0.905925
971 24.9162 10.8299 1.71062
972 14.3837 20.7454 2.05693
973 4.70346 26.3067 1.73403
974 31.7491 25.0185 -1.18872
975 6.10525 23.0575 1.7668
976 5.69556 14.1284 -0.0594205
977 8.81759 36.5713 2.04818
978 15.041 36.4068 0.4745
979 6.11211 1.00497 1.81294
980 38.2044 13.6572 4.264
981 5.36188 23.0259 0.692789
982 35.3875 4.07103 -0.85837
983 39.3756 17.4338 0.291406
984 13.3121 32.9765 -1.32289
985 0.193323 23.9011 -3.81387
986 21.5146 15.2608 1.28886
987 8.19193 16.1034 -1.36986
988 4.39442 26.5458 -0.626539
989 26.1611 31.815 -0.619141
990 21.5604 14.5878 0.778182
991 17.2242 20.0563 -1.01739
992 4.31277 14.046 -1.35838
993 11.6482 16.7831 1.99365
994 24.4857 18.9509 -0.274038
995 14.2804 18.3768 0.979822
996 34.8683 20.7053 1.54987
997 0.167034 17.3904 1.93146
998 37.9798 36.8567 0.15917
999 36.0958 6.76919 -0.0734799
