1000
Particles
0 6.87663 31.1027 -0.886119
1 28.2843 30.1056 0.65495
2 17.2816 7.52846 0.325651
3 10.7826 36.5678 3.02746
4 19.6301 23.1915 0.754755
5 16.5153 12.4352 2.69742
6 30.1743 0.820759 0.86611
7 30.787 20.727 -2.54139
8 10.5913 17.6466 0.31933
9 0.962297 21.3434 0.22324
10 20.2896 1.79954 -0.394243
11 9.79402 29.974 -2.19547
12 29.6679 31.4452 4.34059
13 16.7686 3.92091 1.17231
14 27.2606 26.5016 0.255499
15 15.6853 25.6904 1.43205
16 25.5061 31.3372 -1.45075
17 37.5239 24.5437 0.420374
18 32.6153 16.153 -2.64012
19 12.9501 29.1086 4.21533
20 37.9347 7.80587 -4.67632
21 38.1625 3.36021 4.08658
22 9.42752 5.49137 -0.123296
23 36.6426 25.5698 -0.384729
24 33.4722 10.5452 1.42596
25 3.77246 30.5041 0.384456
26 21.0906 34.2372 2.25016
27 15.2333 10.604 1.34365
28 13.2489 30.8039 -1.59427
29 32.5294 4.45978 1.52008
30 14.4899 15.9734 -1.17279
31 7.39051 11.6676 2.57122
32 26.1962 3.08065 -1.24168
33 10.2616 32.2006 -3.74313
34 26.9673 28.3159 -4.49627
35 23.6523 15.8583 3.58296
36 16.25 3.213 1.52421
37 36.5076 27.7063 -3.90505
38 30.1453 1.12771 1.94431
39 37.5963 21.8842 1.46791
40 39.0433 35.2021 -1.97557
41 12.5798 13.8854 -1.63904
42 38.8474 21.687 -1.13418
43 21.7134 27.0118 -2.78816
44 22.8085 26.2513 -0.834071
45 6.81563 22.1651 -4.03197
46 37.2192 7.61848 -2.78623
47 27.043 14.3349 2.02227
48 1.07122 38.4939 0.771908
49 7.44296 33.2736 2.53185
50 4.03311 31.5132 0.101693
51 25.3103 3.17126 -2.96873
52 31.0816 9.18154 -3.60128
53 19.9509 4.55985 2.68262
54 26.285 17.1033 -1.37283
55 7.77354 14.2166 3.67291
56 17.4892 13.5278 0.700231
57 12.7065 33.228 -3.174
58 28.5789 24.9697 1.2598
59 7.02384 34.1171 0.221449
60 9.46866 22.7616 1.45166
61 20.0009 35.2672 2.04754
62 0.370517 3.0165 1.92855
63 8.56622 18.1841 1.46183
64 30.0167 28.6904 -3.1538
65 6.84709 35.6345 1.26532
66 3.97791 18.8392 -2.13763
67 26.172 21.5284 0.661713
68 4.05274 3.72117 -0.714391
69 13.8907 35.0827 3.36675
70 11.8609 4.53911 3.02401
71 18.9998 14.5495 3.4535
72 5.45791 10.8142 -2.07222
73 23.6258 29.5802 3.28803
74 9.22658 7.45589 0.203274
75 30.4915 35.3181 -3.33101
76 28.1271 6.94528 -2.65439
77 7.9867 28.7094 0.33794
78 7.19255 33.9629 2.39399
79 1.2844 39.1124 3.06402
80 36.3704 13.2977 -2.33254
81 12.5508 35.2454 0.384743
82 15.5565 12.355 2.359
83 12.6001 30.7927 -3.22026
84 26.6084 7.18069 -0.621117
85 3.39162 19.3731 -3.10737
86 22.6576 13.2546 -1.73146
87 24.8445 32.1811 -4.30595
88 5.31881 37.3329 3.51572
89 7.39995 39.9823 -2.19664
90 0.151903 33.7086 0.16025
91 27.3871 18.0693 -1.14781
92 19.8681 28.7848 -1.17432
93 11.1024 39.0979 -1.55696
94 17.6286 28.4483 2.25874
95 17.7051 0.839673 -2.66973
96 8.41843 34.2074 1.61098
97 17.2391 38.1394 -1.79802
98 6.15314 21.3991 -1.28141
99 14.4682 5.57744 1.92798
100 29.9913 18.2538 3.62728
101 21.0262 26.1287 3.86564
102 23.7456 36.1705 -0.203787
103 16.8557 37.0239 1.72946
104 23.0964 6.87456 -3.47531
105 11.7685 38.0079 1.57838
106 35.3821 20.4264 2.26354
107 20.9847 22.2139 0.912904
108 36.7423 25.8702 0.0590848
109 38.8383 33.4065 0.220377
110 3.59294 34.8554 2.87008
111 32.6771 32.2954 2.93107
112 34.042 5.47472 -1.5993
113 35.5117 33.3523 -3.1558
114 28.2082 25.2394 0.159293
115 26.1665 17.634 1.07064
116 21.0346 32.9559 -0.0934727
117 30.8568 28.8761 -3.31038
118 21.4074 8.05547 -0.807211
119 29.0679 12.3263 -1.02924
120 24.5825 28.1449 -0.643867
121 19.8222 13.4542 -1.59464
122 31.3071 27.9912 0.760747
123 7.1871 29.2232 -0.390123
124 12.1644 36.7062 2.57408
125 23.9939 0.193131 4.24849
126 31.9739 33.5379 1.38515
127 32.2158 5.95006 -3.03946
128 30.6609 3.51568 3.62573
129 5.36569 17.571 1.03104
130 24.5636 11.7369 0.0847395
131 23.6166 26.4662 3.59803
132 16.9853 0.410728 1.66253
133 39.2847 39.5366 1.07395
134 10.6834 32.4701 -2.59429
135 17.5579 38.9862 0.110399
136 26.6347 3.58719 -0.506553
137 21.2075 24.9936 0.924882
138 4.89265 17.0004 3.38425
139 15.5006 36.8401 2.84681
140 30.0238 0.0381974 0.743259
141 25.4605 1.52598 1.2391
142 18.1667 12.3325 1.95208
143 18.9335 18.5346 -1.6135
144 3.01957 31.248 -0.949616
145 23.2812 24.4915 -2.02294
146 27.9127 13.3802 2.38147
147 36.2213 33.8021 -3.56246
148 31.5903 5.96245 -3.18935
149 11.0773 13.762 -4.37644
150 12.6423 29.1602 3.42899
151 27.3519 3.65561 -0.095708
152 15.7931 12.5296 -1.18646
153 18.6908 8.0818 1.76628
154 26.8847 36.851 -4.49816
155 37.8908 30.2461 -0.00150884
156 39.3766 22.8525 1.8058
157 19.7265 3.65355 0.334845
158 14.5078 0.269633 1.74656
159 24.564 31.2077 -3.67573
160 8.58596 17.477 -1.79843
161 14.7764 24.5698 -0.35166
162 25.715 25.4324 -0.833247
163 8.15521 10.1086 -1.12874
164 18.6023 11.7628 2.8028
165 31.8582 8.67639 -2.53292
166 37.088 5.06512 2.5998
167 8.45755 33.0819 1.30201
168 38.5678 24.8413 1.69319
169 4.47201 2.96682 -1.47031
170 35.8371 33.6643 -3.22002
171 26.3575 28.7207 -4.56321
172 7.09464 18.865 2.44045
173 32.2836 29.7831 -0.0496509
174 21.3463 10.5709 3.73725
175 0.791405 9.90428 3.01887
176 23.0348 21.5187 1.92089
177 13.1131 2.40501 2.95002
178 31.7015 21.1597 -2.23625
179 24.3688 13.9759 0.551874
180 18.8774 4.7607 1.57737
181 14.7767 27.2177 -4.02258
182 16.0952 23.8709 -1.5109
183 1.70106 19.9176 -3.4203
184 39.3307 0.829524 -0.151874
185 6.84334 10.3453 -1.48346
186 21.5136 35.081 0.0549108
187 39.3533 8.38641 -1.69347
188 15.87 12.7221 -3.91363
189 6.98422 19.7955 0.483743
190 22.5321 20.7389 2.39091
191 15.1424 29.7365 -1.46454
192 37.7355 2.60082 -2.38886
193 24.1932 28.9483 0.811673
194 19.9076 19.6624 3.68533
195 4.68582 17.6529 3.54253
196 31.6809 3.59213 1.19364
197 11.7111 35.0612 -1.14852
198 29.8865 16.9342 2.91377
199 19.0004 11.6352 -0.252402
200 34.9077 39.4608 -2.13126
201 1.06899 13.6481 1.47989
202 13.2986 20.0141 3.29375
203 22.6071 19.3214 -0.151133
204 35.7352 29.3399 -1.53972
205 6.48132 31.1423 1.80861
206 9.0611 39.4745 3.83652
207 35.0862 1.95459 -1.23104
208 32.2274 20.657 -3.56182
209 7.23997 36.4156 1.07018
210 19.0832 19.1706 1.00531
211 33.6694 20.0035 2.82903
212 31.0663 31.3735 2.40111
213 38.1716 2.29052 1.7453
214 27.9425 18.7136 -1.70001
215 2.65156 14.2293 0.896509
216 32.4871 28.3292 1.09457
217 10.6141 11.8528 -1.07865
218 9.80596 12.9993 2.13937
219 26.1066 39.608 0.0336868
220 13.6315 3.03333 0.668235
221 21.6038 18.8034 2.32718
222 36.4896 33.2909 2.45045
223 17.7442 26.2579 1.91732
224 2.33238 26.8562 -0.168629
225 38.9472 9.53291 0.0711993
226 28.7415 13.8162 -1.62216
227 5.85853 7.35609 -4.24196
228 15.5159 1.04838 1.2388
229 39.81 22.7615 1.5491
230 35.0589 39.7082 0.0600202
231 17.7546 33.6858 0.632014
232 33.5449 33.9602 0.381585
233 32.7129 6.97652 1.48017
234 0.0642053 8.49596 -2.99281
235 0.633724 11.6186 0.833437
236 22.5736 3.4178 -1.31857
237 17.5355 21.0318 -3.72575
238 8.44909 10.2737 -3.227
239 32.0309 14.7037 -0.493037
240 15.3075 16.433 0.877624
241 38.8267 27.2147 1.04016
242 33.8155 39.6523 -2.69852
243 31.5975 38.4682 -2.50701
244 7.82274 6.18245 1.14096
245 17.3979 35.1149 -3.07412
246 28.0754 4.17819 1.65652
247 3.11668 39.5495 -0.346021
248 8.37504 26.8787 0.721736
249 7.16742 0.606437 -0.930206
250 20.7014 5.16189 2.30892
251 31.5858 3.98386 -2.61791
252 28.7573 17.5661 -3.26905
253 33.3947 12.8238 -1.53254
254 9.19454 36.1011 0.0944046
255 30.6835 24.9378 0.809402
256 5.05843 2.37589 0.955783
257 29.0058 17.4846 -1.21671
258 25.8614 3.96528 -1.75175
259 37.7193 18.3601 2.13721
260 0.171216 3.86846 3.09204
261 31.5203 20.8506 -3.9514
262 30.6058 0.987558 0.657743
263 7.13182 34.5661 -0.518706
264 13.6128 21.9749 3.73877
265 1.44023 27.8706 -1.35561
266 0.220294 16.0375 2.17649
267 10.7135 19.5061 -4.40673
268 17.132 17.6729 -0.705629
269 34.5322 37.9935 -3.81794
270 35.0684 13.0093 2.67951
271 37.2497 14.1123 0.276376
272 22.3188 18.4497 -2.55215
273 34.3719 33.4009 -0.997674
274 11.828 37.9987 1.0034
275 13.4458 32.9749 -1.95821
276 32.82 21.0395 -2.06328
277 2.77494 14.009 1.93458
278 6.04383 10.4104 -1.23796
279 16.1113 30.5277 -1.36477
280 6.19982 32.6408 0.366322
281 26.1291 20.5921 2.62809
282 10.1386 17.4836 0.282115
283 22.7633 3.25349 -3.18889
284 31.4406 21.5765 -2.82477
285 4.73414 30.2924 0.687032
286 37.678 5.82456 1.48804
287 18.5352 14.4498 2.5409
288 2.26344 38.589 -0.92276
289 10.2303 31.9794 -1.03446
290 31.7634 27.801 -0.550794
291 14.0611 39.1504 -1.70533
292 30.8004 21.21 -1.11864
293 17.7854 7.52246 -0.158473
294 30.1511 26.4092 -0.0875134
295 15.7774 13.2476 -1.32555
296 25.0127 25.5102 -1.18038
297 0.11041 33.412 -0.103149
298 20.5184 3.51549 -1.14415
299 17.541 30.6078 -0.40843
300 19.669 15.6361 1.99595
301 24.8642 28.491 2.29338
302 24.5191 38.3819 2.34626
303 0.902998 15.5912 -0.318214
304 11.086 32.9435 -0.933349
305 2.28658 21.3528 0.0817718
306 22.7185 14.556 -3.02682
307 13.1215 20.486 2.99669
308 5.11225 25.4222 -1.51283
309 18.4116 36.9351 0.271351
310 17.1278 20.7487 -3.47379
311 24.8026 22.1939 1.01363
312 36.65 27.6782 -1.59012
313 25.4501 6.42267 3.07568
314 18.829 38.2202 2.09341
315 4.831 37.0307 2.25992
316 34.0616 39.3155 -1.11336
317 16.5144 28.8718 3.30996
318 24.8879 31.1617 -1.63696
319 5.83253 9.59095 0.185036
320 10.9561 18.3903 -2.2959
321 24.8466 10.9383 1.4661
322 0.765368 39.3953 0.961935
323 1.30669 38.7517 1.95971
324 25.8238 17.2692 -0.973173
325 12.8911 30.2566 -1.98848
326 14.9048 12.2632 -1.97979
327 11.1372 31.5062 -0.509499
328 16.5504 34.5271 1.73761
329 15.4118 18.3063 1.68105
330 0.192174 15.5395 1.05653
331 25.1064 3.77759 1.13206
332 34.9285 1.4772 0.287366
333 32.7915 26.9574 -3.44669
334 13.7392 11.7733 1.28837
335 3.09801 38.1041 3.52649
336 20.7643 8.64091 -1.44567
337 7.4752 20.5299 1.69405
338 23.567 21.0234 0.917029
339 39.0457 32.6359 -0.204933
340 16.6883 17.2441 0.559838
341 29.6388 25.7949 0.604584
342 17.0407 12.884 2.11643
343 10.2122 16.0745 -2.02637
344 10.7903 5.36908 1.69977
345 0.0922395 31.1346 -0.594996
346 18.8318 12.2318 2.75256
347 11.4632 36.7976 2.12258
348 11.3417 18.3739 -2.01555
349 19.1972 18.7256 -1.6219
350 9.41735 13.0048 2.44438
351 0.446502 24.4526 1.23723
352 27.0721 26.2325 1.94856
353 19.757 13.4788 -3.28908
354 6.18951 35.9745 1.87048
355 18.0548 17.2098 -1.47118
356 36.4607 0.392457 -1.01298
357 9.54257 13.4949 1.25224
358 12.8074 13.6357 0.490545
359 22.474 25.7033 -1.98759
360 30.032 25.3931 -0.451972
361 31.894 29.7079 -0.368019
362 32.0346 27.247 -1.36506
363 34.1731 12.3725 -0.035701
364 11.3744 10.8134 -0.914429
365 2.9892 35.3503 2.48514
366 10.1662 0.201787 2.84442
367 8.8238 38.3877 0.839569
368 17.2158 10.722 3.09856
369 15.6311 11.222 -2.25929
370 21.2969 34.7468 1.29801
371 28.301 19.0482 -0.642275
372 23.7325 28.4734 1.01106
373 19.891 12.5117 -2.00285
374 8.72106 12.7272 2.06374
375 6.45999 9.47844 -1.88643
376 38.5424 31.8846 1.00949
377 35.6636 9.03546 1.01641
378 16.9385 4.85033 4.69007
379 6.75711 33.7501 -0.128056
380 30.9899 33.1367 -0.591619
381 14.1138 35.5463 3.05008
382 0.313423 17.8214 1.15226
383 21.8317 30.9457 -0.309657
384 31.3102 8.33707 -0.509445
385 21.0946 27.0875 -0.919179
386 28.3801 11.651 -3.11102
387 38.6924 0.321637 -0.396541
388 30.7884 32.4452 2.32733
389 15.0786 2.98274 3.90481
390 25.506 11.9986 -1.70976
391 6.40548 14.5537 -2.9272
392 24.4821 18.5009 -1.72321
393 19.1351 36.5518 3.16714
394 27.2681 9.85836 0.736469
395 1.03424 13.1292 4.26514
396 12.1777 37.0609 1.29778
397 8.81519 14.4933 2.19208
398 30.8738 34.8266 -3.15391
399 32.8176 11.0467 1.97617
400 3.79697 38.6735 0.933624
401 27.9697 28.4868 2.59981
402 35.326 9.29098 2.1679
403 6.95722 31.2791 -0.6741
404 21.5607 31.2896 -2.44358
405 2.4191 23.5723 -3.4721
406 20.3708 9.36409 -2.85325
407 37.334 14.4211 -1.88445
408 14.0659 5.60461 3.04259
409 27.6304 6.60794 -4.384
410 18.5587 24.8018 1.78252
411 20.9547 30.5424 -3.29358
412 3.38538 0.15174 1.10413
413 6.99844 19.2684 1.72322
414 11.5847 6.47374 -2.0599
415 12.3525 26.1409 -0.473469
416 10.2409 33.0441 -2.06165
417 3.00653 0.191498 0.542253
418 25.8553 21.8712 2.15662
419 22.5789 12.0031 -0.932341
420 27.0215 0.688036 4.58683
421 6.46773 14.1109 -0.269171
422 11.7272 12.4476 -3.28846
423 39.7332 6.09654 -0.0883966
424 23.9206 18.7947 -1.70905
425 20.5562 7.99489 -0.491419
426 12.6647 19.0593 -1.05535
427 21.4902 24.7769 1.04873
428 8.32329 5.97575 0.301287
429 39.2291 5.01434 3.1592
430 8.58971 15.3403 1.64832
431 6.58005 8.02143 -2.35606
432 15.9013 33.4149 1.68143
433 25.0235 25.0859 -0.187418
434 13.451 19.0869 3.37553
435 0.242622 32.4964 -1.59092
436 39.8506 29.9939 -2.03454
437 7.40533 2.13181 -2.64415
438 3.19108 34.8319 0.454164
439 37.6245 20.0545 -2.62925
440 21.1581 8.48183 0.585898
441 15.7722 37.5494 4.93479
442 16.1633 15.0537 -0.10554
443 23.0064 21.7939 1.35755
444 14.6649 19.5129 0.615016
445 15.1891 20.7678 0.919106
446 19.854 8.80734 -1.35494
447 12.2373 3.21136 -0.82884
448 30.6765 18.8972 0.695442
449 18.9964 14.3264 -3.41622
450 2.73603 14.8138 0.808958
451 31.0582 15.8396 -1.44766
452 6.36483 10.0276 -1.31745
453 9.04978 18.2721 -1.5022
454 36.7673 8.15897 -2.16958
455 29.6709 0.846478 2.78862
456 8.52901 11.9551 -2.09383
457 24.4125 13.6299 0.0113608
458 25.735 19.6959 1.64509
459 13.4133 36.9803 -0.832704
460 3.99978 0.312223 -0.395577
461 9.78228 1.68458 2.07364
462 22.2021 20.4977 1.34958
463 7.55721 33.2944 2.19128
464 29.0171 31.6137 1.85693
465 25.504 11.1312 0.912402
466 36.5798 26.151 -0.454333
467 9.87145 31.6764 -2.47208
468 16.5253 34.1709 -1.26976
469 26.103 34.8859 -1.65579
470 11.6767 15.8966 -1.76053
471 33.5431 26.6367 -2.90919
472 16.3439 39.7785 0.810008
473 13.4675 35.8278 0.404436
474 3.7656 38.4156 2.27446
475 34.3301 39.7534 -1.32281
476 14.9537 16.7495 2.08708
477 7.88948 34.1908 -0.177862
478 30.0374 26.6724 -0.529732
479 38.3908 31.5087 2.40241
480 38.1346 24.2956 0.309662
481 32.6429 2.03414 0.56856
482 13.8449 35.926 0.893964
483 7.20106 33.859 0.805002
484 20.8422 36.7299 4.74426
485 4.54585 36.8766 2.71647
486 19.5205 28.4403 1.70497
487 31.2555 30.7588 -2.63684
488 38.4662 6.14207 0.0913136
489 22.6306 5.90674 2.80561
490 6.40063 7.21151 -1.27391
491 17.9008 13.8467 1.51791
492 19.3959 38.0909 -0.856807
493 3.03557 28.5335 1.50402
494 10.8306 13.317 -3.68964
495 36.1816 9.75015 1.20166
496 24.903 25.5813 -1.30804
497 13.4027 38.3443 -0.759572
498 19.8572 12.3501 -2.05588
499 8.13289 20.05 1.0033
500 6.82024 9.94845 -1.9329
501 32.9596 7.65783 -0.400507
502 5.33464 3.18247 -0.417394
503 23.08 21.7102 1.40339
504 5.27533 0.0629971 2.02321
505 8.86049 9.42012 -4.27585
506 28.3396 24.6688 0.135918
507 22.3903 13.544 -0.8142
508 12.5593 30.4858 -2.30503
509 16.6851 37.5456 -4.06438
510 30.209 9.46188 -1.93625
511 20.8143 32.5096 0.756856
512 29.1761 23.5958 -4.0722
513 17.3707 20.0841 -1.08466
514 4.22565 32.4182 1.74616
515 15.296 13.1393 -3.99274
516 14.7105 37.0386 -0.616316
517 12.7423 14.0782 -2.09815
518 39.1677 4.07801 3.21133
519 24.1293 20.6259 1.60355
520 0.806351 1.03009 -1.6185
521 39.2564 35.9512 -0.457055
522 29.3966 23.0028 -3.8901
523 14.6842 17.5031 1.13319
524 15.966 25.4078 1.98921
525 9.21154 14.0883 2.93935
526 15.4701 25.6336 0.589635
527 9.98863 2.3352 -1.06217
528 19.5501 8.8586 -2.34121
529 33.9245 37.8363 -0.301544
530 28.0458 16.6399 -3.75849
531 28.5592 0.425075 2.23012
532 19.4698 35.9762 3.47756
533 9.66977 32.4435 -3.47719
534 8.05789 23.2256 1.50627
535 33.744 5.53253 -1.21838
536 38.5617 15.9847 1.2686
537 0.850738 26.4356 -0.633831
538 16.7205 39.6454 0.521823
539 18.9581 11.5548 1.72055
540 34.5403 16.0463 0.0966835
541 23.9187 22.0335 1.48177
542 30.7024 32.2314 1.89629
543 7.56685 18.9584 1.71957
544 34.2541 34.643 -0.241485
545 5.95994 22.5476 2.1795
546 35.8792 39.9429 -0.86575
547 3.08552 10.8254 -1.22627
548 37.2604 0.858068 -0.120904
549 0.060538 30.9892 0.0553215
550 0.375547 29.3492 2.03772
551 29.4513 9.33834 0.00296327
552 14.7409 0.93607 1.56962
553 10.278 33.3704 -2.88843
554 13.8069 6.17493 -0.264736
555 34.6068 5.47538 -0.701583
556 38.1264 17.4552 -0.765427
557 8.68738 13.4402 3.52787
558 28.9027 3.55122 -0.651391
559 31.7664 27.9894 -0.530535
560 34.6803 21.0674 -1.07395
561 39.346 35.7298 -3.65429
562 10.9345 20.2859 -1.02548
563 5.01575 11.4586 -3.29802
564 9.91087 26.0027 -3.81039
565 5.21742 20.3437 -0.134832
566 13.666 35.9798 1.30656
567 26.8996 15.151 0.80588
568 4.62115 2.12264 2.40238
569 29.8985 28.866 -3.12021
570 4.76798 28.8168 -1.47222
571 13.2798 12.7881 -2.77
572 31.4701 27.2971 -0.337075
573 22.9153 30.0238 3.17768
574 12.4296 26.8223 1.79704
575 15.8395 18.1963 3.74746
576 5.18824 2.72916 -2.39933
577 22.5884 34.9662 -2.66977
578 11.2871 31.601 0.190648
579 16.2499 11.9389 1.19645
580 7.47068 26.0601 -1.04845
581 5.30462 23.0229 4.54966
582 22.0337 17.4898 -2.23954
583 21.7609 30.9802 -3.58094
584 0.641979 13.6625 2.70197
585 2.9558 24.3407 -3.74092
586 23.2602 20.9663 0.740354
587 28.9896 0.120708 1.45859
588 20.3388 30.9504 4.19942
589 22.2739 10.9538 2.63495
590 0.388129 6.11135 0.506803
591 15.4925 26.036 2.56064
592 26.3697 26.9364 0.569513
593 5.37125 19.9695 1.56978
594 2.67684 4.89609 -0.43992
595 31.9098 28.0962 2.0274
596 37.6452 3.61951 1.69035
597 27.6564 11.1924 -2.48199
598 0.987871 14.7755 2.10915
599 7.20711 35.1911 0.709823
600 39.9488 34.508 0.573715
601 17.1134 36.2674 3.19108
602 17.1275 19.4321 -1.36573
603 17.3041 6.49655 -0.0889888
604 33.2431 33.0853 0.186595
605 18.1652 22.701 -0.302628
606 38.0321 30.1253 0.0340993
607 37.6404 13.7315 -1.92528
608 6.89858 0.474111 -1.49094
609 26.6212 6.38284 -1.39795
610 33.1914 23.5594 0.5901
611 39.1857 23.0013 -0.010824
612 22.7318 10.5919 4.85276
613 16.605 12.0275 3.85332
614 34.0984 1.24899 1.30876
615 32.5283 6.47188 -1.15479
616 30.5662 19.9106 -1.99388
617 27.5825 26.0279 -0.0962452
618 5.63217 0.13437 1.16626
619 21.0385 29.2951 -1.91224
620 35.4135 1.34364 -2.17873
621 22.5176 17.9443 -2.69381
622 31.1846 7.81107 -1.04873
623 20.126 14.9594 2.06482
624 37.1199 4.93674 1.72536
625 12.6511 5.70205 1.82503
626 3.768 38.5469 1.29079
627 1.63062 38.3434 0.350574
628 17.9948 5.75415 -0.904662
629 27.7854 7.49519 3.10656
630 38.8031 0.149933 1.92901
631 31.3674 2.47846 -2.67173
632 33.9362 33.5543 2.2218
633 3.29243 21.1651 2.57453
634 35.761 12.8981 0.673343
635 29.387 26.2263 1.7925
636 22.8051 13.7733 -2.63305
637 6.1806 32.8816 2.40507
638 31.3014 29.8837 -1.19595
639 29.5843 21.2599 4.36642
640 8.88089 16.4322 -3.29206
641 35.8214 6.91251 1.51818
642 11.548 33.591 -0.915642
643 30.4223 34.678 -2.19494
644 8.91671 4.67828 3.07362
645 9.95855 8.01384 -0.682987
646 14.2556 3.01143 0.581708
647 6.50428 6.79101 -2.72828
648 29.1578 31.7042 4.58103
649 12.1706 12.918 -0.702482
650 26.3961 17.6129 0.0130127
651 27.9275 19.628 -1.00769
652 7.68232 29.4306 -0.841893
653 5.38412 36.5039 2.23929
654 24.3879 18.7507 1.3295
655 34.1439 30.5037 1.02852
656 11.2372 11.1857 1.52046
657 26.1622 8.35306 -2.61635
658 9.22863 22.9197 1.36017
659 2.69207 38.4964 -0.84629
660 22.1722 17.4074 -2.05475
661 3.35852 11.5922 0.426167
662 34.4069 0.65 -1.51332
663 5.02234 18.1057 4.17952
664 36.0402 18.1333 -1.34716
665 34.0018 37.9248 -1.01342
666 28.3153 3.55342 0.389631
667 35.5433 29.2023 -0.556886
668 13.008 30.0857 -4.67492
669 10.6776 30.9537 -0.108363
670 36.729 31.442 -2.30705
671 34.6355 0.832156 -0.304658
672 17.0909 34.8524 -2.07678
673 38.246 6.37321 2.06228
674 3.85773 19.2332 -3.2313
675 28.5959 16.3583 -1.11564
676 39.9418 1.21406 -1.02474
677 7.00492 20.2542 3.72976
678 22.3253 1.35328 1.57561
679 23.7202 21.1663 2.42005
680 21.5547 37.1565 1.20047
681 12.1293 36.7209 -0.78194
682 36.1637 0.492154 -1.20589
683 21.4618 25.9715 1.833
684 2.35942 28.4134 2.614
685 23.5233 30.4218 -0.0408736
686 0.605768 35.8081 -3.49131
687 18.7723 12.4724 0.124702
688 28.8862 9.65824 -0.570495
689 6.4152 4.84986 -4.3825
690 9.80933 39.4708 3.33248
691 18.7972 32.9467 0.398445
692 28.7421 17.7707 -1.38425
693 0.975503 21.213 -0.928909
694 28.7112 18.2123 -1.33706
695 12.8235 30.1777 -2.64686
696 17.2397 22.15 -2.50581
697 26.7851 4.06126 -1.30978
698 35.5651 9.86453 -0.837845
699 38.4366 24.2606 2.30226
700 6.3473 39.3448 -1.32779
701 12.4601 38.5746 -2.01139
702 9.04848 34.6556 0.916999
703 1.09411 13.1165 4.46653
704 32.0911 39.9325 1.28111
705 5.45697 21.8355 -1.73738
706 36.2091 33.9417 -1.49273
707 20.4088 0.917875 0.233479
708 38.7538 20.7673 2.30897
709 27.8349 15.533 -3.40336
710 18.4593 1.3804 -0.560879
711 32.9274 31.545 0.78533
712 29.1338 23.0441 -4.50756
713 34.9408 16.515 -1.35054
714 28.1315 34.7979 1.39305
715 34.6385 32.0653 4.17799
716 17.3282 33.5429 2.62711
717 15.555 30.7201 -0.774867
718 3.18659 28.8142 0.828244
719 12.3665 32.2753 2.50931
720 11.485 19.3976 -1.9049
721 18.0471 37.2203 1.03366
722 5.20404 1.54074 1.20527
723 6.50062 39.0121 -0.304467
724 19.0604 38.3692 -0.0648959
725 28.5763 32.697 -2.46179
726 0.945037 30.1101 1.69974
727 10.5542 23.2829 2.43047
728 5.79451 35.4205 3.3172
729 19.3724 2.2273 -0.247284
730 20.4239 11.1878 -2.83647
731 30.9611 19.0662 0.603426
732 21.1996 0.935546 -1.05163
733 26.0909 31.5096 -2.52035
734 35.0325 11.5195 0.303708
735 16.9491 34.1548 2.49527
736 23.5639 25.4637 -0.439909
737 3.47539 34.7542 1.18669
738 21.9286 10.9535 4.18213
739 11.1185 21.3703 0.124773
740 31.3482 21.2198 -0.697663
741 5.34461 21.8288 -1.54289
742 17.1712 14.2308 0.238866
743 26.7743 23.7293 -1.03248
744 33.3411 21.0676 -0.453752
745 16.7274 37.9724 -2.1893
746 17.8153 8.05541 -0.364868
747 17.7472 24.2624 3.37276
748 17.4118 34.7416 0.993335
749 8.02234 5.98988 -0.176543
750 2.47457 32.6847 0.223276
751 1.34016 34.5964 -2.23495
752 7.72647 18.5151 1.75711
753 19.4879 18.3625 0.567949
754 30.352 23.5317 -0.368079
755 30.8817 7.43948 -2.71634
756 10.8657 10.4556 -1.29108
757 5.69239 32.8226 2.41098
758 2.05154 19.5036 -1.15839
759 12.157 29.5514 -0.669445
760 36.884 29.9371 3.18396
761 9.55256 20.4797 0.615376
762 22.2774 26.832 -3.82718
763 3.55687 39.4869 -0.640841
764 15.847 17.818 1.96866
765 37.9945 18.1631 1.30768
766 7.46198 10.9295 -1.21864
767 30.0951 10.5018 -2.40132
768 8.23915 16.419 -3.8516
769 15.7579 31.2953 -0.671714
770 2.13688 24.545 -3.21182
771 8.01338 18.997 -0.531056
772 12.3357 33.241 -3.65619
773 35.8517 29.1453 -0.708316
774 4.23578 31.5984 0.456594
775 15.5139 6.69182 -1.74285
776 6.12912 13.3355 -0.370497
777 35.8753 29.0407 -2.04811
778 36.1395 28.4917 -2.21426
779 19.6361 3.03214 1.76108
780 2.14729 5.72627 0.0183459
781 9.81215 34.8183 -2.46247
782 9.49878 5.61757 -0.209505
783 11.6685 11.9284 -0.0389619
784 33.9238 2.39541 -3.80836
785 20.3068 9.45167 -0.394491
786 5.48454 19.3023 1.82154
787 35.5187 4.07451 -0.84971
788 7.64865 33.094 1.61978
789 38.6275 3.14677 -1.8087
790 11.7115 28.1515 3.26555
791 12.4245 20.7639 0.223093
792 12.1408 18.7964 -3.9584
793 20.3327 35.2427 3.13007
794 22.4889 23.7781 0.730297
795 0.253411 4.11677 2.20079
796 16.365 12.4375 3.17254
797 2.38137 28.3841 3.19497
798 29.6128 9.62813 -2.25324
799 32.2167 2.87101 -2.37741
800 35.0072 11.0372 0.731714
801 17.9763 19.208 2.55296
802 34.5566 24.5099 -1.17629
803 11.9845 38.7995 -0.114917
804 4.31165 18.7982 -3.78284
805 2.27607 22.7047 -1.66167
806 3.80815 27.7802 -3.26514
807 28.2004 17.4333 -1.38385
808 17.0085 30.1116 0.862494
809 29.0086 20.0783 1.59978
810 15.8772 34.0282 0.367871
811 36.8236 26.9095 -0.481278
812 8.58387 11.617 -0.930944
813 3.96141 10.7296 0.22896
814 28.5162 34.3934 1.5766
815 25.4036 16.6285 -0.237018
816 16.0001 37.3621 -3.81392
817 16.5703 33.2184 -0.836937
818 8.41042 6.82878 2.70863
819 32.108 6.64225 -2.2642
820 9.20283 37.6571 1.88613
821 15.2998 10.8742 1.84729
822 4.16742 38.0075 1.34859
823 24.9563 3.36172 1.71872
824 28.374 13.8873 -4.39578
825 35.6907 0.840215 -0.219644
826 8.36413 16.5067 -3.87894
827 33.6259 12.1714 -1.09146
828 15.7875 16.9016 -1.17693
829 12.2327 30.5286 -2.21492
830 11.0416 13.5198 4.2987
831 19.7346 37.8215 0.587697
832 35.0021 5.11846 -0.0156717
833 13.8361 15.0295 0.307358
834 20.1388 9.84095 -2.70113
835 4.74351 30.7609 -1.09999
836 21.282 30.4285 -2.32128
837 31.9052 37.8157 2.47744
838 17.9318 4.92663 1.34899
839 5.80006 13.5365 -1.76634
840 27.0653 17.2603 0.368013
841 25.379 34.9 -1.13491
842 20.9694 36.0332 2.24107
843 17.5987 4.6942 -4.75225
844 2.94089 21.8235 -0.951647
845 4.54475 30.1596 -2.26282
846 6.7896 21.3195 -4.93057
847 37.5516 26.4891 0.120571
848 27.6558 26.6115 -1.95623
849 19.5803 18.1867 -0.662569
850 31.9063 34.8283 -1.45001
851 8.31348 5.25751 2.28365
852 28.4216 25.7598 1.10011
853 19.5262 17.4304 -0.791736
854 1.47612 39.5865 0.346611
855 16.0928 35.6867 3.2756
856 11.6356 32.0152 -0.44624
857 11.9084 33.4958 1.5669
858 33.7557 27.9108 0.460294
859 11.8159 35.7933 0.58101
860 37.6287 18.3052 -0.493433
861 5.93714 13.7727 -2.79791
862 5.93463 24.934 3.68492
863 13.7753 11.7757 -1.39364
864 11.0766 11.731 0.335549
865 21.6876 32.1027 0.283097
866 28.7782 1.72157 -0.978446
867 27.7469 25.1438 -1.36899
868 33.0595 28.3571 0.580633
869 2.75414 17.2667 0.534767
870 37.3365 2.98762 4.37259
871 19.5746 25.4716 -3.05486
872 34.4197 15.9459 0.356505
873 8.17389 14.5963 3.17196
874 27.4187 13.3375 0.788793
875 29.0604 0.423514 1.62447
876 19.0989 18.8309 1.68475
877 34.1295 13.5418 -1.24315
878 37.9477 1.07618 1.38838
879 6.11567 32.4841 0.452387
880 33.4463 20.9595 -0.630691
881 16.0982 20.7136 -1.90919
882 30.3057 3.01857 0.359261
883 34.1038 28.4941 1.03518
884 0.0661532 17.9789 1.08038
885 16.6702 12.0798 2.43575
886 18.0095 21.5995 -4.13454
887 3.06664 21.4739 0.119788
888 33.8788 24.9926 0.282305
889 38.0451 5.6265 2.77848
890 13.1812 12.8884 -3.40294
891 22.2055 21.0585 3.02039
892 22.713 9.93778 1.84653
893 32.5658 21.5683 -1.25797
894 31.6452 26.2941 -1.93801
895 36.1355 6.04572 -0.285433
896 12.3849 37.4316 0.343288
897 2.82371 13.551 -0.461444
898 23.1954 20.8506 1.22479
899 9.76852 22.5121 0.287861
900 8.31064 37.9679 2.21133
901 0.27593 38.9178 -0.458486
902 5.11625 27.4033 -2.25494
903 12.6228 35.4606 -0.857319
904 17.2297 36.6676 2.14333
905 34.5283 39.57 -1.02856
906 18.1062 12.582 0.187258
907 12.1816 25.2454 -0.403517
908 34.2107 38.6896 -2.76167
909 9.19179 36.1162 1.1844
910 1.25852 22.5692 -1.02303
911 33.2293 5.59191 1.57782
912 26.6424 15.2206 2.86009
913 36.7723 35.4951 -2.99069
914 38.8556 27.0317 0.78557
915 37.8967 0.614175 2.44623
916 36.2625 21.1043 2.89773
917 18.5807 24.8247 1.63663
918 37.5689 7.03627 -1.88761
919 29.3648 26.1638 -0.238407
920 2.25991 17.5971 0.940714
921 27.609 19.6188 -3.62514
922 24.2515 19.2945 0.618012
923 7.2699 28.4745 0.233358
924 32.3635 28.9852 0.232018
925 17.5164 13.8931 0.560258
926 20.7328 9.44169 -0.692849
927 3.00854 30.7743 -1.44009
928 33.5039 4.31829 0.527512
929 9.19263 29.7326 -1.86583
930 7.09956 1.88278 -0.650191
931 12.5581 22.7926 1.98528
932 28.9836 23.38 -3.6704
933 17.4542 0.221331 0.177561
934 30.9978 23.4591 -2.59851
935 8.44892 14.0676 3.22303
936 14.2336 20.3066 2.78811
937 27.3477 4.41482 0.394635
938 15.3705 18.0442 2.24757
939 10.3885 2.14732 1.37359
940 11.9758 28.5524 -1.50584
941 32.5112 23.4505 0.0960763
942 11.4089 19.1925 -2.65148
943 12.3981 5.09213 2.63844
944 8.57322 38.4208 1.54328
945 0.913849 6.04366 1.66102
946 14.1733 17.237 3.50523
947 12.0101 9.74587 -1.56927
948 18.5047 8.1402 1.53836
949 6.7876 7.56325 -1.90086
950 4.24975 23.8057 0.551024
951 13.2807 6.44315 2.65542
952 12.7849 23.5833 -0.0659073
953 35.4128 20.7994 1.47795
954 9.80821 35.5724 0.576015
955 7.72721 1.21616 0.56296
956 30.059 14.7616 2.26922
957 33.9238 16.815 -0.0220809
958 7.24629 1.76774 0.501673
959 37.0309 16.882 3.09567
960 11.525 33.8987 3.71559
961 7.73271 23.4178 0.976067
962 15.1444 29.4747 -0.924205
963 10.0441 36.5826 1.28349
964 38.23 4.62164 0.862969
965 39.4395 31.5805 -1.92818
966 13.8302 13.0818 -3.22704
967 19.0061 36.7101 0.832759
968 0.243828 16.7865 2.87547
969 16.263 3.131 3.50222
970 12.0846 37.5305 -0.437083
971 20.4248 15.0169 1.81016
972 13.7076 19.7953 4.12598
973 5.12931 19.6717 2.92265
974 38.9545 24.8031 0.0348335
975 9.12662 19.7866 -0.216583
976 8.73226 15.2464 1.15762
977 5.78757 36.5511 0.891821
978 10.9841 33.119 -3.6954
979 8.57574 6.08569 2.67038
980 33.6955 15.8968 1.83242
981 7.10634 21.585 -2.4366
982 36.0077 38.404 -0.652074
983 36.502 21.5733 4.60851
984 10.9865 26.693 3.88119
985 0.00971106 26.1173 -0.497663
986 23.1443 20.5752 3.18334
987 10.669 11.4837 0.282221
988 5.04475 23.415 2.01968
989 26.4721 28.2405 -1.15921
990 22.1868 17.8764 -2.66635
991 16.0806 19.2051 -3.27108
992 6.38647 13.8469 -0.738117
993 13.5351 13.7233 -0.752609
994 25.8997 17.1384 -1.87339
995 14.4958 16.2396 -0.465865
996 36.8832 25.8564 1.14699
997 2.81445 13.7157 2.63166
998 33.6311 39.8561 -3.02942
999 39.8863 6.25631 -0.375581
