1000
Particles
0 2.6188 31.6772 -2.88863
1 34.7023 20.0911 -0.309324
2 19.3861 5.69566 -2.82774
3 9.87092 35.6051 -1.34524
4 21.1733 20.7825 -1.07998
5 24.197 10.0884 1.72449
6 29.2642 4.51009 -3.01022
7 32.3536 17.9245 1.37958
8 6.66507 27.2429 1.29667
9 26.9682 17.7524 1.2864
10 27.939 31.8372 -0.103609
11 39.2295 33.0582 0.631769
12 32.3055 30.4266 -2.97861
13 1.07697 6.78692 -0.791535
14 28.6365 18.9479 -2.90874
15 24.0498 30.6782 -2.80026
16 22.6692 33.404 -1.41223
17 33.977 9.6606 0.908763
18 35.5479 11.5146 -0.541063
19 15.8108 24.6581 -2.46621
20 7.20654 11.8957 2.32915
21 37.865 5.75616 -0.329554
22 1.56032 14.2292 -1.31273
23 29.6985 20.779 0.856587
24 36.0527 9.5283 -1.1475
25 3.08661 32.0264 -2.36972
26 19.3554 29.9834 -0.317514
27 14.4331 18.2091 -1.89178
28 1.55957 29.9675 2.19418
29 33.0971 5.71302 -2.85955
30 17.9393 23.5024 -0.49939
31 16.6788 18.183 1.36899
32 19.9264 9.18988 -1.04664
33 11.4367 39.7408 3.13589
34 29.3898 15.541 0.915086
35 21.4649 0.560081 1.12115
36 18.8207 39.0339 -0.736524
37 34.4605 24.862 -0.550335
38 33.4375 37.3165 -0.459383
39 29.3601 17.0301 -2.3588
40 36.8909 36.1754 2.77675
41 16.4818 10.2972 -1.12911
42 39.6997 15.1856 0.425976
43 24.6461 33.7522 -0.0111318
44 23.5503 29.8348 -1.73577
45 4.57473 30.7974 -2.08787
46 0.0351546 9.42638 2.441
47 33.1103 7.38377 3.70726
48 4.3813 36.7381 -0.490864
49 8.89848 33.9846 3.88933
50 35.5804 0.0316347 3.04383
51 16.783 0.0947534 -2.22405
52 32.8037 14.1265 -0.242395
53 14.8409 3.39387 2.13911
54 30.0848 26.3767 -0.657029
55 0.572697 17.4107 0.161879
56 24.4028 5.49101 -0.0251057
57 2.82653 29.3736 3.52505
58 39.0194 24.7957 4.5349
59 7.87551 34.9823 1.40726
60 8.64444 26.8268 0.566291
61 15.8322 28.0414 1.1103
62 33.3816 39.6329 -3.04786
63 8.9963 15.2891 -2.17676
64 37.5349 27.01 -0.449369
65 13.686 37.1844 -0.00888374
66 11.2253 18.4631 -1.47577
67 27.7772 20.6712 0.471445
68 10.8044 3.69666 -1.88654
69 12.4903 4.48611 -2.00884
70 5.6516 36.954 3.29392
71 19.9462 9.56464 -1.98561
72 6.51619 13.5667 4.17026
73 22.4715 30.0241 -2.98069
74 8.49273 4.65203 1.72396
75 4.9804 32.3731 -3.42776
76 17.6209 5.02411 -0.433554
77 7.20571 25.88 -2.65845
78 1.19651 30.9329 1.98268
79 35.5176 4.0833 -0.697349
80 36.2605 7.5891 0.166823
81 1.43923 26.8769 -3.50484
82 12.5534 10.1623 -1.36666
83 17.4787 27.2487 1.34793
84 17.5915 16.8662 0.225169
85 1.98553 19.5895 2.5738
86 19.5414 1.82481 3.01745
87 22.7468 35.3176 0.0610835
88 4.72154 37.7569 3.80516
89 5.55462 38.5236 -0.129849
90 37.7856 36.9363 1.17443
91 22.6646 16.0374 -1.02222
92 11.7284 20.1499 -1.16111
93 16.7735 3.21066 0.833128
94 15.4334 22.857 2.53874
95 19.5149 39.113 1.86446
96 13.3209 30.0339 -2.13831
97 25.0933 35.0879 0.322968
98 1.02349 19.8387 2.61322
99 12.1248 2.57543 -1.53412
100 25.8695 18.9654 4.04353
101 22.4245 23.4385 0.90991
102 21.0443 30.6211 0.092548
103 10.177 2.57828 -0.971072
104 23.9932 7.304 0.664674
105 22.2954 31.8271 -1.89305
106 29.7637 16.775 -2.54403
107 19.1694 23.0898 2.24758
108 26.9801 10.3214 -2.7525
109 38.1368 37.6134 0.536064
110 14.8536 1.20653 2.88156
111 38.7688 28.9714 -0.996192
112 31.3926 38.7655 2.5941
113 39.4813 24.6182 3.41956
114 0.14938 25.4512 -1.57839
115 32.8675 24.5018 -1.78785
116 22.5593 32.2198 -1.48927
117 23.2423 32.8424 -3.98168
118 23.5606 4.02251 -0.685188
119 32.4526 15.5592 -0.701173
120 26.5599 29.2349 -2.67584
121 23.6214 14.5925 2.78076
122 36.0098 18.4201 -3.10326
123 6.69497 29.8011 1.48591
124 13.6049 38.769 3.72125
125 26.9618 39.3131 2.99525
126 25.2785 23.9204 -1.92208
127 36.4578 5.8453 -0.574411
128 38.0396 10.9664 -1.81178
129 1.00981 13.3973 -0.244073
130 35.3479 5.95103 -3.10875
131 34.9548 27.313 -2.47895
132 20.0078 38.8152 -0.575593
133 36.2983 31.5404 -1.37045
134 0.606343 29.2932 -4.06016
135 8.49301 7.80622 -1.57877
136 26.0562 8.40827 1.97107
137 26.8347 32.0973 0.82234
138 10.5837 20.0163 -0.781637
139 14.4575 1.38489 0.118321
140 21.4312 32.6499 -1.63696
141 31.1015 28.3163 -3.21683
142 26.2969 8.11496 3.01321
143 17.6617 27.0497 0.60281
144 0.723152 28.4032 -3.3733
145 25.8785 16.9776 -1.25251
146 32.5882 7.31206 -1.98714
147 38.2666 0.937508 -0.0435236
148 36.8793 9.7288 -1.38091
149 13.8463 26.3267 4.24886
150 20.1739 14.9783 3.8377
151 34.8398 39.7957 -2.11345
152 19.6426 15.3382 0.490296
153 21.2044 3.64933 3.80842
154 25.1851 37.9481 -1.30845
155 34.1864 25.6954 -0.77119
156 36.7475 26.0189 1.91922
157 13.0822 9.23336 2.94818
158 15.9464 33.5006 1.19427
159 17.6729 24.645 0.684155
160 1.17606 12.7076 -2.05343
161 7.96712 20.6943 -3.96002
162 25.627 30.9359 -3.24962
163 7.50566 8.14058 1.53787
164 15.852 1.58898 -1.67025
165 26.4572 11.4466 1.88063
166 35.2704 10.2178 1.33173
167 11.1968 35.1225 -0.157227
168 0.664024 23.4961 -3.18309
169 36.7724 32.1859 1.55549
170 5.28938 34.455 1.75623
171 23.4236 38.9867 -3.32111
172 1.2351 17.417 -0.645404
173 23.6889 34.7761 -0.277352
174 16.4091 36.952 -0.686178
175 39.7301 4.55178 -2.38297
176 21.0087 21.3506 -3.44429
177 15.3484 7.96656 2.53302
178 24.8169 16.9242 -3.62033
179 31.2519 7.81879 1.07247
180 16.0156 10.7128 0.239415
181 36.911 28.6017 -2.86779
182 20.5284 14.9034 -4.05974
183 1.87181 25.9718 -3.78325
184 35.5486 4.16651 1.76456
185 10.9609 13.8163 1.78066
186 22.7749 1.19399 2.2201
187 9.98935 0.38237 -0.559169
188 22.9786 15.9396 -0.590141
189 10.8323 24.8042 3.29426
190 22.5753 21.2729 0.395689
191 12.4777 30.1571 -2.92945
192 36.5031 5.69132 -0.961207
193 29.7083 18.9095 -4.11949
194 20.3644 24.6338 0.457966
195 10.146 17.1058 -1.40346
196 25.977 36.8629 3.55518
197 18.4291 32.7149 -3.52131
198 29.0158 18.6541 4.5049
199 11.3348 8.89848 1.712
200 33.9356 37.0822 -1.87019
201 35.7247 18.6183 -3.68628
202 11.7724 19.733 -3.55685
203 25.1527 18.1279 -1.69124
204 32.4357 30.0569 -2.01764
205 36.5731 28.074 0.0783958
206 17.8778 3.29853 -4.38554
207 35.4277 33.6295 3.70213
208 34.0499 22.2664 -0.971881
209 12.1167 35.4413 0.10622
210 10.8005 26.123 0.165429
211 36.4218 18.0356 -2.39363
212 36.4347 32.1936 -1.69269
213 39.8308 8.11392 -1.96793
214 28.3604 19.8724 4.68085
215 34.7474 20.6726 0.701441
216 29.7541 23.9904 3.26032
217 8.26736 8.16335 0.598071
218 14.1012 20.5669 -2.66224
219 21.7612 38.0419 -2.22345
220 12.64 6.56409 3.36876
221 21.3429 9.67842 -2.84385
222 37.6745 32.204 0.00528924
223 18.9127 25.3163 0.731608
224 0.818413 29.3556 4.28022
225 33.8079 9.10121 -1.58009
226 35.7134 22.4178 3.47776
227 3.37305 10.8671 0.870276
228 16.7068 7.72405 0.686628
229 39.4898 17.3497 2.6219
230 32.5042 8.99102 -1.6524
231 17.4889 25.2509 -1.88844
232 33.3493 3.83218 -0.95999
233 38.509 9.71554 -1.0974
234 10.2863 38.2766 0.231656
235 38.1369 8.49353 -1.63399
236 14.2784 37.8792 1.51619
237 13.6918 27.1765 -2.51024
238 13.1103 10.1917 -1.75919
239 33.8571 8.89322 -1.8256
240 19.9662 20.63 -2.28533
241 11.8412 30.6038 -2.846
242 37.8234 7.03162 0.475831
243 28.3517 3.47826 2.57197
244 35.5195 20.2972 2.26273
245 19.4515 1.9407 1.07477
246 31.4079 4.41319 -0.493943
247 8.93769 38.1867 -3.15383
248 10.2374 28.2346 -0.120059
249 16.8928 37.6884 2.09464
250 18.3978 0.674576 -0.811837
251 37.5821 6.70647 -2.17984
252 33.4337 16.7362 1.78698
253 32.5442 14.111 0.181757
254 0.188137 39.461 -0.0553913
255 28.0764 28.8217 -0.55623
256 6.23891 5.40377 0.794895
257 28.0197 17.2652 -2.21395
258 32.6326 34.3515 -1.20284
259 37.8128 14.771 2.3868
260 2.98086 10.0654 -0.683439
261 28.5138 26.9382 2.27533
262 27.6456 34.8798 1.49058
263 38.6502 9.02436 0.428486
264 9.95808 25.1962 1.78075
265 37.1421 27.6361 -2.527
266 0.762755 12.5718 -2.73657
267 1.01444 27.596 -3.71049
268 10.9067 27.679 -0.647461
269 23.1271 35.6529 -2.01264
270 2.57145 11.8084 0.33981
271 34.579 9.69802 1.0661
272 19.414 18.1936 -1.35995
273 28.0227 38.0055 0.911758
274 11.0541 8.99975 -0.160108
275 9.84204 23.3254 4.13592
276 27.9503 18.0313 -2.17416
277 4.52327 21.0327 -3.23267
278 4.77831 13.3781 2.97166
279 8.46289 25.9554 -0.849265
280 7.8657 26.5452 0.0405119
281 24.1275 16.3036 0.775963
282 15.8778 23.6876 4.51592
283 21.4692 34.4287 -2.4475
284 25.637 20.1512 -0.495688
285 37.6924 38.1263 2.56046
286 33.8012 7.48046 1.41471
287 13.9823 13.4575 -1.91393
288 1.01987 36.8525 -0.680149
289 12.0425 28.8856 -0.843762
290 34.8389 23.6329 0.744144
291 13.5991 7.75502 2.75449
292 38.9146 18.5059 4.82016
293 2.96445 6.05294 -2.06352
294 29.6159 27.1006 -0.368438
295 17.8417 10.5503 1.55624
296 24.8851 29.1146 1.91295
297 0.616048 26.9069 0.931376
298 25.1079 36.1639 3.02763
299 21.2428 25.8248 -2.6751
300 23.2655 3.16653 -0.901833
301 30.6618 22.7797 -1.54136
302 19.0142 35.861 -2.54891
303 7.51736 26.4235 0.168264
304 10.5104 28.4571 1.29271
305 6.24671 24.213 0.896516
306 30.5526 13.211 -4.35843
307 9.92718 12.3816 4.45397
308 4.83756 20.61 -3.40311
309 12.5601 33.3343 -1.39731
310 17.6347 21.7637 0.481591
311 22.3547 6.3429 0.292204
312 37.8856 0.754248 1.15822
313 26.4744 38.3474 3.53415
314 17.7479 1.58608 -0.93211
315 1.33943 34.8805 3.103
316 38.5764 37.194 2.97479
317 26.0417 28.8383 -0.450214
318 25.5628 22.0098 -0.853532
319 2.63034 39.0747 -0.465136
320 3.53098 27.5897 -3.68076
321 29.4278 3.41866 1.76754
322 4.62356 32.7405 -2.80045
323 15.638 32.6933 2.15508
324 26.1562 14.4789 1.99134
325 11.1261 32.2182 -4.01791
326 2.14325 14.5737 -0.0278198
327 21.7805 36.0472 0.556271
328 16.7991 27.3233 -1.76602
329 7.1158 19.1834 2.31773
330 3.63695 9.87421 -0.232715
331 17.7045 37.2605 0.729883
332 35.6564 14.7368 0.650789
333 26.1159 16.5563 -2.97132
334 15.9825 2.37053 -0.250846
335 4.47634 0.649966 2.97464
336 17.7787 36.7659 -0.618271
337 10.6035 17.4145 -3.44667
338 13.8977 27.3755 -2.32318
339 39.3068 30.0225 -0.163892
340 8.67587 25.5134 -0.382989
341 33.5024 30.3042 -2.99592
342 11.0982 16.2467 3.68236
343 9.98987 13.9955 -4.65365
344 12.945 1.88161 2.37743
345 29.9912 27.2901 -2.99375
346 16.6345 7.55915 0.10276
347 3.22806 38.285 0.0869974
348 7.48938 20.996 -4.13606
349 19.7189 22.9307 2.73148
350 3.97874 18.8293 -3.4026
351 5.54081 20.9008 -3.80908
352 28.7172 25.4928 2.3124
353 27.564 6.274 -1.45946
354 37.9426 38.9452 -2.76768
355 16.5253 23.4758 1.86439
356 29.0293 35.4176 2.33749
357 10.943 22.9444 3.99986
358 11.895 18.4373 -1.58044
359 35.7606 27.003 -1.49053
360 31.0682 23.5662 -2.47113
361 28.1708 32.0299 1.78555
362 0.330366 24.6414 3.41562
363 39.9236 10.1166 -0.21267
364 4.0018 17.0933 -1.53342
365 13.0965 36.9913 -0.343538
366 17.4852 8.516 -1.24073
367 11.6073 38.4412 2.05419
368 23.1657 5.09022 -2.68414
369 14.3864 38.6882 -4.53265
370 21.5928 28.6369 2.85905
371 22.7417 16.7392 1.09668
372 23.9252 30.148 -3.75252
373 15.2497 12.7226 3.67577
374 12.5813 16.9004 1.28187
375 14.6311 10.0807 0.820561
376 38.8666 27.5755 0.651983
377 1.14426 6.83785 -0.923824
378 12.5021 4.0514 -3.66385
379 36.1413 27.6966 0.145097
380 35.0575 28.4904 -1.25527
381 12.1803 34.6611 -3.91883
382 3.21372 17.0864 1.13132
383 24.0917 35.3732 0.763695
384 30.8125 8.52622 2.68241
385 18.1506 20.7248 0.840812
386 27.2189 10.4409 -0.391219
387 1.96605 0.862409 -3.06648
388 32.829 24.7662 -2.1234
389 4.7312 3.57544 -3.99815
390 33.4381 23.7578 -2.07753
391 17.5278 8.38804 0.551692
392 20.0246 26.6866 -0.987406
393 17.3591 7.70946 2.93858
394 25.7608 37.3134 4.54871
395 36.0041 15.9707 -4.0262
396 38.9798 7.77452 -3.64115
397 4.8021 1.85363 -1.65932
398 36.9293 31.2888 2.00524
399 36.3476 22.2165 1.37705
400 4.29822 38.0528 -0.171134
401 24.0725 34.7971 -0.625052
402 34.6322 8.92189 1.18826
403 2.13636 26.6083 -3.91408
404 24.3003 29.5549 -0.748414
405 3.30903 23.3478 2.5512
406 23.7762 1.35871 2.64067
407 35.0281 5.61137 1.95233
408 5.61601 13.8985 2.7021
409 17.3852 1.54252 -1.19179
410 21.0023 25.223 -1.00609
411 14.4645 24.4059 2.34746
412 2.55002 0.497309 -1.83698
413 11.6885 15.5327 0.203046
414 4.73651 15.5076 -1.54907
415 12.837 29.0073 0.099732
416 20.7703 36.6073 1.54501
417 1.45871 2.3048 -0.0423155
418 24.9119 22.8481 -1.09781
419 23.8362 4.63933 -0.637403
420 20.7133 0.000571733 -0.510614
421 6.19675 18.1128 4.40955
422 12.535 11.0079 -1.43748
423 27.4621 7.31185 0.195528
424 24.735 22.0816 -0.386487
425 17.7336 2.64824 -2.9164
426 7.31359 20.0501 2.22105
427 17.8975 20.4616 1.97123
428 3.54434 6.93528 -0.028612
429 0.904242 8.25499 -1.76705
430 19.9561 17.4448 -0.687009
431 5.84837 9.18469 -3.93304
432 21.5308 33.0885 -4.62151
433 25.2548 21.9464 0.0282171
434 10.2925 26.04 -0.896774
435 33.1045 34.1795 -2.22476
436 1.2006 27.4179 2.33147
437 11.1883 33.2957 -1.51519
438 5.45471 21.8942 4.63736
439 34.2559 18.9892 -1.21394
440 22.9775 10.0632 1.35605
441 16.7564 1.28895 -1.35223
442 11.4841 24.349 4.66458
443 23.5107 16.3764 0.540676
444 12.7753 19.6426 -3.27646
445 12.8254 25.3036 3.46433
446 18.6349 9.6841 2.74707
447 0.523349 8.06113 -2.91879
448 28.589 30.5324 2.3094
449 16.4378 20.5986 -1.81343
450 5.18292 21.3962 -4.55517
451 36.2685 10.9164 -0.934912
452 11.157 12.3108 -1.23763
453 7.94658 26.1681 0.824191
454 34.6077 8.38233 -0.84307
455 32.9507 7.28312 -3.01683
456 8.03105 5.66231 4.32485
457 23.0019 20.2221 2.03731
458 32.4949 16.5798 -1.61611
459 12.247 6.91621 2.56175
460 8.47948 0.216784 -1.86379
461 9.81445 0.877551 -2.54438
462 24.7064 16.9954 -1.73024
463 2.31422 29.2595 1.40646
464 28.4249 21.2021 -3.73774
465 28.6412 17.8319 -4.42248
466 30.8439 19.3389 -1.35057
467 11.6257 34.9121 -2.31602
468 23.2077 32.6351 -4.0465
469 15.1576 33.0409 2.58377
470 9.99867 16.3196 2.64283
471 35.0854 20.2756 -1.2193
472 11.7643 7.97958 3.23069
473 10.1033 1.37189 -3.71777
474 9.31233 37.4745 -1.56089
475 31.5186 7.11337 -3.34681
476 16.3467 29.6773 1.66759
477 15.0335 34.1314 -0.874229
478 25.2763 22.9738 -0.611342
479 36.7255 27.7422 0.655508
480 31.8611 18.4278 0.550257
481 25.4739 37.0706 4.49867
482 8.8296 29.6894 0.558649
483 11.7568 31.2121 -0.417118
484 11.491 33.7525 -1.92917
485 8.72374 39.4075 -0.391598
486 15.0053 26.8997 -1.35535
487 32.9959 30.7685 -4.71648
488 36.0598 10.9308 -0.987344
489 17.7855 0.246733 -0.180782
490 7.83766 0.120928 -0.264228
491 16.0562 8.73826 -0.793619
492 20.7835 1.42682 0.24607
493 2.92692 27.5467 -2.39422
494 10.5332 19.951 0.961522
495 33.5236 16.2552 1.68232
496 27.4875 21.4754 0.424864
497 1.39742 27.8155 -4.07005
498 17.6159 18.7227 -3.38553
499 9.09036 18.3593 2.6974
500 5.81539 16.6989 1.40569
501 28.658 11.5557 2.66482
502 37.0151 7.84518 1.10908
503 15.241 27.5557 -2.63991
504 36.9746 34.8287 1.65478
505 9.39387 3.49291 0.446302
506 27.4028 30.1132 -4.71436
507 19.7698 12.8003 -1.79383
508 1.25156 26.1912 0.778613
509 20.1872 0.649403 2.47091
510 34.1765 3.82313 -1.11021
511 24.2033 35.7814 -0.56311
512 34.3834 29.3644 -1.98986
513 13.0894 32.1485 2.14374
514 10.4039 29.8247 0.306873
515 15.3141 16.4651 -1.64644
516 20.2335 0.823873 1.10587
517 17.0787 17.5226 -0.0255559
518 12.0839 8.68154 2.36482
519 15.8645 20.942 0.0571785
520 38.3603 9.67108 -1.14867
521 35.2588 24.537 -3.50542
522 21.862 16.3315 0.068337
523 11.0591 17.892 -1.64296
524 10.1499 26.2587 -1.91849
525 3.6542 11.3771 0.196185
526 3.18351 27.3482 -2.8138
527 14.3834 5.86322 0.251451
528 19.9374 2.86407 -0.962229
529 35.0336 5.91928 -2.79006
530 34.1323 10.0512 0.0905107
531 26.8158 13.3503 2.68694
532 20.4057 39.4554 -0.0886772
533 18.7189 27.0681 1.51074
534 12.9195 23.407 4.22282
535 1.80509 1.89626 0.174231
536 30.1479 19.5438 1.45227
537 0.64465 22.5993 0.652954
538 2.32949 0.987444 0.368546
539 4.27505 4.55107 1.5734
540 27.2981 25.0155 -0.137063
541 26.0695 20.3355 -0.504553
542 35.2803 29.8339 -2.3336
543 9.37359 16.7945 -0.305074
544 1.95734 0.875406 -2.30653
545 18.2014 24.6281 0.818751
546 1.11612 33.4162 2.12562
547 7.93048 15.8541 2.9108
548 35.6518 30.6072 -0.860222
549 39.2832 25.5781 -3.11714
550 5.62698 27.8461 0.0659161
551 22.3627 17.0514 -0.736502
552 2.33355 2.08691 -0.771992
553 15.6969 29.6996 3.70753
554 20.4322 9.89356 0.222301
555 0.555006 12.9064 -1.68888
556 33.9671 22.9931 -1.81809
557 10.0203 22.589 4.29923
558 37.9412 7.82185 -2.03526
559 26.8914 31.2699 0.0187537
560 32.1397 24.3923 -3.61297
561 3.16219 23.4056 4.05367
562 5.6375 26.6354 0.988731
563 6.14903 15.3631 3.94242
564 14.9744 20.8512 -1.14203
565 1.72032 20.413 2.62116
566 20.558 32.4416 0.913815
567 34.2844 15.2044 2.26789
568 0.469749 8.22298 -3.98478
569 1.18323 21.6998 3.03548
570 1.68185 27.6357 0.966521
571 16.9183 11.1213 -3.21934
572 34.9608 28.8188 -2.65816
573 24.0901 35.5609 1.1356
574 10.4861 22.4619 2.12728
575 22.4151 17.8265 0.989168
576 0.49368 38.3634 -0.648403
577 22.4986 30.92 0.379834
578 11.6982 38.1829 1.76567
579 5.95074 8.67341 -3.26777
580 10.7101 30.3923 -1.16436
581 8.60705 29.7676 0.457451
582 28.8047 22.0658 -0.179253
583 21.4888 37.6553 -0.897619
584 38.989 9.91349 -0.444833
585 2.76615 21.0268 -2.50148
586 21.2608 20.3354 -4.05716
587 27.7564 31.5972 0.617456
588 21.8789 30.6432 -1.34505
589 29.4499 18.3551 -1.56078
590 1.10886 3.52692 -1.32893
591 2.50065 25.1165 0.570402
592 35.6965 27.6552 -0.619587
593 15.3495 23.0209 3.2144
594 2.45916 0.103015 -3.23913
595 23.6974 16.9418 0.803666
596 38.4817 32.7555 3.81518
597 28.8383 12.0577 1.48821
598 34.2505 9.01691 -2.01721
599 14.8982 31.5231 -1.72612
600 7.41972 39.6342 -1.099
601 20.9218 37.2215 0.820997
602 7.90687 18.4523 1.95145
603 13.8834 13.0148 -1.15203
604 30.5386 22.975 -2.57763
605 11.1108 37.4885 3.47514
606 5.5063 29.8891 -0.282157
607 39.3962 7.8077 -3.59342
608 4.38147 6.56887 -1.06626
609 22.9996 38.6365 1.22863
610 33.7112 23.1956 1.53803
611 0.608776 25.8194 2.32118
612 23.1102 7.56687 -1.52663
613 26.3162 12.9474 3.45753
614 39.4136 7.7103 1.82139
615 31.7878 13.3421 -0.698771
616 35.2341 13.2588 1.45374
617 24.0666 31.6367 -1.69479
618 2.49378 39.727 -0.194518
619 24.961 34.0702 -0.469425
620 36.2247 37.0463 1.75685
621 26.8881 15.8377 -0.533132
622 16.8201 2.47649 0.240435
623 16.9445 5.01992 1.28588
624 29.4841 5.13538 -4.49715
625 21.1859 10.0245 -3.05545
626 9.62972 39.0585 -1.72168
627 7.55242 33.9511 4.05175
628 17.263 2.95246 0.36813
629 26.7747 38.5837 2.61997
630 35.0989 32.2955 -2.37529
631 29.2096 36.9578 1.1416
632 32.7284 30.7845 -2.84199
633 0.10203 25.509 -2.06383
634 39.4912 6.04016 1.36355
635 26.4632 29.7732 -2.75954
636 22.0549 5.3692 -1.46013
637 2.56015 24.8938 1.96056
638 33.288 23.9891 -2.32819
639 34.7061 8.59476 -1.76082
640 6.61569 18.9691 3.03481
641 24.4853 4.87101 -0.332734
642 18.1376 36.3636 0.209083
643 28.3728 26.339 2.48612
644 10.4505 7.47405 -1.77185
645 4.6041 14.6788 -1.05913
646 8.01277 6.16159 3.9473
647 11.9471 15.9607 2.89877
648 34.0061 33.9424 -2.46091
649 21.0632 21.2104 -3.38041
650 29.8664 13.1599 -3.48916
651 23.39 19.2028 -0.925508
652 6.81502 36.3202 1.76974
653 15.0602 4.01858 0.552158
654 20.2548 13.5207 -2.44678
655 35.1973 36.7159 2.15562
656 9.69328 11.1543 -3.43008
657 21.3971 11.5176 -2.24099
658 11.406 29.772 -1.1287
659 34.9538 39.2192 3.99898
660 26.2826 13.5014 1.3233
661 37.9228 18.6726 1.48316
662 34.0903 34.9782 3.31386
663 15.5166 23.0614 -0.182958
664 29.8099 15.1078 -1.3809
665 34.3953 39.6795 -0.521144
666 28.6466 37.4774 3.76814
667 38.3118 32.9663 2.68938
668 11.491 33.2358 2.49012
669 16.7272 27.2599 -0.816305
670 36.7675 26.018 -0.083444
671 32.8833 39.8543 1.49133
672 14.9696 31.6324 -2.72154
673 35.1586 4.04039 -0.364712
674 8.90911 20.2019 2.39993
675 29.0634 16.4418 -3.35024
676 29.1651 34.6985 -0.913361
677 28.2388 20.1856 -2.98107
678 27.3749 0.684126 2.43106
679 22.8188 17.7926 1.46452
680 20.9095 30.7621 1.12646
681 10.0214 38.899 -2.25668
682 33.1777 36.877 -2.43517
683 27.3627 22.9401 -1.58605
684 7.9302 0.801454 0.931602
685 27.2625 28.0788 -2.03897
686 0.097575 1.79802 2.26511
687 22.8401 10.2099 1.22346
688 30.5542 5.11237 0.823531
689 16.202 2.31241 -0.67201
690 20.4812 29.216 -1.07379
691 21.2963 30.5297 -1.08865
692 27.8867 13.1303 -0.784254
693 1.03231 17.9374 -2.44115
694 29.9689 27.1228 -2.02901
695 17.2338 27.6656 0.975113
696 26.2596 29.7143 0.461415
697 33.397 1.81696 0.616653
698 38.0496 13.5597 2.95866
699 26.8627 24.8055 1.09997
700 2.07761 1.39229 -0.364504
701 22.8409 38.3497 1.57625
702 37.3086 6.23502 -3.55596
703 2.25384 11.4592 -0.513201
704 23.2972 32.3848 -1.91329
705 7.84224 31.4553 -1.22372
706 34.5721 35.0196 -3.32884
707 13.579 10.1783 -1.92451
708 29.2961 17.241 -2.43647
709 27.3042 10.5382 -1.62126
710 17.1473 27.1581 0.0319445
711 33.1449 25.5924 -1.38233
712 27.4589 13.6165 1.19232
713 30.205 16.2573 -3.41435
714 27.4518 31.3776 0.877696
715 39.3952 4.92417 0.763246
716 21.5855 30.6487 -1.3492
717 17.1785 25.457 -3.1842
718 10.013 29.2861 2.40753
719 10.2001 34.0525 -2.24215
720 11.2395 28.1648 1.02993
721 29.3503 34.7486 1.90481
722 39.0475 0.946933 0.287991
723 18.1584 37.7285 -2.99857
724 14.2138 39.0952 -4.35103
725 24.5053 38.6536 -2.54472
726 8.28515 28.6913 2.06394
727 6.88645 26.6645 0.511847
728 39.9516 8.28926 -3.28132
729 20.1576 39.019 0.390904
730 18.2135 7.57692 3.88372
731 33.4545 21.0556 0.449955
732 25.4347 31.6785 -3.34233
733 34.4058 28.4092 -1.47298
734 27.2054 9.93781 -0.831695
735 16.1917 23.1002 2.32329
736 21.5253 31.6877 0.190707
737 35.0021 36.3734 2.81674
738 20.1963 10.1192 -0.572125
739 11.0298 28.3833 -0.220843
740 2.30747 22.2213 -3.80576
741 13.1262 34.4738 0.532528
742 21.4039 12.3242 -1.62236
743 22.3412 25.2789 -2.47871
744 34.4885 18.1509 3.10181
745 14.0443 34.3811 -3.903
746 14.0572 9.34236 1.60724
747 13.4755 27.2422 -4.17954
748 16.6357 27.3683 0.823435
749 4.87709 8.89422 1.25763
750 0.210564 31.4163 0.456848
751 8.69701 3.26436 -1.29017
752 0.0913737 15.9333 0.141671
753 11.4562 21.5144 3.70333
754 25.4618 23.3929 -1.64838
755 22.4568 6.41663 -1.21949
756 1.56921 4.71031 0.756715
757 14.7731 20.8432 -2.28311
758 35.0775 21.9874 -1.08627
759 7.79195 26.4006 0.137161
760 33.5085 37.0909 -0.911919
761 11.7755 20.989 -3.85722
762 22.5959 27.1689 3.1861
763 11.5088 39.1737 1.59837
764 27.4202 6.91635 -0.155537
765 31.0566 24.1039 -4.16495
766 7.9326 17.204 0.640029
767 36.2493 13.2901 -1.33148
768 6.19036 16.9043 0.686807
769 19.32 29.242 -2.92286
770 11.4704 24.66 1.9628
771 1.86294 23.6476 2.03856
772 11.6006 33.6671 2.0266
773 35.2647 29.1335 -1.06426
774 38.6917 37.0861 -3.7833
775 18.2099 10.1106 2.7436
776 8.63685 18.798 2.82379
777 4.57604 22.8325 1.83971
778 33.4226 24.9537 -1.39772
779 18.6421 38.9955 -0.178653
780 3.09695 0.859005 -3.59472
781 35.0647 4.18084 -0.104656
782 11.5205 8.79889 1.07368
783 13.0082 6.58855 1.74317
784 31.905 37.9365 0.215309
785 23.9917 14.4299 -0.380405
786 7.70384 23.1366 -1.40693
787 33.7666 0.119956 -2.7596
788 4.12257 37.471 1.68608
789 1.40482 11.5532 -1.87425
790 11.0759 30.6627 -0.0206086
791 16.0659 23.4428 2.92714
792 9.20557 27.2499 -0.850074
793 23.2165 37.9712 0.631933
794 24.8305 27.2414 -1.33642
795 6.58597 8.18162 3.96144
796 19.5513 28.0024 0.0554503
797 1.24554 28.9871 1.73777
798 26.5824 9.33894 1.48369
799 19.0499 6.71546 1.25217
800 33.3957 8.67107 2.12858
801 21.1688 14.6511 4.38151
802 35.6161 18.1819 -3.24509
803 14.8386 39.8224 -0.17903
804 2.17335 19.2336 1.91091
805 2.01355 21.2386 2.80533
806 14.4833 29.3584 -1.56165
807 25.4167 12.8168 2.92712
808 23.6031 22.6853 0.185253
809 26.9468 12.8089 0.540343
810 16.4256 0.796565 0.447807
811 10.5579 25.3636 0.353503
812 11.7164 39.6976 2.02967
813 5.08761 10.3502 2.82314
814 25.1058 37.2768 1.3638
815 38.0638 17.8103 1.55995
816 20.1848 37.8563 0.244998
817 16.8128 36.2551 -1.22729
818 6.47706 15.5873 3.4299
819 24.309 5.02874 -2.02736
820 0.822339 2.25651 -2.12852
821 15.3171 8.54003 0.477415
822 9.80154 6.16006 -0.998775
823 25.8401 37.4007 -2.47497
824 36.887 19.4674 0.212768
825 0.249379 30.1536 0.831527
826 4.84856 16.7885 2.47803
827 1.82921 12.1551 -1.07036
828 18.2379 20.7378 -0.412957
829 16.9851 30.6427 2.52562
830 10.2293 22.0749 3.51239
831 13.1307 36.6243 1.00784
832 34.1435 33.8735 0.975114
833 10.6791 13.2437 4.76151
834 19.606 9.03358 -2.71012
835 1.72753 28.6548 3.01315
836 20.816 29.6709 1.72448
837 31.6099 34.1661 -2.17272
838 21.5664 5.65443 -0.197189
839 6.58473 24.2649 0.00143398
840 20.8745 13.8885 -3.69497
841 29.6346 29.646 -2.49571
842 19.6411 29.9811 -1.91306
843 10.4105 2.39411 -2.26505
844 6.33591 24.7839 1.54991
845 1.92516 29.2283 1.2483
846 12.1507 32.9267 2.85998
847 1.2467 24.2133 -0.316982
848 23.8029 26.1775 4.00195
849 17.8274 17.018 0.54338
850 38.2037 32.0946 2.0747
851 2.7962 35.8863 0.724425
852 26.2377 30.5117 -3.32197
853 24.6999 21.6453 -0.899365
854 36.9756 31.8462 1.70628
855 13.0899 0.968615 1.57885
856 17.0105 33.3861 -1.89899
857 11.3257 18.4727 -3.77731
858 3.46943 26.1521 0.675587
859 16.6403 38.4039 -0.275199
860 39.8204 19.8382 -1.22046
861 2.43062 14.1385 -2.32558
862 6.5484 33.6686 0.90437
863 10.8463 13.2524 -1.29779
864 24.77 10.0585 1.88356
865 29.0221 32.4506 1.71769
866 26.153 0.0875785 -2.25787
867 24.2411 33.8147 3.32248
868 31.0997 23.5411 -2.65363
869 38.7077 13.65 4.70625
870 38.5478 7.88281 -0.446499
871 20.5668 24.4034 0.652109
872 28.3081 22.1974 2.15106
873 12.8801 21.3281 -0.207025
874 38.4558 14.0182 2.22103
875 34.2247 13.6133 1.12875
876 3.12896 16.6978 -1.71305
877 35.4256 4.85809 3.2898
878 5.02202 37.1815 -1.37744
879 2.55961 29.0453 0.689866
880 1.89142 20.6838 -3.87896
881 5.66863 24.7146 -0.0576056
882 24.4198 4.17717 2.94208
883 33.8535 24.1399 -1.60799
884 7.76636 18.4983 2.10047
885 9.02592 14.1376 -3.9718
886 17.6308 24.6463 1.53131
887 0.624915 25.7669 -3.3941
888 34.7796 23.9329 0.779227
889 6.72383 13.3071 4.48333
890 18.8726 18.7723 0.234378
891 19.6992 19.3517 -0.451295
892 19.0334 0.907932 2.81406
893 31.6461 29.8119 2.92587
894 34.6008 34.5827 4.40542
895 35.9309 14.7856 4.46966
896 18.1497 39.8617 0.459366
897 37.9622 10.0268 -0.0355235
898 19.5545 17.5253 -0.0219567
899 10.0385 26.1097 -0.845666
900 15.0695 9.56521 0.975091
901 39.5973 36.6077 -1.55328
902 38.4973 30.4239 -0.377415
903 7.9072 33.2406 2.88993
904 20.9631 37.3136 1.23604
905 24.3189 34.2133 3.20447
906 25.2506 21.4123 -0.254265
907 14.6412 30.3105 -2.93999
908 36.695 32.588 0.703632
909 17.6266 1.89206 -2.28301
910 34.7775 21.6402 0.555577
911 30.9762 27.247 -0.258315
912 27.6099 20.2686 -0.520926
913 1.00986 26.7911 3.39616
914 3.33319 23.2697 3.21608
915 36.4799 35.4321 2.44973
916 23.7067 17.0275 0.995732
917 9.27105 26.4931 -0.416048
918 1.08778 6.902 -0.121926
919 29.6853 17.6574 -2.86009
920 5.32893 22.6396 1.70474
921 30.3174 23.0788 -0.930508
922 23.9212 16.936 1.01479
923 10.6479 24.4262 3.70075
924 32.2801 31.9364 1.71633
925 19.0184 39.0376 0.037607
926 29.4892 37.3265 2.22278
927 7.53802 30.8957 -1.58516
928 38.6382 3.0713 3.26732
929 39.0434 29.7724 1.59305
930 10.3814 8.1934 -1.18662
931 12.4703 19.6617 -0.936551
932 9.3359 25.2719 -1.30195
933 14.2108 6.60122 0.656751
934 29.4819 24.5704 2.2861
935 5.94356 8.4778 -2.05456
936 11.5798 19.8804 -1.09931
937 14.7043 2.76303 0.7495
938 22.4687 27.3418 3.71771
939 18.278 9.59655 4.24579
940 16.0409 23.7152 1.71022
941 23.117 16.4911 -0.911847
942 7.20975 10.9231 2.11819
943 11.7248 7.02238 3.23964
944 3.21254 31.6733 -2.15765
945 5.63653 5.18242 0.0641758
946 19.7908 25.9369 -0.121288
947 17.9174 6.42475 2.78395
948 16.0765 7.13903 2.41591
949 3.03999 13.9321 -2.08532
950 37.6426 28.289 -0.184342
951 12.8147 6.98802 2.8333
952 18.2742 20.8078 0.287095
953 34.5466 21.7201 1.40262
954 9.77171 39.7855 -2.76043
955 38.8103 8.01567 -0.855883
956 29.5059 12.5876 -2.27386
957 29.7325 19.188 4.81817
958 6.90707 36.0316 0.509334
959 27.5056 38.4298 1.15429
960 4.33508 37.5907 3.58014
961 1.97365 26.4145 -1.11548
962 12.2114 30.3796 -1.00442
963 14.4139 38.189 -4.19512
964 1.29317 6.38213 -2.62189
965 35.5593 21.9739 0.798436
966 11.6567 19.9726 -2.21618
967 20.5583 39.8995 2.70637
968 30.35 24.5767 0.468644
969 17.2897 3.54505 2.83661
970 25.5841 36.8919 1.27609
971 30.8271 14.7063 -3.43758
972 12.9393 16.7832 3.59021
973 10.9773 24.0244 2.68636
974 28.0183 19.0211 4.36513
975 11.8886 20.5199 -4.44889
976 3.74806 7.34387 -0.67699
977 7.35697 36.283 3.84892
978 14.8513 28.4357 -1.07882
979 5.93418 37.9473 2.00233
980 35.4084 14.4379 3.22356
981 5.38365 21.4185 -4.17644
982 33.9968 8.87145 -1.3538
983 27.1845 14.69 2.59132
984 10.7802 32.7126 -1.73005
985 9.29752 23.3667 3.16475
986 21.0918 14.3401 1.88854
987 8.89612 13.1241 2.12437
988 1.52277 25.7491 -1.99369
989 23.4573 34.2827 -4.86334
990 19.9578 13.9957 -1.91927
991 8.75521 26.4084 -1.61707
992 3.07612 15.093 0.710117
993 12.5416 20.6801 -1.10438
994 21.3127 25.2005 -3.27075
995 12.0841 19.8037 -1.11096
996 30.8028 21.8652 -2.14671
997 37.4971 16.1198 -0.0434872
998 34.0425 37.2445 0.347356
999 31.2283 18.678 -0.960085
