1000
Particles
0 1.93907 34.5972 -3.72243
1 37.5133 22.5469 2.60923
2 17.3596 2.52155 2.03974
3 10.398 35.4163 2.71192
4 16.3058 21.2291 -1.53383
5 20.4954 8.52051 -3.30594
6 28.5809 2.85443 -1.4581
7 35.1227 17.9396 -0.940596
8 8.16932 27.2318 -1.76883
9 27.2622 16.2725 -2.50334
10 27.8397 32.9975 -1.25853
11 39.4899 35.291 1.77124
12 35.8337 30.6978 4.32098
13 5.50339 7.63939 0.194093
14 28.3328 19.759 -0.279969
15 21.6686 29.7889 2.58205
16 23.0962 31.1869 -2.05751
17 33.3527 13.3634 1.58839
18 34.3959 9.29737 1.11495
19 17.4916 28.2607 2.11946
20 6.42685 8.56602 -2.54332
21 2.45505 5.37237 -1.83971
22 2.90691 14.2941 -1.65901
23 32.0999 19.6648 -0.933907
24 0.802866 5.79227 -1.83205
25 39.6099 33.4814 2.31091
26 19.392 32.6589 0.919781
27 16.5864 15.4895 4.03667
28 5.39889 30.569 1.07618
29 31.9676 3.03265 -1.17853
30 19.1738 21.5731 4.62344
31 10.8139 15.9772 1.32243
32 20.2482 7.65447 -2.01029
33 13.242 2.25905 0.849042
34 23.5772 14.4057 -3.28474
35 22.9475 3.70415 -4.09823
36 16.0913 0.293525 1.50591
37 38.0532 26.7181 -2.80792
38 33.2754 0.0320355 0.0913201
39 32.1886 18.3092 0.580996
40 38.1742 35.9887 -1.59476
41 12.3805 11.8277 0.010134
42 37.3374 15.8094 2.91394
43 29.2296 33.5257 -3.35808
44 19.9289 23.9371 1.60793
45 5.56409 31.008 -1.54831
46 39.2181 5.61867 3.41119
47 33.9304 5.10364 -2.11272
48 6.65434 33.9259 3.821
49 7.06039 31.1131 3.17773
50 37.6397 0.698757 -2.59706
51 19.0925 38.0972 1.18881
52 30.9931 13.125 -0.582809
53 14.8919 3.96245 -3.33611
54 29.7844 28.0671 2.46125
55 1.2441 14.7204 3.60857
56 23.8267 6.39678 0.376579
57 2.25794 37.3414 0.956221
58 39.052 26.9939 -1.4854
59 7.91847 33.898 1.65101
60 8.51034 29.343 1.6368
61 15.9193 33.2859 2.93925
62 36.7336 0.493032 -2.93551
63 7.5022 16.3914 3.51075
64 39.4396 25.7122 2.65204
65 11.591 38.4361 3.16083
66 9.05239 17.4481 1.06231
67 22.7224 20.0851 2.29935
68 15.0595 1.39795 3.07536
69 16.011 2.06167 -1.45862
70 6.57042 0.220294 2.06626
71 22.9016 9.99888 -0.738159
72 4.55433 15.0057 -1.79186
73 19.642 29.6152 3.16712
74 8.25629 7.40824 1.64969
75 1.54133 34.4157 -0.877442
76 17.6858 3.64774 0.222513
77 8.75765 26.7384 -1.9369
78 4.58077 35.3592 -0.0446175
79 39.8815 6.57227 0.799681
80 33.1655 4.84919 -2.23801
81 2.61614 27.7863 1.44837
82 13.3489 10.6311 1.98254
83 15.8782 31.5268 -0.463889
84 19.3224 15.2184 2.76176
85 39.4572 19.4189 -1.15676
86 23.5451 6.40337 2.09604
87 23.6065 37.9196 2.1311
88 38.4351 39.8653 -4.18878
89 5.08585 1.51128 1.89964
90 1.14922 35.9313 0.205267
91 20.4993 15.2295 -0.356878
92 14.4385 24.2034 2.93449
93 17.0187 1.08813 -3.15816
94 16.6334 25.9997 0.882344
95 19.1529 3.02067 -1.24256
96 11.2614 32.9815 2.26074
97 22.1599 35.2251 -0.403738
98 37.0388 18.6388 -2.74789
99 14.3988 4.00198 -1.47532
100 24.7476 20.7907 -0.200774
101 21.3658 24.6243 1.45472
102 22.2709 31.3121 -2.07826
103 8.77787 3.9177 2.8273
104 23.1571 6.37782 1.26565
105 20.8269 33.963 0.929824
106 31.4555 17.5351 2.1534
107 21.951 22.3574 0.387245
108 28.7471 13.5075 2.28617
109 3.87424 35.8195 -0.467132
110 16.0702 1.12667 -2.72773
111 37.8145 33.7289 0.704991
112 30.5415 1.65295 2.69738
113 37.2764 26.5134 -2.78242
114 35.318 27.9218 3.49543
115 30.8522 24.6884 -0.069529
116 24.2783 29.8003 -1.30081
117 27.0216 30.6494 -1.51821
118 25.7038 4.39785 -1.93901
119 35.2799 14.528 1.19672
120 23.3144 28.5419 -2.0968
121 24.0951 12.2999 -1.97083
122 38.3529 20.5668 -1.75415
123 7.03108 31.3588 4.20064
124 11.3424 39.3171 -1.42009
125 25.1852 1.12723 3.08562
126 21.2158 27.4591 1.16021
127 37.5957 8.28109 -0.638221
128 33.4745 8.99978 -0.729997
129 0.279229 15.2956 -2.71455
130 33.0891 4.73566 -2.67109
131 31.4839 26.8044 3.89913
132 18.028 1.89142 1.50585
133 39.196 34.7562 3.12902
134 2.56804 31.4027 -0.740434
135 10.1308 6.60993 2.75079
136 27.204 5.76649 -0.00888044
137 26.0066 30.4682 -2.37253
138 8.49915 19.3284 4.07319
139 16.0587 1.28954 0.251726
140 23.8283 32.5363 0.761645
141 32.1303 30.0362 0.773178
142 26.7561 10.5609 -0.343321
143 16.6098 23.8988 -4.33014
144 38.833 33.1333 2.13633
145 21.2982 21.0384 2.83016
146 35.3094 8.86687 0.903217
147 36.4469 0.650799 -0.445439
148 35.6286 7.63009 4.16572
149 13.2828 25.0047 0.310471
150 18.5756 22.6178 -4.9796
151 32.6415 36.4452 -2.86832
152 17.9944 16.889 2.4755
153 17.0596 2.1379 -4.14553
154 24.1242 39.6533 -2.52085
155 33.9265 25.6022 2.83167
156 38.9913 27.1244 -1.98963
157 15.2421 10.2819 1.79397
158 15.3099 35.9771 -0.19332
159 20.51 25.7078 -0.352144
160 38.5965 18.0344 2.01216
161 7.62929 21.061 1.08283
162 24.8642 30.4671 -3.02367
163 7.7755 7.75636 3.55897
164 18.5245 5.42594 -1.34858
165 26.8918 11.7167 -2.14089
166 33.2853 10.943 -2.57995
167 12.1656 34.9375 1.89958
168 35.3001 23.0906 2.16878
169 38.9206 36.4692 0.330278
170 4.34772 37.4972 2.52078
171 22.4118 39.7472 -1.31467
172 2.53064 18.7109 -4.67425
173 22.2925 31.6784 -1.82403
174 15.2916 39.2345 0.806675
175 5.12796 4.53542 2.43448
176 17.3483 23.6355 -4.84323
177 15.4344 9.19955 -0.576102
178 27.539 14.4881 -2.19966
179 28.8192 10.4866 0.602383
180 15.6387 9.69612 -0.0903805
181 1.43601 28.6065 -1.83359
182 18.1972 21.8957 1.14585
183 2.35099 24.5657 2.59132
184 34.9009 7.88694 3.24757
185 9.36689 13.3807 -3.38036
186 19.8151 3.98211 2.31333
187 8.03436 0.893615 1.55168
188 24.0532 19.6848 -0.35927
189 6.94191 26.7085 0.58551
190 24.7924 24.4061 -2.25951
191 14.3917 29.4038 0.299548
192 37.8277 1.42133 -0.673517
193 28.0719 21.533 -1.3186
194 22.3802 24.0108 1.04658
195 7.3746 15.3226 -1.01999
196 29.6356 34.9874 2.56467
197 19.2197 34.8892 0.9613
198 30.0622 22.2121 2.67353
199 12.9998 10.791 0.875966
200 31.6316 37.0753 -3.59944
201 38.5888 19.0876 -2.31564
202 12.3498 19.5622 -2.07317
203 22.9604 14.373 -3.28141
204 33.4491 32.923 1.51778
205 37.4972 30.2273 1.32793
206 16.8283 5.53822 2.00099
207 36.519 33.0761 3.36412
208 34.4247 22.3995 0.479873
209 12.1241 36.9284 1.05461
210 13.8369 24.7464 0.887571
211 32.8211 17.3307 3.00087
212 38.4946 34.4621 3.49581
213 0.278745 4.64616 0.803735
214 29.6357 19.5219 0.790792
215 34.6799 22.018 1.65103
216 29.5354 22.1615 3.48793
217 7.4522 8.24114 2.44909
218 14.4245 17.3088 -0.371476
219 22.9567 36.4565 1.26685
220 15.547 2.59589 -2.40947
221 20.0642 11.2721 3.71029
222 39.475 33.1468 2.04584
223 19.0338 22.8233 2.11614
224 5.53164 31.1048 -1.80074
225 34.705 9.50439 1.78918
226 36.408 18.3909 -0.539293
227 2.69777 12.2431 -0.389331
228 16.1175 5.5588 4.20529
229 37.3878 17.9663 0.624264
230 29.1861 10.6845 -2.51055
231 16.1712 30.8432 3.5496
232 32.7977 2.80094 4.40193
233 1.01655 5.52504 -1.1218
234 7.50525 37.4045 -0.865944
235 1.132 6.06614 -0.490134
236 14.3893 38.9576 1.93554
237 15.8906 24.8859 -0.198919
238 10.4564 12.0812 3.30939
239 29.0923 9.42061 -4.37397
240 16.0204 19.8476 -2.0432
241 9.16915 29.1711 3.46351
242 2.47457 4.41647 -3.02832
243 28.7139 39.4667 -1.68105
244 35.5661 16.8055 0.251788
245 19.5364 3.48768 -1.23125
246 26.503 5.13714 -1.70008
247 5.9525 35.2689 -3.56209
248 8.4502 28.6865 3.87209
249 13.2035 39.135 -2.83423
250 17.0983 2.56145 3.13986
251 39.9659 2.13167 -3.77713
252 32.4762 14.0774 2.79552
253 31.4446 14.0226 0.521035
254 39.7649 37.8249 1.07373
255 28.9533 28.9694 3.99469
256 9.77503 4.86355 -2.28865
257 30.2525 19.4237 1.05362
258 29.3535 35.5473 -1.51336
259 0.0964031 15.8859 -0.633392
260 4.42121 9.36279 1.9553
261 32.4869 27.7559 -4.18497
262 29.2499 33.7382 -0.364102
263 3.05646 4.96699 -0.36483
264 11.2099 25.9893 -0.748245
265 39.9513 29.6773 -0.172703
266 39.3061 13.5278 -0.53925
267 0.690566 30.0047 -0.768128
268 12.7157 24.2293 -0.29635
269 23.463 35.1256 -0.383697
270 5.17356 11.4463 -3.07123
271 33.683 10.0412 0.285314
272 15.588 20.0853 -2.45587
273 28.9529 34.93 -2.55377
274 14.5223 4.73468 1.25262
275 7.18389 24.8455 -1.80467
276 24.3503 19.8729 0.575421
277 3.50742 21.6847 -1.26178
278 3.92546 15.1697 -0.85281
279 9.27323 26.7027 -0.39956
280 4.08779 24.9346 -4.18399
281 22.7478 17.028 3.19946
282 13.8784 18.5492 -2.1467
283 20.7734 33.9095 -1.4881
284 23.6987 18.9239 1.39236
285 38.4033 39.6952 -1.94457
286 34.4708 7.25022 4.6058
287 18.4218 12.383 -0.0637781
288 2.60683 38.2902 -2.52742
289 10.1586 31.8644 -0.782979
290 33.2118 26.6936 -0.895743
291 14.0432 6.17991 -1.79059
292 35.6331 17.4848 -3.00555
293 8.17538 4.8894 1.40843
294 31.0624 27.4097 3.40748
295 19.5198 15.0634 2.92834
296 24.9337 25.465 -1.49599
297 38.0661 29.587 2.21548
298 21.9509 33.029 0.909336
299 18.9858 24.8193 2.82508
300 25.1383 7.71769 2.36492
301 28.0939 27.1685 1.62177
302 18.8374 32.6378 -0.390061
303 4.57164 22.5495 -1.04425
304 4.2226 29.4756 1.46216
305 3.33967 21.5115 -3.02855
306 29.0678 12.534 3.41677
307 9.46887 14.3178 1.39945
308 2.03505 25.591 -0.0490517
309 12.6218 35.3922 0.934493
310 15.547 22.994 -2.31315
311 24.3077 7.83911 -0.0799454
312 35.7752 38.2823 -1.88537
313 22.3597 35.8705 1.40777
314 17.6435 6.62583 2.61635
315 39.8078 35.756 0.745397
316 37.8156 33.5874 3.34464
317 20.9407 26.5829 3.88073
318 27.8047 24.4056 -3.01515
319 5.06183 2.94748 -0.562486
320 3.99517 23.0944 -2.81847
321 28.2112 3.27469 -0.349482
322 1.75761 32.9981 -1.49044
323 12.3391 35.354 -0.402522
324 28.0251 13.842 3.59762
325 11.3186 30.7037 2.10842
326 6.35083 15.9274 -0.0684479
327 17.5856 36.6403 3.82709
328 16.1793 29.2811 -0.506014
329 6.81425 22.9401 1.28099
330 39.2182 11.3465 0.753685
331 19.0751 35.1945 1.57279
332 32.6666 12.3422 2.9417
333 31.7208 19.3123 2.08129
334 14.0806 5.1681 2.37302
335 4.2566 1.81335 2.47403
336 14.2506 36.4901 -2.76399
337 11.8006 22.4849 -2.34069
338 13.1461 25.7331 -0.576081
339 37.4506 29.2302 1.35678
340 6.61028 23.1385 3.3334
341 34.502 28.4983 -0.383788
342 9.75357 20.3458 0.303601
343 10.6956 18.7187 -4.39686
344 12.5808 39.2189 -2.39335
345 31.602 26.1423 1.91674
346 18.6971 9.64828 0.213124
347 1.91315 39.0029 -4.00271
348 8.28938 25.9238 1.05173
349 16.6421 26.2824 3.41628
350 3.72378 20.1909 -4.62145
351 7.72181 20.7424 1.21733
352 29.5643 27.339 1.09823
353 23.4678 9.66439 2.62119
354 38.5495 38.4884 -0.89951
355 16.5477 26.5734 2.5678
356 33.1637 0.114593 1.43794
357 12.4023 23.7653 -0.190588
358 13.5739 14.6471 -3.29688
359 32.9245 25.2676 -2.8983
360 30.8421 23.3279 -1.09379
361 30.036 32.2128 -1.69694
362 0.476687 25.2544 2.25558
363 1.28669 10.0203 0.752246
364 6.16326 15.5211 -1.4064
365 8.65735 36.5232 -3.12638
366 16.0793 10.8379 2.11062
367 13.7182 38.6314 0.63168
368 25.9372 7.83842 0.660779
369 15.8065 0.295816 3.67862
370 18.4049 28.6044 -2.08133
371 23.8939 18.3545 3.44665
372 21.0351 27.8227 2.1719
373 17.1439 16.1778 2.36208
374 13.9696 15.3149 -4.07918
375 12.7428 14.3464 1.60618
376 37.1458 29.0708 1.8423
377 4.97981 9.37536 2.41281
378 13.3922 6.1496 -1.71085
379 35.6554 28.6451 0.794952
380 34.413 28.0633 2.42113
381 12.0221 36.1871 0.371287
382 4.66932 17.5569 -0.322498
383 21.1342 33.078 -0.240548
384 30.2431 10.7168 -0.258655
385 18.579 22.9375 3.24994
386 27.8275 6.54491 -1.23679
387 36.3684 35.3325 -0.318953
388 31.8625 27.167 3.35619
389 6.37846 3.81581 0.229079
390 34.5523 22.1913 -0.966299
391 13.694 11.3985 -0.602023
392 21.24 22.2095 -0.0235399
393 23.9277 4.71679 -4.15949
394 26.525 36.1972 2.97183
395 35.5493 13.4722 1.27192
396 2.21172 1.47965 -1.4652
397 7.37027 4.34696 0.812308
398 36.8447 29.0927 3.73936
399 33.8437 22.3432 -2.38178
400 5.20238 1.38422 0.0355569
401 26.7266 32.5583 -0.136122
402 39.6376 10.0125 -1.3625
403 2.66438 26.4986 -0.122533
404 19.7858 25.6411 0.94387
405 3.19843 21.4807 -2.19932
406 26.3897 4.92074 0.0845521
407 36.2806 9.13585 -2.31573
408 1.24213 10.8687 -3.04137
409 17.6555 3.46991 -0.272519
410 18.0824 23.8492 3.38833
411 14.6098 29.9161 1.32647
412 3.85618 39.5993 1.92149
413 9.36444 16.2494 1.78534
414 8.04934 14.563 -2.39015
415 9.61742 27.5364 -1.45725
416 17.3089 36.7481 -1.31486
417 39.178 0.0813484 -1.69866
418 27.4391 24.8587 0.0880218
419 23.4294 4.06809 -2.8572
420 23.2709 3.04267 -2.73466
421 5.74243 19.2915 3.13764
422 9.69286 15.9777 2.45749
423 32.6008 6.90849 1.67733
424 21.5774 26.1986 1.95601
425 16.6044 1.7097 -2.99343
426 8.80358 25.079 2.63265
427 17.5889 22.6076 -1.74548
428 6.65956 4.10187 -2.14677
429 1.17621 6.69071 -2.24572
430 18.713 16.9701 -3.2002
431 5.63391 7.79515 0.209875
432 21.9274 31.8128 -1.58817
433 23.9622 20.1426 3.86553
434 13.2858 25.0634 -2.00199
435 29.05 32.5383 -1.56785
436 4.3847 28.1861 -0.113373
437 13.6413 32.9461 0.525736
438 4.85869 27.1595 2.92542
439 32.9118 14.9246 3.98472
440 23.1341 9.26598 0.390576
441 14.0733 39.9159 2.68652
442 4.81185 20.213 -0.967222
443 24.9566 14.5202 -1.51841
444 13.4557 16.8407 -0.788383
445 14.0803 18.4205 -2.07146
446 16.4379 12.7286 1.13933
447 7.86518 4.88571 1.19025
448 31.2309 32.0593 -2.18068
449 15.6087 20.2665 -0.819676
450 1.93787 18.3056 -1.98497
451 34.1248 10.9188 4.29236
452 13.3682 12.7967 -3.44442
453 5.07116 23.4105 -1.42314
454 36.1012 9.28564 -2.44149
455 33.0429 9.89168 -0.639455
456 8.8813 6.90461 1.91669
457 20.2369 15.3463 1.13491
458 31.9533 19.8745 -0.996936
459 14.7046 3.66995 -4.26615
460 9.46369 38.824 -2.91913
461 7.98948 0.130391 2.83256
462 25.8815 14.7877 -2.50383
463 5.3295 35.2024 0.595314
464 30.9251 22.7533 0.22664
465 30.4334 14.0215 -0.461524
466 34.4375 20.6313 3.81493
467 12.4762 34.2925 1.09489
468 23.6276 29.5661 -2.13592
469 14.2951 36.8429 -3.26198
470 8.03609 16.5683 3.67329
471 35.957 22.2971 2.02187
472 14.9565 9.16285 0.649844
473 10.8884 36.3446 0.659562
474 7.85214 37.437 -1.16962
475 32.0223 8.03539 0.777272
476 13.9928 27.6438 -1.05458
477 11.5503 36.3678 2.11649
478 23.7417 23.2044 -0.191914
479 35.5484 30.1203 1.76964
480 32.7177 18.6092 -3.21883
481 27.5022 38.6606 0.622747
482 8.05824 32.3005 -0.25369
483 9.31941 33.4462 0.168616
484 17.2779 34.9045 1.315
485 6.72791 39.5526 1.57855
486 18.5914 29.1865 -2.94026
487 34.9022 28.3932 3.36799
488 34.5519 9.66038 0.954486
489 19.6544 1.72136 -2.7542
490 10.525 39.7342 0.602731
491 16.3548 11.7847 0.849713
492 22.3674 1.99838 -2.16067
493 5.6442 24.3241 -2.39678
494 8.94779 12.7514 -1.71113
495 33.0955 11.5422 3.17785
496 27.1807 24.3465 1.83131
497 3.04487 31.4608 2.90398
498 19.4083 16.0602 0.893113
499 11.3355 21.8861 1.06621
500 5.83852 12.3899 1.52682
501 31.4673 10.4957 -0.871642
502 4.13684 4.48355 -0.738944
503 20.985 26.495 -0.0836861
504 38.3303 36.325 0.551054
505 7.46564 7.47049 -0.889359
506 29.6604 28.8655 3.49164
507 20.9723 9.45883 -0.216484
508 1.75629 30.2062 -3.48006
509 18.2534 0.122126 -2.60408
510 38.9188 5.57306 2.25719
511 24.0822 33.2101 0.352005
512 34.1714 27.6301 -1.44713
513 10.5533 27.2288 0.298422
514 9.25041 32.3996 -1.67686
515 16.3675 14.6464 -2.00212
516 17.7915 2.64153 0.893088
517 15.9753 15.2518 -3.43685
518 8.40675 9.14034 -1.50042
519 20.7167 22.9004 0.770109
520 39.8314 2.29243 -1.52496
521 36.2903 26.0696 -2.288
522 22.6178 19.144 1.31126
523 11.8619 19.4943 0.072093
524 11.3501 26.5712 0.992289
525 5.74668 15.298 0.204142
526 8.50123 26.4952 0.274496
527 15.1491 4.99363 3.3598
528 21.5328 4.51438 -0.286094
529 33.8392 4.20494 -4.15175
530 32.7208 10.0353 -1.11922
531 28.827 10.7543 0.20117
532 19.1478 39.1577 -1.11483
533 17.6997 28.3566 2.41181
534 11.6235 24.1206 -1.94533
535 39.2471 1.32191 -2.87963
536 32.8601 15.3732 3.53649
537 38.9028 26.6676 0.572849
538 4.42646 2.47303 0.811617
539 7.18944 4.52614 0.738442
540 28.3778 19.6855 -1.57348
541 26.1898 24.7066 -0.866602
542 36.1169 29.4769 1.58414
543 9.87975 17.9152 1.38066
544 36.9954 39.0491 -2.11345
545 15.7982 27.7182 -2.10888
546 1.88204 38.5758 -3.34995
547 6.19473 12.014 3.03716
548 36.8389 30.3504 1.83076
549 35.8027 27.2283 -3.58493
550 4.44044 26.5104 2.21857
551 30.0468 14.5866 0.812675
552 2.69965 39.9919 -0.307721
553 13.8336 33.0575 3.07331
554 20.0996 9.14474 -2.06302
555 1.12293 11.6597 -3.99786
556 33.1241 23.0481 -0.11363
557 5.4431 22.1935 2.04094
558 0.104949 3.71848 1.05875
559 24.9709 29.0337 -2.3741
560 30.1438 26.9601 0.925644
561 1.05697 22.0605 -0.842668
562 7.3005 26.6088 0.0319994
563 6.07128 12.6281 2.46002
564 18.3962 25.4283 1.04896
565 3.49433 21.6472 -0.837254
566 17.5113 37.0824 2.74715
567 31.5426 12.4091 -0.12566
568 2.06976 4.57781 1.1281
569 34.0284 24.4576 3.50259
570 1.79664 29.6636 -2.20824
571 17.5716 15.2893 0.84449
572 36.3128 29.3755 3.4555
573 21.8045 32.8383 -1.05246
574 9.5065 22.6376 -0.0097071
575 21.8469 17.9911 3.7819
576 1.35602 37.6933 1.9925
577 18.8303 29.98 -3.54472
578 11.4658 39.0734 0.816745
579 8.05875 9.17515 -1.21124
580 10.6057 30.6382 2.44967
581 7.97649 29.0702 3.67139
582 31.0822 18.9412 0.0109469
583 23.0994 35.5639 -0.828429
584 38.2978 5.78822 1.55409
585 39.9128 22.3666 0.138385
586 22.8192 23.5578 -1.34092
587 33.8407 33.1966 -0.460482
588 22.3948 32.4226 -1.62287
589 25.0192 21.8104 -2.92244
590 4.56121 4.07913 2.59096
591 3.41162 25.2622 0.195825
592 34.8366 27.3765 3.29635
593 12.1761 21.0495 0.884508
594 5.63313 2.47089 -0.0821974
595 29.0968 19.1633 2.43253
596 39.5163 35.726 3.3971
597 30.479 13.7995 -0.602711
598 35.0389 13.7509 3.37542
599 9.88098 33.1441 -0.397663
600 8.06357 35.9553 0.763747
601 18.5767 36.8458 0.52838
602 11.1053 23.7332 -0.781719
603 18.8805 12.024 0.509509
604 31.6085 26.0962 1.02117
605 9.98508 35.1266 0.468389
606 4.02959 29.4802 1.76366
607 39.0851 5.4741 3.57517
608 8.14259 5.95182 -1.11801
609 23.3021 39.9123 0.466862
610 34.9423 21.8563 -1.08261
611 3.57267 26.2699 1.06434
612 26.0262 7.81048 2.18936
613 24.1682 10.3958 -1.12717
614 3.92442 3.50968 1.38104
615 33.5097 12.1639 2.28371
616 34.8189 15.5665 -3.02841
617 23.3532 28.9752 4.05052
618 5.34221 38.8966 -1.06335
619 22.0293 33.3049 1.02936
620 38.5105 38.5769 -2.02058
621 24.2828 14.1999 -1.24994
622 21.54 3.19905 0.801488
623 17.8028 6.42585 3.0224
624 25.6159 7.14538 4.00424
625 22.8823 7.75681 1.1952
626 8.15084 38.2621 -3.21818
627 6.28784 34.1062 3.79043
628 16.81 1.15337 -2.20948
629 24.4218 1.86066 2.89076
630 36.8674 29.5315 1.05574
631 29.087 39.6594 -0.704396
632 33.3237 32.802 1.40048
633 39.288 25.7937 2.25099
634 1.54828 6.17746 -1.52944
635 26.5243 27.5282 1.16251
636 24.0978 7.18406 -0.0859186
637 5.63031 27.0699 1.77762
638 33.6837 27.2027 -3.4998
639 36.3265 9.72646 -3.82703
640 6.64945 20.8978 0.422948
641 26.2859 7.50904 1.22343
642 14.8724 35.6766 -2.43901
643 29.1278 24.7827 -1.34
644 14.4742 4.4664 3.62048
645 7.83122 12.0735 1.47762
646 8.77743 6.97143 -0.0733515
647 8.27533 14.9427 -1.61492
648 29.6704 33.6864 2.86012
649 15.1877 20.1789 -1.08134
650 28.3758 14.9087 -4.07394
651 21.8973 20.9647 -3.76064
652 8.1025 36.9327 -0.834806
653 12.1886 1.12943 -1.92729
654 19.0367 12.2553 -2.09751
655 38.8574 33.4612 1.61037
656 8.0558 11.8031 0.638065
657 22.2275 9.24847 -1.67798
658 8.27412 28.999 2.27866
659 39.7246 36.5186 2.20664
660 26.2159 11.748 -3.80222
661 39.6206 17.6189 -0.172008
662 35.9333 35.6246 -0.263193
663 12.1131 23.7638 0.11087
664 31.1672 14.5729 0.878654
665 35.2129 35.4925 -3.25951
666 23.3767 39.5476 0.648446
667 37.2205 34.7026 1.48492
668 12.4153 35.0686 1.51081
669 14.7213 34.1873 1.86866
670 37.2086 29.7788 1.4303
671 31.8184 2.97384 -1.98145
672 17.5307 32.4765 0.549711
673 38.3188 1.02444 -0.964526
674 8.42649 18.8692 3.15582
675 31.6645 17.0454 0.0330752
676 30.915 35.3486 3.23649
677 34.9165 18.9801 -2.12696
678 25.3205 1.51332 3.20775
679 22.7063 21.5655 -0.561066
680 21.315 30.5179 1.5238
681 8.17359 2.36708 2.17193
682 31.9811 1.45451 1.38533
683 20.5073 27.2399 2.52759
684 8.55383 3.04666 3.09292
685 28.0615 29.4787 2.89549
686 38.4156 1.15807 -2.03647
687 24.1884 11.9417 -2.12589
688 27.3593 5.48321 -0.0255829
689 16.6966 3.4509 0.284673
690 20.4291 33.2363 -2.57758
691 17.6741 32.9041 2.36763
692 29.9064 13.4813 0.568157
693 1.77082 21.3114 -1.92518
694 28.1777 23.8041 -2.96547
695 19.0879 26.8533 2.91409
696 25.8208 27.3801 -0.123929
697 32.8021 4.07632 1.84025
698 35.4392 16.7983 -1.53186
699 28.0982 23.8129 -3.37748
700 3.51954 3.3013 -2.14926
701 17.2698 1.6285 4.46012
702 38.6051 2.6232 -2.15157
703 39.22 11.2994 0.417858
704 23.4539 34.9441 1.86224
705 12.0516 34.1893 0.0403887
706 36.9705 35.5396 1.56559
707 15.8851 9.48884 -1.45103
708 32.2747 15.5249 -0.922605
709 26.6313 11.0931 -2.21903
710 16.2635 32.4207 2.99518
711 36.94 25.77 -2.47657
712 28.9285 15.4567 -1.39169
713 31.0602 19.1835 2.51973
714 24.9552 30.5065 3.226
715 38.2248 1.8309 -3.47031
716 19.4951 33.0996 0.686951
717 16.3765 28.6684 -0.921363
718 9.07785 31.1977 -1.54793
719 9.06019 37.2148 -1.8717
720 8.25312 29.0593 1.91723
721 27.3874 36.9684 1.6319
722 37.9552 38.4698 -2.24394
723 16.8243 0.803533 0.467398
724 16.643 37.4595 -1.05633
725 24.1952 36.6595 -3.5369
726 5.37531 29.5355 -1.08954
727 8.68501 27.6934 1.23942
728 38.1166 3.83968 -3.7021
729 20.8725 39.9772 0.0476537
730 23.0323 10.4051 -3.87364
731 29.0063 20.535 -1.98107
732 27.0082 33.0635 -1.81022
733 34.9359 30.1095 -1.25775
734 32.2887 9.03 -2.39874
735 18.5646 25.066 -2.4875
736 17.4034 32.2592 -0.428671
737 38.1663 34.564 2.81557
738 20.6038 7.34953 -2.53175
739 12.3204 25.3003 -2.05007
740 38.2815 24.9114 1.87097
741 9.14954 37.3835 -0.27941
742 20.1105 10.9933 1.25291
743 23.6777 25.2061 -0.0395012
744 34.0952 15.7882 -3.39385
745 14.6888 36.3371 -0.631864
746 10.4671 10.2352 2.28021
747 15.1244 20.9843 -3.23503
748 18.3331 30.8445 -1.87215
749 3.55361 4.78249 -2.5914
750 1.79735 37.1368 4.32066
751 8.70412 2.54629 3.98223
752 39.7822 18.2847 0.156995
753 13.8623 20.5666 -0.75496
754 28.3719 25.092 -2.11525
755 23.9694 3.95624 -3.68003
756 3.70609 2.46055 1.94208
757 14.1006 23.9119 4.40464
758 34.9026 22.6936 3.73263
759 6.63259 28.8725 -4.72076
760 33.3711 33.6261 0.198402
761 14.6413 19.146 -2.15668
762 24.52 27.1199 2.39981
763 10.3339 39.6874 -0.105748
764 24.9407 8.21941 2.30676
765 32.5998 22.7136 -0.163599
766 6.32215 15.2129 -2.27133
767 30.5914 12.602 1.04947
768 5.1589 11.7229 -3.18315
769 14.9762 32.4688 0.0252873
770 6.5426 26.1 -0.449623
771 3.7785 22.6178 -1.52854
772 14.6743 36.0556 -0.86378
773 35.6218 29.6306 3.73712
774 37.5748 39.6365 -4.15677
775 16.3923 10.7169 0.0756491
776 8.28757 16.8945 3.27421
777 1.7564 24.6252 2.87723
778 35.1331 22.9109 4.19068
779 15.1272 36.4537 -3.1124
780 6.32774 3.26178 -0.962136
781 37.6164 1.68591 -2.65158
782 9.07584 12.5277 -3.96414
783 15.065 9.18722 0.709268
784 33.893 2.10065 0.651997
785 21.864 12.8734 0.417338
786 3.53021 20.8681 2.22718
787 31.626 2.35692 -2.41047
788 1.93606 39.2638 1.59867
789 34.3935 11.6674 3.339
790 12.1443 27.2176 0.118125
791 14.6325 22.304 3.29926
792 8.73283 26.7306 -0.374714
793 20.8181 35.4723 3.03952
794 19.7496 27.2598 0.721288
795 6.27648 8.48919 -0.0118039
796 21.9189 23.3949 -0.0905553
797 36.6061 29.8028 1.89483
798 23.2257 10.0542 -2.2317
799 23.954 5.13213 -0.841277
800 33.612 4.45183 -3.44184
801 17.6699 11.2202 -2.90319
802 34.7155 17.5565 0.0408344
803 16.3045 1.66149 -3.72903
804 0.557266 22.1488 -0.842265
805 39.5862 22.6742 -1.73916
806 14.2909 31.3334 -1.33352
807 23.8328 12.1677 0.765355
808 21.4423 24.6948 1.60351
809 28.3561 13.641 1.99475
810 15.0818 39.2393 2.50549
811 4.20684 22.4762 -0.712038
812 8.26444 2.04821 4.04126
813 1.77803 9.69612 3.3847
814 26.659 35.4641 2.60532
815 33.8086 16.8487 -1.27703
816 18.8736 38.8885 0.762664
817 14.2254 37.1609 -2.12123
818 5.89123 11.3682 1.56169
819 26.4017 5.38069 1.1596
820 4.44832 2.08472 0.54024
821 11.4673 14.504 -0.734289
822 8.46095 4.3033 1.87863
823 24.8365 2.33332 2.75531
824 33.9901 14.3122 2.55546
825 0.336869 32.9432 2.8539
826 6.94705 15.2719 -0.429997
827 1.45288 14.3727 1.5979
828 21.4604 19.9842 -1.90302
829 14.7415 35.5778 0.420232
830 5.61124 20.2001 -1.43398
831 11.995 38.2507 1.59845
832 33.9116 35.7394 -0.740398
833 9.32424 13.3045 -0.78399
834 19.6447 11.4409 0.741487
835 3.85662 28.4573 1.10041
836 19.1758 31.5755 -0.938868
837 30.5247 34.3734 0.804225
838 23.2467 5.75675 0.603261
839 4.70117 22.4485 -0.353331
840 21.1483 16.2585 2.69978
841 29.7208 30.536 -2.13759
842 16.7478 28.425 2.98049
843 12.6086 5.82736 2.97442
844 6.20221 21.5352 0.631625
845 1.77201 29.9254 -1.76537
846 10.7997 32.152 0.138392
847 38.9769 27.9414 -1.02128
848 26.3474 27.2914 1.83313
849 20.3514 17.2081 1.97972
850 34.8935 34.2081 -2.26468
851 5.3509 1.69385 0.621776
852 26.5542 27.0787 0.408129
853 25.8932 26.6876 -0.478294
854 39.4612 35.3875 2.17381
855 11.0608 37.0667 -0.578111
856 14.4168 37.1288 -3.93425
857 11.3398 22.9309 -1.80148
858 4.90495 27.584 2.57303
859 16.0984 0.7128 0.746807
860 35.1341 16.747 -2.78129
861 0.604833 16.1461 -3.64273
862 8.11537 33.5235 2.76695
863 7.401 15.2577 -1.43424
864 23.6565 8.88202 0.351251
865 29.7364 36.8986 1.98018
866 26.0524 1.7637 4.25027
867 26.4675 30.5018 0.841664
868 31.8568 26.5937 2.74156
869 35.6461 16.8771 -2.00629
870 38.8115 2.20596 -0.445162
871 19.233 24.3141 2.90022
872 30.153 23.8844 0.57057
873 18.6893 19.3643 0.465906
874 34.8116 16.0235 -1.41084
875 32.0791 8.77946 -2.3463
876 7.36491 14.9567 -1.53991
877 35.0185 8.68391 3.57605
878 5.66281 35.3965 -0.578541
879 39.9424 29.8517 -3.66044
880 35.4304 23.9318 -2.90376
881 7.18286 26.6142 -1.34484
882 27.1155 8.1362 1.01457
883 32.3952 25.8903 3.91443
884 11.0988 21.5748 3.82148
885 9.94358 12.5393 1.35465
886 19.5844 20.7821 0.576253
887 39.5521 25.9899 1.27991
888 33.6043 26.8207 -2.94894
889 2.20679 9.28913 2.77338
890 14.6912 15.8528 -3.7345
891 19.1392 23.4596 0.795453
892 16.3637 1.03452 -2.69281
893 33.9108 27.3454 -1.86093
894 35.2209 30.1003 0.260416
895 36.1139 12.2558 0.813346
896 16.7328 39.7002 3.91689
897 36.4068 12.5311 -2.04918
898 19.8655 16.7532 1.43477
899 12.7176 24.6147 0.515053
900 14.3443 6.71481 -4.25674
901 4.16373 35.8531 -0.52391
902 37.2093 30.2903 2.94722
903 10.6064 36.1479 0.253164
904 18.5155 37.6888 0.955464
905 29.8533 34.6606 2.49109
906 20.4988 19.8098 4.3279
907 11.5249 28.8357 1.0191
908 34.7999 34.679 1.44621
909 16.1023 1.50225 -2.4524
910 36.0935 19.161 -0.162161
911 32.7629 29.0664 2.79366
912 23.1774 21.0923 -3.75326
913 39.0667 30.5864 3.66065
914 3.5644 21.0538 -2.45054
915 35.9746 34.8088 -0.196778
916 21.9102 20.7974 2.13802
917 11.0863 25.439 0.854364
918 39.0835 3.65914 2.92099
919 25.4173 20.9529 -1.6212
920 4.17615 24.6443 -1.30864
921 22.576 22.5777 -0.640317
922 23.9089 14.1963 -1.34313
923 4.46359 23.4729 -1.83834
924 34.0463 29.7914 -1.52687
925 23.7824 2.26066 1.34857
926 29.2653 38.8658 0.547247
927 6.34184 32.9146 -3.31149
928 39.1357 1.14317 -3.32627
929 39.836 31.4342 0.58979
930 8.28843 8.33378 -1.27835
931 16.6579 16.1793 -3.23314
932 6.06161 22.4347 3.57079
933 14.0261 6.48764 -1.5348
934 31.285 24.1433 -0.842072
935 9.79848 7.75172 -1.1085
936 13.483 22.4575 1.24004
937 15.4444 0.657882 3.05452
938 21.6612 25.0266 1.27883
939 17.5367 11.218 -2.10683
940 16.7853 27.0636 3.297
941 25.7613 15.1127 -3.21471
942 8.67364 11.5581 0.835088
943 12.4771 7.61138 3.02289
944 4.7773 37.3761 -0.476245
945 4.40768 9.28411 3.57336
946 20.2218 23.8177 0.847474
947 17.4824 7.52016 1.71944
948 20.3846 6.31832 -2.88091
949 6.65349 14.2417 -1.70704
950 37.8082 36.3438 -1.90933
951 11.9382 8.1666 2.26035
952 15.997 23.7446 1.32172
953 32.8886 23.733 1.43709
954 6.66053 39.5992 1.50109
955 0.993531 2.37779 -4.33266
956 30.2608 13.4198 1.76296
957 34.7573 20.3415 4.42953
958 5.1397 37.542 -0.715901
959 24.2383 1.96951 1.83243
960 3.0966 37.6985 -2.95124
961 1.97216 25.8419 -0.528241
962 12.1825 28.4608 1.02324
963 13.413 38.4137 -2.2069
964 2.96873 8.56326 0.033083
965 34.7335 25.0978 1.88457
966 14.4727 16.7932 0.0206838
967 16.0972 39.9956 2.81045
968 31.7213 22.6509 1.84333
969 14.7751 4.14542 -4.6193
970 21.5614 32.9297 -1.84585
971 30.0517 12.4522 1.83926
972 11.7997 15.2033 -4.12611
973 8.96255 26.0655 0.963808
974 23.5177 23.3725 -0.150252
975 10.9558 21.671 2.52036
976 5.39925 10.4974 0.828023
977 11.4587 34.8569 2.02884
978 14.9871 33.5655 2.46246
979 5.22601 0.77875 1.60035
980 38.307 12.7579 -1.99992
981 5.10478 22.4995 -2.95184
982 38.5969 7.46174 -0.485364
983 30.4084 15.2746 -0.28884
984 11.6839 33.1709 0.111285
985 3.50935 22.3831 -2.86963
986 20.5545 16.2632 5.00159
987 10.6106 15.6826 1.38482
988 6.45984 26.8767 0.349876
989 23.6588 29.596 -2.27941
990 19.8966 14.5568 0.182148
991 11.7884 24.8214 0.71287
992 3.54356 18.9142 3.4241
993 15.2764 16.3942 -0.498289
994 22.4048 24.6775 1.0849
995 14.095 13.8857 -1.87777
996 32.5752 21.3422 0.296537
997 35.6581 17.8671 -0.426546
998 38.6091 37.407 1.76307
999 32.963 18.8382 -1.92025
