1000
Particles
0 6.03522 36.1223 -1.09928
1 25.3891 29.285 -2.20599
2 14.5612 8.23897 1.0447
3 12.4032 5.41851 0.145731
4 21.2074 23.7394 0.28917
5 14.3491 17.1394 -1.13325
6 32.4252 4.63928 -0.649335
7 34.4239 17.1385 -1.63717
8 4.65596 14.8603 -3.50011
9 2.22926 22.4881 -2.87515
10 22.8125 3.69668 -1.13689
11 9.31309 35.0696 2.15015
12 32.0092 33.0403 -1.96589
13 21.9437 2.55895 -3.3823
14 20.3864 29.9696 -0.8641
15 17.3771 30.1039 -1.70971
16 23.6031 31.9931 4.46136
17 2.05094 23.2518 -2.28514
18 35.7123 15.5934 -0.265594
19 17.5089 31.5635 0.868897
20 4.05459 6.95751 -0.052037
21 4.43395 5.106 -0.0345583
22 5.53346 6.07145 1.38427
23 37.5187 23.093 -1.60858
24 35.7332 4.78145 -3.54369
25 38.0248 32.5331 -2.84657
26 23.9679 32.0214 -1.6489
27 11.9051 7.15529 3.52714
28 17.3594 0.210585 0.109696
29 29.9939 4.60659 1.7431
30 14.6577 20.4434 3.37978
31 9.99465 10.6036 -2.00437
32 27.2907 37.7226 -0.102451
33 9.2985 35.5785 3.97384
34 23.9895 32.0534 -2.94995
35 25.7573 23.7054 1.4212
36 17.8052 6.07472 4.23942
37 31.8982 33.0171 -3.40339
38 37.4013 4.03757 -0.352064
39 37.1251 23.882 -1.92837
40 2.30666 37.1143 1.05951
41 14.4664 9.78137 1.36926
42 35.578 14.4087 -0.0435014
43 22.7134 23.1895 -2.1245
44 16.7696 27.0219 1.10747
45 39.5356 19.8359 -3.11446
46 0.596818 7.52812 0.0352271
47 26.1237 15.6008 -0.681267
48 3.5884 38.454 3.59197
49 5.84879 38.9116 0.791385
50 4.97099 31.9681 -1.3049
51 26.7481 6.68456 -1.28482
52 33.6911 11.7948 1.53586
53 14.2409 5.86297 -0.774438
54 27.7607 7.88684 0.723833
55 9.12277 10.0557 2.64159
56 9.30773 11.3506 -4.10798
57 11.1317 35.5516 -1.03922
58 34.1825 23.8321 -2.71433
59 5.32471 35.8918 -1.23381
60 7.31678 24.8253 3.24667
61 22.1765 35.882 0.609475
62 39.0946 3.99368 0.162842
63 15.717 17.2581 1.76254
64 34.5262 31.9185 3.27214
65 10.6325 1.28715 3.37106
66 39.8368 20.1066 -1.88105
67 21.184 24.0353 0.307277
68 38.9345 6.35198 -0.200425
69 10.631 39.1613 2.33528
70 11.1744 1.25155 3.77632
71 15.5692 16.453 -0.459948
72 7.17799 10.1631 -0.581621
73 21.0438 32.0223 -2.87485
74 10.8919 4.82496 3.36267
75 26.2078 34.8649 -2.31
76 32.9837 0.590298 0.576463
77 9.88035 30.0655 -2.58111
78 39.4484 25.8789 -1.17651
79 4.93406 1.08251 1.88568
80 37.4613 16.9597 1.83685
81 12.1101 36.2901 1.91553
82 16.4138 16.8284 0.553635
83 15.073 27.5589 -0.356078
84 24.7749 8.4583 -1.21472
85 39.834 19.4718 -1.66588
86 19.6862 14.6201 -3.83497
87 22.9875 33.0423 3.45798
88 12.8225 5.01789 2.85277
89 8.02048 2.47071 -4.25993
90 37.1409 30.0046 -3.03958
91 24.7914 13.4988 -2.065
92 17.5402 29.1897 -0.684757
93 11.3135 39.2736 3.37819
94 14.1988 25.5847 0.667661
95 16.5597 4.09797 -4.3035
96 8.01191 39.9831 -1.31617
97 24.8766 38.854 1.8713
98 5.93696 20.7526 1.08534
99 12.2898 5.40586 0.110424
100 37.2742 23.707 -0.429963
101 13.5874 22.2909 2.86339
102 26.5883 36.6202 0.158662
103 18.0492 3.7597 2.0643
104 20.6095 10.661 0.920205
105 16.2877 0.071269 1.34153
106 30.4037 24.1928 -0.625383
107 17.7549 22.252 2.19347
108 38.5264 20.6706 -2.23698
109 37.9953 28.4797 0.771729
110 37.883 30.8745 -1.00637
111 31.5812 39.5467 2.547
112 37.97 5.96276 -3.69512
113 36.0133 33.8869 -0.374523
114 33.7153 22.6443 0.71029
115 24.7982 17.5742 1.02281
116 18.2931 31.7032 -1.27287
117 27.0736 29.9074 -1.3495
118 21.9623 2.15966 -2.56028
119 30.289 10.8108 -3.54082
120 27.5929 30.4007 -0.841414
121 15.8849 20.9627 2.26783
122 28.2564 30.0494 1.41856
123 12.9738 28.7399 0.88412
124 16.1684 1.06884 0.766291
125 19.2329 6.17649 -1.7069
126 29.5852 35.7093 2.43594
127 28.966 7.72744 0.783508
128 24.1981 3.69552 -3.02743
129 38.355 17.3814 -1.2743
130 24.9504 10.7958 -2.11864
131 16.8877 27.7786 -0.565361
132 14.5931 38.3881 -0.174826
133 1.54859 39.7884 -3.72881
134 9.85229 35.8512 3.91829
135 15.925 2.81446 -2.94256
136 28.034 1.69733 2.01463
137 29.096 22.1221 -0.260335
138 4.5772 18.8681 1.46494
139 17.0421 36.2641 -1.44949
140 29.6439 4.52137 -0.116841
141 27.7162 4.02618 -1.10307
142 18.2911 15.8624 3.33116
143 18.8017 20.8339 -4.00487
144 36.137 29.7624 0.660055
145 23.2481 27.8376 -3.83123
146 38.4368 16.4249 0.894657
147 35.7238 30.4871 0.477374
148 31.35 8.847 0.754144
149 14.217 17.0201 1.2365
150 11.1422 23.8946 -3.40391
151 29.2114 2.62552 -2.86677
152 19.5066 8.53967 -1.98198
153 13.1943 6.29193 0.644787
154 26.5721 0.472241 -3.71222
155 1.14664 25.7573 1.15635
156 2.97301 23.2114 -0.586408
157 16.1878 3.78405 -4.43906
158 13.0822 8.77183 -2.87874
159 22.4258 33.5175 3.31187
160 10.4113 22.76 -0.759543
161 12.3799 22.7056 1.00388
162 26.9844 24.8863 -2.2731
163 15.6293 17.6875 -0.41865
164 22.7977 10.6196 1.1463
165 33.4246 8.35681 -0.663964
166 36.418 2.2619 -0.0898028
167 4.36902 34.5811 1.68888
168 37.1657 28.8058 0.38691
169 4.11596 6.96337 -0.200157
170 27.7151 37.4292 2.20298
171 20.4141 30.6999 -0.337254
172 11.4332 16.099 -0.391734
173 32.1587 33.4807 -1.83025
174 24.7607 7.47506 -0.515336
175 1.7528 11.8418 2.11598
176 29.1537 22.9406 1.64166
177 11.348 3.02388 -1.14736
178 37.4273 26.5098 0.183619
179 20.615 16.0516 1.86083
180 18.5249 5.91928 -1.48466
181 14.9878 27.5715 4.18374
182 14.8135 24.6388 2.18672
183 37.9344 21.5423 -1.83679
184 1.73051 38.8732 1.10591
185 12.8668 7.88555 -0.991683
186 18.3212 39.3137 -1.54358
187 33.1836 4.3671 -1.58325
188 16.354 9.03764 -2.47626
189 7.0911 20.3591 2.79674
190 25.8345 18.463 -2.1149
191 13.9741 21.6681 -2.89171
192 5.05654 36.3643 0.14207
193 20.7102 28.6437 -1.5387
194 19.429 24.7009 -0.589417
195 5.43313 20.5295 -2.28964
196 34.0017 1.64182 -2.26245
197 11.509 36.5812 0.524005
198 31.9894 24.2024 1.55005
199 20.1168 10.7365 0.865836
200 35.524 35.9844 0.749962
201 3.63884 14.2739 -4.15366
202 13.8083 16.5779 -0.574299
203 23.3307 18.4829 -0.835421
204 33.0252 27.0195 -1.47133
205 7.3783 29.6009 2.05265
206 6.39205 0.800041 -1.90742
207 34.6418 2.94843 -3.72714
208 34.8927 22.8369 -0.954672
209 2.37099 5.54234 1.97714
210 24.9153 26.4557 -2.70392
211 30.6233 16.8546 -3.40657
212 28.0766 36.8399 0.246119
213 36.9396 39.9515 1.568
214 29.4363 26.6606 -2.57195
215 5.94905 14.8549 -0.157707
216 32.0656 32.2107 -3.46024
217 11.362 6.23037 -2.80957
218 6.69604 17.3348 2.60091
219 23.7009 36.4085 2.29971
220 13.4894 6.26967 1.19795
221 20.7343 23.5885 0.752495
222 37.4665 27.5917 -1.30777
223 12.1246 22.1088 1.614
224 2.73944 29.884 1.94858
225 4.56903 7.00664 1.43783
226 24.3565 18.9261 0.544051
227 8.64028 5.65572 0.737357
228 16.5699 36.9002 -1.6506
229 5.45249 26.4257 -0.673538
230 29.5398 32.7939 1.29103
231 15.7829 27.7114 -3.24609
232 35.3693 31.6183 1.5874
233 33.3337 3.50214 0.0777876
234 38.4182 8.86673 1.05453
235 3.21732 13.2709 2.6339
236 19.2798 7.95606 -0.410517
237 13.8632 24.8801 1.6133
238 12.7755 11.8359 2.49049
239 35.5467 11.1446 1.89521
240 18.1699 17.2655 -2.55419
241 39.2045 24.7738 -0.306201
242 28.6452 6.44629 -1.49513
243 28.3022 34.3699 -0.481136
244 3.67318 5.92694 -1.01331
245 19.0932 28.5118 1.19704
246 24.2217 6.54756 -3.3393
247 5.7257 1.54505 -0.245125
248 11.6233 22.3441 -1.12853
249 8.77624 0.201636 -0.0873559
250 23.9816 4.13657 -4.00756
251 29.1587 1.4961 0.709282
252 27.2847 16.8599 0.115974
253 36.6769 15.7107 0.29592
254 10.1275 39.0155 4.38145
255 30.5141 19.1002 3.53186
256 3.03284 39.7386 -1.22908
257 26.4566 16.0688 -1.86594
258 32.7556 3.06764 -1.10321
259 32.7743 22.9208 0.237231
260 1.4151 4.47664 -2.06335
261 31.9591 21.7206 2.63984
262 26.8173 38.3933 0.6512
263 1.88773 26.6349 -1.63493
264 11.3012 15.3377 -0.857233
265 1.7591 29.4863 3.59256
266 6.60636 19.1674 -1.39547
267 6.4877 17.8447 3.00953
268 18.6361 18.716 3.88561
269 39.5323 37.2174 4.56931
270 29.2256 14.7182 2.69342
271 4.47268 14.091 -3.39092
272 24.0738 22.182 -1.01932
273 36.0718 26.245 -0.415297
274 10.0659 36.9097 4.08282
275 8.8199 32.3603 1.71785
276 29.3076 17.8208 -1.82568
277 3.74755 21.5681 1.44334
278 4.52535 17.884 -0.675894
279 16.3973 30.0099 2.26044
280 4.07789 31.189 1.56994
281 24.047 26.9645 -3.69701
282 9.28439 19.6317 2.56216
283 27.5633 4.01478 -0.73267
284 32.6556 16.0497 -3.29073
285 6.85664 38.6431 -0.725934
286 36.3922 7.38607 1.61943
287 16.0652 15.8801 2.59568
288 1.62697 1.25091 -1.30284
289 6.72258 36.9283 1.78874
290 31.3307 26.3937 -0.377748
291 16.5106 4.23705 -2.11135
292 29.9909 21.3911 -2.23855
293 17.427 7.87001 -2.87957
294 32.7809 29.7236 2.52899
295 16.7384 11.8078 -0.00280634
296 20.9544 28.5742 -1.21313
297 39.2229 27.1268 -0.443565
298 18.8641 3.55895 0.257977
299 14.7895 25.5014 0.432037
300 16.8347 11.4702 0.585455
301 23.706 30.0731 1.6868
302 23.6882 2.72777 -0.887802
303 0.410766 17.267 -2.11176
304 9.83856 32.7332 -0.690288
305 2.99061 26.5743 -1.32121
306 25.5079 21.7837 0.55257
307 14.4429 17.0799 1.12523
308 12.4486 32.1088 1.3276
309 19.5907 1.37027 0.0930678
310 15.2451 19.5941 4.2482
311 21.949 24.965 -0.525516
312 38.8752 27.7507 1.45825
313 26.5752 5.86771 0.302103
314 20.1109 1.17508 -0.787193
315 39.6354 34.0629 2.89913
316 29.4815 39.5276 -0.204952
317 17.7904 31.2863 1.37413
318 23.3587 33.0791 4.81823
319 6.27878 4.18881 -1.38727
320 12.1154 17.1567 -3.04269
321 30.8756 9.1511 0.136102
322 4.28675 37.143 -1.4747
323 39.1409 31.0385 -0.290037
324 24.9104 15.7458 0.0636349
325 11.6219 30.3235 -1.663
326 10.8323 7.08306 -2.98381
327 10.7608 35.1236 1.78319
328 13.8002 32.1402 1.22966
329 16.2287 20.6359 1.44982
330 3.63852 8.45072 0.937616
331 22.6398 4.41081 -2.29574
332 36.1298 3.13698 -2.72239
333 32.6503 24.1235 2.94491
334 10.5594 9.25391 -2.29334
335 3.87095 36.8175 -2.32844
336 22.9155 6.4009 -0.608746
337 11.7147 22.4636 -1.23732
338 23.9618 27.2853 -1.75564
339 1.37755 30.9905 -1.42276
340 19.4666 11.661 -1.21417
341 38.2563 26.6319 0.40688
342 19.7563 9.08562 0.0984475
343 5.21233 11.8125 -0.418494
344 12.4885 4.49454 2.55699
345 39.7217 33.8928 1.76795
346 15.3333 12.3473 0.346588
347 7.53413 39.0549 0.615615
348 10.1817 9.98279 -2.22735
349 19.0223 23.8564 -1.43401
350 8.70307 14.2033 -1.79249
351 37.9297 25.4411 0.776735
352 29.4049 20.3746 -1.10275
353 22.5227 15.801 3.3947
354 38.3065 32.16 -3.88141
355 13.3925 22.2413 3.11716
356 3.23398 34.1457 2.68585
357 8.87242 5.8215 -1.4725
358 13.862 12.8654 0.439561
359 27.4495 23.6296 3.29872
360 37.4519 28.3234 1.60346
361 25.6265 32.6721 2.65334
362 32.8865 26.6774 -2.38623
363 32.0449 13.8123 -2.91211
364 17.1496 13.1409 2.50215
365 39.0337 35.5966 0.969349
366 11.204 1.12736 1.30799
367 3.3805 39.8107 -3.04398
368 21.5862 10.1868 -0.600958
369 17.6092 11.5942 3.17412
370 21.716 34.8523 2.71975
371 37.9251 16.4454 -0.246253
372 22.0104 25.9599 -2.58968
373 15.0855 19.9724 -2.59754
374 12.9908 14.7816 1.04706
375 8.30991 9.87932 3.55042
376 36.6494 30.0171 3.66233
377 33.5524 11.4345 0.936684
378 18.5129 8.22945 -2.51618
379 39.3622 34.6589 2.71731
380 34.7775 2.34086 -3.07675
381 18.0092 0.788093 -1.69683
382 3.03646 12.0313 1.31674
383 15.6137 24.5848 3.29006
384 33.3545 8.06618 -0.885946
385 20.1574 28.694 -0.146331
386 27.2585 9.42019 2.03425
387 4.12092 2.1078 1.54466
388 29.8513 33.7819 2.5589
389 19.8494 34.1831 3.73075
390 27.5225 8.58272 1.08928
391 12.4197 11.4699 1.53065
392 23.7155 17.0256 2.17117
393 17.7224 1.82435 2.21288
394 29.4137 11.8304 -3.40058
395 38.6323 9.63841 0.640032
396 21.5281 1.87099 1.04711
397 6.60832 20.1976 -1.01979
398 24.6463 34.4301 -1.43594
399 31.4308 14.2867 -2.18628
400 3.49465 5.95599 -1.51713
401 31.3353 25.4262 -3.08877
402 4.72371 7.76895 2.93433
403 9.33834 28.1904 0.44562
404 22.5548 32.1005 -1.19717
405 5.52396 21.6316 -1.71575
406 18.5282 8.43967 -1.99606
407 2.36355 11.7092 -0.733806
408 10.7303 6.91885 -1.18052
409 29.1383 10.4188 0.00427707
410 23.5141 28.879 0.789866
411 18.0297 37.5441 -1.2829
412 4.32644 5.91937 -0.193977
413 1.39699 21.9317 -2.84406
414 12.4636 4.90911 1.08208
415 11.09 23.3976 -0.347258
416 0.0491586 28.5378 -3.32966
417 2.26057 4.71452 0.400786
418 28.3863 24.2467 0.562194
419 28.4918 12.4496 -0.945779
420 23.7951 2.85449 1.56265
421 6.18198 11.4383 2.00807
422 10.784 12.6553 0.201596
423 0.720106 7.85353 -0.339188
424 23.1938 17.1227 3.96864
425 23.0155 39.123 -0.448325
426 12.4399 13.7121 0.28964
427 23.4867 28.9478 0.823777
428 10.6935 0.190348 3.66218
429 35.8991 5.15338 -0.619783
430 9.75692 13.413 2.66517
431 8.57612 8.63633 2.62231
432 14.4216 32.5492 -0.513786
433 24.4861 19.1649 -2.0451
434 14.7154 21.8087 -4.50505
435 39.2991 30.6091 -2.07318
436 37.9715 25.5702 -0.503036
437 10.4179 3.41632 -1.21653
438 2.0911 0.932393 -4.32206
439 36.6963 20.5555 -2.4816
440 18.2979 7.91452 -2.03043
441 21.5715 36.8099 0.834594
442 18.9353 8.52074 -1.32802
443 15.8081 24.6944 0.502786
444 12.8092 24.9647 0.612126
445 14.8739 18.6325 -2.69697
446 22.2253 4.56365 -0.81314
447 11.9128 7.73267 -1.48069
448 32.2463 20.9392 4.40298
449 17.0837 18.7761 -0.698757
450 8.43604 21.2282 2.70537
451 32.573 21.5463 1.9417
452 11.4122 5.34829 2.46785
453 6.52783 18.205 4.80426
454 31.0438 10.9962 -3.99231
455 20.006 0.400503 1.97622
456 17.8255 19.4003 -0.080216
457 25.9507 8.54065 -4.41904
458 22.183 19.7855 3.59289
459 17.8377 2.5676 0.710152
460 9.50834 0.650201 4.19642
461 11.7434 4.1191 -0.0716338
462 27.1979 24.2113 4.20335
463 0.871769 30.5179 -2.45595
464 24.2189 36.7997 0.678649
465 29.7915 6.46793 -3.50424
466 32.9822 23.4803 2.39735
467 8.83679 35.1554 1.71009
468 10.3986 36.5474 -2.62471
469 27.3903 36.1187 -2.00704
470 7.60285 12.7194 2.05118
471 26.3735 29.0299 1.3696
472 13.8214 5.38214 1.33935
473 16.8306 1.1796 0.211818
474 4.82321 36.9695 0.721668
475 29.8282 35.673 2.54696
476 13.7222 16.816 -0.822102
477 12.0394 36.9568 -0.215963
478 34.043 24.9109 -1.74084
479 37.1885 29.0605 2.09931
480 39.3894 26.6555 -2.2363
481 32.3412 7.8701 -2.04579
482 14.9696 38.7968 -0.305852
483 9.87058 36.3226 3.51605
484 19.5903 1.13623 -0.930546
485 4.15858 38.9214 2.76379
486 11.0482 22.5784 -0.682859
487 25.2324 29.8399 -2.48693
488 1.77213 11.2696 2.27625
489 21.2647 5.39294 -0.21389
490 35.9502 5.17351 -1.63821
491 17.0365 13.2024 3.93227
492 16.7214 37.4834 -4.21215
493 0.00831781 27.5049 -4.02237
494 7.07685 21.1361 2.77983
495 36.6943 8.26628 3.06715
496 21.9373 35.7163 -0.261255
497 16.4187 31.8893 2.5661
498 18.5397 8.90205 -2.59249
499 7.46929 16.8421 -1.96381
500 9.78378 6.74291 -0.0972488
501 34.2865 5.76299 -4.05407
502 6.61126 3.74413 2.37036
503 22.4705 25.8634 -0.02471
504 4.54881 4.81801 3.27096
505 10.9164 7.2476 -4.00933
506 28.7532 26.9834 -2.67656
507 20.8835 13.526 0.432654
508 9.86696 30.4068 1.12916
509 19.8665 37.5054 -1.60166
510 39.3297 7.53376 0.525578
511 22.7449 33.0113 -3.76045
512 35.1117 26.7811 2.7274
513 15.2094 22.1664 -3.89383
514 4.70381 37.2581 1.06431
515 14.9927 16.5622 -1.18956
516 15.6184 33.3763 -3.03907
517 15.4001 21.0176 -2.75647
518 37.4484 39.8178 3.44914
519 22.8126 23.4564 0.481503
520 4.7331 9.04422 -2.00341
521 3.10533 39.0657 1.90551
522 28.978 23.6689 -1.61543
523 14.223 16.6171 0.593884
524 14.8475 23.444 1.98732
525 13.9544 15.6556 1.05296
526 16.6731 27.6569 -0.415245
527 11.9558 9.69517 -4.94326
528 22.716 5.62808 2.33915
529 32.5231 33.4597 -1.96598
530 32.4675 18.5879 -0.165561
531 24.0114 39.5893 2.32977
532 19.2023 2.91302 0.0831769
533 39.2563 35.3818 1.83405
534 6.43256 29.0992 2.19489
535 28.2814 8.61268 -0.0387517
536 34.6011 12.0764 -1.02255
537 5.74219 23.0501 0.907543
538 17.8371 1.16224 -1.76164
539 19.7748 18.4534 0.781537
540 36.6685 18.8139 -2.75823
541 20.9905 24.4083 1.03066
542 31.0619 33.005 -1.77222
543 7.79954 20.9355 1.56214
544 36.6441 32.8124 -1.47951
545 2.11809 21.2523 -1.77646
546 33.1306 39.8132 0.480398
547 3.45092 10.3328 0.255627
548 35.4368 35.58 1.96756
549 39.6399 26.6699 -0.286984
550 36.9159 30.0153 2.18304
551 38.6031 9.72822 1.55414
552 14.0872 1.71106 0.945908
553 13.4028 31.7151 0.217555
554 12.4615 4.29861 -0.0512846
555 32.6179 9.85734 -0.486298
556 39.3588 19.2628 -1.91635
557 13.7043 13.8664 -0.892616
558 31.1632 4.26972 -0.446766
559 36.0114 34.9913 2.02759
560 38.0761 24.7845 -0.901978
561 3.46418 35.6068 -1.08902
562 8.69118 25.3047 0.921324
563 7.3166 9.21847 -1.91789
564 5.41748 24.8229 -2.25585
565 7.03258 21.4654 1.25409
566 17.4087 1.63328 0.46304
567 34.128 17.3002 -2.45571
568 0.790502 7.32779 -2.85882
569 29.1934 31.9286 2.65928
570 7.60903 29.8935 1.99938
571 15.1383 9.0598 -3.56783
572 29.4598 24.1711 -1.51632
573 18.9292 31.4419 0.921966
574 8.82348 26.3107 -0.834879
575 6.17513 12.1288 3.5458
576 5.70621 6.18626 1.77892
577 20.1193 38.0528 -4.1701
578 12.5272 34.5451 0.329157
579 15.4641 19.326 -3.76687
580 5.60984 27.9634 -1.71389
581 2.69907 29.5753 1.46043
582 15.8276 21.9219 1.71695
583 17.6313 30.4549 -0.708954
584 4.51301 8.72297 0.508273
585 2.34468 25.0052 1.18005
586 24.066 28.0498 -2.86499
587 27.5721 35.6048 -1.16806
588 18.0029 0.995705 1.99799
589 25.3239 9.83942 3.93215
590 4.6217 5.8304 -1.37559
591 16.2578 29.3019 0.821403
592 22.9164 22.8363 -0.836101
593 9.84443 18.4918 1.14985
594 7.36915 5.36871 1.46623
595 36.3054 27.5132 2.18491
596 2.62263 38.424 0.735515
597 26.4633 9.11607 4.00025
598 39.9399 15.0448 -0.841758
599 12.4006 4.41993 0.451416
600 39.9811 37.9803 4.14654
601 19.526 37.1107 -2.19286
602 18.3634 18.9437 -0.16
603 22.4486 4.054 -1.18553
604 26.0343 30.7763 -2.8442
605 17.7493 25.6747 3.17712
606 39.0165 31.0208 -3.34643
607 38.9585 8.88713 -1.03815
608 8.06599 2.71951 -2.60216
609 24.7258 12.3972 -2.85296
610 34.1313 29.2696 4.3054
611 33.5433 24.5478 -1.16179
612 17.2127 6.90907 0.507209
613 18.5818 8.58459 -0.983184
614 39.5838 36.5087 -3.28637
615 36.38 4.55384 -0.607025
616 33.4842 21.6623 1.76787
617 22.9124 29.8469 1.1617
618 6.05068 0.171233 -0.303103
619 24.0291 28.2848 1.2765
620 36.0808 2.30452 -0.480071
621 26.4457 23.2429 1.86179
622 28.9326 8.16858 -1.03701
623 16.3006 21.9483 -1.20607
624 5.65761 11.2343 2.54019
625 10.8539 6.84497 -3.64772
626 3.84829 39.0699 1.34924
627 9.19081 36.7643 2.45532
628 18.4256 7.59938 -2.06496
629 24.4572 5.63501 -1.44169
630 3.5368 5.14459 -1.96925
631 30.6962 39.8399 2.45122
632 31.9293 33.1087 -3.0308
633 10.6595 21.7804 -1.89907
634 1.6881 11.5506 1.86384
635 29.1177 26.7678 -1.23407
636 18.1115 15.876 1.60006
637 8.93512 34.7027 0.201707
638 25.8985 30.2483 -2.57991
639 28.0378 26.5728 -1.60668
640 6.76422 21.23 0.999714
641 36.9225 6.83896 1.55461
642 13.0972 36.124 3.89832
643 28.2795 37.9466 1.60667
644 9.86572 37.609 -2.77022
645 5.85853 6.91706 -2.16918
646 14.3757 6.29754 -0.110666
647 11.9169 4.16532 1.09863
648 25.3527 34.2476 1.66428
649 12.6693 11.8088 3.11835
650 31.2642 23.0024 2.6895
651 31.1534 23.922 2.94003
652 4.28652 30.7845 -0.439085
653 8.9753 38.1355 2.04472
654 28.6086 20.9439 -0.845716
655 25.9438 31.207 -3.51995
656 15.8929 9.23733 -1.88367
657 29.5687 11.297 -0.684257
658 5.25504 23.481 -0.835349
659 0.349917 6.321 2.33063
660 26.9697 19.0169 -0.884356
661 6.37001 19.2957 4.2088
662 35.9839 0.471761 -3.21419
663 38.9424 19.1159 -2.23644
664 33.8989 22.8701 -3.38054
665 36.6797 29.1554 4.50047
666 26.6409 3.26325 0.569445
667 37.6955 27.5226 -1.2881
668 6.7044 36.2352 0.705779
669 6.41357 39.2237 0.512373
670 36.8055 30.5599 -1.03162
671 35.7151 0.844521 -2.86699
672 16.306 38.786 0.00696983
673 3.49874 13.1911 1.33292
674 11.1425 21.8054 -0.709294
675 25.9913 9.95998 -3.2915
676 2.60894 6.28404 0.0152375
677 7.15426 18.4157 1.64062
678 25.8632 38.4201 -0.85394
679 18.6418 27.0533 3.12652
680 22.1129 34.6823 3.31239
681 16.5524 32.4051 -3.48222
682 34.8181 1.35618 -0.576416
683 20.7728 28.2844 -0.667736
684 7.67345 24.0342 3.94904
685 28.7795 21.6593 -1.2697
686 37.7702 31.9963 -3.58055
687 25.1868 21.4969 -0.675231
688 20.393 11.309 -2.22563
689 6.50419 7.49656 -1.29675
690 11.8257 5.58372 0.318915
691 15.9478 32.2744 -1.67851
692 26.116 15.5865 -1.2959
693 3.05081 25.5626 -0.763711
694 29.2839 14.9769 2.19367
695 15.9652 30.8004 2.66142
696 14.3354 22.224 -3.56023
697 21.5915 2.36945 1.75303
698 4.50571 8.23812 0.817363
699 38.4595 31.08 -1.20198
700 7.78959 38.9894 -1.69705
701 14.5167 3.47036 2.13151
702 8.06563 39.637 0.295404
703 3.38796 7.02477 2.25874
704 29.9472 2.08247 -3.59004
705 5.71252 22.2481 0.616644
706 34.1633 35.4032 -2.62122
707 25.4391 0.754751 -1.45514
708 37.3416 23.2484 -1.48488
709 29.6605 14.9989 -1.51133
710 11.4356 1.38553 4.1658
711 35.4233 32.2862 1.28357
712 28.8706 25.0509 -2.06785
713 37.3563 18.4213 -2.90516
714 27.3669 35.6984 -1.76525
715 38.1109 26.6028 -1.64134
716 18.896 32.573 -0.870605
717 17.7559 29.963 -0.791776
718 0.131653 26.5523 -4.27276
719 8.41649 28.0613 -0.8354
720 21.6455 18.648 -1.87268
721 22.2976 33.9941 2.5162
722 3.65432 7.00021 1.48582
723 11.4611 37.0859 -0.353765
724 18.0228 5.18096 1.39628
725 26.6971 34.0793 -1.20406
726 38.9211 26.9364 1.32696
727 12.9336 17.2845 1.03898
728 1.14267 29.6051 0.792302
729 13.3772 5.84259 0.466251
730 24.3513 11.5402 -2.46894
731 38.5334 17.6977 -2.14511
732 19.4194 0.576405 -0.288926
733 22.5057 32.2239 -2.40136
734 0.0657149 7.38346 -0.72776
735 12.4948 35.9376 2.63889
736 23.8038 23.6124 0.462619
737 5.79547 31.877 0.0437042
738 20.8779 9.36941 0.64477
739 13.4195 17.1327 -2.31233
740 32.1034 22.4197 1.83684
741 2.58232 26.0721 -2.39346
742 12.5103 20.2678 -1.47135
743 27.0266 23.9319 2.44163
744 32.0865 22.1587 1.08907
745 20.375 0.378308 1.07131
746 21.1287 10.328 1.01319
747 17.8208 27.7807 -0.262797
748 13.6378 31.165 -1.37403
749 12.4795 5.4812 -0.183825
750 5.0582 32.9112 -0.627186
751 35.4615 33.2379 -1.51897
752 11.7643 23.0539 -0.0496547
753 27.6926 23.8835 3.88995
754 27.1068 27.3023 4.08881
755 33.8874 5.50467 -2.5348
756 12.0663 8.61227 -3.00506
757 7.48138 32.7871 -2.55171
758 1.98895 16.2636 1.00674
759 14.8252 26.9531 1.17279
760 1.42676 27.06 -0.265104
761 4.06956 13.0906 2.23596
762 22.2581 26.6939 -3.44016
763 4.86042 5.55059 1.84904
764 15.0024 20.2861 4.25406
765 39.8905 19.9134 -2.67245
766 9.13881 9.11945 3.18186
767 34.4373 12.3277 0.978679
768 5.33067 25.8446 -0.666778
769 11.4063 35.0767 0.509714
770 6.88762 29.3708 1.93975
771 13.1312 18.4704 0.0841355
772 9.60432 32.9411 -1.83296
773 33.2234 29.5604 3.1573
774 37.3816 30.4778 -1.35231
775 13.8777 4.20823 0.0369341
776 9.45444 10.5245 -1.48576
777 35.0365 24.5147 0.296702
778 36.3032 28.5029 1.1899
779 18.4643 5.47238 -1.71787
780 37.4929 8.27052 -0.144948
781 14.5896 34.2481 3.27682
782 3.95609 7.52095 2.64076
783 16.7182 17.7907 0.009108
784 33.6837 2.92433 0.0264437
785 21.2941 17.5629 2.55075
786 9.05612 18.2966 2.1796
787 39.0335 3.38251 0.0164415
788 2.33136 28.6217 0.458798
789 3.88592 6.24536 -1.15824
790 14.1304 26.8395 -1.78022
791 11.1257 21.9101 -1.56265
792 8.88179 19.1403 3.21303
793 16.4507 36.0322 -0.762279
794 19.9142 26.9832 0.235906
795 1.39264 0.636337 2.27168
796 16.4601 14.1666 -0.799875
797 38.2757 37.1363 1.79304
798 34.2308 12.2751 -0.271336
799 27.9986 8.99546 1.92484
800 39.9637 11.8386 -1.54153
801 16.6099 23.3882 -0.320871
802 31.999 24.2608 1.79823
803 11.7192 39.0976 3.64807
804 0.126291 18.7121 -2.70496
805 1.37188 29.0679 3.53179
806 9.289 31.6233 1.10999
807 28.9644 17.4499 -0.922304
808 16.1543 29.3784 2.56738
809 25.5803 27.8357 -0.860894
810 19.1938 29.9535 -2.07967
811 38.9779 21.3149 -4.70426
812 11.8448 4.61835 0.512258
813 6.20479 10.8175 0.790796
814 27.2113 37.6153 3.20083
815 26.9523 19.9063 -0.943614
816 15.7838 36.6013 -1.08373
817 15.3429 36.3457 2.06121
818 1.74552 3.17593 3.36874
819 30.9416 7.92738 -1.30858
820 11.2816 38.5136 1.00523
821 14.0116 5.92867 -0.249122
822 6.31094 34.1513 -0.185642
823 18.3804 4.83294 3.30432
824 28.6034 13.9049 -0.0162861
825 39.4044 2.39269 2.52896
826 4.58757 17.194 0.673653
827 39.2534 6.83174 1.11749
828 16.2562 17.5342 -0.634087
829 11.9258 36.8106 -2.37703
830 13.4379 15.7141 -0.857685
831 21.5812 38.1253 -4.09015
832 34.3663 1.4265 0.14234
833 18.6125 18.0243 3.10441
834 15.1182 6.70052 -0.801663
835 39.4063 30.0964 -2.81736
836 17.4737 30.3723 1.20227
837 28.4041 35.8207 -1.21713
838 14.1802 3.8034 0.925138
839 13.5401 13.9288 0.048447
840 22.7298 16.0472 3.27664
841 22.3209 36.5777 -0.510134
842 20.6658 35.0914 1.72614
843 20.9216 4.35648 0.981997
844 4.28905 25.1645 -3.278
845 7.38217 31.8053 1.53092
846 6.21623 18.3521 1.67459
847 1.52058 24.9581 -3.08865
848 19.377 26.1454 1.85655
849 20.8676 17.722 0.041114
850 35.4682 31.7824 -0.0903158
851 6.26454 1.61649 2.52845
852 31.157 24.172 -2.97126
853 19.5765 18.8098 3.98862
854 7.88331 39.2761 -0.327738
855 10.8385 35.9999 -1.064
856 13.4569 30.1266 0.606144
857 11.4195 34.1961 -1.71585
858 29.7964 32.1609 3.13384
859 9.0796 35.9893 0.769103
860 38.3875 17.3195 2.76502
861 7.73526 18.7559 1.54412
862 5.61222 23.6402 1.08668
863 13.9579 13.0319 3.15461
864 7.63472 6.15977 -2.04041
865 20.5811 29.7424 -1.08512
866 31.0756 1.62729 1.75518
867 27.0497 24.9701 -3.47204
868 34.8579 32.7817 1.55836
869 38.0993 19.255 -3.69765
870 39.8749 4.28229 -1.83837
871 13.6935 22.42 3.99779
872 35.9336 16.1048 -2.39335
873 10.0388 17.8259 1.73141
874 19.6926 16.7842 1.03863
875 31.7627 4.71478 -2.51619
876 23.0008 26.4834 -2.53066
877 2.58895 13.152 1.01927
878 38.2001 4.20936 1.53143
879 14.133 37.4794 -3.66717
880 29.2897 25.668 -2.91753
881 10.9513 22.9037 0.424257
882 26.9655 6.79427 0.74236
883 38.6741 27.2776 0.956958
884 32.7416 13.7731 -2.36526
885 10.5402 8.06125 4.21108
886 18.2115 20.9407 -1.08248
887 7.33231 21.4447 2.04914
888 27.2859 31.8339 0.3156
889 37.7633 9.02283 0.65359
890 14.4901 7.30063 0.716283
891 23.1967 28.6605 1.61253
892 29.2793 14.5207 1.58483
893 33.0634 20.3243 1.86614
894 23.1446 26.2503 -2.73256
895 33.3472 8.46753 -1.51697
896 16.4441 1.16352 -0.0858155
897 4.1823 17.7642 2.12442
898 25.4791 21.4628 -1.0143
899 13.8136 24.6701 3.28182
900 13.8264 38.6379 -1.12327
901 3.24152 39.0746 1.24021
902 2.08404 28.7999 3.66446
903 19.4264 36.3919 1.79423
904 19.1167 36.152 1.06127
905 34.8516 36.5033 -2.01591
906 18.706 9.51963 -2.95073
907 14.0225 25.7264 0.288842
908 29.5475 1.97196 -2.34209
909 11.2634 38.8784 4.12622
910 5.15078 22.2487 -2.36983
911 35.1903 0.686203 -2.75811
912 23.132 20.9781 -3.3314
913 33.2595 34.6791 -0.241541
914 37.9452 21.2504 -2.1062
915 36.6252 1.46502 -1.8909
916 0.591085 14.6369 2.92368
917 13.6027 24.8752 2.98419
918 33.5701 4.45963 -1.40485
919 21.5106 30.7439 -2.37161
920 1.32634 21.4252 0.858959
921 33.5489 19.4976 3.12348
922 22.3725 18.7084 0.871535
923 5.92262 25.1102 -0.974017
924 34.4753 24.3616 0.245868
925 15.4178 16.8994 -1.11554
926 13.7874 6.07167 -0.605683
927 38.71 27.3853 0.838871
928 34.604 2.01154 -2.81888
929 11.3146 29.9207 -1.74068
930 6.90606 6.34194 -0.425249
931 13.1558 26.0129 -1.57254
932 32.2724 22.8936 2.70133
933 19.2782 1.01269 -2.82904
934 27.2285 17.7573 1.59571
935 9.30437 8.53108 4.3677
936 17.1429 20.853 0.693395
937 18.1152 5.34309 -1.76879
938 15.0634 21.6019 -3.28727
939 7.72396 3.83034 0.585625
940 11.7914 20.335 -3.21864
941 34.4262 24.3875 -0.931793
942 5.90829 21.2062 -0.130703
943 11.1133 5.76445 -0.463622
944 14.3568 5.85011 -0.722347
945 4.27928 10.9817 -1.80408
946 13.9018 17.4281 -1.39854
947 10.8691 7.416 -3.21336
948 22.1621 4.71577 -2.44661
949 7.03557 11.1335 -0.287325
950 11.66 31.3372 -2.6975
951 12.4773 5.70602 0.0320831
952 12.0579 21.9519 0.900869
953 35.583 24.6541 1.09443
954 10.7057 30.6321 -1.97112
955 7.75655 0.54523 0.912416
956 21.7932 16.4838 3.07321
957 36.928 17.0473 3.75771
958 1.22056 7.37397 1.92199
959 37.6612 17.6869 -3.85596
960 13.9817 28.4779 -1.83941
961 1.78202 29.5273 0.261169
962 11.9045 29.3523 -1.3507
963 10.7916 37.6776 -2.0387
964 1.71087 11.7914 2.68933
965 38.9593 30.5231 -2.23754
966 12.1471 13.3671 2.59758
967 16.6089 37.264 -0.808592
968 38.6659 16.5163 3.25374
969 18.4139 5.66292 -3.48106
970 16.3356 38.5066 -1.34118
971 14.9104 21.5176 -2.49368
972 16.3674 21.1868 2.90002
973 38.85 17.7196 -3.35605
974 0.0248606 28.6825 3.45196
975 11.7478 22.4526 -1.63496
976 6.90732 14.4933 -0.207112
977 4.43163 3.49584 -0.0839062
978 9.70933 37.4408 2.25626
979 8.23501 1.3767 -2.32736
980 33.6518 7.4763 0.482641
981 6.00465 22.2203 0.183413
982 1.81115 37.9311 3.33737
983 34.7612 21.7561 -1.2319
984 11.8161 30.1033 -0.61827
985 0.516958 27.2647 -2.77948
986 20.9089 23.4904 1.91157
987 10.6722 9.56494 -3.51559
988 11.6256 18.4113 1.35092
989 22.8261 32.0426 -0.786265
990 21.1912 24.1844 1.77132
991 13.4851 18.3922 -0.469813
992 10.3931 2.45925 -1.38833
993 16.7932 7.39651 -0.419305
994 22.5992 20.9531 -2.27978
995 18.7539 7.74715 -1.52368
996 39.0396 19.9446 -2.48149
997 5.69256 17.259 -3.90688
998 37.7691 32.4333 -2.43779
999 37.498 6.65326 1.7765
