1000
Particles
0 4.25646 34.1473 -2.37858
1 28.3669 29.4255 -1.69794
2 14.5011 6.56751 2.02776
3 10.6378 3.11838 -2.6242
4 22.1553 23.7512 4.26715
5 14.3361 16.9858 1.26191
6 31.4239 2.30664 -2.91098
7 34.6183 18.4072 0.179866
8 6.93235 17.1417 1.20501
9 3.17739 24.3327 -1.44757
10 24.4953 3.49407 3.63413
11 12.6463 28.6966 -1.03949
12 31.8831 33.5751 0.482516
13 17.5815 1.57227 -0.127812
14 18.0739 28.8068 -1.16143
15 16.4682 29.4891 -1.64796
16 27.6311 29.8035 -3.84978
17 38.4936 22.8356 -0.0804601
18 33.9578 15.0716 2.73118
19 14.5576 27.008 -2.61104
20 0.984851 10.9895 -0.171202
21 39.6704 2.28564 -0.771836
22 7.1297 6.11607 2.13365
23 36.9125 23.8114 0.0994521
24 33.3774 6.08346 -2.82219
25 1.08214 28.4756 -0.968641
26 24.0363 31.0185 -2.85014
27 14.3597 7.85985 1.23958
28 13.5298 35.925 0.092031
29 30.0471 3.57495 0.421684
30 13.5859 16.3266 0.481495
31 11.6666 11.9782 0.361392
32 29.9148 0.0908269 1.32759
33 8.7294 33.2912 -1.93014
34 24.5805 27.8467 -1.36177
35 24.2495 20.1722 -2.73732
36 19.7286 3.45817 -1.25339
37 32.39 30.6409 3.12626
38 31.5688 1.26946 -1.93292
39 33.2844 22.738 -0.135357
40 39.1796 37.4066 -2.57741
41 13.3693 8.98745 1.80217
42 36.8018 17.4548 -2.77154
43 21.4558 24.2007 3.52059
44 18.7015 24.4451 -3.1874
45 0.292832 21.4447 -1.12389
46 37.0658 8.99739 0.839596
47 28.5905 15.554 -1.51219
48 5.51487 0.414817 -1.29758
49 6.8846 33.027 -0.606347
50 6.02011 30.9546 3.50267
51 27.8876 4.02955 1.55754
52 33.4949 8.96724 -0.463171
53 15.5284 3.84964 -2.88868
54 20.9855 11.0238 -0.620746
55 8.04279 10.8182 0.014239
56 12.8464 14.752 -0.687903
57 10.4973 34.8831 -0.613276
58 32.027 29.0327 -0.31837
59 5.67238 36.002 0.114299
60 6.41907 22.1778 -2.27817
61 25.0327 34.0858 -3.37809
62 39.7213 4.78383 1.70937
63 14.7791 13.6974 0.313692
64 30.9361 29.6589 2.58763
65 12.3401 0.39001 -1.68159
66 3.28983 18.2052 0.174585
67 23.3784 22.6046 1.21202
68 38.2314 7.11051 2.78115
69 11.752 39.416 3.86789
70 11.4319 4.30153 0.134782
71 19.4504 16.5478 -0.413348
72 4.88474 13.8594 -0.312938
73 23.4418 28.8201 1.7134
74 10.4029 3.70452 -2.0803
75 27.9029 31.1509 -2.03114
76 30.2269 1.4688 1.41457
77 8.80715 28.0268 0.827188
78 0.971794 29.3459 -2.93539
79 4.42688 39.2193 -1.12399
80 36.3676 15.2736 -0.715035
81 14.1795 37.5245 -0.367582
82 15.2926 14.3892 -0.354228
83 12.3218 28.6225 1.95051
84 24.4039 8.56044 -1.9767
85 0.97717 18.1057 0.997885
86 20.1276 12.7943 -2.59884
87 27.5418 35.493 0.573461
88 10.6414 0.993528 -1.69645
89 9.31071 4.00942 0.713879
90 38.0403 31.1816 -3.03805
91 25.9546 15.0819 3.83192
92 18.0852 27.8988 4.39841
93 12.385 0.187456 -0.0507298
94 14.1989 26.2514 -2.19584
95 17.1002 3.18957 -2.41397
96 9.70592 1.037 -2.24909
97 21.844 38.1985 -3.07315
98 3.38339 19.8851 -2.89161
99 12.1431 4.61279 1.51547
100 35.7716 21.3105 -0.461349
101 18.0214 22.5772 -0.421612
102 24.8074 36.2912 0.480744
103 20.7554 38.646 -0.587888
104 18.6908 9.2235 -3.45455
105 13.4346 0.0452947 -3.07862
106 33.5604 24.1224 -1.21863
107 19.4246 22.4996 3.92868
108 0.23948 23.2116 -1.30438
109 38.3545 30.9023 -0.608687
110 39.1927 33.3753 -2.41681
111 33.9513 30.7425 -1.74238
112 34.7034 2.88499 -0.998049
113 36.389 35.1175 -2.0663
114 32.1768 23.2276 -0.373801
115 26.1171 16.0001 3.7034
116 19.7746 31.2237 3.43921
117 33.3565 30.7566 1.07144
118 19.2044 6.93996 -1.46769
119 32.6373 10.5783 1.0071
120 28.7384 33.0226 -0.185329
121 16.8248 16.6332 -0.88742
122 28.9677 26.6919 -2.06421
123 11.4857 27.6488 -0.881029
124 14.1335 2.53442 -0.342588
125 21.387 5.46028 -0.83183
126 31.188 37.0686 1.59976
127 32.1753 4.11123 0.727128
128 26.2921 6.33965 1.48418
129 1.84045 15.0138 2.90448
130 24.0712 13.1117 -0.818931
131 18.2869 27.6545 2.46321
132 16.1469 37.6906 2.52226
133 0.191639 2.3507 0.791862
134 10.0977 33.7538 -4.47785
135 19.9754 3.83052 -0.165156
136 29.909 0.734819 -0.568028
137 24.3904 22.7121 -1.84999
138 3.99849 14.3126 -0.145617
139 14.2251 36.2402 0.0784758
140 29.9325 1.71565 -0.828886
141 28.2715 0.280257 -0.0353695
142 20.2516 17.0947 1.07534
143 21.7981 19.8314 -4.19818
144 0.0522513 31.2778 2.20764
145 22.5793 28.0234 -1.3865
146 34.8351 14.8164 0.553713
147 36.9178 31.9742 -2.17097
148 29.9705 8.48723 1.68264
149 13.3742 15.0441 -0.844609
150 11.4935 26.5594 0.874217
151 29.2435 0.794151 0.626138
152 17.3645 11.0229 1.01433
153 16.3484 10.2826 -1.71895
154 26.946 38.6267 0.856647
155 38.882 23.6303 1.21334
156 0.343516 23.8731 1.15619
157 20.2141 3.36322 0.596966
158 14.0098 4.29719 0.518531
159 28.7848 31.2933 -1.24995
160 8.27848 21.3783 0.480121
161 11.7778 23.3195 -1.40287
162 23.5939 21.7304 1.81755
163 13.5603 13.2329 -0.538552
164 19.8273 9.489 -2.25449
165 32.5124 2.98091 -1.2943
166 35.8126 2.61092 -2.40663
167 5.44911 37.0708 4.05408
168 34.1915 29.1643 2.69342
169 3.80475 3.66536 -0.261539
170 32.956 36.4894 3.36381
171 22.4005 31.0615 0.677349
172 12.1125 19.8105 0.3898
173 34.6431 28.9737 1.01052
174 20.6381 10.2623 -0.983063
175 2.28291 12.6953 0.929355
176 24.2951 20.3879 -2.8432
177 11.7029 4.32431 -1.22171
178 33.0595 27.0688 1.26452
179 20.2133 12.7097 -1.15263
180 18.5786 7.80018 1.10321
181 14.1585 26.1706 -2.66174
182 14.8129 25.9024 -1.59177
183 38.2932 20.8627 -2.29666
184 2.74413 0.905411 -0.0908443
185 10.3149 10.4972 0.496514
186 22.1502 37.098 -0.316143
187 35.2216 7.3679 -3.84626
188 13.9439 9.40236 0.101755
189 9.76788 20.5373 1.37562
190 24.4274 19.4957 -0.470824
191 16.6853 25.591 1.17247
192 3.30424 0.103616 -2.46954
193 18.8598 26.4927 1.44352
194 20.5139 22.7274 1.91916
195 5.54486 17.6426 4.34722
196 34.398 1.35483 -0.763726
197 9.38719 35.9194 -0.591546
198 30.0115 20.037 -0.0304996
199 19.1919 12.07 2.04146
200 35.8648 36.1735 -2.79489
201 3.42386 13.0122 -0.271005
202 10.1821 15.4285 -0.353481
203 20.7479 17.7932 0.0496112
204 31.7268 24.1725 -3.07094
205 7.76506 30.023 -1.24643
206 7.51076 4.30451 -0.940454
207 31.9002 1.52344 -3.12107
208 35.9479 21.1935 0.291311
209 5.82311 1.50643 -0.80087
210 22.2208 20.6756 0.480287
211 34.0315 21.2558 -0.655712
212 30.4302 33.2215 2.32657
213 38.2321 0.778235 -3.8978
214 27.9197 25.2835 1.16085
215 4.42827 14.3433 -0.629001
216 30.6859 29.4348 1.6976
217 11.9964 7.68947 -0.43529
218 7.08537 14.4427 3.66493
219 26.6468 37.2363 0.92534
220 13.8506 4.56135 1.53468
221 19.5601 22.9051 -1.69564
222 39.8254 30.362 -3.00266
223 15.477 24.0732 -3.81514
224 5.26064 28.9143 1.43168
225 0.329525 7.29822 3.91305
226 26.6099 13.1262 0.47697
227 10.3216 7.46565 -0.931578
228 14.1451 2.79168 -1.46356
229 3.97688 26.6649 0.366574
230 35.849 38.3586 3.2013
231 16.1291 27.8036 -1.83366
232 37.1208 32.5205 0.611135
233 35.0105 2.546 -1.80452
234 39.1774 10.0635 1.50284
235 3.05092 9.61034 -0.707351
236 18.472 8.22345 -2.33774
237 15.365 26.2242 1.6377
238 13.7928 12.4789 2.01072
239 34.3429 9.3935 -1.22438
240 16.0354 16.1459 -0.816257
241 37.9728 26.5045 -3.93786
242 30.2212 2.22575 0.644059
243 30.9552 33.2429 2.08572
244 5.95992 4.46357 -0.45181
245 16.1224 28.9238 -0.784937
246 26.1321 6.88945 1.61014
247 4.11505 3.7392 -1.16652
248 8.996 27.9561 1.10745
249 6.90187 2.30473 2.02767
250 26.5802 6.12168 0.412906
251 28.8187 3.55718 -1.11361
252 29.6204 15.3503 -2.3658
253 33.7336 15.4916 1.88462
254 10.2821 39.0807 3.84751
255 26.8485 22.4927 -1.2986
256 3.49205 1.25835 0.763791
257 26.4133 17.6333 3.42032
258 29.8882 2.34293 -1.49509
259 37.3562 19.3437 -0.862624
260 38.8722 3.08404 -1.2228
261 32.2712 22.4532 2.01762
262 29.906 38.0282 -1.9576
263 3.52305 33.4519 -1.63505
264 11.9029 19.8727 2.63485
265 3.9091 27.6056 3.36073
266 3.73808 14.0225 -0.352554
267 9.35605 15.5254 1.15866
268 18.9686 19.5008 -1.74595
269 0.185583 33.4548 -0.763273
270 33.8461 15.231 1.24768
271 0.325419 14.8271 0.751148
272 21.7511 20.1763 -1.35691
273 36.7385 31.7524 -1.95732
274 10.6243 39.3076 1.22049
275 10.5138 30.5163 3.03238
276 31.8726 21.278 1.32396
277 0.343341 21.3456 -1.15306
278 4.91674 13.9098 -0.121532
279 13.9904 27.8714 -3.87482
280 6.45077 31.1481 3.43986
281 23.4522 26.4065 -0.11303
282 10.1057 19.8537 -0.514229
283 28.0205 4.88382 4.58608
284 34.2236 16.2783 -2.13641
285 6.33976 32.0252 -2.16003
286 39.559 7.14665 1.82254
287 12.4346 15.2934 -2.76832
288 1.71866 1.58791 2.12562
289 10.8955 34.761 0.0810638
290 30.4122 25.2147 -0.52279
291 16.7381 2.01925 0.712178
292 28.2744 19.3568 3.21813
293 18.0582 9.82578 -2.6274
294 30.6042 29.5685 0.890356
295 15.4578 15.3747 -0.367734
296 23.7058 27.7886 -3.69681
297 0.266768 31.2279 2.07626
298 23.0602 3.01776 1.43275
299 16.6092 26.3618 2.54787
300 16.2143 15.1909 1.33798
301 20.8845 26.9773 -0.320686
302 23.8263 1.93832 1.89729
303 1.91486 15.7804 -0.831662
304 12.1655 31.8951 -2.04089
305 2.84793 21.3046 0.462449
306 22.6801 19.9758 1.99387
307 12.6896 19.987 1.6232
308 8.0507 29.0431 1.25942
309 23.0376 0.0983135 -0.129779
310 16.4189 18.2151 1.61858
311 20.2344 26.2613 -1.16658
312 37.9518 24.8447 0.370589
313 27.4472 7.06157 -3.54963
314 20.8101 37.9467 0.384064
315 4.07994 36.3497 3.18158
316 29.3386 39.2857 1.75764
317 17.3984 27.6385 1.4113
318 27.4301 30.4295 -0.697774
319 6.43465 5.07579 2.72479
320 12.6839 18.1761 0.203463
321 27.262 10.6705 -0.358576
322 3.14571 0.103684 -0.868979
323 1.14778 34.2945 0.0836069
324 28.7858 15.4838 -4.39822
325 12.1426 29.9853 -2.89253
326 16.0499 6.39872 0.941709
327 13.4648 34.1065 1.93889
328 13.6228 31.9092 0.88335
329 13.7185 16.2135 -1.08423
330 2.94641 10.3886 -0.283227
331 21.6851 6.93101 -2.49055
332 35.8599 2.48015 -1.42245
333 31.9746 29.6003 0.541813
334 14.3411 7.92978 3.76649
335 2.02518 34.2408 -2.51815
336 22.6232 10.0458 -2.90263
337 8.03717 22.0618 3.02374
338 26.3236 25.9003 -4.067
339 3.5476 33.2269 -2.1554
340 18.0356 11.9323 -1.24739
341 31.5992 29.5352 2.72986
342 17.0601 11.5393 -1.7214
343 7.72809 16.6334 0.462674
344 13.5406 3.22461 0.633194
345 0.234205 33.5153 -4.31129
346 18.8907 11.6555 3.53861
347 7.50514 38.4757 -2.07124
348 11.1598 16.1295 1.70169
349 20.9635 24.6187 3.49404
350 6.8027 14.4717 2.95154
351 37.8705 23.374 -0.320447
352 27.6297 22.9656 -0.391469
353 23.2441 16.7311 -4.04266
354 2.95816 34.0873 -1.81902
355 16.937 19.8725 2.4488
356 1.16971 33.9923 -0.617939
357 7.90592 9.64778 -1.76569
358 15.2044 11.1674 1.07783
359 24.9008 24.2535 -0.0274208
360 30.807 28.7104 0.493887
361 29.8104 32.1201 2.8539
362 30.7317 30.5632 1.90596
363 34.7978 15.8396 -2.50366
364 15.0372 12.886 2.70352
365 38.0394 33.4283 -1.24636
366 9.5561 0.110522 0.915645
367 5.47773 39.8112 -3.86772
368 20.1695 7.54218 0.922193
369 18.7986 8.50272 -3.73353
370 23.2653 34.5173 0.732088
371 38.5842 18.2507 0.416787
372 21.3175 26.3886 1.65201
373 18.549 19.4052 0.969412
374 9.30276 15.5944 2.04282
375 9.18924 9.81866 3.13016
376 38.762 30.0532 -1.66768
377 32.7345 10.5342 1.73893
378 18.0739 6.86929 1.26774
379 2.5409 38.6668 3.80786
380 35.3287 38.8944 0.68692
381 16.0244 0.456921 0.920722
382 3.04837 12.976 -2.34022
383 17.5141 27.5923 1.74368
384 28.4486 6.12396 -4.4521
385 17.9827 27.2541 3.05146
386 27.711 9.32537 -1.88829
387 1.34725 2.7828 -1.41651
388 35.3449 31.9767 -1.7616
389 17.952 35.9678 0.578139
390 30.8058 7.45431 4.84562
391 10.0506 11.9741 0.289271
392 26.4795 16.0383 3.63996
393 20.4117 37.3946 0.833143
394 29.6455 12.4554 2.13511
395 0.387513 14.878 0.935016
396 16.9271 39.7678 2.03574
397 5.38764 17.4746 4.22536
398 28.522 31.5749 -1.89445
399 29.6497 13.9955 0.140217
400 5.11182 1.98003 -0.818128
401 28.6226 28.8221 0.507269
402 0.716271 11.2313 0.504186
403 10.936 29.4315 0.605389
404 21.7049 30.5089 -2.83832
405 5.00144 24.4784 0.673431
406 17.1674 10.7682 -0.668442
407 2.2701 12.1686 -1.36113
408 12.1567 4.51478 -1.33008
409 30.0461 9.29129 2.02261
410 17.2175 24.2941 1.49236
411 16.7752 36.5279 -2.35739
412 3.85018 3.48967 -1.67635
413 4.47352 21.9331 -2.68027
414 11.1076 4.69654 0.667056
415 10.8183 26.5599 4.10719
416 4.76937 33.9042 -0.123797
417 3.29058 2.72679 -1.76034
418 24.3714 20.7033 -2.73213
419 27.3009 10.1472 -0.211812
420 26.5786 0.33322 -2.08812
421 8.40138 13.2918 0.697525
422 10.0382 14.7687 -0.870735
423 0.214757 10.9997 -0.49828
424 23.7418 17.5773 -1.40661
425 21.6425 3.22895 -1.13967
426 11.1183 17.2982 -0.197884
427 18.8889 27.3497 2.00918
428 9.80337 4.05791 0.805898
429 38.1127 4.21287 -3.29539
430 11.6307 16.3741 -3.17367
431 5.60094 9.70676 2.93434
432 14.164 30.3899 3.72428
433 24.4678 20.8902 -0.900112
434 13.1426 20.4991 -0.956921
435 39.9614 30.03 -2.38181
436 36.1793 32.0098 -2.81543
437 7.62125 4.02508 3.22614
438 0.363786 1.06949 -2.22335
439 36.3367 20.7129 -1.08435
440 19.0027 9.04392 -4.6117
441 20.4557 35.7211 3.86038
442 17.466 11.7362 1.43267
443 17.5546 28.2894 2.34063
444 12.9044 23.4885 -1.24151
445 13.243 18.5727 2.41226
446 20.8521 6.74185 -3.60752
447 12.3753 8.91896 3.0474
448 31.5127 22.7405 -2.07494
449 14.9983 16.4364 -0.909748
450 8.05236 20.2763 2.14785
451 33.6538 16.1979 0.635472
452 10.401 7.55608 -0.651896
453 5.58482 15.9208 -4.11366
454 36.7745 12.028 2.15751
455 25.9416 39.6224 -3.11162
456 13.7221 14.7096 2.11161
457 26.5586 13.0641 -0.937903
458 21.1649 18.5065 3.57452
459 19.5531 38.8252 0.645452
460 8.25576 0.103385 -1.31095
461 11.048 4.30608 1.38826
462 22.2892 21.3285 0.640968
463 4.88125 33.9411 -1.15282
464 27.4921 35.8626 0.517077
465 32.693 10.3124 1.21051
466 32.8499 24.1162 -0.237928
467 8.24871 31.8067 1.32967
468 11.4442 31.3619 -1.55613
469 25.1206 33.2465 -3.8141
470 12.3618 15.8502 -1.21517
471 29.7303 30.5991 1.65796
472 16.946 1.53424 -1.37191
473 16.8101 39.9487 1.18159
474 6.6316 39.8858 -0.740833
475 32.688 0.800965 -2.35676
476 13.8796 16.5898 0.177998
477 9.38804 34.2813 0.0902543
478 30.7384 26.7677 0.406636
479 36.4381 32.382 -0.722592
480 35.8176 27.3746 -1.61632
481 32.1569 1.30911 0.013468
482 13.0611 0.54745 1.97639
483 9.29972 34.885 -0.865932
484 25.73 39.5592 -1.64872
485 1.88886 34.7453 -1.99269
486 17.0513 28.1801 -2.01239
487 30.4461 30.7514 3.20869
488 1.09994 9.79381 -0.965002
489 19.3282 9.75218 -4.27394
490 37.65 6.26157 1.72283
491 16.3807 16.2467 0.287551
492 20.7011 36.6187 -4.55261
493 39.9633 29.2149 -2.55383
494 6.27881 15.1849 -2.05969
495 37.5158 9.04329 2.68346
496 24.7418 30.5118 2.09824
497 15.1556 34.4819 -1.35569
498 18.9087 11.9353 3.72329
499 10.4888 17.9696 -0.74214
500 10.4925 8.05518 1.34453
501 33.2646 7.28734 -4.35341
502 5.81866 2.76627 0.39839
503 20.4652 27.5314 -1.95684
504 2.86255 1.33304 -2.98416
505 12.0518 8.20384 -0.473211
506 27.1243 26.2654 2.26254
507 23.3827 10.6471 -1.19421
508 11.724 31.0159 -0.989924
509 18.1482 0.157959 0.436088
510 35.8006 8.35305 -0.584468
511 22.1963 29.4097 -1.53487
512 31.5518 29.2166 1.06062
513 18.4807 23.8982 -4.47241
514 1.89096 33.704 -2.64728
515 14.3052 14.8325 1.65332
516 17.2069 35.8751 -0.250238
517 14.4832 14.408 2.69987
518 38.0263 38.2357 1.93179
519 22.3711 22.8596 1.92971
520 39.9103 6.77306 1.70273
521 37.4364 34.9521 2.78332
522 29.3878 22.0133 -1.71111
523 11.9201 20.3751 2.53982
524 15.9705 22.5727 2.28953
525 12.3635 15.4934 -1.88667
526 16.765 26.1939 2.96382
527 13.5444 4.24489 2.81496
528 18.9518 7.06279 -1.5115
529 34.1062 32.5435 -1.04311
530 29.0449 16.5542 -1.71136
531 28.622 38.8029 3.16857
532 19.8472 39.8069 0.507453
533 1.86942 32.3227 -3.31652
534 8.54052 27.8947 2.85545
535 30.2255 7.39409 -3.26451
536 35.1147 15.0288 0.089437
537 3.97114 25.7578 -1.22565
538 19.3841 39.223 0.263932
539 20.7503 16.1948 0.701472
540 39.0917 16.4566 0.0901498
541 22.0217 26.0526 2.92001
542 34.2649 38.3814 -0.429633
543 6.65023 19.0982 1.47208
544 38.5566 31.2545 -2.4532
545 3.75163 20.93 -3.84023
546 35.1 38.5775 0.108411
547 6.06803 11.4851 3.73333
548 36.0851 38.2668 3.00212
549 39.4965 29.6056 -2.21806
550 38.4136 28.8815 1.64422
551 33.4205 9.08797 2.2304
552 12.1451 1.82577 2.73047
553 11.8988 31.6322 -1.99364
554 12.5019 4.16196 3.58226
555 34.2523 9.43098 1.12867
556 1.49984 12.96 0.58122
557 8.14201 12.1089 -0.0538561
558 28.3118 4.46078 0.240817
559 31.7608 34.7238 1.08452
560 35.0707 22.289 2.63474
561 2.83796 0.167453 -1.5351
562 10.8846 22.5213 -1.31365
563 6.34198 10.8203 -4.0939
564 9.34704 23.4973 3.41891
565 4.70073 19.9825 -1.02346
566 19.988 37.6302 -1.5408
567 28.9826 19.0175 0.328679
568 1.77304 4.82215 0.924362
569 30.3416 30.2904 1.98427
570 6.72561 28.3981 1.08382
571 16.0477 10.0202 0.0728248
572 26.7441 26.5976 -4.28103
573 20.9096 31.9583 0.972441
574 8.15658 22.2043 0.163226
575 10.3377 15.9348 2.66284
576 4.81934 3.01573 -0.750368
577 20.8348 34.0519 1.73995
578 12.8477 33.5304 -0.0498452
579 13.7998 14.3101 0.595468
580 7.71195 26.7455 3.35891
581 5.49347 25.1119 -0.998089
582 16.0121 23.4297 -1.57639
583 18.7401 28.1341 1.86303
584 4.34623 14.0026 0.926996
585 2.5274 23.1976 -3.31649
586 23.8936 19.6787 -1.76551
587 29.9401 38.6365 3.52048
588 18.7186 37.0794 1.51998
589 20.8345 11.0832 -1.77903
590 0.280221 4.89512 0.608702
591 13.5795 26.5699 -0.778525
592 22.5785 26.7751 0.529212
593 7.87555 19.7591 3.68182
594 4.75257 6.10441 1.36272
595 29.6934 28.8894 3.0912
596 3.3115 39.6624 -1.96268
597 29.4608 12.1963 1.95985
598 2.94334 12.8261 -1.50801
599 9.83775 0.0313899 1.15964
600 37.142 38.1519 -4.55712
601 20.2619 36.3489 2.15681
602 14.9234 15.6499 -0.917735
603 17.7574 7.45375 0.312556
604 32.1859 32.1383 3.64104
605 18.5517 23.514 -1.51406
606 39.3964 30.1814 -0.419702
607 0.307595 11.3747 1.81389
608 5.90547 3.4503 -1.52779
609 26.6767 10.4784 -3.57899
610 31.9799 30.4836 4.66519
611 36.7178 25.8808 2.0126
612 16.9012 8.82128 -2.24463
613 16.9982 9.75617 -0.762285
614 36.0014 36.8841 -2.46795
615 32.7209 5.71218 2.50591
616 33.4791 17.1702 -2.12713
617 22.6411 27.8316 -1.8387
618 3.12764 2.6138 -1.50614
619 22.4087 28.7031 0.942467
620 38.3114 3.39984 0.493473
621 26.3211 20.0294 1.85125
622 29.473 5.39272 3.4621
623 19.139 19.6035 -2.75979
624 39.0738 7.29057 2.52186
625 12.2004 7.58997 0.318645
626 2.90789 1.66809 -3.63532
627 7.02937 37.8323 0.370034
628 18.9756 7.5032 -0.70184
629 25.6501 6.81353 1.47956
630 0.0631522 4.26643 2.37544
631 29.8079 1.2709 -0.589564
632 35.3802 32.1336 -3.68116
633 4.54459 20.6704 3.52465
634 37.9267 10.071 1.52553
635 29.2212 24.5043 2.61338
636 19.2854 11.4002 3.89166
637 6.443 32.5607 -1.09165
638 31.7481 30.0599 0.649161
639 27.5281 24.6064 2.84257
640 6.19992 17.3359 1.27982
641 35.4484 9.99253 0.946153
642 12.7304 31.2556 2.91676
643 27.4148 36.7449 -2.42775
644 11.8786 0.968683 -0.522939
645 7.19477 5.87046 -0.116525
646 14.883 3.90114 -1.21788
647 11.5325 4.22663 -0.30149
648 28.1381 31.1468 -0.343402
649 14.1652 11.7926 0.614794
650 27.92 21.0883 1.09809
651 28.5355 19.033 -0.0568726
652 6.12062 30.5091 1.65797
653 5.36292 0.0629429 -2.44862
654 24.2702 16.0928 -0.485342
655 30.041 31.8508 1.58
656 13.9852 8.9194 1.06155
657 30.4327 12.1423 -1.17842
658 7.843 24.5176 2.56374
659 1.04217 2.72651 -2.79824
660 24.8715 19.1528 -2.97809
661 3.83469 14.406 -0.500733
662 38.3905 39.6142 -2.08231
663 2.77122 18.9172 0.047605
664 34.6372 18.2232 -2.80341
665 36.6864 33.7684 -0.2748
666 27.389 39.2608 -2.85472
667 31.2223 31.0163 4.07888
668 10.1323 32.7967 1.69921
669 9.26679 31.0669 1.17664
670 33.8628 30.6011 -1.78716
671 37.0938 39.0954 1.24469
672 13.0602 36.783 2.40622
673 2.80145 9.99947 -0.486811
674 3.7114 18.9055 0.732268
675 30.1775 12.3124 -0.50026
676 0.343935 4.3638 2.73232
677 9.61152 19.758 1.47983
678 25.1969 2.23212 -2.51318
679 20.0574 23.8859 -2.577
680 26.2672 37.1921 1.57256
681 15.4645 35.297 -0.900777
682 38.5589 39.3716 -3.96588
683 19.3857 27.1768 -3.39416
684 5.9411 25.5843 -2.39933
685 24.5403 22.3125 -2.4534
686 39.9577 35.0906 -3.19251
687 21.9134 20.1012 1.34776
688 26.0822 9.69986 -2.58275
689 8.43632 4.97456 2.90205
690 7.16765 2.91172 0.676189
691 16.7604 33.6556 1.52573
692 27.2453 17.5084 1.38015
693 0.095768 22.6394 -0.143949
694 32.0175 15.1797 3.18385
695 12.2292 28.8209 -0.794108
696 17.3744 24.9657 1.11711
697 25.4503 2.374 -2.34524
698 1.71673 10.3211 -1.55412
699 38.9213 28.5558 1.6418
700 8.7015 0.67454 -3.78167
701 12.7864 3.34563 0.0655534
702 7.57901 38.3864 -2.67308
703 2.71705 11.1772 0.164504
704 30.1705 0.396398 2.98746
705 4.43553 23.1773 -2.8099
706 35.2297 32.9149 -3.22742
707 21.0964 38.57 -2.45159
708 39.4866 22.7029 -1.5668
709 29.2839 14.9569 -4.15541
710 12.6282 2.67702 -0.764655
711 36.6096 32.1278 -2.21091
712 30.8309 24.9226 -0.302528
713 38.5139 19.1035 0.929421
714 29.9117 39.4658 3.16188
715 38.0066 30.1759 -3.428
716 14.7778 32.4424 -3.81246
717 17.85 29.6936 0.00503107
718 3.75329 29.0774 -2.25865
719 10.2411 28.7647 -2.43881
720 17.8435 17.7724 -0.889523
721 20.0122 35.1668 -3.65806
722 3.39117 2.08898 -0.869841
723 7.61712 37.638 -1.4947
724 22.3716 1.29562 2.53158
725 28.1084 31.125 -2.02077
726 1.02975 29.7479 4.03134
727 13.0117 20.9613 -0.981291
728 1.18505 33.1857 -1.65404
729 16.1888 2.94607 1.26072
730 22.1399 7.95048 -1.55924
731 38.9206 17.6247 1.94887
732 22.5307 39.6527 0.479171
733 26.4165 28.177 -1.93638
734 38.4001 10.3543 2.81084
735 13.826 32.4136 0.869307
736 26.6156 24.715 -2.53577
737 1.63296 33.7267 -1.12829
738 19.7841 11.3662 0.632629
739 10.4445 20.3457 0.898559
740 31.7723 21.5711 2.57529
741 0.654908 21.9712 -1.13889
742 18.1365 20.4534 -4.17415
743 24.3802 20.1694 -0.318185
744 30.7476 22.1058 1.19905
745 19.5212 37.4445 1.38695
746 16.9314 9.9296 -1.94492
747 16.1384 28.1122 -2.79443
748 15.5997 32.6538 -0.594254
749 11.5151 3.31287 -0.269387
750 6.3387 31.9585 -0.0598442
751 0.779387 31.0705 2.69598
752 8.39672 19.6063 2.89896
753 21.6658 20.7008 0.284193
754 27.7498 25.4124 -0.215458
755 35.2835 5.5246 4.10396
756 10.5801 11.6732 1.04738
757 2.21345 33.6247 -0.249443
758 39.7507 15.8595 2.51072
759 8.1295 26.8127 4.42283
760 38.7513 28.6186 0.474461
761 5.60249 15.049 -1.34843
762 17.5668 25.2592 0.524854
763 7.59401 0.255281 -0.881779
764 13.8341 15.9233 1.50257
765 37.5045 21.2486 0.316929
766 11.7231 12.5938 1.16339
767 35.4584 11.957 1.47078
768 8.29095 20.2802 1.15695
769 11.1333 30.9518 -1.19861
770 5.83579 26.5892 2.91395
771 11.5185 18.7437 -0.522984
772 12.0185 29.8371 -2.08722
773 35.3534 29.7882 0.357712
774 1.34122 31.2483 0.630366
775 16.4816 8.01178 -1.68756
776 8.50643 10.5159 0.263222
777 34.5595 25.163 -2.46496
778 32.9621 29.9036 -0.32504
779 18.7847 4.5116 -0.914936
780 38.5206 6.38663 2.01326
781 15.317 34.2362 -0.765222
782 8.67979 7.71767 2.40436
783 14.2952 14.5759 1.18715
784 32.3058 39.9166 -1.05178
785 19.1776 9.76076 -2.98427
786 9.46507 16.2328 -0.243415
787 38.7899 6.69471 0.439102
788 3.55486 29.4173 -1.21612
789 0.779 3.1198 -1.62778
790 8.54147 25.4558 -3.58785
791 6.15672 22.1585 -2.32903
792 10.1313 19.9496 0.984799
793 17.4195 37.342 4.2184
794 21.9924 24.4998 3.23033
795 1.61013 0.960175 3.2324
796 12.7816 15.1339 -0.849462
797 0.100012 31.6798 2.00127
798 33.8085 9.99293 1.29973
799 32.1997 2.67061 -0.453199
800 37.5574 12.5739 2.21668
801 18.0104 24.0558 4.19026
802 34.9386 25.2507 -0.256925
803 11.7687 2.56062 -2.14684
804 0.548981 21.1591 -2.46741
805 0.397386 25.2493 -2.14152
806 6.52903 30.1996 1.98507
807 29.0568 18.9044 0.201138
808 16.9307 32.1283 2.92037
809 27.5698 26.5028 -1.27005
810 17.5734 28.2107 -1.71037
811 37.1138 23.1007 -3.02603
812 8.36538 4.89586 4.20148
813 7.98737 9.33614 -2.99188
814 30.3086 39.5301 2.0722
815 23.6092 19.2285 -2.43373
816 16.6446 39.8599 1.1763
817 16.1153 34.3336 1.99792
818 3.11385 1.05978 -2.03904
819 29.8586 6.82797 -3.94887
820 11.4637 39.1379 3.55831
821 12.9456 6.60469 -2.9837
822 5.96521 37.9557 -1.92332
823 20.634 3.54178 0.338554
824 28.6471 14.2283 2.22575
825 38.6178 0.974452 -4.78995
826 3.36847 14.459 0.453647
827 34.983 9.40217 0.818758
828 13.8542 16.6781 -0.0777769
829 13.8843 32.9992 -0.886371
830 10.4402 14.6184 1.05091
831 24.594 35.3198 0.968861
832 31.5668 2.03116 -2.36795
833 14.2251 14.3052 2.29275
834 16.6483 8.81943 0.328671
835 3.76389 33.7751 -1.01822
836 17.2861 29.4895 -1.35575
837 29.1996 37.7753 -0.0226601
838 17.8443 3.46872 0.307543
839 12.6534 13.7529 2.86967
840 26.0198 18.4449 3.95523
841 25.3926 34.9913 0.865994
842 21.5859 34.5071 1.48406
843 21.222 3.3922 -1.91728
844 4.35595 24.3418 0.524957
845 6.96644 31.4975 -1.40286
846 5.47936 16.463 -4.52146
847 1.08646 24.7995 -2.10916
848 23.8011 25.2835 3.12453
849 21.6095 19.0517 3.26922
850 36.4387 33.855 0.0963997
851 8.21885 0.825963 -2.32783
852 32.1774 24.2426 -0.855339
853 18.1607 18.3824 -0.543196
854 6.8491 39.3134 -2.90553
855 14.1319 34.4626 -2.69622
856 12.8284 31.6535 -0.0534684
857 11.5929 32.4798 -1.49083
858 31.4658 30.3408 4.46113
859 10.3256 34.2098 0.610738
860 1.28537 18.7237 2.13794
861 4.4 14.7638 -1.22019
862 4.23187 24.6759 -0.806426
863 17.0199 10.4753 0.973301
864 11.1975 7.27648 -2.49615
865 18.307 28.0973 4.0126
866 29.2784 0.281653 3.22308
867 30.0056 23.6625 1.57728
868 33.5877 30.4974 -2.20271
869 0.771257 18.2717 0.526125
870 39.53 3.51615 0.941449
871 19.7012 19.8723 -1.6245
872 37.0218 16.1923 -2.28012
873 7.65762 19.0801 3.31898
874 21.3914 12.2621 -3.60171
875 31.0732 2.52791 0.126906
876 18.9088 25.0446 2.11948
877 39.9182 13.753 1.90029
878 37.6443 3.06883 -0.352882
879 8.58838 35.6526 -1.19872
880 32.8498 23.6601 -3.62382
881 12.2748 23.0324 -1.76113
882 28.3018 4.90614 2.32923
883 37.7659 28.09 0.100405
884 36.0469 15.4127 1.23588
885 16.2171 9.46236 -2.0209
886 19.3479 19.4878 0.530697
887 3.18859 21.7637 -1.21384
888 32.9661 30.4268 0.297604
889 37.9717 5.81015 1.95305
890 13.4498 9.56381 1.58715
891 21.3757 23.896 3.58582
892 26.9847 12.5472 -1.06064
893 32.0493 23.433 -0.989574
894 21.4656 27.8293 0.148883
895 34.0385 8.74433 -0.0526561
896 14.2587 38.1884 1.25174
897 4.0626 12.6733 -1.82868
898 24.681 19.5044 -2.86877
899 8.75662 24.6959 2.11958
900 10.8575 0.191782 0.776546
901 0.577482 2.21385 -0.918278
902 5.52208 29.1311 1.90271
903 16.9793 34.4409 -2.37519
904 17.2939 38.7122 0.152584
905 36.0478 35.0158 -0.40957
906 20.5591 13.2841 -2.12323
907 11.741 26.4598 3.19399
908 30.614 39.5984 2.46881
909 10.3516 0.183294 -1.65155
910 2.73663 25.0668 -2.49822
911 37.4858 2.85411 -0.4843
912 26.6292 18.5321 1.1971
913 32.049 33.9902 -1.3256
914 37.3532 23.2434 -1.38787
915 37.9279 0.453414 -2.19322
916 39.1413 18.3467 2.28219
917 15.9656 25.7068 2.75941
918 34.5817 6.32405 1.45947
919 24.0037 30.4593 -4.56278
920 0.312855 22.0805 -2.00088
921 34.4271 18.3863 0.201206
922 26.642 18.9907 1.85976
923 5.04811 25.356 -2.34062
924 33.2669 26.0626 1.01067
925 16.0471 14.6745 -1.36408
926 16.8271 9.85266 1.24623
927 39.2915 30.2917 -2.25509
928 32.7909 0.52713 -0.847832
929 13.1194 28.3007 1.82043
930 8.44454 3.22035 1.00631
931 9.53636 23.2982 1.12275
932 31.506 23.025 -0.703098
933 17.8098 0.669403 -0.0225644
934 29.0158 18.3426 -0.064548
935 7.40732 11.5609 -2.3453
936 15.3785 17.4362 -1.22907
937 21.8266 5.01629 -1.60593
938 16.7932 18.3675 2.25824
939 9.59693 3.80812 1.44163
940 12.8561 25.6041 -2.65835
941 33.845 26.1856 -0.347376
942 5.2265 17.2411 -4.03069
943 13.241 4.72462 1.49419
944 8.26498 4.02588 1.6753
945 5.32985 8.86669 3.6134
946 15.1663 18.9962 -1.66501
947 12.6434 9.66275 2.41266
948 19.2768 8.08929 -0.328855
949 8.75015 8.8442 -0.186992
950 5.39552 27.742 1.20943
951 10.2987 4.84253 -1.01846
952 11.862 22.2459 -0.789985
953 36.4595 22.7888 0.476228
954 11.7518 32.3722 -0.754342
955 6.65574 3.24714 1.39362
956 28.6778 15.6665 -3.6645
957 38.6752 18.9587 1.52371
958 5.72837 3.12648 -3.1216
959 37.7959 16.471 -3.24382
960 11.603 29.7427 -2.04676
961 8.23535 27.0643 1.07251
962 12.8466 26.6554 -1.79343
963 9.88575 38.3109 -3.96746
964 1.03533 10.7422 -0.398992
965 0.369715 30.3947 2.87382
966 15.3788 11.7331 1.14505
967 18.242 0.622678 -0.604103
968 36.8885 14.4162 -0.668873
969 17.5045 7.81201 0.306856
970 14.2666 2.33059 -0.88079
971 17.3749 19.1499 1.73973
972 12.7161 17.9425 1.97076
973 3.34229 19.009 2.67462
974 38.4866 25.3861 1.11016
975 6.13062 21.3079 -2.01956
976 6.55199 14.1257 1.84235
977 6.60973 0.236066 -2.29213
978 10.5054 34.6878 -0.0776172
979 10.6785 2.50632 -2.72829
980 30.7209 12.6004 -1.54913
981 4.65335 19.6874 -1.61857
982 3.29319 39.5512 -1.99629
983 33.6471 22.6606 -0.796774
984 9.70067 26.9274 2.00982
985 39.1217 27.6907 -0.106189
986 20.202 22.3118 2.91615
987 11.549 11.3485 -0.391766
988 11.8246 18.3348 -0.696541
989 25.1205 30.2229 3.20957
990 20.3952 18.992 1.91037
991 13.5368 19.9965 -0.494659
992 9.87173 4.55258 0.449045
993 15.2546 11.8008 4.00363
994 22.2333 19.7207 2.36915
995 16.5403 11.0922 -1.61886
996 35.4305 21.5249 -1.76128
997 5.55084 15.814 -1.09481
998 35.8288 33.4744 -0.141123
999 36.3304 5.07183 -3.37938
