1000
Particles
0 35.8424 4.08562 3.91905
1 35.2373 15.9635 -0.847713
2 20.5887 39.0463 2.12306
3 9.69465 35.7933 1.05749
4 12.7513 17.7238 2.09358
5 25.9986 0.294695 3.04546
6 33.4283 2.91225 0.737155
7 34.0007 13.9894 0.537146
8 6.0479 33.1978 2.78607
9 32.7401 24.0294 -0.482096
10 29.643 30.8148 0.84488
11 37.5945 34.765 -1.12568
12 1.23252 26.2234 0.701888
13 1.307 5.85812 2.53361
14 30.2091 20.0433 1.03621
15 25.8081 31.0134 0.991623
16 26.4141 0.719657 3.16899
17 33.4523 10.1285 -1.82561
18 39.4107 15.1342 -3.14742
19 15.5461 19.9854 -2.22842
20 11.0661 15.197 -0.982681
21 38.3433 39.9585 -2.14969
22 38.6273 26.6037 3.88035
23 38.8512 15.8334 -1.04616
24 28.2765 12.1978 -1.21053
25 38.3785 31.9343 -2.47073
26 21.7946 28.4448 -1.24034
27 15.1414 16.2956 -0.133493
28 4.77574 0.248803 0.539903
29 31.6306 4.68004 3.12491
30 6.04868 25.5191 2.1567
31 9.65007 18.2482 1.90336
32 15.2873 15.0675 -1.00036
33 3.26561 35.0552 -0.601426
34 20.5327 13.6646 1.77724
35 20.1215 1.82003 0.645739
36 13.4282 6.12634 -0.0318596
37 0.375291 24.0803 0.785544
38 17.6326 38.2459 2.49101
39 35.0972 15.7297 -0.347164
40 35.8554 34.9937 -2.11511
41 19.1739 11.8258 -0.374291
42 29.8174 22.12 -1.38312
43 23.3733 31.1997 1.22023
44 19.4792 19.3481 0.234236
45 5.14721 25.5323 0.313374
46 0.570302 5.67085 1.73674
47 38.4779 8.42584 2.53481
48 39.8889 30.2425 4.09858
49 11.3797 32.6549 -0.810633
50 37.1303 36.1076 -3.30046
51 14.7734 7.26072 -0.659305
52 32.8801 38.2211 -1.03062
53 16.5537 10.6624 2.55026
54 32.3608 26.5833 -0.190217
55 37.4637 16.6433 -2.39155
56 30.2666 9.23509 -1.16293
57 37.6859 36.3341 -1.79266
58 0.100776 7.43602 -0.454823
59 6.304 33.4516 -1.84775
60 5.55011 24.366 1.22791
61 19.1184 25.3685 -0.889744
62 35.6431 2.95681 -0.284845
63 7.80374 20.7287 1.07521
64 0.72144 21.3061 4.94182
65 16.8832 1.12085 -1.36344
66 6.86748 20.1691 1.11271
67 28.1274 17.3897 2.5532
68 9.55722 2.02003 -3.11462
69 18.8998 5.6152 0.0518768
70 5.36293 34.0725 4.18127
71 5.74016 11.0438 -1.64144
72 7.95557 18.0123 -0.807631
73 19.8309 20.5022 -1.32965
74 11.3553 37.9706 -1.47885
75 2.87022 38.9601 -2.24497
76 18.3411 8.21519 -2.90953
77 20.2586 19.7369 0.950298
78 33.0108 23.6895 0.735364
79 26.4521 37.4722 -0.611332
80 31.6726 4.08812 3.13662
81 9.5988 22.3352 1.17977
82 10.9766 8.1614 3.20255
83 15.8787 19.4021 -0.427356
84 26.1489 13.8222 1.83434
85 39.1962 7.9487 0.988366
86 19.8296 5.8017 -2.75157
87 22.36 1.6625 1.81612
88 3.36683 1.68316 -2.63361
89 7.36576 30.069 1.65639
90 37.519 34.1645 -0.618553
91 20.0877 12.8776 1.20914
92 19.8049 12.9411 3.68501
93 16.4177 10.7211 1.54617
94 8.20694 11.469 4.14095
95 17.0012 2.02822 -1.65538
96 16.1085 30.006 -2.42692
97 24.7406 33.6402 0.554116
98 39.2977 29.6054 2.45186
99 9.86804 29.8386 0.724966
100 25.403 1.06423 2.53079
101 16.281 21.0623 -0.182824
102 26.8867 34.4241 2.19617
103 13.2715 5.33372 -0.801054
104 30.4368 8.17103 3.3701
105 20.2113 29.2773 1.66026
106 0.317174 9.4676 -2.15137
107 16.3096 24.0466 -2.37022
108 21.2603 12.9152 1.35928
109 33.1707 30.7755 1.00485
110 7.15653 34.5304 -3.097
111 11.6608 30.8867 -0.634083
112 32.1732 37.5336 -0.280521
113 36.0829 16.2564 -3.0524
114 8.95115 27.0224 2.28262
115 35.2326 20.0755 2.84103
116 26.6913 26.5771 2.41598
117 22.7321 31.1659 -1.74488
118 17.3024 36.6175 -2.97924
119 37.1464 20.1446 -2.44807
120 0.00160762 32.5038 3.23401
121 20.1833 17.509 -0.79383
122 29.8437 9.51403 -2.42702
123 4.88032 18.3407 1.70027
124 13.9331 5.31721 2.21814
125 22.3346 37.9975 0.457343
126 20.367 20.7983 -1.7064
127 38.5175 39.9146 -1.68379
128 31.0166 10.6046 -0.577971
129 5.40607 8.77626 1.06748
130 30.4185 8.6065 -0.00110878
131 32.6031 27.0451 -0.230759
132 13.8772 36.3853 3.61201
133 26.946 32.9357 -0.690533
134 12.7139 33.7558 2.00888
135 22.7813 2.7529 1.86676
136 29.2658 4.93513 2.10323
137 38.1605 35.8809 -2.46359
138 7.39369 15.5801 -1.31298
139 9.80016 4.79124 -1.04405
140 17.4 33.6365 -3.35508
141 37.91 35.9273 -2.90662
142 24.7245 1.42853 2.79878
143 19.2978 26.6519 -3.46177
144 0.911345 24.8191 -0.645611
145 26.0905 26.0991 4.47448
146 38.6611 3.83906 3.54972
147 36.3026 37.0723 -1.57821
148 37.7131 4.89121 1.16508
149 18.9789 26.2565 -1.28558
150 7.94805 17.1969 1.18835
151 38.728 1.35946 -2.23899
152 16.1922 16.9 -1.69892
153 24.2116 6.56969 2.73792
154 28.647 29.7485 1.81263
155 28.5605 34.996 2.9229
156 37.8124 27.5844 2.28044
157 25.8117 17.7998 -3.5349
158 23.093 33.569 -0.665745
159 17.872 28.5678 -0.730861
160 6.26235 20.0866 -0.833658
161 6.98407 17.4764 2.26011
162 24.7716 37.0372 -1.77258
163 10.2913 5.83601 -1.06357
164 11.4916 39.1801 -0.359717
165 21.3847 4.62332 0.214651
166 37.4814 2.41497 -0.648702
167 11.008 4.02417 4.00092
168 36.105 23.1674 -1.47521
169 1.18713 27.9819 -2.84383
170 39.7122 33.6837 -0.0337302
171 12.6327 35.366 3.6554
172 39.037 21.052 -2.3449
173 13.4482 23.078 3.98235
174 9.207 35.6319 1.77221
175 4.00177 15.8667 -0.477933
176 25.7894 28.2744 2.71155
177 14.2933 7.00923 -3.18132
178 19.9969 16.7116 -0.446205
179 25.1937 2.80808 1.65464
180 13.3729 14.8442 -1.98541
181 36.7169 27.4698 3.59136
182 18.6432 9.9813 -1.80385
183 2.08644 18.8636 2.03961
184 23.1126 34.586 -2.76392
185 10.1456 9.14563 -2.06846
186 35.2568 10.4726 -3.36166
187 5.19476 38.1993 -2.28674
188 22.2524 15.3608 1.19599
189 5.95677 22.936 1.16655
190 26.3378 21.9317 2.90226
191 13.5613 32.2853 -3.681
192 30.2866 9.8477 -0.848794
193 29.374 22.1613 0.143107
194 8.54492 32.9365 -0.562716
195 22.947 18.2566 2.41702
196 26.6542 37.5103 -1.28981
197 14.899 5.50839 -3.01248
198 33.7981 11.5717 -2.01707
199 16.9843 6.22293 -0.617949
200 39.1592 2.39448 -2.50113
201 33.0794 15.0183 -0.921533
202 18.7965 17.8621 -0.128602
203 22.0519 11.9468 -0.871824
204 35.9006 35.8199 -0.252208
205 6.66828 32.5896 1.58844
206 5.44261 2.30474 0.892281
207 1.24908 28.3758 -0.278167
208 31.7864 28.4902 2.05487
209 17.6774 28.0871 0.384422
210 6.82095 22.0757 1.91562
211 34.3094 25.5978 2.77916
212 1.74456 30.1367 2.92793
213 3.04368 5.96188 0.202287
214 39.4596 15.2229 -3.10919
215 39.2072 16.2769 -2.76575
216 31.9122 27.3996 1.58323
217 10.5874 3.98466 2.9548
218 24.2714 20.7529 1.38755
219 19.1837 9.44387 -2.63915
220 15.4853 6.95605 -3.82453
221 26.8817 12.3719 -3.42423
222 34.7889 22.1304 2.02827
223 17.6092 39.9878 2.31142
224 16.9964 33.9602 -3.42766
225 30.1135 9.64458 -1.971
226 6.97701 21.7547 1.52621
227 7.15558 36.6075 0.399049
228 24.2851 7.17202 2.70554
229 36.4741 15.3062 -0.125259
230 29.357 8.61182 -1.38233
231 16.9436 19.5926 -0.6514
232 27.2237 13.4738 1.26089
233 39.3575 7.72076 1.32518
234 5.9037 36.2548 1.36087
235 2.23895 6.97094 -1.42418
236 7.33913 37.2478 1.96854
237 10.3688 25.2893 -0.895137
238 19.042 18.2489 -2.30745
239 37.097 14.5636 1.29039
240 21.609 26.7554 -2.08645
241 14.5447 28.113 -1.18079
242 3.05856 6.10836 2.02244
243 24.4194 2.87576 1.91822
244 38.5864 12.7584 2.40949
245 19.2899 5.22787 -1.806
246 25.7417 12.1187 4.45045
247 36.7287 7.24475 0.325095
248 5.47147 24.3598 -0.54888
249 19.0192 32.0137 0.673373
250 5.73252 1.44674 0.889506
251 32.4146 2.46647 2.15021
252 27.8528 10.4479 -2.48225
253 19.834 12.6036 3.49618
254 39.6752 24.1307 1.46714
255 32.7301 24.1144 -0.554045
256 39.4847 5.66518 2.3227
257 27.8394 13.4648 0.241774
258 30.6001 35.197 -1.98196
259 32.6106 13.8782 1.37414
260 3.64606 6.05269 2.38091
261 38.9588 17.8062 -4.75767
262 31.4477 26.125 2.09864
263 8.33007 5.61218 1.61969
264 5.09367 34.9219 4.29054
265 2.42819 9.63101 -0.967321
266 1.38768 5.92211 1.55311
267 10.088 25.0965 0.921488
268 1.89533 26.7527 -0.237281
269 17.7837 37.5156 1.68027
270 2.0774 9.33804 -3.59531
271 24.6518 10.6152 0.277467
272 19.6526 9.58445 -1.71862
273 37.5788 34.8553 0.154834
274 10.0723 7.5749 -2.01841
275 3.01433 17.7499 3.0714
276 34.022 28.1681 -1.82232
277 8.98099 26.7468 3.32138
278 8.47165 0.649635 3.52727
279 2.88203 17.9259 3.70661
280 37.8958 27.2824 3.89356
281 31.414 16.3306 0.469379
282 16.4306 17.0403 0.601088
283 26.5108 37.3356 -0.387753
284 32.2066 27.3973 3.82268
285 39.0978 34.3339 -2.60882
286 31.3674 4.50357 0.213353
287 9.35221 14.5558 -1.0321
288 7.54799 34.1794 -3.86651
289 14.8136 35.5183 2.71766
290 32.4822 23.6346 0.99048
291 15.687 21.7659 2.35902
292 38.8067 27.7153 2.00482
293 9.77177 2.19824 -2.78687
294 22.0521 29.7095 -1.62445
295 15.1211 16.178 -4.32492
296 38.2977 26.5372 1.55745
297 3.71041 25.2413 -1.84771
298 26.1278 21.6327 0.559935
299 17.4818 34.5002 -1.52775
300 29.3421 6.47626 -1.27507
301 34.6303 21.7357 0.308726
302 12.854 34.7298 0.888526
303 6.79939 34.7864 -4.43677
304 18.4693 25.4566 -0.873329
305 4.09766 19.117 0.528874
306 24.1505 9.73953 -0.212302
307 9.89507 19.2765 1.22791
308 4.21529 15.6869 -3.48169
309 9.61412 0.963638 -1.63278
310 17.8081 19.8416 -1.44323
311 24.7899 3.47451 2.2648
312 36.9367 2.89193 -0.121309
313 36.2793 37.8179 -1.56533
314 21.5692 39.5541 4.04965
315 1.86136 27.6109 3.68622
316 29.5464 37.6793 2.91362
317 34.7964 35.2721 -2.14292
318 26.3482 26.0656 4.01324
319 6.17005 36.5901 -0.733757
320 3.07005 20.4366 -0.316012
321 32.1514 6.47228 -2.2746
322 7.65985 34.2557 -2.2166
323 16.4185 35.3398 -2.33779
324 31.2028 19.4024 -1.47497
325 6.15366 23.9427 -0.168628
326 32.1365 33.4845 -0.636655
327 11.6682 0.599215 -2.70983
328 13.3126 30.4772 4.04967
329 38.8425 12.145 3.51288
330 1.1366 5.46759 3.45601
331 19.17 30.8414 0.801522
332 29.6195 10.2324 -1.26827
333 27.4169 14.1911 3.27259
334 10.9228 18.2462 1.39079
335 6.75887 37.3236 4.05248
336 23.5719 3.69758 -2.20211
337 5.05466 12.8944 1.01062
338 9.10819 27.9143 1.16669
339 37.2639 36.1245 -1.02818
340 11.2174 19.4329 3.15061
341 34.838 33.9858 3.3185
342 11.4017 14.2838 -1.89299
343 11.7447 19.3104 1.62828
344 9.51776 34.0548 0.465631
345 33.3521 26.7515 -2.19952
346 12.747 9.65739 -1.57893
347 6.13071 33.2005 3.2155
348 15.1961 17.4665 1.17328
349 18.988 18.7491 -0.512709
350 11.0277 11.072 -1.15441
351 10.1336 22.8898 0.454459
352 27.671 22.4201 1.02491
353 22.9849 1.24149 0.421687
354 37.1154 2.40607 0.649101
355 22.4817 28.3952 0.425217
356 34.4758 33.3269 2.5144
357 15.2166 32.8179 2.03243
358 16.7032 18.4262 0.638445
359 38.3615 33.6096 -0.189043
360 30.7879 27.6271 3.28156
361 33.5283 31.7381 -1.68902
362 36.9272 28.795 1.87563
363 31.3323 6.54266 0.288947
364 4.61703 39.98 -2.44652
365 1.99236 5.60163 2.05611
366 12.6582 1.53231 -2.25344
367 21.935 31.0352 -0.137119
368 23.1545 4.62155 -0.770225
369 18.2728 28.6493 -0.282523
370 26.5332 26.9998 3.0424
371 26.4021 22.9214 1.05895
372 28.6635 31.7849 -1.55553
373 10.5054 14.7648 -1.75574
374 15.1047 21.1882 3.61117
375 16.9793 6.01617 -1.89845
376 1.95704 32.5704 -0.103129
377 3.67675 14.8856 -0.490398
378 16.9592 5.91344 -0.717355
379 26.8919 2.29621 -1.66202
380 4.49479 26.5674 -1.58566
381 9.00495 32.84 -2.32518
382 32.8002 23.945 2.30452
383 16.294 36.3472 2.7516
384 17.045 0.668872 0.969081
385 25.3814 16.4627 2.81126
386 19.0885 11.5969 -1.23023
387 12.3215 5.25995 1.50687
388 26.5848 23.4565 -1.62945
389 11.6276 35.1604 2.43774
390 26.7381 26.248 2.53279
391 16.0952 17.2109 1.13832
392 20.7737 23.2849 0.951353
393 28.6514 17.8191 1.76932
394 38.4294 1.61062 -2.19776
395 33.2096 14.2603 -1.59913
396 4.647 5.64553 -1.92875
397 7.05733 37.0893 1.32144
398 1.13472 25.0711 -0.932742
399 37.8004 14.5779 3.40552
400 0.355759 1.33071 0.362918
401 24.4 39.2503 -1.54483
402 34.735 8.60281 -0.425378
403 3.32479 21.4573 -0.816658
404 0.270765 27.6143 -2.03556
405 2.21189 24.8382 -1.34223
406 28.4907 2.81515 -0.174152
407 31.3615 0.510348 -0.444323
408 9.54198 13.1357 -3.56578
409 13.0758 8.22692 1.56368
410 31.4533 19.9834 -0.59626
411 18.6698 29.4068 -3.69042
412 39.1385 6.97239 1.74634
413 17.2535 11.9358 1.90793
414 6.26131 17.2275 1.32738
415 17.6827 29.81 2.16942
416 25.107 1.14221 0.621937
417 6.64661 38.2407 -0.802816
418 30.4472 24.723 -0.910356
419 24.5139 14.4147 3.55489
420 19.2731 31.1597 -1.01118
421 38.0813 16.7065 -1.83629
422 16.182 9.04713 1.65113
423 22.0912 11.0266 0.820442
424 21.325 26.8245 -1.01409
425 20.4169 1.3733 -0.383772
426 4.62731 22.288 1.95183
427 17.6449 20.327 -2.88672
428 36.2922 7.27377 -1.96867
429 0.838285 8.66081 -2.60825
430 23.1294 14.9117 2.94327
431 4.15171 8.76663 2.38362
432 15.9044 36.4674 3.77094
433 31.5427 21.3547 0.976044
434 2.29481 26.5046 2.28679
435 21.2717 1.19944 -0.00178412
436 5.94907 23.083 -1.07902
437 13.6337 30.8878 2.99212
438 13.038 22.5556 0.788562
439 34.6478 25.4762 2.49108
440 23.566 3.45004 -1.52029
441 39.5026 0.189695 -0.920718
442 11.715 30.2579 1.32752
443 18.115 14.6118 1.26094
444 10.4905 8.2028 -1.62798
445 3.55769 24.8277 -1.50781
446 18.4358 11.9002 -1.2874
447 1.75657 6.74975 -2.49366
448 36.6139 33.5102 -2.14129
449 9.51552 22.0765 3.80175
450 13.0489 14.6993 1.23041
451 39.9753 7.22344 0.100111
452 22.495 18.3444 -0.588883
453 6.98816 37.2491 2.05455
454 2.01234 6.79886 0.981239
455 32.8651 3.15135 1.50543
456 20.1058 9.80742 -0.515881
457 24.2702 18.6783 0.188689
458 32.1607 15.6877 -3.53981
459 6.01105 11.8936 -3.01364
460 13.6476 39.5404 0.508565
461 6.47246 31.38 3.99787
462 23.8988 10.6081 0.203618
463 3.26692 32.2567 -0.196755
464 29.0686 17.4482 0.982345
465 31.9809 15.6033 -3.65088
466 38.1671 24.1671 -2.48264
467 36.7287 34.9196 -0.182805
468 26.8198 33.1049 0.743601
469 14.3773 25.9922 -3.76287
470 15.9531 19.4076 1.83825
471 0.891979 12.9491 0.122216
472 8.74533 14.9097 0.847813
473 14.988 9.83835 0.436157
474 6.4828 29.8572 -0.321113
475 31.6256 8.27642 1.75738
476 22.8342 32.6125 3.37649
477 8.63936 33.0513 -1.79979
478 31.5705 14.8311 -3.28684
479 3.56486 30.1576 -3.85456
480 31.427 15.9916 -2.45507
481 17.7386 34.5869 -4.34426
482 4.98245 33.874 2.51407
483 5.75695 30.6116 -0.789619
484 13.6777 28.9717 -2.97448
485 6.31123 37.4 0.814328
486 18.7497 25.6856 0.114738
487 33.2282 26.9006 0.66056
488 38.6281 5.61146 1.02955
489 20.8903 5.24747 -3.13838
490 10.9189 14.5031 -3.04102
491 17.3525 11.1173 1.9462
492 23.1402 4.33709 -0.509513
493 2.65687 25.5865 -1.14182
494 5.29098 15.3226 -0.77398
495 29.8422 9.93159 -1.15968
496 34.9818 19.2623 1.70463
497 6.03014 32.0811 3.65216
498 25.9706 12.1903 2.43174
499 7.46548 12.8724 1.33636
500 7.32417 14.4492 -2.05663
501 30.8365 19.0492 -2.80433
502 5.82526 1.19522 -0.257102
503 12.068 16.0796 -2.69487
504 36.8387 27.6555 0.855094
505 1.93057 8.62742 -0.459184
506 30.3109 25.1632 -4.27719
507 24.7358 8.62929 -2.63468
508 37.6991 36.5482 -3.3075
509 33.8469 37.5556 -2.03004
510 36.5894 37.1202 -2.36011
511 26.5449 2.18631 -1.90658
512 37.4401 31.9106 -3.46449
513 21.6654 30.6809 -3.45331
514 14.9592 28.047 -1.19763
515 21.225 12.2753 -1.68895
516 31.6174 37.0314 -0.942807
517 11.8068 4.25262 0.925767
518 27.2794 17.3781 1.56934
519 19.0022 12.9287 1.1349
520 35.7545 0.199045 1.80685
521 31.6587 33.988 1.10185
522 15.6821 21.5741 0.324287
523 9.38029 17.1661 -0.485267
524 37.3866 26.663 1.46839
525 8.68809 16.6774 -1.21116
526 4.2639 17.3916 3.14711
527 19.2979 12.4218 -1.01018
528 18.9453 8.07312 -2.60479
529 32.0005 38.1755 -1.86018
530 4.30109 6.57319 3.21082
531 30.2843 11.1028 0.629452
532 14.1394 36.2587 1.9368
533 20.1537 23.2691 0.126183
534 20.0963 20.938 -0.175985
535 8.81896 6.90204 0.819259
536 33.6579 12.2788 -4.23105
537 36.6118 15.2053 1.97222
538 38.1086 35.7981 -1.52004
539 39.4513 1.31231 -0.744365
540 34.4351 18.0587 1.5382
541 27.4129 19.7495 3.96711
542 38.6973 28.6671 -4.56107
543 8.76106 15.7798 -2.34531
544 5.48064 34.9221 -2.86388
545 14.8081 28.1864 -1.85368
546 39.2626 34.1047 0.357718
547 3.47025 15.2916 -1.71157
548 35.4097 4.27613 3.61706
549 5.66494 26.3249 0.93119
550 6.1439 29.9505 1.92648
551 18.7652 22.441 -0.0139585
552 34.0673 11.6074 -3.28074
553 18.5107 28.863 -1.02086
554 16.6039 14.2502 4.29994
555 26.9739 11.6089 -1.72149
556 29.3811 21.8252 0.923856
557 3.70871 25.5721 -1.06612
558 29.8413 4.84256 -0.731984
559 26.3422 33.0283 1.18948
560 31.8305 13.4012 2.05873
561 11.9081 27.7833 2.26652
562 5.04491 27.8293 -1.66637
563 39.457 20.3862 -3.36944
564 16.851 19.4244 1.07127
565 39.3792 16.8302 -3.24539
566 16.3809 37.5461 0.904619
567 21.5484 12.4176 -1.64347
568 37.6191 8.34041 2.92827
569 6.28799 17.5513 2.6066
570 5.2215 22.1766 0.938186
571 27.2764 12.0026 -3.18981
572 39.78 36.7618 2.00753
573 13.9836 39.528 1.07895
574 7.52559 21.0884 3.87499
575 27.5213 17.8644 -2.23913
576 4.78242 1.75932 -1.47587
577 23.6539 30.9665 0.507009
578 39.068 37.2787 2.11315
579 9.01884 4.72415 0.824412
580 10.5584 1.49857 -3.58758
581 5.56698 33.5774 4.9093
582 19.1285 28.2249 -1.39484
583 23.1179 37.8437 2.45379
584 36.1088 12.8162 0.866892
585 5.52625 12.2464 2.8837
586 27.6638 19.075 -3.61092
587 33.0004 34.1689 2.48191
588 20.7112 36.3807 -0.938401
589 18.5318 28.2548 -2.17964
590 6.85891 6.82295 -0.304378
591 6.02962 29.4327 -0.102128
592 31.9465 31.945 1.80482
593 20.603 30.7862 -0.446262
594 11.2622 3.64336 3.02168
595 19.71 25.3598 0.471248
596 37.8362 35.6471 -2.63908
597 25.3136 11.6523 4.20348
598 29.6538 9.80209 -0.816577
599 17.9917 0.786204 2.77767
600 1.96127 0.7585 -1.10545
601 22.4927 34.1779 -0.666368
602 1.45154 17.7456 -0.879594
603 21.0921 15.9236 -0.747499
604 37.9455 18.5501 -1.61389
605 8.83149 36.058 0.818854
606 3.10941 27.8311 0.47316
607 7.34398 14.5197 -1.70523
608 4.21614 34.4765 -0.341573
609 22.8312 34.8762 -1.6047
610 35.9706 29.3458 -4.44482
611 38.7972 18.1611 -4.38312
612 21.7342 6.92845 -3.14155
613 27.772 11.9135 -2.01213
614 5.57843 12.909 3.66035
615 28.5731 8.86838 0.889852
616 27.943 20.9866 0.686407
617 22.9361 29.3285 -3.33502
618 27.3568 0.52927 1.21375
619 23.136 37.5711 2.65931
620 35.1597 35.6391 -0.262416
621 37.0336 16.0761 -2.20308
622 8.89514 32.1832 0.44816
623 23.0088 6.84263 -1.62537
624 36.8445 35.1994 0.872416
625 21.0748 6.43562 -2.3583
626 7.17566 31.9118 -3.52162
627 8.88275 31.0321 -1.8936
628 22.8054 9.92937 -2.95038
629 27.1464 2.08434 0.202506
630 32.0181 27.6173 2.9316
631 31.8062 37.7214 0.144606
632 32.2978 30.2991 -1.87856
633 30.3289 24.4802 -2.50991
634 0.0853111 33.897 3.34282
635 23.264 29.4096 -1.45985
636 29.0503 6.69321 0.838272
637 39.6824 21.5491 -1.06527
638 37.7713 25.3161 2.98498
639 27.8657 12.6063 -2.01743
640 10.9539 10.5629 -1.35208
641 20.5577 36.8644 -0.123178
642 10.9897 38.1991 0.0116769
643 23.473 32.734 3.47352
644 18.5757 0.465849 -0.267774
645 6.59201 7.38928 1.71241
646 11.7791 9.49226 -2.44647
647 12.4897 15.4953 -0.656727
648 26.4261 0.992956 -0.440213
649 16.64 33.6141 -1.01469
650 30.2035 7.75326 -0.505585
651 32.7827 22.905 0.307418
652 38.4939 1.67356 -0.275518
653 10.8374 0.314773 4.19256
654 21.3222 11.5809 -1.6398
655 33.3312 33.8734 1.43615
656 15.9988 12.0631 1.30976
657 29.4706 6.37521 1.92588
658 2.46284 27.6409 1.51477
659 22.9348 1.09992 -1.13637
660 27.0263 13.8765 1.77319
661 36.2262 22.9251 -1.09674
662 27.1519 33.2585 3.06421
663 12.7266 6.8995 2.86052
664 31.4193 15.3215 -1.47204
665 35.5006 37.9662 -2.97262
666 38.5739 8.65404 0.830036
667 4.78086 34.5954 -4.41488
668 39.8083 34.5239 -1.66028
669 10.2854 27.8653 -1.60905
670 38.446 28.1387 2.53193
671 14.6725 0.0186953 0.954454
672 7.69976 21.9629 4.06593
673 36.8419 5.862 0.660154
674 15.4613 22.3064 1.85406
675 29.4393 19.7573 1.85614
676 31.695 34.7381 1.52766
677 33.5858 8.57004 1.68339
678 25.7723 0.591334 1.37974
679 22.2518 15.0664 2.10794
680 7.79635 19.5486 0.150822
681 13.663 38.0992 0.767847
682 27.8887 36.8074 -2.42047
683 32.0318 15.5955 -2.9301
684 3.12977 30.5812 -2.51371
685 19.1842 25.2205 1.22916
686 4.83562 38.3961 -3.84971
687 21.382 10.4513 -2.0399
688 38.0583 2.20204 -3.60502
689 12.7774 35.8045 1.36224
690 12.9627 27.2118 -1.66394
691 11.7317 30.718 1.54484
692 28.148 14.3369 -2.60931
693 36.9613 20.9362 0.335452
694 30.7985 31.6225 3.12387
695 13.1209 35.2667 2.52267
696 35.721 26.2595 -1.13723
697 19.1669 12.303 -0.836387
698 35.0566 10.9008 -2.29283
699 23.5671 22.5575 -1.58006
700 5.38574 37.5054 1.27577
701 28.5575 8.87642 0.799585
702 7.23985 0.692226 2.63536
703 25.7674 17.8483 -1.56892
704 31.3874 24.8381 1.42943
705 0.473901 0.0654533 3.43867
706 38.513 37.7693 -0.821238
707 15.5468 9.02336 -1.38297
708 20.3138 19.1425 -0.418247
709 20.2318 0.957895 -1.09609
710 17.3332 29.1335 1.8154
711 34.6761 35.8683 -1.50559
712 28.9184 8.85925 -0.491234
713 39.8858 6.87961 1.2683
714 18.9932 23.0755 -0.508337
715 36.0125 3.23923 -1.45526
716 25.9261 39.9013 -0.744038
717 14.7418 22.1584 -1.06321
718 10.9092 29.5918 -0.0533552
719 13.4373 31.8442 -3.09292
720 23.423 33.4143 2.34738
721 30.0032 37.8657 1.46053
722 2.88306 3.57389 -3.15577
723 13.6595 0.127102 2.74396
724 7.04313 6.67257 -0.953235
725 25.9713 10.5372 -0.541917
726 9.05113 30.1929 -1.52365
727 3.12601 29.5456 -1.86642
728 39.5959 6.9774 1.16523
729 20.5316 4.74155 -1.29214
730 27.7697 17.9605 -2.75185
731 26.9523 17.8915 1.41967
732 18.5627 30.409 1.08947
733 38.381 29.5408 3.48842
734 28.0436 12.471 -0.886936
735 14.9456 18.3986 2.18025
736 23.1948 24.6914 -1.92532
737 37.6866 30.4349 0.607388
738 14.5617 6.09473 -2.75481
739 15.5031 30.7396 -3.51586
740 30.1641 22.1196 -1.68723
741 4.72843 34.3242 -4.05196
742 19.4834 16.1419 -0.298571
743 15.415 22.9988 0.389503
744 31.8766 30.6234 4.64644
745 13.8207 26.0826 -2.10993
746 16.5043 20.4562 0.814474
747 13.8945 24.3942 -1.78119
748 19.5979 30.8655 -2.87266
749 4.47025 5.07954 3.40895
750 9.35326 35.7796 2.23257
751 11.4683 33.5124 -0.641767
752 38.0039 12.1833 4.18983
753 5.48543 27.1712 -1.78211
754 33.2845 13.3399 -1.43274
755 24.6915 9.09632 -2.36791
756 29.2167 8.22111 -1.92412
757 19.8134 19.3139 -1.16816
758 36.7704 32.6541 -0.835182
759 9.81648 28.6269 -0.286706
760 31.7636 31.3571 1.57481
761 19.1933 9.70127 -2.97616
762 21.3172 30.9904 -2.42424
763 20.5299 9.4077 1.37007
764 24.4669 7.88825 -0.909372
765 24.8815 18.5994 0.143943
766 12.5888 16.1783 -2.74244
767 39.5224 15.4232 -1.25238
768 7.24508 9.32185 3.16861
769 27.0047 32.6407 0.487152
770 10.0163 22.7965 1.41316
771 2.05557 19.5028 1.65286
772 16.4256 30.5729 -1.35291
773 31.7593 32.5488 2.58282
774 2.37408 0.882163 -2.4883
775 18.9917 17.6539 -1.71957
776 6.16381 22.2225 0.626389
777 38.4951 16.3346 -2.96944
778 26.6916 25.2601 -4.80317
779 27.3729 37.6515 -1.25741
780 39.486 5.79279 1.88698
781 31.6704 32.3701 2.34995
782 11.9427 39.8244 1.80105
783 19.3415 12.9702 -0.32294
784 28.7446 35.3569 1.4291
785 26.1664 23.9061 -0.997892
786 5.62604 27.2849 -0.0226689
787 30.7006 5.52234 -0.997966
788 39.3253 28.5888 -3.77449
789 39.1165 14.9452 -3.19508
790 7.67767 33.5967 -1.16204
791 22.076 16.0348 1.11654
792 5.81377 30.8006 1.29894
793 16.9558 1.47685 -1.42438
794 17.1693 20.3759 0.35897
795 10.2145 15.5676 -2.39208
796 14.6817 22.4716 1.8769
797 5.37959 34.0568 3.72218
798 28.0698 8.61418 -1.88895
799 19.8741 34.5785 2.98909
800 28.5003 10.2215 0.596368
801 25.6294 11.9229 1.69425
802 36.7458 14.4149 -0.936749
803 10.8814 31.9392 -1.57076
804 1.58973 12.508 1.38346
805 32.8064 25.3762 0.81474
806 12.4337 19.1675 1.78501
807 35.1997 3.83712 1.53341
808 26.6723 26.8879 1.16862
809 15.045 15.454 -1.72601
810 15.9564 36.906 3.66689
811 8.54241 25.8738 -3.64045
812 10.148 34.5855 1.55811
813 36.6444 3.66418 -2.01251
814 29.5628 31.718 -1.97469
815 28.0657 20.4248 2.12992
816 5.90241 30.4115 -1.28166
817 13.4988 31.0897 -2.6713
818 11.6672 9.3387 -3.02137
819 27.4284 39.57 2.78967
820 37.901 37.4762 0.221481
821 14.7294 9.97008 -1.02713
822 7.05688 9.01203 4.41901
823 38.6961 3.96131 4.03722
824 32.5028 12.6668 -1.03846
825 32.507 25.018 -0.471659
826 9.95192 14.8122 -2.60153
827 33.0493 13.8543 -2.09525
828 23.1611 9.77142 -1.0631
829 10.9542 37.8843 -0.0722487
830 14.9103 27.6875 2.37238
831 10.2132 37.7194 -0.409026
832 36.7501 26.6473 4.55131
833 13.3304 29.4665 4.2028
834 22.6755 0.768553 0.648852
835 2.31964 36.3069 -3.59534
836 13.8824 38.8128 2.28845
837 36.8976 30.1636 2.1681
838 31.3062 4.55566 0.259065
839 33.8157 25.9702 2.26432
840 24.3249 20.7398 2.27196
841 29.4422 37.3606 2.2264
842 22.8493 33.7159 0.8344
843 17.6236 6.03156 0.45467
844 10.3549 9.73576 -3.18815
845 4.43669 31.2386 -1.48036
846 12.8515 35.6231 4.15791
847 3.64484 25.2277 -2.91842
848 24.7141 8.72833 -1.6283
849 8.10815 21.7907 -1.55117
850 39.1616 1.04462 -1.05419
851 38.0675 37.3462 -1.59156
852 27.0895 27.7646 0.382018
853 32.0437 29.3039 -1.36266
854 0.22463 34.301 3.03687
855 13.3725 39.2218 1.53205
856 22.0439 32.07 1.16716
857 8.48525 18.739 -1.2432
858 0.319454 24.1211 1.37214
859 18.3731 38.2567 0.787686
860 25.9608 23.3914 0.35092
861 38.7412 18.7027 -0.851178
862 39.3575 35.2767 0.554852
863 14.2179 21.5358 -2.25451
864 26.1936 13.689 0.390466
865 25.4469 23.8813 -2.4256
866 30.8869 35.3353 -0.446611
867 10.5343 0.662291 -1.51307
868 37.7801 23.0582 -4.12004
869 33.1956 15.5436 -0.460073
870 5.61688 1.97246 0.195244
871 15.4052 22.4034 0.106885
872 32.2284 24.8444 0.663669
873 16.951 18.0863 1.18732
874 37.462 4.80673 1.91058
875 7.69476 8.57713 0.504011
876 39.0844 5.16017 1.55571
877 38.8184 34.0545 -2.14854
878 0.198603 0.613999 3.23168
879 5.29816 33.5598 2.85332
880 37.2792 23.7255 -1.83649
881 13.3043 16.4531 0.982104
882 21.0175 2.10713 -0.200358
883 2.97289 23.9641 2.52631
884 14.7411 16.2027 -3.96935
885 10.0416 10.3538 -2.88558
886 15.7594 30.1139 -0.753264
887 37.5985 15.2375 -0.073307
888 37.1614 37.39 -1.00727
889 7.09891 14.3437 -1.78155
890 22.7461 14.5406 -0.0710525
891 26.2114 16.7882 4.04597
892 30.0307 8.02829 -0.626279
893 32.8693 25.4241 -1.00795
894 35.9272 37.6297 -0.619517
895 39.0564 16.7077 -1.69444
896 14.5998 39.0654 1.90898
897 3.60054 6.76429 1.43154
898 19.3221 16.2665 1.97275
899 9.33565 30.2544 -1.73354
900 13.7588 10.4358 -1.72696
901 2.65687 37.0565 -1.51653
902 4.86233 33.7366 3.2612
903 3.35326 34.6371 -1.92718
904 14.1337 2.74127 0.48793
905 21.2748 30.5144 -3.25163
906 21.7193 27.1544 -2.58395
907 27.3645 24.1309 2.1759
908 34.2731 36.2427 -0.546478
909 23.7296 8.97421 -1.17087
910 31.8762 14.6081 -0.843584
911 28.9597 24.6071 0.581584
912 24.1983 21.0337 2.4752
913 4.06405 23.4343 0.787551
914 7.86072 22.8309 1.80037
915 32.2651 32.5409 0.522436
916 25.3123 19.2943 -2.19498
917 5.16195 33.1442 0.807536
918 38.9057 36.9717 -0.207656
919 27.8848 9.8271 1.35616
920 2.77437 23.6548 1.8877
921 37.5664 20.8571 0.478872
922 17.8872 15.9127 -1.34984
923 7.29486 25.7447 0.512302
924 26.7864 38.9642 -3.83061
925 18.0683 4.56055 1.25825
926 23.4063 39.0755 0.769449
927 8.06551 31.811 1.43475
928 33.1209 36.8985 0.223404
929 0.481884 32.7029 1.28341
930 13.1048 9.37503 -1.05843
931 21.9553 15.1627 0.659914
932 11.5866 27.652 -3.27781
933 13.3827 8.34435 3.33033
934 27.7352 31.4863 -0.217706
935 1.7383 2.02821 3.1053
936 3.49969 24.6523 -1.3204
937 8.53317 1.89114 -2.42662
938 21.0133 24.1062 0.827568
939 22.3945 8.12216 -1.84443
940 10.5137 23.4519 2.66696
941 26.0189 20.2566 3.18077
942 2.99188 14.6291 -0.739766
943 8.11623 0.97017 1.05558
944 37.7933 25.0474 4.64158
945 8.01667 0.137971 0.659809
946 17.6745 21.0661 -2.94774
947 23.589 4.21334 -1.67394
948 9.18504 32.5244 -1.05351
949 6.9323 8.09014 0.566647
950 33.8236 26.6888 -2.77918
951 20.1771 12.6204 0.671018
952 18.7405 15.343 -0.800676
953 38.5926 5.97608 1.99755
954 39.5443 36.9152 0.864086
955 1.04919 9.593 3.89356
956 33.904 4.60206 0.486767
957 30.8161 12.5153 -0.214669
958 6.05873 33.3615 0.34098
959 22.1818 30.1797 -2.11717
960 13.6427 0.0801233 0.325981
961 0.463885 31.2072 1.29116
962 11.9661 36.9292 -1.72082
963 15.2584 26.8125 3.46935
964 9.14875 10.1246 0.868819
965 38.5646 34.3808 -1.94185
966 15.9493 17.9556 1.63776
967 29.153 34.6806 3.39773
968 32.4973 28.775 -0.945094
969 11.0985 39.985 1.47829
970 26.675 1.07318 0.382186
971 1.70825 9.82872 -2.83685
972 3.61099 25.2303 -1.64637
973 10.7868 16.7074 -4.74974
974 27.58 17.2742 -2.50365
975 10.9291 27.8168 -3.83445
976 5.58621 1.68325 0.36707
977 8.44597 0.940094 1.53655
978 16.9839 24.3157 -0.692117
979 5.44789 33.1547 1.27819
980 0.0816742 14.1326 1.54039
981 0.385431 5.14771 4.29629
982 0.349925 39.1468 3.63056
983 23.4244 15.4207 1.69647
984 9.24611 33.4827 -0.858474
985 3.59206 25.2796 -4.59517
986 29.5971 20.6258 1.84534
987 15.7042 5.86592 -1.70899
988 38.1901 37.0284 -0.816815
989 15.6408 27.6119 2.66332
990 29.4803 24.4035 -0.258181
991 10.3736 23.2534 0.389995
992 38.4868 13.6041 0.442798
993 6.94895 19.0011 0.0611467
994 31.4402 25.414 1.65431
995 8.12318 18.754 1.25312
996 35.2214 17.7626 -2.9048
997 38.6683 6.80033 2.52184
998 37.1486 39.2129 -1.29944
999 29.7761 33.3966 0.42144
