1000
Particles
0 4.72528 33.8745 -3.89631
1 29.8782 29.8747 1.09583
2 15.285 10.8741 0.70925
3 10.9994 5.10185 2.33769
4 20.789 23.735 3.66366
5 11.1753 17.1399 -0.0606671
6 31.518 4.771 2.80374
7 30.1372 17.3764 0.49262
8 8.23926 15.5237 -0.00172739
9 1.99729 20.6713 -0.0363432
10 21.7994 0.969714 -2.25143
11 9.62996 34.1513 -4.2184
12 29.7768 27.6149 -1.381
13 20.6556 1.42971 2.86497
14 18.1848 30.8165 3.43351
15 17.669 31.3602 0.0589848
16 23.5268 36.2793 0.712542
17 0.966231 20.9395 -2.13862
18 37.5789 14.531 -0.484305
19 15.4948 30.5169 -0.690135
20 4.70339 7.78639 -2.38658
21 6.72692 6.45036 1.03026
22 2.79989 3.48875 -3.34065
23 39.1519 22.689 0.0490545
24 37.5397 1.54013 1.03742
25 38.4028 36.5456 -0.611025
26 23.7326 33.1102 0.821808
27 11.7592 8.25847 2.69104
28 17.4947 38.9477 0.75732
29 27.7082 4.99114 -1.16513
30 10.9491 14.9295 -2.06099
31 9.87283 13.644 1.28741
32 28.9372 0.385377 -0.761037
33 8.62506 32.1617 -2.49648
34 24.8458 36.7162 1.0381
35 22.2825 28.5605 3.97111
36 20.2832 10.114 1.17692
37 31.924 32.9848 -2.66336
38 37.3435 4.8877 2.41289
39 1.03766 21.5727 0.247035
40 0.297084 33.6885 2.18772
41 9.87446 10.0459 2.72704
42 35.2095 16.9609 0.040963
43 23.5248 21.6075 0.666963
44 17.6752 27.1157 3.66312
45 37.9571 18.1737 2.72318
46 1.00621 6.46951 2.81925
47 25.3305 14.1701 -1.61685
48 1.71438 1.34382 -0.333916
49 6.16891 0.252498 0.626434
50 4.40274 34.1154 -2.90287
51 23.5463 6.91327 -1.10405
52 32.5633 11.5918 0.265947
53 16.178 5.14383 -1.05466
54 27.2132 9.10418 2.45158
55 10.6383 13.6906 -0.312957
56 7.90052 11.3956 -2.01943
57 9.27075 35.4628 -2.919
58 37.9551 21.7493 0.0797909
59 6.54313 33.0755 0.548681
60 8.22353 29.4782 -1.73482
61 22.0296 36.307 -0.933744
62 37.1616 5.88915 0.434508
63 12.0639 15.1506 0.203805
64 33.6849 31.4176 3.03408
65 10.547 1.59113 -0.398664
66 3.67406 20.6435 1.12121
67 18.5693 25.466 1.78683
68 36.632 7.5268 -3.68206
69 9.4346 36.01 0.157195
70 11.5875 0.412816 1.8241
71 14.3743 14.0653 -1.94087
72 9.61371 8.10219 -2.29922
73 19.27 32.9788 -0.979787
74 10.4234 4.50836 1.14696
75 23.4501 33.8773 2.59892
76 30.6225 1.99269 -1.77134
77 11.2913 27.9596 -3.1491
78 39.1635 26.2361 4.46285
79 6.34765 2.10213 0.686473
80 36.7192 15.4201 1.88992
81 10.5758 35.7551 -1.78734
82 17.3562 15.0295 2.83945
83 15.595 30.2245 0.624625
84 21.7724 6.91575 0.036306
85 1.2019 16.8697 2.72217
86 17.1366 14.3372 2.49658
87 24.5291 35.01 -4.76042
88 10.8341 2.96938 -1.23217
89 10.2599 3.07317 -1.43193
90 0.17716 29.4723 -0.115369
91 24.758 13.332 -0.782346
92 15.8214 28.6347 -3.69587
93 10.0209 1.54596 2.72019
94 16.5931 24.9691 -2.58437
95 19.9489 4.25787 3.3953
96 7.55188 38.6312 -0.930866
97 22.9904 39.9343 -1.73701
98 5.60849 21.8994 -0.172843
99 12.7647 4.23679 3.53334
100 38.24 18.9097 2.1289
101 10.7928 21.3607 -0.209551
102 29.3083 0.998733 -0.185977
103 18.4045 1.86228 -1.1739
104 17.8133 10.3385 -2.00154
105 15.8963 0.163444 1.51373
106 33.244 23.1774 -1.06477
107 15.4001 25.1771 1.97326
108 37.9116 19.1372 1.8047
109 0.584588 28.8819 -1.11916
110 39.851 30.1996 1.08113
111 32.6954 1.95117 3.0679
112 35.9001 6.33595 0.310703
113 37.4856 36.3305 1.6613
114 31.7297 21.7486 2.50852
115 22.773 17.1026 1.06407
116 18.503 32.4321 -0.75573
117 26.6897 30.397 0.079917
118 20.8615 2.07395 1.88297
119 33.5874 8.39478 -1.36627
120 26.5262 30.1805 0.198696
121 15.9873 18.6691 -0.834581
122 25.6783 31.9721 3.89549
123 13.6751 27.7408 -3.97778
124 18.6722 1.97635 0.57693
125 20.7217 8.4072 3.72686
126 30.0418 33.8977 -0.193208
127 33.7591 6.12582 -2.66944
128 26.0197 2.18498 -0.152963
129 37.017 16.6417 0.820223
130 21.424 13.0952 -0.535297
131 17.6276 29.3084 2.30867
132 17.368 0.441661 2.22373
133 37.6696 0.543498 3.40976
134 9.7321 36.0194 -2.37206
135 16.2608 2.02198 -0.177418
136 29.6434 4.39384 3.24864
137 31.0555 18.5416 -1.00259
138 4.77812 16.114 -3.27803
139 14.92 34.4475 -1.50032
140 29.4558 5.60113 2.79305
141 26.6513 1.52045 -0.0740014
142 19.1319 14.6572 2.01142
143 18.3049 20.9338 2.53276
144 31.722 27.6648 2.44453
145 23.3113 30.1649 0.143889
146 3.70509 14.8845 1.48093
147 33.2987 26.7341 -3.98032
148 27.8169 6.20366 3.39946
149 14.8009 12.5151 -0.261104
150 11.1173 25.9594 4.60583
151 26.3011 1.95962 -2.656
152 23.2402 9.85927 2.24681
153 13.4561 8.69562 -4.95761
154 25.9351 1.42066 -2.93512
155 1.4763 22.9741 -0.386895
156 1.06133 22.7443 0.0534544
157 15.1191 3.10326 1.38642
158 11.0777 9.32439 -2.67561
159 20.126 32.5307 2.24138
160 8.64876 26.7927 2.50463
161 10.7037 22.5787 2.34243
162 27.1765 26.2768 -1.58572
163 14.3316 15.6093 -0.0531492
164 22.4072 9.55502 0.0431946
165 35.1756 4.9765 -0.285603
166 36.1767 2.91101 -3.78454
167 4.67504 32.839 -1.14801
168 38.8972 28.243 3.31623
169 0.470526 6.56436 1.95656
170 29.8253 37.3859 2.22005
171 19.6757 30.5863 -1.25346
172 9.56143 14.405 1.74873
173 30.8298 36.6937 2.34125
174 25.0504 6.1487 1.62648
175 37.8521 12.8043 -2.61174
176 28.76 22.2358 0.0257106
177 9.90808 3.85223 -3.69332
178 38.1614 26.1406 1.01009
179 18.4803 13.2101 -0.592846
180 21.6039 5.07007 -0.119316
181 14.1615 31.4293 0.60205
182 16.1693 22.6252 2.7281
183 39.6515 20.1563 -1.14979
184 38.2749 0.590409 2.83503
185 14.1616 11.3469 -2.30873
186 22.3688 0.0236044 0.156798
187 30.3293 5.11287 -0.898908
188 17.0206 10.9093 -2.52004
189 10.2517 16.7479 0.053717
190 26.9145 19.1716 3.61909
191 12.0228 19.9426 -0.461048
192 5.537 34.1893 -1.35581
193 20.8204 29.1418 -1.94033
194 21.9065 28.4717 2.15408
195 2.81655 21.8936 2.48814
196 31.7535 5.7056 -3.02174
197 10.9329 38.4663 -1.36555
198 31.5333 29.133 3.04837
199 18.624 14.6572 2.81423
200 33.7324 37.1628 -0.790942
201 6.08551 15.2578 -2.38765
202 14.6568 14.6373 -1.31514
203 21.1313 20.3977 2.47169
204 33.6016 27.3154 -3.91674
205 8.2597 29.8852 -1.44963
206 5.68963 0.939959 0.284081
207 35.9211 1.90284 -1.76909
208 35.5622 17.7577 -0.434844
209 39.7044 3.57906 -1.38541
210 29.7301 27.9194 -1.3333
211 27.5499 17.2898 1.33484
212 29.1747 36.5014 2.10776
213 38.5878 39.5456 1.27687
214 31.6479 27.9128 2.32657
215 9.2736 15.0571 -0.103703
216 31.0728 30.177 -1.63108
217 14.4076 2.92237 -0.380236
218 7.32802 14.5483 -1.32787
219 24.6944 0.215516 1.64978
220 15.4003 9.28327 1.52563
221 20.6641 23.552 4.43777
222 37.8985 26.6189 3.98419
223 12.8233 25.3042 0.856646
224 2.3569 30.5942 1.42248
225 1.80107 6.63843 -0.442515
226 25.0135 21.3821 0.756236
227 9.56565 7.22414 -0.942643
228 17.9267 38.3618 2.55398
229 6.62352 26.6444 -1.88363
230 27.1219 30.3464 -1.2578
231 13.6281 31.1784 1.10428
232 34.2242 36.141 1.17516
233 28.5133 7.43988 0.533603
234 32.8776 6.32454 -4.08363
235 5.03005 14.6585 -0.227516
236 21.7584 9.16281 3.60296
237 18.5755 25.8246 1.94558
238 12.3595 9.79266 -1.3962
239 37.8252 8.66253 -2.12116
240 18.7544 14.4336 0.220547
241 36.2544 22.6408 -3.06533
242 29.1148 7.66287 -2.29834
243 27.3241 35.6499 -3.42155
244 2.39471 3.41082 -1.08204
245 15.3077 30.2393 1.1793
246 23.449 6.12785 -0.803827
247 5.92165 2.42586 1.65606
248 10.7947 25.1788 -1.2931
249 10.4229 37.5818 -0.468464
250 25.2862 6.22433 -0.703341
251 25.235 2.22772 -3.34935
252 26.5585 17.2569 -0.112408
253 37.2153 12.5991 -1.07635
254 10.4527 36.595 -3.34651
255 28.6456 15.4648 2.54446
256 0.784607 39.6766 0.918061
257 25.3216 18.6708 0.143222
258 29.811 6.58751 1.02443
259 33.8795 25.0579 -0.0415945
260 38.9114 7.41097 3.5451
261 34.8623 18.4045 -0.890508
262 27.2868 37.1011 0.453551
263 1.5592 22.4962 0.578902
264 11.3736 11.2553 -2.96139
265 1.23209 32.9376 -1.36267
266 6.61862 17.01 -2.7031
267 5.96228 17.3963 -4.36897
268 16.1915 15.4329 1.56075
269 1.60883 33.7563 1.22751
270 26.5056 14.4176 -2.41284
271 4.93943 14.8889 2.29551
272 24.2807 21.22 -0.609399
273 39.9159 25.2136 2.87227
274 8.09596 34.5173 -2.48361
275 10.5574 33.8481 1.54262
276 27.5635 20.1194 1.75989
277 2.38861 22.7877 0.751124
278 3.19066 15.6578 -1.38071
279 16.4912 27.3905 -1.79202
280 2.53022 30.4786 2.59281
281 28.0322 29.7678 0.718046
282 9.29887 15.5742 -1.95742
283 27.191 1.35251 -1.31902
284 34.4622 14.6279 -0.156396
285 7.02071 38.7222 -1.57268
286 33.1607 5.78222 -0.599407
287 15.5314 15.1687 1.20293
288 2.37713 5.69063 -0.202937
289 6.07915 38.1866 -3.26651
290 36.1049 26.3365 -1.27873
291 14.6107 5.99946 -1.30235
292 27.8496 20.0586 0.411733
293 21.5892 9.10552 3.07899
294 29.4222 32.9077 -3.34862
295 17.3028 13.29 -0.236846
296 22.0035 27.7979 2.49428
297 39.0067 27.2582 -2.39158
298 21.2231 3.66994 2.46506
299 14.6465 21.0634 3.17563
300 17.8678 9.05387 0.583304
301 27.6756 32.5104 -2.09614
302 29.2415 4.38846 -1.28867
303 1.4096 13.1848 -0.199481
304 10.8056 32.4417 2.50079
305 3.67245 26.8295 2.73571
306 21.8571 18.7014 3.2777
307 14.8206 14.6003 -0.51501
308 11.1315 35.0199 2.20162
309 23.5431 39.363 1.95303
310 12.1215 14.6574 -0.787945
311 26.1941 25.0209 0.954808
312 0.915479 27.2204 2.10524
313 28.6603 5.07462 3.00411
314 25.0199 1.46795 -3.03491
315 0.476142 35.9113 1.24369
316 26.0106 2.21194 -1.62612
317 17.7956 31.4172 1.59281
318 25.0886 33.4453 -0.579906
319 7.74239 4.50641 -0.594292
320 10.6376 15.2383 -4.458
321 33.6221 6.07854 -1.79727
322 2.21196 38.7737 2.78952
323 2.36325 34.4143 1.82491
324 23.3247 19.6633 0.768716
325 11.9969 28.0663 -2.60721
326 10.6911 2.8862 -1.32136
327 10.914 34.7535 4.25411
328 11.6096 29.4281 -2.12916
329 14.9792 21.6339 1.42883
330 3.45857 7.76604 -0.76361
331 22.1444 0.839622 -2.62885
332 35.6567 2.10893 0.247954
333 31.0988 23.2447 -3.78173
334 9.7008 8.21657 0.662493
335 5.65819 37.4444 1.37825
336 23.2631 1.64709 -1.29223
337 12.8769 23.7592 -0.472967
338 23.0763 30.1633 0.605532
339 1.19577 31.733 0.437126
340 18.3001 10.0799 0.164323
341 0.380974 26.3347 1.2908
342 19.0145 9.69593 3.18652
343 3.19012 16.2851 -0.482263
344 15.8145 4.13014 1.04691
345 2.13707 34.149 -0.339328
346 15.7417 10.6869 -1.33391
347 8.70566 36.349 -1.52635
348 9.76457 9.06417 -0.285643
349 20.265 22.4684 -1.99209
350 8.96662 16.0923 -1.28279
351 38.812 26.6697 3.77469
352 29.8793 16.5311 -0.371662
353 22.5292 13.6864 -2.4068
354 39.2604 36.3903 1.042
355 13.9476 22.118 -1.98529
356 1.42965 31.0775 0.494331
357 10.2094 4.40547 3.92204
358 10.8236 14.4002 -1.16792
359 23.1577 25.6366 3.99928
360 38.8092 27.8989 4.37324
361 26.1853 34.6425 -0.533554
362 34.8048 26.6281 -4.13177
363 30.3639 10.8953 -1.61411
364 14.9702 11.9288 -1.04961
365 38.5518 33.7714 2.69287
366 11.021 37.8586 0.405099
367 2.24609 2.0067 -0.576605
368 22.4652 9.15514 3.00707
369 18.2319 9.80125 0.439779
370 21.5454 35.1975 -1.94433
371 34.2119 12.9477 -1.80575
372 20.0342 25.4836 -2.66441
373 12.6778 21.4408 1.75594
374 13.8454 14.1006 -0.628061
375 5.44945 12.9153 0.514655
376 35.2525 23.4656 -4.09637
377 32.2769 11.0656 1.18092
378 19.9645 8.33112 1.19244
379 38.5735 34.3449 0.699912
380 35.0839 2.23977 3.11038
381 17.1336 39.1113 1.7068
382 2.16849 9.4753 -0.748091
383 15.9345 20.0178 -3.63949
384 35.2654 4.60592 0.936083
385 19.3335 31.1476 2.35956
386 24.6414 13.455 -2.66615
387 1.21786 4.91283 1.1158
388 31.843 35.6244 0.414672
389 19.5824 37.0268 1.93914
390 25.3521 7.07413 -1.15025
391 12.1134 10.0528 -2.05534
392 22.5838 16.535 -0.432503
393 19.0311 0.870655 -1.92198
394 29.2301 12.1475 3.20421
395 34.7534 9.0237 3.73424
396 23.0592 0.395177 -0.673924
397 6.38593 18.2507 -0.645873
398 23.2587 34.9683 -1.22669
399 29.4085 11.8585 0.888959
400 0.533893 6.04472 2.77946
401 30.2443 26.5409 0.507921
402 4.69055 4.80686 -1.18382
403 9.95091 27.0454 0.793637
404 21.2462 34.2614 -2.9682
405 6.44848 19.9166 -1.26405
406 18.6288 6.80454 1.7972
407 3.42555 8.3021 -2.0397
408 13.941 7.08133 0.129384
409 35.4575 5.31831 -1.19146
410 21.3571 29.097 1.87934
411 17.5285 38.9233 0.10978
412 0.593668 6.57288 0.597622
413 1.48672 20.5434 0.839297
414 10.4904 5.08969 3.30727
415 12.0149 24.9697 2.91222
416 39.8475 31.5362 -0.539562
417 3.43851 3.37459 -1.65183
418 30.3715 24.437 -1.68458
419 27.8899 10.4257 0.799172
420 28.1223 5.77796 0.549705
421 5.89009 15.0209 0.773033
422 10.1037 14.7078 0.474444
423 2.77714 8.36311 -0.304996
424 23.1064 16.1731 1.89362
425 23.795 36.1962 -2.73379
426 11.5477 9.57061 -1.49653
427 24.4924 29.7746 -0.521022
428 11.8361 1.67208 -2.65886
429 34.5118 3.76108 -1.88025
430 8.56489 12.8931 4.20733
431 5.24625 12.6046 1.30032
432 13.1117 35.0821 1.84155
433 23.9417 20.422 2.02516
434 12.8693 23.6516 -1.59395
435 0.691422 27.568 -1.81678
436 3.60479 27.959 0.879649
437 9.129 2.41115 -2.54944
438 0.449371 3.61301 -0.198739
439 31.3124 21.372 3.98251
440 22.461 9.46308 0.782639
441 21.1241 36.6087 -0.902237
442 21.8996 8.74872 1.91216
443 14.6878 25.5661 2.15532
444 13.8977 28.3736 -2.21226
445 10.526 16.6592 -1.27075
446 23.9636 0.650426 -0.0758004
447 10.4515 6.78693 -0.221678
448 31.4021 18.7415 -2.05209
449 17.6664 20.8957 1.33867
450 7.54184 21.5692 -1.97422
451 36.1123 19.9055 0.38762
452 12.3539 3.82283 -0.253696
453 7.24558 16.189 3.74243
454 29.3298 9.60086 -0.895204
455 23.1657 39.2673 -0.528685
456 16.5511 20.9489 2.22685
457 25.2658 10.0741 -2.53755
458 23.5106 22.0826 0.371753
459 15.7475 38.6149 -1.52865
460 11.007 2.20201 0.291605
461 12.1905 2.92313 -3.56081
462 27.25 25.1302 0.845263
463 0.528953 31.9086 -0.345265
464 26.7751 37.0769 2.79049
465 27.9563 7.22086 2.95658
466 33.6568 24.2744 0.528466
467 9.49633 33.8388 -1.38211
468 10.6268 35.1407 2.63108
469 28.8134 0.808657 2.12006
470 6.43612 13.2008 1.8442
471 29.6134 27.3905 -2.61162
472 14.8732 5.20254 0.730707
473 16.3939 1.08517 -0.814999
474 3.68039 39.3271 -1.09936
475 30.8187 37.4645 1.08602
476 16.6965 16.1757 1.7436
477 12.5534 37.0851 2.57196
478 31.5456 25.8761 -3.6158
479 37.989 26.7103 3.76266
480 3.85937 26.6622 2.00978
481 30.904 6.63592 -1.00205
482 16.42 39.3814 1.80797
483 7.98496 36.3684 0.75477
484 21.9993 39.8416 -0.657432
485 2.70181 1.14159 -2.64886
486 12.1444 23.1331 -1.09244
487 27.4777 26.6679 0.0613931
488 0.674096 10.6515 -0.845184
489 21.7194 4.15607 -1.55809
490 38.345 3.32361 2.63524
491 18.0091 10.9244 -0.923419
492 19.7919 38.202 -1.22876
493 0.0528972 31.586 -0.778871
494 7.70346 19.1645 0.311234
495 35.0383 5.23268 -2.07521
496 22.6626 36.0751 -1.51806
497 16.6997 32.0109 1.1129
498 18.037 8.98278 -0.851644
499 7.94011 16.372 0.36612
500 9.90904 5.58055 1.58482
501 34.3021 6.15165 -3.15332
502 9.18587 2.63113 -2.28185
503 23.8681 30.6838 0.456848
504 0.5698 3.07572 -1.25729
505 9.66422 4.94705 0.962914
506 24.1449 28.6166 0.754673
507 18.8436 12.3602 -1.36393
508 8.75349 29.1362 -0.269277
509 20.966 37.9355 -1.33357
510 39.4195 7.08366 0.245351
511 23.4548 33.2879 -0.138563
512 38.2395 25.3679 3.35653
513 13.988 24.8925 -0.571785
514 6.1284 36.7358 -2.12832
515 13.7033 14.8272 -0.0529616
516 19.4937 37.1768 3.7241
517 13.1268 17.9069 2.13625
518 39.2197 39.7245 2.00652
519 19.2149 24.8837 -0.308675
520 4.90557 11.4436 0.331849
521 2.27452 0.806852 -2.91368
522 31.8199 18.9156 -0.946642
523 14.185 15.1595 0.764635
524 14.8114 25.2417 3.19563
525 11.6961 10.32 -1.77102
526 17.5916 27.5841 2.48057
527 10.9419 10.7592 -3.22862
528 21.6563 7.05474 1.5811
529 33.1798 34.9148 0.472374
530 31.4242 18.156 0.46846
531 23.4799 36.1901 -1.75748
532 23.9548 38.6983 -0.333703
533 0.0501713 36.2695 0.508892
534 7.58462 30.0922 -0.706422
535 28.3818 5.60468 2.65045
536 35.9346 12.6433 1.78818
537 4.44842 23.9104 1.80331
538 20.5524 37.1643 0.199532
539 18.8119 14.9097 0.656827
540 34.2536 21.1953 -1.8618
541 20.3445 25.5783 -2.1975
542 30.0279 34.243 -0.333245
543 9.48661 16.9149 -1.34993
544 35.1726 29.1982 0.822478
545 0.641748 19.8432 1.69651
546 31.3996 4.14788 1.45793
547 4.67559 14.2101 1.23837
548 33.8795 36.8063 -1.28341
549 39.9423 24.2926 -2.13245
550 38.8312 29.8767 1.15733
551 0.0438357 11.1367 -0.271046
552 12.6187 0.284222 -1.5253
553 13.9423 31.799 1.95993
554 15.5612 8.40028 2.91084
555 33.8773 9.67447 3.72163
556 0.762702 17.1966 -0.776217
557 15.9589 14.4198 2.82719
558 30.6178 1.60806 -0.117049
559 29.8381 32.3366 -2.0607
560 38.8064 25.3012 2.03188
561 3.97974 34.2066 -2.2575
562 9.36053 26.6737 1.28119
563 4.63318 12.2424 0.0760287
564 4.47084 25.8877 2.15772
565 10.8848 24.3035 1.73473
566 13.6287 0.864855 3.52857
567 36.0751 18.786 1.12205
568 39.4031 7.87695 3.37027
569 29.8771 28.4135 -2.49105
570 4.60553 30.6671 -2.11631
571 17.2909 8.16109 -1.01542
572 30.7994 24.3179 -1.00124
573 17.5418 31.3502 0.580206
574 8.67685 27.6052 -0.491627
575 9.13033 13.0988 3.6246
576 7.26937 6.08265 -0.51445
577 21.9219 39.7208 -1.92109
578 11.5875 35.3784 3.41676
579 13.2053 14.5641 0.376695
580 7.6724 26.7604 -0.962664
581 3.70702 29.0074 -0.707874
582 15.1787 21.9825 1.59765
583 23.3918 27.6016 -0.935327
584 8.14732 9.50619 -1.33748
585 1.35905 22.5042 2.49081
586 25.4805 28.5872 -1.80302
587 30.7778 34.482 0.669088
588 17.5621 1.11759 1.15453
589 26.8811 12.5675 -0.388381
590 7.57841 2.3555 -1.42484
591 15.5327 27.6878 -3.25122
592 22.893 21.393 1.54797
593 6.78426 20.8046 1.69762
594 7.08721 3.09544 -4.19267
595 37.347 26.857 1.77455
596 39.7835 39.5221 1.68353
597 27.3104 9.69591 3.05482
598 37.5714 15.3264 1.73108
599 15.5568 3.35629 -0.186221
600 1.2446 38.1388 1.117
601 21.1772 37.3956 -1.68649
602 18.3768 21.7044 2.1157
603 22.1748 2.9948 2.23024
604 29.3562 26.868 -1.7454
605 21.5524 27.703 3.62299
606 38.7001 30.632 2.89641
607 36.5127 10.1935 -1.19904
608 6.12199 2.34222 3.29137
609 23.7178 10.4145 3.30756
610 33.7577 29.1502 -1.32612
611 31.2425 28.7242 2.44944
612 19.0111 9.76509 0.851495
613 18.4915 9.23734 -1.45043
614 0.281284 36.0922 1.1779
615 35.5607 4.51351 2.87326
616 34.9735 19.1798 1.18273
617 21.6251 31.4179 -3.63469
618 5.41719 3.25365 -3.23398
619 29.3821 28.0546 -2.33346
620 36.3209 1.43147 -2.52396
621 29.2587 22.126 1.75783
622 25.8898 9.43537 0.00477855
623 14.5822 25.2409 3.31596
624 6.49245 13.9941 -0.534876
625 10.1345 3.39475 -2.90706
626 1.91454 0.0540026 -2.99301
627 8.33473 36.9521 -0.1907
628 19.495 10.2393 0.553583
629 28.6514 5.44483 0.948634
630 2.57412 3.37829 -0.427474
631 32.7059 2.43896 1.41931
632 31.1702 28.2319 0.800017
633 10.5005 20.6535 0.989773
634 2.76124 9.11965 -1.4041
635 30.4604 27.1492 1.01098
636 16.7811 14.2206 3.14193
637 10.6823 35.8434 2.67434
638 24.4256 29.0382 0.977747
639 28.1424 24.951 -3.27635
640 7.52811 25.6977 4.06568
641 34.0109 5.60083 -1.99791
642 10.656 37.7288 -0.880042
643 27.8857 37.2032 0.328263
644 9.29905 38.0584 -0.0207983
645 2.25186 7.39082 1.23041
646 16.7407 3.0377 -2.57814
647 15.1315 6.33957 0.166521
648 26.6017 36.6005 1.56302
649 9.17417 13.4068 2.47346
650 29.5961 20.7171 1.67908
651 30.3937 26.2031 1.45172
652 4.02909 27.2042 1.18475
653 7.7942 38.3414 0.499429
654 27.7012 19.6958 3.3349
655 26.004 27.7856 3.81357
656 16.2649 9.29401 -0.250675
657 33.0498 9.31609 1.95851
658 4.01177 27.0913 3.24836
659 38.5545 7.27566 0.823239
660 26.5255 19.5965 0.0820207
661 5.46775 19.3999 -1.68439
662 35.5121 39.7818 3.22525
663 1.63981 17.2696 1.12878
664 33.4675 25.2106 0.388704
665 38.1854 29.413 1.59623
666 26.5985 1.99903 -3.19735
667 38.3554 26.9909 2.42038
668 6.81641 36.1137 -2.98832
669 2.9422 39.7367 -1.38168
670 32.6166 27.5026 2.07247
671 35.2574 39.89 3.47089
672 22.6974 39.5736 0.546308
673 2.735 13.9607 2.50846
674 11.3289 25.069 -3.3031
675 23.3707 10.1732 1.59344
676 0.107078 7.05203 1.83528
677 7.2676 16.7491 4.66982
678 24.4074 2.14573 2.99524
679 19.5509 27.7711 1.3054
680 20.5194 37.1608 0.0435106
681 17.0585 35.6742 -0.53562
682 36.7989 37.1949 -0.933676
683 20.5813 32.5455 1.34726
684 9.72552 25.2859 -3.4215
685 28.8117 19.145 -2.5295
686 37.3938 29.7713 -1.5509
687 22.5031 19.8646 3.26176
688 18.6612 12.0825 -1.43332
689 7.02562 4.90574 0.556279
690 10.5538 4.99299 0.694757
691 13.1182 28.673 -0.343641
692 25.6022 19.601 1.58199
693 5.37227 25.1744 0.00547434
694 23.5575 18.057 -0.450547
695 11.6349 29.3221 -1.77796
696 16.1608 16.4749 2.05439
697 22.8646 38.4729 0.399975
698 8.77705 9.7689 0.0276358
699 37.2978 26.7731 3.60962
700 8.05214 37.3557 -0.446342
701 14.003 4.59228 0.239272
702 7.23655 0.798022 0.201853
703 2.30165 5.67576 2.42908
704 27.3203 1.18 -2.03983
705 7.03645 20.606 -1.46602
706 33.2084 36.5887 -0.303733
707 22.749 1.19026 -1.8364
708 37.7468 17.6565 0.824174
709 26.1451 14.9153 -3.15582
710 10.3001 37.4781 0.0435873
711 39.7817 30.3969 0.200984
712 23.7325 27.4147 1.35892
713 36.2556 16.6469 0.708543
714 28.9264 1.58948 -0.32281
715 38.4214 26.28 3.23504
716 19.0215 34.0154 1.88387
717 15.4059 30.5925 0.944618
718 2.80909 27.297 1.09918
719 4.70797 30.4155 -1.53161
720 22.4975 18.6634 0.482923
721 20.397 32.7408 2.72461
722 1.95219 5.98814 -1.01576
723 9.72677 35.579 -0.528354
724 15.6294 3.4641 -0.0166635
725 28.3056 0.814389 -0.198314
726 0.166987 24.6558 -3.48534
727 10.1709 15.5921 -1.68737
728 2.29044 32.1835 -0.953824
729 14.0802 5.21814 2.03146
730 21.465 12.2292 -1.05287
731 37.7158 16.9509 2.27332
732 22.7922 1.16886 -0.182034
733 21.4751 32.5511 -3.96338
734 37.6493 6.67094 -0.61911
735 14.6632 38.2921 -0.972184
736 23.5605 30.3529 0.801278
737 5.58549 32.2792 -0.977075
738 22.239 9.78768 1.21447
739 14.4591 13.9263 1.25306
740 33.1689 20.1838 0.619575
741 4.0524 26.3422 1.29883
742 10.9835 21.2822 0.283066
743 24.2482 22.2788 -0.785248
744 31.2113 21.9348 3.76537
745 22.5226 0.535827 -2.956
746 22.4611 9.16607 3.41005
747 19.2975 28.8539 -1.42315
748 12.716 28.8447 -0.603858
749 12.1219 2.86713 -1.06899
750 2.97751 29.9414 1.96598
751 39.923 31.839 1.37247
752 9.10924 25.789 4.59885
753 24.2192 28.7055 2.01846
754 26.6587 27.4122 -3.01121
755 35.0606 4.37909 -2.42132
756 14.7367 11.6228 -0.1455
757 4.27907 31.6659 -4.50378
758 5.65427 16.6274 -1.50425
759 15.8887 26.7214 1.41706
760 4.0649 25.9254 0.337322
761 5.58605 16.2712 -2.06399
762 22.3384 28.7909 1.08061
763 3.06983 6.23774 -0.336753
764 10.4462 18.0594 -0.682604
765 0.509719 18.8649 0.572842
766 8.18013 11.3151 -3.52384
767 38.3283 9.00304 -0.844579
768 3.69448 24.0581 1.70182
769 13.6425 34.5748 -0.534139
770 4.98386 28.3691 -0.342892
771 12.7404 15.0808 -1.09711
772 10.2972 33.164 3.41873
773 32.5067 25.3011 -1.03166
774 38.9771 29.9786 -0.0126804
775 13.7146 3.00243 0.0269279
776 10.827 9.49338 0.0718856
777 35.9004 22.7963 -2.56397
778 34.6839 26.3857 -3.47556
779 19.1118 6.21598 0.469886
780 33.2634 6.7931 -2.22283
781 16.5475 38.0046 -1.38388
782 3.60176 9.37699 -0.78217
783 13.3403 21.8782 0.398064
784 29.2864 2.45033 -3.02356
785 20.2439 19.6909 3.13931
786 7.71806 21.2512 1.15935
787 38.4527 4.77558 -0.245282
788 1.45854 26.5314 0.983556
789 3.6319 6.83886 0.0478308
790 14.2796 31.0891 0.376158
791 9.32235 22.7917 -1.46921
792 9.64329 22.0509 2.29633
793 15.403 34.5522 1.1533
794 20.4796 28.9249 -2.98653
795 2.37432 2.94396 -0.398089
796 17.2574 13.6966 1.8903
797 39.7094 38.9141 2.11033
798 35.2319 12.3568 2.92987
799 27.765 13.7599 -0.225128
800 1.10223 13.0677 -2.91602
801 16.7438 22.8341 3.40276
802 32.2704 27.9583 3.13793
803 14.9131 1.0123 1.95738
804 1.46449 15.9573 4.16398
805 2.19622 30.0977 1.51096
806 8.14233 34.9966 0.999486
807 26.7843 13.7804 -2.3035
808 14.0442 30.8181 2.04477
809 29.8529 25.9893 -1.94393
810 21.0249 32.0159 -0.475742
811 0.460306 20.7083 -0.718958
812 12.6976 1.04395 -1.19034
813 5.45202 14.981 0.803851
814 29.2161 0.623347 1.13108
815 25.8192 20.5593 -0.489536
816 19.3184 37.4141 2.68027
817 15.1207 35.3817 1.25821
818 0.297786 7.11114 3.15159
819 34.6635 4.6195 -0.383567
820 13.1991 38.6546 1.60774
821 15.8628 8.72123 1.03794
822 4.34255 33.3128 -3.00978
823 19.9502 1.88282 0.778746
824 33.6388 12.5321 -1.40088
825 39.2193 2.96071 1.22271
826 4.46896 16.0287 -1.49292
827 36.6626 4.70948 1.6143
828 18.2552 18.2645 0.785886
829 11.1011 1.85195 3.68162
830 12.9743 13.9875 0.596561
831 23.8664 36.4524 -0.67556
832 34.6612 37.4716 -0.743243
833 16.9322 20.4449 3.60127
834 16.5456 5.55992 -0.984054
835 1.25133 29.1183 -0.390036
836 20.0068 30.5676 -1.22695
837 30.6911 34.779 -0.747022
838 15.7759 3.60536 1.04745
839 11.9863 9.6431 -1.22058
840 20.6789 15.5678 1.62551
841 25.6743 37.096 0.786378
842 20.8783 37.2152 -1.2911
843 19.7232 1.83072 3.25672
844 7.34666 26.3084 -1.04441
845 8.00807 34.758 -0.284979
846 5.59178 16.4202 -3.11329
847 39.8102 23.8417 1.82822
848 20.5988 31.6288 1.23677
849 22.7642 16.3879 -0.835922
850 34.4273 33.9466 1.83122
851 2.16074 0.369418 -3.30149
852 32.5465 27.4262 2.69996
853 21.0104 18.2285 2.32794
854 9.47639 36.7777 0.30996
855 9.25394 36.9875 -1.83169
856 12.2713 28.7572 -2.8203
857 14.3658 35.4925 0.296103
858 26.9355 32.4884 -2.67096
859 7.48536 36.4888 -0.886321
860 1.04002 17.6192 -1.04662
861 7.63717 18.0854 -1.60401
862 6.59405 24.0034 1.43764
863 10.7287 11.0479 -2.69829
864 8.40005 8.39689 -0.271259
865 18.3196 31.3786 1.24378
866 30.3038 1.49071 -2.57823
867 24.6361 28.6446 0.0557044
868 33.9052 34.7142 3.20904
869 37.0803 19.1686 1.8064
870 37.4579 5.07979 2.36198
871 13.2572 23.9849 0.083414
872 32.7713 15.3389 -1.19675
873 6.96499 18.3255 -1.62976
874 22.1181 13.2044 -3.17753
875 30.3987 2.9459 -1.29578
876 23.5429 30.8459 1.15572
877 4.65289 15.8499 -0.178468
878 36.8869 5.44743 1.86592
879 14.8556 38.0111 -0.0076106
880 30.1632 25.7699 0.889879
881 11.3455 21.5619 0.652789
882 25.5148 6.70401 0.0874814
883 38.6569 24.3304 0.9279
884 33.493 13.3412 -0.963979
885 12.6019 5.17722 2.28456
886 15.4587 19.6579 -2.22932
887 6.45485 22.7709 4.58239
888 28.4421 32.579 -3.70848
889 39.2281 9.22137 0.814272
890 13.4974 7.26924 -0.249961
891 22.0135 30.2617 -1.54757
892 25.5445 14.3188 -1.23767
893 35.5084 18.5338 1.67472
894 23.7645 29.7248 -0.341799
895 33.3829 10.0115 2.12683
896 15.0574 0.565869 1.38017
897 4.30227 17.6947 -1.97848
898 25.0507 22.0783 0.78881
899 15.7252 25.7045 -1.37421
900 15.2141 39.1695 -1.23977
901 0.407079 39.9742 1.9152
902 39.9196 32.5212 3.66057
903 23.8728 38.5204 0.782437
904 19.6521 38.9556 1.1261
905 34.1841 37.1102 -2.64677
906 20.6214 9.51716 1.68974
907 17.1022 25.4556 0.732513
908 29.3061 5.17857 -0.149712
909 9.97789 37.3483 -0.619554
910 10.5379 22.9592 3.63686
911 35.2607 0.579644 2.64903
912 25.6793 22.0455 -3.55793
913 32.6071 33.8128 -0.604002
914 38.8116 18.7651 0.492731
915 38.2196 0.372938 3.18196
916 37.4325 15.1331 3.2717
917 11.4069 25.2852 -2.27394
918 29.6847 6.815 -2.11507
919 17.5774 30.5483 3.53599
920 38.7648 21.8972 1.31564
921 32.9099 18.7241 -4.6379
922 22.7584 13.1781 -0.8988
923 9.43517 24.3602 -1.43981
924 33.8509 23.681 2.13512
925 13.5906 15.3554 -1.49039
926 15.2497 9.92985 2.00961
927 39.2158 32.0474 0.674202
928 32.1502 1.43894 1.17132
929 10.5594 27.0593 -2.69765
930 7.47542 4.71049 2.51504
931 15.6135 26.8875 0.304877
932 31.7018 18.7015 -1.67048
933 22.3498 37.3058 -1.59193
934 25.9453 14.7678 -3.78559
935 9.98587 6.22873 -1.61721
936 17.1831 22.2535 3.00587
937 15.0866 3.99655 0.622164
938 12.3673 19.4144 -1.79387
939 9.15575 2.9748 -3.73244
940 10.6687 18.2258 -0.281456
941 37.6348 21.7595 0.152407
942 7.06726 21.0432 -1.57925
943 9.41636 3.03941 -2.97299
944 14.7239 5.0135 0.351453
945 5.57039 13.014 3.83313
946 13.8973 13.343 -0.493351
947 8.65702 9.03945 -1.99271
948 19.5683 1.92427 3.05659
949 7.00942 12.4371 2.09807
950 12.3901 29.2839 -0.294041
951 10.7118 5.59864 3.34385
952 11.351 21.3015 1.38698
953 37.0257 21.6616 -0.701887
954 12.5308 27.7464 -1.01975
955 6.74414 38.7539 -2.18362
956 20.0759 12.9969 -1.02212
957 36.6614 18.3345 3.26465
958 39.7418 7.58888 0.36148
959 35.9591 18.5051 0.660858
960 13.9552 30.0037 -0.17717
961 1.85618 28.0935 -1.06991
962 13.7234 32.5883 1.55245
963 9.23705 37.4759 -1.00756
964 2.91092 8.56164 0.00422777
965 1.08611 29.3764 -1.86284
966 12.128 13.4525 1.0196
967 18.6835 37.5204 2.8298
968 38.6289 15.481 1.12311
969 19.4315 1.94085 -0.215376
970 15.1804 38.326 -1.88172
971 13.6633 19.2042 -0.652522
972 16.2935 23.1293 1.83056
973 38.5616 19.3348 2.49132
974 1.08034 26.9839 1.13034
975 13.9222 21.9257 4.24039
976 9.3972 16.347 0.56414
977 7.08915 4.44389 -0.664103
978 8.38116 35.9547 -0.261055
979 9.00921 2.24182 -3.93427
980 33.5368 4.8439 -0.0774085
981 6.60168 24.0402 2.91913
982 2.48951 36.3663 -1.60527
983 36.0661 17.4528 -0.583462
984 13.1404 28.1787 -0.386147
985 3.21589 26.3283 0.603137
986 17.4683 23.0507 1.41439
987 9.44794 10.2879 2.02842
988 10.7285 21.1564 2.33348
989 21.9749 34.4904 -2.95871
990 23.0267 24.4213 -2.50698
991 10.4887 15.6495 0.181744
992 12.4628 2.33484 -1.04136
993 17.2095 8.47737 -0.683163
994 21.586 18.9177 2.65245
995 22.0804 8.36279 2.2649
996 3.49626 19.8056 2.2457
997 5.5231 16.9529 -1.25611
998 0.939215 29.9437 -2.00591
999 35.5109 3.8751 -3.8272
