1000
Particles
0 0.390377 33.0284 -1.48165
1 31.5029 20.9681 0.947347
2 19.4551 5.71436 -3.64348
3 8.8693 34.7741 0.54955
4 18.8721 20.5934 0.580797
5 23.2295 9.91044 -1.4787
6 30.1076 4.48865 2.19364
7 34.6302 17.3785 0.787905
8 3.35674 27.9188 -2.40232
9 27.5877 18.1886 -0.0418938
10 27.0394 34.2052 0.60799
11 39.2913 33.3278 0.30195
12 33.1204 29.6608 -1.97291
13 1.63488 9.26797 -0.23793
14 28.5599 18.7658 0.0337255
15 25.0091 29.1146 1.76715
16 22.083 32.2206 -2.7555
17 33.6622 11.7184 -0.957092
18 35.509 12.9515 2.80121
19 16.3884 22.95 0.821513
20 7.46041 11.2547 2.04815
21 38.5245 5.50779 -1.51768
22 39.4292 15.9175 -1.29973
23 29.9393 21.8545 -3.06523
24 36.5013 7.62344 0.163927
25 4.24007 33.7359 -1.02525
26 21.6313 30.363 -1.55794
27 14.9537 17.5578 -2.23982
28 2.33737 29.2507 -2.8063
29 33.0595 5.69779 -1.77287
30 17.6299 21.2331 2.20302
31 15.6804 18.1819 -1.27773
32 20.8192 9.33712 2.83432
33 11.1804 39.4042 0.182504
34 27.9646 15.1035 -2.15614
35 24.2441 39.7096 -0.140709
36 17.4477 0.109931 1.67883
37 36.6987 24.781 2.25577
38 32.5803 39.6442 -0.169405
39 28.9136 17.6298 -4.4331
40 35.1855 35.3332 1.96019
41 17.469 12.1435 0.674421
42 38.2978 16.8382 -2.48299
43 26.1222 34.4028 0.842904
44 23.7277 27.5005 1.72671
45 4.92933 28.6046 2.18307
46 1.04793 8.00158 0.872274
47 34.3876 6.22982 0.840457
48 2.11366 35.34 -0.916966
49 8.16481 33.5105 0.425993
50 36.9025 0.247025 -2.53595
51 17.2271 38.4127 -2.68288
52 33.2695 13.4397 1.86773
53 14.0762 4.54223 1.40048
54 32.1748 27.546 -3.61643
55 38.9978 19.6835 1.52066
56 24.3472 6.27032 -1.28047
57 2.68074 29.7649 0.473919
58 37.935 24.356 3.46062
59 6.46253 33.776 -0.576474
60 6.31582 26.1036 -0.00637258
61 16.3136 27.7579 -0.440982
62 33.8007 1.67563 1.5503
63 8.5322 14.5554 1.1005
64 38.0566 26.1435 2.76749
65 14.0308 37.5616 -2.41901
66 13.4137 17.9975 -4.14297
67 27.9891 18.9259 1.01839
68 11.0861 3.12306 3.48571
69 11.4589 4.9972 -0.704424
70 8.05485 35.1498 3.299
71 20.0628 10.2848 3.59869
72 7.84398 13.4334 3.55292
73 24.3962 28.3737 3.00682
74 7.32922 3.95029 0.733166
75 4.9459 32.6432 -2.59922
76 17.1743 5.65462 -0.422021
77 6.07931 27.1921 -3.77641
78 1.60285 29.0138 1.58598
79 37.3624 4.34162 1.21918
80 36.1106 7.1269 -1.58048
81 1.75013 24.9547 -0.486418
82 11.5498 9.33501 -3.37798
83 19.1266 27.0254 1.73902
84 16.2523 17.9695 1.84271
85 0.540682 18.3862 1.73764
86 19.4956 4.3982 0.553409
87 21.0884 34.3912 2.44664
88 5.62136 38.976 0.546725
89 4.75976 38.6315 -1.58696
90 37.7588 33.973 -1.27529
91 19.2877 17.4251 -2.48983
92 13.8442 20.1064 -1.01956
93 16.9959 5.73526 -3.01183
94 16.6095 21.3366 2.88274
95 17.5796 38.2835 0.00259079
96 11.1793 29.9779 1.68382
97 24.4106 34.3833 -0.142379
98 1.01116 19.4611 0.250753
99 11.0063 3.37982 1.66396
100 27.2642 19.1524 0.224842
101 22.9491 24.4375 -1.02732
102 20.0242 32.9896 -1.61423
103 10.5681 3.62148 2.60398
104 22.9002 6.04745 -2.31805
105 21.709 31.2082 -1.75641
106 30.7557 15.1626 2.73785
107 17.8141 21.625 1.3329
108 25.8158 10.3535 0.636145
109 37.4511 37.5424 -1.28023
110 13.0457 0.30751 -0.243494
111 38.8907 30.9988 -2.19673
112 29.3672 38.685 -2.20688
113 39.8956 22.23 -4.17363
114 39.3872 26.2258 3.07461
115 30.9492 26.0273 0.362145
116 24.6106 30.8491 0.708546
117 25.9546 31.5346 -1.64268
118 22.4239 3.61648 1.51873
119 34.3223 16.5836 -1.88286
120 28.0647 29.8381 3.16755
121 25.317 13.1742 2.26805
122 36.9187 18.0004 -1.17776
123 8.27719 28.1369 -0.462327
124 15.1837 39.203 -1.77263
125 26.7609 0.867126 2.3897
126 27.8 22.6312 -3.14573
127 35.7319 5.86319 1.76944
128 38.2581 10.3785 1.251
129 0.322281 13.4373 2.38672
130 34.7367 5.90146 3.14463
131 35.2549 25.589 3.06966
132 19.6169 39.5507 -0.235318
133 35.4936 31.936 1.8808
134 2.39987 27.9799 -0.750104
135 10.1667 9.53553 2.16917
136 26.1632 6.08557 2.48426
137 27.343 32.754 -2.70103
138 11.2639 21.6187 3.94785
139 13.7823 1.54034 -0.298513
140 21.0949 32.155 -2.93041
141 31.1449 28.8279 -0.479265
142 26.7479 4.8107 0.286602
143 16.6537 25.8967 2.75788
144 0.675299 26.336 0.0552569
145 27.6424 18.1105 -1.75612
146 32.3147 6.01188 1.34174
147 37.4521 2.09846 -3.21993
148 37.361 9.79314 -1.06814
149 14.2231 24.4627 -4.55749
150 18.6879 15.3223 2.75254
151 37.3071 1.07861 -1.70512
152 18.1445 13.4155 -3.10767
153 20.5062 3.36931 0.61974
154 27.4748 38.2362 1.66805
155 36.5243 27.4693 -1.12465
156 38.1838 26.2082 2.5338
157 13.4153 11.1039 -0.608202
158 17.4897 32.2401 -0.73373
159 18.1604 24.4329 -2.44799
160 1.724 12.9654 2.77063
161 9.23976 21.549 -1.46701
162 26.9772 32.8725 -2.3362
163 8.11173 6.12103 -0.33822
164 15.9424 3.38389 1.68389
165 24.0176 11.0335 1.63964
166 36.5282 7.93894 -0.387631
167 11.165 35.2913 0.719912
168 2.2587 22.6655 -2.66949
169 37.3433 31.4074 -2.58267
170 3.90368 35.0154 -3.79957
171 23.6193 1.32019 1.20957
172 2.01935 17.8131 -1.98841
173 21.7508 33.5657 4.05875
174 14.5027 37.2244 -2.97426
175 39.0151 5.59765 0.532253
176 19.8658 20.1863 -3.58389
177 13.0987 8.75605 0.8145
178 25.0339 17.1813 4.34839
179 31.937 6.72963 -0.314438
180 16.8628 9.46867 4.05511
181 38.4916 28.8702 0.897373
182 21.5768 14.5912 1.43031
183 4.96699 24.8929 -2.06493
184 33.1692 2.50024 -0.172953
185 12.0181 13.7681 -2.16351
186 22.4639 1.13377 -1.12457
187 7.53083 39.2377 -1.69492
188 21.003 17.6646 -2.78197
189 10.9671 25.656 -0.230077
190 23.6884 22.4454 -0.826376
191 14.4593 30.9531 2.44969
192 37.079 5.80145 2.34756
193 32.7388 17.8561 2.66356
194 20.0054 26.4595 2.27294
195 11.8383 18.1769 -2.34595
196 27.4893 38.7767 2.56112
197 17.1699 34.858 -2.16425
198 28.458 20.4723 0.776474
199 10.2715 10.3775 1.65666
200 32.2181 35.3726 -1.73363
201 35.7736 17.9727 0.828942
202 14.5291 19.4306 -2.82294
203 25.966 17.6017 2.63028
204 33.6348 30.196 1.0269
205 35.9235 30.8163 -1.19344
206 17.4371 5.21575 -0.423299
207 36.5288 32.5687 0.981857
208 33.2835 23.3619 1.15638
209 11.5841 34.5404 -4.55437
210 9.17359 25.1414 0.780385
211 38.2647 20.6014 -0.95826
212 36.3252 32.7083 -0.381076
213 0.802691 9.27341 -0.216053
214 28.13 22.2621 -2.33408
215 35.6641 20.9073 -1.76734
216 29.3743 24.139 1.9142
217 9.16495 9.46477 1.77492
218 15.5277 18.3611 0.402676
219 23.0909 39.951 -0.534007
220 13.2774 5.29126 -1.20332
221 21.239 9.24726 -1.718
222 38.1669 32.1828 -3.20236
223 19.6421 27.3393 2.12391
224 2.39285 28.8027 -0.669567
225 33.6634 10.2116 -2.26153
226 37.5379 21.75 -0.758854
227 3.95118 10.8622 -1.85878
228 17.1394 6.36831 -0.360875
229 38.5712 18.9974 0.209554
230 31.1942 7.56744 -2.88721
231 19.2796 24.232 -3.47965
232 32.3804 5.00442 -0.313858
233 39.8238 9.9417 0.29194
234 8.10285 38.2383 -0.949616
235 39.1584 8.13022 -1.56693
236 13.7155 35.0561 -0.0611775
237 11.0689 26.2195 -0.63846
238 12.2206 12.2108 1.05062
239 34.8609 11.2057 -1.77591
240 20.1779 20.5597 4.32022
241 14.082 31.2828 2.48398
242 37.37 7.43767 -2.1922
243 26.152 1.21533 1.16266
244 35.5413 18.5276 -1.90673
245 18.9248 1.70954 -4.41002
246 30.7041 4.35748 -2.96632
247 7.6061 38.7982 -0.149285
248 8.72133 24.9455 0.666781
249 15.978 36.245 2.38302
250 15.1807 1.17383 2.73946
251 38.0028 7.1086 -0.402596
252 34.6146 16.3271 0.0675767
253 31.7122 13.6608 -0.214439
254 37.7016 0.540317 -1.99945
255 27.3185 26.915 -0.780161
256 6.95802 5.78449 0.92128
257 28.217 16.9969 2.00225
258 32.1194 34.1413 -2.90432
259 37.8213 15.1208 -1.85424
260 3.37431 11.0676 -2.58691
261 27.2514 26.0171 -0.696797
262 26.9493 34.2374 -2.13734
263 36.4338 6.67402 0.791583
264 9.50353 25.2529 -2.64193
265 38.6666 26.8787 3.09799
266 39.2429 14.1262 1.1574
267 1.17017 26.9192 -1.70925
268 8.90236 26.1824 -2.93468
269 23.9637 36.0136 -3.57079
270 2.31027 11.5023 0.630724
271 33.1785 7.43755 -0.841933
272 18.5506 18.839 1.43373
273 26.9584 34.896 1.14213
274 9.92456 9.12572 1.78339
275 8.94855 25.0015 1.40389
276 27.7974 18.2819 -0.74546
277 7.22734 19.451 3.13847
278 4.32218 12.5649 2.73974
279 7.77069 25.5914 -1.02529
280 7.65283 26.4016 2.34225
281 25.0617 15.2846 -1.80106
282 15.3182 22.1125 1.53751
283 21.0186 34.0418 2.30965
284 24.9322 20.5419 -1.93012
285 38.3383 38.0464 1.1281
286 33.2821 5.89304 1.46967
287 12.6716 15.5683 -2.02493
288 0.261698 36.9378 -1.15664
289 11.4966 29.3636 -0.126674
290 36.4162 24.066 2.45446
291 13.3819 8.76176 -0.249918
292 39.5893 19.5542 0.161955
293 4.64711 5.89662 0.925369
294 29.6429 28.4587 3.91996
295 20.2711 9.65793 0.244713
296 24.7879 28.2799 2.0293
297 39.2081 27.1854 0.765443
298 24.4499 35.9967 -0.847784
299 21.9013 26.1062 -1.3105
300 22.1425 3.65247 2.05718
301 31.0439 25.5446 -0.444706
302 18.7875 37.7144 2.94753
303 5.56054 27.6342 3.05907
304 10.4963 26.3755 0.175837
305 5.41755 23.2226 -1.89021
306 30.4254 15.008 2.50936
307 12.3919 12.8489 2.1441
308 6.5049 18.8743 1.46883
309 14.6726 33.3165 -3.65984
310 17.7215 20.8199 0.387057
311 21.8711 5.19604 0.117678
312 35.7268 3.22631 -0.67272
313 26.2689 0.163316 1.58323
314 17.3956 2.22283 -1.0507
315 0.268413 34.2932 -0.797569
316 38.2606 37.4571 0.810662
317 27.778 28.9247 4.02121
318 27.4828 24.0632 -1.10756
319 2.95559 36.8028 1.51873
320 5.22221 25.2732 -0.803707
321 29.5073 2.97874 1.39296
322 6.67621 35.7379 1.76184
323 17.1641 32.2487 -0.142784
324 27.0179 15.3166 -3.21722
325 10.4979 31.9765 1.71302
326 2.57057 15.7724 -3.8313
327 20.7534 34.1589 2.35235
328 18.4913 26.9213 0.578874
329 7.64455 18.2992 -4.00204
330 3.01774 11.4026 -1.95027
331 14.3207 37.7164 -3.45146
332 34.8524 13.3537 4.29728
333 25.4608 15.9539 -1.12015
334 17.0042 5.44434 -1.50817
335 6.60747 39.9962 -2.55282
336 14.9491 37.2273 -2.48507
337 9.69343 17.2182 0.830046
338 14.5149 29.0257 -4.49207
339 38.5874 32.0739 -2.78423
340 6.43535 25.9056 -0.874752
341 32.7809 29.9556 -0.834162
342 10.685 15.7113 1.48582
343 10.6833 14.8536 1.84732
344 12.9307 2.04758 -2.23578
345 30.6405 28.8281 -1.48058
346 17.0128 6.20508 -2.64927
347 3.94512 37.1567 0.0734117
348 9.59652 19.2825 -2.64129
349 17.7806 20.4309 0.0131691
350 5.30617 18.4532 -3.92163
351 7.27313 18.7402 -3.06812
352 28.9301 26.1941 -1.09526
353 27.624 6.8279 1.84653
354 36.8546 39.4886 -2.61457
355 17.5713 21.3468 1.0812
356 27.4703 34.9077 2.12648
357 11.3312 24.4364 -2.06275
358 13.8881 17.8055 -2.99335
359 34.7804 26.1999 1.17559
360 30.8831 25.4989 0.990548
361 28.5898 30.9469 -3.79316
362 2.04264 23.764 -1.73628
363 39.2713 13.2406 -0.20365
364 3.63797 16.4835 2.06321
365 10.8063 37.7047 -0.723519
366 17.0973 9.52415 1.35077
367 12.3 0.668304 0.771618
368 22.1662 5.48631 2.01185
369 14.5129 37.7825 -2.19642
370 19.377 29.3617 2.03923
371 19.8106 16.5414 -2.94326
372 24.0951 28.1194 3.46191
373 17.7619 11.6959 -0.203634
374 11.8292 16.7674 -1.64209
375 14.0207 12.0214 1.29786
376 38.4949 26.846 4.16827
377 1.01458 6.90518 2.31122
378 13.0656 2.74887 0.0489786
379 36.1063 28.989 1.23965
380 35.8929 29.9234 -3.29355
381 10.7079 34.874 2.30649
382 2.95323 16.4355 4.0698
383 22.1317 32.2185 -1.28941
384 31.3 6.90687 -0.0925111
385 16.7862 18.4538 1.50238
386 25.0835 10.1334 0.484944
387 3.52524 3.2751 -2.78004
388 32.3643 26.4591 -4.35346
389 4.30922 4.59324 -1.14379
390 32.9427 23.282 2.25651
391 17.3149 10.0993 3.98464
392 20.4849 28.1256 -0.941205
393 18.6791 6.14809 -1.4312
394 27.4179 37.7561 3.19843
395 35.7358 15.9856 -0.846264
396 0.426918 7.06671 1.38353
397 4.88402 1.0704 -1.09221
398 38.4462 30.6373 -4.23652
399 37.5639 21.1216 0.172463
400 1.72843 38.8004 0.250525
401 24.1818 34.6598 2.18629
402 36.0334 8.35865 -1.26124
403 0.538451 25.2538 1.81511
404 24.3188 28.8756 1.97966
405 4.7998 24.9919 -1.52365
406 22.7295 2.91589 1.01094
407 36.3634 4.72849 3.80341
408 6.7034 14.102 -1.40173
409 17.3397 3.62731 -1.85032
410 23.3783 25.4152 -0.573149
411 14.4318 22.0306 0.954235
412 2.72998 4.07304 -2.83331
413 13.1379 13.7581 -0.0862019
414 4.4645 14.7681 4.23558
415 11.9568 28.3306 -2.09346
416 20.5836 33.6894 4.0345
417 0.175498 2.10267 2.42278
418 27.0691 22.5195 -2.11696
419 24.1917 5.72097 -0.674353
420 21.669 1.26061 -2.37307
421 7.21907 17.887 -2.47765
422 12.1109 10.8829 -1.43911
423 28.3875 6.58491 0.803541
424 27.0414 22.3875 -3.98496
425 18.484 3.79259 1.51564
426 7.68327 19.2524 0.858916
427 16.1648 18.1716 -0.642486
428 3.19091 9.58504 4.55996
429 2.95529 10.2315 2.06285
430 18.5913 17.5835 -2.97569
431 5.46335 9.92493 3.01757
432 22.4612 32.4749 0.381248
433 27.1777 22.7912 -1.84582
434 8.65916 25.4287 -0.145014
435 30.6337 35.6431 3.89176
436 1.18837 25.4878 0.565944
437 12.9773 32.7441 -3.39452
438 5.54486 22.1303 -0.559625
439 32.9651 20.9824 -1.25264
440 23.7293 7.72813 4.79214
441 13.6023 1.51924 -0.854988
442 11.6239 26.3877 0.632502
443 22.8558 16.4318 0.450178
444 14.0812 18.6936 -3.45073
445 11.06 25.3283 -1.70382
446 20.2749 8.76451 3.23556
447 1.97034 7.78362 2.80928
448 28.3937 29.6066 1.1588
449 16.3302 19.9873 0.764543
450 6.61956 18.9984 -0.692554
451 37.96 10.5208 -2.31932
452 12.8334 13.5576 -1.23119
453 5.73528 27.7739 1.11704
454 33.3906 8.61196 2.33682
455 32.5448 6.5228 0.572056
456 8.19167 7.90712 1.49728
457 23.36 18.5899 -3.01806
458 35.2884 16.921 -1.1311
459 10.9503 6.31912 0.592298
460 8.93962 2.62902 0.592187
461 12.2601 0.338897 -0.907478
462 25.7192 17.8366 -3.63109
463 3.29854 29.6515 -0.284338
464 29.6573 21.9404 -1.20524
465 28.2196 18.8054 0.858233
466 32.7863 19.3344 -1.43105
467 10.7444 34.8436 0.915067
468 26.1999 32.3985 -3.22172
469 16.3306 32.0178 -3.37763
470 9.50988 14.9412 3.08563
471 35.7254 18.9773 -2.20023
472 11.7824 9.02701 0.00690743
473 13.4775 2.05804 0.417715
474 8.56197 36.9917 -1.91871
475 32.2 6.03036 1.20343
476 18.1993 27.5704 2.48253
477 15.4332 34.9967 -2.00193
478 28.2321 23.5353 -3.54876
479 38.5067 27.0762 1.78065
480 33.9391 18.6594 1.94967
481 27.3853 37.8306 2.71933
482 9.31129 29.7956 -2.18297
483 13.9549 31.2661 3.11164
484 11.0322 33.7744 -3.45122
485 7.1698 0.270846 -4.08882
486 16.3302 28.6209 -2.306
487 32.5263 29.9457 0.331713
488 37.7212 10.0017 0.303453
489 17.0336 1.50496 -2.46012
490 9.23125 2.31283 2.21565
491 16.1982 7.10539 -2.72785
492 19.6156 39.3511 1.36045
493 4.49927 27.3165 -0.736504
494 10.3311 18.8036 -1.18479
495 34.8778 16.7744 -1.38046
496 28.4891 22.4185 -2.87066
497 1.01864 26.4251 0.0154212
498 16.5435 18.146 -0.724675
499 11.1317 19.5704 2.71606
500 4.81772 16.1705 -3.31477
501 27.1693 11.4359 1.7114
502 35.6369 6.91229 1.46695
503 16.2953 29.4096 -2.66792
504 38.0558 32.8913 -0.914245
505 9.43053 2.94082 -2.35991
506 28.1995 28.494 3.1973
507 20.6534 13.7706 1.21568
508 0.976626 24.2962 -0.0641754
509 23.659 39.5596 3.15323
510 32.8489 2.42366 -0.593709
511 23.8618 34.198 -0.457304
512 36.4003 31.3467 -2.60196
513 14.3157 32.381 -4.44
514 10.7445 26.8396 -1.00778
515 14.2497 17.0393 -3.05247
516 20.4135 0.131691 1.54386
517 15.9221 16.3596 1.58891
518 13.1041 10.4425 -2.78993
519 16.5218 19.1868 -0.182173
520 37.449 10.2378 -0.281035
521 36.509 24.8542 0.483252
522 20.2802 16.8456 -2.70512
523 12.0252 17.8476 -0.606045
524 8.43988 25.2071 1.06986
525 4.87883 11.949 -0.545108
526 4.30011 25.394 -2.72195
527 15.8836 5.26754 -2.07308
528 20.7189 3.74564 0.548362
529 33.7536 8.02325 0.479209
530 33.5731 10.8004 -3.5409
531 25.509 11.862 -0.264138
532 19.6572 36.8196 -2.24331
533 19.8201 28.0557 -4.086
534 12.0305 24.4397 -2.59119
535 2.85959 3.52083 -3.73021
536 33.0165 18.3622 2.92459
537 1.94574 22.7266 -0.21634
538 2.55888 1.86927 -2.73703
539 3.36837 4.06366 -2.59382
540 29.2289 25.3532 -0.846134
541 26.2728 21.7337 -2.25631
542 37.8658 31.047 -0.4805
543 8.13311 15.7345 2.22232
544 2.08924 3.37317 -2.02087
545 19.4044 23.1611 0.63892
546 1.8104 33.731 3.42953
547 7.45692 15.8134 -0.439428
548 37.0078 31.5954 -0.834949
549 39.3268 27.4484 3.38729
550 5.57687 30.6076 -3.11647
551 20.4726 16.9339 -0.157155
552 1.94295 3.88874 -3.12049
553 18.6468 27.8283 3.65899
554 20.8094 8.46056 0.326264
555 39.2893 13.9823 0.297067
556 32.1707 23.7061 2.03915
557 10.0793 25.2487 -0.790102
558 37.0707 5.92754 -0.976007
559 27.913 32.7439 -1.05127
560 31.2821 26.5482 1.39698
561 5.87335 22.7472 -2.23424
562 5.24835 25.827 -0.338193
563 6.5247 14.5008 -0.855586
564 14.618 21.995 -0.178637
565 3.40493 19.3471 -0.305567
566 19.3071 34.0819 -1.0319
567 34.627 15.5437 -2.12741
568 2.34993 9.85894 2.95234
569 3.88817 20.6673 -3.15963
570 3.45314 29.4252 -2.5611
571 18.5423 11.0113 0.801086
572 35.8019 29.8872 -2.6566
573 23.8066 35.3069 -2.49979
574 10.7488 22.0214 1.38482
575 22.0828 18.7833 -3.2751
576 38.1785 0.91893 -2.63336
577 22.7341 31.6972 -0.821958
578 9.32144 36.7456 -0.133679
579 7.4256 9.36353 -0.00776705
580 9.80449 29.3804 0.236522
581 5.59727 30.8899 -4.52581
582 28.2132 24.2131 3.53453
583 21.8319 38.0857 0.773298
584 38.0297 11.331 -2.82022
585 4.26125 21.7232 -0.605855
586 23.6408 21.8277 2.05487
587 27.6627 32.9565 -3.40591
588 19.6704 31.1041 2.15832
589 28.4643 18.6296 -0.154492
590 1.95838 3.54966 -2.35594
591 3.35094 23.5365 0.145524
592 34.9932 29.5062 -1.17059
593 14.5216 23.4925 -1.9029
594 2.9969 3.26115 -4.12676
595 23.9453 17.5634 -2.32484
596 38.2122 33.4932 -2.46448
597 28.1644 11.0377 0.829235
598 34.2243 10.8998 -2.17514
599 15.0396 31.1002 1.33135
600 6.84018 39.7876 -3.26588
601 20.7111 34.6366 0.590321
602 8.88139 18.067 -2.67437
603 13.9208 15.9641 -0.456877
604 30.0581 24.959 -2.5438
605 9.86805 37.0834 -1.67925
606 2.39831 29.6267 -2.26633
607 39.9109 6.6494 2.51471
608 4.26007 6.14852 0.803513
609 25.3975 37.4211 -3.66491
610 32.2966 22.6431 2.34701
611 38.5338 26.4024 2.46174
612 22.4523 9.081 1.49329
613 23.9024 11.4808 1.08287
614 0.969048 7.72044 3.64311
615 31.1884 14.9147 2.58826
616 33.1624 11.2282 -0.935683
617 22.5821 31.4183 -1.0394
618 2.35628 0.560252 2.41537
619 26.3478 34.3136 -1.84112
620 34.7654 35.7286 3.34617
621 24.8362 16.4674 0.312129
622 14.5338 1.13051 -0.81183
623 17.4745 5.56672 -0.450616
624 30.9119 6.49793 -2.67315
625 20.4735 10.0516 1.10682
626 8.57665 39.161 1.29754
627 6.46473 33.7232 -0.338023
628 17.5945 5.34137 -0.221169
629 26.0314 0.984562 -0.645947
630 34.8923 33.055 -1.5495
631 27.3961 36.2591 1.72595
632 32.187 31.2566 2.02124
633 39.7369 25.1529 -0.12025
634 39.4722 6.13024 -0.152933
635 25.3663 30.0579 -1.52296
636 20.5889 4.10267 -0.897618
637 2.11476 24.099 -1.23274
638 33.5157 24.1718 1.4305
639 34.0943 9.7888 -1.98267
640 6.99275 17.759 -1.14945
641 25.384 4.5304 -0.529002
642 15.247 37.4194 -1.68013
643 28.4894 25.5225 -3.25343
644 11.0843 5.35736 2.44631
645 3.46732 13.4285 0.115954
646 10.2352 6.67048 3.08575
647 11.6256 16.8688 -2.40566
648 36.4818 34.2731 -1.87481
649 20.5009 21.8239 -1.34428
650 29.8507 13.9085 2.62407
651 24.5366 19.104 -1.90461
652 7.40836 37.3805 -0.834848
653 14.1401 3.63472 0.146335
654 21.1688 14.56 1.31414
655 34.8032 35.1673 1.00321
656 11.6537 12.927 2.40165
657 24.2767 11.0325 3.09651
658 9.03478 29.0552 1.11172
659 34.7021 37.6287 0.234345
660 24.2435 11.9461 0.964804
661 38.8436 19.7869 1.29057
662 36.0255 32.637 -0.929559
663 14.0995 22.4578 3.52102
664 29.139 17.5427 -2.75446
665 34.8252 0.38585 3.48466
666 27.4417 35.0348 0.988683
667 39.4486 32.5976 -2.40394
668 13.0227 31.6678 0.101422
669 14.8794 26.8943 2.28127
670 38.327 26.7942 3.58469
671 30.0977 38.6677 0.909433
672 15.7098 30.8468 2.47715
673 33.787 3.00805 -0.162047
674 10.2118 20.066 -2.86487
675 29.2137 17.1661 -2.19247
676 28.9099 34.2914 4.20947
677 28.9694 22.1136 -4.08216
678 30.5892 0.808111 2.78515
679 21.3307 18.4656 -1.7253
680 19.4275 30.5723 1.15475
681 8.86606 38.6797 1.25544
682 33.7628 34.8827 3.01417
683 28.8762 25.329 -1.49785
684 8.74863 0.574443 1.55327
685 25.5739 27.0804 1.89675
686 38.9529 2.49431 4.82652
687 21.6697 9.72886 -2.49874
688 30.8462 5.25274 -3.65338
689 16.0115 3.4462 0.229972
690 21.0339 30.174 1.8763
691 18.9416 31.4508 1.69994
692 25.2225 12.2057 3.22912
693 1.06858 18.0463 0.511424
694 29.6351 30.7255 -2.1089
695 17.3663 27.8127 2.12902
696 28.5403 29.0007 3.52405
697 31.5867 4.3207 -2.22098
698 35.6709 15.2244 -0.0322455
699 26.971 24.8514 -1.03575
700 2.90374 4.01515 -1.90757
701 25.3018 37.4411 -1.40435
702 38.0707 6.26083 1.85847
703 39.7131 12.9091 -1.24485
704 26.0196 32.2979 -2.46338
705 5.85294 33.8988 -1.41402
706 36.9227 35.0172 -2.00929
707 11.9869 12.3289 0.868259
708 29.2617 17.6494 -1.33478
709 24.3771 10.7463 0.393872
710 17.8203 28.1875 1.18599
711 33.6071 25.8546 -4.84747
712 25.7551 11.7174 -0.120078
713 33.7653 15.4121 0.223316
714 27.4095 31.664 2.1025
715 39.586 4.07299 2.34833
716 19.3815 32.845 -2.13343
717 17.7586 25.4575 -2.85832
718 10.8957 27.6807 1.27759
719 12.3575 32.6158 2.59279
720 9.8659 26.0719 -2.32391
721 29.676 32.7581 -1.08113
722 38.2573 2.59204 -4.36239
723 18.3852 38.7327 -1.95653
724 15.4353 39.78 1.92427
725 25.3551 39.3257 4.48312
726 8.32056 27.8215 0.331461
727 5.45 27.4839 1.61249
728 2.79164 10.5979 1.44964
729 19.2849 37.1389 -1.22233
730 18.0889 6.52699 -1.86617
731 32.6933 20.6041 -1.0154
732 26.5438 33.8061 -2.18417
733 33.3732 25.6584 -4.66934
734 24.9975 10.7615 2.91669
735 18.0179 20.9135 -0.0427018
736 19.5287 30.916 -1.25844
737 33.6937 35.7315 2.62723
738 19.6172 10.2672 2.00358
739 10.7828 27.1947 -0.614004
740 4.87127 19.5098 3.5717
741 11.3539 35.0594 2.08305
742 24.4317 13.2345 2.58932
743 23.914 25.7471 3.3974
744 34.1378 20.2533 -1.39336
745 15.593 33.296 2.55345
746 13.3011 9.88218 -0.780871
747 11.1815 26.1648 -2.34955
748 15.8015 26.9705 0.353232
749 4.38138 7.36674 0.772041
750 1.42077 32.197 -1.00776
751 9.62425 2.6331 3.10614
752 38.6767 16.7178 -3.83427
753 9.99605 22.9357 -0.436341
754 27.7603 22.9011 -3.32983
755 21.8084 5.21793 2.54532
756 0.955207 4.09914 -1.3927
757 12.7423 22.6996 -2.46589
758 35.3228 22.7273 0.346848
759 6.60715 28.4385 -2.53719
760 34.0766 37.9256 1.85502
761 11.5885 21.3201 2.03685
762 23.5523 26.31 -0.278707
763 12.3442 39.2229 -1.86308
764 26.8206 4.99796 1.97529
765 30.9642 26.8144 0.0942523
766 8.53117 17.4751 -2.4203
767 35.3295 14.9149 -0.481146
768 6.82748 17.3455 -0.788974
769 19.8555 28.2822 -4.39832
770 9.93773 25.688 -0.0393395
771 3.20428 22.6003 -1.45532
772 14.2288 32.5124 -1.34384
773 37.02 30.7852 -1.6837
774 38.6838 38.3076 0.713055
775 19.5933 9.57372 0.736734
776 10.3637 20.606 0.649909
777 6.21911 23.6508 -3.38791
778 32.226 26.7967 -2.32859
779 17.755 38.0538 -2.83831
780 3.85283 1.95231 1.70554
781 32.3662 3.0843 -0.679433
782 10.6077 7.48071 3.75008
783 13.9077 7.7821 -1.25444
784 30.7146 38.5154 -1.8741
785 24.1162 15.6022 -1.96439
786 7.58875 24.0972 0.309978
787 34.3941 0.375188 3.28321
788 3.12702 36.5568 1.90173
789 0.0326961 12.7459 -0.209368
790 10.6225 29.7791 -0.394015
791 17.2284 20.9514 0.141201
792 10.4423 26.8611 -0.278612
793 25.662 38.3313 -3.77204
794 24.4683 27.0906 0.339109
795 7.26075 8.69776 0.349571
796 18.2597 27.5791 1.01776
797 2.8923 29.2066 -0.783258
798 25.6484 9.11981 2.22931
799 20.6059 8.29627 1.87079
800 31.2573 7.65074 0.675326
801 22.4686 15.029 -0.412065
802 35.2617 17.1229 -0.794022
803 13.2588 2.13716 -2.04237
804 5.11497 19.116 3.87682
805 4.82387 21.9432 2.10226
806 14.013 30.4997 1.94368
807 24.5532 10.3854 0.702632
808 23.1023 22.2854 -0.244888
809 25.5426 11.0792 2.41744
810 16.1332 39.5236 2.95001
811 10.8798 25.7736 1.38096
812 11.4292 39.5838 -1.94723
813 5.33696 8.83962 0.106512
814 26.4131 37.0607 -2.49688
815 36.224 17.2595 0.435418
816 19.7316 36.5439 -2.86856
817 15.5434 37.4566 0.140858
818 7.01127 15.2144 1.29262
819 26.483 4.94367 2.68782
820 39.7009 3.09885 1.51013
821 15.853 6.21532 -2.23086
822 9.22477 6.17268 1.78507
823 27.0401 38.5345 1.98126
824 36.5865 19.0136 -0.247205
825 38.3839 28.3041 2.42935
826 4.21315 16.0053 1.2868
827 0.488489 13.2877 1.70313
828 17.1948 18.8424 2.93747
829 17.5296 31.006 -2.10332
830 11.15 23.82 -2.4643
831 12.6462 37.4187 -1.2382
832 33.7716 31.0614 -0.74913
833 12.2268 12.8761 1.44902
834 20.391 8.54293 3.47288
835 2.90483 27.4914 -1.0194
836 20.7633 28.1414 -1.4465
837 31.2126 31.1653 2.9123
838 20.2953 5.50695 -2.02268
839 6.56229 23.8685 -0.823666
840 21.6507 13.8255 2.83955
841 29.2419 30.8123 -0.804281
842 19.5011 30.1046 0.426509
843 12.9274 2.48335 -3.06614
844 7.88468 23.6367 1.22969
845 2.52313 26.6702 -0.487989
846 13.8706 32.2941 -0.910767
847 3.51959 24.3717 -3.43818
848 26.5804 24.7908 -1.36845
849 17.2688 17.1428 2.00048
850 39.0447 31.8414 -3.28363
851 0.642555 35.2598 -3.16595
852 26.6258 30.5969 1.72386
853 27.3435 22.4946 -1.99541
854 38.9421 30.8473 -4.09618
855 14.6681 0.524548 -0.53427
856 17.1588 35.1464 -0.690592
857 13.6636 17.2848 -0.710541
858 5.25867 25.8964 0.104687
859 15.5818 38.0907 -3.37224
860 0.232289 19.0907 -0.114782
861 3.65296 14.978 -1.21748
862 5.83183 33.5296 -0.953277
863 13.0495 13.284 -2.47474
864 24.614 9.35058 3.42484
865 28.9823 28.9555 3.5788
866 25.5529 1.85916 1.03603
867 25.6742 34.0582 -0.287316
868 31.7296 25.8116 0.121212
869 39.3061 14.8668 -2.17698
870 1.10085 7.24262 3.03709
871 19.8387 22.6775 1.39321
872 28.0358 23.8546 2.31098
873 14.0064 23.7423 -2.61232
874 37.5436 13.6421 1.52197
875 33.209 13.1036 2.82584
876 2.56709 16.2572 -1.90522
877 36.7867 4.74351 -1.97911
878 5.36432 38.8619 -0.664522
879 3.44187 28.836 -2.49835
880 4.18471 20.5662 -1.9786
881 5.82749 24.6503 -1.77336
882 25.356 2.26901 -0.220335
883 36.3981 24.3483 1.29083
884 8.15242 17.3782 4.04362
885 7.78744 11.8542 1.65657
886 17.4519 21.3345 0.638995
887 0.627576 24.0008 -1.14362
888 36.2677 24.1451 2.55367
889 4.83802 12.4333 1.03283
890 17.1692 17.9489 1.58883
891 19.1364 19.8395 -2.8066
892 18.567 1.29493 -2.91653
893 33.166 29.8681 -1.07838
894 36.0818 32.9189 -0.531622
895 35.1513 16.3993 -1.5234
896 16.8204 0.86624 -2.37651
897 38.8309 10.0662 0.558432
898 17.3805 17.3255 1.34045
899 7.83878 24.4452 0.989638
900 16.1425 7.70031 -2.32173
901 38.5688 38.6298 1.46506
902 39.0702 32.1381 -1.64706
903 6.97712 32.5551 -0.969362
904 19.4493 38.6193 -0.528385
905 25.566 34.3811 0.403809
906 27.4169 22.2919 -3.37424
907 16.09 30.3573 1.06236
908 35.4806 32.9282 -0.739668
909 18.1344 4.36347 -1.70779
910 31.4854 21.8367 0.3371
911 31.327 27.9423 0.881084
912 25.4896 20.8378 -2.41891
913 39.9998 24.6682 -0.259451
914 4.36278 24.7136 -2.02189
915 36.7693 32.8311 -0.167028
916 23.3649 17.7871 -1.90966
917 7.08449 26.0328 -1.33466
918 2.38908 6.77368 3.99339
919 31.9171 17.8419 -0.666338
920 6.72149 20.2622 0.277615
921 30.4233 22.084 -3.04118
922 23.5164 17.1729 -0.0518942
923 11.1499 25.8394 -0.49967
924 31.5818 32.3141 -0.815397
925 17.2511 39.6991 0.756166
926 28.0508 36.3562 0.977579
927 6.84938 32.0153 -0.495774
928 36.4429 3.44189 -0.0226505
929 38.0584 30.977 -1.19067
930 10.9326 7.15688 4.28642
931 12.264 18.1691 -1.54217
932 7.59026 24.1069 0.140638
933 16.0161 5.27502 -1.63685
934 29.7709 26.2965 -0.290456
935 5.1727 6.60879 -3.31893
936 11.5099 21.4854 2.82271
937 13.6926 2.60237 -1.12514
938 22.9963 25.6964 -2.43578
939 19.5658 8.03901 3.39792
940 17.6594 20.3477 0.423386
941 20.7038 17.3576 -0.515495
942 6.81333 11.8799 4.25698
943 11.0596 5.90094 2.44565
944 3.84365 32.9951 3.73266
945 7.08707 4.2931 -1.08868
946 19.5667 25.6565 3.41767
947 19.876 4.92483 -2.10615
948 16.8335 5.63178 -0.191743
949 1.75938 12.6816 2.96386
950 37.5959 27.1457 1.88707
951 14.8795 6.87467 1.93904
952 17.503 17.7952 0.0473386
953 31.3974 20.9984 -0.181808
954 8.3475 38.9463 0.902541
955 38.4674 8.27166 -2.14392
956 29.5998 11.8372 0.827004
957 31.4532 20.0254 -3.61338
958 6.5313 35.0169 2.10331
959 28.1993 37.6677 0.491328
960 3.78658 37.997 3.81631
961 3.59837 25.7043 0.72569
962 13.0212 31.7046 -1.16061
963 14.5771 39.4905 -4.19642
964 1.12059 7.49629 2.66527
965 34.0654 20.984 -0.341183
966 12.113 18.2871 0.502231
967 21.9241 0.287573 -1.20527
968 29.9689 22.263 -1.16059
969 17.0407 4.99904 -0.467088
970 26.7162 36.3436 1.48206
971 31.6961 16.136 -1.13779
972 15.0743 18.5044 -2.30121
973 12.0314 23.9678 -0.674544
974 28.7206 17.6778 -4.2302
975 13.2173 19.8354 -4.09205
976 3.71624 9.58962 -2.16657
977 7.82242 36.5083 -0.630577
978 12.5134 28.0467 -2.79967
979 5.58076 36.2746 -0.672197
980 36.827 14.0693 1.91475
981 7.84504 20.2355 -2.08574
982 33.1634 9.97637 -1.43721
983 25.7155 12.4235 1.63295
984 11.29 32.3511 -0.664861
985 8.80389 22.405 -2.66209
986 22.078 14.8752 2.6478
987 7.75967 11.5765 1.92171
988 0.558791 24.7565 0.269617
989 24.619 34.4599 2.26954
990 20.2854 16.2865 -1.01289
991 10.1567 26.9449 0.939707
992 0.478445 15.4813 0.484107
993 12.9695 21.3892 -0.167743
994 21.8055 24.1123 -1.98413
995 14.0622 20.4206 -0.428633
996 30.7431 21.2449 -0.230183
997 38.2388 16.7907 -1.53225
998 34.3133 36.0729 3.11626
999 32.0918 19.9489 0.22705
