1000
Particles
0 4.14334 33.8267 -2.15319
1 27.3803 29.5039 -2.3719
2 15.7255 9.25496 3.72735
3 10.8581 2.27625 2.02106
4 21.199 22.5882 -1.90033
5 16.2095 16.2036 3.42825
6 30.8267 1.55745 -2.86672
7 33.262 20.24 -0.114063
8 9.90924 16.521 1.81072
9 2.44918 24.973 -0.767167
10 25.2042 3.27037 1.2022
11 10.9829 29.603 -1.21274
12 32.5205 31.4868 -4.7551
13 17.4196 1.15337 1.54322
14 21.3391 27.7847 -4.03901
15 14.3282 29.2496 0.388875
16 27.8856 29.1943 -3.88937
17 36.9851 22.1318 2.79855
18 32.3129 14.4834 0.589694
19 12.3851 29.4081 0.708363
20 38.8397 9.56959 0.483695
21 0.43013 0.724066 1.30713
22 6.93581 5.67449 -1.46094
23 34.524 23.1241 3.2959
24 34.4281 9.05727 -0.916739
25 1.52408 29.6751 -0.483455
26 23.9917 31.6001 1.29946
27 17.1685 9.28078 -1.56404
28 11.4534 33.907 -2.01694
29 29.4922 2.6851 1.69913
30 14.3016 17.8489 0.528815
31 11.8652 10.442 -0.513922
32 27.7723 39.2071 -4.18994
33 8.41488 32.438 1.81597
34 25.383 27.9845 0.583729
35 24.1608 20.5962 2.02466
36 17.7403 0.824487 0.64447
37 34.6295 29.2996 -3.05305
38 31.336 3.59487 1.24883
39 34.5526 23.5069 2.50328
40 39.3633 38.5839 2.27038
41 16.1494 9.82043 0.209459
42 35.5307 18.1828 1.45085
43 23.0291 23.4531 -0.241177
44 21.1041 25.3062 0.415652
45 2.38456 19.9735 -3.50022
46 37.4122 8.4497 -2.70672
47 29.2616 13.0297 1.90498
48 4.33821 0.0498176 0.00535271
49 6.70083 35.169 -0.682145
50 6.13861 29.7128 -0.809382
51 26.2912 5.70445 -0.319016
52 34.076 9.63833 -2.06271
53 17.5973 5.12471 -1.64415
54 23.0416 11.7323 -2.8764
55 7.14622 11.3657 -3.12052
56 14.8313 13.5956 -1.56075
57 10.6643 33.8984 -1.25202
58 31.2176 26.5744 3.78475
59 4.34223 35.105 0.103735
60 7.37696 22.3924 0.921665
61 25.0936 35.772 0.850424
62 1.85581 2.8679 2.30984
63 11.1721 12.4452 -0.691218
64 31.2583 30.0305 0.167291
65 8.49641 0.0955066 1.9013
66 2.79149 18.8652 -3.22572
67 25.3847 21.6674 -2.32279
68 39.7364 8.28028 -3.7176
69 14.2152 0.93564 2.44623
70 11.4728 6.15276 -0.89943
71 19.2944 17.3188 0.628551
72 5.58908 13.5378 1.26366
73 23.2583 29.2868 4.25819
74 9.96799 3.73024 -0.720431
75 29.9613 32.3404 0.339225
76 28.6139 1.99564 -1.34703
77 8.64651 29.2904 2.41841
78 4.54875 30.7623 -2.46615
79 2.34828 39.9853 -1.7408
80 37.8076 13.5864 -1.98585
81 13.1556 36.8329 2.45195
82 13.7464 12.0675 -2.52238
83 12.3535 27.1328 -1.81628
84 24.0796 8.54532 1.10125
85 1.06318 17.4085 -2.01285
86 22.4103 13.714 -3.74715
87 27.9684 32.2646 2.65105
88 8.89986 0.578114 -1.33891
89 8.90194 2.72454 2.38367
90 0.702757 32.9212 0.355034
91 25.8318 17.9488 -1.88531
92 20.8402 27.6053 -2.57818
93 10.1436 0.480166 0.188812
94 16.8453 25.8173 1.71127
95 18.569 2.04026 1.92036
96 10.1374 39.9605 -0.712273
97 19.857 37.6942 -0.485548
98 5.16641 18.4924 3.01372
99 12.3108 6.04381 -1.82177
100 33.9806 20.1442 -0.59365
101 18.6287 22.1645 -2.63917
102 23.252 35.3705 0.629743
103 19.9292 37.7305 -0.104604
104 21.6433 8.44696 0.997889
105 13.8477 39.6406 -0.478003
106 35.0824 23.6472 1.32874
107 18.2355 23.0676 -0.0708624
108 0.467555 22.7805 -3.25862
109 1.23137 31.3548 -3.18606
110 1.17372 32.992 -1.10067
111 34.4546 33.0723 -0.375969
112 32.9454 2.44711 -2.56086
113 35.1241 35.312 -4.00186
114 29.1363 24.5398 -3.77707
115 25.4909 18.0077 -3.45493
116 20.9596 33.4053 -2.0288
117 34.5823 30.509 0.116929
118 18.9936 6.45121 0.131902
119 31.8723 11.1674 -1.80764
120 25.8998 31.4394 -0.845495
121 16.9863 16.4168 3.48814
122 27.6011 28.0729 -3.80894
123 10.4954 28.9083 -0.881679
124 13.7898 1.50648 1.12971
125 20.7958 6.87693 2.5815
126 32.2537 36.5315 -1.65914
127 31.3161 4.10723 0.582094
128 27.2293 5.74147 0.330204
129 1.17313 17.663 -2.01811
130 26.027 12.2225 -3.13948
131 20.5859 26.9074 -2.84986
132 16.4922 38.5557 -2.31225
133 39.9082 0.4779 2.47051
134 6.7142 32.998 0.584195
135 19.0405 0.609477 -3.8878
136 27.7698 1.4451 0.0115544
137 22.8423 23.3469 -0.820166
138 2.82666 16.1874 -3.3918
139 14.1352 36.2101 1.45553
140 29.5732 0.814354 2.30385
141 29.239 2.59476 -0.869627
142 20.2998 18.7993 4.35524
143 21.3627 19.8032 1.5535
144 1.60997 30.7717 -1.97131
145 23.0057 28.4634 1.01768
146 33.7369 12.2042 2.50591
147 36.8063 31.1715 -2.47797
148 28.7128 9.52 1.51821
149 13.8601 14.4911 1.5549
150 11.306 27.374 -1.74862
151 28.0482 2.40679 1.41067
152 16.8321 10.7063 -0.843438
153 18.0622 8.64951 -3.7729
154 25.1677 39.4977 -0.722688
155 37.6453 25.1309 -1.30527
156 38.9724 25.8623 -3.18929
157 18.9034 1.10092 -1.1738
158 15.3167 2.61041 -0.467295
159 26.9176 31.4023 1.23153
160 8.52152 19.1019 1.35798
161 12.3316 25.6713 -3.69745
162 24.453 21.565 2.48683
163 10.4718 11.4308 2.30783
164 22.0238 10.505 -0.534182
165 33.1831 3.07281 -1.41572
166 36.0123 1.63252 0.144749
167 5.63794 36.7421 -1.37022
168 34.5167 25.7609 1.68775
169 4.18976 5.42404 -0.681517
170 35.584 36.0287 2.49285
171 23.9692 30.976 0.734679
172 10.5045 21.4401 4.28464
173 35.1772 28.1692 -1.83202
174 22.4897 12.757 -0.997431
175 38.4155 11.4485 1.80118
176 23.5938 21.0452 -0.40795
177 9.28848 5.61876 -0.0362641
178 33.5707 23.7064 1.37053
179 22.5312 12.6419 -2.95258
180 17.6124 7.31712 -1.71456
181 14.2527 26.378 -1.4403
182 15.7112 23.9105 0.945179
183 39.9278 19.5884 2.3716
184 1.77007 39.7824 -3.75823
185 9.1983 8.88815 1.62009
186 20.8733 37.2689 0.0239399
187 37.8663 7.37958 -2.92372
188 12.2241 11.0872 -0.398129
189 9.1153 17.289 -0.0620962
190 25.9361 23.3166 -1.36795
191 16.8626 27.2724 0.289387
192 2.50228 0.323059 0.233748
193 22.953 26.0562 -2.77067
194 19.5922 20.8842 -3.18398
195 6.99596 18.5785 -0.734542
196 33.7852 2.38972 0.0430299
197 12.2568 36.67 4.35222
198 30.8411 18.253 0.371437
199 19.5095 11.9252 -1.53836
200 36.08 36.2446 0.913939
201 2.98853 13.1838 0.850536
202 10.1984 14.4837 -1.9749
203 20.3566 20.2896 -3.45806
204 32.4054 26.1113 -0.0417035
205 7.54363 30.0651 0.128928
206 7.71529 3.84896 -0.105778
207 31.0788 1.00256 -0.0693575
208 34.2106 18.5819 -0.525431
209 3.35301 38.2196 -0.299443
210 20.6921 21.2798 -1.78358
211 33.8661 21.5404 -0.615945
212 28.7442 31.3414 -3.66687
213 37.4383 1.52603 -2.44587
214 28.9467 23.3238 2.90718
215 4.89249 15.9094 -0.0192508
216 30.4293 29.0277 2.38708
217 12.537 9.65362 -1.5661
218 8.20159 14.7368 1.13335
219 26.2432 35.243 0.513738
220 12.3147 4.47057 -1.0161
221 19.9799 22.2977 0.236421
222 1.11941 31.7557 -4.27512
223 15.0271 22.3192 1.9387
224 4.11265 28.7582 -3.62556
225 2.96686 7.90684 -0.599464
226 27.1628 12.1308 -1.63514
227 8.0797 8.28753 3.07127
228 15.047 2.15621 -2.93049
229 1.85998 25.3864 2.26736
230 37.3498 39.0158 -2.07163
231 15.1249 28.9484 -2.50736
232 37.5391 31.8516 -1.18404
233 33.7206 2.86059 -0.181295
234 0.0939406 9.49339 0.432021
235 39.5997 10.0504 -0.252601
236 21.3868 7.60695 -1.23806
237 14.1209 22.3088 0.994093
238 12.5464 10.9578 -0.225102
239 31.4769 10.9683 -0.137146
240 17.181 15.9989 3.89215
241 0.824195 29.569 -2.28245
242 30.0157 39.7203 2.92798
243 29.6026 31.5972 -0.622119
244 5.51791 6.21998 0.269864
245 13.3404 29.3549 -0.154512
246 27.8763 6.8651 1.47642
247 4.91452 4.53615 2.44951
248 7.17922 27.7188 3.04292
249 6.2354 1.37879 0.109868
250 25.6654 5.6037 0.290166
251 27.7239 3.68762 -1.97169
252 28.5894 13.7652 0.800589
253 32.5436 14.5799 1.94992
254 12.0816 36.6293 1.49623
255 28.2875 23.948 4.68532
256 4.24637 3.32786 -2.54326
257 29.7835 18.3828 0.170377
258 28.6773 2.48177 0.0386145
259 35.7482 18.9274 0.00454145
260 0.557011 4.91959 -1.70153
261 32.9293 21.3418 0.383806
262 29.545 37.544 -0.706685
263 3.7596 35.7942 1.81025
264 9.1854 20.8911 0.878717
265 2.22559 28.7092 1.8068
266 4.05221 15.3213 2.16063
267 10.2046 14.7856 -2.39466
268 17.7236 20.836 -0.277872
269 1.25516 36.0219 -1.25328
270 33.1855 13.0706 2.0033
271 39.2527 13.8935 2.0955
272 20.6432 21.6163 -0.530956
273 36.6167 31.3621 0.327196
274 11.3427 0.525216 0.330818
275 9.98696 30.9893 -1.5528
276 33.4815 21.2974 0.153353
277 2.99962 19.5088 -2.1113
278 6.43429 13.4336 4.38824
279 12.5208 28.7852 3.44969
280 5.55684 32.3903 0.494006
281 23.8083 25.0635 -0.396276
282 9.64811 16.5526 3.29255
283 26.7584 5.48402 0.681857
284 34.8841 18.8752 -0.560564
285 4.43564 30.8451 -2.53038
286 39.6567 8.09283 -1.36185
287 13.7125 15.108 0.365606
288 2.23098 2.80544 2.96806
289 8.20617 33.6194 1.8671
290 31.324 28.7873 1.24649
291 16.0219 2.47127 -0.875665
292 29.7323 19.2701 4.62561
293 19.3279 8.28006 -1.43225
294 30.4905 29.3318 2.71284
295 17.0466 14.4468 -1.94347
296 23.1951 28.1268 0.134081
297 1.32946 33.4491 -1.91172
298 24.6957 4.61462 0.164691
299 18.4873 26.9356 3.77996
300 16.1686 13.728 -3.11075
301 23.1207 26.6842 -3.17099
302 25.5733 39.985 -0.395394
303 3.0061 15.9064 -1.54413
304 11.2842 32.4082 1.62178
305 1.39911 22.2939 -0.378371
306 21.8802 18.4504 3.93523
307 11.4044 22.3811 3.2199
308 6.98486 28.3708 2.32801
309 20.1617 38.6111 0.428288
310 14.0369 20.4224 -2.56792
311 22.9651 24.6489 1.52178
312 36.6145 26.6579 1.07591
313 26.3763 9.25755 -0.62506
314 20.7695 38.7014 -0.501841
315 2.48168 38.4424 -2.06496
316 29.0724 38.849 3.26261
317 18.6764 29.4485 -0.321355
318 26.3894 29.5872 1.82705
319 8.70909 6.73347 -0.444273
320 11.043 16.736 -2.33086
321 27.7098 10.5051 -1.26498
322 3.7195 0.586878 -2.0496
323 2.19536 37.4663 -3.00865
324 27.3731 12.859 -0.130937
325 11.7317 30.0431 1.5506
326 14.0957 5.60434 -0.498571
327 11.2976 32.4854 -1.99567
328 14.2248 29.3626 0.582118
329 15.1488 17.6532 -1.13551
330 2.33282 12.9316 0.111945
331 21.3774 6.95563 1.18291
332 35.9483 1.93696 -2.52276
333 33.3948 28.2483 3.19891
334 16.1959 8.95118 -2.09453
335 2.0276 36.845 -1.96452
336 23.9385 10.2009 -1.23326
337 9.39655 22.2036 -2.03924
338 24.6537 24.7291 -2.09474
339 0.649646 33.3614 0.728399
340 18.6372 13.8729 2.70909
341 31.6991 26.6483 3.39852
342 17.7528 11.0751 -3.52762
343 8.05098 15.4199 -3.35497
344 10.629 3.7792 0.0306679
345 1.94998 33.6175 -0.077296
346 19.9142 12.176 0.94088
347 7.21063 0.127798 4.80896
348 11.0725 15.546 -1.10178
349 20.2255 22.6933 0.650284
350 8.09703 11.3696 2.49897
351 38.1027 25.5368 -2.19134
352 27.872 22.4294 0.746463
353 21.8744 15.9406 1.59559
354 3.53502 35.8009 2.70007
355 14.3002 20.6139 -0.0174386
356 2.10953 38.0224 -1.33103
357 7.46098 10.5659 -1.61309
358 12.283 11.8513 0.427245
359 23.4536 24.0265 1.1561
360 31.7445 27.8808 0.419499
361 33.3928 31.9688 -0.581325
362 33.143 27.7073 3.28304
363 35.0821 14.5309 0.906599
364 15.963 11.3508 -1.05757
365 38.0094 34.8258 -4.06923
366 7.90541 0.637242 1.99882
367 4.1313 38.2944 1.47787
368 19.0707 8.0591 -2.2799
369 18.684 9.22344 -4.08264
370 22.6067 32.2828 -0.941403
371 35.6094 17.4722 -0.0102939
372 21.6523 26.1049 1.42954
373 15.5945 19.5966 -4.54515
374 7.00468 13.1541 4.39167
375 8.17654 9.27797 0.502377
376 37.0394 29.9267 -0.460465
377 32.7959 9.70046 1.63385
378 17.6891 5.57976 -1.24616
379 5.28545 37.5875 -2.77663
380 33.1934 38.4314 3.45892
381 14.0315 0.483533 2.19684
382 3.2425 13.5327 -0.780549
383 18.5257 26.8881 4.13681
384 27.5491 8.12229 3.09216
385 19.2716 26.5415 0.923976
386 25.8007 9.60887 -1.71059
387 2.43825 1.89534 4.74924
388 35.5215 30.4139 0.212983
389 16.7575 39.4208 -0.402196
390 29.7711 10.2132 1.00188
391 8.54854 10.8804 4.64667
392 25.9864 18.2403 -1.31426
393 19.8584 37.995 -2.57789
394 26.8463 11.2505 -3.60104
395 39.9591 14.1056 0.515386
396 14.0965 39.92 0.716387
397 8.36577 18.0517 2.03667
398 30.0545 32.21 -0.589042
399 28.3887 12.224 2.2165
400 5.79613 1.1405 -3.41489
401 27.8797 28.1303 -3.77707
402 38.1343 10.4766 -0.824682
403 10.2274 28.9606 0.787336
404 21.1026 30.7335 -1.1495
405 4.81391 22.6578 -0.0962146
406 19.1637 8.02321 -1.12683
407 2.58488 12.1318 0.285937
408 12.7497 5.63613 -3.4432
409 29.1426 9.58442 -0.712473
410 18.0498 22.8213 -0.730655
411 17.6291 35.9074 1.884
412 3.98604 4.15139 -4.36891
413 7.00531 22.1152 -1.06137
414 10.123 5.15227 -1.74988
415 10.8813 27.6684 -0.49518
416 4.25299 33.4878 -1.71342
417 2.52094 2.44219 1.7921
418 26.312 23.6602 -0.938066
419 24.5401 11.1816 2.66047
420 26.1964 0.235569 1.5042
421 8.36952 11.2801 1.27736
422 9.56643 14.7127 0.231204
423 37.7421 10.2038 -0.645102
424 22.1351 18.8476 2.54772
425 19.7528 4.21223 -2.76878
426 10.4999 16.4561 -3.07722
427 20.0429 25.2585 2.79722
428 7.96422 3.59755 -2.04411
429 37.2119 5.11022 3.07925
430 9.73345 16.8219 0.628193
431 5.25464 8.12033 0.705794
432 15.0864 28.7831 -0.887881
433 27.2922 21.8147 -1.33524
434 11.819 22.8178 1.44324
435 2.26418 30.9179 4.08576
436 36.7772 30.9626 0.759163
437 7.39321 4.11379 0.593454
438 0.414342 0.076196 1.53141
439 35.6877 19.6104 1.86411
440 21.5355 8.52381 -0.721515
441 19.1808 35.2483 -0.36336
442 18.1163 11.6227 -1.89901
443 21.2677 26.7714 -2.16928
444 13.2069 22.0879 3.83187
445 13.6982 19.64 -1.02381
446 20.1247 7.47485 2.42124
447 12.4828 8.07134 2.13663
448 33.2831 22.6683 -1.91082
449 14.7614 14.904 -4.94644
450 8.45063 16.6259 -0.0145717
451 33.9575 17.8564 1.78709
452 8.59733 10.2587 1.48173
453 8.24747 15.5379 -2.11733
454 37.1603 9.17636 -1.46024
455 26.4273 0.0476824 2.02305
456 12.0361 11.009 -0.735117
457 26.5117 13.2719 0.945479
458 21.7406 18.2917 2.72311
459 18.2905 36.9002 1.81961
460 6.6064 1.02221 -0.734565
461 10.2031 4.2787 -0.711168
462 20.6935 21.9677 -1.04473
463 5.36655 32.8752 -1.77182
464 28.4038 34.6291 -1.41903
465 29.1207 10.1403 -0.991964
466 34.2896 24.8174 0.24009
467 5.96337 33.3075 0.204574
468 11.4113 31.823 1.84886
469 26.486 34.066 -0.997383
470 13.6323 15.2564 1.08024
471 31.8135 30.5889 -0.215275
472 17.0247 0.427669 0.266803
473 15.3826 38.049 -1.44201
474 7.03579 0.142799 -4.00078
475 34.0267 0.662746 2.58955
476 14.7911 18.1048 -0.489255
477 11.596 36.1926 1.81414
478 29.8832 27.9379 -0.445525
479 37.979 31.7073 -0.504819
480 36.1343 26.129 1.88457
481 30.396 0.747967 0.956427
482 14.9143 0.86652 0.534777
483 8.80737 38.3815 -2.81522
484 24.857 0.282377 -0.826646
485 3.30059 36.573 -1.72305
486 16.625 28.9424 -1.74091
487 33.7359 31.3327 -1.10437
488 39.4156 8.09087 -0.0178998
489 21.423 8.2874 1.6446
490 0.31157 6.95833 -2.78332
491 17.3902 14.9275 -3.8986
492 20.031 37.7068 -1.71476
493 1.00735 29.7038 -2.26697
494 7.06662 13.6889 3.1307
495 38.4589 8.86287 -0.688841
496 25.2069 28.451 2.35433
497 16.2447 38.6926 -0.933971
498 21.4716 13.6124 2.59514
499 10.8517 18.5558 -1.16919
500 8.04516 10.0616 2.52106
501 33.4326 9.98753 0.10449
502 6.4591 2.52888 0.726585
503 22.6472 25.7011 -3.06348
504 3.41069 1.49976 -0.0552118
505 11.1312 6.3088 0.910748
506 29.7315 28.0122 1.03056
507 23.5081 11.5172 -1.84058
508 11.5725 30.5933 -0.125045
509 16.8282 39.3691 -2.67138
510 33.7199 10.7194 0.734508
511 21.102 30.5567 -0.560363
512 31.8257 27.5397 1.8423
513 19.5025 22.5268 -2.69165
514 3.43699 35.8493 0.365542
515 15.4651 14.2194 -3.79033
516 15.575 37.3516 -2.61132
517 14.1548 12.3158 -0.776963
518 37.0471 1.00957 -0.842127
519 22.8984 21.2362 -1.31824
520 1.89399 3.58249 3.97549
521 38.8457 33.102 -3.17201
522 29.1118 22.0786 2.65323
523 11.2466 22.3431 3.55737
524 18.21 22.3051 -3.03776
525 12.7377 14.4541 1.96141
526 17.0838 26.6277 0.0668287
527 13.1213 3.84374 4.02872
528 18.4029 7.94255 -2.46391
529 34.4257 33.7739 -1.17676
530 27.6091 13.7349 0.105491
531 26.8087 39.4872 0.740998
532 20.4486 0.0964535 0.44405
533 3.78976 33.4423 0.183387
534 9.76078 28.2129 -1.9496
535 31.726 8.63584 -0.971625
536 37.9186 14.3168 -2.95342
537 1.63787 26.5039 0.520384
538 19.8875 37.4551 -2.37546
539 21.5093 14.8557 1.98272
540 37.6867 16.4605 1.71783
541 23.8015 23.8854 -0.0189138
542 31.6868 37.5519 -0.8357
543 7.91323 17.6657 1.71844
544 39.6808 32.3154 -1.40617
545 4.68944 21.2673 0.0881144
546 34.8529 39.9332 1.3466
547 4.86574 12.0536 -1.14381
548 37.1135 0.760715 -0.142351
549 1.19426 30.5168 -1.52595
550 38.3252 29.7693 -2.06176
551 34.2936 9.46022 -4.41938
552 14.4555 1.87467 -0.609998
553 9.85502 33.7929 -0.859321
554 12.5747 5.92773 -2.33297
555 35.2907 10.8528 1.92419
556 37.409 13.4515 -2.73555
557 7.27802 10.9271 -4.38321
558 27.9374 2.67646 0.95194
559 30.7671 32.1133 1.77436
560 35.7764 21.17 -1.3817
561 39.9164 38.7148 -4.44007
562 11.139 24.8 2.48193
563 4.99818 11.5361 -4.02464
564 8.9137 23.7311 -1.32625
565 6.61541 21.6351 -0.998797
566 16.9388 37.9321 -0.497984
567 26.8019 15.7698 4.05491
568 2.46773 3.68028 3.47455
569 30.987 30.3709 1.08122
570 6.59862 27.4239 1.69696
571 15.3248 10.3788 -2.3911
572 28.1085 27.5165 -1.35141
573 21.5194 31.9237 -0.360552
574 8.8932 22.3219 -3.5443
575 11.2277 15.5287 -1.64245
576 4.25165 4.19676 -2.36289
577 22.1934 33.0015 -4.30161
578 11.1777 33.5385 0.863285
579 14.6055 12.0839 -3.94505
580 6.90958 27.1018 3.08387
581 6.50055 22.8399 0.172444
582 15.3317 21.4365 -0.254621
583 19.5469 29.0134 -1.60541
584 5.18768 13.5503 -0.0790075
585 2.58851 25.2827 0.10089
586 23.2821 20.8005 -0.963817
587 31.4889 37.0868 -0.732534
588 17.9169 34.9926 2.33017
589 23.0711 11.7869 -0.690462
590 2.82746 5.81078 -1.61671
591 13.3113 26.7367 -2.17531
592 24.8167 25.9114 -2.29232
593 6.35505 20.1331 1.32742
594 5.00846 5.91185 0.603132
595 31.1748 29.0666 2.75285
596 2.53656 0.733616 -0.466355
597 27.5899 11.033 -4.25175
598 39.9924 14.5357 1.39078
599 7.57954 0.303519 2.65
600 38.3377 38.3597 2.85757
601 19.2118 35.7331 1.08528
602 15.192 15.7176 -4.51846
603 17.1637 7.99209 -2.76664
604 33.7897 32.6575 -2.8005
605 18.8797 22.4707 -2.27511
606 39.5391 29.575 -1.09811
607 1.91743 12.4 -0.759372
608 4.31428 1.65299 1.73163
609 27.3008 11.1647 -2.65014
610 33.4969 28.8474 1.70771
611 37.3841 27.4775 0.953031
612 19.0238 8.47936 -3.47698
613 16.4104 9.27816 -2.65712
614 37.2786 0.72574 0.664116
615 32.2408 3.38797 0.412039
616 35.4714 18.2492 -0.882876
617 24.9355 26.2746 -3.99955
618 4.48247 3.18227 -4.03418
619 21.7506 27.9775 3.25427
620 38.3104 2.92581 -0.0254792
621 23.7808 19.9516 3.21079
622 31.9959 7.07301 -1.1059
623 19.6085 19.0087 2.3722
624 39.1026 8.71257 -0.139639
625 12.5311 8.25756 3.45248
626 3.37382 3.30229 2.41648
627 6.68537 0.626753 -0.515529
628 17.7435 7.749 -3.06099
629 25.3726 7.69065 -0.74205
630 1.97793 2.14434 4.05216
631 28.9751 1.47084 -0.0554675
632 37.7678 32.5848 0.849635
633 5.24941 21.0844 -2.43771
634 37.7835 10.3468 -0.649727
635 29.7257 23.7769 -3.22185
636 22.7287 12.6384 -2.20364
637 3.13481 32.9895 1.08972
638 33.234 29.5408 1.68922
639 29.7666 22.9005 0.971898
640 10.2964 16.8278 -3.76842
641 36.1381 9.28576 1.54732
642 12.351 31.7794 1.40161
643 29.0924 35.8856 1.80567
644 14.0778 2.29568 -1.26065
645 7.79902 6.46713 -0.124338
646 13.5076 4.71805 2.55948
647 9.92277 4.79046 -2.15671
648 28.5881 31.1783 -3.15085
649 13.8176 10.2833 -2.04349
650 27.7995 19.3325 -0.561109
651 29.9471 18.9337 -1.65256
652 6.50283 29.3942 -0.890551
653 4.11149 38.4404 2.56145
654 22.6883 19.8763 0.521642
655 32.3052 31.4752 -3.89531
656 15.7842 9.13897 -3.37055
657 29.1523 10.856 -0.637304
658 7.11535 23.5884 0.737214
659 2.40767 2.58628 3.19381
660 23.6789 19.6987 1.6298
661 4.20002 15.1718 2.40818
662 37.7775 0.599604 0.910644
663 3.04867 19.9051 -4.20896
664 34.6097 18.5546 -1.49105
665 37.1267 32.5917 0.942347
666 28.2326 1.98191 -1.21427
667 33.0591 30.2646 1.9221
668 9.57611 31.7556 -0.917654
669 7.55227 30.4925 -1.20666
670 34.5112 31.8542 -0.233291
671 34.0405 0.603602 2.3109
672 13.5808 35.9571 1.85979
673 39.5653 9.38824 0.370465
674 5.15478 16.7811 -1.50673
675 29.5377 11.8263 -1.84579
676 2.87901 3.72949 2.45354
677 8.73281 18.1356 0.576712
678 25.4619 1.30906 -0.866941
679 22.7133 25.3264 1.39129
680 26.7525 35.6795 -1.06139
681 15.2876 35.7892 3.53976
682 37.5081 0.476976 -1.81018
683 20.8696 25.9442 -0.0429039
684 5.35328 28.0853 -1.38777
685 24.1052 24.1851 0.45264
686 2.65875 37.6759 -0.498755
687 20.2359 19.5305 -3.63219
688 25.7121 8.28581 1.21305
689 6.45992 4.08562 1.78472
690 6.47096 1.02519 -0.207339
691 18.0472 32.1585 -2.94694
692 27.8168 14.7659 2.3498
693 0.102081 21.748 -2.40819
694 31.0605 17.2023 -0.0239984
695 10.5871 28.1586 0.329111
696 16.414 22.5372 1.93463
697 26.3539 3.21654 4.08278
698 39.2989 12.3533 -1.23643
699 1.70593 27.9773 2.82862
700 7.28872 0.98255 2.40728
701 14.4425 2.06431 -3.52294
702 10.4808 38.3695 -0.452704
703 1.21934 9.19248 -1.58499
704 29.4784 39.8591 3.47327
705 6.48706 22.4156 -0.82011
706 35.9699 31.4214 -0.461186
707 18.9721 0.602644 -2.84591
708 38.4292 22.5262 0.0847775
709 27.974 13.957 0.675014
710 15.6714 1.59633 -1.26546
711 37.0004 31.4702 -0.944465
712 31.5885 27.9241 0.832929
713 37.3606 16.146 -1.08212
714 31.6986 37.0631 -0.485482
715 36.5435 29.5909 0.0907984
716 17.1396 32.6843 -2.65184
717 17.4859 31.6282 -2.34297
718 4.53719 29.3504 -3.36808
719 11.3795 31.3983 0.0527934
720 14.3761 19.8549 -1.16701
721 19.7095 35.5138 -2.09382
722 4.1539 3.14882 -1.27834
723 7.8447 39.0914 -0.959675
724 22.0087 39.8625 -4.39978
725 29.0553 32.7432 -2.25432
726 2.33656 32.6103 -0.922381
727 11.8327 23.1196 -3.19243
728 3.01466 33.5739 -0.686586
729 17.7022 1.66132 -0.605409
730 21.8275 11.3417 -0.345584
731 37.412 16.8474 -1.09076
732 21.9212 39.8766 -2.03769
733 27.1692 29.3413 -0.0634991
734 38.0062 9.4609 0.0567381
735 14.646 31.2654 -1.54613
736 25.5133 24.8272 -2.05359
737 1.49057 36.4098 -1.72292
738 20.3724 12.047 2.99439
739 8.88332 20.7425 -0.313829
740 32.9901 21.5479 1.81449
741 1.68922 20.4101 -0.886147
742 17.1177 20.8799 -1.34664
743 25.9127 21.9743 -3.45297
744 33.4961 22.7975 0.447553
745 19.2282 37.4276 -2.80066
746 17.6744 8.26882 -3.59429
747 16.7536 25.8291 2.34691
748 17.3755 33.0854 -2.1983
749 9.57887 3.19037 -2.95088
750 2.66141 32.0536 1.53304
751 0.847433 32.9167 -1.23513
752 7.54168 18.3848 -1.07888
753 20.439 21.3202 0.0485421
754 29.7261 23.3793 4.0986
755 33.315 5.72214 -3.8975
756 11.9887 9.06165 -3.07534
757 1.90549 36.2368 2.03988
758 1.71588 17.2009 -1.54762
759 10.2694 26.8999 -1.40849
760 39.9893 29.7814 1.14473
761 8.56077 16.1358 -0.77073
762 18.6652 23.108 -0.524077
763 6.00083 1.68985 -1.15561
764 14.8085 17.5294 -1.98679
765 35.4869 18.772 3.57388
766 11.0063 12.0919 0.184364
767 33.2499 12.4332 0.0513692
768 8.73839 17.2239 3.15135
769 11.6557 30.3293 1.79732
770 4.37028 26.3812 1.61711
771 9.94631 20.6318 1.6262
772 12.1501 31.1885 1.49381
773 34.9639 29.7401 -0.975175
774 4.54761 30.2639 -4.02277
775 17.179 9.23327 -3.74015
776 8.30011 11.6463 -1.57599
777 33.8881 24.8469 3.22952
778 34.7709 29.2938 -3.22956
779 18.2798 4.44915 -3.50524
780 0.613942 4.77534 0.00916183
781 14.3195 36.8218 0.323417
782 11.1102 6.70177 2.6689
783 10.8939 12.5467 -0.0912433
784 30.4768 0.860533 2.44603
785 21.7728 8.45844 -0.0692331
786 7.1514 17.702 -0.726911
787 38.9479 6.57443 -0.482334
788 4.46452 30.1903 -2.92093
789 1.11365 0.378126 1.13073
790 8.95849 25.057 1.92367
791 7.70039 21.4165 3.40442
792 10.8175 22.5119 3.36167
793 19.3963 36.7872 -3.48864
794 22.9209 24.4717 2.42946
795 2.14895 1.90766 1.15691
796 13.6569 14.0722 3.06007
797 1.19678 30.3939 -2.05403
798 32.4955 11.938 -1.36266
799 30.7524 1.83694 -1.7873
800 36.7015 11.0305 0.0618504
801 18.7311 21.7019 -1.66722
802 35.117 25.2295 0.942709
803 11.5421 2.61607 -0.136757
804 0.626518 19.3725 -0.559716
805 2.03065 24.8584 0.04878
806 6.55592 28.6683 1.225
807 29.4092 18.1651 -2.43767
808 17.0766 33.2282 -0.144688
809 27.4167 24.7847 3.10169
810 14.7924 28.9277 -1.70493
811 35.2162 22.3267 4.68079
812 9.56854 5.78673 -2.22118
813 8.41028 10.2964 4.35126
814 31.0681 35.7071 2.10152
815 23.4367 17.2554 -0.355952
816 15.5878 38.8447 -2.44464
817 16.8584 32.7533 -3.44537
818 4.22934 3.9887 -3.75354
819 28.0065 6.32185 2.10468
820 10.6946 1.07079 -1.53341
821 16.2778 8.72785 3.94511
822 6.93377 39.1599 -1.62407
823 21.7986 4.57889 -1.49577
824 28.0401 11.7804 -0.909961
825 37.1955 0.776065 0.348425
826 4.0428 17.2222 -3.39736
827 33.6588 11.373 0.952943
828 15.0563 17.8336 -0.676841
829 12.0907 32.1375 0.676371
830 9.71699 11.8462 0.523333
831 23.8178 35.943 -2.61738
832 31.6992 2.03877 -0.65548
833 15.6558 13.0536 -2.77478
834 18.7634 8.80661 -1.14809
835 3.41569 34.2844 -3.73309
836 16.8507 30.9334 -1.8006
837 29.7842 37.99 -0.686826
838 17.4654 3.12146 -1.54794
839 10.2216 11.405 1.71957
840 27.4637 17.0699 2.85219
841 25.6498 35.62 -2.48893
842 21.1099 35.3012 -1.27433
843 18.4964 4.10019 -0.291619
844 1.98509 22.5069 -2.88442
845 6.53774 29.6971 -1.62861
846 6.46296 18.0092 -3.22886
847 1.65477 24.878 1.71493
848 24.8905 24.9166 -0.127708
849 21.6397 18.5569 2.39629
850 33.922 36.3789 0.0103805
851 7.01541 2.86936 -3.22933
852 29.1907 25.7651 -0.893262
853 15.294 20.0681 -1.13498
854 7.39616 0.952486 2.51127
855 15.0296 33.5731 -1.86353
856 11.9616 32.2277 1.84499
857 10.5375 31.265 -1.01696
858 32.8799 29.1643 1.29926
859 10.5799 35.3007 -0.497722
860 39.2371 18.602 0.171957
861 6.06939 13.2097 2.01597
862 4.98385 24.3013 3.82705
863 16.6058 10.033 -2.49113
864 11.4277 9.42606 -4.55149
865 21.7913 28.4496 3.40606
866 29.7073 39.5417 1.68471
867 28.9996 24.0254 2.54635
868 35.4069 29.3147 -2.78131
869 1.06119 17.7571 -0.617561
870 1.84445 3.38837 0.598454
871 17.1241 20.8162 -1.301
872 37.3893 15.9902 -0.263813
873 8.85368 16.5207 2.58547
874 22.5077 12.2852 -2.25601
875 30.12 2.07561 2.19354
876 19.2565 22.9223 -0.659925
877 37.2224 12.3159 1.16434
878 37.6214 2.17769 0.449033
879 8.39574 35.0928 0.533676
880 33.6209 24.5671 1.03116
881 13.1599 23.0283 1.8906
882 30.3981 4.49787 -0.0690032
883 36.3599 27.836 -1.1517
884 38.1097 14.2544 -1.0908
885 16.3545 10.3145 -0.818378
886 17.6569 21.0605 -2.12721
887 2.78602 21.6188 2.48637
888 34.6982 29.1141 -2.81547
889 37.2164 5.95864 4.04994
890 15.625 9.79286 -1.12721
891 22.556 23.8927 0.473231
892 26.6238 11.1411 -2.58511
893 33.0068 24.1293 1.45647
894 23.8301 26.528 -4.19974
895 34.6292 7.03787 2.80283
896 14.1699 39.2804 0.571441
897 4.11087 13.8598 0.990938
898 24.402 20.1755 4.06206
899 7.51177 23.0004 -3.03035
900 10.2374 39.1232 -1.31593
901 39.6001 39.9893 0.830675
902 4.88821 28.7493 -3.91519
903 15.8111 34.3123 -0.547098
904 19.1307 36.8251 -1.2193
905 33.3418 36.1889 0.468291
906 21.4902 15.0912 -0.731725
907 12.0476 26.2049 4.10941
908 32.1293 38.5161 0.995148
909 9.10669 0.265843 1.63416
910 2.6051 24.4135 -0.305944
911 35.5536 2.14198 -0.713627
912 27.2975 15.601 3.72749
913 33.4065 33.1644 -2.64441
914 37.9466 25.1859 -0.236044
915 39.1646 1.30715 0.300972
916 38.5403 17.3819 1.04983
917 17.9648 26.2248 1.37121
918 36.7808 8.84338 -1.28743
919 25.0004 28.4545 0.142225
920 0.630112 21.5484 0.941163
921 30.9737 17.4083 1.86522
922 26.1928 19.2491 -3.36418
923 6.2701 27.8075 1.8483
924 33.0259 25.3278 -0.018709
925 17.7965 16.1372 3.44598
926 17.6452 8.30848 -4.11882
927 1.75038 31.6212 3.69729
928 33.0742 1.5994 -0.191155
929 12.6153 27.1685 -1.55045
930 7.62343 2.40129 -4.13527
931 11.8402 23.3905 -0.789188
932 33.0832 24.0776 1.93928
933 18.7591 39.7038 -1.22748
934 29.137 20.4065 2.20182
935 6.14391 11.263 3.05719
936 14.0224 18.6549 0.163336
937 24.1644 6.48534 -3.93423
938 14.4683 18.2643 -0.883392
939 9.95784 2.45834 -1.05387
940 14.4194 26.7476 -2.45013
941 33.6336 23.3805 1.49179
942 5.33977 17.197 -1.27103
943 12.984 6.22177 -3.70513
944 8.12436 1.23608 2.57326
945 4.15799 8.65766 0.52255
946 12.5306 21.3171 2.37046
947 13.5438 9.51453 0.741577
948 18.1058 8.36622 -2.30582
949 8.47537 9.73524 3.01498
950 4.5392 27.0084 0.935314
951 8.18685 6.62939 -1.32175
952 10.7557 23.3143 -2.59822
953 36.2034 20.432 0.240115
954 10.8734 33.6295 0.0910174
955 7.14258 1.20592 -2.04133
956 31.1708 14.9005 2.45168
957 35.6141 18.8438 0.183013
958 6.30875 3.07781 0.233366
959 37.5463 14.4043 -1.21898
960 10.9736 31.715 -1.2092
961 8.76009 27.831 -1.10588
962 12.5112 27.4247 -3.19454
963 11.2882 38.7634 -0.125799
964 38.3969 9.77141 -0.55711
965 1.83185 30.2741 -0.76022
966 13.332 10.2718 1.0802
967 19.4407 0.245421 -0.626689
968 37.0457 11.9495 2.04235
969 15.744 6.56997 0.595312
970 13.4011 1.11611 0.3085
971 15.0689 20.748 -0.33336
972 13.072 17.8198 -0.135532
973 3.43717 18.5852 -1.49502
974 0.103094 27.4289 3.85607
975 7.87718 20.7062 2.67464
976 8.52854 15.1813 -2.85932
977 5.14631 39.1516 3.20177
978 10.4675 32.8958 0.23022
979 8.63376 2.26474 1.4624
980 29.8229 12.0796 2.36583
981 5.58544 19.9128 1.55459
982 1.02085 39.0189 -0.514122
983 34.8311 23.8488 2.42822
984 10.2617 27.2829 -2.76733
985 38.3674 28.1081 2.58292
986 21.6633 21.4973 2.05694
987 12.1027 9.35676 -4.54369
988 9.69465 19.8311 1.70405
989 24.1547 29.3461 3.7807
990 21.7252 19.3214 4.04847
991 12.4865 20.5129 4.00821
992 10.1594 5.61594 -2.25062
993 13.3828 11.2138 1.24228
994 22.1684 18.1162 1.57988
995 13.6932 11.6464 0.22757
996 35.0892 20.7024 -2.59685
997 5.07057 14.4048 1.15843
998 34.4526 36.482 -0.995697
999 37.9805 5.98805 1.97958
