1000
Particles
0 5.37231 34.756 -1.31619
1 28.3551 29.4156 1.87054
2 16.8899 6.16835 -1.11915
3 10.9752 2.50796 2.55878
4 20.8258 23.4632 3.00578
5 13.9011 16.8329 2.06209
6 31.6679 3.88268 0.894289
7 35.7967 17.5837 -4.81183
8 6.15659 16.3833 -3.03778
9 4.50936 23.7371 -3.00231
10 20.4604 2.77722 3.95176
11 12.4706 30.8171 1.73779
12 31.2418 34.5707 -1.97758
13 21.017 2.31563 0.297288
14 18.0156 29.3356 2.81363
15 16.3411 29.1389 -0.746622
16 24.9356 30.9527 -2.77988
17 39.7847 24.4766 -0.238717
18 31.9807 13.9689 0.136083
19 17.2193 28.7645 3.80518
20 2.80853 8.40392 -0.837815
21 0.778182 3.32481 1.39602
22 5.51116 4.81517 -1.54824
23 38.5999 25.908 3.91661
24 34.3999 4.5178 -0.676467
25 0.851044 30.7244 1.40015
26 23.5465 33.8349 -3.40183
27 11.6755 6.15358 2.83096
28 14.3262 36.8865 1.24689
29 30.6746 3.40352 4.14666
30 15.0071 16.2679 0.154374
31 12.8817 8.97015 3.31795
32 28.7273 39.1493 0.454678
33 9.27552 35.8683 3.33706
34 24.6591 28.61 1.24805
35 26.7356 19.9664 -1.0733
36 17.7305 4.19323 1.71786
37 34.054 30.9073 0.802366
38 33.9704 4.09497 0.619507
39 34.4347 26.2489 -0.169934
40 0.253184 37.5954 1.98595
41 14.7775 7.94556 0.372866
42 33.3232 13.4517 -1.66558
43 22.0581 21.9443 3.00451
44 17.4049 23.9586 -4.45024
45 39.0849 21.5819 -0.183521
46 38.7802 7.48255 1.88798
47 27.3374 16.4019 0.361983
48 4.6837 38.0271 -0.410481
49 8.19326 34.4877 1.37852
50 4.63908 30.0438 3.71668
51 28.3692 5.54776 -1.01598
52 33.9189 9.76721 0.645246
53 15.8754 6.7486 -0.415631
54 25.6561 9.98047 -0.582579
55 10.0324 9.04497 -2.84881
56 10.8195 12.9428 -0.515604
57 10.9594 37.3784 0.5474
58 32.2686 26.9364 1.71371
59 5.87948 36.0858 -0.709942
60 7.38465 21.8253 -2.32332
61 25.6276 35.0027 -2.32762
62 1.01502 6.06586 2.36187
63 16.8652 16.5145 1.57202
64 33.0811 30.9651 0.0742538
65 10.8133 0.0826852 -1.07813
66 39.787 18.5992 -2.89826
67 21.9285 24.2647 1.44229
68 38.8159 7.06916 4.33967
69 11.544 39.5236 0.527916
70 10.916 1.69231 2.4083
71 18.07 15.48 1.3952
72 6.54824 12.111 -2.9923
73 21.5243 29.881 1.21575
74 9.87426 3.66843 0.75939
75 26.7 33.6232 1.09411
76 31.5656 2.54459 -0.521965
77 10.1183 27.7192 0.670163
78 39.0127 26.3614 2.03604
79 4.33385 39.965 -1.18997
80 36.3095 15.2545 -2.47791
81 13.9577 35.1267 3.71038
82 17.0284 15.1458 0.847767
83 13.1013 30.1929 2.93936
84 25.3935 10.0501 1.25749
85 1.72972 17.6528 0.171821
86 19.6964 14.6512 1.91722
87 25.2387 35.434 -2.95625
88 11.598 1.36016 -0.251356
89 9.40993 2.79924 3.59436
90 36.893 31.857 -0.229125
91 25.8721 14.723 0.060857
92 19.0822 28.1723 -4.03416
93 13.0158 39.892 1.66751
94 16.4284 25.4878 -2.88489
95 16.5927 3.82364 2.62049
96 10.8647 1.83833 0.439425
97 23.8689 39.5456 0.553082
98 3.55777 20.5413 -2.46498
99 13.4366 5.07688 0.474307
100 36.9184 22.3938 1.99686
101 16.5128 22.3818 3.77088
102 24.3492 36.9126 3.36188
103 19.2983 39.9866 3.33099
104 21.1101 10.3778 -0.894251
105 13.1683 39.314 -0.587685
106 32.6107 23.8756 -0.4644
107 16.886 21.433 -2.84775
108 38.0801 23.7364 3.10441
109 35.8081 29.6787 -2.38046
110 38.7673 34.1311 -2.62003
111 32.7778 34.0645 2.056
112 36.8507 5.10455 -0.774669
113 34.921 36.3356 -2.50071
114 33.4205 21.3323 3.75458
115 26.9515 16.2931 -0.894076
116 15.1489 30.5161 1.00669
117 30.3583 31.9248 1.99805
118 23.3608 4.82863 0.342959
119 32.4996 11.7616 2.34931
120 28.2304 31.5178 3.23996
121 18.2293 16.2302 1.14566
122 29.1685 27.2318 -2.60417
123 11.688 30.4439 1.3525
124 15.2771 0.844716 0.309469
125 23.6224 5.65648 -2.55217
126 30.7297 37.5012 -0.718432
127 31.6127 4.09709 3.40466
128 25.6827 3.6918 -3.02119
129 0.707902 17.1308 3.16303
130 22.829 13.6232 0.248903
131 18.9999 27.3597 -3.45525
132 16.0298 39.7194 -0.454906
133 0.372916 38.246 3.97015
134 9.85671 35.5265 2.06653
135 16.4864 3.42665 2.72051
136 29.3475 1.63802 2.3938
137 26.1653 23.8824 -0.0411484
138 2.92968 16.8751 -3.61705
139 16.3853 35.5222 1.17251
140 29.7611 1.733 4.00077
141 27.0522 1.83934 1.25088
142 19.3997 15.1945 0.671335
143 19.0376 18.426 -4.72766
144 36.5157 31.4912 -2.05121
145 23.0436 26.3993 0.276434
146 36.6764 13.8539 -0.665419
147 35.5431 30.7213 -3.27814
148 29.7049 9.47219 1.30734
149 14.4196 16.2822 0.38132
150 10.6203 25.2848 0.675839
151 30.5949 2.04247 1.15022
152 19.5957 10.5972 2.0691
153 12.0882 8.09785 4.03857
154 26.4391 0.224658 0.378409
155 0.876962 24.5462 0.309221
156 0.438812 24.5307 2.24093
157 18.6597 1.92491 1.23799
158 12.5824 7.44044 0.865937
159 25.7725 33.3069 0.0964079
160 10.4899 22.9112 -0.288627
161 11.5493 24.7049 1.46647
162 26.3501 23.1983 0.322448
163 16.5294 15.7694 0.468443
164 22.488 7.10242 -3.25676
165 33.071 5.12033 0.619352
166 36.8869 2.57732 0.747603
167 3.37831 33.7974 -0.232287
168 34.54 30.2442 -0.54529
169 2.32278 5.55397 2.91318
170 30.865 35.9202 -1.87159
171 21.3222 28.7957 4.30377
172 11.9261 18.0978 1.56689
173 32.8139 31.9696 1.8647
174 22.3561 6.52767 -1.34835
175 1.20478 10.6764 0.578508
176 25.4538 22.2287 -0.604131
177 9.50156 3.59769 3.96145
178 34.18 27.8977 -3.66476
179 21.6694 13.3118 -1.47066
180 18.2555 7.4691 -0.834579
181 13.784 27.3199 0.921903
182 16.8656 26.085 -0.164618
183 0.283004 22.9238 -1.29551
184 3.03664 38.4495 4.44397
185 11.0619 10.0616 -3.66109
186 21.92 38.4534 -1.04002
187 34.1372 6.56075 -0.317229
188 16.3978 8.32888 0.710785
189 7.14149 18.9907 -2.2361
190 26.5021 17.5519 1.19329
191 15.5905 22.2347 -3.01975
192 1.89483 37.1491 0.498882
193 20.6309 28.0692 -0.849005
194 19.5585 22.7342 -0.910465
195 4.34039 18.9852 3.21937
196 36.357 0.967946 -1.09194
197 9.95531 37.7643 -2.5038
198 32.4785 22.7055 0.964115
199 19.6616 12.117 -3.99557
200 36.4753 35.6823 -2.56996
201 2.99016 14.8785 -1.17574
202 13.0453 15.07 0.410537
203 20.1322 20.5078 -0.396004
204 32.3851 26.4626 1.06461
205 8.47136 30.0193 -0.0520634
206 5.61835 0.759178 -1.87612
207 35.9308 1.78357 0.0925388
208 36.4491 21.9519 2.88126
209 2.83344 1.46696 2.47827
210 24.7638 23.6479 2.21873
211 32.9281 19.7319 -1.30521
212 31.2467 35.262 -3.71899
213 38.4501 39.2158 -1.06554
214 26.6713 24.5367 0.680006
215 3.91348 14.5841 -0.98638
216 32.2523 29.6989 1.38176
217 12.5667 8.02265 1.77852
218 8.60358 17.3637 -0.417033
219 25.046 37.1621 3.61707
220 13.9757 6.84843 -2.61158
221 19.2 22.4188 -0.818201
222 36.2647 30.0554 -1.75912
223 14.1319 22.8187 -1.20945
224 5.83932 27.2734 -2.37237
225 1.54124 7.07118 -1.52672
226 26.4177 16.4441 2.02283
227 9.84077 7.17434 -3.13501
228 15.849 0.175756 -2.01232
229 2.82441 26.0849 -3.17169
230 32.4979 37.0287 -1.26889
231 18.2817 28.5311 -2.51031
232 35.5247 32.6049 -1.84792
233 35.3774 4.34198 -0.795552
234 38.6854 9.18909 0.49613
235 2.72741 11.6879 2.07471
236 18.5856 9.17293 1.96173
237 16.2044 26.1215 -2.12569
238 13.1769 9.81465 3.06783
239 36.58 10.2753 4.01708
240 17.7199 15.0709 -0.364236
241 35.9232 27.1504 -0.733985
242 31.4029 4.55892 2.85189
243 31.2808 34.0491 -1.18783
244 4.99497 5.11247 3.76301
245 18.2885 27.8263 -0.380759
246 26.2956 7.85018 1.90464
247 5.87082 3.98996 -2.29456
248 10.8147 25.4628 -1.00147
249 8.2347 0.360855 -1.93714
250 25.8063 4.19822 -1.83089
251 28.0722 1.92464 -1.61397
252 29.0727 14.452 -0.97144
253 31.5754 14.6569 0.652692
254 10.3163 38.8593 -2.53806
255 27.5747 19.7754 -1.22723
256 2.2495 39.5832 -0.0856477
257 28.467 17.6869 2.2869
258 32.6369 2.66618 -1.41708
259 35.5277 20.5441 1.23189
260 0.446367 2.66445 2.60121
261 31.7852 19.1722 0.385296
262 28.1708 37.3365 2.61895
263 1.92165 29.856 -2.9122
264 13.8566 18.9623 -1.34562
265 2.70821 28.3175 2.68341
266 4.25156 15.9159 -0.65253
267 6.21977 17.9301 1.81085
268 18.3603 17.0255 -1.56268
269 38.1002 35.7936 1.00947
270 32.6554 14.0339 -2.91823
271 1.96503 15.3579 0.930922
272 22.2072 20.7519 1.52178
273 35.2775 28.9804 -1.03139
274 11.0667 38.1014 -0.583091
275 10.7159 31.1939 1.68803
276 31.5108 17.2894 3.2839
277 2.77427 19.8708 -0.988149
278 3.46424 14.8204 1.19672
279 14.8759 29.9396 2.84848
280 3.9735 30.1575 4.4277
281 25.7765 26.3456 0.755938
282 10.6906 19.5107 -3.97926
283 27.4946 4.56091 0.969506
284 31.7854 14.9273 1.13177
285 7.86692 34.0776 2.08748
286 37.9912 7.36026 2.3733
287 13.3905 13.6252 -0.758315
288 39.7836 0.590426 3.41396
289 9.51713 34.9375 3.96696
290 31.5364 26.4691 -0.952273
291 17.2105 4.64059 1.4443
292 27.5428 20.3152 -3.79073
293 19.8344 7.24658 -2.27271
294 34.241 28.5954 -1.00717
295 16.2822 14.6473 0.347533
296 21.8547 28.7014 2.70865
297 36.6735 30.0745 0.277609
298 20.5829 2.0815 2.42443
299 18.2161 25.6406 3.06855
300 15.9193 12.7745 -1.39716
301 22.0293 28.1336 0.933682
302 22.1632 2.86349 -0.358593
303 1.84186 16.6632 0.436768
304 11.953 31.4175 0.486204
305 2.47415 24.0447 1.7894
306 25.0942 20.056 1.21638
307 14.0536 18.6213 -2.4908
308 9.42824 30.3775 3.56185
309 22.6711 0.0953656 -0.891517
310 13.969 19.8872 -1.04313
311 22.264 25.7001 -0.403322
312 38.6491 27.5537 -0.0849935
313 24.7024 5.06464 -1.78257
314 21.5515 38.9919 -3.56085
315 3.62167 36.508 -0.0816185
316 29.3841 38.8025 1.92647
317 17.8421 28.6459 2.49459
318 25.8158 33.0895 1.55873
319 6.9748 3.14089 0.244307
320 13.2198 18.1444 -1.84694
321 28.5598 10.4882 -0.210132
322 2.5508 37.1814 -0.52072
323 38.6383 35.8821 1.74287
324 27.3498 14.914 -0.0461986
325 11.3181 29.5101 2.52274
326 11.8291 7.0822 0.518706
327 10.9974 32.8781 -1.80091
328 13.3784 32.0527 2.69579
329 17.1054 16.9305 2.37037
330 3.3225 10.2848 1.27238
331 22.4577 6.5768 -2.91185
332 35.7886 3.51574 -0.0433389
333 34.0284 27.423 0.294484
334 10.9269 8.62653 -2.62563
335 3.12724 35.8375 -0.390369
336 23.5351 6.24181 -4.09469
337 11.8726 21.415 2.03329
338 25.6642 25.2977 -0.465943
339 2.28636 29.1349 1.98294
340 17.7521 11.2018 -3.00793
341 32.8213 27.5174 -0.387894
342 20.0051 9.57868 0.487508
343 6.49623 16.9363 -3.43795
344 11.9922 1.50617 1.6242
345 1.84928 33.6603 -1.70938
346 15.9118 9.94586 -1.27605
347 6.91269 36.5028 -1.0418
348 12.4358 11.9588 -0.0848707
349 19.6252 24.0117 1.31301
350 6.55278 17.0065 -1.77089
351 38.4431 24.7223 -2.70772
352 28.0939 21.0989 -1.15635
353 22.385 15.4384 -4.09896
354 1.30332 30.8498 1.25253
355 15.8881 22.3684 -4.11829
356 2.5279 33.6325 -2.09754
357 7.73152 8.30964 -2.20833
358 16.4666 9.60495 -0.949457
359 27.1215 21.3114 -0.76438
360 33.9438 29.8333 0.615513
361 27.6102 32.0423 -0.959717
362 31.2857 29.0381 0.901846
363 32.4025 13.7805 -2.26287
364 15.4972 14.7685 0.22958
365 39.4199 34.1905 -1.33816
366 9.09645 39.9116 1.59972
367 5.81536 39.3805 0.394175
368 22.7837 6.23421 -2.28478
369 20.4167 10.1919 1.46412
370 24.1073 33.4541 -3.11006
371 37.0344 15.1449 2.11659
372 20.3984 25.022 2.12275
373 15.6748 21.1903 0.187251
374 10.7145 13.7554 -1.19868
375 9.14692 11.4907 3.72162
376 35.4877 31.5526 0.948656
377 33.7056 10.5865 1.24352
378 17.5083 8.12663 0.662589
379 39.6949 36.2433 3.29295
380 36.279 0.353289 -0.768764
381 17.9982 39.0341 0.211631
382 1.65743 13.9649 -0.406258
383 18.966 26.126 0.827898
384 32.2102 6.2491 -0.46868
385 20.3253 25.6501 1.49702
386 26.4147 10.4679 0.755873
387 3.50054 1.75193 1.15838
388 32.0449 32.711 3.10378
389 19.9168 35.2204 3.52463
390 31.1125 5.05499 4.03791
391 13.459 9.8539 -2.04771
392 23.821 14.3697 1.2069
393 20.2548 2.07479 0.692747
394 31.335 12.8297 1.06678
395 0.566133 11.0444 -0.570427
396 20.372 1.94691 0.95849
397 3.6978 19.7115 2.83652
398 27.123 33.9924 -1.10897
399 30.8139 14.8457 0.557045
400 3.35114 4.35426 1.30102
401 32.1855 27.2573 -0.572912
402 1.98175 9.74379 -0.675897
403 9.02559 29.196 1.90529
404 22.7209 29.1831 -1.74241
405 6.75139 22.2777 0.878823
406 17.1362 10.5415 -1.22951
407 0.131174 11.2669 1.82882
408 12.9987 7.28394 4.39082
409 27.9186 11.1649 -1.42821
410 21.1917 27.7132 0.7467
411 18.959 35.5134 -0.0586024
412 3.92459 4.28378 0.402277
413 3.84187 21.8433 2.40145
414 10.6641 2.91716 0.203188
415 11.0295 25.2791 -1.25817
416 0.737412 30.2097 3.20383
417 2.49577 1.04911 3.06005
418 25.2039 23.1304 1.74302
419 25.9 10.568 -0.761694
420 24.7261 2.00208 -1.49962
421 10.1607 12.6603 -2.89678
422 11.2908 12.0423 -0.992708
423 0.995777 7.75945 -3.65941
424 23.7643 17.1414 0.289617
425 21.6267 39.3152 -2.39771
426 11.033 17.1879 0.510168
427 21.5735 27.9866 3.4145
428 10.7916 1.19169 1.92846
429 35.5199 4.3567 -0.975665
430 11.4384 15.7875 -0.138231
431 6.58326 10.0182 -0.141442
432 14.8668 31.2544 -0.677225
433 26.8619 19.5879 -1.38092
434 14.557 19.8998 0.0260751
435 37.4639 31.9878 -2.85158
436 35.1711 29.0212 1.15078
437 7.13458 4.28308 1.33344
438 0.507194 0.787209 2.33982
439 37.2575 20.8134 -0.117997
440 17.445 9.1222 -0.106279
441 22.4502 34.5717 -3.58045
442 16.9149 12.1909 2.55156
443 17.8449 26.1696 -0.672492
444 13.8261 23.3724 -2.3033
445 16.1455 19.0893 -0.910967
446 23.0713 5.35503 0.480426
447 11.6605 8.98196 3.08465
448 30.5283 20.2662 -2.30604
449 16.3952 18.1451 -0.864127
450 7.23841 22.0987 -0.662526
451 32.8064 19.9904 1.80535
452 10.7501 5.99548 -0.625797
453 6.08378 18.7524 2.75035
454 33.8247 11.3589 -2.71455
455 22.267 39.6402 -3.18561
456 16.5782 16.2819 0.0435129
457 25.8414 11.7044 -0.692985
458 20.723 19.1834 -2.82271
459 19.9955 1.11557 -1.05741
460 8.50499 39.1779 0.226841
461 10.3494 2.8448 2.52578
462 26.219 23.3974 1.42212
463 1.82665 30.6636 1.70159
464 26.2458 36.33 -2.17741
465 31.9117 6.60038 -2.4003
466 34.4373 24.2186 -2.14042
467 9.59395 31.3906 1.28037
468 10.0288 31.6571 -1.73478
469 28.3553 34.7783 -0.114381
470 9.54308 12.1843 3.88524
471 26.7869 28.9388 -2.03985
472 16.472 4.1995 0.931954
473 16.6924 0.770953 0.625022
474 4.97466 38.0938 -0.90835
475 31.1576 36.1158 -0.520297
476 14.7045 20.6012 2.13757
477 9.16036 37.5867 -1.20379
478 33.1096 26.3272 -0.692007
479 35.7295 29.6112 -1.42725
480 36.1728 28.2305 -4.17935
481 32.1355 3.54181 -2.39524
482 13.4657 38.0849 -1.79657
483 7.98995 37.338 0.289294
484 21.4548 39.4872 -3.0019
485 3.0245 36.7235 0.801662
486 15.8709 26.3022 -2.1542
487 26.363 31.0226 -2.28637
488 1.07516 8.48373 -1.4813
489 21.1716 7.8069 2.6187
490 35.9405 6.63143 2.30657
491 18.759 14.6319 -0.597634
492 20.2818 37.7756 -3.86208
493 39.1744 29.2041 -1.12471
494 4.6436 19.7412 1.32677
495 38.625 9.75417 -0.680232
496 23.456 34.332 -2.21606
497 15.9109 32.7525 -0.399144
498 18.5942 11.2927 -2.62645
499 8.73696 15.7492 -2.1844
500 10.6547 7.42399 -1.28361
501 35.7415 8.01018 0.631242
502 6.52343 1.59646 0.357634
503 22.2854 25.7072 -0.815336
504 3.5172 1.55115 3.31607
505 12.6428 9.07015 3.43741
506 26.3521 26.1451 0.81104
507 19.9933 12.105 -1.7085
508 11.9214 29.8963 3.48361
509 20.0628 38.6886 3.65663
510 35.8768 7.20595 0.884935
511 22.4473 28.7948 1.33897
512 33.992 29.955 -1.12865
513 18.3962 23.6963 2.56009
514 3.95466 34.7463 2.21922
515 16.8479 15.2702 -0.971344
516 18.4816 35.1764 -1.26007
517 14.9895 16.5244 0.425171
518 39.8532 38.0086 -1.51577
519 22.2173 23.6927 3.84219
520 3.47823 8.456 -2.24225
521 1.69069 37.5919 -0.538127
522 28.9219 21.0563 -0.128025
523 14.2912 18.1159 -2.38174
524 15.8256 21.2866 -2.42185
525 13.9935 16.3153 1.09726
526 17.7013 25.9497 -2.83415
527 12.5097 8.56389 2.39394
528 20.2617 6.58587 -0.408879
529 32.5679 32.712 2.22653
530 30.1757 16.7664 -3.94167
531 24.9413 0.579294 2.50889
532 20.7893 0.242608 -3.4577
533 0.180068 32.3872 2.36551
534 7.11447 28.8938 -0.999832
535 30.3854 7.3865 -0.623614
536 34.2362 12.8688 -0.284707
537 3.14155 24.2687 1.2585
538 19.862 39.3496 -1.88071
539 19.518 16.2524 -0.0263531
540 36.5307 19.0797 -2.17979
541 20.2063 23.6137 2.93385
542 32.6461 37.3657 -2.41228
543 7.19524 21.3627 1.16298
544 36.7305 32.8811 -1.19225
545 2.45484 18.2836 1.00588
546 33.9183 0.872687 3.55797
547 3.26032 10.8245 1.51087
548 33.602 33.3378 3.03556
549 38.2532 26.7613 2.90597
550 37.2305 30.6296 -2.37259
551 38.1204 10.1352 -3.39803
552 11.1802 2.35394 2.43437
553 10.7029 30.6335 1.33875
554 11.4293 1.7161 0.530926
555 34.1664 7.43011 -0.390509
556 2.35763 17.4038 0.662039
557 12.8885 11.7905 -1.06937
558 28.779 3.29385 -0.974291
559 33.0979 34.9099 -0.68892
560 36.8852 24.9676 -0.398255
561 3.99507 35.6643 2.62524
562 10.1812 23.27 1.57622
563 5.10454 10.9887 3.3902
564 7.17838 25.8454 -1.19784
565 3.37918 21.1176 2.34834
566 18.7943 0.219219 -2.39037
567 32.1744 19.7571 1.31993
568 0.968789 7.00902 -2.3318
569 31.9337 29.924 2.31476
570 7.39918 30.0207 1.32839
571 14.7657 8.96381 -2.52627
572 26.2166 23.0849 -0.541197
573 18.1304 30.216 2.9451
574 10.8507 23.752 -0.425739
575 9.46544 13.01 -4.22661
576 5.3786 4.01842 -0.771838
577 20.5411 35.2872 -0.163744
578 11.8476 34.2056 0.450084
579 16.6916 17.504 2.81615
580 6.90478 27.92 2.85857
581 5.12079 26.0379 -2.17386
582 15.5359 21.6216 -1.01016
583 19.1438 28.4573 -2.49992
584 4.5392 12.2696 -2.93251
585 1.01892 23.1323 2.93453
586 24.9423 22.8972 2.45776
587 31.0296 35.0624 -0.518
588 19.0671 37.8421 -3.30402
589 24.8385 10.9272 -0.172113
590 2.42661 6.16753 0.361127
591 12.2262 30.5061 1.01522
592 23.9155 25.6244 -0.874059
593 12.8448 16.8303 -1.27042
594 6.17119 4.42815 -1.10526
595 34.2342 28.8686 -1.08743
596 3.19875 36.9847 -1.35118
597 27.3583 11.6435 -3.0599
598 1.56501 14.0792 -1.20146
599 10.8223 1.70826 1.83754
600 39.8296 38.3688 1.52421
601 19.3624 36.3681 -1.00772
602 17.5322 16.3563 3.48461
603 19.9723 5.55095 -1.6717
604 29.877 31.3424 3.57173
605 18.903 25.0731 2.87109
606 38.5021 30.7239 -0.128406
607 39.6668 9.43042 -0.532004
608 7.70431 2.71228 0.00767558
609 24.2845 11.9524 0.812646
610 32.2323 30.4603 3.53132
611 36.3396 24.0584 0.88877
612 17.2312 8.02503 -1.14492
613 18.0618 9.20781 -0.87926
614 35.708 35.5955 -0.913049
615 34.3386 4.33302 -3.08836
616 33.7536 20.1671 2.00821
617 21.3974 27.551 0.201246
618 3.43195 0.527328 3.43728
619 23.0706 26.5457 -1.05314
620 37.3822 1.80115 -1.51968
621 26.1771 21.8079 0.900998
622 29.5266 3.97385 -0.989992
623 15.9152 20.2493 3.28919
624 3.78218 8.38865 -0.826447
625 12.5884 8.16736 2.78522
626 2.4832 1.03972 2.61407
627 7.92897 35.922 0.572155
628 17.9368 8.19258 -0.168982
629 23.3938 5.49995 -1.90023
630 2.02252 5.62979 1.87778
631 30.5589 0.572382 -0.928567
632 35.189 32.9593 -3.18979
633 6.77942 21.0915 1.87557
634 38.6036 10.0237 -1.18007
635 26.1806 24.6259 2.95836
636 20.6316 13.876 0.1199
637 9.4294 31.4863 2.53576
638 30.4423 33.448 1.99486
639 26.8593 23.1227 -0.302542
640 5.98203 20.6442 1.23202
641 35.5949 6.84975 -1.2893
642 14.2886 33.7706 -0.6077
643 28.2647 34.2173 -0.0978684
644 11.7694 39.2059 0.342109
645 4.66591 6.07308 -2.12643
646 12.6862 5.69231 2.11637
647 9.86063 2.36598 0.943201
648 26.4239 33.0768 -0.574626
649 14.8628 9.48094 0.235299
650 27.4738 22.4473 1.96209
651 30.0625 19.7381 -1.23717
652 3.51953 29.5667 4.72026
653 6.39607 35.6261 0.521771
654 26.3533 18.9272 1.09272
655 27.5873 33.5099 2.03792
656 15.786 7.91984 -0.243466
657 29.7899 11.0768 -1.00031
658 4.18183 26.5124 -2.44693
659 2.02745 4.5367 4.23963
660 27.5108 19.8434 0.599759
661 4.39855 17.6042 1.26274
662 35.8972 38.4614 -2.558
663 0.0532892 17.9957 -0.0649425
664 37.2462 21.1891 2.15865
665 35.9339 32.4504 -1.93602
666 26.8534 1.60008 1.40107
667 34.3257 28.5643 1.14438
668 7.8071 33.368 1.53178
669 7.93741 33.3234 0.861078
670 34.2068 30.1957 0.613901
671 36.4022 39.9043 -3.45779
672 13.8657 36.9286 1.59194
673 1.74255 11.3417 2.56436
674 6.61572 21.7434 -1.81632
675 27.9051 11.6711 -3.65601
676 0.191003 6.83274 3.24525
677 8.85797 16.5704 -2.64176
678 24.7686 1.58412 -1.4367
679 19.1677 24.7459 -0.449595
680 25.864 36.7207 -1.38845
681 15.6587 32.9304 -1.23731
682 36.2761 39.9324 -3.40774
683 20.6323 27.5318 -1.0531
684 8.83841 24.5403 -1.52207
685 25.8303 22.0673 -0.475803
686 38.7867 33.1399 1.99569
687 22.507 21.0051 1.2936
688 23.898 12.2369 2.6124
689 6.73388 5.30308 -3.57337
690 9.14175 7.45317 -1.94651
691 16.2381 33.14 -3.70185
692 28.3427 15.6943 -0.979646
693 2.06518 23.5252 4.09465
694 31.12 14.0642 -1.36671
695 13.2706 30.4976 0.17302
696 17.8212 21.47 3.18413
697 23.2882 4.06732 -0.192344
698 4.08358 7.08969 -0.586511
699 38.1288 30.6164 1.35323
700 6.96336 1.06254 -1.03538
701 12.1078 0.935591 1.22437
702 8.23962 37.7097 -0.970107
703 1.80909 9.43627 -0.242436
704 29.5842 1.48189 2.66086
705 4.72547 22.7891 -1.62455
706 32.9018 34.194 0.691725
707 21.2026 1.23921 1.32159
708 38.4512 26.2628 2.78877
709 29.564 14.2275 -1.56049
710 11.4957 1.81419 -0.608153
711 35.4141 32.8202 -2.48888
712 31.4694 26.0997 -1.24531
713 38.3895 19.6949 2.60629
714 29.7552 37.1391 -2.27254
715 34.9161 27.933 -2.36232
716 18.1357 31.6968 0.881809
717 16.9508 29.7026 -2.34414
718 0.848132 26.1872 4.33655
719 9.6514 29.2988 0.107487
720 17.7086 19.6936 -1.39386
721 20.3511 35.7594 1.21676
722 2.44795 6.19132 1.33122
723 10.3595 38.5391 -2.68704
724 19.669 2.93494 2.67832
725 27.0209 32.6111 -0.462891
726 39.0201 26.4502 4.01808
727 13.3722 19.3788 -1.42116
728 0.869862 29.9168 4.72728
729 14.8583 3.7249 2.6946
730 23.5244 10.0565 1.18853
731 38.9254 18.4042 -2.78986
732 21.8377 38.9749 -2.80797
733 22.0739 30.3335 1.45649
734 0.374929 8.1379 -2.43095
735 15.023 33.1788 -1.29314
736 23.6368 23.8824 1.10692
737 1.55631 32.2537 -1.88069
738 20.5593 10.0088 -0.387879
739 13.1635 17.8132 0.465435
740 30.0038 20.6308 -0.0619353
741 2.43965 23.1821 -3.86639
742 14.9448 22.3218 -3.18768
743 26.5371 19.6996 -2.60186
744 29.3542 20.4886 -1.26724
745 21.0933 38.2221 -3.64976
746 17.902 9.04705 0.615031
747 16.6873 28.8584 2.8881
748 14.3943 33.4187 -0.705494
749 11.9008 2.50744 1.21265
750 6.21132 33.0108 3.99337
751 36.119 33.6663 -2.33857
752 7.78804 21.7399 -2.38466
753 25.6225 23.3975 2.07486
754 26.2354 26.7325 4.24195
755 33.698 5.32413 1.73203
756 10.7896 9.96021 -1.81097
757 5.02764 33.4005 0.409804
758 2.49981 15.5736 -1.18076
759 10.6481 26.8551 -1.18699
760 38.5677 27.7471 0.687503
761 4.86529 13.8707 3.12705
762 19.6725 26.2868 -1.39612
763 3.5621 1.78045 2.37139
764 15.976 17.1111 3.5886
765 1.27914 21.816 3.09582
766 10.9277 9.15801 -1.68427
767 35.3454 11.1083 -1.84315
768 8.32666 25.3503 -2.79818
769 10.0727 32.1475 1.56403
770 7.92475 28.6583 -0.0644707
771 12.0493 19.2862 -1.08766
772 10.3967 30.7792 -0.294265
773 34.14 30.4251 0.281985
774 36.8982 31.2798 -2.78401
775 15.3581 7.107 -2.52465
776 8.73135 12.2768 3.46209
777 33.6184 26.4891 -0.685273
778 34.3845 30.4338 -0.912542
779 18.8885 3.8275 -1.25255
780 36.7137 7.53752 -4.06516
781 15.3623 32.9762 0.972559
782 4.90945 7.13039 -4.45978
783 16.1404 15.298 -0.946352
784 34.1942 1.03393 3.26345
785 20.3657 14.8024 -0.419489
786 9.4645 16.3901 -1.93775
787 0.701732 5.99046 1.04424
788 2.40886 26.7252 -1.23612
789 0.913155 3.41605 1.11044
790 10.9024 25.8176 0.600175
791 7.35726 21.2778 0.428729
792 11.2245 18.0867 4.07291
793 17.541 36.868 -1.74443
794 20.0823 24.4866 2.93173
795 0.502254 39.1924 4.28173
796 12.7816 15.3197 0.878412
797 39.0635 34.4137 0.493747
798 33.9329 11.2099 -1.34116
799 31.467 4.15258 2.07674
800 38.8158 9.8983 -0.551776
801 19.2602 22.6821 -0.136397
802 32.5015 24.6176 -3.16218
803 11.2984 39.9509 -1.13719
804 2.50105 19.2519 -4.82516
805 1.62314 24.9204 1.71267
806 7.96103 29.9652 0.343526
807 26.4639 18.3237 0.306685
808 16.7639 30.2792 0.700851
809 27.8702 27.3166 -1.17885
810 18.7054 28.5799 -3.23964
811 39.5325 23.5868 -0.81585
812 9.19947 2.74361 2.03732
813 6.90878 11.1612 1.48782
814 29.0801 38.4986 1.05587
815 25.4736 19.3289 -1.31012
816 15.6622 39.8575 0.3683
817 17.1005 35.2731 3.15679
818 2.33836 1.59831 3.2063
819 30.8177 6.61084 -1.60177
820 11.4049 39.3645 -0.0888309
821 12.182 5.54761 1.76722
822 5.21952 34.8932 -1.99461
823 18.701 3.60426 -1.09038
824 27.0393 14.9396 -1.0961
825 39.2284 1.92015 2.98992
826 4.40486 15.6202 0.926853
827 37.2209 9.88094 4.28075
828 16.1411 19.0654 2.0987
829 11.0633 35.7576 -2.34928
830 12.9422 13.8424 -4.38724
831 23.4663 34.9606 2.60107
832 35.4067 1.22539 0.0765049
833 18.9387 15.7124 -3.10233
834 16.2033 7.76745 -1.10414
835 1.7858 30.1964 4.48237
836 17.1137 29.6604 3.19178
837 29.4325 36.1423 -2.96058
838 16.0739 3.82071 3.45329
839 13.1954 11.728 -0.368005
840 24.1836 17.0783 -1.45981
841 24.9068 36.6572 2.57037
842 25.1816 34.7236 -0.675169
843 19.701 2.81512 2.42965
844 6.69483 25.8547 0.366156
845 7.80033 29.4811 0.0756658
846 2.87547 17.2544 -2.25546
847 1.50217 24.407 1.51975
848 20.6997 25.1487 1.44815
849 20.7727 16.3805 -1.56439
850 36.2112 31.9881 -3.69969
851 5.61355 0.0785254 -0.532203
852 32.168 24.8142 -3.02741
853 17.1088 19.1961 -2.34394
854 5.98099 35.9171 -0.617399
855 10.7002 36.612 -3.67497
856 11.0594 30.8628 2.96423
857 11.6587 32.2278 -1.0643
858 32.1508 30.5087 1.21033
859 9.48438 32.8821 -2.20833
860 38.8102 18.2059 -1.53812
861 5.84949 18.764 1.10149
862 4.09839 24.551 -2.31521
863 16.1767 9.23236 -2.18158
864 10.6919 5.19931 -2.54588
865 20.0128 29.173 2.61506
866 30.1451 39.2219 0.878081
867 30.4625 26.7561 1.08912
868 33.2807 31.6722 0.109112
869 39.2742 18.5474 -0.0847444
870 38.1987 6.18404 0.76756
871 16.4215 22.2404 4.50124
872 35.3547 16.6793 -2.62465
873 9.33574 17.9129 -0.796933
874 21.1632 13.1369 2.28589
875 32.8881 4.52142 3.73083
876 21.7953 26.8166 -2.29827
877 1.20774 15.0363 0.293532
878 39.1763 3.05989 -2.3654
879 10.0682 37.7794 -1.10832
880 31.9685 24.3603 -2.37735
881 13.1921 23.1267 1.72841
882 26.5263 5.30666 0.0127395
883 35.7446 27.5297 -3.49853
884 36.4318 13.2047 1.75904
885 12.0701 7.00861 3.39251
886 18.7518 17.0415 -1.2527
887 4.43826 20.5657 -2.12239
888 30.5209 32.661 2.44697
889 36.8758 6.38986 0.269076
890 14.9262 7.55364 -1.6576
891 21.2761 24.2831 3.72266
892 28.3508 14.2853 1.27919
893 31.3907 20.1474 -1.19203
894 22.5552 26.5816 0.796939
895 31.8453 7.47443 -1.7133
896 14.0376 1.43927 -3.10182
897 2.79469 14.4059 0.305586
898 27.2747 19.0316 1.20499
899 11.3868 26.1831 0.413152
900 11.8538 39.8299 -0.571816
901 0.112867 39.7461 4.04826
902 5.03835 28.0453 -2.52939
903 19.3105 34.7301 -0.670888
904 19.2899 36.0925 -0.408899
905 33.2701 36.0856 2.72039
906 17.4014 11.8821 -4.52855
907 12.0786 27.4339 1.98864
908 31.6655 0.744414 -0.763268
909 11.2971 0.893983 0.891251
910 2.96634 24.4148 2.15218
911 38.343 1.70519 -0.368701
912 25.4647 18.9493 1.87764
913 34.5537 34.1958 4.08104
914 37.9344 24.636 -2.78831
915 38.3058 0.748563 1.28857
916 39.4671 16.924 -1.24156
917 14.4628 23.3293 -3.12777
918 33.9733 5.46732 -2.30997
919 21.5145 30.4671 -1.28208
920 1.21562 22.6914 0.66173
921 35.1362 18.8342 1.56373
922 22.6808 15.4516 -1.9451
923 6.54412 24.7574 -0.879512
924 32.9467 26.8569 -1.83973
925 17.4326 15.7064 0.544455
926 15.857 6.86295 -1.27144
927 35.8294 29.9108 -1.63589
928 36.0168 0.394288 -2.10181
929 13.3129 28.6161 1.50697
930 6.64735 4.87328 -2.17187
931 11.541 25.8242 -2.04261
932 34.4532 22.4512 1.46701
933 20.6105 1.70461 -0.620201
934 29.4545 15.4836 -2.77429
935 6.80865 9.76324 -0.295393
936 15.9005 19.4297 1.08017
937 19.2509 3.27091 -2.81589
938 16.2051 20.5236 2.25572
939 8.11663 1.89069 -1.71027
940 14.8479 21.9642 -1.15441
941 32.8156 26.5278 -1.02046
942 3.89079 19.4098 2.3577
943 12.783 6.089 2.82488
944 11.8792 4.69785 -1.75899
945 3.53285 10.9423 0.638744
946 13.6583 21.5177 -3.2534
947 11.5853 8.69283 -1.70806
948 22.9228 6.20452 -2.68078
949 8.6351 11.2014 2.49195
950 9.80251 30.6085 0.841987
951 11.1751 4.2032 1.65915
952 11.9016 20.7275 -0.933205
953 35.1515 24.1183 -1.81224
954 11.4982 31.0572 -0.514657
955 7.7712 1.91143 -0.875585
956 22.8551 15.2079 -4.74049
957 38.764 17.3866 -1.80405
958 3.47638 3.94394 3.18441
959 37.8427 16.7377 1.57649
960 11.8924 31.0387 0.943244
961 4.52522 26.8097 -1.40327
962 13.559 28.4315 1.28219
963 11.0558 38.7496 -0.0815634
964 1.44398 9.42649 0.829984
965 38.2818 30.6384 -0.399498
966 15.58 9.48511 -0.183115
967 19.2747 38.543 -1.18624
968 36.8109 14.2962 2.15486
969 17.9631 7.39412 0.42214
970 13.8493 1.01998 -1.48431
971 15.2567 21.3408 -1.10447
972 14.6046 16.4577 1.37385
973 1.07148 17.7182 0.649097
974 38.1254 28.7879 0.970656
975 8.116 21.0013 0.943047
976 8.16089 15.2891 0.164644
977 3.36729 1.64693 2.30434
978 9.30382 38.2461 0.517803
979 9.53496 1.82859 2.24611
980 30.3417 7.4027 -0.646829
981 6.40474 19.2371 1.91238
982 2.87104 36.3155 -1.57172
983 35.3514 21.1689 -1.62167
984 10.7232 29.9308 1.41454
985 38.4857 29.1885 -0.315126
986 18.3435 22.0223 2.88907
987 12.0697 9.66156 -0.788767
988 11.2055 19.066 -3.09382
989 24.4479 33.7982 -1.88254
990 17.7617 20.0346 -0.735966
991 14.2184 21.4123 -2.27852
992 8.87968 3.93968 2.97619
993 15.0953 7.84342 -0.750876
994 22.3443 20.8389 1.67672
995 19.4098 8.62655 -0.180591
996 37.8391 22.7269 2.63729
997 2.34386 16.786 -2.6404
998 37.3494 30.9605 -1.66302
999 36.684 5.74963 2.63004
