1000
Particles
0 39.9079 33.5312 -0.524924
1 30.6446 20.3732 0.286017
2 20.0021 6.37927 -3.7247
3 9.25909 35.2055 -3.78183
4 18.3278 21.3019 1.07385
5 23.8806 9.89616 1.32137
6 29.5837 3.84756 2.09122
7 33.786 17.4768 0.315581
8 3.1505 28.1626 -3.64778
9 27.2462 18.7327 -2.40724
10 26.4929 34.1685 -1.36009
11 38.5324 33.4984 -1.0495
12 32.4557 30.2969 0.764925
13 1.67421 9.91643 2.98778
14 28.2899 18.8208 -3.1001
15 25.8108 28.9642 2.05472
16 22.5859 32.6517 -0.359934
17 34.0513 11.7204 1.14901
18 35.7051 12.2705 -3.69154
19 15.8156 22.4276 1.54128
20 8.19226 10.9258 3.50434
21 37.784 5.41325 3.33139
22 39.5858 16.7392 -1.59577
23 30.6006 21.8554 2.01271
24 35.8952 7.88967 -2.24906
25 4.02632 34.4267 -0.474789
26 20.8655 30.2078 0.0311236
27 14.4079 18.272 0.0199104
28 3.02849 29.9796 -1.48135
29 32.4545 6.29616 -0.658042
30 17.8178 20.1517 2.41633
31 14.857 18.9931 0.877989
32 21.7162 8.54722 3.79352
33 10.8527 0.0416956 -2.72654
34 28.4984 16.0658 0.392632
35 23.8337 39.4019 -0.583514
36 17.8581 39.8002 -1.01451
37 36.5171 23.9416 2.24388
38 31.5094 39.9977 -0.0140483
39 29.4625 16.6691 0.680246
40 34.8508 34.9041 -0.696026
41 17.6619 12.51 -0.592841
42 39.0042 17.2292 0.397919
43 25.9563 35.179 -1.64465
44 23.2462 26.7404 0.124869
45 5.31774 27.8911 -0.813554
46 1.53391 7.9975 3.11513
47 34.6514 5.25109 2.91106
48 2.02096 35.4835 3.16075
49 7.5722 33.2273 -2.07893
50 37.7978 0.455497 4.12353
51 17.849 38.6947 -0.48419
52 33.8145 13.0487 0.040908
53 13.4937 4.59427 0.06293
54 33.0196 27.9595 -1.56637
55 38.8326 19.1282 1.80553
56 24.6669 6.52706 -3.45702
57 2.65001 30.1165 -0.181796
58 38.1308 23.905 0.701322
59 5.64215 34.3047 -1.29029
60 6.24089 26.997 -2.59442
61 15.5922 28.2043 1.13344
62 34.4502 1.31501 0.237178
63 8.86415 14.1351 -2.39817
64 38.166 25.4797 3.18699
65 13.7894 38.0622 0.897793
66 13.8447 18.455 -0.0197542
67 27.0608 19.1998 -0.487034
68 11.3029 3.82473 4.17077
69 11.7801 4.73397 -3.8327
70 7.46238 34.9041 0.638555
71 19.7258 10.1345 -0.308931
72 8.29723 13.984 -1.76846
73 24.8199 28.5306 3.58872
74 6.51743 3.67563 3.55896
75 5.71479 33.4142 -1.19842
76 17.2662 6.43395 -1.34404
77 7.19209 27.1165 -2.18347
78 1.42012 29.5614 -0.719008
79 37.358 3.76154 1.18121
80 35.5519 7.08393 1.89448
81 0.76245 25.1465 1.37065
82 12.2023 9.85441 -2.63317
83 18.9767 26.1573 0.0164819
84 16.0497 17.0638 1.53683
85 0.476764 18.3034 -1.63718
86 19.1979 4.27525 -1.19925
87 21.3065 34.159 -1.30697
88 4.75897 39.2248 0.75612
89 4.09919 38.7007 -0.143038
90 38.284 34.4575 -2.0212
91 20.122 17.801 -1.07042
92 13.7059 21.0616 -2.2532
93 17.4252 6.18031 -0.241513
94 16.076 21.2367 0.0598422
95 17.2339 38.9751 -2.10375
96 10.2542 29.4796 1.0193
97 23.623 34.3969 -0.671368
98 0.747882 19.3889 -1.38915
99 11.463 3.51728 0.699031
100 26.7267 19.1949 -1.33288
101 22.2266 24.677 1.3292
102 20.9231 33.6451 -0.661165
103 10.7547 3.78189 -0.00403644
104 23.7625 6.38474 -3.54644
105 21.4037 30.9816 1.44369
106 31.1651 14.8143 2.81261
107 16.8052 21.1307 -1.77634
108 25.8235 9.33258 -0.131631
109 36.7975 37.7928 -4.59901
110 13.4161 39.9892 3.10741
111 39.9681 31.1183 -2.3376
112 28.701 38.902 2.26825
113 0.420785 22.7489 -3.19064
114 39.0261 25.7729 2.02753
115 30.2311 26.0903 2.39848
116 24.9695 30.07 -4.38334
117 25.0404 31.7671 -1.55175
118 22.1738 2.91154 -1.14762
119 33.8841 17.2636 1.02392
120 28.3939 28.9596 1.40463
121 25.8237 12.7804 -1.05699
122 36.9608 18.8514 3.44863
123 7.32251 28.0742 -4.30785
124 15.3033 0.261239 -3.27529
125 27.5806 0.616403 4.1687
126 28.3424 22.7844 -3.66658
127 36.3807 5.32206 -2.77042
128 37.3669 9.70368 0.434544
129 1.04923 13.8953 -1.4007
130 34.436 5.17148 0.896902
131 35.9087 24.9442 2.048
132 18.541 39.4381 -1.91886
133 34.8531 31.7366 -1.91081
134 2.0444 28.45 -1.04316
135 10.5929 8.52817 1.78525
136 26.3728 5.95952 0.543087
137 27.7769 33.1653 -0.242466
138 12.3257 21.3988 -3.12694
139 13.8364 2.05746 4.83253
140 21.6072 33.1491 2.18216
141 31.2101 29.0117 -1.34234
142 26.0052 3.97733 -4.72523
143 17.8245 25.7886 -0.262914
144 39.6687 26.2302 2.56273
145 27.3454 19.1483 -3.45932
146 31.9176 6.18595 -1.0208
147 37.6812 2.38675 -1.9656
148 37.1051 10.0793 1.77035
149 14.5021 24.4064 2.68243
150 19.4405 14.7173 1.4571
151 37.9498 0.882721 2.6802
152 19.1313 14.0567 2.55474
153 19.9679 2.82615 -4.06003
154 27.8901 37.2563 3.62689
155 35.7285 28.017 1.02373
156 38.0216 25.7689 -1.45575
157 12.8931 11.7079 -2.02643
158 18.1143 32.7845 -3.65946
159 18.0357 25.3044 -2.0892
160 2.01893 12.7536 0.833108
161 8.5821 21.5965 1.87334
162 26.5186 33.1946 -0.852313
163 7.24322 6.50674 0.0265703
164 15.3226 2.85177 -2.49543
165 24.3617 10.492 0.625135
166 35.8061 8.6047 -1.56809
167 11.3598 34.8176 -2.63497
168 1.81787 23.2413 -0.596881
169 37.772 32.3255 -3.00335
170 4.37211 35.6958 -4.8798
171 22.9283 0.39256 1.00001
172 2.10642 18.7937 -1.1181
173 22.3439 33.9711 -0.525373
174 14.2113 37.3 -0.0600129
175 39.6382 5.10843 -2.46566
176 20.7059 20.3298 -2.71032
177 12.1297 9.05508 -1.31728
178 26.067 17.5338 2.43776
179 31.4861 6.65079 1.20748
180 17.0767 9.20344 0.0194655
181 38.6985 28.2391 0.150971
182 21.8849 14.0243 2.18141
183 4.67607 24.9827 0.696343
184 32.2733 2.38518 3.28145
185 11.5283 14.2826 0.326896
186 22.7141 1.10371 -0.462568
187 7.87183 39.0743 3.57092
188 21.323 18.6534 -2.05833
189 10.3895 26.034 0.250287
190 23.2275 22.8562 -1.0927
191 14.3131 30.1069 0.809109
192 36.9364 5.33249 -4.13412
193 33.1125 16.8795 -2.55325
194 19.6328 25.8249 -1.49709
195 11.2744 18.5461 0.631167
196 28.6383 38.6685 1.15765
197 16.8506 35.0834 0.0284347
198 28.8348 19.6762 1.00326
199 11.0347 10.2162 -2.10664
200 31.3415 35.634 0.129906
201 34.9506 17.9203 -1.75111
202 14.4594 19.3037 -0.457979
203 26.5154 16.794 -0.034749
204 33.2062 30.4523 0.875856
205 36.0574 31.8695 0.613489
206 16.4193 5.71733 -3.06451
207 36.1265 32.7091 -2.84618
208 33.8238 22.606 2.6453
209 12.0494 33.7708 1.24995
210 8.2786 24.6315 -1.14476
211 37.8127 21.3407 0.201991
212 35.4033 32.4513 -0.178463
213 39.8772 9.79819 0.264124
214 29.1654 22.3158 -4.35094
215 35.8032 21.7851 -2.22383
216 29.9921 23.8742 -1.58363
217 9.28891 9.10407 0.100556
218 14.6017 18.4813 -0.893217
219 22.0185 39.9413 -0.746925
220 12.6907 5.378 -2.81297
221 21.7275 9.76532 2.98596
222 38.4249 32.5989 -1.12749
223 19.9021 27.5486 4.23027
224 1.84183 29.6448 -2.31093
225 33.9788 10.5453 2.66837
226 38.168 21.7341 -2.93356
227 4.69395 10.7557 1.55555
228 17.4758 6.92797 -2.03141
229 38.5436 18.9677 0.48329
230 30.6339 7.53899 1.50965
231 19.3185 24.6092 -0.532119
232 31.865 5.47637 -2.60161
233 38.8834 9.81268 -2.476
234 8.83391 38.5266 3.24857
235 39.1431 9.00046 -1.064
236 13.6613 35.8956 -2.93594
237 10.5693 26.8807 -1.56186
238 11.5492 11.3422 -0.845825
239 35.4495 11.8747 -4.15226
240 20.8088 20.9931 -3.60697
241 15.1877 30.7546 1.08577
242 37.2934 7.68888 -0.412277
243 25.3351 0.610354 0.368294
244 35.793 19.5075 3.08626
245 19.8655 1.83948 -2.23537
246 30.0827 4.66704 0.36107
247 6.86859 39.6757 4.56744
248 8.2855 25.4125 -1.17786
249 15.6908 35.4047 0.834949
250 16.3193 0.764914 -1.06669
251 37.1778 7.17392 0.511273
252 33.5051 16.583 1.83049
253 31.4767 13.7177 -1.26247
254 38.5306 1.254 3.69726
255 26.63 26.3732 -0.419516
256 6.11755 5.30008 0.035239
257 28.0211 17.1214 -1.29945
258 32.2675 34.9738 -2.38207
259 38.1204 15.7269 -1.39456
260 4.16425 10.9224 1.69003
261 26.3649 26.0531 1.61902
262 26.1564 34.2526 -3.01151
263 35.5791 5.95753 0.136047
264 9.64958 25.4577 0.912224
265 39.0135 25.9448 2.08281
266 38.5925 14.643 -2.51159
267 0.466528 27.2293 0.934676
268 8.5329 26.7203 0.952695
269 24.6679 36.521 -0.219044
270 1.79718 10.9611 3.28392
271 32.7234 7.26096 0.278579
272 19.068 18.2799 -2.62607
273 26.1883 34.5708 -0.413304
274 10.1935 8.26158 1.31133
275 8.30407 24.7794 -0.00515485
276 27.8846 18.4461 -3.22306
277 7.17381 20.0069 -0.976548
278 4.13878 11.9327 3.50795
279 7.05751 26.2436 -2.68227
280 7.15761 26.5591 4.09452
281 24.5635 16.1369 -0.678689
282 15.056 21.6706 2.46866
283 21.2823 33.9465 -3.15966
284 25.6415 21.3195 2.00921
285 37.8226 37.0005 -3.0176
286 32.9664 5.30924 -1.94069
287 12.011 15.823 -0.74175
288 0.757502 37.5729 -1.09785
289 10.6977 29.3002 0.377278
290 36.255 23.391 2.70994
291 13.5838 9.35276 -2.51969
292 38.6261 18.9869 1.95683
293 4.04512 5.22759 1.49496
294 30.3899 28.7133 -4.47113
295 19.5128 9.58126 -0.326984
296 25.0411 28.1913 4.49009
297 39.6458 26.4602 1.13881
298 25.0463 36.458 -2.79499
299 21.2128 25.7623 1.00576
300 22.8166 2.85445 3.55143
301 30.5479 25.2084 1.41309
302 19.4762 37.969 -2.97892
303 6.3156 27.6541 -2.47594
304 9.70727 26.7065 1.40114
305 5.34122 24.2174 -1.87314
306 31.216 14.9459 3.44625
307 12.1577 13.0763 -1.92643
308 5.78465 18.7158 -0.910594
309 14.572 33.4929 -0.649971
310 17.6503 20.8999 -1.15104
311 21.7519 5.00027 2.68082
312 35.3464 2.68789 1.03242
313 26.9228 0.108519 -2.24152
314 17.1747 3.23041 1.45878
315 39.358 34.4982 0.323935
316 37.693 37.5859 -4.24914
317 27.6297 28.3506 1.5226
318 26.9054 24.9731 -1.31163
319 2.52201 36.0258 2.42937
320 4.56406 25.3712 0.448237
321 29.879 1.94376 -0.153549
322 6.30841 35.3287 -1.77112
323 17.4358 32.7228 -3.49861
324 27.6655 16.1601 -1.95451
325 10.2297 30.9169 -0.0754833
326 3.33888 16.1077 2.30972
327 21.4184 34.3014 -3.04517
328 18.5914 26.4992 0.862234
329 8.47547 17.5895 -1.35214
330 3.29114 11.3594 -1.22251
331 14.1211 37.9592 3.14761
332 34.6304 13.1661 0.943377
333 24.7356 16.7163 -1.62093
334 17.164 6.30584 -3.64792
335 6.57942 0.66764 1.91874
336 15.6546 37.8002 1.36993
337 10.1921 16.7458 2.15132
338 14.9406 28.674 -1.48159
339 39.2382 32.6732 -2.39185
340 6.0031 26.6644 -2.44562
341 32.322 30.2363 -0.681188
342 10.8393 14.6514 2.03133
343 10.7584 14.1751 1.61704
344 12.4579 2.54299 0.201232
345 30.7539 29.0202 -4.46998
346 17.9698 6.90203 -2.32977
347 3.27009 36.7668 1.86244
348 9.66451 19.2541 2.33736
349 17.6929 19.7685 1.01878
350 5.73015 19.0012 -0.479147
351 7.72705 19.0741 -0.360092
352 28.1116 26.6519 -1.0816
353 27.1899 6.76093 -2.2513
354 36.9123 38.8086 -0.736652
355 17.138 20.4017 3.21455
356 26.9655 34.5821 4.30414
357 11.155 25.518 -2.07506
358 13.7662 18.533 -0.90616
359 35.1047 25.2969 3.89214
360 30.0401 25.1435 -0.0517194
361 28.3866 30.6009 2.54713
362 1.50457 23.8184 -0.405285
363 38.3231 13.4435 3.43356
364 4.3588 16.1723 1.16308
365 11.2817 38.3001 2.1339
366 16.9646 8.94587 0.138794
367 11.7513 1.0903 -0.973378
368 22.1287 4.65027 0.980876
369 15.2589 38.4202 1.97441
370 19.642 29.0068 2.72893
371 20.2744 17.0084 -2.5923
372 25.1449 27.775 -4.59924
373 17.6625 12.3522 0.608541
374 11.8977 17.4076 -1.35017
375 14.2912 11.073 0.0511847
376 39.38 27.4436 -1.71746
377 1.97986 6.49003 2.77493
378 12.4027 2.82046 0.353012
379 35.224 28.8234 0.770344
380 36.3326 30.7716 1.99356
381 11.5039 35.0886 -4.76316
382 3.64036 16.7769 2.41901
383 21.7961 33.3402 -1.01305
384 30.5475 6.80125 1.3686
385 16.3657 17.4379 2.38469
386 24.5247 9.17773 2.19624
387 3.65637 3.79493 2.31974
388 32.9701 25.7865 0.883415
389 3.31984 4.74198 0.847965
390 33.6621 22.7092 3.70695
391 18.1194 10.3457 -2.30889
392 20.5075 28.6082 3.58873
393 19.5098 5.94444 -3.16671
394 27.7739 36.8501 1.74239
395 35.486 16.4453 -1.95427
396 1.19822 6.66063 1.34482
397 3.82162 1.36848 1.97175
398 39.2582 30.7412 -2.02593
399 37.3224 21.6312 -2.39061
400 1.15099 38.8348 -3.09518
401 24.3936 33.6975 1.25632
402 35.5085 9.12658 -1.14053
403 0.252841 25.1788 1.36474
404 25.0113 28.9164 3.9108
405 4.08025 25.2603 -1.08263
406 22.7631 1.84559 2.41277
407 36.9873 4.6498 2.11242
408 6.14107 14.1323 0.910014
409 16.817 3.76356 0.61862
410 22.4219 25.5242 1.70646
411 14.382 21.19 -0.44306
412 2.69645 4.45818 -1.89319
413 12.1231 14.241 0.673008
414 4.04187 14.6145 -1.36354
415 11.7685 29.2025 0.509698
416 21.0602 34.6875 0.280516
417 39.9918 2.26048 -2.64344
418 27.1249 22.8377 -4.31425
419 24.5807 5.95363 1.22827
420 21.5806 2.08008 -1.41402
421 7.97843 18.6693 -1.72383
422 11.3778 10.6986 -3.1103
423 28.045 6.74968 -1.37207
424 27.4558 22.7045 -3.74841
425 19.3288 3.32081 -4.11013
426 7.51411 19.8165 -2.75782
427 15.551 18.5385 1.43937
428 3.51645 9.25289 2.64481
429 3.58351 9.55555 0.948322
430 19.2589 17.8907 -3.30399
431 5.54955 9.51223 3.77107
432 21.8831 33.0065 0.127492
433 27.6409 23.6245 -1.57131
434 7.78075 25.0732 -1.17721
435 30.6033 35.0456 0.554794
436 0.830702 25.352 0.815288
437 13.7489 33.4105 -0.655357
438 5.30316 21.5423 1.31632
439 33.4224 21.7528 -3.21047
440 24.6054 7.76121 1.21479
441 12.9513 2.19288 3.09373
442 11.2423 26.4694 -1.65147
443 21.8453 16.1084 0.503166
444 13.8628 18.7579 -0.432998
445 10.7667 26.0921 0.757841
446 20.8598 8.48913 2.45442
447 2.66019 6.92956 1.95907
448 28.8187 29.0423 3.76091
449 15.7555 20.0323 -1.10041
450 6.30166 19.8914 1.39003
451 37.3583 10.6449 -0.650982
452 12.2839 14.5338 2.69602
453 6.32441 27.9012 -1.2888
454 33.8781 7.66546 3.24308
455 31.3762 6.40964 0.439567
456 7.74385 7.22856 2.26811
457 24.0522 19.1455 -1.16161
458 34.9421 17.8119 1.01386
459 10.2708 5.51872 1.38689
460 8.27705 2.47134 -2.01645
461 11.5538 0.991964 -0.985429
462 26.6465 17.8805 3.24355
463 2.77637 30.3291 -3.02231
464 29.5608 21.9128 2.64351
465 27.4983 18.9318 -3.63016
466 31.9175 20.0567 -0.473797
467 10.6713 34.9766 -1.84193
468 26.6851 32.9896 0.0165396
469 16.9534 32.6177 -1.8091
470 9.96609 14.8226 1.22508
471 35.4132 19.7804 -0.0822351
472 12.0467 9.46205 -2.08977
473 13.8199 2.3746 2.3906
474 8.0766 37.5161 0.70328
475 31.4305 5.81347 -2.28144
476 19.0436 27.2173 -1.78634
477 14.8667 34.9571 1.93115
478 28.8921 22.7493 -3.79082
479 38.9353 26.1802 1.17701
480 33.6652 17.6167 -0.818828
481 26.6588 37.4777 0.0266191
482 8.86804 30.6421 -1.44323
483 14.0032 30.5302 1.52292
484 11.3365 34.6566 -2.41523
485 7.79213 0.784214 -1.35391
486 16.4699 29.553 -1.78751
487 31.7264 30.5198 1.34621
488 36.8804 9.45106 1.74231
489 17.1521 2.36745 -0.86275
490 9.58327 1.65024 2.12584
491 16.7169 8.08218 0.176635
492 18.9667 39.2647 -1.44423
493 5.08947 27.5375 -0.0489532
494 9.80047 19.2071 1.97225
495 34.4001 16.8045 -0.73261
496 29.2456 21.9265 -1.41956
497 0.344485 26.6605 0.319201
498 15.7421 17.7591 2.30793
499 10.9575 19.9642 2.09328
500 5.78335 16.4842 -1.56518
501 27.2972 11.9075 3.76289
502 35.0594 6.40061 1.59977
503 16.88 30.1009 -1.07935
504 37.8629 33.8677 -1.22162
505 9.99514 2.56174 1.89886
506 28.7653 28.1224 1.57952
507 20.6831 12.7933 1.6877
508 0.400973 24.1096 0.451441
509 23.9773 38.6419 0.525629
510 33.0198 2.30806 -4.27509
511 23.8054 33.593 1.29858
512 36.7171 32.0152 -1.34439
513 15.291 32.202 1.7916
514 10.5099 27.1868 -1.98187
515 14.6434 16.832 2.49161
516 20.8787 39.2427 -2.29882
517 15.6053 15.5483 -2.47236
518 13.3451 11.186 -3.28329
519 15.5601 18.734 1.61332
520 36.6786 10.2522 -0.257858
521 35.9659 24.2948 1.22936
522 21.0102 17.4156 -0.47735
523 11.0428 18.2141 -0.428404
524 8.00383 24.7453 0.192305
525 4.90679 11.2637 3.82381
526 4.44327 25.7882 0.0216043
527 15.5269 5.5644 -0.260209
528 20.1597 2.87765 -0.854507
529 32.7924 7.57716 -1.18815
530 34.4704 10.9967 3.1285
531 25.2479 11.0082 1.73442
532 20.09 37.2569 -3.53154
533 20.4548 28.179 2.03911
534 11.8216 25.1459 -1.87822
535 3.62088 3.87404 1.64162
536 33.2039 17.3759 -0.140357
537 1.90563 23.2347 -0.646938
538 3.17187 1.86636 -0.482574
539 3.13793 4.92213 0.0672807
540 29.2031 26.3261 1.09188
541 26.3503 21.3409 2.43035
542 37.4253 31.2045 2.07319
543 8.39117 15.5334 1.88075
544 2.70916 3.40141 0.69654
545 18.4583 22.3489 -0.726368
546 2.68465 33.9465 -2.08743
547 6.58693 16.0196 -0.854665
548 37.0424 32.654 -2.02661
549 39.8531 26.6389 2.20436
550 6.37334 30.8053 -3.16185
551 20.7273 17.5443 -1.71957
552 2.42445 4.67403 -1.03138
553 19.4735 28.1423 -4.71807
554 21.0701 8.4821 4.80778
555 39.6231 14.5277 -0.992709
556 32.6144 23.1901 -0.634733
557 9.4382 24.7497 0.466011
558 37.6808 5.5874 2.1595
559 27.59 33.3639 0.496944
560 30.681 25.9667 0.692278
561 5.55065 22.3253 1.56465
562 5.08516 26.6841 -1.50565
563 5.55834 14.5158 -3.70658
564 13.7249 21.8176 -0.876978
565 2.45029 19.1505 -0.424538
566 19.8258 34.628 -2.45956
567 34.3768 16.1863 -1.57647
568 2.50938 10.1339 3.69134
569 3.67625 21.0843 1.40712
570 3.6461 30.2323 -2.47504
571 18.8486 10.3791 -1.49162
572 36.5927 30.4556 2.45072
573 23.8184 36.0175 -0.327159
574 11.261 21.2601 -2.78862
575 21.7289 19.2673 0.00753945
576 39.009 1.62588 3.46338
577 22.9519 32.1017 2.80604
578 8.26639 37.3648 -0.339519
579 6.42541 9.37912 -1.14058
580 9.28031 29.485 -1.00097
581 6.38943 30.3535 -0.7602
582 28.4778 24.8743 -1.41111
583 21.8633 37.3601 -0.547584
584 37.8627 11.4821 0.787928
585 3.19483 21.5727 2.52287
586 23.1242 21.0252 0.755692
587 28.6049 32.5695 3.40457
588 19.4388 31.2144 -0.185296
589 27.8477 18.8783 0.155707
590 2.26216 3.63377 2.60522
591 2.45941 23.8764 -1.17413
592 34.0683 29.9673 -0.574581
593 14.4371 24.0415 -0.776752
594 3.31539 2.96533 0.456378
595 24.5968 17.7175 -2.26206
596 38.2134 34.4311 -2.66652
597 27.7247 10.9263 4.41224
598 35.13 11.1431 -1.06263
599 15.7823 30.6828 0.701076
600 6.89767 0.353222 4.55136
601 20.73 34.3918 -0.173272
602 8.68846 18.7752 0.193835
603 14.3645 16.4599 2.45522
604 29.9651 25.0768 2.30884
605 9.19831 37.1638 0.209739
606 1.73918 30.2921 -0.105808
607 0.222352 6.96886 3.16955
608 4.01226 5.50899 3.21607
609 25.9312 37.981 -0.964881
610 32.0369 22.6024 2.59729
611 39.047 25.4273 1.74871
612 22.2674 8.81256 0.576917
613 23.2403 11.4815 -0.662822
614 1.83368 7.27761 3.44849
615 31.8742 14.0694 -4.3152
616 32.8746 11.6609 2.2192
617 22.439 32.254 3.12405
618 2.4729 0.724965 2.60551
619 25.877 34.4171 -0.891645
620 34.945 36.2719 -2.58234
621 24.5223 16.4433 0.11891
622 14.0824 2.10882 -1.46111
623 17.0144 6.15979 -0.26685
624 30.6919 6.33331 -1.77697
625 20.4802 9.93859 -1.98462
626 8.5249 38.5607 0.493603
627 5.69747 33.9773 -0.541519
628 17.0344 5.98179 -0.677176
629 25.2428 0.755226 -0.972789
630 34.4953 32.9212 0.93648
631 26.9047 35.7584 1.65276
632 31.534 30.806 -0.879189
633 38.9062 24.7132 0.399399
634 39.0477 5.8321 -3.08172
635 26.1286 29.9894 -3.92296
636 20.0655 3.54191 -3.03572
637 1.59246 24.1978 0.398265
638 33.0843 23.7737 -1.11446
639 34.3236 10.4889 1.71806
640 7.18514 18.8637 -2.68502
641 24.7868 5.10852 -2.89356
642 15.6649 38.2594 3.29234
643 28.6039 26.2176 -0.799569
644 10.4571 5.02704 0.930374
645 2.37779 13.3908 1.12833
646 10.3228 6.28803 1.46713
647 11.7771 17.7747 -2.28967
648 37.3628 34.7462 0.0211951
649 20.5418 22.9843 -0.602595
650 30.5722 14.0541 1.41226
651 24.2568 20.2158 -3.01974
652 6.51903 37.8266 -0.741193
653 13.196 3.30719 3.73285
654 21.744 14.4342 -2.77857
655 35.1513 34.3074 -0.128276
656 11.9687 13.3127 0.394275
657 24.3444 10.2127 1.91892
658 8.68676 29.321 2.28985
659 34.5667 38.0413 1.30599
660 24.6163 11.3894 1.49226
661 37.9714 19.2607 2.15699
662 35.0814 32.7029 -0.796363
663 14.3169 21.8895 -4.12713
664 30.2143 17.5912 0.526271
665 35.3986 1.04251 -1.8253
666 26.8423 35.0668 1.11201
667 39.2807 33.4874 -0.553681
668 13.1769 31.6144 -0.235737
669 14.9757 26.3106 -2.00182
670 38.8488 26.2035 1.86974
671 29.3708 38.8728 1.28181
672 16.3165 30.5389 -2.54821
673 32.9764 3.39468 0.896625
674 10.3168 20.5326 -0.899536
675 29.9336 16.9997 0.471946
676 29.8992 34.6251 -2.69214
677 29.609 21.5861 3.48827
678 30.7179 39.9051 -2.07939
679 21.6458 19.1476 -1.44146
680 18.8236 29.6364 -4.20573
681 8.93851 38.7971 4.13108
682 33.7955 34.1665 2.07899
683 29.0586 26.4476 -1.07124
684 9.07316 39.6542 2.27895
685 25.4801 26.2288 1.98827
686 39.7454 3.11247 -2.98674
687 21.8831 10.5285 3.84584
688 30.9863 4.56456 0.538861
689 15.1543 2.74312 0.8102
690 20.6856 29.2154 0.598897
691 18.6782 31.356 -2.0919
692 25.6168 12.5043 -1.79459
693 0.636386 18.5386 -2.21152
694 30.5322 31.1079 2.40414
695 18.4356 27.3882 -2.31534
696 29.7588 29.0283 -4.14066
697 31.8125 5.26763 -1.96968
698 34.7818 14.8975 1.07572
699 26.1115 25.5181 0.0864271
700 2.99747 4.61796 -1.92741
701 26.0294 38.2513 -0.72025
702 37.7642 5.2062 2.15776
703 39.2207 13.6349 -2.35261
704 26.5145 33.0745 -0.984779
705 5.39189 34.5337 -0.794634
706 36.2441 35.0046 -0.465454
707 11.4497 11.3592 -0.0540134
708 29.3179 17.6592 0.363691
709 24.6741 10.6744 4.02535
710 18.039 28.3411 -0.765999
711 34.5223 25.5201 2.57317
712 25.5091 11.4217 2.09353
713 33.3774 14.6563 1.98881
714 28.1057 30.7975 1.25196
715 0.259544 3.9087 -4.38027
716 20.1163 33.8245 -2.38452
717 18.2657 26.1764 -0.361
718 10.1704 27.5444 -3.16835
719 12.8387 32.9853 -2.16876
720 9.89695 26.8507 -2.40072
721 29.6163 33.7236 -1.21441
722 38.6994 2.44078 1.99352
723 18.5084 39.7422 -3.08599
724 15.9111 0.199846 -2.89672
725 26.1195 0.174111 -2.24158
726 7.36781 28.3365 -1.1039
727 5.75186 27.5459 -1.52932
728 2.89595 9.89182 3.22653
729 20.0859 37.436 -1.33393
730 18.1291 7.54499 -3.90167
731 32.1879 21.0504 -0.413071
732 26.3437 34.5456 -0.740627
733 34.0863 25.223 1.0322
734 25.4856 10.0782 0.755826
735 17.5037 20.225 2.32835
736 19.2713 31.7115 -0.581786
737 34.4307 34.8435 1.03798
738 19.5121 9.29819 0.179166
739 10.2588 27.8809 -0.975576
740 5.57218 19.9016 -0.0884919
741 11.652 33.9569 3.35282
742 25.4244 13.3314 -0.146182
743 24.8773 26.0494 0.23085
744 34.1805 21.1236 0.125867
745 16.2182 33.1476 -2.69272
746 12.6998 10.6808 -3.36097
747 11.2908 26.4961 -1.92404
748 15.3989 26.5824 -2.38337
749 3.98131 6.6703 2.03756
750 1.48565 33.2518 -1.38856
751 10.337 2.33354 2.51706
752 38.594 17.014 -1.70022
753 10.5004 22.876 -3.48432
754 28.5294 22.3379 -3.46975
755 22.287 4.61466 3.18211
756 0.657672 4.05136 -4.5702
757 13.1108 22.7458 -3.22982
758 35.5099 22.4809 -3.0601
759 6.75993 29.3375 -0.616472
760 34.3156 37.6475 4.0342
761 11.8485 20.7451 -3.86788
762 23.3366 26.5628 -1.77985
763 12.6545 39.8882 0.891193
764 27.1175 4.47406 1.41177
765 29.8577 27.1222 1.54981
766 9.5165 17.7475 2.19535
767 34.6091 15.6308 0.399667
768 6.33825 17.5369 2.03346
769 20.6228 28.4538 1.03037
770 9.26954 25.707 -0.612534
771 2.34615 23.1042 -0.107588
772 14.2493 33.5734 0.179511
773 37.1738 31.7358 -1.6226
774 38.3997 38.8255 -3.08606
775 19.2358 8.96523 0.794439
776 10.1624 21.2351 -1.22834
777 5.94194 24.0966 -0.47255
778 33.106 26.9219 -1.29401
779 17.8479 38.682 -0.456554
780 3.9345 0.968166 0.0736804
781 31.341 2.76522 1.40824
782 10.7889 7.33727 3.00392
783 14.5995 7.81714 0.362342
784 30.262 39.1845 -1.59095
785 24.7447 16.1933 1.67094
786 7.33816 23.2171 3.99458
787 35.0449 0.844123 -2.1827
788 2.6741 36.1035 1.24425
789 39.4078 12.8113 -2.92818
790 9.62098 30.0713 -1.86544
791 16.8503 21.0184 0.242458
792 9.41397 27.1364 1.13241
793 26.0674 38.7509 -1.81342
794 23.9296 27.1202 -0.347823
795 6.91168 9.03518 0.639012
796 18.3792 27.1964 -2.97282
797 2.58619 30.2446 -0.716521
798 25.7522 8.06979 1.68361
799 20.9746 7.28718 0.994931
800 30.8901 7.67283 0.270063
801 22.0097 15.1125 -2.56773
802 34.5897 17.3872 -0.410987
803 12.7434 2.94051 -1.01907
804 5.67331 19.3901 0.109386
805 4.34654 22.2171 1.0418
806 14.2818 29.3749 0.903794
807 24.2621 9.63507 0.147833
808 22.4055 23.0334 -4.01186
809 25.1585 10.3332 1.32775
810 16.6511 38.7511 1.31634
811 10.7038 25.7522 -1.95897
812 11.0746 0.279328 0.036318
813 4.25992 9.21529 0.925623
814 26.891 37.2041 -0.56421
815 35.5108 16.8247 -0.398327
816 19.9397 36.8996 1.75787
817 15.2675 37.73 4.01841
818 6.39801 14.8313 -0.518014
819 26.2378 4.33248 2.35818
820 39.6502 3.04415 -2.14667
821 15.9647 6.90762 -0.0939406
822 9.15914 5.00378 1.10118
823 26.7496 38.6168 -0.588484
824 36.5146 19.6927 2.65407
825 39.3048 27.4704 2.74164
826 4.84152 15.5252 2.57918
827 0.119454 13.5113 -1.84951
828 17.2088 18.0765 2.18033
829 17.7839 32.1207 -2.9648
830 11.1195 24.6908 -2.25273
831 12.4437 38.469 0.280809
832 33.4254 31.8914 1.67155
833 13.0704 12.7014 -2.41843
834 21.1357 8.65814 2.29959
835 2.39707 28.0945 -3.04343
836 20.9522 28.4112 1.86948
837 30.8177 30.585 1.90284
838 21.0354 5.62101 1.65676
839 6.49691 24.7336 -0.830159
840 22.6396 14.0328 2.56008
841 29.797 31.5735 -2.13507
842 19.1838 29.74 2.1433
843 12.3763 1.97007 0.566669
844 7.73288 22.9661 -4.81158
845 2.41649 26.9226 -1.63377
846 13.3255 33.0237 -1.73989
847 3.72149 25.1595 -2.42708
848 25.6367 25.1395 -0.974686
849 17.3661 16.5146 0.793604
850 39.8669 32.1033 -2.81739
851 0.594474 35.9776 -3.63708
852 27.071 30.0802 2.52679
853 27.7673 23.3667 -2.34618
854 39.3689 30.1555 -3.57476
855 15.0252 0.609814 -0.919076
856 16.7426 35.3756 1.72771
857 14.1131 17.1954 -1.72392
858 5.25556 26.5515 3.26146
859 16.1894 37.6547 2.38248
860 39.1831 18.665 -2.12398
861 3.95899 15.395 2.85591
862 4.81365 33.8743 -0.626383
863 13.1624 13.4594 0.54849
864 25.3222 8.7405 0.761785
865 29.9501 28.8497 -1.29936
866 25.4644 1.21716 1.01843
867 24.6493 34.2178 -2.45244
868 30.8306 25.8697 0.383312
869 39.428 15.793 -2.94041
870 2.03097 6.92914 0.544641
871 19.7391 22.5854 -1.47479
872 28.2795 23.8285 -1.36159
873 14.5752 24.503 2.56563
874 38.0892 13.1584 0.949526
875 33.5744 12.5156 2.39708
876 2.76792 16.4301 1.68502
877 37.1392 4.2727 4.47408
878 4.74734 39.2641 1.93723
879 3.97051 29.0824 -3.7168
880 3.95289 20.8722 1.4106
881 5.02602 24.7638 -0.326947
882 24.4113 1.81769 1.17669
883 36.2292 23.3571 3.65678
884 9.07108 17.2965 -1.61974
885 8.6149 11.3406 -3.39965
886 16.634 21.6496 -1.49094
887 0.247872 23.7487 -0.941987
888 36.6176 23.3341 1.2694
889 4.69471 11.9284 2.9616
890 17.6787 16.8517 1.79872
891 20.0707 20.475 -1.99771
892 18.377 1.65809 -0.555958
893 32.5586 30.3536 -1.52847
894 35.56 33.392 0.819756
895 34.5208 16.7768 -1.15475
896 17.6982 1.47243 -1.11043
897 37.8674 9.89463 1.25995
898 17.6601 16.4246 1.74845
899 8.03993 23.6402 2.81008
900 15.7212 8.64583 1.22253
901 38.6597 38.3869 -2.39133
902 38.5878 33.2154 -2.20051
903 6.7985 33.5788 -1.74196
904 18.6218 39.1009 -1.91463
905 25.2625 33.8601 0.374301
906 27.7777 22.4034 -2.18522
907 16.517 30.1031 -2.98741
908 34.5264 33.0667 0.740183
909 17.5613 5.33343 0.760145
910 31.2068 21.5472 -3.12638
911 30.7023 26.9982 -1.34367
912 25.4086 21.8442 -2.09645
913 38.9443 24.6258 0.991655
914 4.42771 24.9673 -1.61905
915 36.5215 33.7947 0.852968
916 24.1083 18.3347 -3.60551
917 7.15115 26.8917 -1.2343
918 2.66388 6.9611 2.05833
919 31.456 18.4066 -0.772718
920 5.81422 20.5992 0.309841
921 31.1028 22.2907 1.65264
922 23.3478 17.2453 -2.1884
923 10.3464 26.1665 -1.03
924 30.5479 32.3187 0.17226
925 17.4906 39.3751 -0.270848
926 27.5366 35.6517 0.875803
927 7.45567 31.5907 2.20102
928 36.1677 3.18119 -0.0739395
929 37.9151 31.5022 0.4133
930 10.8128 6.88358 3.63494
931 11.5422 18.4073 -1.85305
932 6.90677 24.2716 0.194343
933 15.723 5.80067 1.54756
934 28.9573 26.5548 2.8598
935 5.41266 6.47426 0.159237
936 12.0549 20.8725 -2.13645
937 13.6895 2.842 0.99523
938 22.5019 25.3965 0.182287
939 20.5836 7.71358 1.62887
940 17.4996 19.9639 2.65082
941 20.4116 18.4411 -2.63924
942 7.90579 11.9319 0.955398
943 11.3216 5.1619 -0.742771
944 4.6438 32.7796 -3.55132
945 6.68757 4.2179 0.789398
946 19.3868 25.2076 1.92005
947 19.9914 6.05394 -1.54856
948 16.1163 4.87474 0.56448
949 1.61076 12.0862 -1.26207
950 37.3513 27.0587 0.336079
951 15.2041 6.41252 -1.97149
952 16.6361 17.204 0.467313
953 30.6449 20.5475 1.00066
954 7.87006 37.956 0.0307002
955 39.1329 9.15306 -0.54109
956 29.383 10.6983 1.15832
957 31.3992 20.3703 -1.53373
958 6.17079 34.766 0.105539
959 28.047 36.7433 3.4498
960 4.66283 37.7669 3.32065
961 3.40223 25.8254 -1.2255
962 13.6141 32.1291 3.32498
963 14.9273 38.9342 -1.79597
964 2.25896 7.59984 0.914146
965 34.0507 21.9624 4.53882
966 11.2488 18.1939 -0.305673
967 20.9631 0.694815 -1.00487
968 30.1226 22.9181 -1.46369
969 16.6009 5.27045 1.1171
970 26.9744 35.3561 2.06228
971 31.4054 17.0461 3.26171
972 14.9805 18.4884 -0.444825
973 11.7224 25.0743 0.417133
974 29.2361 17.3497 1.38829
975 13.2865 20.1389 -1.76666
976 4.21646 9.22425 1.48878
977 7.16599 37.2362 1.79514
978 11.8659 28.3841 -0.959487
979 4.59107 36.15 -2.90654
980 37.8299 14.0421 -0.165378
981 8.70413 20.2718 -3.91976
982 33.9644 10.4222 3.69653
983 26.0051 12.5676 -1.04701
984 10.4319 33.0327 -1.54775
985 9.07843 22.1162 0.891931
986 22.6813 14.3044 -1.49175
987 8.51402 10.9592 4.61707
988 0.265332 24.3133 -1.70299
989 24.3464 33.5382 2.29255
990 20.7634 16.8545 -0.875076
991 9.35613 26.709 -0.360127
992 0.451616 16.1209 -0.88456
993 13.2269 21.2737 -3.31233
994 21.1046 24.3544 -2.44144
995 13.4688 20.9482 -0.0159251
996 30.2661 20.5381 -0.371723
997 38.1522 17.0465 -1.44266
998 35.2448 36.4606 -1.75063
999 31.5996 20.3986 -2.94139
