1000
Particles
0 5.658 36.6325 4.26128
1 25.7598 29.7219 3.93282
2 14.9245 7.98549 -1.72212
3 11.9287 4.83007 0.225614
4 20.3429 23.9429 -0.745862
5 14.0666 17.5685 -0.771144
6 32.4499 5.52522 -3.20453
7 35.2652 17.7229 -1.90852
8 4.22467 15.1539 -0.118583
9 2.27353 23.2511 1.79901
10 21.9164 4.17899 -1.51144
11 9.80531 34.2822 -3.78102
12 32.626 33.2201 -0.303108
13 22.2131 3.26426 -0.755762
14 19.5781 30.2753 1.70817
15 17.0642 29.8955 0.0519736
16 24.016 32.3538 0.349342
17 1.59485 23.9994 0.19109
18 34.6979 15.7444 -0.0767941
19 17.307 30.7637 1.53329
20 3.66682 6.04933 -2.32035
21 3.38683 5.55774 0.901537
22 5.36159 5.40699 -0.966367
23 36.7153 23.8237 -0.327817
24 36.6097 4.33889 1.23608
25 38.918 32.3934 4.34765
26 24.2585 32.7755 -1.30969
27 12.7923 7.00889 -1.74949
28 16.3822 39.7257 -0.114615
29 29.5331 3.7217 2.89063
30 14.9927 20.1908 2.4525
31 10.9127 10.6357 -3.23541
32 27.3517 37.987 -2.66886
33 9.14453 35.8414 2.33597
34 24.4551 32.5345 -0.971897
35 26.0085 22.7027 -1.0699
36 18.2385 5.85598 2.1083
37 33.0857 33.2284 -3.05819
38 36.4243 3.58164 3.62372
39 36.3957 24.0336 -1.03374
40 1.48197 36.4629 1.56216
41 14.7971 9.67062 -1.29675
42 35.0531 14.3869 -0.247433
43 22.0576 23.5669 2.51522
44 15.8257 26.8531 2.41355
45 39.6915 20.5897 -1.46301
46 0.179859 7.75074 -3.64884
47 25.4899 16.3703 -1.63409
48 4.14053 37.9491 0.195723
49 6.0813 38.512 2.29822
50 4.89437 32.8302 1.5902
51 26.9714 6.60462 3.4929
52 32.8112 11.82 -1.25811
53 13.565 5.80602 -1.11255
54 26.6549 7.96048 -0.68291
55 10.0294 10.3889 -0.903495
56 9.62536 11.785 0.343154
57 10.8924 35.3077 4.33166
58 33.9689 24.6685 0.657944
59 4.37736 36.5243 -0.776217
60 6.87157 24.5018 1.03082
61 22.0797 35.0152 1.18289
62 38.4428 3.37905 2.99849
63 15.1316 16.4816 -0.262868
64 34.593 31.9179 0.46075
65 11.4398 0.812452 2.62938
66 39.9197 20.4045 -3.15343
67 20.4274 23.9569 1.24805
68 38.9177 5.81415 0.776468
69 11.7156 38.7742 -4.36046
70 10.9861 2.29998 0.438993
71 15.0292 16.8046 0.626546
72 6.57504 10.9908 -2.69432
73 21.4908 32.1157 -0.630833
74 11.0491 4.15836 0.0771433
75 27.0527 35.5177 -0.237962
76 31.9879 0.643828 -0.167366
77 10.7048 29.4481 1.61997
78 39.5937 25.9892 -0.389143
79 4.23372 1.0787 -0.294661
80 37.3637 17.118 -3.05836
81 12.3202 35.2907 3.74279
82 15.2414 16.491 -0.893647
83 14.3862 27.6094 0.591201
84 24.1509 8.94744 -0.474841
85 0.332908 19.8103 2.94564
86 19.7249 14.2991 0.542774
87 24.1601 33.1575 -1.65921
88 13.4199 4.62812 3.38936
89 8.28162 2.52853 0.224515
90 38.1508 30.3537 -1.88754
91 24.4504 14.2572 -3.56721
92 16.7685 28.8387 2.42086
93 12.0792 39.0035 -3.28213
94 14.2869 25.0392 1.55752
95 17.0639 3.73984 0.122684
96 7.7836 0.791012 4.30604
97 24.2937 38.4428 3.02579
98 5.41412 21.1328 0.570033
99 12.1059 5.25882 2.61304
100 36.7137 23.4856 -1.54
101 14.4534 22.0083 1.73152
102 25.5568 36.9483 -1.2591
103 18.0145 3.08414 0.39304
104 20.1086 10.5908 -3.63617
105 15.7693 39.4132 -0.716443
106 30.1105 24.266 2.47364
107 17.1559 22.5577 0.62894
108 39.2088 21.2946 -0.298839
109 37.1759 28.1421 1.14921
110 37.7674 31.9473 -2.24351
111 32.0459 38.6246 -3.01842
112 38.2703 6.23055 -2.91275
113 35.6991 34.6884 -0.929934
114 33.7027 22.8524 4.15757
115 25.2512 16.9668 -1.67708
116 17.5719 31.4841 -0.00702899
117 26.6033 30.5867 -0.52769
118 22.2041 2.1721 0.00376446
119 31.0799 10.5854 -2.38893
120 27.3376 30.3944 -0.253024
121 17.0012 20.8714 2.28795
122 28.795 29.9292 1.34226
123 12.0644 28.9924 -0.273999
124 15.8087 1.39429 0.0411533
125 19.7736 7.01115 1.67415
126 30.3945 35.6011 -1.65905
127 27.8912 7.71247 1.83705
128 25.1554 3.64898 2.14686
129 38.9153 18.0438 -3.84437
130 24.8817 11.7985 -1.14616
131 16.3274 27.7762 3.68907
132 14.4081 38.8212 -0.0752212
133 1.52728 39.5119 -0.513393
134 10.4728 36.5277 3.83838
135 16.6012 2.79481 1.95325
136 28.307 1.43915 -3.33071
137 28.3063 22.5926 -1.1181
138 4.2081 17.8866 -0.176372
139 16.8944 37.3784 -0.710668
140 28.9215 3.70052 1.07159
141 27.005 4.14031 -0.253671
142 18.978 15.3137 -3.55397
143 18.9781 20.6517 -4.41725
144 35.8338 29.2207 1.92289
145 23.8952 27.8055 2.57721
146 37.7007 15.9642 -0.086489
147 35.1935 29.6092 2.0685
148 30.6176 8.21336 0.961473
149 13.9022 17.2214 -0.869776
150 11.1312 24.5073 -0.787527
151 29.9896 2.78857 -3.59701
152 19.4177 9.53896 -0.288485
153 12.913 6.93405 -2.11053
154 27.3426 0.805836 -4.7353
155 1.71221 25.5025 0.989264
156 2.58422 23.7606 -0.0740355
157 17.1663 3.28772 3.74391
158 13.6253 8.22951 -0.0958585
159 22.8208 33.3585 0.853149
160 10.5082 23.3846 -0.34939
161 12.104 23.162 -2.54773
162 28.0054 25.3833 2.59739
163 15.436 18.1834 -3.12065
164 22.6373 9.55411 -0.386704
165 33.1586 8.67219 3.25023
166 36.6101 2.79842 3.66832
167 3.95799 33.816 -0.612916
168 36.8067 28.0631 0.798619
169 3.20078 6.53644 -2.33633
170 28.0464 37.2126 1.7325
171 19.9741 29.9319 -0.35653
172 10.6055 15.9331 -1.00905
173 32.651 33.023 1.7868
174 24.2252 8.2773 -0.661666
175 1.98108 10.8557 0.92117
176 28.5092 22.3913 0.520768
177 10.6261 3.84778 0.571393
178 36.8564 25.9621 1.27466
179 21.2695 15.4404 2.87648
180 19.3423 6.33648 1.75718
181 14.906 28.1619 2.37017
182 15.5098 23.6783 0.892356
183 38.814 21.7434 -2.69715
184 2.13064 38.6134 -2.0255
185 12.3724 8.93365 -0.893067
186 18.9926 0.105173 3.62541
187 33.6821 5.40547 3.04835
188 16.7403 9.33159 1.32667
189 7.17274 19.662 1.59693
190 25.5922 18.5523 -0.0402784
191 14.8131 21.6752 1.25377
192 4.18757 36.9253 0.603215
193 20.6445 29.4769 -3.25351
194 19.0622 25.6321 3.68804
195 4.8358 20.3176 0.317005
196 33.9132 2.37408 -2.09687
197 11.3939 36.0195 3.83784
198 32.4131 23.8124 -4.71372
199 19.7226 10.6529 -2.43087
200 35.8682 36.2323 -3.89373
201 3.79736 14.684 -0.915505
202 13.0623 16.8818 -0.349807
203 22.2854 18.8222 -0.195762
204 32.4685 28.0552 1.03567
205 7.93414 29.9328 -2.16585
206 6.20771 1.2885 -0.446102
207 35.5873 3.18481 0.524787
208 34.2565 23.7082 0.860369
209 1.79123 5.12331 0.408241
210 25.6409 27.1468 4.29442
211 31.5698 17.3045 -2.17541
212 28.5084 36.9656 2.01178
213 37.4134 39.7467 1.31905
214 29.3553 26.9889 0.316647
215 5.01659 14.9088 -0.197718
216 32.9551 32.4437 1.65327
217 11.9188 7.15184 -1.81696
218 7.51493 16.4224 0.688708
219 24.2745 35.5081 3.41108
220 12.9562 5.8598 -0.200908
221 20.1287 22.8573 1.46862
222 36.9535 27.7725 -0.240151
223 12.7527 21.2219 0.682074
224 3.51247 29.6225 1.65626
225 3.71431 6.3547 0.794852
226 24.5385 19.0239 3.12064
227 7.88087 5.85209 2.7273
228 16.2546 38.0004 -0.553871
229 4.87865 27.2826 -0.984986
230 29.8263 32.1209 -2.03404
231 16.2309 28.5612 -0.870441
232 34.7361 30.9298 2.9491
233 33.582 3.98847 3.41896
234 38.2307 8.11928 -1.68635
235 3.43691 13.9415 1.28893
236 19.1997 8.20559 -1.07466
237 13.9766 24.1836 3.05971
238 12.3223 11.3827 4.40954
239 34.6852 10.7325 0.735283
240 18.757 18.187 0.264351
241 38.6269 25.5762 -0.22875
242 27.9969 7.11216 4.23478
243 27.5503 34.8126 -2.22467
244 2.82526 6.32042 1.17569
245 18.3128 27.576 0.33896
246 25.2016 6.88004 2.57857
247 5.0256 1.43833 -2.26434
248 11.7198 23.4753 -0.897986
249 7.93589 0.759145 3.70248
250 24.9207 4.2085 1.95304
251 29.498 0.851581 2.12975
252 27.4709 16.1943 2.22833
253 36.1965 16.4337 -0.455582
254 10.5594 38.9943 -0.368934
255 30.9342 19.5492 -1.78601
256 3.63986 0.552295 -1.89884
257 25.7539 16.8136 -3.40542
258 32.4468 3.90064 -0.947009
259 32.9667 22.202 2.58815
260 1.00987 4.55024 0.237659
261 32.7505 21.6308 2.37208
262 25.7855 37.8675 -1.00815
263 1.40149 27.5465 -0.985154
264 10.5956 15.5634 0.369727
265 2.57441 28.9598 -4.13018
266 6.70824 18.8675 2.4528
267 7.27257 17.4364 0.840862
268 19.1525 19.0637 -3.67453
269 39.6663 36.9424 1.92583
270 29.7344 14.2647 2.39657
271 4.23772 14.2444 -1.67698
272 23.4367 21.6637 2.67706
273 35.421 25.9876 -1.08432
274 10.9353 37.3614 3.44517
275 8.54154 32.749 0.419516
276 29.6368 18.9783 -1.58078
277 3.34368 20.5571 -0.253667
278 4.45696 17.2333 0.643445
279 16.3093 29.1205 -1.06561
280 4.15582 30.2716 -2.21298
281 24.9265 27.4805 3.91369
282 8.71947 19.3588 -2.40204
283 26.5188 4.1878 0.328148
284 32.5453 16.7034 -1.23513
285 7.11217 38.6252 3.78696
286 36.5907 7.65478 -2.80136
287 15.9445 15.6259 1.27089
288 1.26774 1.94258 1.84102
289 7.18136 36.5806 1.6565
290 30.7288 27.1908 3.85105
291 17.0484 4.25065 1.02247
292 30.1282 22.106 1.81463
293 18.2275 7.84469 1.80236
294 33.2002 29.2245 -0.119999
295 16.1535 11.3733 -3.52785
296 20.9361 29.4329 -1.22853
297 38.6335 27.4902 -1.77634
298 19.1547 3.13428 2.18777
299 14.9322 24.8408 2.20765
300 16.2491 10.5921 -0.919276
301 24.1692 30.0359 -1.74671
302 22.9095 3.41786 -0.86752
303 39.8586 18.0181 -2.84901
304 9.10273 33.0414 -0.233068
305 2.62293 26.8961 -1.11427
306 24.899 20.8668 3.78682
307 14.0032 17.2499 0.13396
308 12.4722 32.2261 0.138558
309 19.9053 1.91504 2.43132
310 15.3547 20.1096 -0.698353
311 21.2046 24.415 -3.00166
312 38.4046 27.8074 -2.77382
313 25.5383 5.38911 -0.0475209
314 20.2606 1.2184 4.28522
315 0.652009 34.2037 -2.21111
316 29.344 38.8693 3.10296
317 17.5648 30.2062 1.07654
318 23.8847 33.5364 -2.82535
319 5.66913 4.05331 2.21459
320 12.5568 17.5365 -0.138937
321 31.0055 9.34501 -1.16798
322 3.95785 37.2849 1.24814
323 38.4492 31.5379 -1.27681
324 24.4349 14.9624 -3.37268
325 11.665 31.0229 -0.17571
326 11.7515 7.42326 -2.99846
327 10.8117 34.6382 -2.49775
328 13.1333 31.9962 -1.87331
329 16.9505 20.5831 1.60365
330 3.09465 8.38731 -1.40445
331 22.4541 4.94373 -0.554211
332 36.6881 3.78359 0.487641
333 33.2348 23.8415 -1.79995
334 10.9958 10.1115 -3.46913
335 3.79382 37.0058 0.0788333
336 22.2687 6.46054 0.229125
337 11.5056 22.8915 -2.82649
338 24.6486 27.2982 2.18261
339 2.05666 30.8634 4.2053
340 19.6467 11.8768 0.375379
341 37.4279 26.5462 0.400076
342 19.2635 9.60907 0.0314226
343 5.23319 12.5691 -2.15163
344 12.7665 4.28894 0.771153
345 0.482441 33.1452 -3.7325
346 14.2508 11.9389 1.78651
347 7.06288 39.0203 0.164049
348 11.2523 10.5679 -3.5296
349 18.4334 23.5203 -3.38337
350 8.41747 14.5133 0.519675
351 37.9187 24.7949 0.897077
352 28.8193 21.1173 0.646868
353 22.3106 15.7681 2.8478
354 38.9581 32.6256 3.26037
355 14.403 22.0741 3.34033
356 3.09842 34.0152 -3.0296
357 8.60329 5.90006 -0.181094
358 13.6495 11.88 0.465038
359 27.7666 22.8242 1.33752
360 36.6513 28.1561 -0.461896
361 26.1276 32.7065 -4.29977
362 32.4758 27.3556 -1.08393
363 32.794 13.9958 0.99301
364 17.6978 12.9092 -3.4261
365 38.6154 34.8767 1.83802
366 11.7477 1.58055 3.03204
367 4.24802 0.320975 -2.08958
368 21.2751 9.8127 -1.09035
369 18.4109 12.1096 -1.80962
370 22.4797 34.2425 -4.49474
371 37.235 16.686 -0.378913
372 22.4859 26.6346 -1.54787
373 15.8594 19.7875 0.18736
374 12.0511 14.7066 -1.50995
375 8.7371 10.3848 -2.58728
376 37.0135 30.3169 1.69316
377 32.6608 11.7235 -0.490778
378 19.1943 8.00892 -3.27554
379 39.4895 33.8506 -3.19609
380 34.9646 2.80008 3.76929
381 18.6981 1.59937 2.13491
382 2.8156 11.9725 -0.679323
383 16.2577 24.0527 4.26768
384 33.6896 8.61549 2.01788
385 20.1382 28.6993 -2.41118
386 27.7588 8.98033 2.46749
387 3.53266 2.31094 1.43469
388 30.6591 33.4276 1.81636
389 20.5864 35.0168 3.81354
390 27.6402 7.60662 1.29906
391 12.3266 11.3736 3.80046
392 24.422 16.2549 1.28297
393 18.0138 1.76443 -3.36367
394 30.1078 12.2881 1.96386
395 38.7353 9.46033 2.77547
396 21.3218 1.34724 -0.115303
397 6.453 19.6697 -0.250844
398 25.4288 35.1585 -2.43925
399 31.268 15.1236 -2.27743
400 2.97505 5.46723 -1.59793
401 31.663 26.1749 -1.73983
402 4.32747 7.43417 1.84638
403 9.09501 27.2291 -0.803083
404 22.7321 32.243 -0.00125135
405 6.17256 22.654 -1.56241
406 18.2592 9.3656 -0.811401
407 1.95899 11.0597 1.6864
408 11.2292 7.29922 -1.20292
409 29.5032 10.8927 4.21938
410 23.206 28.1391 2.25019
411 17.995 37.7881 -2.27038
412 3.61092 5.64677 0.974408
413 2.24101 21.9907 -3.72466
414 12.4129 4.50621 -0.76511
415 11.6084 23.9091 -2.5742
416 1.15859 28.6903 -0.748072
417 1.81672 4.48915 0.514541
418 28.3364 23.6583 1.75138
419 28.3508 13.395 0.803703
420 23.7782 2.39882 -2.71771
421 6.44002 11.7762 -3.57895
422 10.7441 11.9803 -2.94224
423 0.598424 7.69647 4.27818
424 24.1112 17.4621 -2.96916
425 22.81 39.119 -2.13894
426 11.2775 13.358 1.42176
427 22.5893 28.7898 -0.581194
428 11.7197 0.244468 2.23787
429 36.3235 5.91901 -2.70834
430 9.98874 12.9039 -2.04897
431 9.26182 8.79803 0.0969928
432 13.7073 32.5015 1.77555
433 25.1368 19.4778 3.74724
434 15.4472 22.1852 3.08478
435 38.8997 30.9259 -1.35739
436 37.4981 25.4283 -0.4535
437 9.73108 4.00978 -2.15413
438 2.91459 0.840926 -1.83958
439 37.2248 21.423 2.87492
440 18.8532 8.62698 -2.0443
441 21.2228 36.1692 1.36486
442 18.2837 9.373 -0.932185
443 16.0409 24.4706 4.49567
444 12.2222 24.0914 0.0843978
445 15.2841 19.542 -0.824007
446 21.6223 4.96136 -2.22719
447 12.6511 8.53265 0.156331
448 32.7694 20.9645 1.80142
449 15.9923 19.0276 -0.0161326
450 8.58909 20.8073 3.98698
451 33.2508 21.0918 0.673239
452 11.2212 5.11411 2.61709
453 7.04501 18.2093 1.87054
454 31.7855 11.4743 -1.09686
455 20.597 0.371189 -2.70513
456 16.7857 19.2954 -0.887518
457 25.9195 8.74759 -1.09956
458 22.0733 19.1843 0.789708
459 17.2613 2.36777 1.27159
460 10.2616 0.269906 1.83231
461 11.1617 3.64135 -0.477364
462 27.6806 24.1 1.70314
463 1.22827 30.2405 -1.49926
464 24.5222 35.9154 2.48676
465 29.9804 6.82717 -0.342836
466 33.3215 23.3375 4.48973
467 8.88021 34.3939 -2.70518
468 10.3718 37.097 3.11117
469 27.0866 36.2358 -3.73138
470 8.27119 12.2196 4.11573
471 26.5964 28.3027 -0.687252
472 14.0975 4.66126 1.4045
473 16.2501 0.627872 1.40136
474 3.97681 36.9254 -1.79832
475 30.4199 35.4985 -1.72412
476 12.8488 17.3699 -2.33687
477 11.4315 37.0099 1.2008
478 33.6304 25.4576 0.185323
479 37.3782 28.5803 -0.726198
480 39.167 27.2394 -0.437933
481 33.0016 8.38295 1.15353
482 14.0415 39.129 1.17156
483 10.3736 36.806 3.70239
484 19.1725 1.70933 4.24988
485 4.37126 38.5815 1.55081
486 11.1202 23.4408 -2.42784
487 25.5211 30.5772 -2.36074
488 1.62017 10.4594 0.0543223
489 21.4437 6.30044 -2.33174
490 36.5962 5.89034 -0.41388
491 17.8694 13.516 -1.67746
492 17.3357 37.2953 -2.54989
493 0.707439 28.061 1.01845
494 6.96357 20.6566 1.52672
495 36.749 8.77409 0.175714
496 21.6628 35.1779 -3.63471
497 16.8182 31.4522 3.06445
498 19.099 8.98964 -1.61759
499 7.63144 16.8143 0.481525
500 9.3355 6.93293 1.45821
501 34.0696 6.19843 -0.833778
502 6.45089 2.69683 0.923978
503 21.7266 26.4939 1.04934
504 5.07126 4.47221 0.690308
505 11.9296 7.27672 -2.67367
506 28.5319 27.0233 2.18248
507 19.9534 13.628 -0.289255
508 10.6667 29.8482 3.06378
509 20.5994 37.8827 -0.556517
510 38.5111 7.39212 -1.46154
511 23.8553 32.7775 -1.7486
512 34.7614 26.3768 -2.64002
513 15.9442 22.077 3.38211
514 3.69483 36.8493 -1.2944
515 14.6656 16.3522 -2.01838
516 16.7379 33.6498 -3.29798
517 16.4789 20.7725 0.663948
518 38.1925 39.3381 3.02227
519 23.144 24.0949 0.965556
520 4.46293 9.57615 -4.26878
521 3.69083 38.929 2.10965
522 29.2366 23.9477 2.24168
523 13.6213 17.1443 -1.18606
524 15.6963 22.8233 0.922198
525 13.3093 15.6736 -1.20816
526 16.0097 27.59 0.584868
527 12.63 9.83618 -0.647799
528 22.1078 5.33097 0.174298
529 32.9659 33.3154 -2.14667
530 31.5984 19.3647 -0.882678
531 24.3105 39.047 1.73492
532 18.2717 2.47766 1.2531
533 39.1733 34.7035 0.683496
534 6.93327 28.211 2.08553
535 28.056 8.33569 2.99406
536 34.8462 11.901 1.93609
537 5.12792 22.1173 -1.09773
538 18.2991 1.6893 3.65012
539 20.311 18.3026 -2.43978
540 37.0583 19.419 0.285864
541 20.1559 24.2372 0.139673
542 31.8061 33.3263 -1.52247
543 7.34256 20.158 1.38529
544 36.4297 33.8204 -3.56543
545 2.68554 21.793 -2.40542
546 33.1924 39.1222 -1.89377
547 2.5183 10.5898 0.343916
548 35.8972 35.126 -1.3622
549 0.112508 27.2526 1.67004
550 37.1498 29.4901 1.65356
551 38.2133 10.2364 -1.04287
552 12.972 1.48801 0.127429
553 12.7398 31.7372 -2.83984
554 12.7951 4.0967 2.27681
555 32.3364 9.55104 1.46845
556 0.114614 19.7654 1.8065
557 13.1068 13.8704 1.06599
558 30.0712 4.56465 0.131398
559 36.5665 34.9058 0.309467
560 37.4228 24.3164 2.8008
561 3.50138 36.4611 -0.932379
562 8.63165 24.6064 2.72043
563 7.11406 10.3843 -0.350261
564 4.94102 25.282 -0.902453
565 6.3505 21.2871 -0.702787
566 16.746 1.35297 4.85905
567 34.5493 18.0122 -1.26682
568 1.52795 7.47488 4.22344
569 30.2017 31.8792 -4.33735
570 8.34026 30.0329 -1.40891
571 15.7048 9.06956 3.75841
572 29.3941 23.8562 -0.130325
573 18.1996 31.9749 0.357048
574 8.84695 26.143 -3.29908
575 6.66066 12.4043 -1.345
576 5.20217 5.4085 0.186525
577 20.4302 38.2979 -1.48548
578 12.2034 34.4877 -0.840975
579 16.0322 18.9016 0.436163
580 5.9776 28.8432 1.92937
581 3.01749 28.6677 3.33109
582 16.5382 21.7516 3.16134
583 17.7695 30.5245 1.95484
584 4.78122 9.313 4.31551
585 2.06289 24.4973 0.501701
586 24.5555 27.4458 3.1137
587 27.6622 35.8414 0.582324
588 18.5691 1.15811 3.6855
589 25.6491 10.2635 -0.241777
590 3.87099 5.83468 -0.02198
591 15.659 29.1945 -1.89653
592 23.1928 23.5384 -3.68192
593 9.89526 17.4948 -3.65806
594 6.65802 4.54097 -0.956787
595 36.0911 27.3306 -0.830928
596 2.82646 37.9865 -0.194929
597 27.2291 9.18819 4.13677
598 0.293039 15.2745 0.28136
599 11.99 3.74541 1.41309
600 0.193547 39.135 -1.11207
601 19.6366 37.9451 -1.20858
602 17.9646 18.8234 1.57346
603 21.8252 4.99793 -0.466934
604 26.5689 31.3867 -2.99276
605 18.3073 26.2007 0.309487
606 39.3491 31.2602 -0.114386
607 38.6562 8.86715 2.56158
608 8.70033 3.6201 4.25585
609 24.7681 13.3079 -3.07237
610 34.6013 28.7925 -2.3386
611 33.0052 25.2304 -1.28342
612 16.2711 6.91232 -0.233673
613 18.4706 9.28163 0.515309
614 0.40933 36.5456 -0.468262
615 36.6117 5.16045 -2.41664
616 34.477 21.5139 2.15748
617 22.5541 28.9506 -0.926956
618 5.79555 0.113877 -1.50022
619 24.1004 27.757 1.10296
620 36.1408 3.02916 2.64361
621 26.1488 22.435 1.98658
622 28.3188 7.98641 0.889145
623 16.9585 21.6924 1.34716
624 5.55446 10.1825 1.42934
625 11.4909 7.13524 -3.60094
626 4.41573 39.3618 0.52521
627 10.0597 37.1215 2.76084
628 18.8376 8.41211 -3.24765
629 25.0492 5.8844 1.48043
630 2.89161 5.8939 -1.81299
631 31.7209 39.3412 -2.80938
632 32.9372 33.0648 2.2166
633 10.6607 22.148 0.849399
634 1.46506 10.8301 0.0214712
635 28.5394 27.4367 -0.0387219
636 18.3262 14.9236 -3.91522
637 8.96408 34.2092 -3.38731
638 26.1547 31.3116 -1.90847
639 28.1775 26.3793 0.938815
640 6.04748 21.2384 2.49663
641 37.2664 6.80385 -1.44195
642 13.1763 35.463 0.983862
643 28.0855 36.7271 3.73447
644 10.9555 37.8623 2.92808
645 5.15424 7.17196 -0.280573
646 13.2822 6.56299 -1.6798
647 11.2105 3.61353 1.27162
648 25.6165 33.61 1.12603
649 12.7786 11.4684 0.466732
650 31.2014 22.1569 -1.26577
651 31.6632 23.0056 1.91073
652 3.89159 30.3029 1.00909
653 8.99301 37.2307 -2.57347
654 28.178 21.5374 -1.27194
655 26.2523 31.4428 -0.499841
656 16.2075 9.62531 1.53876
657 30.1959 11.6019 3.09997
658 4.89963 24.5638 -3.0281
659 1.36551 5.69764 2.00357
660 26.7424 19.9128 -2.61486
661 6.86629 19.0913 0.616598
662 36.6235 0.24369 1.46428
663 39.6347 20.0523 -2.5511
664 34.26 23.3611 0.509702
665 37.4207 29.907 -2.08901
666 26.7592 2.34742 0.818655
667 37.206 27.3343 0.637431
668 6.27381 36.1635 3.9513
669 6.33219 38.3782 2.49419
670 35.9992 30.0692 2.91826
671 36.3898 0.711487 0.584444
672 15.8514 38.6509 -2.05547
673 2.91221 12.7417 0.483814
674 10.8121 21.5018 0.854733
675 27.0074 10.3364 3.21013
676 2.05802 6.33686 0.917909
677 7.87136 17.8488 0.494491
678 25.3358 38.8413 4.46036
679 18.5989 26.3416 0.528872
680 22.4695 33.7712 -3.51859
681 17.1513 31.9243 2.72902
682 34.4652 2.40385 -1.69257
683 20.3745 29.2502 -0.769946
684 8.12997 23.5417 -3.44909
685 27.8175 21.7197 1.18652
686 38.3178 31.9874 -3.71033
687 24.9204 20.9237 0.945824
688 21.2374 12.0287 -4.91783
689 6.807 7.92956 -0.0173714
690 11.7178 5.59046 -0.495501
691 16.9121 32.4814 1.59299
692 25.5382 16.4587 -1.87978
693 2.99984 25.2796 -1.36594
694 30.218 14.548 2.07718
695 15.8207 30.8352 3.15882
696 14.8511 21.846 3.53039
697 21.8301 2.70635 -0.752869
698 4.04533 7.55607 -0.393197
699 38.4111 31.6827 -3.53462
700 7.40418 39.6357 -1.41685
701 14.0549 2.76047 1.64608
702 7.02355 39.5934 4.12554
703 3.2146 7.2499 -0.372653
704 30.4104 1.79706 -1.77643
705 4.76254 22.6776 -1.97551
706 34.9126 36.1475 -2.30495
707 24.8826 0.611925 -0.404331
708 36.6012 23.1618 -1.37548
709 29.5689 14.7707 2.45276
710 12.2497 1.0418 2.71854
711 34.5897 32.0318 1.28301
712 29.6119 25.5388 -3.45812
713 38.0056 18.7647 1.06329
714 26.9191 36.6677 4.00871
715 37.6497 26.4092 0.313579
716 18.2262 32.1234 0.739157
717 16.7427 29.975 -1.1513
718 0.737084 25.9128 2.19135
719 8.38913 29.1467 1.88834
720 21.1272 19.451 -0.41919
721 22.4253 33.2443 3.65923
722 3.16743 6.915 0.282362
723 11.3804 37.6012 2.57964
724 17.7997 4.00744 4.44232
725 27.0697 34.7421 -0.78105
726 37.9584 26.3112 0.762144
727 12.8906 17.7465 -2.26843
728 0.740394 29.0361 -1.54014
729 13.613 4.97765 0.185771
730 24.7054 11.7499 1.3372
731 38.7139 18.1421 0.0193499
732 19.3344 0.765956 -2.40532
733 23.0416 32.7851 -3.74837
734 39.2034 7.21321 0.308998
735 12.7931 35.1745 0.271921
736 23.9073 23.921 -2.47212
737 4.82551 31.7556 0.49821
738 20.4354 8.55363 -0.551513
739 12.8393 17.732 0.345735
740 31.5771 22.0817 1.4368
741 2.30976 26.4202 0.413172
742 12.7138 21.0425 2.30024
743 27.2211 22.8739 0.704792
744 32.0015 21.6717 0.205763
745 20.5484 39.4768 2.9289
746 20.6391 9.3022 0.655144
747 16.8424 28.1311 1.41401
748 12.91 31.3271 -1.89745
749 12.268 4.7916 -0.673931
750 4.62447 33.0081 1.65703
751 35.2357 33.9379 -0.373631
752 10.7502 23.3993 0.911998
753 28.0111 23.5172 0.922218
754 26.9711 26.8522 0.414239
755 34.0586 6.13604 -1.98864
756 12.0167 8.85172 -2.81091
757 7.69344 33.6831 -1.1383
758 2.13612 15.1499 2.26906
759 14.1665 26.7259 0.0357077
760 1.09025 27.922 -0.362305
761 4.76242 13.5608 -1.44654
762 22.3574 27.4514 -1.26825
763 5.38581 4.4673 0.22153
764 15.1535 20.5173 2.65879
765 39.8223 20.9155 -2.84233
766 10.2258 9.19582 3.4801
767 34.0284 11.7223 0.365085
768 4.59516 25.8301 -0.691821
769 10.8947 34.2363 -2.93921
770 7.66189 29.3215 3.69613
771 12.751 19.0789 -1.33299
772 9.29457 33.4133 -1.05364
773 34.2265 29.3078 -3.47307
774 37.4861 31.3382 0.068871
775 14.025 4.35924 3.21753
776 9.08076 11.2482 -2.39124
777 34.6831 24.4596 2.98886
778 35.9976 27.9848 1.25432
779 19.14 5.84184 2.37046
780 36.6988 8.09818 0.495364
781 14.97 33.5543 -0.821234
782 3.69237 6.58009 1.07353
783 16.3314 17.8715 -1.40396
784 33.3141 2.51802 -2.63762
785 21.6226 17.5841 1.00328
786 9.62309 17.8904 -4.09169
787 38.6591 2.53546 0.656992
788 1.81942 27.9942 -2.17492
789 3.04004 6.58675 -0.723859
790 14.3594 27.1199 1.80198
791 10.4669 22.2714 -0.628095
792 9.58956 18.3002 -2.65106
793 16.9904 35.7167 0.32564
794 19.6259 27.5016 0.201227
795 2.26264 0.232949 -2.92822
796 15.6085 14.7034 -0.911308
797 38.3527 35.9441 2.26684
798 34.1176 12.0886 1.72462
799 27.9775 8.03266 0.578499
800 39.1213 12.062 0.501101
801 16.1022 23.1097 2.46158
802 32.7317 23.3998 3.44744
803 11.716 38.7555 -4.17602
804 1.02977 19.3293 1.70675
805 1.88898 28.8722 -3.92118
806 9.16806 30.6635 2.78573
807 28.5077 18.1214 -0.240135
808 16.1334 29.7619 0.0536678
809 25.8149 27.6961 -3.12697
810 18.4892 30.5049 -0.0393834
811 39.7871 21.2314 -1.38766
812 11.2598 3.99329 1.13755
813 6.58173 11.1236 -0.788865
814 26.8296 37.9267 -1.91664
815 27.1517 20.8154 -2.09355
816 15.3116 37.6805 -1.75989
817 16.4254 35.9551 2.50896
818 2.24264 2.60484 -2.86613
819 30.0908 7.75082 2.0539
820 11.6006 38.3614 -3.58447
821 13.1698 6.17797 -0.107654
822 5.45574 34.4465 -0.231773
823 19.0622 5.46493 3.48671
824 27.6452 14.4324 4.2589
825 0.362251 2.24957 -1.42454
826 4.10607 16.4516 -1.77273
827 38.2975 7.04026 -1.24745
828 15.7763 18.5758 -2.64053
829 11.6778 36.7674 1.24799
830 12.8299 16.4122 -2.04023
831 21.9581 37.7261 3.10197
832 34.1179 1.87206 0.110558
833 18.8531 17.9497 3.5063
834 15.5892 7.5503 -1.84134
835 0.0423702 29.9392 -2.21078
836 16.9396 29.6587 -0.0140963
837 28.2135 36.0326 4.00737
838 13.4969 2.90463 2.93894
839 13.0765 13.0209 0.243529
840 23.7574 16.2276 3.23667
841 21.4433 36.1423 2.96741
842 21.5319 34.3899 1.75687
843 20.6548 4.48974 -1.4549
844 4.3186 25.2228 -0.695086
845 7.69292 30.8089 -1.80909
846 6.8016 17.3338 0.809313
847 2.30271 24.53 -0.393891
848 20.171 25.3549 -2.97628
849 20.738 17.6067 1.53047
850 34.8515 30.9204 0.924218
851 6.41721 1.75707 -0.139722
852 31.4857 24.9923 2.5788
853 19.4502 19.5257 -1.39705
854 7.1057 39.415 4.40761
855 10.7123 35.7313 -0.339914
856 13.7208 29.771 -1.65589
857 11.5655 34.5511 -2.4598
858 30.5741 31.6899 1.38512
859 8.93051 35.3208 -2.88824
860 38.7874 17.9479 -1.13626
861 8.35509 18.2962 1.67943
862 4.76629 23.5278 -1.38845
863 14.3678 12.2793 3.10073
864 7.46981 6.20606 -0.51029
865 19.8743 30.6462 -0.766982
866 30.4905 0.9752 1.55654
867 28.2158 24.7202 -1.83554
868 34.5988 32.3753 -0.463956
869 38.4359 19.3436 -0.0798125
870 39.142 5.11762 -0.0231647
871 14.4473 22.5066 3.10493
872 36.0098 16.9756 -1.57141
873 10.7542 18.2276 -4.70435
874 19.2474 15.6327 -0.271197
875 32.182 5.38708 -1.01565
876 23.3211 27.013 0.308521
877 2.15583 12.6354 -0.30299
878 37.2993 3.75071 2.03831
879 14.1999 37.4908 0.462274
880 29.9963 25.3001 -3.78204
881 10.8745 23.0433 0.844356
882 25.9909 6.04566 -2.84092
883 38.0729 26.5485 1.50772
884 32.8731 13.8619 2.43776
885 10.8807 7.99413 -2.59718
886 17.5886 20.5152 0.905942
887 7.33889 20.7675 0.294169
888 26.9003 32.2638 -2.25995
889 37.637 8.72825 1.51025
890 13.9609 6.34073 0.18428
891 23.4264 27.6917 0.172412
892 29.18 14.0304 -0.438135
893 32.997 19.2411 0.830011
894 24.0505 27.0345 2.88032
895 33.5884 8.82049 0.421858
896 15.3632 0.728015 -2.12009
897 3.82957 16.8717 1.435
898 25.405 20.7349 2.12514
899 13.9894 23.9286 1.03068
900 13.4583 39.2705 1.13578
901 3.72105 38.1349 -0.969826
902 2.96579 29.1286 3.21697
903 19.0549 35.4634 -0.00281798
904 18.5517 35.3398 -1.44077
905 35.5017 36.4455 -3.61642
906 18.7102 9.68455 -1.98184
907 13.397 26.2799 -1.06356
908 30.3245 2.42683 -3.99824
909 11.819 38.8076 -2.25747
910 4.59174 22.9406 -0.347339
911 35.3548 1.54103 1.6443
912 24.1345 20.8923 2.91284
913 32.6093 35.122 0.415035
914 39.0182 21.4894 -3.69119
915 36.187 1.66771 2.95115
916 0.543565 14.4447 -3.70782
917 13.4933 24.2216 2.23997
918 33.9297 4.83791 3.02969
919 20.8139 31.292 -0.761505
920 0.94914 21.5605 0.021967
921 33.4317 19.5274 -0.994053
922 21.6231 18.2102 1.57132
923 4.96918 25.7466 -3.98613
924 33.6713 24.6749 0.289683
925 14.7388 16.9186 0.985133
926 13.2141 6.16668 1.80834
927 38.2661 27.7313 -1.60128
928 34.9629 2.63861 0.748899
929 11.4361 30.3658 2.1734
930 6.42417 5.94294 -3.01415
931 13.1633 26.9259 0.414275
932 33.1101 22.5254 1.67166
933 19.5601 1.68007 2.34343
934 27.765 16.9743 2.10421
935 9.66104 9.37466 -0.310856
936 16.6708 20.4464 2.37127
937 18.6438 5.35545 3.17336
938 16.0314 21.9095 0.8778
939 6.82418 3.30218 0.873021
940 12.4648 21.0166 2.34647
941 33.6173 24.2896 -0.491871
942 5.29823 21.4739 0.733182
943 11.6068 6.32881 3.69699
944 13.4009 5.55087 2.14786
945 3.64389 11.4173 -0.179049
946 13.3942 17.8197 -0.920264
947 11.4388 7.86248 -0.362753
948 22.071 5.43027 -1.69672
949 7.09209 11.6448 -2.06834
950 12.0208 31.758 -2.75237
951 12.571 5.24731 2.29823
952 10.9582 21.5169 1.83139
953 35.3615 23.5277 -3.36891
954 10.6897 31.7263 2.9511
955 7.3354 0.913078 3.95611
956 22.1469 17.1489 -0.409856
957 37.3792 17.6617 -1.29879
958 1.67921 7.4019 1.2786
959 38.3885 17.771 -3.25594
960 14.441 29.2169 -1.72572
961 2.064 28.9852 -1.57746
962 11.1652 29.3521 0.635291
963 11.5828 38.2367 -2.67276
964 1.8485 10.7706 0.477849
965 39.3468 31.0209 -2.20654
966 12.5445 12.5221 2.39299
967 16.9706 37.688 -3.6587
968 38.4077 15.9779 0.802292
969 19.5372 5.75019 4.15148
970 15.8414 38.2911 -0.935209
971 15.7136 21.5687 3.45432
972 16.6334 20.184 0.833692
973 39.5408 18.1546 -0.220711
974 39.7507 28.7263 0.0883937
975 11.1495 22.323 1.4097
976 5.99165 14.4318 1.44606
977 3.3772 3.06615 -1.11889
978 10.4705 37.1037 3.76854
979 9.07988 2.2406 -1.26429
980 32.9781 7.16356 3.36933
981 5.55425 22.7305 -0.257309
982 1.82451 37.7438 -2.29791
983 35.4303 21.57 1.81552
984 11.7643 30.5205 2.29004
985 0.306332 27.5307 3.31583
986 20.1086 23.024 -0.315711
987 11.5279 10.0956 -2.3698
988 11.6183 18.1582 1.4348
989 22.7426 33.0765 2.92035
990 20.5839 23.3021 0.108463
991 13.3324 19.0371 -2.44261
992 10.1251 3.40765 -1.78428
993 15.8549 7.92924 -0.103373
994 23.4923 21.1096 3.31135
995 19.0695 8.26066 -1.06601
996 39.2313 20.8249 -0.704449
997 5.9394 16.9191 -1.14683
998 38.4758 32.9274 2.87779
999 37.9792 6.96418 -1.89055
