1000
Particles
0 37.9563 1.77965 4.59876
1 34.1027 18.4927 0.375446
2 20.8998 4.04063 -2.22805
3 8.43401 39.9213 -1.26728
4 14.2643 19.288 -0.0188961
5 23.6504 5.58662 -0.884557
6 29.9855 2.40271 4.35362
7 35.6317 16.3799 -1.03884
8 5.91123 27.1036 -2.13312
9 32.6662 22.7551 -0.890492
10 24.4148 33.6886 4.002
11 5.07976 31.3675 -2.04761
12 34.4857 26.0638 3.73577
13 0.20997 6.40583 -3.43065
14 29.2864 16.1813 -2.89227
15 32.8448 29.8748 0.162183
16 23.8834 33.069 4.51847
17 32.2713 11.1019 0.627416
18 33.1709 15.0505 -0.121416
19 15.3256 18.9048 2.57224
20 8.7945 14.7106 1.63959
21 36.144 1.66782 0.00370131
22 35.1832 21.4449 0.19591
23 30.8984 15.9534 1.18532
24 34.1742 8.3834 -1.57638
25 3.03654 31.3219 -4.15665
26 19.8838 29.549 -3.02428
27 14.471 17.0358 0.774992
28 4.77193 32.278 -3.71657
29 30.2798 10.4972 -0.836659
30 19.8228 23.7938 0.348131
31 12.5307 17.1509 -0.554157
32 18.8137 10.902 -2.41908
33 8.72045 0.914718 -2.64793
34 23.9725 17.0443 -1.09386
35 27.5002 39.6437 1.51867
36 16.4937 37.6702 -0.854227
37 38.6636 23.317 -0.600611
38 28.6262 37.5802 -4.08936
39 29.5071 16.1178 -3.56687
40 33.0519 33.5383 -1.40634
41 17.4107 15.7918 1.61333
42 34.8399 22.3167 0.290743
43 27.4856 35.4162 -1.93773
44 21.6456 25.5551 1.28722
45 5.49982 28.3363 -4.34858
46 2.11292 9.91631 -0.448285
47 36.5324 3.8848 1.05808
48 3.05458 35.8129 -1.73449
49 7.23219 31.2271 -2.80815
50 38.9816 0.360664 -1.01398
51 14.7022 2.36286 -2.3097
52 33.6179 8.5939 -3.82836
53 15.7344 8.50847 4.24649
54 35.6696 27.997 2.10578
55 35.1935 17.3246 -2.1431
56 28.7292 7.81708 -4.37246
57 3.82104 31.2628 -3.26051
58 36.5979 19.3772 4.27482
59 3.04024 30.7505 -1.32173
60 7.90853 26.9863 -2.10529
61 14.2769 24.1917 -0.619627
62 29.2827 1.71478 3.51013
63 12.3329 14.4233 1.2932
64 36.6438 30.9692 1.26318
65 13.1596 39.7121 2.99817
66 11.5811 17.6253 -1.03973
67 25.9564 21.927 -2.93615
68 10.15 7.01227 1.44941
69 13.7303 3.88537 -3.46544
70 4.32837 33.1992 -1.92514
71 14.0536 7.04874 1.15571
72 5.34469 16.1538 -2.52783
73 19.4588 28.6434 -2.64784
74 7.16747 1.6428 -3.03237
75 2.72038 36.2949 -0.316742
76 18.792 6.60275 -3.9402
77 8.75664 24.7811 -0.136374
78 37.232 30.8425 0.756712
79 38.0195 4.43648 -0.476916
80 37.9603 4.314 0.0845279
81 4.47082 26.4668 2.59766
82 11.6746 9.49349 -0.909562
83 15.9616 23.4151 1.29538
84 19.4066 16.2783 -3.3182
85 39.9668 18.6398 0.886065
86 18.0524 5.69172 1.76463
87 19.24 37.3432 3.65148
88 2.9747 37.4363 -0.935339
89 4.30652 37.382 -0.735502
90 35.4533 34.705 -0.33356
91 20.1901 12.3397 -2.42832
92 17.8513 18.8007 0.706942
93 18.2896 7.31353 3.77498
94 15.4581 15.9381 -3.15658
95 20.7557 3.46147 -2.51694
96 12.0028 29.6345 -3.19999
97 21.8473 36.1506 2.67593
98 0.538942 24.1839 -2.36047
99 9.94512 33.2737 -0.938948
100 31.9876 17.1912 1.15756
101 19.2138 21.6122 -0.293744
102 22.2288 34.0259 0.0661185
103 11.8769 1.18466 -3.93218
104 26.6199 3.21079 -3.52699
105 21.9376 29.392 3.26604
106 36.4994 11.7086 1.32534
107 18.9929 23.9228 2.69666
108 24.5224 10.8331 -0.583419
109 35.3966 32.1777 -0.0872398
110 14.0709 2.11028 0.16935
111 5.94438 31.1747 -1.58994
112 31.4983 37.9905 3.02446
113 33.3258 22.1066 0.874936
114 0.00337789 25.615 1.41561
115 31.6832 22.1508 0.655939
116 22.8378 29.4864 3.83233
117 22.4811 31.2578 1.5009
118 24.6138 0.88216 3.11007
119 35.8178 18.7167 -2.02072
120 32.3865 32.4568 -0.725849
121 26.0928 12.066 -1.29536
122 37.0905 14.7974 0.776942
123 7.1987 24.3928 1.98847
124 15.6245 38.7808 0.511921
125 26.2038 37.6768 2.87678
126 28.8348 22.9331 -0.886997
127 1.46293 0.556344 0.900364
128 32.2935 9.59946 -0.345732
129 3.91695 12.3795 0.980871
130 33.864 2.81997 -1.67094
131 32.3934 27.2586 0.182076
132 23.3291 37.7932 1.00271
133 32.7026 30.1139 0.0763136
134 9.57762 29.4 -0.50678
135 14.1549 3.33104 -1.06049
136 28.7607 4.27338 0.558495
137 30.8634 34.6903 1.54522
138 9.58291 23.8174 0.547695
139 15.1577 2.58169 -4.3073
140 19.9978 32.3632 -0.352697
141 35.431 30.5757 2.83109
142 25.9751 37.2323 1.29505
143 18.003 27.2715 -2.60089
144 6.7609 25.93 -2.06029
145 30.046 20.5843 -0.281373
146 33.1369 8.59079 -1.65657
147 34.5627 36.7014 -0.462454
148 37.9337 9.62857 2.96737
149 15.6443 24.2869 1.91475
150 16.6976 14.4598 -0.361894
151 36.9921 35.5939 -2.58906
152 17.8482 11.3491 -2.25817
153 21.0543 1.0261 -0.92663
154 26.6269 36.8348 1.75991
155 33.1001 28.487 -0.91358
156 36.5243 27.1984 -0.266347
157 16.527 13.59 -2.77773
158 17.4825 29.9055 -4.34452
159 13.5887 25.7507 -0.473162
160 6.49745 14.157 -1.79131
161 11.4659 21.6753 0.785025
162 25.0491 36.0014 -0.134719
163 8.42309 4.12649 1.61049
164 12.9177 1.70336 2.75926
165 27.2454 8.10078 0.00405509
166 34.046 8.14531 -1.7599
167 12.0123 1.4657 -2.22524
168 34.95 20.8482 2.14377
169 4.13291 34.3311 -3.13042
170 38.8007 35.9079 -0.10447
171 22.4677 0.230729 1.8012
172 37.2362 20.6974 -0.396805
173 22.6559 33.0735 0.656874
174 13.1325 34.2742 -0.0887075
175 1.61597 8.7865 -1.27182
176 22.8422 24.5412 3.58254
177 18.0659 7.13026 2.31185
178 22.9184 16.0312 -2.59154
179 30.1176 9.04922 -0.312724
180 15.1168 10.1577 0.252726
181 35.6862 31.926 0.986059
182 21.2375 13.673 -1.78572
183 4.28086 21.3779 0.234831
184 28.581 36.9631 -1.6387
185 16.7494 10.3664 1.24364
186 25.1767 3.6447 -1.77686
187 7.72012 0.364614 -1.84816
188 20.0722 19.0066 -1.33534
189 10.853 25.3112 1.65111
190 27.7828 24.0054 -1.18289
191 9.9883 31.7343 0.0543562
192 34.0678 3.3387 -2.17379
193 30.2079 17.5677 2.7583
194 16.2407 25.3226 -0.779921
195 15.0287 17.6586 -0.234756
196 26.0573 36.1247 2.42164
197 17.8061 36.5618 -2.36961
198 31.5184 18.1057 -3.42128
199 12.4404 13.4629 2.90795
200 35.0707 36.1884 -0.844836
201 35.7814 19.8019 0.828629
202 18.1326 18.3841 -0.765179
203 26.1032 15.2031 -3.24174
204 33.8867 33.3341 -1.09794
205 34.8465 33.9423 -2.02163
206 14.2088 3.95266 -3.27591
207 39.4625 30.9634 -1.87387
208 31.6839 26.4525 -0.588723
209 7.06458 32.367 -1.27051
210 6.7449 25.0703 -2.17879
211 34.8547 21.3606 -1.40602
212 39.3809 31.9466 -2.46718
213 1.39972 6.02906 1.30932
214 34.7168 24.0095 -2.18414
215 37.1579 23.851 -0.272388
216 29.6717 20.9434 1.09246
217 6.79676 8.91363 2.31019
218 15.1948 18.011 1.59184
219 25.8672 4.30599 -3.03744
220 15.8904 5.71294 2.76984
221 24.776 10.6489 1.24683
222 35.3726 30.0759 0.695825
223 18.5724 36.3228 -3.3339
224 7.90515 30.3704 1.83202
225 30.0948 9.49595 0.970077
226 1.09888 23.3925 -2.95408
227 8.49254 3.79603 1.58672
228 21.9029 7.33557 0.124705
229 35.5535 19.7624 -0.200857
230 29.6279 7.66615 -1.7679
231 16.4561 21.0728 2.73687
232 31.813 10.7205 0.700541
233 39.3611 9.58344 -0.904437
234 7.56729 0.299287 0.365599
235 39.782 8.36083 -0.81024
236 8.49606 0.202995 -1.41024
237 12.4611 25.9672 -2.2555
238 12.0495 11.168 0.237148
239 35.6034 12.3028 0.58879
240 23.0336 23.3878 -0.896094
241 20.1155 28.9136 -3.85939
242 0.354553 5.24113 -3.83742
243 26.3853 36.73 0.653954
244 0.663258 17.7127 -2.07901
245 19.6933 2.10187 1.59142
246 33.2285 9.1041 -0.996624
247 4.1656 2.6588 -2.83135
248 1.35802 21.0918 2.02914
249 18.2007 32.5266 -3.31602
250 11.2191 2.35534 0.80637
251 0.0286915 8.2389 -3.09954
252 34.0746 18.3625 -0.564586
253 30.5334 11.5047 -0.470571
254 39.115 36.3957 0.442195
255 26.5833 26.4233 -3.88763
256 3.36751 6.76693 -0.323755
257 31.059 16.7344 2.29012
258 32.6964 35.4669 -0.418542
259 32.2961 16.4782 2.48509
260 5.94991 10.5794 1.61643
261 27.5089 23.6017 0.0851064
262 26.1469 32.1653 0.247244
263 0.0705102 2.5011 -1.24401
264 4.97894 27.1306 -1.93326
265 1.15367 19.6544 2.43507
266 38.7263 10.1597 -2.17965
267 3.57669 26.5575 2.59092
268 1.3707 26.7214 -0.296759
269 21.6684 37.9033 0.962376
270 4.3773 7.72778 -1.76173
271 32.1079 10.2596 -1.22023
272 21.2572 16.5826 1.81796
273 26.2002 35.7715 -0.0375157
274 11.0144 5.66356 1.55423
275 5.62886 20.4341 -0.529293
276 28.9915 19.3901 -0.86574
277 7.39745 27.3634 -1.63097
278 8.42188 9.08949 -0.107541
279 3.43164 22.2917 -0.186449
280 0.421506 20.8923 -0.280168
281 23.3945 14.8973 0.738484
282 12.8299 17.6397 -0.577418
283 20.6408 37.9326 -0.588269
284 29.2296 21.5895 -1.63449
285 35.2294 36.0423 0.0299018
286 33.663 7.80577 -3.6411
287 9.4463 19.3489 -0.751248
288 7.10659 38.157 -0.123102
289 14.5421 31.1086 -0.0973065
290 35.5347 24.6334 3.6995
291 16.2196 13.6645 -4.18604
292 38.1884 23.713 -2.90791
293 4.88965 3.8355 -1.77035
294 31.6419 27.759 -1.27649
295 14.8135 10.6824 -2.2577
296 28.956 23.7846 1.23622
297 0.658837 26.4305 -2.58779
298 23.3745 37.1473 1.56944
299 17.7909 32.2151 -1.74762
300 29.1004 7.81236 -2.73779
301 31.3623 22.9063 2.46819
302 17.9444 36.3368 -0.40277
303 7.59284 27.3077 -0.394607
304 8.54287 23.5207 -2.02511
305 5.83661 25.5968 1.52528
306 31.333 10.3486 -2.29051
307 10.0714 14.9062 -3.88878
308 0.626058 16.9366 -1.58729
309 12.3106 35.0266 0.229051
310 18.8089 20.8245 -0.00603697
311 27.1166 8.55509 -1.34479
312 38.5394 37.0216 -1.41621
313 33.6664 39.2499 -3.20146
314 14.6125 2.97346 0.451228
315 38.2026 30.7288 0.477934
316 37.7749 35.1268 -1.81484
317 32.9816 32.3894 -0.134337
318 22.9133 20.9426 1.01335
319 3.13286 36.2039 -2.25458
320 1.0447 24.701 -1.13177
321 31.7293 2.50379 -3.40471
322 3.91835 34.2427 -3.77592
323 17.7851 33.7028 0.0459309
324 30.0297 14.7216 3.16948
325 7.41347 25.3005 -1.47519
326 2.03971 8.45759 1.99472
327 17.1728 37.871 -2.51553
328 18.1954 24.5105 -2.30204
329 0.290688 21.3618 -1.78463
330 4.0437 11.1126 0.199152
331 11.9963 35.6923 0.158506
332 32.2152 11.9739 -0.566045
333 18.1929 18.8839 0.338304
334 11.4227 9.35921 0.638124
335 10.2883 38.6091 -4.42117
336 19.8024 36.9723 2.8842
337 5.3567 19.3485 1.32568
338 13.9512 27.2988 -0.748439
339 39.6034 31.7216 -2.3793
340 4.52234 25.6056 0.372588
341 32.8322 30.6814 -0.281727
342 10.3234 11.5793 -1.98357
343 11.8727 13.2692 -0.126271
344 11.1448 38.9298 -4.35615
345 37.6583 27.5116 -2.95086
346 15.7754 7.52682 3.20228
347 5.8923 39.2411 2.39418
348 8.41512 23.3005 -2.5781
349 13.3097 18.0431 2.105
350 7.82799 13.4129 2.392
351 8.47649 23.7247 0.766419
352 29.0145 23.2819 0.53005
353 27.594 3.08277 -3.5772
354 32.2593 38.6579 1.23367
355 21.479 25.3808 4.37718
356 27.1115 28.5556 -2.80323
357 13.4572 26.3678 1.20702
358 11.8854 16.41 -3.25318
359 31.4851 28.1365 -1.9972
360 31.915 24.5599 -0.935427
361 27.3232 32.0978 1.7704
362 37.5942 24.2664 0.114963
363 39.3236 5.73279 -1.20328
364 6.94635 12.0556 -1.82832
365 5.90597 2.20439 -2.04428
366 13.4346 5.38202 -1.73415
367 11.5625 38.5717 -3.9304
368 26.2446 5.64619 0.395105
369 18.2281 33.2734 -4.40895
370 17.7506 25.4336 0.20208
371 23.0325 21.9989 2.07944
372 25.7151 26.0758 4.16418
373 11.7392 8.6549 -1.41446
374 13.3978 20.0464 1.31128
375 13.6535 12.3673 -1.6447
376 2.03078 30.3694 1.9557
377 3.91086 7.34977 -1.88594
378 12.6841 5.24849 -2.12781
379 32.3872 29.5807 -1.39079
380 35.792 30.7627 0.692742
381 10.4151 32.6847 -0.654853
382 1.65662 15.8274 -3.24209
383 16.2879 35.4408 2.53892
384 25.2636 1.64639 1.80751
385 17.8066 15.2001 2.93051
386 22.7103 7.85872 -0.326453
387 8.63655 3.56461 3.75082
388 30.2007 22.9738 4.56057
389 5.34843 6.25925 -0.841721
390 31.4201 28.8775 1.1153
391 15.6819 12.8767 -4.03298
392 23.0567 26.4175 -0.430004
393 19.5393 10.9033 -3.13715
394 30.3442 38.0616 2.47887
395 33.6901 17.0239 -0.939185
396 3.07657 5.25414 0.778127
397 4.54739 4.1643 -1.19281
398 2.54689 31.2296 -2.62075
399 37.4949 18.0221 1.49397
400 3.42238 36.3998 -3.57534
401 22.7864 37.7373 3.03474
402 32.8682 10.0943 1.70079
403 1.69302 29.1902 0.613548
404 25.1271 30.7147 2.66299
405 0.0266499 23.9069 -4.69669
406 26.8603 2.16601 2.90528
407 39.968 38.8953 2.51633
408 6.35807 12.736 -4.31548
409 14.7894 6.52912 -1.52131
410 23.5552 22.7324 -2.61529
411 17.8478 22.6875 2.60066
412 1.32298 5.7604 -4.26783
413 18.0674 11.4673 -1.49438
414 5.11698 13.3641 1.7909
415 14.1743 26.6786 -0.0863829
416 23.761 35.3739 2.27587
417 3.31454 6.28986 1.96442
418 32.0549 25.1765 -1.13301
419 23.5469 12.9656 1.92762
420 20.1779 39.3166 0.902752
421 5.18461 13.6854 -0.382302
422 10.9274 11.753 1.8478
423 30.4708 9.0304 2.62793
424 26.7165 20.8087 1.05385
425 23.562 1.33506 1.60507
426 9.06727 23.0319 0.242609
427 17.6366 18.2283 -2.8546
428 1.98092 7.8644 -0.832511
429 4.43569 10.0232 2.17956
430 20.0829 15.5705 0.40549
431 9.28925 10.3089 -2.72313
432 18.3698 35.2506 -2.06907
433 30.378 25.5453 -0.0816312
434 3.1481 24.3954 -0.390501
435 27.1796 37.5329 2.75396
436 39.2294 24.2232 -4.44513
437 9.87612 36.3592 1.75409
438 9.12485 22.487 2.84728
439 33.4665 19.9526 -2.12942
440 27.1364 1.32445 1.60732
441 10.9021 4.66942 1.83702
442 13.5723 25.2559 2.61875
443 19.4124 16.9531 2.6849
444 7.76348 16.0284 -2.72813
445 6.59659 24.0117 1.62786
446 18.5485 9.10549 -4.02868
447 0.418518 8.91702 -1.12394
448 33.4267 26.8495 -1.2174
449 12.6298 16.2511 -1.59346
450 10.0183 20.7312 -2.51676
451 36.0182 11.402 -1.57423
452 18.0997 12.0125 -2.61259
453 6.34192 30.6041 -1.97388
454 37.1805 8.82087 0.488902
455 33.1794 5.1511 -3.71568
456 10.4402 9.09069 -2.19734
457 23.822 20.2685 0.0398784
458 34.8881 18.6107 0.573946
459 11.5921 9.85555 -1.35581
460 8.78823 2.38954 -3.63825
461 10.4581 38.8883 -3.4699
462 25.936 14.1657 3.4508
463 1.46572 34.5462 -0.344817
464 33.67 19.2322 -0.579493
465 31.0805 16.0254 3.13279
466 33.2613 21.3382 -1.08023
467 4.4997 37.2604 -1.97809
468 27.2329 36.0751 -3.97695
469 16.6571 28.9819 -2.7926
470 10.8736 13.3121 1.48511
471 36.2334 16.6005 -2.44744
472 12.6611 14.2064 2.85648
473 13.5506 2.92915 -1.71947
474 6.86653 34.1524 0.199017
475 30.943 4.28479 -0.281762
476 22.0662 30.9731 1.0544
477 14.7471 31.3967 2.12702
478 34.8508 16.759 0.110939
479 4.31007 26.214 2.24818
480 33.7083 15.5212 1.4372
481 25.3545 36.6311 1.65559
482 8.54746 30.7258 1.00102
483 13.5666 29.9721 -0.101624
484 9.37302 37.4746 2.67349
485 3.96038 39.6777 4.29733
486 18.8054 26.6351 -3.18371
487 31.7588 29.3995 -0.964101
488 33.7788 7.74897 -3.93597
489 19.0725 2.80124 -2.70772
490 4.16306 4.60521 -1.97594
491 16.5232 12.1886 -2.61785
492 26.6424 39.9294 1.74764
493 4.02373 26.2541 -0.132671
494 8.60962 21.3159 2.62937
495 31.6015 16.1686 2.55461
496 34.8562 17.5568 -2.91782
497 3.41581 29.7969 -0.626565
498 18.9325 15.8394 -2.71737
499 6.3577 17.9848 1.60245
500 5.17605 12.0442 -1.71307
501 27.81 17.1551 0.580402
502 2.63991 3.81295 0.105574
503 14.6658 25.6665 2.18807
504 36.7096 32.4694 2.0823
505 5.28244 3.90132 -3.05895
506 28.7455 24.591 -0.928463
507 23.097 9.06282 3.0832
508 2.17374 27.797 -0.246298
509 30.0475 39.5668 1.07084
510 32.3862 1.38844 0.256156
511 22.1777 30.3346 -0.91996
512 39.1839 31.746 0.82892
513 19.5413 37.625 2.28903
514 12.585 26.0002 -0.0489827
515 17.3093 14.9532 3.25409
516 21.9848 3.57742 -0.681769
517 11.7425 9.46027 -0.00486105
518 18.1294 16.9358 -0.774247
519 19.8053 14.2213 -2.38381
520 36.5639 9.40775 -0.509263
521 36.2083 30.934 3.50785
522 20.7309 22.4527 -0.517977
523 11.7569 19.4618 -2.27015
524 3.70135 24.9009 1.54189
525 8.64836 14.0026 2.75309
526 0.570928 19.6529 1.40157
527 13.6445 3.93195 -3.39486
528 21.4667 5.73114 -0.0419419
529 30.4904 3.19327 2.13548
530 38.4563 8.48918 -4.43128
531 28.0544 9.47586 -0.119851
532 20.8291 35.7837 3.37108
533 25.2993 29.8189 -1.52144
534 14.6196 28.3212 1.87689
535 8.66121 2.11876 -2.39209
536 32.6129 17.7271 -3.24052
537 39.1267 18.9446 1.06207
538 3.65861 37.6547 0.820185
539 3.46966 4.41495 0.715993
540 29.8108 26.1435 -1.05992
541 25.8166 18.9103 -0.800172
542 39.9461 28.4887 -0.584891
543 12.6466 15.6159 -1.24034
544 7.53097 2.69371 2.56795
545 12.316 22.6795 0.264844
546 1.6736 35.8794 -0.211559
547 5.08133 20.1411 -0.0782874
548 38.1606 31.6158 2.13765
549 2.35565 24.9606 3.66859
550 7.81723 31.8966 -1.54313
551 19.8063 18.688 -1.86786
552 0.0136047 7.726 -1.7853
553 19.0149 23.2195 1.3058
554 16.4733 8.46861 4.4076
555 36.3519 17.1516 -1.80207
556 31.4124 17.6779 -2.35308
557 7.89786 26.3675 1.39815
558 32.9044 39.2139 -1.78968
559 26.1448 32.2124 0.189878
560 30.7865 24.423 0.179064
561 9.80784 20.6978 -1.73218
562 6.90086 24.6695 0.62362
563 1.2229 16.7127 -1.18877
564 15.0002 21.8704 3.92059
565 39.1302 15.9567 -4.56141
566 18.6997 35.0443 -1.94861
567 32.3061 11.048 0.972517
568 39.235 6.59637 -1.90938
569 1.06664 17.3761 -0.287727
570 4.72776 25.4431 2.43895
571 18.3134 11.9577 -3.68128
572 38.6595 32.5269 -1.57201
573 20.4581 1.80802 -1.00154
574 15.22 18.9142 1.52223
575 17.89 18.6319 0.640307
576 37.384 4.11053 -2.14485
577 24.0192 30.3915 2.54722
578 3.23397 36.5255 -0.773171
579 8.57349 8.76398 1.25499
580 7.42507 29.9826 -0.36385
581 7.73751 28.5841 -0.69106
582 24.1972 29.7157 -3.6797
583 27.3492 0.36006 2.87623
584 37.0812 10.9188 -0.115801
585 5.54182 17.7753 0.301194
586 26.8133 21.4566 2.403
587 32.6311 32.0229 -2.31787
588 20.4949 36.5397 -0.00946327
589 28.6885 22.2219 -0.937101
590 7.60781 3.83387 3.56724
591 0.655702 19.6321 0.670893
592 31.8133 26.5602 0.659463
593 17.1248 24.6808 -2.72325
594 9.08741 1.98654 -3.23611
595 23.1809 20.5482 2.16345
596 35.4288 35.13 -0.993726
597 32.8842 7.91483 -3.89797
598 34.9274 10.8702 -2.22455
599 15.7341 35.6734 1.8152
600 3.94479 0.0250951 2.37427
601 18.6087 34.7757 -2.99798
602 5.24353 19.7093 0.884461
603 19.0357 20.402 -1.97112
604 34.2097 26.1691 2.85637
605 7.16672 1.36504 -0.261443
606 2.81489 28.9424 0.834525
607 3.19049 10.7951 2.47101
608 5.56872 1.93913 1.42274
609 24.5666 37.626 -1.62294
610 34.576 24.9857 -1.16849
611 0.417094 24.1485 -1.57676
612 19.2315 11.5085 -1.58016
613 25.2145 12.4127 -2.01896
614 39.848 7.86425 -2.69885
615 33.236 7.67637 -3.74856
616 34.1455 17.193 -2.9939
617 23.7738 33.1808 2.59367
618 37.7956 3.32512 -0.822402
619 24.512 35.3882 2.8782
620 34.7692 31.8868 -0.55165
621 29.2952 15.1266 -1.34626
622 11.2289 2.57528 2.7316
623 18.2312 11.629 -2.91719
624 32.7981 0.534535 0.47433
625 16.8449 9.85426 0.698382
626 3.81695 0.0559385 2.60481
627 2.56041 33.8108 0.106529
628 22.2888 13.7775 -0.351165
629 30.7236 0.597583 -3.21933
630 34.2053 29.6162 2.8134
631 30.5058 39.1124 0.992078
632 30.4441 30.8842 0.88314
633 34.6129 23.1574 -1.06561
634 39.4356 37.9939 0.494209
635 24.7909 30.135 1.33006
636 21.2743 5.58259 -1.50549
637 0.800079 24.07 -4.73554
638 36.0081 24.4353 2.09028
639 32.8789 5.13425 -4.43691
640 4.11391 16.9852 -0.439842
641 23.2801 0.651361 1.8081
642 16.1944 38.1673 -1.998
643 24.6519 29.8044 4.61806
644 13.1513 5.40461 -0.51672
645 5.47719 9.98246 2.78467
646 10.6871 11.7813 -0.700651
647 10.0502 18.1488 2.48266
648 33.5489 36.7669 0.48532
649 22.3789 24.6037 3.21272
650 31.3127 12.7426 -1.20085
651 26.7449 19.9623 2.14606
652 0.829796 38.915 -0.494076
653 11.8256 1.76173 0.594794
654 20.5786 15.1808 -0.25842
655 31.391 34.0503 2.14445
656 12.5159 13.0363 3.80416
657 21.629 6.50982 0.0551618
658 11.2511 28.3433 -0.494271
659 29.7143 0.695062 3.7505
660 28.6787 16.1404 -2.42969
661 37.4445 16.151 -0.49694
662 28.8521 30.0785 -3.8326
663 18.1571 21.458 1.63825
664 32.8386 15.6158 0.472973
665 31.6778 38.128 1.59866
666 29.0475 39.642 -0.723517
667 35.9074 32.3273 0.394494
668 9.40725 34.216 -1.61435
669 16.2229 29.8989 0.350134
670 37.0758 25.521 -1.71216
671 25.2572 36.7003 -1.37815
672 14.4337 29.96 2.29036
673 36.4383 7.91846 -1.17191
674 11.6675 17.7758 -2.34796
675 30.847 17.4773 2.2545
676 30.3378 0.438596 -2.32287
677 30.706 16.5485 1.36732
678 28.314 36.3166 -3.25891
679 21.5433 18.813 0.220629
680 14.1252 25.2058 -1.40729
681 11.6236 38.2095 -2.1636
682 29.3268 35.5143 -2.22995
683 31.3869 22.5151 3.39466
684 11.8383 34.8651 0.283756
685 25.1775 27.145 -3.2818
686 4.47421 5.61879 -1.44889
687 24.0103 13.0015 2.23061
688 32.7502 1.84302 4.11137
689 14.2599 35.4484 -0.364097
690 19.9038 31.6778 1.40687
691 16.4877 32.3505 0.0169243
692 26.2163 14.3592 -3.45985
693 36.5482 15.6002 -0.489426
694 25.7536 36.5899 0.475816
695 17.0338 30.5267 -1.38158
696 33.4885 28.5969 2.58996
697 31.2182 8.31129 2.87412
698 34.6699 15.1019 -1.30772
699 22.2632 19.2408 0.324179
700 3.05845 2.78639 -1.63309
701 27.6184 2.46452 1.15277
702 39.4595 2.97213 0.298879
703 34.3393 17.8161 -0.678592
704 27.9258 29.5712 4.1791
705 1.59283 34.0985 1.15696
706 34.8251 32.3007 -0.365798
707 11.2401 10.2979 -0.885059
708 28.763 17.9399 -1.85417
709 27.6094 3.14381 -2.34834
710 20.5676 30.1026 0.341455
711 33.6895 30.296 -3.56709
712 29.9491 12.5857 0.609925
713 36.0482 11.182 -0.221806
714 25.2741 26.7145 -2.80498
715 2.02792 4.92041 1.46904
716 21.8296 36.3816 0.991204
717 14.6952 26.5179 -2.05814
718 13.0216 28.4011 3.64777
719 8.6984 35.2831 -1.98556
720 15.6318 22.2386 3.72585
721 30.3225 34.1706 1.74392
722 4.50109 5.59653 -1.3036
723 17.7226 38.9404 3.61824
724 13.2964 2.90348 -1.32008
725 28.7956 7.24524 -1.95092
726 8.67416 29.3009 -1.06604
727 2.17611 30.8993 3.72667
728 3.53579 12.0985 0.453452
729 17.994 38.5902 4.89032
730 17.7379 11.205 -3.50586
731 32.8409 19.9563 0.0704536
732 26.8516 37.4441 0.471708
733 35.2899 23.2961 -0.803236
734 24.3835 13.2513 3.26906
735 19.7359 20.8601 0.152816
736 23.2156 29.1424 2.06156
737 33.9318 27.2122 -0.124233
738 13.3484 8.79243 -2.04275
739 11.916 30.8031 3.14041
740 39.36 18.2326 -0.112085
741 6.57079 32.7247 0.571271
742 24.8369 13.611 0.626241
743 18.8418 27.7121 0.355824
744 33.0007 25.983 -0.328542
745 20.2273 32.1465 2.22752
746 15.9749 14.5076 -3.20137
747 16.9758 23.2339 -3.64488
748 12.888 23.7274 -0.2857
749 5.11847 6.50183 -0.356911
750 4.76415 30.1605 -3.15295
751 8.95823 1.09235 -0.930576
752 33.2218 15.1035 -0.954268
753 6.93975 19.8923 0.917059
754 28.5496 21.2486 -1.07216
755 24.5889 6.74868 1.26849
756 37.9934 7.40116 -0.553281
757 15.764 21.9197 1.42487
758 32.5048 25.0501 -0.174086
759 10.2298 30.988 -0.221062
760 31.7542 38.4418 2.74762
761 12.268 17.0166 -3.22033
762 25.8314 24.6694 3.05944
763 14.0096 2.3441 -1.55205
764 27.0772 2.36134 -2.36839
765 26.594 27.0525 -3.38973
766 7.53469 16.0707 -2.2538
767 33.4462 17.2353 -2.42506
768 5.74244 13.6432 2.75143
769 22.3238 29.1491 1.80942
770 9.58527 23.9929 -0.131466
771 1.23215 22.8539 -4.1495
772 14.5765 35.6882 0.449597
773 33.7378 29.3376 2.13546
774 37.545 36.3858 -1.82312
775 16.449 14.5318 -1.22474
776 15.8694 21.6191 0.182403
777 1.44305 20.963 0.665012
778 30.2248 24.4708 -0.573863
779 17.9278 1.68231 -3.31873
780 4.19511 4.82673 -2.51169
781 32.2275 1.93562 -1.85666
782 12.3065 6.58136 -3.84189
783 14.8175 7.94184 -1.01354
784 31.6754 0.725031 -2.47121
785 23.1688 20.6396 0.162662
786 5.9247 25.4994 -2.22181
787 31.7722 1.61225 0.338484
788 2.31477 34.5592 1.34984
789 38.1677 13.3619 -2.1085
790 9.9216 29.4124 -1.62437
791 17.0383 15.9119 3.98701
792 9.43754 28.3569 2.15061
793 26.046 39.2846 1.11351
794 23.8182 21.9758 -1.52721
795 9.48944 10.8778 -2.66824
796 16.8648 25.535 -2.53158
797 5.23216 30.5149 -1.15123
798 27.9531 3.63947 -1.47024
799 28.1194 38.0263 1.80335
800 30.3605 9.88002 1.24009
801 22.5215 14.9307 3.33611
802 33.7709 16.6161 -2.01011
803 6.3799 1.25802 -3.47527
804 4.8909 16.548 -0.805652
805 2.95045 22.7138 1.25653
806 14.9268 22.5812 1.09564
807 23.126 8.36492 -0.912819
808 25.5939 19.7591 0.483595
809 17.9202 8.63843 -1.59919
810 15.9569 39.25 0.0295309
811 13.6769 26.0512 -1.72988
812 10.4891 39.0183 -3.8315
813 1.82047 7.62997 -1.54607
814 26.3148 36.6758 1.57019
815 34.6479 22.7372 -1.79357
816 15.9943 36.865 -0.486145
817 16.1962 37.6577 -2.35837
818 10.0805 14.4677 -3.68817
819 23.6419 3.84004 1.34523
820 35.1578 39.7216 -1.27563
821 11.8322 9.97674 -1.85033
822 8.94992 10.0916 -1.25709
823 31.4983 38.0293 1.99788
824 39.1879 16.0946 -4.15442
825 33.8746 26.4952 1.029
826 1.5557 16.1514 -0.847749
827 0.997289 14.2047 2.70316
828 22.8932 13.4707 -2.12341
829 18.5274 35.2925 -3.80094
830 13.4588 23.7609 -0.870593
831 10.8436 38.6374 -3.46766
832 28.7464 28.9214 -3.03154
833 13.737 15.0199 1.74991
834 18.2644 8.31938 2.05052
835 5.16058 28.1738 0.0738866
836 21.4371 29.3309 3.07089
837 32.9173 26.6461 0.566669
838 28.1754 8.09362 0.0118554
839 1.20248 25.2964 -4.54903
840 25.7615 10.2194 -1.07088
841 31.5009 34.5699 1.27961
842 22.6982 29.586 0.231135
843 9.06599 2.80868 -2.61414
844 6.23271 19.4246 1.89662
845 2.71584 26.4128 2.1485
846 16.1894 32.2042 -0.538148
847 1.38664 24.447 -2.11814
848 24.2648 18.3959 -3.8598
849 14.8579 17.3054 0.212685
850 4.43379 33.7746 -1.53411
851 3.08974 37.065 0.090625
852 24.6829 31.3701 1.79379
853 26.4819 26.9046 -3.06238
854 0.294899 29.2985 -2.27357
855 17.3891 0.9719 -2.81921
856 15.5369 36.1448 -0.0612086
857 10.9622 18.0644 -0.945296
858 2.36407 25.9647 0.871123
859 17.5151 39.7322 1.78562
860 34.3896 22.7806 -0.3371
861 39.9206 15.0114 -1.11447
862 1.09674 34.5351 -0.220386
863 11.9617 10.9741 0.638585
864 25.5098 12.8607 -2.65316
865 32.7287 31.006 -1.47092
866 30.6269 39.1828 0.560626
867 17.6528 39.2591 3.6523
868 29.1118 27.7126 -0.208562
869 38.9457 15.4634 -3.90062
870 6.64693 4.15799 1.24263
871 18.6191 23.8009 -0.034227
872 28.1101 24.2344 -1.06938
873 20.3987 20.8461 4.13945
874 36.7158 13.0918 3.18459
875 37.6359 12.0703 -0.0419636
876 2.1776 11.7241 0.773215
877 38.4006 2.90404 1.66039
878 1.37251 36.8239 0.227048
879 4.27098 32.6003 -1.35526
880 39.5661 17.3812 1.38875
881 1.87556 24.6149 4.76501
882 29.3609 4.93362 -3.39107
883 39.4585 25.6426 0.476702
884 10.6045 20.5366 -1.67442
885 14.2537 12.978 -0.791798
886 12.9484 25.0052 -2.09523
887 36.8624 20.7488 -0.117358
888 0.927698 29.9809 -1.55608
889 7.15355 11.4616 0.966059
890 19.8265 17.3292 2.33871
891 19.8336 22.7443 0.934431
892 24.8824 1.82333 2.88928
893 32.0219 26.6215 -1.72351
894 33.6664 30.2468 -0.659438
895 34.0503 19.0189 -1.89998
896 19.3341 0.390386 2.91147
897 0.122647 10.5915 -0.835911
898 21.0695 18.0974 1.56827
899 5.96479 25.5207 -2.2046
900 15.4007 6.93157 1.98834
901 3.34377 39.0364 2.69244
902 35.1386 30.9838 0.838088
903 7.55832 39.1927 3.00689
904 20.8691 1.57647 -1.82443
905 23.995 34.645 2.45347
906 26.2511 25.46 2.29425
907 16.8326 26.1273 0.979775
908 33.0653 31.1287 -0.192696
909 18.5583 6.89088 1.10075
910 38.0307 24.0406 -3.4712
911 30.55 28.5709 -1.18189
912 26.5435 21.4614 -0.787948
913 0.138381 27.0196 0.19523
914 3.95978 25.1278 0.354187
915 37.3907 32.6041 3.19525
916 25.0468 19.131 -1.75529
917 8.46849 28.5501 0.168485
918 4.0197 0.302988 1.15578
919 29.9748 17.099 -4.11421
920 6.16485 20.077 2.52505
921 31.7069 22.1987 1.86686
922 25.3655 13.5931 4.29138
923 11.8464 28.5986 0.9175
924 26.8148 32.7515 -2.50716
925 18.9402 37.2599 -0.331255
926 26.7913 35.6108 -3.00461
927 5.37836 32.0198 -3.68217
928 32.9068 1.57838 3.13311
929 35.7007 30.6641 3.08452
930 16.0547 6.60941 3.04069
931 15.5754 17.9119 2.42413
932 8.82459 24.5916 0.0726131
933 11.3562 6.13257 0.571539
934 33.4878 29.3579 2.44418
935 6.12158 3.27716 -1.19061
936 12.8204 23.213 -0.763799
937 11.7607 2.59069 2.60319
938 22.646 22.5362 -2.37942
939 27.2616 8.09829 -2.20293
940 18.2339 19.1006 -1.90584
941 19.5601 22.9471 0.257855
942 4.70903 12.9661 1.44687
943 8.8898 2.96325 3.48209
944 38.2362 32.666 3.89587
945 3.80952 0.360668 2.52094
946 20.354 21.5009 3.15912
947 22.675 6.80969 0.163834
948 10.2838 39.2905 -1.42528
949 4.73891 12.9073 0.893784
950 31.0235 24.5059 -0.194218
951 15.5132 6.12419 3.74043
952 15.8987 14.9611 -2.58072
953 32.6906 16.9804 -2.92578
954 3.74256 1.16757 -0.256713
955 1.26314 7.89591 -0.401634
956 32.1622 6.99889 -2.80098
957 31.0115 21.0774 0.0730643
958 3.71992 32.5153 -2.41703
959 29.7993 39.6637 2.02323
960 4.62819 4.64521 -3.53216
961 2.23379 31.476 -3.9272
962 14.7722 31.9264 0.982996
963 17.7892 36.3795 0.744872
964 4.42397 6.87531 -1.38709
965 35.7799 28.7662 -1.50193
966 14.0984 18.409 2.44388
967 19.6619 0.433325 0.883503
968 36.6317 23.5169 1.66395
969 14.2832 1.25095 -0.262097
970 28.1723 36.5731 -0.827446
971 32.0388 15.0576 -0.673654
972 13.255 19.647 1.14735
973 9.96804 23.3582 -1.59436
974 29.6854 15.9489 -3.42695
975 10.067 23.9258 -1.32925
976 3.31856 4.16316 -0.0284744
977 3.42273 37.0831 -1.1804
978 12.4074 25.6715 1.00344
979 6.96274 35.5812 -3.64477
980 33.7081 13.7641 0.719797
981 6.31498 17.7784 2.91833
982 0.161856 5.4782 -2.1843
983 23.6883 11.6864 0.654656
984 10.7516 38.6203 -2.43831
985 7.03395 19.7311 2.12112
986 29.2874 14.9979 -1.70308
987 8.21932 11.8591 1.83753
988 1.68258 28.8869 2.3692
989 22.2706 33.6481 -0.942253
990 26.3261 18.4251 -0.228314
991 9.55406 24.2756 -0.802466
992 2.64229 14.9328 0.53051
993 10.8375 23.8664 0.159402
994 24.8748 20.6628 -1.29537
995 10.576 22.1131 1.42959
996 34.9155 17.9451 -1.51471
997 33.9571 15.6284 -0.50244
998 38.2118 36.9789 -2.1492
999 32.9879 24.2781 -1.1917
