1000
Particles
0 39.292 38.9349 -3.28056
1 33.1385 20.3119 -0.850798
2 18.8711 4.6837 -1.71047
3 8.33708 35.9648 0.639512
4 14.7379 20.7083 -1.57749
5 21.4423 7.68977 1.54838
6 29.8494 3.0086 3.19183
7 34.5767 20.1841 -1.43117
8 6.21281 28.6525 2.82025
9 31.5632 20.7244 2.29621
10 25.7658 32.4402 -0.351322
11 3.31699 32.2783 3.26385
12 35.0482 28.8898 -2.36831
13 2.02861 6.86725 0.415448
14 28.5489 18.1509 -1.1557
15 29.2071 30.0732 3.28743
16 24.9842 32.4211 0.241046
17 32.0999 12.2297 -3.52581
18 31.7742 15.8996 0.934351
19 14.5893 19.9744 0.726748
20 8.80397 9.77002 1.13627
21 36.3325 2.53192 1.37002
22 37.7656 19.6384 -3.28172
23 33.1074 19.1987 0.103361
24 36.7044 7.50653 0.629972
25 2.39066 33.1286 -0.431541
26 16.971 30.1059 -0.0444809
27 12.8649 15.2287 -2.16777
28 6.13331 31.5278 1.73652
29 32.3658 10.9722 -1.1884
30 20.0035 20.1712 -2.0016
31 12.8423 18.4375 -3.25209
32 19.0201 8.25774 -2.3501
33 6.10849 1.40794 -2.93871
34 24.767 17.2915 -0.199945
35 26.2025 0.473687 3.89767
36 20.8751 38.6886 0.620133
37 38.3502 24.1381 -3.90643
38 31.8029 38.2049 0.338677
39 27.8293 15.204 2.56431
40 34.478 35.4262 3.47934
41 15.4942 13.6792 -2.60109
42 37.9167 19.0575 -1.4319
43 25.2632 37.1182 1.48749
44 21.0967 25.0051 -0.490836
45 3.23364 27.7944 -2.46712
46 3.74657 6.24935 -1.08891
47 37.0621 3.05196 0.79123
48 3.08661 37.565 1.20878
49 7.12607 30.9896 -0.689496
50 39.3832 0.0929026 -2.7691
51 16.0461 1.05839 -0.238889
52 34.0588 9.5537 -3.25388
53 15.2077 7.49757 4.69398
54 33.6619 27.8392 -0.81616
55 35.3337 18.8741 -3.20448
56 24.9466 6.49256 1.31214
57 2.57615 29.9255 -1.76107
58 37.8908 22.859 1.98047
59 2.38406 32.7554 0.0905472
60 8.54747 24.7763 -2.57898
61 18.3934 26.95 0.254062
62 32.4219 39.4424 -0.8265
63 10.2714 16.0649 1.10691
64 35.9669 28.2148 -0.4293
65 14.0214 37.3675 0.953983
66 10.7584 15.3651 0.216417
67 26.4038 20.1376 -3.52436
68 9.40597 6.46462 3.85013
69 12.3604 5.17538 3.13238
70 4.3258 34.1802 1.59762
71 15.2055 9.61545 1.84274
72 8.66189 15.5263 -1.03893
73 21.3144 25.3461 -1.74374
74 6.81425 1.08563 -1.08558
75 3.06544 34.0405 -0.252693
76 14.9958 8.20149 4.37269
77 8.3887 24.3186 -1.33376
78 39.2072 30.5097 0.90817
79 36.901 2.73497 1.49395
80 36.8257 3.51176 2.25862
81 2.73425 27.6339 -3.86726
82 13.1221 11.1733 0.822372
83 18.4335 25.9271 1.15007
84 15.4443 16.869 1.21727
85 1.88248 21.3882 2.76747
86 17.9562 6.65602 1.5589
87 21.6257 37.7696 1.86336
88 2.82333 39.6216 1.67317
89 2.69202 1.02746 1.2424
90 34.8656 35.4042 2.14655
91 20.7742 14.37 1.83785
92 16.9755 21.0156 0.00304258
93 17.8036 9.55165 -0.696743
94 17.8664 16.842 -0.156732
95 18.0581 1.49505 -1.08189
96 14.1302 28.8686 3.15044
97 23.7057 37.7789 -1.00528
98 1.21087 23.1455 -0.838472
99 11.7798 39.0552 1.84183
100 31.3137 20.2655 0.721455
101 18.4525 26.0185 -0.580823
102 19.771 32.0571 -3.23094
103 9.66281 1.67332 -2.96002
104 24.9003 5.71534 1.57261
105 19.7002 29.7676 2.05229
106 32.695 12.5378 -3.74952
107 19.0901 22.6782 -0.412266
108 23.717 10.3598 3.7289
109 1.69916 35.5235 -4.57699
110 13.2305 2.38319 -1.21783
111 2.1533 28.8656 -3.87799
112 32.651 37.2388 1.39788
113 37.8386 20.2727 0.098695
114 2.74654 26.3094 -1.21639
115 31.3052 22.5181 1.60776
116 24.0275 29.035 0.73128
117 23.487 30.8635 2.50317
118 22.9965 2.05041 1.45267
119 34.7533 19.549 -2.41263
120 29.6456 29.269 4.097
121 26.9178 15.8691 -1.60115
122 38.4827 18.0038 1.43425
123 7.53344 24.7159 2.79435
124 15.6644 38.1123 -0.319118
125 28.1116 39.3359 -0.806166
126 27.7588 21.4244 -2.21855
127 37.9553 3.36061 0.554537
128 36.1417 10.089 1.57862
129 1.07928 11.1648 -1.24838
130 37.0604 3.69208 1.61659
131 33.1349 27.2774 0.0184563
132 22.0011 39.9097 -2.02156
133 32.504 31.7061 1.66611
134 6.2916 30.238 1.55128
135 14.2442 4.58789 1.24823
136 27.5669 7.73102 2.81149
137 31.3786 34.3083 1.15329
138 10.7915 21.6357 -3.56542
139 15.9674 1.46878 1.82064
140 23.2397 34.9415 -2.67479
141 35.1775 30.6255 -2.46678
142 26.0547 2.01024 1.66823
143 18.8222 26.4815 2.01281
144 4.07436 26.2257 -4.46525
145 30.9953 21.4069 2.36224
146 32.216 8.09913 -0.186147
147 37.4783 39.7341 4.495
148 38.0305 11.3552 0.0126693
149 16.1785 25.5423 -2.44096
150 19.8171 14.5804 1.81444
151 36.3308 36.4242 3.45859
152 19.1676 9.40107 -0.176489
153 21.165 2.35351 2.67106
154 29.778 36.5498 2.16936
155 32.1953 28.2625 -3.32853
156 34.3539 26.8412 -0.103222
157 13.9926 13.0755 -1.96847
158 16.5212 29.9674 0.922805
159 17.6346 27.2692 0.865319
160 2.74711 14.8088 -1.54298
161 12.4815 22.7331 4.47999
162 26.6379 32.115 2.23239
163 7.8679 5.58638 -2.77175
164 15.1506 3.03631 -1.14066
165 24.5887 8.56101 2.92742
166 35.0138 7.33719 -1.86173
167 11.0397 39.6533 -0.364572
168 0.392099 21.7939 -0.765125
169 2.06272 31.3815 -3.09974
170 0.715876 36.1353 -2.81707
171 23.389 38.8114 0.621385
172 39.4057 19.1757 1.27849
173 23.9591 35.9037 -3.17922
174 16.6626 36.2424 -0.581854
175 1.4871 9.05849 -3.23076
176 18.7292 19.6839 4.69823
177 14.71 7.69951 2.13772
178 24.8488 18.4057 -0.0626616
179 28.7935 10.6457 -1.84213
180 18.1422 10.3184 -2.63776
181 38.0315 30.0884 0.935224
182 21.6057 12.7945 2.07762
183 7.0282 23.5906 2.23235
184 31.2127 38.2847 0.945468
185 12.7285 11.8777 0.0702003
186 24.563 2.01093 1.72406
187 8.64657 37.8072 0.0593874
188 21.3897 18.0577 2.95687
189 11.144 26.2462 2.99276
190 24.873 21.1499 -1.17472
191 13.172 31.2986 2.06048
192 37.0827 3.38018 0.886264
193 30.2223 17.65 2.46251
194 17.7229 27.9696 1.84124
195 11.704 20.2137 -2.07081
196 25.9981 37.171 2.81618
197 20.7256 35.4489 0.789812
198 29.2959 19.0437 -3.18194
199 10.2803 12.8153 1.28481
200 33.278 38.2016 -3.69329
201 36.3837 19.3534 2.82075
202 18.6712 19.255 -4.33385
203 26.3083 18.2363 2.82121
204 31.4623 32.9516 1.0274
205 35.1698 32.1465 1.66602
206 14.7838 4.159 1.22123
207 39.7476 31.0916 1.98293
208 34.132 24.0209 1.969
209 6.96095 31.1961 -0.199921
210 7.39381 24.3844 2.95785
211 39.9217 21.3019 -0.807731
212 35.2341 34.0237 3.72636
213 0.464753 7.51462 -3.63512
214 33.3733 21.1388 3.9851
215 33.6917 25.5801 0.409223
216 28.0852 21.498 -0.955768
217 8.284 9.42334 1.19207
218 12.8866 17.966 -1.15489
219 22.6311 2.7454 -2.3918
220 13.5987 6.67098 1.37126
221 22.7087 10.4405 -1.68839
222 39.5113 30.4302 -0.509739
223 18.5495 31.4343 -0.369889
224 3.52825 28.0122 -3.74148
225 30.9534 9.75157 -1.11588
226 1.40127 23.7861 1.32469
227 4.44797 6.04485 3.22544
228 20.9225 7.17685 1.38399
229 36.9185 20.4883 1.02813
230 31.7471 6.83661 -0.467985
231 17.9638 23.2928 1.15547
232 32.9362 9.12437 -3.19396
233 39.0322 12.6442 0.372518
234 7.30847 35.988 -0.997445
235 38.9232 9.19871 -2.25187
236 9.63156 35.9116 1.23425
237 13.4014 28.0597 0.942008
238 12.125 12.8312 0.214073
239 35.4874 10.8417 1.59009
240 23.517 20.6202 0.774439
241 16.1636 30.2641 0.373371
242 39.8485 6.34028 0.777864
243 24.7702 39.4997 2.49716
244 38.8845 18.14 3.454
245 22.6162 0.532799 -0.244736
246 32.1588 8.23743 1.91626
247 4.56091 1.99068 1.59241
248 6.19996 23.5538 0.616642
249 18.09 33.5757 -1.75649
250 13.0262 2.8553 -3.04861
251 1.04579 9.04287 -2.44037
252 33.8894 17.4675 1.34317
253 31.5869 14.2148 2.36146
254 37.0007 39.6105 1.4144
255 25.4536 25.5774 2.71224
256 2.58149 4.04901 2.9223
257 31.1491 20.7423 2.1808
258 33.1781 37.407 -1.00299
259 34.2646 15.6249 2.59833
260 6.96934 10.5631 -0.316186
261 24.9822 23.3135 2.65789
262 28.2377 32.2892 0.120152
263 37.9476 1.43112 -2.6224
264 4.18967 25.5831 -2.72715
265 2.15374 22.9806 -1.57468
266 38.9923 12.7987 1.37842
267 2.18462 27.6231 -3.73856
268 3.27484 25.1435 -0.98
269 23.5677 37.5603 0.00652676
270 4.41056 8.67966 -0.808674
271 30.5292 10.3836 -1.33433
272 22.5518 19.5077 0.957279
273 26.1857 34.0104 -3.46749
274 10.4415 6.82314 2.03145
275 6.95859 23.6763 1.4222
276 27.8556 18.1222 -1.69877
277 9.44553 23.6561 -1.0536
278 6.18209 8.64068 -2.6986
279 6.14233 24.5679 1.79727
280 4.57495 24.5383 -2.39816
281 23.6786 16.2245 2.30736
282 15.5436 18.5543 1.24747
283 21.0423 34.6385 3.89559
284 26.7662 20.7331 -1.86162
285 0.707734 35.1125 0.717815
286 35.2288 4.53913 4.50019
287 9.58581 19.131 3.86598
288 2.61276 38.9638 -1.7402
289 12.702 32.294 4.70073
290 36.4993 24.9397 2.8778
291 13.5896 12.0485 -0.945064
292 0.627936 21.9599 0.0362112
293 2.04745 2.56711 2.87242
294 31.4977 29.0294 -3.0749
295 17.9888 9.54284 -2.14959
296 26.5318 28.365 1.97011
297 0.515865 29.1169 0.998981
298 25.6809 35.8061 0.622308
299 18.6918 30.3829 -2.2522
300 24.8737 6.02741 0.0126795
301 31.9504 21.522 2.7484
302 19.898 35.4856 2.58142
303 8.37578 26.6817 0.882184
304 7.70718 23.9945 1.77408
305 4.49045 24.1152 -2.90948
306 30.671 14.079 -2.12366
307 10.5804 14.0901 1.81726
308 4.16795 18.6471 1.2617
309 13.1009 35.074 1.39281
310 15.3993 20.4959 -1.75547
311 23.6153 6.28941 0.846186
312 37.7083 38.0345 -2.15239
313 31.4844 1.72695 0.507408
314 17.508 4.13408 -1.28125
315 0.333089 31.3263 1.7523
316 39.9515 35.5976 0.267424
317 30.7518 30.9323 -4.51071
318 22.8224 20.2246 0.259291
319 3.22063 37.5039 -0.920766
320 3.5102 22.9055 -3.99186
321 29.6075 4.67285 2.69231
322 4.99427 33.7413 1.67583
323 18.9304 32.9727 -4.76232
324 28.0199 17.5922 0.221715
325 8.45051 27.4678 0.908113
326 2.26009 11.888 -4.29799
327 21.7985 35.6639 -4.16777
328 18.8332 27.4178 1.89101
329 4.88914 21.2051 1.21422
330 2.71971 12.8326 -0.209915
331 13.1098 37.1283 -0.594135
332 33.6155 13.3437 -1.23878
333 22.7127 18.2388 0.512384
334 16.8582 9.67648 -0.936483
335 7.8634 39.4739 -2.01805
336 16.9698 35.9792 2.5763
337 9.14081 15.5994 0.56003
338 14.1299 27.8235 -1.43045
339 1.07469 30.8215 -2.2905
340 3.65322 25.33 -3.0839
341 31.7734 30.1132 0.730065
342 9.90516 13.9097 0.960008
343 10.2425 13.7503 1.19429
344 13.9064 39.631 3.95432
345 34.0638 28.0091 0.661663
346 18.8426 7.98826 0.293353
347 4.68505 38.381 -2.93765
348 7.54289 19.2936 -1.67683
349 16.5029 18.2002 0.132377
350 6.14168 16.0635 -2.43394
351 10.5415 21.3256 -2.54593
352 27.3151 25.3869 -2.96349
353 27.7694 5.60433 1.77021
354 34.8283 37.2305 2.90387
355 20.0632 19.004 -2.51106
356 28.1917 31.193 -1.08998
357 13.3537 26.9164 3.63998
358 10.2497 14.8107 -0.263178
359 32.7397 27.3168 -2.92878
360 29.2818 24.1641 3.30578
361 29.5877 33.4319 -1.77136
362 39.8494 24.1116 1.40856
363 39.4555 12.2562 1.97888
364 6.86134 14.4817 -1.11405
365 8.58119 39.0616 1.52705
366 16.3201 3.98435 -3.50177
367 11.843 1.69758 -0.888926
368 23.5884 5.02003 -1.51573
369 16.9428 33.255 -2.48504
370 20.1974 27.8386 0.495099
371 22.4398 18.7814 -1.85147
372 25.0426 25.6168 1.7719
373 16.146 11.5043 2.08424
374 12.0074 18.4759 -1.87123
375 15.3433 11.5874 -0.3439
376 1.72155 27.9063 -2.05944
377 1.96135 5.9059 -1.80103
378 12.4624 5.1649 -3.33801
379 33.2566 28.2795 -1.97581
380 36.4407 31.0179 -1.3204
381 13.0962 37.0385 0.344027
382 3.9688 19.6415 -0.262826
383 17.4226 33.9057 0.0981
384 28.4755 5.27216 2.2577
385 16.5634 13.4675 0.0865375
386 21.5379 6.77244 0.0882137
387 5.63806 4.6996 0.4273
388 33.2478 21.9262 -4.64184
389 3.61793 2.83563 1.63441
390 33.5018 27.0532 -0.242298
391 14.5069 12.1762 0.290599
392 20.3791 28.9405 -3.21548
393 18.3725 5.91265 3.62979
394 25.9231 36.8848 3.46542
395 34.2369 15.237 2.55744
396 2.20558 5.39965 -0.361583
397 1.94174 0.918275 -0.867125
398 3.76876 31.6292 2.08911
399 36.1394 20.4754 2.08191
400 3.04323 0.235392 2.77531
401 23.5566 35.5816 -1.38263
402 36.8823 9.77612 -1.47834
403 2.31407 26.4049 -1.3058
404 24.5462 29.5891 -2.80506
405 3.95409 24.6119 -3.82338
406 23.2795 1.76491 -0.157194
407 37.2165 0.184628 1.32063
408 8.83961 14.4666 3.26915
409 13.7111 5.23291 1.26227
410 22.1173 24.0576 1.74978
411 18.5171 22.0545 -2.29364
412 39.4164 4.43686 -1.87277
413 16.845 11.1368 1.21822
414 1.90557 15.7745 1.07976
415 14.9892 27.6447 0.0784021
416 21.3245 33.5241 -1.5937
417 2.53314 3.22657 1.52821
418 28.6207 23.5264 1.3832
419 21.8678 10.4354 0.201152
420 21.7995 38.0787 -0.467164
421 4.47014 17.4853 2.51479
422 10.0093 9.37439 -0.784234
423 27.6987 6.98111 1.90334
424 25.2181 21.8081 -1.06512
425 21.9967 3.78359 1.55532
426 12.8282 22.3972 3.42212
427 17.4305 18.8991 3.99629
428 2.49096 9.55186 -1.61651
429 3.09465 10.9778 3.4783
430 20.65 17.2045 0.786562
431 8.57636 9.19056 0.574554
432 21.0297 33.4526 -0.837609
433 27.6072 25.583 -1.38887
434 3.74915 24.9669 -1.45604
435 26.9258 36.4914 -2.45341
436 0.0913482 27.4819 0.64611
437 10.7086 38.8975 2.66101
438 7.31463 22.5875 4.31114
439 32.3463 20.9567 1.55583
440 27.1326 4.76211 2.38551
441 11.8485 3.39616 1.75293
442 16.535 27.512 1.87109
443 21.0792 17.3445 3.63568
444 9.85649 16.8912 0.375556
445 8.17082 23.9038 0.913479
446 19.4329 6.64952 -0.382069
447 2.06418 7.23523 -3.45112
448 32.0438 30.0777 -0.199239
449 17.8076 17.4791 -0.896859
450 10.8689 19.538 -1.69465
451 36.6605 10.1847 0.269227
452 16.6282 10.6474 -0.690632
453 5.57478 29.8148 2.58337
454 37.5403 5.82935 4.67823
455 31.2633 5.93825 2.0059
456 9.09246 6.33611 3.73701
457 25.8455 19.1364 -1.97658
458 34.142 20.3384 4.38283
459 9.20912 6.71616 -2.6529
460 7.79296 3.48431 -2.64926
461 11.2008 0.308523 1.49285
462 25.4441 18.5142 1.30036
463 3.14077 33.163 0.100919
464 31.4281 19.1365 2.70451
465 31.5001 19.541 3.58393
466 34.256 20.5796 -2.8208
467 5.27897 36.4089 0.548273
468 29.348 34.261 -1.10661
469 16.5888 30.1867 2.70233
470 10.5278 14.8071 0.0202207
471 34.8353 17.3333 2.32015
472 12.4889 13.62 -3.4228
473 13.4607 1.88194 -1.50273
474 4.66429 36.2236 -0.266438
475 31.6422 6.57176 -2.10923
476 19.2864 31.8079 -0.757378
477 16.0185 32.9492 0.955581
478 34.204 20.0325 -3.16836
479 0.33395 28.957 4.06495
480 34.1815 17.5211 3.38474
481 26.2578 1.22122 0.882886
482 7.70911 31.6991 0.733589
483 13.684 32.8485 3.16111
484 10.4822 39.3015 -0.667515
485 5.27183 38.9084 -0.261696
486 18.5425 28.6071 0.343612
487 29.4855 30.4153 0.88229
488 36.3427 5.78717 2.53981
489 19.1326 2.04278 -0.200942
490 4.06026 1.31808 -1.2295
491 15.0814 10.6424 -2.03719
492 22.9225 2.67924 -3.5073
493 3.24363 27.8163 -1.44981
494 8.14738 21.5109 -3.87166
495 31.8293 14.3397 -4.29894
496 32.2306 20.2681 1.39246
497 1.12318 29.2849 2.75178
498 17.5756 18.9175 3.12274
499 10.5755 18.0728 -3.33992
500 6.92912 15.5019 -3.1864
501 27.8998 14.4164 0.0138254
502 39.5524 5.66001 -2.55975
503 16.2453 27.6662 0.586539
504 34.983 34.4686 0.853178
505 6.59373 1.67715 -2.02278
506 30.8564 26.3871 -0.835029
507 21.2398 12.9965 0.0441698
508 1.4488 28.08 -3.32795
509 25.9198 0.946589 0.606277
510 32.6919 1.52799 -0.720043
511 23.3111 30.7984 0.912825
512 37.1482 32.8777 0.00988888
513 17.4741 34.2301 0.854422
514 15.4393 24.9336 -0.244122
515 14.3065 14.9766 -2.4099
516 23.2751 39.6489 -2.22691
517 16.5139 10.8224 2.32997
518 16.8677 13.252 0.137356
519 16.872 15.2988 -3.49068
520 37.8891 9.22016 0.0100032
521 35.3802 28.108 -2.26335
522 23.2694 20.2367 -0.649964
523 12.1638 19.2695 -2.04596
524 3.95808 24.4482 -3.13864
525 7.16832 12.7108 -2.90605
526 2.75149 22.6721 -2.14557
527 14.4939 4.0752 0.0981222
528 22.4827 4.67145 1.98317
529 28.7499 6.03275 0.984557
530 34.6029 8.65915 -2.63942
531 27.5681 10.4596 0.485964
532 22.5279 35.4464 -2.35668
533 24.0195 28.0258 2.45358
534 13.5725 28.4385 1.23671
535 5.13056 3.3838 0.895393
536 32.8358 18.397 -1.52425
537 0.931103 21.2941 -1.23934
538 3.03273 39.5496 4.66197
539 1.99142 6.22688 -0.832885
540 30.1884 27.893 -2.19125
541 26.8532 19.397 -3.01904
542 0.0661198 30.447 1.08882
543 7.94065 14.1909 0.228819
544 7.58473 3.07236 -0.525777
545 16.4474 23.657 1.0046
546 2.84624 33.0306 0.272523
547 7.05684 18.2771 0.619126
548 38.3361 32.4893 0.92078
549 4.01649 24.908 -3.51971
550 6.68317 33.0481 1.59249
551 21.0804 19.8224 0.0180255
552 0.54123 7.78934 -3.61602
553 16.0927 24.9481 0.72511
554 16.6569 6.35883 1.04387
555 36.8829 15.4233 0.241584
556 32.3133 20.0148 0.904426
557 9.14542 24.0034 -0.693738
558 36.3391 0.787266 -0.641674
559 26.2125 31.9102 1.15088
560 29.7405 24.2759 1.77207
561 8.47602 21.9023 -3.55166
562 6.71636 26.4812 -1.27353
563 4.00938 18.5823 -1.10821
564 14.0465 22.711 -1.37305
565 1.42059 17.8154 -0.067222
566 18.4127 31.6029 -3.24073
567 33.959 13.5503 2.18193
568 0.126935 6.99334 -3.95322
569 2.10579 20.395 3.8145
570 5.97939 28.1146 1.38144
571 18.0859 11.7546 -2.02337
572 37.7236 33.1993 -0.558644
573 23.8708 38.8259 -1.41999
574 10.8811 20.8586 -3.60287
575 17.5709 20.439 -2.2996
576 38.915 5.18427 -1.63339
577 22.6731 29.9755 2.15848
578 3.90912 37.0667 1.33005
579 8.15322 9.26406 1.2043
580 7.42061 29.3986 -0.295156
581 5.52154 31.2565 2.4097
582 26.6531 27.5055 0.0247546
583 24.5977 1.40477 3.47202
584 36.9225 10.4562 -2.48335
585 6.93867 22.1388 1.21196
586 24.2348 21.3905 -3.53756
587 31.1546 34.1921 1.68222
588 20.1635 32.1599 -0.554149
589 27.5479 21.7606 -2.06774
590 4.6619 3.87017 1.50668
591 2.04205 21.961 2.19899
592 33.0826 28.1182 -2.44419
593 19.6608 22.7087 -1.31072
594 7.74921 3.08005 -1.11353
595 25.3938 18.7138 -3.06247
596 39.0079 35.1419 2.42383
597 30.2284 9.90861 -3.08616
598 34.3384 12.8868 3.03737
599 13.156 35.021 1.20036
600 7.61868 38.3825 0.309491
601 20.3782 34.5679 3.36747
602 7.70678 18.09 -1.7369
603 18.9311 19.0691 -4.58678
604 33.4177 21.8407 3.59707
605 7.74189 35.772 -1.14147
606 1.98788 28.1404 -2.32925
607 1.52794 8.94061 -2.38104
608 5.00997 3.02324 3.48522
609 26.3432 39.1108 -3.76802
610 33.4099 22.3528 -3.9425
611 2.33166 25.8585 -1.26205
612 19.6427 8.85429 -0.376061
613 22.0679 11.9814 -4.02511
614 38.6233 9.32014 -3.98392
615 33.4798 9.82075 -2.47576
616 33.9783 13.7941 0.737739
617 23.849 31.7178 -1.49469
618 2.12846 0.51382 1.23317
619 27.1632 32.1082 0.676686
620 34.3538 35.2243 3.15244
621 26.2891 17.8904 1.86216
622 11.479 2.50443 -0.333614
623 18.3046 11.0113 -0.175877
624 32.0409 4.04608 3.086
625 18.0807 8.91216 -0.976073
626 5.4569 38.0739 -2.98725
627 3.55813 33.4279 -1.52751
628 20.466 12.2758 -1.86908
629 29.4131 3.2415 3.90967
630 35.7793 31.106 -2.83987
631 28.3963 37.2878 2.10876
632 30.5204 30.3253 -2.3946
633 36.6244 20.9672 -0.421576
634 37.0442 3.55587 1.0413
635 25.7672 27.3645 1.75205
636 19.0696 5.17037 -3.36913
637 1.63667 25.3994 2.98141
638 33.6668 26.2969 2.34193
639 33.2921 6.76923 3.34843
640 5.7661 18.2317 0.0246668
641 22.3225 7.63369 -0.731429
642 20.5452 37.6006 1.26528
643 26.3433 26.8942 1.11635
644 12.1697 5.33502 3.24595
645 4.80826 13.2991 3.36633
646 10.0972 9.00107 0.308085
647 11.6756 16.2459 -3.13653
648 33.4651 34.3432 3.9711
649 21.0003 23.8285 1.16551
650 30.7024 12.4066 -1.23828
651 24.7746 20.3697 -1.67547
652 3.97275 1.65131 0.913941
653 10.3672 2.88843 -1.10204
654 21.785 13.39 2.40475
655 32.9209 36.4565 3.1524
656 10.6085 13.4551 -0.59978
657 21.4971 7.18254 -0.0995535
658 10.0409 26.5823 1.13399
659 32.3793 38.6038 -3.50598
660 25.5913 15.847 2.02288
661 36.614 19.2157 2.08685
662 30.3847 31.8689 0.348338
663 16.9952 21.1705 -1.30177
664 29.0972 14.3206 2.86233
665 32.8746 0.393416 2.79268
666 26.9585 38.666 -2.23304
667 0.693881 33.7407 -0.891001
668 9.19047 33.9336 -1.07206
669 14.988 26.7641 -1.77793
670 37.9538 29.5505 2.87337
671 26.1932 39.6096 3.78986
672 14.3366 32.8035 3.26712
673 36.6143 5.34939 0.761542
674 12.9607 18.8824 -0.103043
675 27.9997 17.3172 -1.04837
676 29.4841 38.2131 0.39741
677 30.0279 17.5339 4.41205
678 29.2622 38.947 0.228273
679 20.4042 21.9651 -0.538328
680 17.2884 27.4393 0.342401
681 14.566 38.9756 2.15955
682 31.4152 38.0012 0.0160575
683 29.5686 21.859 -3.23921
684 11.593 38.5791 1.75415
685 25.8755 26.1376 -2.90328
686 39.8879 2.96201 -3.13741
687 21.4752 10.8589 0.935239
688 30.8689 4.18868 0.479969
689 13.409 37.3819 -0.558703
690 19.6428 29.4511 2.36245
691 15.3487 30.484 -1.45519
692 27.0048 15.0771 1.9553
693 37.7993 18.102 -1.31319
694 28.5013 33.3726 0.36522
695 15.5469 29.2298 0.167328
696 35.4737 28.7753 -1.43162
697 29.7296 8.22053 2.91652
698 34.5211 13.904 1.92322
699 22.0756 20.9927 0.688531
700 3.94706 2.11171 1.09514
701 28.5266 2.41047 0.0628532
702 37.3442 3.9436 0.0531707
703 34.1674 15.1472 0.802032
704 28.5455 29.1708 1.3801
705 2.73265 33.8875 -2.31547
706 34.2925 34.7416 3.57536
707 10.7593 8.10979 3.02314
708 28.6204 17.8744 -0.438238
709 22.8728 7.42935 -0.743716
710 17.6712 29.7961 -0.309156
711 35.1146 28.7396 -2.27354
712 27.8753 14.0902 2.19341
713 36.3944 10.7889 1.16298
714 28.5191 28.6431 0.746065
715 39.8526 5.94604 -4.30942
716 22.1044 35.8887 -2.50801
717 18.08 28.6235 3.07712
718 14.7402 30.0636 2.4251
719 9.17933 36.2561 -0.0318478
720 16.7177 25.7682 2.13518
721 28.0018 34.6734 -1.28429
722 39.6807 4.20165 -3.96358
723 20.2737 38.785 3.3236
724 13.1031 2.9577 -1.02994
725 28.9592 5.14708 -0.985274
726 5.7199 30.3786 1.38035
727 3.89614 27.4451 -2.75676
728 4.56114 10.7961 -3.59989
729 22.1093 35.4323 -3.35681
730 18.4409 8.55237 -3.25282
731 33.8431 19.9612 0.757727
732 24.9457 33.6989 -2.68099
733 33.1181 21.4625 -2.85802
734 22.0322 10.5687 -2.51694
735 19.9175 19.7454 -3.36423
736 21.6668 31.2204 3.2709
737 33.1356 31.005 2.60957
738 16.4406 9.66907 2.54089
739 12.8054 30.3997 -0.195195
740 0.17616 17.1988 -0.301373
741 7.86626 32.0714 0.0812539
742 23.6708 14.3175 -0.539063
743 21.2168 24.8946 1.62449
744 34.7158 21.831 -3.27479
745 18.7549 32.5905 -3.5062
746 13.8718 11.8919 -3.50882
747 17.3685 25.9139 3.36071
748 14.4406 26.4651 -2.05467
749 4.02497 3.04539 2.02766
750 6.59218 31.5715 -0.614721
751 9.44474 39.3613 -0.405493
752 34.8835 14.3375 4.45067
753 7.79342 21.4824 -2.37356
754 29.0244 23.901 3.0108
755 22.2184 7.3756 1.01553
756 39.6776 7.58925 -3.31131
757 14.2117 20.9085 -1.24737
758 33.8223 21.6549 4.30184
759 9.46196 29.1965 4.53721
760 33.4535 1.6573 -0.795582
761 12.1259 16.2009 -1.23451
762 21.8015 24.6705 -0.663531
763 15.0845 1.10316 0.904102
764 27.0447 3.55594 0.72828
765 27.1913 28.0555 2.4803
766 9.1809 16.6658 1.5808
767 32.5806 14.151 -2.66116
768 8.08142 18.0853 -0.841559
769 19.6908 28.8333 0.16758
770 11.1076 23.6866 2.12055
771 3.74529 23.37 4.81147
772 15.6172 34.0508 -4.77984
773 38.6071 31.4896 -1.78444
774 37.358 37.9115 0.686891
775 14.641 11.6686 -0.835786
776 11.844 19.857 -1.39254
777 5.42349 20.627 -0.53859
778 30.2196 26.5657 0.571123
779 17.7956 1.57173 -0.539613
780 3.54822 1.84113 -0.260735
781 30.8983 5.35491 2.31692
782 10.5896 7.6232 2.29881
783 15.3733 6.70863 -2.38519
784 29.5603 3.26417 2.16346
785 26.1388 19.2282 -2.33025
786 6.92543 24.3196 1.26762
787 31.8939 39.5585 -0.487522
788 3.44113 33.815 -1.07613
789 38.3312 12.1124 2.63985
790 10.6659 28.3632 2.66733
791 14.3531 18.8046 2.12961
792 10.7044 27.7411 1.38385
793 27.0027 2.54861 0.481294
794 21.3485 23.991 2.35273
795 8.56927 9.1974 3.08371
796 17.5516 25.6647 2.49491
797 3.42269 29.1807 -3.8294
798 27.8269 7.23687 2.90749
799 24.8323 0.498048 2.75457
800 29.72 9.71492 -1.2949
801 21.9454 15.5255 2.8917
802 34.8157 17.3079 2.82575
803 8.82316 1.88401 1.63307
804 6.47226 16.4881 -1.43946
805 6.54335 22.4742 3.78804
806 15.5111 25.1559 1.49777
807 22.8185 8.44062 0.504608
808 24.1007 20.69 -2.11654
809 20.7225 11.3788 -0.0960601
810 15.5842 39.2385 1.72198
811 14.2853 27.1252 -1.43382
812 9.69596 0.134713 0.850919
813 4.70107 6.66949 2.45509
814 25.9935 0.0210334 0.731042
815 34.2201 21.5746 -2.78027
816 19.5877 35.297 1.65784
817 16.3006 36.6558 -0.801055
818 6.57329 14.7503 -3.24859
819 23.1684 4.63329 -1.29056
820 35.3254 0.280396 -1.19863
821 16.2953 10.1399 2.25546
822 8.53029 6.04623 -1.19592
823 29.0854 1.44671 2.67102
824 36.8138 18.7281 -2.30579
825 36.0821 29.1682 -3.52182
826 3.92875 18.2361 0.35564
827 0.858677 14.3128 -1.40047
828 20.3822 14.3803 0.880532
829 16.4224 32.655 0.498705
830 14.8159 26.583 -0.361838
831 9.59005 39.4361 1.51572
832 27.7108 30.623 1.39577
833 14.368 12.3369 -2.19817
834 18.0706 8.90299 2.16761
835 3.64222 27.2996 -2.48261
836 21.2931 28.9375 -1.63779
837 32.6984 29.6017 0.466195
838 23.0462 5.0528 -3.55563
839 3.55354 24.1842 -1.32175
840 24.8783 11.0018 2.26184
841 31.8504 36.3425 3.04727
842 19.6918 30.2129 2.84521
843 8.70352 2.65862 0.164618
844 6.54364 23.6877 3.41301
845 2.71411 26.8431 -3.46068
846 16.6303 32.4798 0.350574
847 3.87986 22.4493 -2.38264
848 24.6166 19.8413 0.0920949
849 15.0116 13.0077 -1.64468
850 5.7195 32.2525 2.64049
851 2.29862 38.2069 1.44388
852 24.9121 31.1198 -2.90825
853 26.6026 25.2761 -1.21737
854 0.0169519 30.6004 -1.17987
855 16.9402 1.72165 -0.144878
856 16.0508 35.7998 0.8004
857 10.8766 16.4841 -3.2235
858 3.94765 25.1496 -2.31065
859 15.8247 38.1724 1.45453
860 36.9096 21.0238 1.63287
861 3.65132 18.3174 -0.115972
862 39.4455 35.2467 2.10348
863 13.8878 13.0669 0.472714
864 24.0054 10.5985 2.34245
865 30.7628 30.9196 -4.38556
866 25.5668 0.568656 1.91205
867 22.0023 36.9721 -0.17764
868 30.6953 27.4229 0.533922
869 38.9415 16.0085 -0.849095
870 3.78631 4.20234 1.26165
871 17.0622 24.9242 3.46126
872 26.6886 25.7641 -1.82418
873 18.9256 20.2935 4.85307
874 35.5635 13.7383 -3.32592
875 37.7084 12.6429 -0.830717
876 0.178937 12.5628 0.0630795
877 39.7704 0.389944 -2.07249
878 3.43002 0.764369 0.463496
879 6.18708 32.0298 1.32702
880 2.02098 19.6722 1.18138
881 4.08933 24.8222 -4.19615
882 23.85 5.088 -0.883589
883 37.8164 24.2895 -2.99462
884 8.55651 18.6522 0.245743
885 12.2385 12.1104 3.08211
886 15.2795 23.6578 -1.1465
887 39.9558 23.5129 0.0943802
888 0.682607 29.0807 3.56071
889 7.33474 10.4227 0.290884
890 17.9258 16.7156 1.99416
891 20.5568 19.7038 -2.79791
892 22.8069 5.32065 -1.29332
893 31.9345 29.3818 -2.80514
894 32.3637 32.0555 -0.339927
895 34.1461 15.8203 0.0650537
896 20.3906 2.41805 0.813855
897 39.8958 10.3508 2.79697
898 21.0087 17.8147 3.43633
899 7.40213 24.1169 0.407351
900 14.1576 6.59235 0.89087
901 2.44695 39.244 -4.18423
902 38.952 30.5922 -1.16218
903 7.24313 36.804 -2.26475
904 20.7792 1.7075 2.71075
905 22.9476 31.9099 -1.26622
906 24.276 24.4407 -3.66851
907 16.5211 30.5268 1.71015
908 33.1361 31.5231 1.46216
909 17.9985 8.38017 2.22389
910 33.5632 20.0567 4.03521
911 30.3916 28.4267 -1.87535
912 27.2849 22.9379 -1.09454
913 39.6072 26.9654 2.53939
914 3.20733 25.61 -1.56158
915 35.0344 34.5371 2.73707
916 25.6082 19.246 3.77377
917 6.7142 26.9858 -2.09808
918 3.9777 2.40037 1.23228
919 30.4185 16.7175 0.70074
920 9.1047 20.0532 2.15012
921 33.4337 20.6212 1.20749
922 22.1952 14.0364 -2.66638
923 14.667 29.3118 1.09375
924 29.8225 33.9341 -2.21845
925 20.9531 35.2768 2.55746
926 26.9859 33.1943 -0.209937
927 5.40814 31.1634 -0.18702
928 33.763 3.7952 -0.709647
929 37.324 30.6768 1.98059
930 13.358 5.94112 3.08674
931 17.542 19.9633 -2.06874
932 5.31653 24.6381 -1.65254
933 11.0217 6.81735 2.51888
934 30.7112 28.8637 -1.05209
935 5.81605 5.49997 -0.866726
936 15.553 23.8878 -1.78748
937 13.1083 1.02326 2.4858
938 23.261 21.2304 -2.72789
939 23.6248 5.84299 -2.52965
940 19.8072 18.3184 1.64456
941 19.72 19.0653 -2.43419
942 8.49443 14.1816 4.16608
943 8.80748 2.67673 -0.442367
944 39.6139 33.1126 -2.19998
945 4.45798 1.81209 0.0654222
946 20.2637 22.4199 -1.78819
947 22.197 5.82682 2.14351
948 11.2801 1.22793 -0.561615
949 1.92296 14.9925 1.73349
950 32.4486 27.2029 -0.745417
951 13.3489 4.43726 -1.85724
952 15.1583 12.7935 -0.072777
953 30.3829 18.3604 2.16555
954 4.79395 0.677389 -0.232498
955 0.682541 9.20469 -2.82784
956 27.7057 7.8537 3.24933
957 31.8886 21.0577 4.63137
958 6.5103 32.323 -1.26757
959 27.0758 0.959824 2.28422
960 4.03987 1.65716 0.249835
961 2.60268 28.0684 -2.30953
962 12.7273 34.6154 4.03612
963 18.7958 35.4801 0.204414
964 3.10726 2.86152 0.787049
965 34.7188 26.5571 3.55705
966 11.1819 20.6347 -3.54111
967 23.0104 39.8611 -0.671375
968 32.2761 24.4211 3.21555
969 15.8006 4.10753 1.38813
970 30.6712 35.7721 1.12492
971 29.1082 14.6913 2.63375
972 12.9469 19.2872 -0.403271
973 14.5572 24.5437 -1.50106
974 29.1579 15.4076 2.18167
975 15.3232 23.0831 -0.373253
976 2.88384 4.89183 -1.0112
977 4.28688 36.8928 1.25636
978 13.1517 28.0473 1.30077
979 2.98275 37.3956 -0.168991
980 35.4275 12.9403 1.11525
981 8.48502 18.1915 -0.808051
982 36.6409 6.19275 3.58346
983 26.103 14.2146 -1.18294
984 9.34902 36.3781 3.27673
985 7.22667 23.0264 2.22181
986 26.2856 15.3858 3.35677
987 8.31678 10.1905 1.90975
988 1.3897 27.2674 -0.934066
989 24.8225 32.4545 -2.85992
990 25.1894 18.7068 2.19599
991 11.5062 22.5975 4.34415
992 0.411409 15.7353 -2.22539
993 14.2844 24.3793 -1.07011
994 22.7048 22.7399 2.92137
995 14.864 24.0436 0.182331
996 33.9306 19.4644 -2.13539
997 34.9054 15.0256 3.04916
998 39.1854 36.8347 2.25215
999 33.5227 22.4315 2.7634
