1000
Particles
0 4.40911 30.3523 2.10859
1 31.5323 28.3113 0.929143
2 16.7773 5.00888 2.02064
3 7.39038 34.392 -0.896115
4 19.133 20.7578 -0.598156
5 16.38 10.022 1.05457
6 29.4205 37.1179 -0.43007
7 33.3564 23.0361 -0.577469
8 9.5727 19.9717 -0.674171
9 39.5754 20.9748 -0.771807
10 22.2647 1.12187 -0.343812
11 4.93063 29.99 -1.24975
12 30.9849 33.4658 -3.13531
13 10.9176 5.44352 -2.23277
14 29.7472 29.5039 0.183956
15 16.0575 26.049 -0.62864
16 26.9011 31.1669 -1.51776
17 33.4036 19.5917 -3.32638
18 33.8131 15.9034 2.4945
19 14.1051 26.4623 -0.703788
20 1.72953 8.34565 -1.374
21 39.2126 6.65287 1.72692
22 6.22102 8.45951 -1.42201
23 35.2413 21.2971 3.43523
24 36.2301 10.3445 3.0371
25 2.55459 30.0681 -0.52258
26 18.5322 32.9216 0.874998
27 13.4764 10.7611 -0.508099
28 9.15335 30.48 -1.01762
29 30.1302 39.9789 0.0422153
30 13.6465 18.5459 -1.52698
31 8.72953 13.6003 -4.03842
32 24.7872 3.98982 -0.115439
33 12.0759 34.1234 2.06451
34 27.3176 28.8279 -1.99157
35 22.2559 9.78649 1.50631
36 13.4644 3.37236 3.09282
37 38.32 29.7978 0.743974
38 29.2256 0.762685 -0.294897
39 37.5461 18.791 -3.70865
40 1.36446 33.6659 0.527081
41 12.3772 14.081 -1.67228
42 36.7543 18.3626 -1.7266
43 20.269 29.4393 -2.43366
44 25.9413 28.0702 -3.36833
45 6.45327 23.0574 3.4967
46 1.04077 5.37309 -0.752871
47 26.8015 11.1936 0.195774
48 6.23028 32.9549 2.61423
49 7.82531 33.5568 -0.260777
50 2.67611 35.6979 -0.428085
51 28.1458 39.5857 0.177584
52 28.3091 9.25929 3.22789
53 15.0636 3.12748 1.26098
54 25.9574 19.6069 -0.846338
55 6.16052 14.4109 4.10317
56 18.0405 13.2976 3.62168
57 10.6927 34.5186 -0.850082
58 31.1552 22.2931 -2.13875
59 7.25046 31.7847 1.91322
60 6.52943 21.4951 -0.759866
61 14.7517 31.9173 0.885798
62 0.0903231 4.0541 3.00791
63 7.88209 13.3483 -2.23962
64 32.8359 25.9107 -3.47898
65 5.30476 37.5727 0.19326
66 1.48638 20.7838 1.68673
67 28.4487 23.074 -3.39009
68 3.17456 5.95233 -0.915986
69 16.0235 37.3208 -1.66672
70 9.98587 5.93561 -3.57917
71 20.2218 17.282 -3.75661
72 4.88141 8.09087 1.84528
73 21.2443 27.0365 0.911383
74 6.69899 9.50813 -1.20653
75 32.6901 34.983 2.14976
76 27.8143 7.22142 2.55068
77 7.17396 25.1528 0.601915
78 4.70171 37.9881 -1.57353
79 1.5679 36.4454 -4.22185
80 31.9152 14.354 2.01341
81 6.06041 35.9828 1.93219
82 15.0296 14.2294 0.460318
83 14.1437 28.9635 -1.49188
84 24.4989 7.74906 -2.49857
85 2.71123 20.5168 0.0153309
86 19.5215 12.856 -1.01732
87 24.2716 33.905 0.531532
88 6.10404 0.0351031 -3.57343
89 7.67316 0.850055 -1.41259
90 1.11952 35.7002 -1.96022
91 27.821 14.3513 -0.813353
92 21.6801 29.8888 -0.418071
93 10.3812 3.25154 -1.38204
94 17.6457 24.1612 4.06721
95 17.0062 2.75779 0.753352
96 9.33701 34.7238 0.544317
97 12.3544 38.7739 -1.49604
98 3.34592 22.4434 -0.360497
99 11.4143 8.6189 -1.52954
100 30.765 22.3037 -0.108736
101 22.6132 25.626 2.59778
102 21.6811 37.141 1.47628
103 14.8706 38.8296 -2.38812
104 23.8583 6.11991 -1.91182
105 10.9583 37.325 -2.71812
106 36.4739 18.6163 0.0499461
107 22.5921 20.9063 -0.805796
108 34.7259 23.7233 -3.06188
109 39.7422 33.3215 -1.95132
110 2.47748 35.5551 -0.948126
111 35.7464 33.3196 -3.75168
112 32.6267 0.345864 -1.97856
113 34.903 33.1185 3.98365
114 31.6455 24.8253 1.37667
115 28.1508 19.7843 2.41352
116 20.4591 31.4338 -0.205456
117 31.2613 29.3112 -0.0905108
118 23.3417 8.01106 -1.88711
119 33.401 11.3246 -2.40892
120 20.6534 28.5639 -0.805288
121 21.8456 16.1085 2.57157
122 34.2629 25.1756 3.20137
123 6.29227 24.3398 -4.59273
124 10.4202 37.3771 -1.76437
125 25.0724 37.656 2.13246
126 31.7301 32.424 -1.07454
127 37.2047 4.93916 -0.508303
128 32.629 0.31096 -4.15452
129 6.10526 15.685 0.298056
130 25.7857 9.20424 0.484095
131 24.0197 27.8983 3.56979
132 19.4484 39.004 1.56044
133 0.702807 37.0352 3.06665
134 11.1739 34.3454 0.90654
135 13.4808 1.45673 -1.34921
136 25.0206 7.40245 1.77685
137 22.6807 22.679 -2.08689
138 5.68179 16.2347 1.82863
139 17.8461 38.844 -0.294322
140 29.5569 0.138814 -0.165385
141 28.1218 39.7622 1.32951
142 19.8346 14.473 2.18389
143 14.3131 21.6338 -1.76172
144 3.0522 33.0552 -2.56299
145 24.0518 23.6035 0.93632
146 29.4979 13.8524 0.24948
147 37.3117 34.6547 -1.25486
148 31.5601 9.83466 1.99559
149 8.98018 12.9867 3.38669
150 14.0326 29.9403 -0.684656
151 32.8994 4.44632 -3.82628
152 15.894 15.311 -0.511997
153 18.1089 6.95938 -3.13206
154 25.8132 38.4303 3.15625
155 38.9352 26.9808 1.78839
156 36.9165 26.1537 -0.776749
157 14.7273 3.34947 1.05562
158 13.2741 38.8713 -0.962291
159 22.5215 30.534 0.159113
160 4.11885 16.5667 -1.17189
161 11.8733 26.6058 1.20315
162 28.3454 27.378 1.05982
163 9.03582 12.5765 2.23472
164 18.7666 8.94333 -0.984417
165 30.8725 8.73904 1.95123
166 35.9413 4.17941 -0.831023
167 7.57514 34.8282 1.02734
168 33.6679 23.8416 -1.70279
169 0.494787 2.96444 0.143412
170 36.3762 34.2118 -3.3454
171 24.2917 32.9286 -1.50558
172 2.95813 19.5959 0.302999
173 27.0317 30.9367 -3.53613
174 21.9133 8.73991 -0.00323338
175 2.87528 6.0092 1.02201
176 20.7571 21.1923 3.04919
177 14.8663 2.05609 1.84375
178 30.7249 24.9305 1.93089
179 21.0604 14.516 0.192694
180 13.3921 5.16692 3.79256
181 10.1036 28.8203 -0.13714
182 13.6697 24.1653 1.96535
183 39.3835 16.0534 2.55844
184 2.14009 0.192312 2.94717
185 4.61891 8.18663 -0.315186
186 21.1638 35.3182 -1.35607
187 1.48745 7.15821 2.78651
188 15.6491 15.1169 -2.09581
189 5.31312 23.6139 -4.33359
190 21.5651 18.6286 3.86847
191 13.1497 32.9891 4.47056
192 34.8013 1.66069 -3.15309
193 21.3486 26.459 2.9371
194 18.5394 21.0146 1.10382
195 5.73463 15.4611 3.55067
196 28.3844 39.2097 2.20464
197 10.8595 35.9129 -2.24469
198 30.6928 21.1679 -0.396549
199 18.4094 12.2824 1.73256
200 36.0763 39.6715 -0.724855
201 1.1436 15.1136 -3.06632
202 10.6046 21.244 0.32213
203 19.9615 18.1655 2.38045
204 32.1416 31.9136 0.377762
205 2.8988 31.4194 -4.00388
206 14.1588 1.89313 2.36925
207 36.6592 1.49033 2.58398
208 33.0992 18.3342 -3.23499
209 9.44146 38.6034 0.3378
210 19.4883 21.4287 0.0656866
211 36.3769 18.6699 0.994867
212 32.6197 33.8312 0.450608
213 36.9885 4.27859 0.754723
214 27.2914 19.0053 -4.71049
215 1.02503 17.8488 1.23788
216 35.9949 27.3924 -3.3174
217 7.70583 9.40817 3.25218
218 10.1768 13.7734 2.36465
219 25.6593 38.4576 4.07704
220 11.5446 3.90734 2.99809
221 22.9098 16.4743 -0.667711
222 38.1947 30.4825 -1.08219
223 16.7094 28.1812 -2.38759
224 4.08381 26.6572 -2.31684
225 35.1069 5.52488 3.55819
226 28.929 15.964 -1.59061
227 6.0515 8.5224 -1.5215
228 13.6317 3.29317 1.51519
229 38.4671 23.1294 0.320173
230 34.4973 1.65865 -2.10906
231 17.0333 31.8195 -1.1117
232 31.7937 36.5707 3.5634
233 34.2753 8.98247 -1.26906
234 1.18869 5.96592 1.31014
235 38.8979 11.5346 2.13448
236 21.5459 4.26072 0.708343
237 15.951 23.7131 1.42497
238 10.5696 10.2863 0.785593
239 33.7811 16.139 3.50288
240 15.6008 15.9086 -0.394209
241 3.58734 25.5426 -2.93898
242 33.7698 38.5028 -3.84601
243 32.1611 38.7253 -1.31872
244 6.19184 8.8763 -0.272137
245 17.2611 37.6669 -1.86757
246 29.4486 1.8549 0.458121
247 0.564294 36.9374 -1.34124
248 5.5616 25.7947 0.451015
249 7.13193 0.157055 -0.927851
250 22.5922 7.33332 -1.17607
251 33.7589 1.78072 -3.38255
252 27.0249 17.8867 1.76278
253 31.5619 13.95 1.55282
254 6.73236 36.7181 0.164927
255 28.1934 24.2717 2.34626
256 5.60742 1.60838 3.6781
257 30.111 18.4403 3.50375
258 25.7433 5.46263 -0.989532
259 36.1608 15.9066 -0.0964092
260 0.646719 4.02718 0.771651
261 32.0415 25.8158 -2.37293
262 29.2859 39.1853 -0.956391
263 6.46997 39.2488 -2.43033
264 10.8391 22.6286 0.176928
265 39.7703 29.6361 -0.57428
266 36.8372 12.7979 0.00646319
267 9.48539 22.7905 -0.773725
268 16.1588 17.0545 0.621748
269 29.3098 39.8653 0.968191
270 34.8679 11.1206 0.99399
271 36.5772 10.2514 0.505368
272 19.7599 18.7057 -1.50463
273 30.8866 36.3599 -0.209556
274 13.493 0.847905 -0.97686
275 13.6189 28.3167 0.654553
276 31.8066 20.2298 0.46375
277 4.22446 16.5698 -0.1282
278 4.19405 12.1124 2.35707
279 19.0238 32.4813 0.75631
280 6.46439 26.1848 -2.37991
281 23.9219 20.0874 2.79501
282 7.01121 16.7948 -0.176769
283 24.8431 37.1567 3.67084
284 32.0296 20.0812 1.02946
285 4.09192 32.4475 -1.2304
286 36.211 3.78045 0.379181
287 19.8107 15.4349 0.703186
288 1.63308 39.5911 3.0912
289 11.0755 35.6903 -1.0222
290 29.3368 28.1723 0.183846
291 12.969 1.10687 -3.38988
292 32.068 20.4583 -0.808644
293 15.9288 6.20175 1.45258
294 25.1912 25.39 -2.57521
295 17.3493 15.4868 1.00953
296 22.0876 27.2455 2.53164
297 0.266996 34.0431 -0.688592
298 19.1239 0.41521 -1.12957
299 17.4792 31.594 -0.914883
300 21.4871 18.6682 3.79655
301 27.3299 27.3352 -0.876652
302 22.7388 35.4702 -1.66913
303 38.9436 15.8407 2.70211
304 7.43609 34.0286 2.43427
305 38.9856 18.7659 -2.53514
306 21.663 14.1889 0.151998
307 11.0699 19.9939 0.33249
308 5.96949 25.586 -2.66431
309 18.9729 36.7099 -0.581302
310 17.8437 23.3278 3.99818
311 22.8845 18.9459 2.90298
312 39.424 29.4609 -2.12314
313 23.4709 4.11559 -0.00369343
314 17.1511 0.580095 2.88543
315 6.47459 36.6921 2.39433
316 36.2562 37.5305 2.43192
317 18.7227 26.8368 3.01911
318 26.4061 31.2218 -1.90127
319 9.49849 11.7534 1.72602
320 10.5155 18.0806 -0.521934
321 23.754 8.05382 -2.00335
322 0.980722 33.6957 0.148081
323 1.93934 37.5063 4.34898
324 24.4437 18.5147 -0.719361
325 15.5481 27.9504 0.0660487
326 10.7804 13.0459 1.01558
327 12.0184 34.0822 0.668496
328 17.3207 35.2906 -1.90351
329 9.77278 20.1261 -1.62604
330 33.3941 15.1694 -3.4159
331 24.6987 2.36491 2.93094
332 35.3596 2.57605 -0.212198
333 32.3577 23.2519 0.193868
334 15.7055 9.13929 2.6866
335 3.98078 0.443576 -1.55478
336 21.1956 8.4966 0.284635
337 7.82783 21.3769 1.09916
338 20.9487 19.9939 -2.61651
339 37.7264 32.5769 -2.36385
340 16.587 19.1997 1.79394
341 28.3011 28.5833 1.2396
342 14.5879 14.1783 -0.5271
343 8.28983 13.95 -2.46272
344 11.26 4.13545 2.06758
345 38.1064 29.874 0.952183
346 19.1723 15.7096 -1.15804
347 6.82875 36.7058 -0.140166
348 9.9935 22.2873 2.59924
349 17.7291 22.1074 -0.314911
350 12.5367 13.212 -4.15645
351 36.3815 25.7308 0.996135
352 30.1973 25.4129 2.15296
353 20.2312 17.3275 -3.38953
354 6.31036 39.0205 -1.06233
355 18.6355 20.0773 -1.89441
356 37.832 2.03358 0.605417
357 11.898 14.6924 -3.60008
358 10.7601 14.8484 1.29988
359 25.7641 30.5503 0.80793
360 30.9989 21.1523 -0.449629
361 31.0526 33.0848 0.162472
362 35.9543 25.0892 3.56975
363 36.1105 9.21224 2.57783
364 9.78122 9.65462 1.12965
365 2.99698 35.6957 -3.11602
366 10.9439 3.37773 -1.29011
367 10.4755 37.6644 -3.56374
368 19.783 13.6895 2.57306
369 12.4558 9.03728 -0.118952
370 20.292 31.038 1.13581
371 26.9274 17.2539 2.11221
372 22.7866 29.7355 -3.67905
373 18.9313 16.7271 1.3801
374 9.1884 9.02521 3.07731
375 8.20543 12.8103 3.84426
376 39.1841 30.2761 -2.83819
377 39.0645 5.54288 2.08959
378 13.6649 5.42618 2.12063
379 2.6344 34.8077 2.52177
380 32.9407 31.2505 -0.151035
381 14.2555 38.3184 -0.592884
382 3.02714 14.3615 4.47143
383 21.2817 35.4389 -3.15932
384 30.3816 10.1583 -0.335138
385 17.4649 28.307 1.12875
386 26.1835 8.36804 0.319336
387 33.9626 38.1058 2.11578
388 31.0075 31.8485 -1.88522
389 11.8018 5.07319 0.236471
390 27.3484 11.8261 4.00373
391 7.90557 14.6591 -3.38327
392 22.9031 16.6132 -2.28453
393 19.0509 38.1734 2.71565
394 24.9434 7.99529 -1.43032
395 37.4836 12.7818 2.78691
396 8.33544 35.4215 -1.62079
397 5.52366 13.4356 3.08974
398 32.8453 37.7695 -1.46743
399 32.9766 12.7085 -1.2051
400 1.77834 1.07105 0.830176
401 29.7213 27.9438 -0.589707
402 32.6002 11.3983 -1.5928
403 6.04731 28.8841 2.75354
404 24.2874 33.0853 -1.06944
405 0.424073 22.6022 -0.449804
406 20.1062 7.99618 -2.61509
407 37.0918 9.82415 -0.517543
408 12.263 6.69562 2.70661
409 26.9737 5.57464 1.26984
410 20.5872 25.3355 -0.261496
411 18.2746 30.7315 -2.29228
412 39.9571 39.5555 -2.65848
413 5.94226 14.3632 2.95624
414 9.24615 4.85759 -2.16749
415 10.8819 23.9566 2.22115
416 10.3986 34.3989 -0.165421
417 2.37426 39.9541 -1.40167
418 27.3984 23.7466 0.0807708
419 20.494 14.2027 3.15997
420 27.9786 1.89943 -1.11242
421 4.92511 12.9655 4.08894
422 11.0309 17.4657 -1.29217
423 36.3175 3.78901 -1.60932
424 21.7746 19.0712 -0.0890707
425 18.1048 5.09167 1.26602
426 10.6201 20.1584 0.452662
427 20.9724 26.9803 3.81379
428 11.6483 6.13305 -0.895528
429 38.9057 6.92276 1.1594
430 10.8349 15.1217 1.45957
431 9.27132 11.683 1.98861
432 14.8779 34.0905 1.12854
433 23.9456 22.3955 0.973193
434 17.3411 20.9642 -0.97508
435 38.1278 32.1418 -1.19
436 0.356297 31.5056 2.30055
437 11.9643 2.03053 -0.394189
438 1.15252 34.1065 3.14046
439 36.3591 17.7244 0.189853
440 22.8848 7.72433 -0.474328
441 12.4084 0.460674 -4.55108
442 12.348 14.1648 -2.31155
443 20.3185 18.833 -3.38967
444 17.7688 21.9507 1.19368
445 11.3876 21.847 -0.332416
446 18.1627 7.79918 3.0551
447 12.5376 3.46554 2.62645
448 30.5541 21.8747 -2.74521
449 17.8391 15.093 -0.996839
450 0.41105 15.4383 1.20057
451 32.5177 15.6219 2.141
452 8.76395 13.7838 -1.83457
453 7.75755 21.8052 -0.557433
454 36.3096 9.6077 1.70056
455 31.6568 37.9881 -2.57941
456 8.54122 13.0247 1.87684
457 24.5344 10.4444 -2.67669
458 26.3797 16.5053 1.26219
459 13.913 38.1312 0.74794
460 2.81674 37.526 2.42662
461 6.73436 39.9401 -4.97613
462 20.1718 20.1758 -2.62216
463 7.51129 32.1235 0.0341733
464 30.7857 29.1318 0.138036
465 24.1814 10.0703 -3.98462
466 35.9359 27.5592 -2.43704
467 12.0728 34.6038 1.18789
468 17.2085 35.3523 -0.14113
469 26.0971 37.8111 4.21838
470 10.299 20.0203 -1.03916
471 35.7774 26.4622 -0.0615325
472 16.7944 1.16574 2.04606
473 13.1081 33.4808 3.00589
474 10.2616 37.5116 -0.898932
475 35.0315 1.75836 -1.2248
476 12.5046 17.9501 -1.8927
477 8.85115 36.2651 0.254953
478 28.7916 29.225 1.38621
479 1.15228 31.8306 0.442946
480 36.5115 18.2367 1.41389
481 28.9098 1.40128 -1.03538
482 10.2648 33.7001 2.10073
483 6.00821 33.7476 0.0539731
484 19.8167 34.7313 1.53969
485 7.21669 37.7975 1.92064
486 19.4241 26.8326 1.49555
487 32.2379 33.9715 -2.37629
488 0.0757152 4.88927 -1.09885
489 25.5811 39.5692 0.985697
490 4.89356 7.53194 1.16495
491 20.5108 14.8325 2.69556
492 20.0625 37.2757 1.359
493 3.29257 26.8339 -2.38402
494 9.22984 13.8304 -1.17512
495 34.0853 8.3263 -3.39691
496 21.8183 27.3919 0.991683
497 10.5291 37.4034 -1.44043
498 19.078 16.8794 0.0956849
499 11.5568 18.6484 0.029672
500 7.47869 11.7136 3.44068
501 32.3401 11.3436 -1.32556
502 2.96371 4.27625 0.875314
503 22.6717 19.6258 1.09354
504 5.33016 1.25167 -4.30139
505 6.82858 9.48467 -2.07525
506 27.563 24.1475 1.88005
507 22.331 9.97918 1.86272
508 10.4275 29.6032 0.00570225
509 16.8667 38.9082 -3.26624
510 26.159 11.0773 2.29091
511 21.7008 34.7359 -3.35774
512 30.7341 24.3927 3.31101
513 18.6612 21.4201 1.07001
514 3.56898 29.7922 2.18232
515 16.4227 15.0129 -1.34393
516 17.7652 38.9489 -1.77991
517 12.5199 17.5382 -3.01574
518 5.06361 6.63787 1.0825
519 21.4243 19.4662 1.76836
520 39.915 0.364163 -2.40392
521 36.5015 34.1242 -3.01999
522 28.5505 21.5039 -0.87621
523 10.7497 20.7756 -0.849017
524 15.7898 24.6845 1.35335
525 8.07387 11.7808 3.09987
526 11.7576 26.9103 1.64196
527 10.6144 38.4837 -2.64791
528 21.818 5.65761 3.26937
529 32.998 38.5113 -2.29817
530 32.5536 16.4318 -0.248536
531 28.8027 39.9349 -0.424069
532 21.847 37.2884 3.20936
533 10.2096 35.3515 -0.422633
534 7.97146 21.8379 -0.725035
535 34.373 1.79297 -2.69779
536 34.8322 15.7359 1.47008
537 4.54151 29.4755 -0.646832
538 12.9247 1.51225 -1.19823
539 16.0336 9.01624 3.1186
540 34.2897 16.891 3.09413
541 19.8264 20.7768 2.93606
542 30.9858 33.5692 -3.14978
543 8.05206 14.9189 -2.98794
544 35.0235 34.726 4.12973
545 10.3439 26.2422 -1.75708
546 39.1408 0.349524 0.0875314
547 3.74039 8.54723 -1.91936
548 38.4854 38.2993 -0.481671
549 0.523189 31.8377 -0.134735
550 3.65439 26.6199 -1.371
551 24.668 9.04811 -0.49261
552 11.0838 4.24029 0.75148
553 9.21348 32.3983 2.25842
554 13.1852 6.64508 0.282965
555 33.7084 8.62765 -2.08309
556 36.9149 18.2884 -1.45578
557 8.94402 13.9377 -1.80062
558 29.5411 0.317118 -1.15102
559 30.4636 28.7795 -1.12165
560 31.74 21.7292 1.83101
561 0.682341 32.9925 2.25271
562 10.5924 23.7909 0.411716
563 6.15124 11.9163 0.553784
564 11.1683 28.2551 -3.42548
565 2.83728 19.6385 -0.25399
566 12.0983 34.861 -0.222656
567 25.6474 12.8188 1.87835
568 3.05805 2.33939 1.21707
569 28.7262 29.0753 2.14316
570 0.645338 31.0172 -0.13773
571 12.5281 13.2205 -3.37622
572 33.1733 28.97 0.49385
573 22.8627 30.2373 -0.0415227
574 15.0423 24.968 2.34717
575 18.5271 17.0222 1.5408
576 2.98572 2.84007 1.98958
577 26.1175 33.9123 -3.00176
578 10.6322 35.2155 -2.63372
579 14.0752 11.3295 1.3831
580 9.26927 27.3762 -1.76644
581 7.76495 25.0057 0.317864
582 23.4033 16.4605 -0.948985
583 20.5844 31.7078 -3.0573
584 38.3946 11.681 0.980604
585 3.91524 26.7861 -2.41096
586 21.2242 19.4975 -1.82405
587 28.7798 38.9979 0.79689
588 20.3311 32.6257 -3.37364
589 25.3653 9.95189 0.0698617
590 1.79976 6.68616 0.999625
591 12.5481 26.2282 0.68929
592 28.7988 28.5519 3.22962
593 7.91781 24.7048 -1.16492
594 3.12423 4.03346 3.46676
595 34.6903 25.1995 3.57406
596 38.4022 39.765 -2.75215
597 31.1242 11.9732 -1.63886
598 38.7392 14.254 0.0805277
599 6.07404 32.678 1.4728
600 2.11686 37.416 -2.61306
601 22.0553 37.0062 1.54323
602 18.792 22.1997 0.214747
603 17.0361 5.77581 1.60796
604 31.4857 32.3951 -2.20066
605 11.3209 25.575 1.66552
606 37.7454 29.4421 2.71722
607 39.2628 11.536 1.27626
608 4.71644 3.89522 -0.817649
609 25.1205 4.11922 -0.365901
610 31.908 25.6563 -2.06922
611 39.7991 24.2529 -3.71099
612 21.6792 10.4725 -1.53879
613 18.9925 14.2029 -0.140167
614 33.7656 0.300443 -1.71934
615 32.5946 9.95121 0.758816
616 34.0829 23.9608 -1.62797
617 26.3127 24.9247 0.469376
618 5.86166 38.8497 -2.69295
619 19.752 33.267 1.24045
620 36.5025 3.48496 -1.81242
621 25.5996 20.0089 -0.511478
622 25.9024 8.31575 -0.16241
623 20.9353 18.2573 -1.32671
624 35.3907 5.06733 2.94057
625 11.5194 8.72536 0.324102
626 6.32595 37.5727 1.255
627 2.49183 34.8945 -2.32783
628 18.1968 7.0621 -2.91302
629 27.0076 5.49554 -0.573973
630 36.423 35.6258 -2.30202
631 26.2836 3.6095 0.650137
632 33.6139 36.6414 0.596678
633 7.09769 26.2097 -2.56085
634 38.2578 8.8975 -1.59333
635 29.2008 26.1257 -2.47221
636 21.7437 12.2928 -4.80015
637 8.50054 32.011 -0.209051
638 30.0974 28.8819 -1.33837
639 29.8732 18.6421 3.12002
640 11.133 17.5543 -0.843135
641 32.4098 4.45193 -3.31501
642 11.6795 32.1101 0.237469
643 31.8894 34.9162 2.35082
644 9.90405 9.1783 3.37348
645 6.1796 8.40165 1.10676
646 13.1836 4.72651 2.17588
647 6.92162 7.81148 -2.89162
648 32.1782 35.1646 -2.06514
649 14.83 14.5637 -0.0678979
650 24.2328 20.0982 1.07758
651 29.8198 20.3732 1.73113
652 5.91722 29.4406 3.9026
653 9.55181 37.525 -3.96021
654 25.0407 16.9343 -0.0438169
655 35.1467 33.2245 1.48234
656 8.75919 9.9774 3.02945
657 24.4821 9.30711 -1.59138
658 9.63013 22.7086 -0.238722
659 3.7164 39.4902 -4.40677
660 23.2816 15.7691 0.794994
661 4.18145 14.0477 2.2535
662 37.6673 38.0248 2.9807
663 7.34579 17.0581 2.12669
664 34.5326 19.4773 -2.35744
665 33.2051 38.4993 -3.42652
666 26.3286 2.80273 0.0198006
667 32.4954 32.5765 -0.509007
668 12.7129 31.0243 0.279315
669 10.4404 35.2114 -2.01174
670 35.7428 31.7159 3.10553
671 29.2255 4.59863 -1.42405
672 14.6891 35.488 1.25674
673 39.9894 3.89359 2.11501
674 0.852252 17.5864 2.72749
675 31.9423 16.1632 2.35925
676 34.7267 2.05347 -0.951231
677 4.58603 21.881 1.30464
678 23.9339 0.0771211 -2.45613
679 23.5241 22.1659 2.99884
680 18.8456 35.5042 -1.20797
681 5.77907 37.931 -1.0557
682 36.8894 1.2987 2.07445
683 23.4229 27.3123 3.04544
684 6.01786 28.7197 4.21653
685 25.849 30.5125 -2.32432
686 4.32306 35.3972 -3.18952
687 18.6344 13.3513 1.43648
688 28.3651 7.17884 0.962573
689 7.79707 2.97532 1.93886
690 11.2022 37.3203 -2.28128
691 20.1103 30.0269 -0.401225
692 28.508 21.2074 -2.11357
693 1.15161 20.9943 2.70785
694 23.892 20.9147 0.915423
695 16.7039 28.5737 1.20065
696 14.9974 24.053 1.74815
697 30.8866 6.6652 -1.26433
698 32.7359 10.6544 -2.29898
699 35.6177 21.455 2.18397
700 5.38944 1.37024 -4.65937
701 12.0319 38.7566 -0.175676
702 5.47717 36.0255 1.32483
703 0.192208 12.4109 1.00502
704 28.7917 39.6083 0.578858
705 9.64717 26.718 -1.46279
706 36.8967 37.0856 1.40652
707 17.1942 2.19278 0.799359
708 37.9208 18.4842 -3.20044
709 24.6853 17.4785 1.48582
710 18.5767 0.568734 0.887608
711 33.7885 32.1702 -1.48581
712 31.3552 23.3926 -3.26388
713 35.8359 17.3552 0.19902
714 26.2686 31.383 -3.56304
715 37.5564 33.9837 -1.15227
716 17.1004 31.5107 -0.491665
717 14.8024 31.736 3.06342
718 4.9862 26.1096 0.190921
719 9.75067 30.7115 0.626295
720 10.5901 22.2156 2.3701
721 20.8219 37.568 -2.60713
722 3.98437 39.8872 -0.905965
723 6.19778 38.7351 -1.52776
724 20.5648 37.9548 -1.13636
725 24.1522 34.1848 1.68646
726 2.50159 29.0313 -2.41824
727 7.44717 23.3192 0.376305
728 5.058 0.106268 -1.91229
729 18.057 1.10986 1.41885
730 19.9581 11.3348 1.09456
731 29.2812 19.1959 2.10602
732 24.2594 36.6272 4.12203
733 30.6313 33.2307 -0.658116
734 33.8247 11.0744 2.61083
735 16.8684 35.2539 -0.659293
736 20.7388 28.7548 -1.47886
737 3.98001 31.4139 -4.86639
738 21.677 12.3712 -2.29933
739 14.0485 24.8988 0.256152
740 32.8825 24.7511 -2.38209
741 10.2459 24.6121 -0.996244
742 16.5937 15.4798 -2.80975
743 23.8292 22.6999 4.11613
744 31.9851 21.1165 -0.115447
745 12.2707 37.6501 -0.73735
746 15.9969 10.1652 0.0454613
747 19.8034 25.896 -0.241845
748 16.7141 35.5593 -1.2758
749 7.25201 3.44453 3.79425
750 3.13653 35.0319 -4.21216
751 5.78813 32.6913 -2.27887
752 7.6564 14.9033 -3.22564
753 18.729 21.7188 -0.76367
754 34.1865 25.4013 3.73761
755 28.1663 8.09559 0.697424
756 9.11597 5.85616 -0.933673
757 9.90777 31.1936 1.21969
758 0.458482 19.4336 -0.287891
759 5.21059 29.6792 -0.153256
760 31.4045 31.5195 -1.28255
761 8.70576 20.7633 1.47476
762 20.903 24.6921 1.3298
763 4.01309 0.478573 -2.32943
764 18.8076 13.5806 2.84146
765 37.6662 14.4794 -1.91248
766 7.17119 11.4049 4.00031
767 28.3137 8.61977 2.47576
768 7.76936 13.9438 -2.17706
769 15.2235 32.1295 1.26814
770 4.39154 24.5466 -4.19737
771 7.23319 18.6531 2.63081
772 10.2527 32.9127 0.56435
773 31.5962 29.226 0.494428
774 2.24867 34.6926 3.24016
775 17.1057 6.56283 0.973394
776 6.99926 12.8166 -0.550573
777 34.3498 29.024 1.07204
778 34.4994 32.1842 3.75561
779 15.3816 2.01081 0.0458248
780 0.622477 3.20442 1.05621
781 4.85968 36.6661 0.108264
782 8.55941 7.96845 3.61601
783 10.8367 12.3509 2.42902
784 35.2804 1.87144 -3.13453
785 17.6446 8.59304 2.01171
786 3.39988 16.773 0.508715
787 36.0084 4.54456 0.273967
788 7.15635 31.8573 1.84043
789 36.2643 3.01152 -1.00637
790 12.8548 30.0903 -1.17488
791 10.7835 23.287 2.28601
792 10.997 21.6988 0.879908
793 18.2858 35.2582 -1.85571
794 22.7816 22.8123 -0.674174
795 38.3669 4.04328 -3.62286
796 16.0737 15.8287 -3.11907
797 2.551 28.3879 -3.61332
798 25.6875 10.0468 -0.712916
799 29.4057 4.32676 -1.64653
800 36.4276 9.37417 1.4565
801 18.1519 17.8972 2.97948
802 36.7831 26.8525 -3.97301
803 12.489 39.257 -1.02117
804 3.21187 19.1731 -0.347887
805 5.12209 24.1122 -2.27627
806 5.18423 27.8752 -2.92555
807 30.4746 16.9222 1.87629
808 16.9644 27.7554 0.845883
809 28.6015 20.0907 1.69896
810 16.1317 37.6146 -0.862653
811 38.8246 27.2584 2.01608
812 7.7981 12.4631 2.80394
813 4.51934 11.9087 0.608724
814 25.6219 39.4318 3.47392
815 27.4737 17.1307 0.956748
816 15.493 38.463 -2.68678
817 17.5193 35.5949 -1.48527
818 6.48855 9.14994 -3.08597
819 32.2877 8.11642 -2.85361
820 8.94087 1.38931 0.132965
821 13.4705 12.9285 -1.39142
822 3.84584 0.819039 -0.349502
823 25.239 2.29589 3.0083
824 29.0359 14.0328 -1.14699
825 37.7198 38.1068 1.88705
826 5.25048 15.5752 2.05986
827 35.8952 9.7884 0.602765
828 12.525 17.1475 0.31557
829 9.17044 30.482 1.9293
830 11.0986 15.0528 3.03963
831 17.8509 37.327 0.384996
832 34.6324 1.49091 -1.96287
833 13.2269 15.8369 -2.0834
834 19.1736 9.25028 -0.591228
835 6.74853 31.9946 0.287146
836 21.8586 35.8752 -4.1142
837 32.2368 36.6084 1.78885
838 19.2212 8.58979 1.39026
839 3.61301 14.4543 4.75999
840 28.3076 15.8901 0.456907
841 27.1028 34.942 1.39555
842 16.5679 32.6824 -2.70533
843 16.4775 3.98065 1.71777
844 4.84336 26.3029 -2.26609
845 2.08172 34.5862 2.3003
846 8.86525 25.0508 -2.10806
847 0.661546 29.3511 3.56954
848 28.3945 26.7838 -2.7343
849 19.3282 17.7832 0.543471
850 30.2483 35.7832 -0.766242
851 7.71605 6.51934 1.73083
852 28.6206 23.4259 -3.45197
853 19.2278 19.2488 -1.17929
854 1.75804 38.8111 1.73227
855 14.275 36.8747 -1.62234
856 10.8408 35.8177 -3.54433
857 10.5676 29.4778 -2.38195
858 36.8814 28.4095 4.13226
859 12.6541 0.691922 -1.15422
860 36.2212 17.7022 1.59721
861 5.22964 13.0842 0.873902
862 8.26437 27.7084 -0.812685
863 12.2248 10.1099 -2.13216
864 12.9138 9.72715 2.61415
865 23.0213 35.9488 -4.17179
866 29.3781 2.1851 -1.45137
867 25.6226 25.9838 -1.75355
868 32.6433 27.1676 1.53461
869 4.90439 15.6999 0.402814
870 35.1386 1.67516 -0.840771
871 19.1295 24.9908 2.26445
872 33.7326 18.128 -2.42344
873 10.0231 14.41 1.87125
874 27.0771 13.1952 1.43221
875 29.2485 0.176037 -1.24293
876 12.9668 21.5408 1.6141
877 32.7327 16.2241 0.900551
878 38.7499 37.6961 0.775117
879 8.05888 31.6047 0.337674
880 36.8656 19.1414 -0.456232
881 12.0997 21.5492 3.99299
882 26.7681 3.97393 1.58372
883 33.5488 30.2362 0.24583
884 0.820337 17.8854 0.728929
885 15.9133 12.754 0.572474
886 20.458 21.8307 2.17832
887 3.77966 22.8519 -3.36541
888 31.935 21.5444 -2.07226
889 37.9009 5.71474 -0.594499
890 13.2287 17.2392 -1.26081
891 20.5103 19.5413 0.0661236
892 15.2213 8.56308 4.50759
893 32.0758 25.6626 -0.0665555
894 31.1115 28.0741 3.20391
895 34.0908 9.20053 -3.6433
896 15.1533 38.568 -2.8007
897 2.23117 14.5535 0.774772
898 19.1908 19.4777 -0.327826
899 8.30897 22.1288 -0.262252
900 7.53575 36.9945 2.73071
901 1.06531 36.361 2.93891
902 5.63319 28.7819 2.49096
903 8.04366 36.5947 1.14732
904 15.9724 0.629804 2.16877
905 34.9538 36.9811 -1.33104
906 18.6828 15.1374 2.61594
907 9.16721 22.6929 -1.497
908 36.0787 36.6652 3.32705
909 6.05229 36.2565 2.15274
910 38.0358 21.8833 0.346737
911 32.6892 39.9269 -4.37397
912 27.0145 13.6713 -2.58471
913 36.4426 33.7787 -3.38531
914 1.37296 24.9551 1.63548
915 37.0191 37.5468 2.09947
916 35.7209 19.3326 -0.55795
917 19.7161 25.4117 1.80237
918 0.289571 6.41696 2.10382
919 27.7854 24.6022 -0.483967
920 1.75512 18.7893 -3.84891
921 31.482 20.9347 0.769846
922 21.7591 18.7259 3.01214
923 7.41732 27.7169 1.28975
924 32.026 27.4543 0.695023
925 19.4001 14.8893 2.4902
926 20.4032 12.8526 -2.91317
927 1.28531 31.5253 3.43294
928 37.1179 5.34762 -2.89851
929 5.58384 31.2938 -1.08556
930 5.008 3.3882 -1.83832
931 13.9341 23.8079 0.00738405
932 32.5562 25.1965 -2.55197
933 17.3233 0.106104 0.14771
934 28.2423 24.2007 -0.610886
935 10.573 15.0507 2.12009
936 14.3952 19.8462 1.9086
937 25.4193 5.60316 0.0422103
938 13.4741 18.1859 -0.22742
939 11.0938 3.53253 0.109501
940 12.9938 26.2576 -1.49966
941 30.9741 26.5072 -1.06504
942 9.51272 22.703 -2.60305
943 12.6924 4.5134 3.99514
944 7.78388 37.032 -0.632364
945 0.19035 3.43331 1.76752
946 13.6262 19.1106 -0.908251
947 9.07328 9.04996 1.72857
948 15.8167 9.92489 1.34868
949 7.47272 5.71775 2.75174
950 8.15155 26.642 2.31962
951 9.3053 8.48388 2.68284
952 14.1257 24.5743 1.64033
953 34.0489 19.0378 -2.32439
954 6.17842 37.294 -0.981627
955 10.7461 38.4442 -0.753356
956 26.6544 16.9761 1.91452
957 34.0168 16.5637 1.98865
958 2.28861 2.86683 -1.2593
959 32.9527 15.7841 2.23703
960 6.00637 37.5476 1.74349
961 5.76286 23.5692 -1.25885
962 14.0349 28.3664 0.724895
963 12.1764 38.6654 0.921914
964 39.4555 6.34692 3.1381
965 38.9747 31.1993 2.59216
966 15.2829 15.0654 -1.38049
967 18.0866 38.3909 -2.45809
968 37.0249 16.6293 2.17321
969 12.1781 4.84342 2.91606
970 12.2415 37.3027 1.16668
971 23.7228 15.3975 -0.0867542
972 14.5816 20.3889 -2.11183
973 7.38747 24.9685 0.450553
974 33.3617 23.3818 -0.319687
975 5.63923 21.358 -1.99597
976 5.6923 13.4131 1.14067
977 7.8362 36.479 -0.410659
978 13.3762 32.968 3.48443
979 7.91904 2.68383 2.79574
980 34.0083 16.3896 0.851531
981 6.75436 21.0109 0.503627
982 34.2407 39.851 -2.23324
983 37.7931 18.8352 -3.64833
984 11.0353 29.9528 -0.928003
985 2.64274 25.8447 1.45242
986 20.3993 18.8875 -1.4463
987 9.9315 12.3843 1.81813
988 9.71275 23.803 0.110297
989 26.9715 31.4191 -2.49366
990 23.9997 16.7002 0.012445
991 15.0276 19.3869 4.26427
992 4.6326 8.72796 1.22437
993 11.2588 18.799 -0.0977495
994 23.6214 18.5042 -1.16549
995 12.7188 18.3834 -2.02906
996 32.9587 22.3777 -2.69785
997 2.9582 16.0719 -0.957176
998 36.75 0.64456 1.9338
999 39.4495 6.78101 2.64538
