1000
Particles
0 0.272437 3.78075 1.81398
1 32.549 18.6883 3.20965
2 25.1175 2.44036 -2.18315
3 10.8581 37.7531 2.62239
4 10.0418 18.9996 0.538682
5 26.7839 2.53367 2.71168
6 27.4863 1.97557 0.23864
7 35.0211 15.8111 -0.486993
8 3.92085 31.6274 4.01709
9 31.2412 26.689 -1.51754
10 24.2188 31.4672 3.50965
11 2.25476 33.7161 -0.462159
12 0.676804 25.3613 3.07613
13 1.44552 5.82828 0.799221
14 32.4692 19.7548 1.40143
15 29.7792 34.4713 -1.75518
16 26.8687 34.2667 0.771219
17 33.3252 11.0024 -0.297766
18 36.8571 11.6543 1.67408
19 14.576 18.8237 0.588307
20 9.94931 15.9154 2.72629
21 0.24281 39.4064 -1.7967
22 36.8104 26.4448 -1.38254
23 26.1234 16.2799 -2.71413
24 27.6899 12.8603 -2.01411
25 1.86057 32.6905 0.200028
26 23.2883 30.8421 2.65644
27 15.4064 18.1159 -3.10468
28 7.40231 33.3919 -1.47122
29 33.1181 8.31469 3.36513
30 20.6136 27.2782 3.20843
31 10.5305 18.5616 -0.455149
32 15.3699 10.7143 1.74681
33 7.09182 38.6397 0.0921322
34 18.7347 15.3912 -0.453818
35 28.1581 39.8592 -4.84264
36 12.0602 38.0263 2.04911
37 2.04789 22.7352 1.32253
38 23.8041 36.3512 -0.00147582
39 32.7037 14.2874 2.84988
40 34.418 36.6408 -2.0823
41 18.3236 16.7503 0.887706
42 27.9159 21.3347 2.67332
43 23.299 33.5101 0.914287
44 20.1464 21.1079 3.63314
45 8.88801 26.0073 0.99924
46 5.15493 9.54661 -3.24507
47 35.3811 4.75751 -1.82169
48 1.88266 34.0531 1.84153
49 8.58324 32.1687 0.507858
50 37.1598 4.50486 -1.60698
51 14.8835 4.58188 1.22828
52 36.5306 6.05169 -2.29127
53 13.2053 11.2876 3.54869
54 33.9439 26.6688 -1.28967
55 39.6585 16.5033 1.23038
56 29.0922 5.69372 -1.66649
57 1.28235 32.8213 -0.337484
58 38.4689 12.0781 1.76535
59 2.95807 33.2507 -1.03292
60 9.13139 26.8453 3.74147
61 16.7547 25.2577 -3.56771
62 29.4706 39.7665 2.41306
63 9.82378 16.6623 2.34772
64 0.526281 25.318 -0.0180143
65 16.8892 2.43139 -1.07822
66 8.80412 21.2843 0.770071
67 21.3395 22.9422 3.19228
68 9.34734 6.26007 -2.09639
69 16.1595 9.13021 -3.19261
70 8.00123 33.1869 -1.17675
71 11.9985 11.4397 2.5277
72 5.31921 15.0805 0.157439
73 18.3733 23.8031 0.434496
74 10.8877 38.0893 2.26795
75 2.8022 38.9964 3.16566
76 19.7106 11.6686 2.8581
77 12.1626 25.4477 -2.54837
78 35.9411 28.3525 -0.550286
79 36.3051 4.96582 -1.27014
80 36.9992 6.18099 -1.97651
81 8.31049 25.5008 1.49968
82 10.9482 6.74303 -3.14194
83 16.9178 21.4759 0.590794
84 23.6498 19.1093 2.10903
85 0.888239 16.5635 -1.88997
86 22.2832 6.80886 2.87841
87 16.8754 36.9865 1.77612
88 4.58434 39.7905 -2.09602
89 9.49015 33.1788 3.32865
90 34.5005 33.8301 2.72175
91 24.834 10.2773 -1.16084
92 18.4988 17.7762 -0.517212
93 16.5557 10.4858 -1.73714
94 11.3868 12.9268 -2.77694
95 19.9268 4.13582 -1.25525
96 9.73255 28.0552 1.84016
97 24.9852 32.5155 1.55579
98 38.996 26.0384 -1.41506
99 8.29279 31.3248 1.11229
100 32.9169 12.6311 0.566416
101 16.1546 20.7164 3.38066
102 18.9836 34.6805 -1.80359
103 12.6337 39.2181 -2.78653
104 29.0128 4.6989 -1.41273
105 23.7536 30.0461 3.27925
106 38.4738 10.5834 1.55318
107 18.8754 22.0842 1.18348
108 27.7243 8.60299 2.65171
109 33.5074 27.6251 -1.56612
110 11.1601 36.5519 -0.164534
111 10.1709 32.7105 -2.83749
112 32.41 38.7844 -3.43959
113 31.9597 19.7464 3.20643
114 3.68303 26.4119 -0.760304
115 27.8032 20.6599 1.17932
116 25.1457 26.6276 -0.878975
117 21.4841 30.5729 3.07141
118 23.5714 37.9291 2.41874
119 38.86 17.2285 1.14686
120 38.7501 30.7268 -0.623233
121 25.6001 15.0277 -1.2152
122 38.8041 11.5806 0.934448
123 5.53702 24.1519 1.32515
124 15.0437 0.254954 -0.269279
125 22.423 34.3055 -1.26386
126 21.6061 23.9601 1.0271
127 39.9215 2.04945 -2.73842
128 33.0258 9.55202 -3.9526
129 3.22831 16.0785 -0.939161
130 34.8618 5.32465 -2.71646
131 30.3219 30.8916 2.79797
132 19.1675 35.1414 -1.64805
133 30.5679 33.082 0.543246
134 12.9444 36.0274 2.08201
135 17.5128 4.35105 2.76823
136 24.3839 8.84956 0.876771
137 32.7028 38.1552 -3.3626
138 10.0753 21.461 -2.4027
139 15.8803 4.40616 -0.229999
140 16.6871 32.4212 0.109346
141 35.0067 30.8649 2.26477
142 25.3762 36.9776 -2.15975
143 16.0979 28.3234 -0.952921
144 9.69635 24.5854 0.911378
145 27.4214 24.7647 0.0942493
146 34.614 8.52756 0.578231
147 35.3532 35.7402 -0.296837
148 38.8863 10.0011 0.166255
149 16.2381 22.1412 -1.50598
150 15.5796 12.977 -0.46203
151 36.2508 36.703 1.4251
152 15.4766 15.3547 -2.33514
153 23.3539 1.18621 -0.405499
154 31.2498 31.9789 -2.18457
155 29.9594 32.6695 2.01879
156 36.3191 26.6868 -3.17397
157 15.1208 15.2855 -2.1234
158 18.57 29.0814 2.61569
159 14.723 30.3736 4.33954
160 5.25494 13.7705 2.98997
161 9.85374 22.0345 -3.91625
162 24.0833 36.4992 -2.4071
163 9.98261 6.84563 -2.9945
164 16.3714 0.835903 -0.366242
165 23.6987 2.86284 -4.1539
166 32.898 5.61884 0.692528
167 11.7992 4.56807 -1.37181
168 36.9519 19.054 1.39957
169 1.28444 35.088 1.72198
170 38.1798 34.6626 0.886631
171 17.8038 35.4506 3.24672
172 37.4496 17.2793 0.949448
173 21.1278 28.3658 0.492756
174 11.8224 36.0162 2.24548
175 2.81915 14.9176 3.43282
176 24.2924 25.162 2.18036
177 18.1285 6.75197 0.672329
178 23.5713 16.7414 1.71576
179 28.0843 8.79873 2.2394
180 12.0261 5.62836 -0.266208
181 33.9857 32.6477 3.36384
182 17.1156 14.4851 -0.674388
183 6.47537 19.4246 0.404501
184 22.2546 37.4725 2.60153
185 11.424 8.9939 0.160174
186 29.2852 6.56097 3.16292
187 8.63469 34.3874 1.96835
188 26.1622 18.0615 1.02513
189 9.31995 24.9112 2.50902
190 24.7986 24.4906 2.57255
191 10.6126 30.8005 -1.37431
192 32.1625 8.59553 3.4618
193 29.9856 19.5398 -0.19078
194 9.103 29.1071 -0.25004
195 20.5374 19.5691 0.229224
196 31.3613 35.2269 -4.12992
197 15.1459 0.415504 0.84688
198 28.7851 14.8622 0.908536
199 12.8876 11.6172 3.95798
200 37.287 38.8466 4.31181
201 33.4921 15.3319 -3.25712
202 17.5378 19.2287 -1.58371
203 24.9105 12.7798 -1.49169
204 31.0191 35.6849 -2.21871
205 36.4237 35.9262 3.28319
206 13.8004 5.52733 -0.975029
207 39.122 31.3482 1.06567
208 30.4014 30.4049 0.548636
209 10.1743 33.4836 -4.24991
210 5.84398 24.9833 2.83459
211 34.633 25.0607 -3.72865
212 38.0021 32.2967 1.73367
213 0.635816 10.2835 2.5888
214 37.2499 22.963 -0.622663
215 38.3933 21.3081 1.30868
216 27.0296 22.1195 1.45166
217 5.14069 9.73209 -3.95148
218 16.9656 20.0271 -1.22539
219 21.2669 6.68994 -0.332303
220 19.1911 5.46942 -1.70963
221 23.7954 9.72527 0.870768
222 34.2438 26.3421 0.590935
223 19.2774 36.5669 -1.51848
224 9.30714 31.3038 -1.8441
225 32.8407 14.0539 0.837384
226 5.48354 20.4625 -1.65077
227 9.33521 2.0353 1.00393
228 23.3277 8.9964 1.17011
229 35.8461 19.2026 -2.17387
230 25.0867 8.06059 0.583351
231 16.8546 16.8758 0.96304
232 30.2166 12.9997 -2.01465
233 38.5745 12.2109 1.35322
234 4.0312 34.5041 -3.62934
235 0.821821 10.0858 0.891134
236 10.8348 38.3074 1.63028
237 11.8159 30.5126 1.78723
238 12.2544 12.4762 2.61262
239 37.4322 13.2612 -3.05882
240 20.5338 27.6217 0.0559414
241 21.071 29.1413 2.73618
242 1.08216 4.44179 -1.61676
243 25.7261 37.2581 -3.14705
244 38.5358 16.2746 -1.10308
245 21.7879 7.60528 0.417414
246 30.6052 11.168 1.5723
247 1.73657 2.41121 -0.544142
248 5.38814 26.3894 -3.14224
249 17.0296 34.2895 -0.841704
250 8.53525 39.4926 -0.277645
251 37.918 5.12712 0.554208
252 31.1272 20.9331 1.96023
253 27.0284 9.70978 2.61641
254 38.024 31.5211 0.51615
255 28.473 25.6407 1.87947
256 1.20147 3.68971 0.82956
257 30.5117 15.8833 2.52165
258 35.2081 36.0891 -1.54994
259 33.0496 15.5544 -3.53321
260 2.79039 7.56233 -0.215415
261 27.7481 21.8989 1.73002
262 26.7584 31.8191 -4.48424
263 1.85182 1.37154 -0.445306
264 2.05809 32.3008 -1.34217
265 3.87966 17.5864 0.0981544
266 39.7789 11.3157 3.15347
267 7.56924 26.3167 1.34502
268 2.72977 31.638 -0.376688
269 20.4926 36.8559 -0.0445022
270 1.8461 9.7642 1.49377
271 33.0487 9.01662 3.78868
272 19.7364 14.7087 1.12821
273 31.9102 34.5581 0.622963
274 9.50127 6.57404 -1.60266
275 2.5739 18.2485 -1.59869
276 27.5737 24.9322 -2.93243
277 7.25298 29.4541 1.66735
278 3.51902 5.10234 1.92938
279 6.53908 19.1909 -3.06921
280 33.7013 18.894 1.86728
281 27.7353 15.9199 3.97852
282 16.0296 17.6896 -1.27183
283 17.0556 39.8154 -3.13058
284 31.5787 22.2935 -1.93028
285 34.4234 38.768 -2.02262
286 32.7689 8.97021 3.4585
287 7.20999 20.0979 0.438181
288 9.40809 36.1496 -1.2762
289 17.0768 30.9128 -0.187263
290 36.4758 19.7075 -1.5415
291 16.3035 17.7262 2.7533
292 2.27044 26.0458 -2.1479
293 7.89687 4.98104 0.278351
294 26.7277 32.2966 4.63241
295 11.5633 7.47535 0.550903
296 29.8932 23.7569 1.17394
297 2.51572 25.1326 -2.49587
298 23.9981 26.612 -2.56787
299 17.0514 33.4844 -2.50143
300 25.4085 7.68789 -1.39859
301 30.0874 21.1823 1.80191
302 15.8171 35.096 1.18127
303 4.82817 30.425 4.36476
304 14.1448 22.8442 -0.565946
305 7.187 24.3756 2.4613
306 30.7005 14.0105 0.267859
307 7.07145 19.5856 -1.9398
308 1.11517 17.8271 -2.15074
309 14.1761 39.9351 0.177289
310 15.6223 21.0601 3.52465
311 23.8532 4.25495 3.00853
312 0.471382 37.7135 -3.19349
313 37.4454 1.45729 0.618058
314 19.3815 2.86691 -1.00225
315 0.672784 31.2013 0.682548
316 34.9257 36.8889 -2.6531
317 32.2915 33.7328 1.28604
318 24.9649 23.6739 1.98367
319 4.04028 1.36678 -2.14386
320 2.74745 20.1798 -3.12137
321 30.1854 4.93444 -1.1356
322 8.043 37.2054 -1.63442
323 16.9896 36.3335 1.00303
324 32.5158 14.6854 1.78797
325 8.6458 24.9992 1.10346
326 37.0367 5.17912 -1.81493
327 12.4156 3.73874 -4.04408
328 15.4944 30.9441 1.34337
329 39.9366 23.4642 -0.515243
330 4.84979 8.52287 2.34833
331 13.3116 33.0063 2.132
332 33.7803 10.2494 2.99084
333 18.9068 20.6685 2.10488
334 7.13098 7.82594 -1.98564
335 11.212 39.2682 1.08517
336 23.0743 37.7944 0.58836
337 6.25761 15.0915 -0.343297
338 11.0721 32.6635 -3.35775
339 36.0481 35.5271 0.767552
340 8.52573 26.0754 2.15143
341 30.4777 28.8584 1.03034
342 14.5148 15.6937 1.55039
343 11.6481 13.1132 -0.290518
344 11.3687 38.7109 2.27376
345 35.8122 25.8023 -1.22829
346 17.3791 8.00719 0.904289
347 8.28107 33.0768 2.71472
348 10.8151 21.4993 -3.868
349 15.4214 17.2367 -0.494146
350 9.63376 9.90174 -2.01688
351 7.94954 23.3324 2.10542
352 27.0991 20.3411 -3.45383
353 26.9951 2.82093 2.12486
354 36.7702 38.8308 -2.24922
355 23.8433 25.0288 -0.104871
356 29.8065 31.8387 0.715538
357 14.2485 29.8943 -3.52718
358 12.8162 15.9983 -1.24971
359 38.2468 26.0291 -2.01031
360 35.8833 28.7351 -0.274312
361 31.1839 30.3941 3.04703
362 39.079 23.5313 -3.09437
363 36.88 4.88022 0.792917
364 5.21285 6.01357 -2.01701
365 5.83353 38.3605 -2.21775
366 13.1458 4.85742 -0.844027
367 14.0391 33.3192 2.09352
368 24.2589 7.5413 0.131095
369 15.6257 30.0746 4.37485
370 20.1763 25.7853 1.57274
371 25.9912 20.4334 -3.22195
372 26.8052 30.7089 -2.12606
373 9.61817 6.67124 -2.94049
374 15.3794 19.893 -1.44926
375 13.6097 9.33228 -2.26986
376 0.496661 30.934 1.08603
377 3.3424 9.00106 -0.0216508
378 11.1895 3.38563 -2.74302
379 30.5738 37.1154 -1.96538
380 39.6005 29.4093 -0.462582
381 12.6768 32.3561 1.37634
382 39.2531 18.3768 2.41125
383 13.9063 36.7735 -0.29489
384 20.7583 36.5026 0.560654
385 20.4337 21.5174 1.45705
386 20.8009 8.14438 0.481389
387 10.4845 4.44678 -3.44782
388 31.0658 25.561 -3.42309
389 7.7333 4.12683 -0.121477
390 26.4825 26.2573 -3.62488
391 16.7865 15.4074 0.00651187
392 23.7703 24.5797 2.18267
393 23.7245 13.7921 -3.60447
394 35.1403 36.8979 -1.10435
395 33.6932 12.5363 1.21683
396 1.14135 2.07189 -0.838063
397 7.23847 39.4434 0.694937
398 2.12806 32.4486 2.33691
399 0.469329 19.891 1.95659
400 2.49627 39.6431 -0.660612
401 24.059 31.9175 2.38866
402 31.0333 5.56428 -0.398033
403 37.7931 25.0951 -0.448844
404 29.4148 31.5947 3.19541
405 4.07023 23.7193 -1.45683
406 28.2821 0.102792 -2.82855
407 38.1888 4.13755 -0.610433
408 7.85321 13.5225 -2.911
409 16.2615 4.96962 -1.04526
410 26.1723 18.0866 2.41866
411 18.1619 23.154 -3.78165
412 3.2684 8.45743 0.378454
413 13.2765 9.40972 -3.29354
414 2.74828 17.8107 1.17207
415 17.2893 27.6486 1.93102
416 27.141 37.3773 1.39875
417 5.68861 3.49587 2.74464
418 29.2523 27.0473 -0.472743
419 24.3759 13.5698 -2.27746
420 19.7454 37.2068 0.738403
421 0.596939 16.2028 -0.312807
422 15.9248 9.82952 -4.28744
423 26.4457 12.9672 2.8453
424 26.5986 23.2348 0.725579
425 18.7245 38.9035 -0.0218641
426 8.68304 21.6455 -2.35304
427 17.5435 17.564 -1.94786
428 36.896 5.81801 -0.710405
429 39.9787 8.23562 1.48666
430 19.2298 14.2209 1.55471
431 8.643 9.2352 1.58405
432 16.1452 39.3999 -0.227311
433 30.9317 23.2683 -1.17403
434 4.51385 26.4874 -0.338547
435 25.4685 38.9532 1.1153
436 3.23894 23.4441 -1.57643
437 13.8837 35.6563 -0.246927
438 8.5394 24.0815 0.153452
439 33.8359 22.7694 3.23321
440 26.8947 36.9365 4.05683
441 7.93864 1.86163 -0.646685
442 16.1735 27.4335 1.18013
443 21.168 17.3221 1.2105
444 10.9053 11.3019 -3.16892
445 5.23323 25.4502 0.590435
446 21.1271 11.5248 0.0779676
447 39.607 8.54334 -2.01462
448 34.9762 30.5291 3.78382
449 11.5856 13.5165 -1.02181
450 10.0874 17.3481 -2.39823
451 2.41845 14.6123 0.526516
452 15.2774 14.2802 -2.53957
453 3.79773 34.336 -1.8976
454 39.465 9.37502 0.861629
455 28.9019 1.57577 -4.20646
456 12.922 9.04386 -3.49137
457 23.5302 20.7071 1.34118
458 37.1121 18.3913 2.13541
459 7.87505 10.72 -2.17404
460 12.4275 39.7886 -2.06882
461 11.026 36.1318 -0.0615165
462 25.4799 14.3006 -0.54484
463 2.52156 33.5916 1.79031
464 34.65 21.5623 1.53695
465 37.5874 14.8725 -1.89576
466 33.2972 23.9437 2.04369
467 6.67208 38.2672 -0.0552113
468 26.736 35.1798 1.30843
469 17.9819 27.8587 -1.35924
470 11.5809 16.2233 -2.0564
471 38.6919 12.2999 -0.0296541
472 15.732 15.1148 -1.06923
473 13.4465 6.1055 -0.890467
474 9.34238 33.2959 3.93093
475 33.8464 9.46645 -2.19017
476 21.5477 30.8486 3.53726
477 10.677 32.4173 -1.82041
478 37.0468 12.5236 0.934601
479 6.04382 29.0729 0.114846
480 34.1252 16.2816 -2.22863
481 21.159 36.0798 -1.77164
482 5.48103 30.4235 3.12812
483 11.5347 31.5066 3.02213
484 11.2641 32.8644 -2.48844
485 8.82435 33.8539 4.10404
486 19.6001 27.554 3.78073
487 32.0426 29.1033 0.16373
488 35.4718 8.60318 1.71164
489 20.0989 2.55885 -2.18751
490 5.4116 6.39704 1.06861
491 17.1116 11.5426 -3.2946
492 26.7932 1.7531 0.893083
493 2.57741 27.0214 -0.748921
494 5.9322 16.9104 -0.0145156
495 31.1607 12.7877 -2.2574
496 33.4115 21.6671 -0.937572
497 7.88314 33.3339 2.58014
498 22.5906 15.4051 -1.0302
499 4.39455 15.911 -2.83397
500 6.22933 14.8091 -1.13323
501 29.3052 17.6761 -0.840802
502 2.44319 1.86238 2.29506
503 14.6749 28.2661 -1.97726
504 39.4834 28.3901 -2.07673
505 8.82507 6.91156 -1.20735
506 28.7548 25.3463 3.75832
507 22.4984 8.25513 0.51296
508 0.111351 30.513 4.12226
509 34.43 1.04641 -0.683455
510 33.029 2.06857 -0.785932
511 23.8326 31.6605 2.27535
512 0.501372 33.561 2.20486
513 17.2557 36.083 2.36216
514 10.8558 26.4889 1.02979
515 19.2293 14.2085 1.34716
516 25.2688 1.36839 -1.45858
517 14.0977 4.66254 1.00555
518 22.6288 15.1434 -1.42774
519 24.0055 10.8692 -2.7008
520 32.7304 5.50504 0.966816
521 32.8293 30.5278 1.99817
522 18.9605 20.9228 2.91116
523 11.4879 19.4107 -0.233122
524 3.05729 25.3253 -1.1687
525 9.56958 10.651 0.348647
526 1.85498 22.455 2.51577
527 15.9036 8.02204 3.81445
528 19.513 5.90137 -3.39963
529 29.6663 1.65422 -1.26146
530 39.9581 9.85972 0.638098
531 27.2382 8.44774 1.69837
532 22.6065 34.2314 -0.909023
533 24.4167 24.7831 0.575873
534 15.4076 24.9085 4.30588
535 8.72967 6.13576 0.711429
536 32.9618 14.7945 1.18015
537 39.3321 18.6946 2.12275
538 1.40731 37.8624 -2.79984
539 3.56997 2.13926 -2.71952
540 34.8998 25.1628 -3.78647
541 26.247 22.4125 0.82925
542 1.60573 31.7527 1.36909
543 13.937 18.4742 1.12379
544 6.95871 36.0823 -1.78065
545 15.2695 21.1243 2.8653
546 34.9654 35.8999 0.224515
547 6.98355 17.4546 0.636118
548 37.9404 34.9976 -2.04793
549 6.35071 24.8478 1.70488
550 8.55995 32.7945 1.12733
551 22.8817 19.003 1.41391
552 38.2281 8.65911 -1.82321
553 19.9419 24.3995 -0.612526
554 17.4708 11.5558 -2.17274
555 34.4785 15.2725 -2.77681
556 29.2067 18.8186 -1.26143
557 8.25492 27.8988 -0.152581
558 29.274 0.756621 -2.69278
559 23.0619 30.9266 0.683515
560 30.3791 23.7606 1.76055
561 14.0548 18.3117 -0.00665636
562 5.23667 20.8474 -1.84747
563 38.3496 15.5273 -0.751996
564 12.0173 19.388 -3.34738
565 37.267 16.3105 -0.604566
566 19.0267 36.3776 1.32997
567 27.5762 14.0818 0.743023
568 37.6841 5.46492 -1.26072
569 5.7828 18.6718 -2.5552
570 5.30007 24.2031 1.61948
571 24.8505 10.1132 -1.39017
572 0.367404 34.052 0.693093
573 20.2312 39.5417 2.68082
574 10.5049 20.1395 -0.625592
575 18.3932 17.6672 -2.26866
576 38.6506 5.31047 -0.547446
577 27.098 32.108 2.93991
578 2.55455 38.0016 -0.622644
579 7.69644 5.06864 -0.36545
580 6.83429 32.866 -2.28214
581 3.96569 33.3311 -2.56574
582 25.1951 25.1249 -1.35334
583 22.3818 33.4225 1.94602
584 35.5878 10.7412 -2.18423
585 6.50822 13.9655 0.728429
586 27.5557 21.06 -4.71285
587 30.8911 32.1704 -3.57204
588 20.2675 35.9597 0.417902
589 25.7046 25.5261 0.701852
590 9.631 6.32204 -3.21759
591 4.87951 24.832 0.906079
592 33.3517 26.6194 -1.2598
593 16.8703 23.7052 0.272656
594 11.026 3.74429 -2.35774
595 17.3186 22.1576 -0.283492
596 34.3378 33.0541 -3.03289
597 29.7907 9.98403 2.81765
598 36.1312 11.7843 1.99363
599 19.8487 36.6302 0.640229
600 6.2956 34.1535 2.5008
601 21.0779 34.9278 -2.34987
602 2.86545 20.2436 -2.61725
603 15.2287 19.3207 -1.05763
604 1.50998 28.0734 2.4871
605 10.5 35.8876 0.716592
606 3.14784 28.6383 -0.948984
607 6.3117 13.5105 2.54108
608 4.69181 36.6523 -0.392835
609 25.2209 34.892 3.62376
610 36.8336 26.9664 -2.48158
611 38.6356 22.3287 -0.886253
612 23.4191 10.4348 -0.436343
613 26.8079 13.0154 1.09625
614 39.0053 9.36465 1.52556
615 30.9474 10.9533 0.963931
616 32.6495 12.0213 -0.026128
617 24.2215 29.6571 -0.197171
618 33.4896 3.24924 -0.53869
619 22.4218 32.5342 -0.227459
620 34.2682 30.7729 0.131307
621 33.2074 12.1871 0.866388
622 11.0342 37.6976 0.427007
623 24.4322 14.5394 -3.52546
624 33.5103 36.5005 -2.12959
625 19.3792 6.47224 -3.86324
626 8.9449 36.6535 -1.12146
627 9.0572 34.168 0.805412
628 25.9353 9.98665 1.72855
629 31.2797 38.4181 -2.53152
630 30.7265 27.3522 -0.476272
631 29.4079 36.3335 0.937199
632 30.85 31.5414 -2.04081
633 34.7698 27.0451 0.200168
634 38.056 35.2638 0.0189507
635 24.0395 25.3291 1.73183
636 24.1107 9.13491 -0.0436353
637 2.74082 20.7868 -0.721141
638 0.536048 26.1158 1.24377
639 30.4735 7.48298 -1.76436
640 4.90548 16.9119 1.4703
641 22.6297 37.79 2.52496
642 16.1171 2.29266 0.281493
643 23.4321 24.5991 2.1918
644 16.0165 7.14633 2.49055
645 2.44898 8.09454 -1.20453
646 11.9616 15.1899 -1.43673
647 14.1571 16.1221 2.45397
648 35.0068 35.2083 -1.58311
649 22.4923 30.2499 4.28731
650 26.6481 9.14889 2.77909
651 27.815 19.2856 -0.59737
652 0.704571 37.8943 -4.80488
653 16.7866 38.7031 0.638796
654 19.1029 13.6034 2.83572
655 33.9738 38.2018 -1.69757
656 14.6084 14.2874 -1.82071
657 23.1061 4.21151 0.434302
658 7.86137 26.2236 0.776773
659 28.1297 39.6105 -1.66679
660 27.6582 11.1604 3.37449
661 38.7831 15.5298 0.416228
662 25.1958 31.6953 1.91553
663 18.5854 17.4686 0.120936
664 32.8119 16.1068 -2.25173
665 31.5875 39.1347 0.200752
666 32.4742 3.99484 -0.0207399
667 36.1447 35.423 -1.5844
668 4.73543 34.0782 -0.499117
669 14.4091 30.1755 -3.80368
670 38.8113 23.8559 -2.46494
671 22.4282 33.8868 0.852036
672 14.8062 25.916 -0.773697
673 34.8769 6.34854 -2.69756
674 15.0387 18.9975 -2.50356
675 31.1695 15.4151 1.22386
676 30.2057 39.5901 1.1692
677 34.2877 11.6311 -2.66132
678 27.4284 35.4227 -1.84934
679 22.441 14.69 -1.96086
680 11.354 22.2143 -4.31199
681 12.1739 38.2214 -0.0486146
682 31.0427 37.6539 -2.7564
683 33.9118 17.8932 0.611569
684 3.02447 32.65 1.21361
685 25.0469 30.1649 -1.80193
686 0.854395 38.3727 -3.58093
687 26.9471 8.04593 0.957916
688 35.6877 39.7705 -1.57388
689 12.5401 36.5811 1.39393
690 17.4064 30.996 1.356
691 12.2962 35.4548 -0.126135
692 24.3883 14.5325 -0.562543
693 38.2211 15.1799 -1.16755
694 23.9923 33.2779 3.64438
695 14.0567 33.172 4.12897
696 33.767 28.1829 0.610082
697 25.0238 9.2137 -1.18413
698 37.9707 11.1951 2.56239
699 22.8116 18.0084 1.25376
700 3.11165 1.21915 3.10648
701 28.5921 1.9854 -0.370229
702 2.21396 0.220994 -0.0963473
703 29.9796 14.0456 1.09228
704 28.4767 31.6123 3.2654
705 5.08076 38.9351 -2.50884
706 35.6545 32.3727 4.10289
707 15.3439 8.42438 -2.77057
708 25.5928 17.2 1.13434
709 24.7484 5.82573 0.514828
710 20.3938 27.5727 3.38577
711 31.867 30.2721 1.98095
712 27.3473 14.8549 -2.74224
713 38.7937 9.26842 0.0173111
714 21.7452 30.6869 4.29113
715 37.0254 4.06937 -0.141559
716 26.7867 34.9774 0.128504
717 16.5772 23.1257 -1.19256
718 11.9611 31.2835 1.80173
719 13.3737 35.336 1.39092
720 17.9036 23.8897 0.535457
721 31.5039 36.4322 -2.29384
722 2.37659 6.54563 -0.0468749
723 16.2999 37.4533 2.05787
724 9.4857 5.32624 -0.0508629
725 29.457 5.07419 -1.16244
726 7.57457 30.2918 0.117682
727 1.78482 32.5046 2.47794
728 1.53936 4.51462 -1.04694
729 22.5663 38.2188 1.28912
730 19.3108 16.1141 -0.395552
731 28.8736 19.2798 0.656212
732 21.5488 35.5624 -2.0682
733 37.4367 26.817 -2.97029
734 23.61 17.4004 -1.70216
735 17.6302 18.5116 -1.88842
736 23.7202 24.4384 0.608781
737 33.5077 26.809 -0.336518
738 14.7846 6.77818 1.67762
739 10.5601 28.0923 1.54531
740 35.355 20.344 -2.84158
741 2.12546 32.6544 1.76463
742 20.5091 15.0879 -1.15974
743 16.251 22.8486 0.122533
744 30.3328 28.2098 -0.80162
745 15.9689 29.3739 -4.00926
746 16.0864 19.914 -3.87642
747 17.1608 20.8364 3.84732
748 14.0177 31.4226 3.45061
749 2.39724 6.50658 -0.726519
750 8.56062 33.071 1.47645
751 8.5703 36.9024 -3.32814
752 37.6567 14.1033 -1.44544
753 6.04379 24.5438 3.17808
754 33.3869 16.5585 -3.05048
755 23.4661 9.84053 0.0653459
756 32.2913 9.3666 2.72676
757 18.7409 20.574 3.75484
758 31.1978 28.5693 -1.90528
759 10.2892 31.8627 -2.0108
760 29.7738 38.5761 -0.421161
761 16.2458 13.1645 0.117337
762 21.6806 30.5961 1.58381
763 17.8787 5.90107 0.474022
764 28.7841 4.08216 0.332037
765 26.3287 26.4246 -0.380029
766 9.49733 15.8947 3.76793
767 34.4697 16.293 -1.50184
768 7.94126 9.74937 1.84071
769 22.3751 30.7482 3.61797
770 13.0693 28.2824 0.560835
771 37.0694 18.7866 3.65546
772 14.9976 34.1161 -1.0207
773 28.4429 29.2709 0.575421
774 36.7678 38.2879 -4.39068
775 22.3137 16.1576 -0.842051
776 10.0241 22.1115 -2.20267
777 38.4532 20.9619 0.863462
778 29.2951 22.9936 2.63999
779 20.2959 0.50909 0.797484
780 1.87187 4.52224 0.240079
781 29.472 38.9274 -0.559802
782 10.5174 3.92167 -1.38409
783 17.6768 12.0986 -2.5069
784 31.3084 38.7998 -1.94747
785 25.3509 21.9242 1.47411
786 8.48631 26.8286 -1.34457
787 27.383 1.2965 1.55275
788 0.819355 30.9 3.07392
789 39.041 14.7446 -0.374636
790 9.90087 34.2083 -1.19057
791 20.1398 16.147 -2.20329
792 10.083 31.8154 -2.13129
793 20.5806 38.0749 -2.94963
794 20.3613 24.0046 2.88419
795 8.50383 8.53176 -3.81887
796 18.4437 26.3494 -1.20318
797 5.35689 33.5557 -1.80848
798 23.2153 7.36642 1.90966
799 20.7024 37.049 0.788676
800 28.9682 7.87242 2.01893
801 24.7285 14.4153 -1.80305
802 36.2269 10.1212 0.421708
803 7.43835 39.4126 -1.07982
804 0.525012 17.0033 1.0433
805 35.1242 19.3745 -2.54076
806 9.35052 22.7729 -2.69048
807 22.7321 4.83129 1.19013
808 26.4566 20.3849 -2.09797
809 16.4463 12.9001 0.23749
810 15.8482 36.8157 2.88843
811 9.43128 28.8336 -0.278117
812 14.8985 32.6692 1.0262
813 36.6617 4.05554 -1.03475
814 29.1709 35.0871 -2.97115
815 31.7247 21.7344 1.58894
816 14.6347 34.4326 -0.422072
817 16.5657 34.055 -1.20512
818 11.9209 10.5548 1.41645
819 23.6006 2.89445 -2.72167
820 36.5497 39.5668 2.47763
821 12.3427 10.7101 3.90198
822 6.93869 9.75518 2.39527
823 36.8232 1.83443 2.60698
824 38.1269 12.4284 1.52941
825 34.0768 29.3541 2.82455
826 39.2709 11.8847 -0.204938
827 37.7531 13.8211 -1.0718
828 26.7995 7.86172 3.9008
829 18.4526 35.6828 -1.8943
830 11.8589 22.1893 4.0854
831 12.6361 35.8055 0.832057
832 32.9572 30.8132 2.35901
833 15.26 17.3493 -2.66184
834 21.2691 8.039 0.560881
835 5.84772 31.741 1.65115
836 20.021 34.0405 -0.795173
837 36.3064 27.0432 -2.88763
838 27.6942 12.4843 -2.21347
839 0.713569 23.4389 -0.0857154
840 25.7649 15.5635 -2.24165
841 31.4719 39.436 -0.347449
842 26.368 31.5146 4.27046
843 12.5792 39.6767 -1.50827
844 9.11194 13.5248 -1.53877
845 3.15627 30.6077 -1.32053
846 16.023 36.1805 -0.544121
847 3.91177 21.4375 4.51491
848 23.6894 15.7861 -0.293031
849 11.655 22.0661 4.65439
850 4.61585 34.2722 -3.79114
851 0.456904 36.2662 -0.307858
852 25.6208 31.798 2.57309
853 28.4022 25.6028 3.27416
854 0.286251 31.1738 1.92666
855 18.6335 2.39521 1.18233
856 19.3863 32.74 -2.45394
857 7.0894 21.3095 -2.62456
858 0.890504 25.1194 0.883844
859 20.7224 39.6599 0.249177
860 28.9973 19.6181 -0.118499
861 38.1485 13.6039 -3.06084
862 1.77257 33.1772 -0.700936
863 12.1821 15.8674 -0.670637
864 26.9619 10.3937 0.698479
865 27.3538 30.736 -0.904184
866 28.0579 39.1477 -2.48754
867 15.3136 1.14419 -0.686355
868 35.1815 25.566 -1.62932
869 38.4142 12.7465 1.13161
870 9.07356 2.28707 0.353954
871 20.446 20.6743 0.785706
872 33.0528 24.7172 -0.509584
873 19.0835 20.4554 4.44236
874 33.8835 9.69061 -3.42468
875 38.913 11.2197 3.33443
876 3.17613 5.10258 2.28195
877 1.79608 0.104339 -0.284583
878 0.0173603 35.8683 1.42321
879 4.47207 34.0231 -2.22643
880 1.36944 21.9137 1.08786
881 8.62706 24.7524 1.27896
882 22.1519 8.14697 0.827475
883 3.59803 26.7538 -0.458942
884 15.5434 17.4828 -2.09992
885 11.5361 13.9607 -0.0404122
886 15.1036 29.038 -2.58158
887 33.3253 15.7092 -1.17419
888 38.43 30.8574 1.30509
889 7.32432 10.4073 -2.95018
890 20.322 14.7046 0.418302
891 21.9042 20.2977 -0.0220972
892 28.6567 3.34212 -2.46225
893 26.3648 31.0425 -1.74409
894 33.0508 31.7875 -1.53979
895 35.8753 21.6554 -1.79416
896 14.4671 36.7932 0.396137
897 0.959465 10.4449 -0.0384897
898 17.7235 17.3892 0.659921
899 8.91918 27.8302 0.472263
900 16.3376 5.43782 1.48128
901 3.68818 37.6608 0.381974
902 0.0110717 30.3 3.47855
903 5.85711 33.6633 1.887
904 20.979 2.39634 3.40218
905 21.5914 33.8683 -1.36585
906 24.9285 24.7717 0.0217512
907 22.1452 31.0144 3.18629
908 29.9713 35.7431 -3.99045
909 20.2507 6.66395 -3.96908
910 36.1546 18.0786 1.3383
911 33.314 26.765 -0.249625
912 19.981 26.7493 3.16867
913 3.5693 23.6968 -2.50718
914 8.96654 24.7885 2.88195
915 35.6567 36.1419 0.252123
916 25.6977 18.8085 2.12817
917 5.44363 30.9174 2.15182
918 3.50549 33.7044 -1.38132
919 32.4823 18.9673 4.08105
920 1.48718 18.7332 -0.677429
921 33.1961 23.0883 1.40331
922 26.2919 14.5198 0.555034
923 10.3856 26.4992 2.46158
924 28.6333 37.5459 4.04281
925 19.9615 1.84051 -1.52071
926 26.3485 35.1733 0.535599
927 9.43039 33.0995 2.80785
928 35.2605 4.42665 0.0249057
929 36.3816 28.9183 1.75744
930 14.4881 9.53066 2.28814
931 21.2935 18.4378 -3.18412
932 9.96364 25.3514 2.51918
933 12.7146 6.48451 -0.0365508
934 30.8416 30.4445 2.69
935 4.75987 5.68618 0.721716
936 7.26374 23.7776 1.75692
937 11.8936 38.986 1.94312
938 20.3423 23.9491 2.13051
939 23.1444 8.95556 2.69712
940 18.011 18.9855 1.09408
941 21.7233 20.4646 -1.4174
942 2.63053 7.68404 1.15935
943 12.1363 3.53498 -1.33455
944 38.9067 29.6773 0.8574
945 5.15974 1.68151 -3.43373
946 20.8766 24.5584 1.74879
947 23.2237 3.23545 -2.3154
948 10.9852 36.3714 2.26484
949 6.10569 7.50631 1.52548
950 33.4192 23.4319 3.97755
951 19.7629 11.1173 -1.30034
952 13.4692 16.4376 1.9399
953 37.2432 12.1806 -1.39206
954 3.79069 0.62357 4.36638
955 38.9758 9.81676 1.16675
956 31.1611 7.06844 3.50943
957 31.236 15.6153 2.40091
958 1.63906 33.0041 2.44291
959 27.3526 32.9138 -3.80521
960 2.20607 7.40285 0.483475
961 2.65412 33.3915 0.954406
962 11.8466 31.6884 0.705696
963 15.0952 30.2757 2.02394
964 4.47184 11.0076 0.821833
965 39.3585 31.5135 1.91674
966 16.4771 19.48 -1.06044
967 22.3213 39.1334 -0.441787
968 34.3992 27.3799 -1.11061
969 11.8486 38.9658 1.46456
970 25.5161 38.3514 -0.476737
971 33.6831 12.4984 -0.0238525
972 9.55283 20.1613 0.26026
973 9.07419 23.6699 2.48125
974 26.793 14.8162 -1.72474
975 12.7376 28.7517 0.703626
976 2.88827 3.37126 2.06812
977 3.85163 39.2709 -2.3812
978 13.117 22.7913 -1.26312
979 3.47126 33.1685 -1.02036
980 38.324 12.381 0.258042
981 5.347 9.89808 -4.19261
982 0.595569 1.43244 -1.73332
983 24.2772 14.7476 -0.26654
984 13.9682 34.5504 0.766014
985 6.66281 20.9497 -1.94127
986 30.54 14.2143 -1.60768
987 6.52771 7.20226 2.18236
988 2.49232 31.6311 0.231835
989 15.7232 29.5166 -4.29483
990 25.6914 16.3643 -2.70238
991 11.3346 22.7033 4.6252
992 39.2252 15.9971 -0.958716
993 9.74205 19.8693 1.03259
994 26.4603 19.3325 -2.67277
995 9.2356 22.1288 0.370163
996 37.0992 17.7913 1.2904
997 36.9586 13.3866 -3.09603
998 39.1373 1.92638 -0.911095
999 32.2784 28.9275 -0.0655155
