1000
Particles
0 37.3567 34.7069 -2.56029
1 31.2681 19.8504 0.039609
2 20.3628 4.25221 2.24718
3 9.8553 35.624 -0.254854
4 16.3846 21.3826 -1.04973
5 22.0909 8.12582 1.4087
6 28.721 3.02631 -1.98684
7 32.1587 19.8969 0.500474
8 5.75875 30.79 -1.32084
9 27.941 19.2823 -3.98565
10 26.2314 33.8853 1.5223
11 39.1837 34.489 -1.10121
12 32.3619 27.9416 -2.43298
13 1.14417 8.99811 2.95547
14 28.6311 17.9593 1.15385
15 25.6764 28.5949 -2.85928
16 23.1455 33.0901 -0.518901
17 32.4979 10.7067 -2.31808
18 35.7431 12.906 -1.40078
19 15.9553 20.4661 -1.24853
20 8.2173 10.8019 -2.28459
21 38.2309 4.06192 -0.187011
22 39.2362 18.4914 -1.19363
23 30.6026 18.4445 -0.99656
24 37.1793 8.40574 -1.43043
25 2.39394 34.8929 0.430634
26 18.2366 30.3256 -2.53769
27 12.4096 17.7651 -3.50423
28 3.36299 30.9331 -3.1523
29 31.3611 9.09358 -1.76385
30 19.1828 21.866 -3.06045
31 14.7007 18.74 2.59371
32 20.1362 8.00207 -1.3246
33 9.10085 0.0470509 0.674609
34 28.117 15.198 1.97551
35 23.6771 39.1902 -2.88999
36 18.7919 39.9332 -0.929404
37 37.9096 23.3679 -2.20636
38 33.7645 0.142082 3.58375
39 29.372 15.0221 0.31938
40 34.2242 35.2084 -0.14535
41 15.4705 12.5695 4.603
42 37.5526 18.7553 0.419193
43 26.0628 37.14 -2.74947
44 24.3651 25.0989 -1.34728
45 3.70682 27.2794 1.7866
46 2.19645 8.30551 1.26338
47 34.6072 5.1949 -2.98575
48 3.61865 36.73 -0.138785
49 8.06006 32.4268 1.2754
50 37.3384 1.53172 -1.10263
51 17.5362 39.5552 -1.92536
52 33.4865 14.1628 0.0734248
53 14.0983 6.39844 2.25543
54 33.6454 28.7869 2.33256
55 36.8934 19.8388 1.06822
56 24.7015 7.06664 -0.843652
57 0.972899 30.86 1.77339
58 38.5696 23.6246 -0.150284
59 2.85791 34.9309 0.227205
60 6.25578 27.3248 -0.698374
61 16.5368 27.3242 -1.48533
62 35.6191 39.8864 2.96959
63 10.4224 13.579 1.44142
64 38.4815 26.6391 -2.31979
65 13.514 37.2842 -1.1725
66 11.4959 16.2502 2.20481
67 26.4696 20.4466 0.0792369
68 9.82593 5.35158 -0.970195
69 12.3006 4.71267 -0.107536
70 6.6333 34.4626 -2.26514
71 16.5674 9.57995 -0.685814
72 10.3332 13.6997 -2.07025
73 24.2228 27.5295 1.5324
74 6.61865 1.67282 -0.997546
75 3.31964 34.6488 1.66489
76 18.4125 7.34096 -0.54613
77 6.91882 27.9348 -0.879117
78 39.3173 30.2478 2.83916
79 36.2156 3.24733 -1.75031
80 35.3043 6.38198 2.18424
81 38.8267 25.1439 -4.87894
82 12.8822 11.1623 -3.35761
83 16.8394 27.1131 -1.78986
84 16.6631 15.9449 -3.80942
85 0.0267402 20.6847 -3.51598
86 18.1712 5.23529 -0.401661
87 22.4677 37.0515 -3.59911
88 4.21756 39.5035 -1.49236
89 4.05594 39.468 -1.5033
90 37.4269 33.9794 0.651603
91 19.8145 17.8243 2.27298
92 14.6037 21.6242 -1.58324
93 17.6842 9.03753 -0.39048
94 16.4178 18.2326 0.702188
95 17.4306 0.776562 0.399696
96 10.4734 29.3565 1.36971
97 23.1354 35.3293 -3.26157
98 0.404219 21.1307 -1.79463
99 10.5352 1.68964 2.6152
100 27.9135 20.0941 -0.420072
101 21.1475 26.0203 -0.790846
102 19.7214 33.2595 0.516989
103 10.3577 3.52621 -1.20821
104 23.5428 6.73222 -3.56176
105 20.5038 28.7149 2.79077
106 31.5799 11.3473 1.12381
107 16.6661 22.9792 0.575616
108 24.3128 8.37058 1.438
109 38.5598 36.7116 -3.33809
110 12.9077 0.848852 3.52924
111 0.00084373 32.4367 -3.5733
112 31.154 36.5445 -3.74629
113 39.6868 21.4392 -3.77478
114 1.77651 25.2516 2.22338
115 30.5159 25.0996 -3.69528
116 24.5752 28.7246 0.329458
117 24.9161 32.3915 0.277914
118 22.2124 0.446953 2.32076
119 31.8548 18.1699 3.6399
120 30.4751 27.8838 2.47058
121 27.0688 14.2364 -0.248808
122 37.4399 17.8738 0.932771
123 5.79653 27.3643 -4.05269
124 15.5901 39.2835 -2.93583
125 28.1185 39.4612 -0.442739
126 28.0687 22.524 -3.60023
127 36.4209 5.95165 2.07278
128 36.9265 9.69058 -0.0259649
129 3.41644 12.6759 0.936458
130 33.9827 4.47345 -3.19471
131 36.2342 25.6417 -1.11362
132 20.2077 0.40083 3.01441
133 33.7813 30.0635 -1.77015
134 4.73544 30.0713 -3.59972
135 11.7141 6.73772 -2.66734
136 25.331 6.88803 -1.42797
137 29.3351 31.691 1.04145
138 12.8383 23.7408 -0.345264
139 15.1813 39.5675 -2.50871
140 22.9381 32.5116 0.376642
141 31.6411 27.3145 2.50899
142 24.3208 2.82557 1.33279
143 16.5107 26.1514 -2.51367
144 2.22431 24.2902 1.50363
145 28.1179 18.4434 1.13308
146 31.2837 8.46376 -1.57328
147 38.9815 1.90591 0.327267
148 36.7966 10.5334 -3.19249
149 15.8509 23.9129 -1.87635
150 20.2359 14.2382 -0.00821235
151 35.9002 38.9723 1.7119
152 19.7588 12.723 0.721187
153 20.0208 3.24796 -1.5733
154 28.7175 37.2367 0.777879
155 33.3058 27.3541 3.90365
156 37.0857 25.8834 -0.0073382
157 14.4823 13.9195 0.851828
158 17.1267 32.6921 -4.02767
159 17.1029 26.426 -1.22988
160 4.29661 13.3299 -1.92279
161 10.4468 21.0104 3.94648
162 27.2946 31.3733 3.0667
163 7.24719 4.72625 -0.759749
164 14.46 3.0865 2.0608
165 24.2045 8.32843 3.20447
166 35.0177 7.63701 -0.86407
167 12.7224 35.8137 -0.769694
168 0.67598 21.5278 -4.1604
169 38.7124 33.3153 3.66545
170 3.05202 37.1388 0.112022
171 22.7199 38.112 -3.86411
172 0.64699 17.8689 -1.70284
173 23.0277 36.3552 -4.07006
174 15.3747 36.056 2.26747
175 39.9874 6.65625 1.93578
176 19.3579 21.8279 3.59155
177 11.1243 7.6754 -0.0672194
178 24.7946 15.9735 -0.81944
179 29.9565 8.86012 0.0714781
180 16.2124 9.67034 -2.93413
181 36.5332 28.3063 -1.81904
182 22.17 12.6291 -2.76065
183 4.226 23.8364 1.73686
184 32.7299 0.855684 1.20656
185 11.2403 11.9877 0.696337
186 23.1273 39.4221 -1.82991
187 9.07785 39.0075 -1.1645
188 19.936 17.6907 -1.74729
189 8.97888 26.3255 2.68769
190 23.8517 23.4312 2.52581
191 13.247 29.4785 -3.12946
192 38.327 4.66545 -3.48893
193 31.3089 18.308 -0.148758
194 17.5181 26.9237 -0.824541
195 10.0805 18.319 -1.05584
196 29.0675 37.0825 -0.933475
197 16.2657 34.6491 -1.16867
198 28.5851 17.2701 2.943
199 10.2119 9.61272 -2.36213
200 32.1807 36.0686 -0.95013
201 34.2835 17.3912 -0.686947
202 14.2472 20.0117 0.372353
203 25.9863 16.3194 -1.98057
204 32.2228 29.5283 -0.678575
205 35.9074 30.369 -2.0191
206 16.3126 4.93416 -3.46599
207 37.6197 32.9305 -4.00522
208 34.4839 22.8491 3.88754
209 8.53027 32.7119 0.914386
210 8.07153 24.7842 0.0549621
211 38.9563 21.6395 -2.73421
212 34.2621 30.9871 -3.67091
213 0.58525 7.46208 1.79398
214 29.8446 22.5721 3.83075
215 35.1313 23.8302 -1.34556
216 27.9866 23.2184 3.69707
217 8.63417 9.36792 -0.133956
218 14.4107 16.0703 -0.572343
219 22.7023 39.4435 2.68844
220 13.6028 5.77783 -1.01977
221 19.8147 9.22722 -0.241979
222 38.6123 33.0714 2.91995
223 18.2381 27.0843 -1.71861
224 2.43221 27.0844 3.7203
225 33.5466 8.64966 0.415008
226 39.1561 21.1023 3.0727
227 4.36887 8.58922 -0.452802
228 19.4417 6.53804 2.22261
229 36.8927 19.8002 -1.67605
230 30.4046 7.98651 -1.33747
231 17.4963 22.7516 0.0408378
232 33.6034 7.18086 -0.703037
233 38.6718 12.5627 0.532795
234 7.93229 38.6638 2.40025
235 38.9295 7.63402 -0.770416
236 10.6748 35.9899 -2.41148
237 12.5678 28.685 -3.00531
238 9.65038 10.717 0.496351
239 35.0894 12.9733 -3.02423
240 21.7686 20.8535 -1.35719
241 14.1199 32.2714 1.55698
242 38.1102 7.94346 -0.0495072
243 24.1373 39.9291 -0.3158
244 36.6284 19.3265 0.563225
245 20.498 1.33997 2.2472
246 32.5064 5.32568 -0.920688
247 7.56491 0.680208 1.28839
248 5.25183 25.6769 -0.59785
249 16.2939 33.9524 3.38761
250 14.4752 3.0077 -0.707198
251 37.3632 7.15109 1.63994
252 32.7874 16.9363 0.028911
253 32.0182 12.7831 -2.70428
254 38.787 1.52878 -0.23089
255 26.29 25.0032 -2.70398
256 3.97943 6.81246 0.777524
257 27.9652 16.6365 1.97791
258 33.3264 34.0277 -1.16444
259 35.7603 15.5547 0.598679
260 3.5202 9.05432 2.96397
261 25.3915 23.4186 0.834594
262 26.5376 33.6191 -0.811025
263 35.7047 4.90228 2.81958
264 7.38011 25.264 -1.24297
265 1.39524 24.4894 1.27619
266 37.7577 13.7693 0.889101
267 0.862918 23.9021 1.22985
268 5.4149 25.8639 -1.24263
269 23.4443 35.9635 -1.04656
270 2.57666 11.3836 -1.00297
271 31.2176 9.10097 -3.49963
272 21.2103 17.9176 -2.11826
273 24.6817 34.4139 -1.51465
274 9.84778 7.55722 0.351001
275 6.42794 25.0776 -0.599695
276 27.7004 17.4288 0.826508
277 9.60399 20.7868 1.68155
278 4.3553 11.1962 1.33399
279 5.37611 26.0386 1.66407
280 5.59791 25.3434 0.565993
281 22.7487 14.5098 0.522901
282 15.139 20.0038 -1.63229
283 20.0623 36.3319 0.447692
284 26.1338 21.645 -0.514656
285 0.420824 36.1333 -3.76414
286 33.9607 4.69597 -4.48813
287 10.4046 18.0154 -1.1347
288 3.36769 38.9664 0.861094
289 13.0054 28.7984 -1.9509
290 36.3757 25.5273 1.63893
291 14.0015 9.58701 -1.08507
292 39.4077 20.3254 0.95473
293 2.96729 6.09514 -0.795626
294 32.2171 27.0267 2.38249
295 16.6947 9.50164 -2.99934
296 25.4927 28.0207 -0.339394
297 1.38078 25.7273 1.31356
298 26.0017 37.1193 -3.24842
299 19.7105 25.6084 -0.449346
300 23.2074 6.10301 -3.4867
301 30.986 25.3875 -1.01003
302 19.9386 37.7605 -0.679703
303 7.03437 28.5479 -3.2542
304 10.6449 25.6274 3.193
305 4.68422 23.2436 0.901284
306 30.9254 14.2255 -1.37756
307 12.3707 12.8833 3.47191
308 6.19122 18.4453 2.17701
309 14.0895 33.3747 0.36256
310 15.961 21.684 -1.29138
311 22.5606 5.04027 0.953549
312 34.3262 1.08787 -4.32548
313 28.7876 39.7574 4.5414
314 16.7737 4.44042 -2.00194
315 38.4856 33.9956 0.96728
316 38.8428 35.7462 -2.99893
317 27.3577 27.435 -2.19957
318 23.9096 23.0923 0.0807287
319 3.47619 37.539 0.367289
320 3.4302 23.908 2.09372
321 28.5335 3.26975 -1.03092
322 5.96603 37.3189 0.730086
323 17.7715 34.352 2.85209
324 27.4743 15.1779 1.42737
325 8.7841 30.3694 -4.9945
326 3.04549 14.401 -0.315378
327 23.4348 35.9049 -3.25313
328 15.9521 25.9798 -2.0884
329 8.58272 18.7344 -0.553378
330 3.91944 13.7171 -1.83494
331 12.6154 37.0572 -2.68932
332 33.7204 12.9121 -1.20157
333 23.4621 14.6575 -3.33601
334 17.7585 7.06716 -2.12665
335 7.97778 0.365715 3.59812
336 16.1473 36.1159 -2.89621
337 8.46061 15.8805 1.63889
338 14.1194 28.512 0.987371
339 1.08196 33.0719 -1.59684
340 4.99953 25.2456 -1.35561
341 31.5735 28.4688 0.439724
342 11.3718 13.0068 1.30921
343 12.0257 13.4999 2.80619
344 11.0798 1.14437 1.6745
345 31.3184 26.9993 2.35512
346 19.4849 6.19273 1.29865
347 4.07612 37.4472 0.955236
348 8.99369 19.3552 -0.20043
349 17.0914 17.7826 1.98944
350 5.57213 18.7507 3.23077
351 10.2134 21.0224 4.59052
352 26.2823 25.1543 -0.48957
353 26.1592 6.54567 -2.1419
354 35.8968 38.9214 0.846797
355 17.2884 18.2279 1.17375
356 28.1871 31.9863 2.07947
357 12.2949 26.8502 -2.17422
358 12.3116 16.959 -3.7168
359 36.3404 26.4827 -0.178705
360 28.0397 23.9438 2.40469
361 30.1149 30.8952 3.20934
362 39.5263 22.1398 -1.90838
363 38.0959 12.0539 -0.432691
364 6.68897 16.8755 -0.406705
365 10.0813 36.9901 0.752041
366 15.978 7.72505 -0.898506
367 9.58793 0.443016 3.25665
368 22.034 2.37382 -0.975221
369 15.0723 35.7206 0.702851
370 21.7346 27.9201 -1.46067
371 21.1252 17.2191 -4.00283
372 25.0032 24.972 -4.03579
373 14.4914 12.105 -0.899936
374 10.7468 17.9152 -0.965468
375 13.8594 11.9729 0.493584
376 1.2538 27.9023 1.9641
377 2.55709 6.73698 2.51941
378 10.891 3.28131 -1.73792
379 33.894 28.8332 2.07881
380 35.6404 30.4446 -0.825813
381 12.9485 35.4312 -2.33023
382 3.61827 19.0237 -3.84068
383 20.3376 33.3929 1.2221
384 29.011 5.65304 -0.000884228
385 15.507 15.4774 -0.624854
386 22.9802 6.90621 3.57791
387 4.40897 5.03064 -2.05475
388 32.8219 23.2851 1.5839
389 2.79475 5.73481 -0.585492
390 34.7919 23.9456 -1.86853
391 16.6376 12.4116 -1.75647
392 22.9043 29.7409 -0.436132
393 20.4752 4.2315 -0.302323
394 27.4742 36.2008 -1.04035
395 36.4369 17.2966 -0.845111
396 1.89272 6.70858 2.62156
397 3.70354 3.16578 -0.448953
398 0.0260486 30.6566 4.09071
399 37.5718 21.9335 1.08284
400 0.949352 0.533548 0.605735
401 23.9661 32.9712 -0.703461
402 34.8326 10.2152 -3.671
403 1.09508 24.4205 0.365101
404 23.8092 27.621 2.70616
405 2.31555 24.6316 1.95282
406 22.9868 1.57558 -0.500114
407 37.8541 3.12231 -0.0801798
408 7.73025 13.1628 1.0493
409 13.8312 4.39985 -1.71678
410 24.3696 23.8803 -0.380442
411 15.5875 21.0112 -0.534781
412 1.04509 6.42198 2.37517
413 13.2486 12.5415 1.89228
414 3.71184 16.834 -2.18744
415 12.538 28.271 -1.00523
416 22.1327 35.2078 2.18696
417 1.384 3.85999 -1.66812
418 26.3837 23.8851 -2.08383
419 23.1309 6.81081 -2.57074
420 21.2334 0.846722 -0.179872
421 7.95758 19.2798 0.157958
422 9.53477 9.25551 -3.1511
423 27.5577 7.07005 -0.325471
424 27.1979 21.2375 2.29037
425 20.1077 2.53222 1.24456
426 9.7946 21.5388 2.15913
427 16.7589 17.733 1.29879
428 3.5812 7.07857 0.346989
429 2.54673 8.37262 -1.92279
430 20.5453 16.5549 -1.96581
431 4.31558 9.21974 1.6237
432 19.9749 32.4045 -0.373712
433 27.5528 25.6159 -2.71995
434 5.11201 24.4245 1.33621
435 27.8687 36.4877 -3.69379
436 0.180082 24.3921 0.161355
437 12.052 34.8547 -1.01798
438 5.19062 21.207 1.97249
439 33.4723 21.0023 -0.638432
440 25.3583 6.66856 -3.32065
441 12.1656 3.41695 2.73987
442 13.5429 28.1302 3.42678
443 20.9609 15.7818 -1.44447
444 11.7308 17.0088 0.029688
445 9.60148 24.7069 0.805231
446 20.0513 6.4451 0.728953
447 2.63184 7.10541 -0.675858
448 30.5684 28.3741 2.40624
449 15.7414 18.4781 0.241028
450 9.39462 20.5319 2.88261
451 35.4846 9.64242 -1.20777
452 12.7646 13.3303 2.21759
453 6.65994 28.9275 -1.45511
454 34.6585 5.84557 3.91745
455 31.9592 6.24173 -1.86203
456 9.05016 6.20976 1.21611
457 25.4019 20.603 0.975503
458 36.1584 18.0531 -1.36959
459 9.68584 5.91815 0.789782
460 9.27371 3.59287 -1.87481
461 10.3098 1.02977 0.743357
462 25.7846 19.0758 1.36741
463 2.51881 30.8571 -4.02152
464 30.752 18.7822 -0.605754
465 29.5143 18.9369 1.406
466 31.3755 20.0873 2.05273
467 10.2529 37.0753 -1.23938
468 28.5151 32.1671 3.10157
469 16.6652 32.451 -4.50379
470 11.0532 13.2048 -2.54601
471 35.972 19.2986 2.37763
472 12.5943 10.724 -0.651849
473 14.4986 2.2044 0.408187
474 8.0356 39.1507 1.90199
475 32.5927 6.8101 -1.3086
476 18.5248 26.6689 -2.25798
477 14.8152 33.6056 -2.02812
478 31.3828 22.9458 2.59212
479 1.21782 27.4487 3.37333
480 32.7183 19.6944 -1.1679
481 27.0792 37.9236 -0.444572
482 6.64759 33.2006 -0.917051
483 11.603 30.9701 -2.47342
484 11.8647 34.7874 -1.92049
485 8.42248 0.886552 1.34284
486 14.8644 31.5977 3.23623
487 30.529 30.792 1.46258
488 37.1485 7.90624 1.12754
489 17.0431 3.20707 -2.79784
490 8.2219 0.935536 0.654842
491 15.5736 7.89124 -1.36162
492 20.4437 2.2886 -1.33667
493 3.18873 26.0529 4.07121
494 8.51671 19.2773 -1.7049
495 35.1811 14.6128 -0.00700854
496 30.781 23.2755 0.52001
497 1.34326 25.8444 0.475424
498 16.1876 17.1493 0.854722
499 10.9338 18.9603 -0.565416
500 7.51955 16.7809 -1.7945
501 27.1615 12.5166 0.605912
502 35.8787 7.84562 2.39233
503 16.576 30.1547 0.989811
504 36.9555 32.3952 -0.55462
505 8.06816 0.487299 1.791
506 30.6088 27.3039 1.19486
507 21.7232 12.5051 -0.842889
508 39.6743 23.1585 2.55467
509 25.415 38.0746 -2.21384
510 33.3755 0.8669 1.13895
511 23.8761 32.5239 2.84928
512 37.0795 31.1484 -3.57075
513 14.8741 32.7941 3.45655
514 13.303 27.8203 2.16247
515 15.1902 16.9264 0.118522
516 22.2575 38.9906 2.50723
517 16.4424 14.4085 -0.186039
518 14.4226 12.1953 -0.807802
519 14.9211 17.2431 2.09801
520 36.5303 9.89488 -2.74439
521 37.1192 25.2053 0.391388
522 20.7471 17.2349 -2.99485
523 11.0692 19.2959 -3.10824
524 5.23978 24.7586 -0.788737
525 6.52369 12.3951 0.0466802
526 1.94654 24.6291 1.32559
527 15.7618 7.15352 0.584819
528 21.4026 1.17456 2.41508
529 30.3142 8.64724 -1.0427
530 33.5331 8.16077 -0.563561
531 27.205 10.696 -2.87721
532 20.0165 38.3396 1.34421
533 22.4577 27.8676 -3.13471
534 13.2651 27.6584 -1.92371
535 4.01185 5.67141 2.63492
536 31.795 19.428 2.29749
537 0.939573 20.5891 1.65597
538 0.929396 0.813694 3.29682
539 0.65304 5.01025 -0.42813
540 29.7273 24.8897 -0.821476
541 27.5587 21.3524 -0.746806
542 37.9453 30.9379 -1.40368
543 8.65661 12.9045 3.28074
544 4.62039 4.1975 -3.20915
545 18.2185 22.867 -1.07842
546 1.97033 33.6583 -0.158068
547 7.36533 17.7411 -2.16443
548 38.3427 33.0739 2.37364
549 1.73751 23.8122 2.8891
550 6.58762 33.5771 1.33538
551 20.7332 20.107 -1.47298
552 1.04502 6.33152 1.95748
553 17.8213 26.293 -1.85507
554 19.3274 6.89147 1.07192
555 37.0163 15.575 -2.01806
556 31.7105 23.3122 -0.316684
557 9.0585 25.2428 0.56088
558 37.3784 2.61945 0.163061
559 28.2847 31.5148 2.4899
560 29.0608 25.09 1.10499
561 8.32496 21.5015 2.02271
562 5.19536 26.9458 0.9742
563 4.68171 15.3903 -2.19423
564 13.8377 22.5348 -1.15439
565 1.42516 18.7232 0.594578
566 18.0637 33.623 1.77091
567 34.6062 14.6246 -0.252317
568 1.99559 9.87486 -1.27869
569 2.94852 20.3779 -1.34432
570 5.76704 29.0793 3.20769
571 17.1658 12.5408 0.158425
572 38.5178 30.7053 -0.375466
573 22.6508 36.926 -3.67281
574 12.2427 23.2736 1.14955
575 19.9387 21.56 3.83508
576 0.521839 2.11281 -1.76079
577 23.2109 30.9349 1.15347
578 6.61398 38.2225 2.57888
579 5.19964 9.31596 0.184871
580 7.77051 28.8541 -1.05587
581 6.72953 30.3997 -1.80159
582 28.9905 27.0314 -2.11227
583 22.5319 39.4284 2.97295
584 36.7152 12.2329 -0.526524
585 5.79248 21.4587 3.19251
586 24.0148 18.6844 1.37925
587 30.6031 31.6471 1.90107
588 18.7232 33.2014 -0.472791
589 28.1371 18.4518 2.16909
590 3.98006 5.14376 4.53527
591 1.09923 22.8334 0.158953
592 34.2203 28.5778 3.53137
593 15.7401 24.2084 0.177638
594 4.86599 4.27346 -0.327082
595 24.501 17.8789 0.650927
596 37.5123 34.3334 0.617902
597 27.564 10.5618 -4.08296
598 34.8274 11.8679 -1.61092
599 14.0124 32.5867 1.66281
600 7.93711 0.47455 1.1897
601 18.4437 35.6335 -1.67142
602 7.72885 19.1469 -0.268831
603 15.4279 17.0493 3.11027
604 29.6793 23.5498 3.27224
605 9.18369 36.9996 -3.2654
606 39.3197 30.0217 3.20567
607 1.89045 7.86109 2.12773
608 3.26911 6.55252 2.52576
609 26.1792 37.8397 -2.90142
610 32.2481 24.4047 3.03057
611 39.8717 23.1155 -2.22514
612 21.0993 10.0748 1.39021
613 21.9606 12.1259 -1.77165
614 0.00116327 6.34114 2.78262
615 32.0351 12.0834 1.67922
616 34.9291 12.3323 -3.30894
617 23.4883 33.0003 -0.0886892
618 2.46788 39.5185 -1.08117
619 27.377 35.5576 0.845
620 35.4482 37.2496 0.683798
621 24.4865 15.4707 -0.315049
622 12.138 3.61649 1.331
623 18.1135 8.26799 -2.90238
624 30.6061 5.04174 -2.7178
625 19.6813 8.35107 -0.0786579
626 7.69189 39.4676 2.37856
627 2.75178 33.4905 0.715896
628 18.3438 9.17569 -3.07912
629 25.9112 1.03426 3.85826
630 32.7582 32.6782 2.24937
631 27.2501 35.5998 -2.43088
632 30.6098 30.6138 3.46023
633 37.8765 21.4394 1.62002
634 38.5611 6.70515 1.85019
635 25.3485 29.7548 -0.131352
636 21.0735 2.63898 -1.93606
637 1.07189 22.7382 2.98689
638 33.432 22.7181 3.01814
639 33.0007 8.72155 0.12035
640 6.80766 19.7291 -0.735666
641 24.4683 4.99532 1.29396
642 17.0537 38.4092 3.67777
643 28.3196 27.1603 0.310525
644 11.4633 4.69895 0.83315
645 4.25406 13.0167 -2.84437
646 9.38342 6.77443 0.294116
647 12.3428 16.9989 -4.22849
648 36.1525 35.1024 2.45082
649 20.0728 22.8866 1.56424
650 30.6952 13.236 -1.11197
651 24.0163 21.5725 2.2018
652 5.5759 38.9866 2.24567
653 12.0962 3.81132 1.06453
654 18.9872 15.7342 3.0922
655 33.4774 33.3125 0.50402
656 10.6617 12.1069 1.91986
657 23.2564 7.71398 1.71725
658 8.25679 28.6991 3.31926
659 35.3062 38.5036 0.473857
660 25.4632 12.4109 -1.28696
661 37.7058 19.5285 0.791082
662 33.1756 31.3549 3.06054
663 16.328 22.5139 0.474878
664 29.4546 14.5045 -0.668361
665 35.4134 1.48545 1.37186
666 26.9387 36.2751 -0.915148
667 0.612863 34.6074 2.60929
668 12.5674 33.3543 -0.0625174
669 14.8924 25.236 -2.08978
670 38.9755 27.6532 -1.16296
671 28.9515 37.5945 -1.72315
672 14.145 31.9921 1.429
673 34.0133 3.83048 -2.88704
674 11.198 20.16 -1.96112
675 30.4126 14.8852 -3.95588
676 29.8551 36.8046 -4.66568
677 30.4292 18.821 1.72976
678 32.1622 0.97263 3.03236
679 20.1585 22.1507 3.81064
680 17.455 29.238 -1.28983
681 9.2758 38.6573 -0.158139
682 33.6856 34.1163 -2.41411
683 27.8241 24.3485 2.16491
684 11.0138 38.0276 -0.380929
685 25.1125 25.4498 -3.67989
686 39.2543 2.55295 -1.71935
687 22.2733 10.3087 -1.49942
688 31.7804 4.42122 -0.789868
689 12.9635 1.92978 -1.50161
690 19.1777 27.5844 0.607416
691 17.1685 30.1482 -0.0363658
692 25.4502 13.1132 -1.64702
693 38.1138 19.0011 -0.2175
694 30.8476 30.3683 -0.0257751
695 18.0834 27.4556 0.980721
696 31.3527 26.771 3.28154
697 32.5034 7.10667 -0.923477
698 35.7699 13.1281 -0.138497
699 23.7521 22.8468 1.04036
700 2.82897 5.36986 -1.13084
701 26.0526 1.42995 4.49899
702 38.6238 7.11462 -0.0975233
703 36.9868 16.0176 -1.34874
704 27.6141 30.831 1.74937
705 3.17427 35.6605 1.7765
706 34.8482 34.7018 -1.62017
707 11.457 9.60985 -0.759
708 28.2437 15.8153 0.244952
709 23.9955 7.84076 0.83767
710 17.2342 28.8057 -1.60412
711 33.8761 27.3311 0.343667
712 26.265 12.8991 -1.15176
713 33.876 14.4457 1.7219
714 27.8816 28.8623 -2.46683
715 39.466 4.29717 -2.11819
716 17.497 34.0125 1.59951
717 17.5533 27.1993 -1.82928
718 12.7326 28.0558 -3.09591
719 10.123 35.4509 -0.858145
720 13.4915 27.5041 2.06006
721 28.8154 32.8264 3.73246
722 38.4746 2.56095 0.5882
723 20.2941 1.44027 1.83861
724 16.5524 1.66165 2.86138
725 27.0175 1.80014 -2.36591
726 7.00739 29.2487 -1.42001
727 3.87683 26.9624 1.84305
728 2.13074 10.9655 -1.45612
729 20.8073 37.9645 0.817015
730 18.7043 6.47366 3.74237
731 32.1849 22.1219 1.65463
732 26.0074 34.6897 -1.21548
733 33.1783 25.2258 1.34826
734 23.1151 7.96943 3.21907
735 18.8607 20.5156 -1.32298
736 19.5212 31.3526 2.33961
737 32.5124 33.2978 0.825098
738 16.5999 8.9239 -1.50294
739 12.8697 28.1097 -1.09794
740 2.86759 18.4551 -2.86956
741 11.1811 33.709 -1.54748
742 23.4783 13.119 -3.10668
743 23.9235 23.7065 1.91659
744 33.3876 20.7735 -0.766102
745 16.9122 33.4847 -1.67312
746 13.5251 10.5303 -1.14972
747 14.2363 27.3029 3.4313
748 14.7186 25.5323 0.626945
749 2.88521 5.63962 -1.12091
750 2.10064 31.0577 -2.59348
751 9.15786 0.846671 0.0331233
752 37.2645 17.6253 -0.376973
753 9.28509 23.6479 0.183801
754 27.4801 22.6383 0.666627
755 23.2275 5.84768 -1.68655
756 0.660634 6.21521 1.89548
757 13.7078 21.9939 -1.4856
758 35.9194 23.5693 2.29071
759 8.54391 29.0191 2.65617
760 37.1935 38.6175 4.01352
761 12.0583 19.9138 -3.5183
762 23.804 26.7199 1.29085
763 14.0322 1.30303 2.87891
764 26.0314 3.8667 1.20814
765 29.2348 27.059 -2.76464
766 9.19934 17.2485 1.68585
767 34.6088 14.5809 1.01184
768 7.62576 17.3836 -4.18589
769 19.6661 27.2377 1.68461
770 8.49248 25.6929 2.04125
771 3.32703 21.4702 1.38602
772 14.9973 34.2578 -2.69232
773 35.956 29.7862 -2.52805
774 36.7024 39.4209 3.0055
775 16.0891 8.7382 -0.163604
776 10.5578 22.1353 3.15303
777 4.12606 23.2907 1.15353
778 32.2761 25.4764 -0.949675
779 18.2054 38.9467 3.11047
780 2.22665 1.80545 0.157241
781 32.3305 3.66337 0.148751
782 12.5417 5.79769 -0.336863
783 14.6099 8.17069 0.750359
784 29.0372 0.95635 3.87603
785 26.2239 14.728 -1.14803
786 7.50467 22.7572 -2.41121
787 34.7898 39.6743 1.36315
788 3.60574 35.7203 1.8335
789 39.4903 14.323 -0.129188
790 8.98816 30.3156 -4.52096
791 16.0078 18.8357 1.44575
792 10.7654 27.5266 -1.59508
793 27.0751 0.935885 -1.70284
794 24.1224 26.8426 1.43744
795 8.20477 9.70218 0.0191215
796 17.6166 27.4253 0.26628
797 2.4013 30.6474 -0.448606
798 27.8115 9.14534 -1.76074
799 21.1635 3.832 2.55331
800 29.4111 8.66764 -0.464841
801 22.4578 14.8905 2.69681
802 33.4896 18.0827 -1.69906
803 10.3095 3.44966 -1.6115
804 5.01833 18.7877 2.04896
805 5.64239 22.8856 3.2579
806 14.0113 27.9067 1.9961
807 22.8828 7.64001 2.04905
808 23.7753 22.472 1.02228
809 22.6441 9.04319 2.10791
810 16.4809 37.5917 -3.0488
811 10.9891 26.7125 2.25721
812 9.20375 0.571622 1.58851
813 3.90692 7.7808 -0.335213
814 27.0613 38.1453 -1.55168
815 35.3737 19.7538 3.07494
816 19.9333 37.9484 0.942214
817 16.271 37.8037 -1.71413
818 6.80055 17.0597 -2.01238
819 25.9147 3.72206 0.166218
820 38.4865 2.5931 -0.384256
821 15.8037 7.5879 0.516671
822 7.68146 4.77068 0.144871
823 28.1727 39.4803 -2.49319
824 36.6039 19.6757 1.19222
825 36.4156 27.6047 -1.57357
826 3.58339 15.9485 2.93941
827 37.5593 15.2885 -0.539082
828 19.1387 17.4117 -1.12211
829 16.9131 32.7301 -1.87996
830 12.6171 24.1364 -2.56904
831 10.4423 36.6708 -1.55709
832 31.5048 30.4147 0.162648
833 11.9511 12.7016 -1.25517
834 20.1745 6.97346 0.0559876
835 3.13097 27.2819 1.71531
836 23.3149 28.0732 1.78215
837 31.8306 27.8674 1.87013
838 20.364 3.00786 -1.29959
839 4.52361 24.0888 3.08572
840 24.0585 11.976 -2.26785
841 30.066 32.3369 3.41214
842 17.7153 29.6032 -1.33892
843 10.7045 1.29355 1.57121
844 7.95656 22.2985 -1.65889
845 3.15879 25.5553 0.0401955
846 14.8692 33.6662 -1.02539
847 2.77478 23.7347 0.738428
848 23.5484 23.4821 0.845606
849 15.4963 14.3411 -0.278489
850 1.63838 33.1004 -1.70477
851 2.58721 38.4906 2.02324
852 25.9399 28.9487 -0.8582
853 26.501 24.8226 -3.08209
854 39.4518 32.3644 -4.48074
855 16.5237 39.9444 -3.92013
856 15.9473 35.1823 4.65266
857 12.2036 17.3376 -1.53933
858 4.86607 25.6656 0.492711
859 13.95 36.744 -1.13964
860 38.535 20.8523 2.02018
861 4.22466 17.7878 -1.59148
862 2.40816 34.4298 -0.20351
863 12.845 12.6584 2.66298
864 25.4027 7.41133 -4.22547
865 30.711 29.0079 1.54438
866 26.4308 2.31739 -0.010916
867 23.3069 35.6578 -0.599362
868 30.1198 25.7068 -2.21821
869 39.4627 16.7474 0.810575
870 2.28819 6.784 1.01063
871 18.8238 23.1942 3.30917
872 26.9407 24.9634 -3.5601
873 16.2311 21.7363 0.712163
874 37.4504 12.6412 1.88859
875 34.4815 12.7187 -3.01831
876 2.37822 14.021 1.70387
877 38.876 2.29807 -0.111064
878 5.91544 39.1212 0.0476673
879 3.90526 31.3524 -0.67942
880 2.45975 20.2251 -1.20146
881 4.48512 23.9802 2.65282
882 25.385 2.0198 0.563797
883 36.7499 24.3748 0.323135
884 9.09275 18.3082 -0.481612
885 10.5425 11.4599 0.63015
886 15.7221 22.3785 0.143166
887 39.6685 22.6742 2.66052
888 38.1242 24.8951 -1.82904
889 4.87118 10.9304 -1.82207
890 17.0805 15.8923 -3.38776
891 20.1826 21.7348 2.44836
892 19.8256 3.19846 1.51981
893 31.2336 28.3023 0.971644
894 33.6944 30.8155 2.87769
895 32.6752 17.0421 -0.94772
896 18.6178 3.21995 -2.43807
897 36.8112 10.5631 0.100489
898 18.6862 17.6377 -2.70483
899 8.22955 22.9708 0.451981
900 15.7559 7.86473 -0.130174
901 0.389083 39.8461 2.60904
902 0.138225 33.4638 0.126136
903 7.07743 34.5049 -2.44667
904 20.3404 1.54164 2.06919
905 24.7692 32.5511 1.71976
906 25.8712 23.0521 -0.106489
907 17.0614 30.5611 1.80186
908 33.3278 30.5152 -4.20975
909 17.3055 5.99823 4.12135
910 31.0733 19.9202 2.3248
911 30.895 27.5308 2.50212
912 26.511 22.3025 -0.672094
913 37.3618 26.0907 -3.11965
914 2.77414 24.5218 1.81769
915 36.3306 34.0807 -1.63649
916 24.8672 17.7822 0.392423
917 6.54793 27.503 -2.76983
918 2.85402 6.5507 0.429422
919 30.539 17.8978 0.819651
920 8.82927 21.4153 3.83024
921 31.4549 19.652 1.11047
922 22.3527 15.2647 1.74624
923 12.918 27.4396 -2.1294
924 29.386 31.7206 2.01783
925 17.7008 38.6827 3.75151
926 26.7456 36.103 -3.95889
927 5.20322 31.939 0.581687
928 33.6766 1.33288 -2.53357
929 37.68 31.2807 -3.2145
930 12.4443 5.88342 1.63545
931 12.7213 18.5975 -2.81441
932 4.30886 23.4007 -0.937804
933 14.9599 5.10467 2.32788
934 28.0367 26.6313 -3.4005
935 4.61834 7.01863 -3.83452
936 14.0231 22.0307 -2.35782
937 11.4896 1.04002 -4.42661
938 23.3176 23.4425 0.301909
939 22.1828 7.12545 0.665217
940 18.6653 18.536 -3.9314
941 19.3305 16.7496 -1.50169
942 6.72801 12.5433 3.36788
943 10.8381 5.24908 1.63869
944 2.66639 34.3767 0.364807
945 7.74341 1.42516 1.36358
946 19.664 23.2873 4.16819
947 20.9127 4.24578 2.66215
948 12.8791 4.37169 1.76394
949 3.58685 13.4639 -4.23162
950 35.9446 26.5715 1.86497
951 14.9187 6.60866 -0.987648
952 16.0326 14.4908 1.74638
953 29.7479 17.6749 2.50239
954 6.35128 39.4273 0.741751
955 39.0251 8.91541 0.679542
956 30.2544 9.17872 -2.9249
957 31.6657 22.158 -0.913983
958 6.1938 33.9523 1.83355
959 27.3811 37.4266 -1.78971
960 6.02832 39.528 -0.197803
961 2.52459 24.8994 -0.191626
962 13.605 32.6773 2.14594
963 17.293 38.3344 3.10536
964 2.65889 6.94083 0.856546
965 34.8145 23.0326 -1.72055
966 10.5954 18.7395 -2.99468
967 21.8291 39.2798 0.811365
968 30.6633 25.4875 -4.21014
969 14.2817 3.92791 -1.09645
970 28.0617 35.1485 1.50211
971 29.7643 15.887 0.294395
972 12.2079 17.9568 -2.16728
973 12.0701 24.9388 0.216984
974 29.5469 16.1268 2.30002
975 15.7315 21.2657 -1.69207
976 2.89051 6.53314 1.8795
977 5.90724 37.862 2.33176
978 13.5049 27.13 4.06305
979 3.61946 37.5073 0.256492
980 35.8945 13.8502 -2.91952
981 9.34913 20.3611 -0.406037
982 34.9951 8.01527 2.37559
983 27.0348 14.1856 -0.384993
984 9.82812 36.2696 -2.07798
985 8.57271 23.5994 2.44308
986 23.2594 12.4487 -4.06762
987 7.78094 10.2569 -1.54425
988 39.5189 23.9631 -1.82721
989 24.0375 33.4349 3.69836
990 21.1511 16.8189 -4.27749
991 8.56968 26.0222 3.03393
992 0.168674 16.9069 1.17666
993 13.8971 22.0311 -0.287048
994 20.6232 25.1976 1.91072
995 14.3078 22.2218 -0.619444
996 30.7748 18.6083 1.90902
997 37.6127 18.3489 -0.143834
998 37.4318 36.2637 1.11108
999 32.9583 20.1377 -2.37525
