1000
Particles
0 38.9231 35.2781 -0.502678
1 30.6726 20.9232 1.2283
2 20.5445 5.40149 -0.12104
3 11.0725 35.2342 -2.70703
4 17.9523 21.9434 0.69303
5 23.2714 9.19018 2.23565
6 29.5505 2.7876 1.8706
7 32.7052 18.6208 -1.76798
8 4.02168 29.5707 4.20824
9 28.0306 20.007 -0.259456
10 27.3447 34.0356 1.07603
11 39.4665 34.5321 -0.571008
12 32.1495 28.8053 1.12354
13 1.99725 9.79058 -0.571663
14 29.1539 18.4779 1.71578
15 27.3426 28.4991 1.83445
16 22.9501 32.3 4.43561
17 33.6498 10.6756 -0.54819
18 36.5118 13.5167 -0.414966
19 15.3011 20.4872 3.58871
20 7.97585 9.70645 1.3791
21 39.239 5.06487 2.18549
22 0.666749 18.265 -1.52334
23 30.6448 20.5524 2.26211
24 36.5269 7.24811 -0.316309
25 2.87134 34.1691 2.30879
26 19.3297 29.998 -0.977985
27 13.5242 17.4862 0.404186
28 2.79924 30.2356 -3.01527
29 31.5569 8.14739 -0.162584
30 19.01 20.6334 2.7269
31 14.0848 18.7776 -2.24433
32 21.8029 8.10831 -0.332606
33 10.7228 0.572044 1.04701
34 28.5366 16.0967 -1.74694
35 24.0792 39.383 0.996183
36 18.6066 0.366986 -2.88529
37 37.7026 23.6002 -3.42734
38 32.5791 0.289156 2.79392
39 29.4292 15.5815 3.30385
40 34.3468 35.2773 0.643034
41 16.2491 11.9904 -0.800546
42 37.1974 18.2308 -2.11172
43 26.0772 36.3685 -0.875071
44 23.2072 26.4065 2.64802
45 4.52116 28.6364 2.14053
46 1.24365 8.49031 2.39201
47 34.1073 4.12677 -1.4217
48 3.72971 35.6935 -2.06566
49 8.22016 31.9975 0.311837
50 37.1426 1.1475 -2.28145
51 17.2019 0.261927 -1.87898
52 33.0713 14.4507 -2.63186
53 14.4703 5.40856 -0.724936
54 33.5736 28.5738 0.0549504
55 38.3349 20.0558 -0.441242
56 24.8775 7.70795 1.3865
57 1.54944 31.1441 0.659809
58 37.975 23.2993 -3.25711
59 4.56934 34.7636 -0.34306
60 6.63181 26.3305 0.190403
61 16.5848 27.1366 1.63995
62 34.4669 1.23199 2.94191
63 9.79574 13.9692 -4.98764
64 37.9618 25.7233 1.11011
65 14.7305 37.1058 0.0447797
66 12.2082 17.442 0.733966
67 26.5078 18.7787 -1.82681
68 10.6895 3.95729 -0.637305
69 13.7324 4.77941 -1.82038
70 6.91189 34.5415 2.09191
71 18.0271 9.64187 -1.27546
72 9.27682 13.5101 -3.11509
73 24.5704 28.0066 2.93525
74 5.95844 2.86998 2.35799
75 4.49079 34.81 1.11956
76 18.1886 6.31743 0.37476
77 7.31472 26.3861 -1.67853
78 0.804723 30.003 0.0373461
79 36.2642 3.40251 0.736812
80 35.8768 7.1567 -1.16687
81 39.1491 24.9205 -2.57905
82 12.0106 10.8384 2.22567
83 17.4538 26.112 1.94536
84 16.0159 16.8021 0.0398439
85 38.7627 19.3758 -1.15543
86 18.7682 5.83548 0.31289
87 20.8906 35.9337 -3.0142
88 5.46237 38.3622 -3.11879
89 5.16514 38.3459 -2.34726
90 37.3336 34.009 -2.8121
91 19.6641 18.4644 1.51068
92 15.0252 22.0297 -3.68332
93 17.7381 7.79448 -2.29908
94 15.4733 19.4933 3.12237
95 17.8667 0.258783 -2.07135
96 10.8274 30.0042 1.34568
97 23.3581 34.625 -0.228322
98 39.5257 19.5309 -0.380148
99 10.6238 2.19026 -1.24004
100 26.5065 20.1992 3.47078
101 22.4124 25.6156 -0.6964
102 20.3886 34.1032 -1.57464
103 11.3167 3.18311 0.602371
104 24.2642 7.32083 -0.0276884
105 21.4037 30.7268 1.73804
106 31.4077 13.1656 0.462063
107 16.5528 22.6805 -1.45789
108 24.7598 8.8546 0.55924
109 37.2883 37.8034 0.747225
110 14.3326 0.586059 -0.395923
111 39.048 32.1537 -0.407928
112 29.7084 37.6287 2.2254
113 39.6688 22.9366 1.92825
114 39.7477 24.9872 -2.39046
115 29.7443 24.1608 1.02545
116 25.3569 29.2245 0.46051
117 24.7271 32.3495 -4.04849
118 21.1661 1.65382 2.66052
119 32.5424 17.4726 -0.948516
120 29.4213 27.9138 -4.43606
121 25.9503 14.0893 3.88006
122 37.3122 18.7847 -3.81467
123 7.14791 27.2163 0.562664
124 15.4706 1.24166 0.979376
125 27.696 39.8925 0.335959
126 28.8542 22.9686 0.846838
127 36.7912 6.20055 -1.86369
128 36.4906 9.67354 0.997453
129 1.61379 13.7599 1.99537
130 33.1369 4.43023 -4.23234
131 36.6808 24.9726 -0.349
132 19.9574 39.8984 -2.81256
133 34.648 31.0639 3.10885
134 3.29411 29.1983 2.86706
135 11.7322 8.26419 0.925759
136 25.3016 7.13989 -0.732307
137 27.7542 32.0824 4.54235
138 13.195 22.4446 -0.95345
139 14.7161 0.904167 3.0119
140 22.0255 31.3814 -2.45793
141 31.4655 28.0535 1.39867
142 24.5395 3.5828 -2.23853
143 17.2374 26.1954 0.754212
144 0.55727 24.6683 -4.32092
145 28.457 19.5158 -0.691677
146 31.6561 7.19832 0.758421
147 38.2795 2.75594 2.67727
148 36.1857 10.4073 0.0791017
149 15.6495 23.7927 -3.17751
150 20.7378 13.964 -2.91866
151 37.062 39.7731 -0.249499
152 20.2191 12.5929 1.45824
153 21.0724 3.50791 0.389855
154 27.5894 36.7401 -2.81069
155 34.1857 27.093 1.89176
156 37.1382 25.8993 3.67551
157 14.6983 12.6562 -3.94
158 17.8754 32.9832 1.27642
159 17.3578 25.6967 0.264496
160 2.83962 12.4884 -0.659033
161 8.68507 20.877 -2.25627
162 25.9825 32.6472 1.21641
163 7.6809 6.26999 2.46039
164 14.6118 2.16865 -1.66154
165 24.5587 9.61732 0.506803
166 34.8733 8.82041 1.82799
167 13.338 34.8897 2.84418
168 0.260005 22.3624 -0.737594
169 37.6105 32.4888 -1.58414
170 4.53538 36.9451 -1.0521
171 21.6044 39.7574 1.13319
172 2.38582 18.239 1.30433
173 22.3343 35.7947 -0.364443
174 15.3164 36.8236 0.536852
175 0.162401 5.74086 2.12009
176 19.7431 21.1794 0.762375
177 11.7397 9.30015 1.28404
178 24.9196 16.3147 1.91057
179 31.3576 7.77273 0.418033
180 17.5398 8.94687 -1.32074
181 37.295 27.5757 2.85574
182 23.3877 13.0786 2.01552
183 2.85864 24.9968 2.84672
184 32.3605 1.74476 4.35247
185 10.6595 12.7601 0.935967
186 21.9669 1.02197 2.09149
187 8.22308 39.4034 1.35441
188 20.2712 18.489 2.24311
189 8.7744 25.862 -0.368029
190 23.938 24.1946 1.69307
191 12.755 29.9895 3.04633
192 37.4796 5.64931 2.6652
193 32.4871 17.5273 -0.254748
194 18.4207 26.6178 0.722412
195 11.2181 17.7357 -1.09701
196 29.5121 37.5863 2.36076
197 15.1439 35.4047 1.56332
198 28.6755 18.3151 -0.529211
199 11.0473 10.2857 0.260513
200 31.5018 34.3757 -0.263129
201 34.3812 17.9722 -2.66313
202 13.6001 20.0341 -1.21386
203 25.0567 16.2142 2.63809
204 33.0274 29.5839 2.06211
205 35.0649 30.604 2.11175
206 16.6323 4.48241 2.33221
207 36.686 33.659 1.52697
208 34.7261 22.9926 -2.85557
209 10.586 32.8616 0.534279
210 7.74371 24.6612 0.18648
211 37.516 22.0801 -2.40881
212 33.8009 32.673 1.81527
213 0.405601 9.13371 1.32437
214 30.2908 21.7885 -1.44398
215 35.5757 21.8803 -1.27389
216 28.3114 24.2361 -1.15039
217 9.74899 8.51833 -2.15841
218 14.0508 17.0143 -3.75254
219 20.9293 39.7162 2.31655
220 13.2769 6.49806 -2.53233
221 21.2415 9.7587 -0.541607
222 37.3434 33.8008 -3.70701
223 19.9752 26.6256 0.640965
224 2.93343 29.265 1.82282
225 33.1054 9.31299 1.44323
226 37.3885 21.8304 -4.18817
227 5.02124 10.0625 -0.502889
228 19.189 7.41897 3.51677
229 37.67 18.9821 -1.04676
230 29.7247 6.65379 -3.03597
231 18.7876 23.3056 0.736961
232 32.9223 6.06643 2.86778
233 0.0647921 11.6986 -2.006
234 8.21369 38.1765 0.174109
235 39.2193 7.84231 -1.80615
236 12.6547 35.9503 -1.13936
237 11.0025 28.8339 3.90396
238 10.5585 10.8642 1.85204
239 35.8199 12.8236 -0.329369
240 22.0775 20.9456 -3.29566
241 13.9564 30.3694 -1.36961
242 38.3421 8.12726 -1.21341
243 24.9569 38.6778 0.564425
244 36.5518 18.8635 -4.26142
245 20.9213 2.56962 1.24244
246 31.1513 4.50114 -3.11163
247 6.93188 39.9183 -1.44868
248 6.61233 25.9042 0.360653
249 15.3147 33.5353 -1.05357
250 15.0937 2.28148 -3.35527
251 37.1639 6.98686 -0.621868
252 31.9914 16.6605 1.9877
253 31.7458 13.1155 2.11797
254 39.4891 0.709173 -0.364127
255 25.7664 25.4383 1.03529
256 5.59535 6.35699 0.365296
257 27.1908 17.4412 0.210008
258 33.6617 35.0412 1.23133
259 37.0216 15.2935 0.953702
260 4.26958 10.0204 1.14996
261 26.0418 25.1764 0.842968
262 27.4768 33.8383 2.25265
263 36.4157 5.43382 3.2662
264 7.87501 25.4637 -0.413327
265 0.453165 24.9535 -4.02401
266 37.5067 14.246 -3.42195
267 1.64269 25.6612 1.33959
268 6.98694 25.7364 0.510699
269 23.5983 35.5016 -0.447219
270 3.32968 10.9087 1.29503
271 31.6773 7.90681 -0.240138
272 19.9168 18.5418 3.23926
273 25.5708 34.6758 0.0369343
274 10.4817 8.08875 -1.11713
275 6.84037 25.2216 -2.75649
276 28.0607 18.682 3.05099
277 8.30528 20.9596 -1.69859
278 4.35188 12.012 0.467463
279 7.0555 25.6257 -1.20661
280 6.96842 25.6964 0.12176
281 23.5496 15.1683 -1.33351
282 15.8722 20.625 1.55728
283 20.7492 34.9114 0.701112
284 25.7861 20.7297 2.29798
285 39.1264 37.0752 1.92753
286 33.3547 5.51936 2.84611
287 11.047 16.1777 -0.506094
288 2.21063 38.055 -1.23828
289 11.0347 29.2791 2.40219
290 36.7641 24.2028 -0.439302
291 14.5357 9.15255 1.66145
292 38.3541 19.366 -2.60349
293 4.00703 4.62171 -1.39745
294 30.9924 28.1017 -0.62209
295 17.9657 9.69422 -0.478813
296 24.9074 27.4035 0.390067
297 0.419691 25.1077 -4.42942
298 25.6914 36.4746 -0.933523
299 21.5478 25.3491 0.590778
300 24.0238 4.12547 -0.941909
301 30.7612 24.2621 -3.28286
302 19.992 39.2162 1.6741
303 6.76661 27.7127 -1.71099
304 9.46958 26.1009 -4.78481
305 3.82088 25.0725 1.44241
306 30.9206 13.9243 1.1007
307 11.253 12.8944 2.45002
308 5.43555 18.4716 -3.68531
309 14.3217 32.4952 0.0564498
310 17.3998 21.9656 1.7178
311 22.0588 5.16839 0.58247
312 34.3158 2.57313 1.7165
313 27.9927 0.00286232 1.05946
314 16.8003 3.04146 -0.529331
315 39.3788 35.1979 0.608182
316 38.9606 37.1296 0.2268
317 26.6323 26.9081 -0.197861
318 25.6666 24.6065 1.04726
319 3.77941 36.3629 -2.2942
320 3.07382 25.192 1.30808
321 29.9438 2.73788 -0.774651
322 6.54576 36.7965 -1.39345
323 18.5242 34.2372 -1.8596
324 27.3185 15.99 2.66154
325 8.38135 31.1869 1.85067
326 2.94142 14.8387 1.79465
327 21.5929 35.637 -2.63684
328 17.487 26.3156 1.33442
329 8.87185 17.2454 -2.50444
330 2.88541 13.0664 -3.45743
331 14.4597 36.5328 -0.910494
332 32.9629 13.8649 1.28091
333 24.184 15.683 -0.34907
334 17.6173 6.05913 -0.492871
335 7.52089 0.499771 0.561929
336 14.9255 36.3661 -0.778122
337 9.53456 15.7235 -0.523411
338 13.9734 28.7599 -4.74762
339 39.7677 33.6696 -2.56617
340 6.15799 25.4494 -0.722315
341 32.0433 29.8198 1.61344
342 9.95044 13.1703 3.12554
343 10.5898 13.2432 4.53848
344 11.4079 2.72592 0.697246
345 31.7926 28.5691 1.66288
346 18.903 7.45533 2.5751
347 3.58384 36.6038 -2.32973
348 9.15212 19.6739 0.698934
349 17.6263 19.1845 1.76689
350 5.18402 18.4981 -2.05389
351 8.39367 20.4343 1.99398
352 27.1182 26.2918 0.33584
353 26.2323 7.61205 0.857945
354 37.3734 0.123605 -0.129065
355 18.4416 19.0088 0.604299
356 28.1651 33.4182 0.264183
357 11.3488 27.0775 -1.35944
358 12.5329 18.1855 0.997082
359 35.6313 25.7965 -1.19279
360 28.5244 24.4832 0.979491
361 29.3323 30.1091 -0.675507
362 0.140668 23.22 0.982334
363 38.4792 11.9532 0.39958
364 5.4092 17.0663 4.87362
365 10.1393 37.7511 0.102911
366 17.6573 8.54285 -0.969037
367 10.0506 1.85189 0.626103
368 21.1965 3.43663 0.962882
369 15.0994 37.0052 1.15296
370 20.2335 27.3567 1.84393
371 21.6851 16.9482 -3.02412
372 24.7688 26.3899 -4.15297
373 15.7616 11.9489 1.39794
374 11.1672 17.1131 -3.64785
375 14.6609 11.7262 -1.03306
376 0.717593 27.9032 -2.73516
377 1.55113 6.1797 -1.38545
378 11.4328 2.75315 1.77274
379 34.8483 28.9944 -0.0749668
380 36.171 30.4818 -0.468426
381 12.8541 34.8233 2.85013
382 3.8933 17.2115 -1.1113
383 20.9131 33.8951 1.73032
384 30.0982 5.69601 0.576289
385 15.6446 16.2171 2.12474
386 23.5102 8.30564 0.161187
387 4.82647 4.48162 -1.25778
388 33.0131 23.9612 0.955046
389 2.31429 4.59269 3.56663
390 34.7846 23.3335 -3.35408
391 18.168 12.3289 0.732273
392 21.2415 29.3325 2.17381
393 21.1297 4.94994 -0.196217
394 27.1559 35.4179 -2.78384
395 34.9038 17.3747 -3.72338
396 1.50604 6.87132 -0.492467
397 3.34759 2.69724 -1.37263
398 38.8852 30.4635 -0.172181
399 37.2076 22.2564 -0.826151
400 1.25254 0.180193 -1.27224
401 23.9635 32.8188 -4.15053
402 35.3495 9.75492 -0.428374
403 0.0125924 24.5613 -1.59519
404 24.4402 28.1263 0.129415
405 2.3602 25.9064 1.0977
406 22.1621 0.922153 4.22354
407 37.5039 4.54346 1.9883
408 7.18389 12.757 -1.83043
409 15.2448 3.30203 -0.17537
410 23.9884 25.0155 -2.11416
411 15.3267 21.6073 0.863955
412 1.74333 6.05566 0.601044
413 11.8167 12.8897 2.78395
414 4.25267 15.983 -1.7706
415 11.9177 29.869 2.16637
416 21.0818 35.4438 -1.73663
417 0.982894 2.5419 -1.69437
418 26.9738 24.4432 -0.641527
419 24.3726 7.13845 -0.282841
420 20.851 2.11345 -0.391389
421 8.51693 17.9135 0.696995
422 10.6213 10.4175 -0.296821
423 26.7808 8.08993 4.41733
424 27.3833 21.2854 0.45101
425 20.6787 3.40135 1.87302
426 8.49652 20.1587 2.95992
427 15.1485 18.2607 4.70917
428 3.96426 7.91163 -0.387591
429 3.36492 9.20241 -1.18952
430 19.6507 17.6991 3.28019
431 5.14257 9.8351 0.510017
432 21.2037 33.3798 1.65927
433 27.5885 24.5667 -1.68738
434 5.90252 25.3183 1.24324
435 28.5947 34.6702 -2.11004
436 39.6903 24.4011 -3.44771
437 12.8874 34.5799 2.12074
438 4.89284 21.6448 2.31456
439 34.6118 21.295 0.353064
440 25.153 7.63879 -0.465707
441 12.8557 2.8077 0.370476
442 11.8023 27.4612 3.6886
443 22.6161 16.4007 0.961955
444 13.4616 17.4805 1.16867
445 10.0831 25.1823 3.85716
446 21.0443 7.931 1.49967
447 3.20638 7.43 0.0838919
448 29.1963 27.9305 -4.28213
449 15.4004 19.2954 3.6714
450 7.99728 20.4111 -3.22373
451 35.9548 10.3748 0.881861
452 13.2817 14.3613 2.2298
453 7.10548 27.8483 -0.741993
454 33.4733 6.71304 1.86572
455 31.6537 4.94138 -2.77182
456 8.7241 6.33096 3.36663
457 25.5159 20.4866 1.15165
458 34.7919 18.9497 -4.18023
459 10.2281 6.36687 1.92713
460 8.93168 4.03998 -4.41041
461 10.2657 1.67949 -0.380328
462 26.5326 17.9817 -2.94915
463 1.73019 31.5893 -0.52422
464 30.2041 20.3643 0.111079
465 28.6517 20.0225 -1.96888
466 31.5311 20.537 0.0883339
467 11.3262 35.6651 -2.43448
468 26.7631 32.0993 3.6993
469 17.2941 34.2147 1.23616
470 10.4585 13.1648 2.17764
471 36.095 18.8441 3.8607
472 12.2782 10.3256 4.08168
473 14.8862 1.39989 -2.14608
474 6.97762 38.1405 -2.50016
475 32.832 5.60997 0.0645384
476 20.0935 26.3785 -0.669576
477 14.6847 32.9687 0.165724
478 30.6352 22.5005 -3.1511
479 39.4389 27.0204 -3.54946
480 32.8954 19.1036 0.770846
481 26.4356 38.6382 0.690609
482 7.51091 31.4783 -0.788147
483 12.3702 31.1993 -0.0650513
484 12.6706 35.075 1.33866
485 7.9404 1.23131 2.04268
486 14.7719 30.5069 -0.120449
487 30.4995 30.6838 -0.0447209
488 35.4565 9.30151 2.35536
489 17.003 2.53156 -1.97174
490 8.35136 1.31195 1.79066
491 16.6817 6.76022 -1.47826
492 19.5027 1.26874 -1.03764
493 3.79899 27.113 -0.0328094
494 9.29536 19.421 3.33092
495 33.8333 16.2543 2.62232
496 30.5578 22.4699 -2.72437
497 39.9971 25.3481 -3.32747
498 16.8133 17.6944 -0.469251
499 10.9111 19.3614 1.90755
500 6.07776 16.6311 -3.70505
501 27.21 12.743 1.28605
502 35.5281 6.97444 -2.88603
503 17.0206 31.2492 4.26587
504 36.7168 34.6502 -4.61567
505 9.41155 1.67801 0.293458
506 29.0775 26.7833 -2.36288
507 22.1756 12.9503 1.74548
508 39.689 23.6392 0.423494
509 24.4371 37.3255 -2.02539
510 32.84 1.5593 0.894814
511 23.4032 32.1695 3.45006
512 36.5389 31.7392 -0.116233
513 14.7065 32.0971 0.624385
514 11.8498 28.1785 -1.33382
515 14.1426 17.6331 3.48515
516 21.1099 39.2111 1.36827
517 15.8692 15.2391 1.28204
518 14.3046 11.7213 2.52519
519 15.1822 18.2907 3.85207
520 35.3899 10.1437 1.93588
521 37.7244 23.9434 -2.23943
522 21.2717 17.8627 -0.737684
523 11.8418 18.3144 1.40223
524 6.75653 24.9114 -1.45679
525 5.55013 11.1517 1.26809
526 2.75104 25.989 0.188201
527 15.7905 6.40095 -3.14838
528 20.8083 2.09965 3.52303
529 31.0432 7.44553 -2.82459
530 33.6299 10.0985 0.912108
531 26.2169 10.3378 1.47569
532 20.4046 38.7121 4.10767
533 21.0258 28.634 1.1899
534 12.6652 26.8172 1.63887
535 4.38674 4.71619 -1.24235
536 32.404 18.6517 -0.284149
537 1.2876 22.2286 1.07777
538 2.57483 2.01455 -0.278245
539 1.90798 4.98752 1.58084
540 29.6037 24.5481 0.42743
541 26.8431 21.2843 2.22309
542 37.0083 31.2386 1.81696
543 7.94299 14.6461 1.81204
544 3.94911 3.31671 -1.66851
545 17.6144 23.7936 -0.155491
546 1.2681 33.7035 2.52521
547 5.95067 17.6584 4.38013
548 36.8989 33.4106 -3.13054
549 1.55995 25.6225 2.86388
550 6.36449 32.4253 -0.945259
551 20.6507 19.3408 -0.819886
552 1.02392 5.70944 -1.63726
553 19.5401 26.6955 0.615786
554 19.8861 8.20153 0.308115
555 38.5661 15.1783 -0.110236
556 32.8934 23.0464 1.98063
557 8.58586 25.4529 0.267628
558 37.5689 3.87951 2.97402
559 27.0105 32.0865 3.91741
560 29.6256 24.7431 1.46475
561 6.56313 22.1649 -3.79903
562 4.30404 25.7249 2.68706
563 4.78527 14.4567 -0.791804
564 15.1353 22.6078 -2.1445
565 1.83729 19.0152 -1.87944
566 18.7275 34.4745 0.715699
567 33.5098 16.2511 1.61415
568 3.01632 10.1917 -1.0471
569 3.79196 19.1454 -0.131772
570 4.4651 30.4312 3.927
571 18.2265 11.9055 -1.2
572 37.2507 29.4852 -2.21275
573 22.6816 36.2634 -0.991446
574 12.1251 21.9776 -3.5379
575 20.2348 20.2251 -1.8324
576 0.402487 1.86823 1.71053
577 23.1939 30.7493 -2.93792
578 6.98513 37.0983 -0.576846
579 6.4583 10.3059 1.34218
580 8.30998 30.5076 0.294315
581 6.79984 31.0107 2.2042
582 28.2819 25.2182 -1.65861
583 20.6329 38.2037 3.62037
584 37.0593 11.2578 0.571195
585 4.38203 21.5001 3.22988
586 23.486 20.0925 1.31542
587 28.7615 32.5235 2.16656
588 18.7758 32.4379 -0.81993
589 27.826 19.5968 2.36624
590 3.35373 3.88923 -1.45272
591 0.708561 23.6425 3.66371
592 33.8313 29.4189 1.84338
593 15.0375 23.8247 -2.3206
594 4.39968 3.23147 -2.40939
595 25.4233 18.8298 2.01325
596 37.7192 33.9989 -0.477764
597 27.2865 10.7224 -2.35451
598 35.2578 12.1737 0.0959556
599 14.6116 31.4574 -0.47099
600 7.74487 0.919989 -0.683067
601 20.4821 35.095 -0.699699
602 7.85751 18.0125 -2.03701
603 14.4312 17.9209 3.49955
604 28.7945 24.4035 0.880198
605 9.45193 36.2955 4.87104
606 39.9396 30.8268 0.929504
607 0.823677 8.17245 3.61042
608 4.73885 5.59912 -0.936067
609 24.8748 37.6708 -3.73455
610 31.2365 23.0609 -0.815233
611 38.8187 23.9841 -0.127439
612 21.5198 9.31086 -0.807391
613 21.8859 10.4875 0.246908
614 1.29005 6.49097 -0.307025
615 32.2002 13.482 -4.50588
616 33.8705 10.9644 -1.23378
617 22.7938 32.5253 2.39647
618 1.46789 0.17989 -1.94469
619 26.9411 34.0812 -0.969917
620 36.3385 35.5241 -0.485474
621 24.2188 16.2196 2.28264
622 12.8516 2.44176 -2.43727
623 17.1898 7.58226 -2.02001
624 29.892 5.67595 -0.232562
625 20.1613 9.53803 1.65406
626 7.33105 38.448 0.141189
627 4.23128 34.4559 1.07061
628 18.2961 7.31711 -3.94267
629 25.2224 0.460697 -2.30222
630 33.954 32.173 2.45075
631 27.3067 34.7951 0.608672
632 30.0449 30.5195 0.390897
633 39.0649 22.9424 1.74571
634 38.6961 7.48964 -4.03816
635 26.76 29.7516 -0.482303
636 20.0945 3.75355 2.81649
637 0.46103 23.8794 -3.51699
638 34.2131 23.3659 0.144533
639 33.1149 10.0288 1.33095
640 7.22018 19.4237 -0.636317
641 24.4571 4.29106 -0.20539
642 16.402 37.3329 -2.5317
643 27.7291 25.5056 -2.12075
644 11.2023 5.88548 3.98314
645 2.63775 14.0516 3.23192
646 10.4062 7.16927 1.6987
647 12.8433 18.0909 -0.34205
648 36.8225 35.1563 1.59811
649 19.6757 23.7779 0.107748
650 30.6906 13.1516 1.55695
651 24.8345 21.4346 3.18083
652 6.41752 38.0412 -0.957079
653 13.7218 3.08805 -0.271854
654 20.8801 15.0768 -1.17033
655 34.1034 33.4437 2.51452
656 10.6287 12.2581 0.932458
657 23.7365 8.76841 1.3135
658 8.1236 30.2509 -0.777649
659 35.726 37.9035 -1.30585
660 25.0606 11.4996 4.15388
661 37.7992 18.6148 -1.65198
662 33.7968 32.292 1.633
663 15.6602 22.2382 -2.21007
664 29.9422 15.8745 2.15007
665 35.6759 2.0409 -2.8874
666 27.2155 34.9026 -2.60648
667 38.8408 34.191 -3.9442
668 12.7993 32.8219 -4.05972
669 16.1279 26.0079 2.3112
670 39.3457 26.3479 -0.644466
671 29.2055 38.0975 2.38566
672 15.1026 31.4055 0.863913
673 32.8945 3.7462 -1.75228
674 9.91965 20.5635 2.65322
675 29.7989 15.2613 2.59233
676 29.6851 35.0822 -2.86287
677 29.8414 20.4679 1.81905
678 30.9226 1.35268 -0.949218
679 20.0933 20.7599 -0.626312
680 18.4693 28.286 -0.142088
681 8.27432 38.3143 -3.62102
682 33.6803 34.2855 2.6554
683 28.4749 25.4758 0.469873
684 9.95201 38.6897 1.54253
685 24.8266 25.6461 -4.18802
686 39.6739 3.95271 0.232457
687 22.1365 9.71572 -0.56513
688 31.9231 3.95787 -2.59965
689 13.9841 1.58188 0.811512
690 19.9049 28.8539 -4.5107
691 18.3872 31.0081 0.0224214
692 25.8417 13.8944 0.552952
693 39.9646 19.2817 0.551419
694 30.0707 30.3692 1.13926
695 18.4012 26.8683 3.0859
696 31.1134 28.4051 1.01982
697 33.0624 6.22755 0.829211
698 34.2939 14.1599 3.07801
699 24.8389 24.1825 0.998712
700 2.62943 4.43481 2.62093
701 26.2515 39.977 -2.22128
702 38.1565 6.35207 -2.52476
703 38.6813 15.2499 -0.419406
704 26.5322 32.2686 -3.83786
705 4.53459 34.6947 -1.39365
706 34.5173 34.9357 -4.09715
707 11.6135 10.5906 -0.00261563
708 29.0458 16.5554 -0.359293
709 25.115 9.03282 2.75796
710 17.8668 28.2171 -3.05851
711 34.5142 25.6289 -0.687248
712 25.7467 11.3602 1.66692
713 33.5475 14.5432 -0.802284
714 28.2392 29.3746 -0.847401
715 39.8319 3.77196 -0.0237539
716 18.9274 34.1601 -0.223651
717 17.4453 26.7075 0.499268
718 11.4622 27.9004 1.5243
719 11.5995 33.7318 -0.450416
720 11.7199 27.2527 3.64514
721 28.8645 33.4005 -0.280769
722 39.117 3.50397 -2.0934
723 19.3918 0.885125 -0.866311
724 16.0824 1.62441 -0.93188
725 26.5559 0.295324 -1.35247
726 6.80863 28.0855 1.6997
727 4.97701 28.038 0.152442
728 2.78016 10.2678 1.91849
729 20.5505 38.9322 3.16164
730 19.4127 7.61407 3.05963
731 33.1566 21.6794 -1.23495
732 25.8431 35.0316 0.214893
733 33.5943 25.7352 3.64397
734 23.939 8.66877 1.63494
735 18.9947 19.7656 -2.85483
736 20.3756 31.4198 0.76571
737 33.7338 32.741 -0.228304
738 17.778 9.80126 -0.336112
739 11.1625 28.4198 -4.33123
740 3.8968 18.6189 -0.260434
741 11.1935 33.2551 -1.60504
742 24.0676 13.8769 0.536826
743 24.6437 24.722 2.63159
744 34.6295 20.9496 1.99339
745 16.4748 34.4084 -0.117397
746 14.4888 11.0642 0.98543
747 12.6964 27.1634 -3.74079
748 16.5051 26.2839 -0.1344
749 4.31129 5.39317 -0.184705
750 1.09632 32.8491 2.08254
751 9.51774 2.03698 0.826459
752 38.1026 17.7918 -2.24008
753 11.0075 23.2656 -0.0967743
754 28.7594 22.8566 -1.36807
755 23.5384 5.06777 -1.37073
756 0.310305 5.18821 -0.762717
757 14.4026 22.9904 -3.34625
758 36.3217 23.8473 -2.67949
759 7.4653 30.1446 -0.310518
760 35.6961 38.0656 -3.02446
761 12.6466 19.8912 1.21589
762 23.1774 26.9146 -0.67147
763 14.1252 39.5962 -2.67972
764 26.3515 4.40682 0.186994
765 28.8563 25.867 -2.92243
766 9.98548 17.0341 1.04315
767 34.1996 15.6432 2.64748
768 5.9894 18.2572 2.1484
769 20.622 26.6662 1.65815
770 7.67188 25.6817 -2.93312
771 2.06273 22.379 1.94008
772 14.4035 32.7997 -2.45318
773 36.4558 30.8543 1.83205
774 37.6186 39.4039 0.626505
775 17.957 9.29944 0.658278
776 10.2382 22.1673 1.28001
777 4.88842 24.8865 1.05463
778 33.2491 26.7008 1.06708
779 17.26 38.3525 3.06377
780 3.31206 1.01912 -1.11091
781 31.9666 2.92644 1.87688
782 12.2059 7.70381 1.30997
783 14.0744 7.25852 -1.69883
784 29.7052 39.7202 -2.65595
785 25.3735 14.7354 1.77068
786 6.83429 23.8607 -1.52846
787 35.0203 0.714461 2.00847
788 3.8428 35.8531 -2.89285
789 39.153 13.3104 1.13705
790 8.32297 31.1679 0.0989743
791 15.9546 19.992 2.2428
792 9.6974 27.5895 -1.60389
793 26.6992 39.6681 -2.68462
794 23.5604 27.0879 -0.673001
795 7.49862 9.58808 2.483
796 17.9824 27.0582 0.545585
797 1.6495 31.622 1.88981
798 25.7658 8.25426 -1.84041
799 20.95 5.72433 2.1999
800 30.4679 7.27424 -0.90506
801 22.697 15.6626 -0.754132
802 33.3606 18.3529 2.45145
803 11.7705 3.48457 0.429195
804 4.51321 18.5137 0.416174
805 4.27518 22.3113 4.46788
806 13.0489 28.1767 1.98558
807 22.5269 8.84282 2.82487
808 22.7972 21.1428 -2.46294
809 23.8468 9.14606 0.0589283
810 15.8099 36.8858 0.359807
811 11.038 26.7359 3.79015
812 9.7032 1.5268 -1.71433
813 4.34677 8.03278 -0.96898
814 26.2349 38.9979 2.04831
815 35.2778 18.6438 -1.01126
816 20.5476 37.9943 -1.25886
817 15.5833 36.8274 3.12571
818 6.30135 15.5155 -1.4934
819 26.3506 3.76556 1.08723
820 38.872 4.08883 1.16904
821 16.6011 6.4399 -3.59868
822 9.15471 5.02485 -1.17704
823 26.5349 39.6824 -2.9691
824 36.9769 19.2155 -4.56176
825 37.7236 27.3901 2.20002
826 4.40268 15.2633 -0.308001
827 38.843 14.6321 -0.321028
828 18.2265 17.212 -3.01664
829 17.278 33.2248 -1.11349
830 12.3871 24.1292 1.51565
831 11.0131 37.4075 1.96407
832 33.1777 30.3871 0.811119
833 11.8664 12.9645 0.572778
834 20.5873 8.27882 2.1066
835 3.78434 28.328 1.74558
836 22.4285 27.827 -2.01548
837 31.4301 29.0512 1.35287
838 20.9333 4.22252 1.08227
839 5.22609 24.574 2.29655
840 23.4624 12.8721 0.583477
841 28.8552 32.9064 1.64564
842 19.3019 29.7823 -0.867091
843 10.7277 1.631 -1.1262
844 7.25724 22.2661 -1.51046
845 2.39273 27.1151 2.02217
846 13.5626 32.9977 -2.95939
847 2.05076 25.4384 1.16455
848 24.2892 24.2889 1.74691
849 16.0081 15.0581 1.87875
850 39.6965 32.9132 3.51875
851 1.23987 37.5592 -1.35494
852 27.0171 29.9245 1.63847
853 27.8113 24.6898 0.395371
854 38.8162 31.1134 -1.75908
855 15.4469 1.16422 2.72243
856 15.677 35.2368 -0.0650224
857 13.0563 17.7505 2.26614
858 4.56254 25.8695 1.75029
859 14.84 36.4565 1.19009
860 38.1336 19.2282 -1.85026
861 4.46283 16.7457 3.09944
862 3.80792 34.6762 1.5692
863 11.8817 12.8607 -0.0990991
864 25.0365 8.35064 1.49539
865 29.0733 28.6489 -2.98272
866 25.37 0.916897 -3.76204
867 23.6026 34.4612 -1.22132
868 29.612 24.8139 0.134725
869 39.6482 16.2401 -1.25838
870 2.21636 6.38659 -1.10451
871 19.035 23.6739 1.58367
872 27.3979 25.2229 -2.25005
873 15.322 22.5851 -1.93056
874 38.1386 12.5011 2.27542
875 33.3836 11.447 -2.68851
876 2.09569 14.9703 2.22141
877 37.9027 3.36637 2.6536
878 5.96317 37.8692 -2.59053
879 3.40283 30.2363 -4.3885
880 3.35425 19.3741 -0.472082
881 3.87315 24.9416 3.39205
882 23.6228 2.41877 -3.15446
883 37.4754 23.8306 -1.88521
884 9.59737 16.4353 -0.420179
885 9.82555 11.5164 4.18858
886 16.5382 22.6364 -1.08538
887 0.0940162 22.9948 0.187861
888 38.1118 23.5844 -0.345541
889 5.2593 10.936 -0.252859
890 17.0385 16.0308 0.0305455
891 19.6134 20.8124 -0.442991
892 19.2718 1.73795 -3.85266
893 32.0778 29.4618 -1.20967
894 33.8145 32.9049 1.43657
895 32.6697 16.796 1.63058
896 18.5884 1.61089 -1.12702
897 38.7921 9.87949 -0.73202
898 17.9486 16.7748 -1.65349
899 7.69212 22.7366 2.21048
900 16.1039 7.27383 -3.11725
901 0.000852428 39.8077 4.0288
902 38.7095 34.073 -3.35394
903 7.35843 33.3222 -0.980963
904 19.6367 0.945272 -1.04344
905 24.7471 33.2576 -3.7138
906 27.3308 23.6921 0.0403269
907 16.15 31.4101 3.37349
908 33.7364 31.7103 1.56901
909 17.3415 5.06072 -2.3032
910 30.7174 20.7132 0.278721
911 30.5008 27.7075 2.97751
912 27.2269 22.0581 2.75166
913 38.5436 24.5771 -1.31025
914 3.28673 26.0246 -0.199274
915 35.6525 34.5331 3.20833
916 25.9139 18.5761 0.933616
917 6.94481 27.1003 1.61961
918 4.09398 6.4507 -3.34827
919 30.2378 17.9053 -0.0907781
920 7.2772 20.9698 -1.39987
921 29.8355 20.88 1.978
922 22.9351 16.5165 1.52732
923 11.3596 27.1613 3.45095
924 28.7822 32.4123 1.2792
925 16.3076 39.6311 0.769514
926 27.078 34.8809 0.727634
927 6.81338 31.7087 -0.922092
928 34.1255 2.64272 0.129517
929 37.3693 31.634 0.0982087
930 12.6887 6.51378 0.234921
931 12.6029 18.7101 1.46054
932 5.48864 24.4167 1.05901
933 15.309 4.21692 -1.25468
934 29.01 26.1092 0.926636
935 5.79325 6.58389 -2.54895
936 13.7217 21.4042 -1.44624
937 12.1954 2.40733 0.400745
938 23.3845 24.2305 2.562
939 20.9026 6.05852 2.86574
940 18.3317 20.0465 -1.48674
941 20.2953 17.8723 2.82827
942 6.94004 11.2061 -1.29325
943 10.628 6.45962 2.96006
944 4.69014 34.3572 -0.367281
945 6.21015 2.35473 2.95863
946 19.1042 23.6024 3.09009
947 20.7154 5.22214 0.614003
948 14.8339 3.49119 -0.295267
949 2.19995 13.5024 3.85484
950 36.9607 27.0831 1.17496
951 15.446 6.19762 -2.66378
952 16.8248 15.4198 1.45439
953 29.8196 18.7423 0.916313
954 7.30364 38.5322 -0.222859
955 39.1811 8.94112 -1.78126
956 29.1378 10.2781 1.67644
957 32.5072 21.2919 -1.40416
958 6.6636 34.6064 0.0144133
959 27.8596 36.6322 -0.866715
960 6.14253 38.3719 -2.90378
961 2.36582 26.2008 0.0548216
962 13.1963 31.6617 -2.08816
963 16.3274 38.5007 2.423
964 0.996316 7.77614 2.36189
965 34.6139 22.3773 -3.76556
966 11.5808 18.5557 1.16881
967 20.8803 39.3788 2.44371
968 30.5341 24.1169 -3.08043
969 15.4711 3.68801 -1.82823
970 27.6697 34.0397 -0.479197
971 30.9835 16.0566 2.62486
972 13.8569 18.4321 0.232356
973 12.0338 24.3724 3.06185
974 29.1313 16.5253 -3.22303
975 14.5546 21.1312 3.70545
976 4.53671 7.39821 -0.16364
977 6.4108 37.4117 -0.632539
978 12.3489 27.5387 -4.28828
979 5.31282 37.0773 -0.590656
980 36.0992 14.4434 1.28196
981 8.61368 19.9082 4.32104
982 33.9288 9.74326 0.800832
983 25.7941 14.5151 3.46303
984 10.9633 34.4202 -1.3424
985 9.48177 22.4601 -1.76647
986 23.2904 13.196 1.83934
987 7.66167 10.1914 3.47079
988 38.8524 24.1726 -2.74671
989 24.0174 32.3198 -4.35407
990 21.4735 16.8987 -2.18927
991 8.35613 26.1621 0.675141
992 1.64342 17.0579 1.95463
993 14.8629 21.9647 -3.71499
994 21.2833 24.0686 0.640014
995 14.0106 21.9524 -3.57194
996 30.3282 19.1288 1.44345
997 37.741 18.1071 -1.06434
998 35.9738 35.4812 -4.11083
999 32.6254 20.4981 2.01608
