1000
Particles
0 5.8224 34.0711 0.415542
1 28.2796 30.1481 1.35558
2 15.5778 8.36743 -0.306258
3 10.8578 0.391915 4.04563
4 20.5509 23.9388 -0.727531
5 16.4516 16.1718 -4.92185
6 31.8388 1.47504 -0.346534
7 31.9966 19.3798 -0.150686
8 10.1437 16.4234 2.57585
9 1.5792 24.5527 -2.24927
10 26.061 2.55505 -1.22174
11 11.0133 29.1992 -0.873539
12 32.3014 30.3506 -2.59804
13 17.308 1.85572 -2.6265
14 23.435 28.249 2.46695
15 14.6292 28.6479 3.63954
16 28.8119 28.2133 1.74962
17 37.2137 23.1552 -2.41866
18 33.2884 14.6561 3.14719
19 11.1623 28.3014 2.67148
20 39.1348 10.1004 3.16351
21 0.904868 39.979 -2.19244
22 7.94819 6.07873 -0.985443
23 36.166 23.1255 -1.60611
24 33.9773 8.78494 -0.0934187
25 2.11597 29.6372 2.56466
26 23.1375 32.1779 -1.22498
27 17.5065 10.0034 -2.93887
28 11.6747 34.7147 -3.36236
29 30.8465 1.2423 -4.05071
30 14.6357 18.1432 -2.8764
31 10.1587 9.95221 2.1284
32 28.4304 39.8055 -2.34409
33 7.91483 32.008 2.6169
34 26.0409 27.8869 0.614633
35 24.0691 21.1371 -0.391111
36 17.4295 1.94097 -2.3928
37 34.9267 29.069 1.18664
38 30.7816 3.96162 1.15243
39 35.9419 22.7465 -3.13747
40 38.9585 39.3667 -3.07439
41 15.6274 9.6683 -0.0435717
42 36.9623 18.0126 -3.73977
43 22.2469 22.7748 -3.43184
44 20.5188 23.7255 1.26367
45 2.33795 20.2988 1.2057
46 37.5056 8.84893 0.567321
47 29.6429 13.4092 -0.428073
48 3.74647 0.804241 -1.44448
49 5.86454 35.3601 2.76013
50 6.03465 30.6225 -2.58254
51 24.4572 5.66845 2.46987
52 34.6679 8.8795 1.81858
53 18.3901 6.11691 3.80175
54 24.7377 12.7958 1.6431
55 7.667 12.7506 4.49822
56 14.1317 15.1821 -0.450555
57 10.0281 34.8224 0.626502
58 30.121 26.6984 1.01168
59 5.44513 33.6741 2.27158
60 7.78265 22.166 -2.92004
61 24.4087 36.4888 0.386244
62 0.965582 1.84984 -0.92545
63 12.0556 14.354 -2.01732
64 29.6766 29.5779 -1.20286
65 7.88828 38.9595 1.09774
66 3.37428 18.2328 -0.140873
67 24.7432 23.0695 -1.4963
68 1.13041 7.97214 -0.716992
69 13.6578 0.0330937 0.223572
70 11.2925 5.27304 -0.580495
71 19.8679 17.5058 0.566342
72 5.62862 11.7507 1.67008
73 23.3138 28.6382 2.63013
74 9.13278 5.17776 -2.16859
75 29.8257 33.7023 -0.468478
76 27.0452 3.34534 0.662211
77 7.96285 27.4061 -0.288793
78 4.58839 32.4071 0.602273
79 2.62217 1.89884 -1.01262
80 39.1835 14.1335 -3.19571
81 14.2305 35.8534 0.0665533
82 13.4628 12.0833 0.179305
83 12.6686 28.4186 -0.542963
84 24.9982 8.5218 0.449586
85 0.633629 18.4474 0.0197726
86 22.0937 13.5646 1.13441
87 28.6242 32.1353 -0.0752061
88 8.54797 39.5463 2.39826
89 7.43414 2.82463 3.11762
90 0.389954 33.3384 2.91236
91 26.717 19.6978 -1.76412
92 22.0508 28.4188 -1.10155
93 9.45851 39.8816 3.6639
94 16.0246 26.3609 -2.79447
95 18.6452 2.06789 -1.37032
96 8.4957 39.0741 0.449809
97 19.1234 39.1744 -0.0103622
98 5.58463 18.0453 -2.20338
99 11.5163 5.17036 -1.18343
100 32.7982 19.5365 0.572001
101 17.8785 23.0677 0.192003
102 23.5543 35.2696 0.377904
103 19.5286 39.0088 -0.652706
104 21.799 7.01007 0.979428
105 13.1625 38.3046 2.01986
106 36.0082 22.1059 -3.98887
107 18.6149 24.051 2.91356
108 0.919677 24.2735 -2.18136
109 0.60112 32.0301 0.301788
110 1.22425 34.291 2.52941
111 32.8908 34.2646 -0.471179
112 33.2004 2.90613 -1.02851
113 34.7482 35.1091 -0.770966
114 30.6796 25.1821 3.31108
115 26.4112 16.9781 -1.27516
116 20.4783 34.1218 -1.25683
117 33.3823 30.1508 -1.12906
118 18.8254 7.31993 2.58829
119 32.3282 12.3997 -0.111128
120 25.3772 32.6259 0.604094
121 18.7818 16.784 -2.32169
122 28.735 27.1061 2.79438
123 9.28263 29.5368 -1.86563
124 12.9969 39.6658 2.13148
125 21.8482 5.95841 -3.52398
126 31.5341 35.8722 -0.427012
127 30.9707 4.86743 -1.58987
128 27.0172 5.14255 2.49407
129 0.691818 17.4078 -2.11424
130 27.3593 11.0709 0.544489
131 22.6815 27.0306 3.83036
132 17.8543 39.5437 -0.997353
133 0.780623 39.9763 -2.28378
134 7.36759 32.9358 -2.50556
135 18.3997 1.84043 -0.923625
136 26.585 2.4483 -1.38166
137 22.1449 22.6412 0.284645
138 2.7794 16.8334 -0.852269
139 14.4411 34.8291 -2.82763
140 30.114 39.5248 -1.33253
141 29.791 2.53139 -0.137751
142 20.3247 18.2988 -0.863019
143 21.4527 18.3633 -1.3238
144 3.32386 30.685 -0.337681
145 23.5202 27.6235 1.41665
146 34.0265 10.656 -0.94767
147 37.963 31.9838 -3.06084
148 29.4683 8.82082 -3.41829
149 12.7392 13.5628 -0.926604
150 11.0754 27.663 0.491579
151 26.7101 3.07098 -0.931962
152 15.5263 10.2119 -1.47762
153 18.4125 9.64399 -0.829748
154 25.5646 38.4391 -3.15595
155 38.6091 25.9168 0.818602
156 0.157673 24.8741 -0.849374
157 18.6074 2.88413 -3.31474
158 13.4215 2.49931 -0.326895
159 25.7827 31.8357 -1.2941
160 9.55209 18.6829 0.443549
161 12.6643 25.8309 1.09149
162 25.6806 22.337 -0.512242
163 10.6389 10.1918 1.87898
164 22.0497 11.4294 0.620151
165 33.5336 4.35025 -0.502002
166 35.3655 2.4694 0.741123
167 5.56752 36.2575 3.4588
168 35.233 26.4475 -4.1259
169 3.38294 5.0934 1.89493
170 36.4704 34.8933 0.605026
171 23.9316 29.1694 0.519568
172 10.6379 20.7667 0.724143
173 36.3883 29.3082 -0.585646
174 22.1923 13.1879 0.576079
175 38.3849 11.1644 -1.17548
176 24.8861 22.0694 -2.62998
177 9.3195 6.86459 3.61992
178 32.4482 23.5626 1.65109
179 22.0804 12.7262 -0.173342
180 16.2809 7.73192 1.42341
181 14.2509 27.2137 -1.04894
182 16.27 22.2289 -2.61916
183 38.718 18.5255 -3.05892
184 1.40027 39.3623 0.426665
185 9.53741 8.18272 -3.41112
186 21.5199 36.4785 3.02518
187 38.2173 7.713 -2.74976
188 11.1705 12.5118 0.786922
189 9.02548 16.2569 3.26588
190 24.5789 23.7035 0.398416
191 15.2209 26.8696 -1.31547
192 1.62832 39.7484 0.294873
193 23.9291 27.1856 3.52525
194 19.0498 20.4287 2.18045
195 6.80508 18.688 -0.232884
196 33.3454 4.12841 0.0126726
197 12.6168 37.1233 0.41785
198 30.5897 17.4286 2.39007
199 18.1801 11.8778 -2.69208
200 37.3385 34.9031 2.33273
201 1.95971 13.6437 -1.2854
202 11.1524 15.0624 -2.85698
203 20.4281 21.1466 -2.9386
204 32.8479 24.7129 -2.13773
205 8.01622 31.0132 -0.0211915
206 6.95682 4.73989 -0.851044
207 32.6187 0.755159 -0.979449
208 33.1733 19.7372 -2.85743
209 2.44537 38.5385 1.58892
210 19.0691 21.594 0.639502
211 32.9663 20.4773 2.44701
212 30.0036 31.4376 -2.02975
213 38.404 1.35624 2.0356
214 29.5015 22.8478 0.217907
215 4.4143 15.4548 -2.14145
216 30.1762 27.798 1.02215
217 11.2625 10.1767 -3.56828
218 9.157 13.0135 2.84631
219 26.3131 36.1548 -0.3677
220 13.1015 4.22582 -2.84499
221 18.6233 22.4185 1.5319
222 0.568375 32.779 -0.797507
223 16.3016 21.8425 -3.24708
224 5.08988 27.4914 1.97769
225 1.77382 9.24541 -1.59286
226 26.205 13.3927 2.09839
227 7.41369 8.2506 3.38662
228 15.0993 3.04687 -3.45977
229 0.993657 24.521 -0.400015
230 36.4688 38.6717 -1.80809
231 14.882 30.0172 -3.36781
232 36.8406 33.371 -1.21653
233 32.9457 3.69589 -2.70065
234 0.00796846 9.47773 -2.96841
235 39.349 10.0521 2.26836
236 21.5021 6.71453 2.39987
237 14.9355 21.03 -2.88636
238 11.4905 9.77045 -2.90855
239 31.4888 12.3678 -2.92829
240 16.7452 16.4408 3.74437
241 1.64755 29.2424 0.840599
242 31.6004 39.294 -3.34685
243 29.6569 32.8718 -1.1804
244 5.20378 6.4176 -2.17587
245 13.3654 30.3639 -2.98448
246 27.0303 7.03424 1.877
247 4.9996 5.10018 -0.732016
248 8.36225 27.2624 -0.442002
249 6.65508 2.62971 2.98644
250 24.2205 4.74587 2.14247
251 27.247 4.77889 3.6425
252 27.7705 12.9364 -0.719064
253 32.0934 15.1845 -0.469955
254 12.4278 36.6706 -1.39623
255 29.5678 24.2409 4.21178
256 4.67343 4.84637 0.82689
257 29.528 16.9374 2.12303
258 27.1516 2.38157 -2.42405
259 36.7024 18.0842 -1.76021
260 1.12039 6.16778 2.06816
261 31.9871 19.6133 1.53185
262 30.5879 38.4756 -1.33148
263 3.46807 35.2686 0.717777
264 8.45822 20.4472 -0.151046
265 2.15943 27.0377 2.57037
266 3.50642 15.9457 -0.441366
267 11.7201 15.7381 -2.08803
268 17.1954 21.3345 1.8107
269 0.361001 35.5426 -0.824982
270 34.4514 13.7497 -0.331132
271 39.4358 12.5197 0.517097
272 19.3181 21.2468 1.00662
273 36.8848 32.4788 -2.54787
274 10.6029 1.33097 2.3721
275 9.54288 32.257 -1.24273
276 31.9884 20.1319 0.595065
277 3.25024 18.147 1.49754
278 7.34927 12.3862 1.83456
279 13.2838 29.039 -2.23706
280 5.568 32.7317 -1.12632
281 24.5946 24.0413 0.980738
282 10.8348 15.2293 -1.04385
283 24.813 4.88905 0.379368
284 34.213 20.0306 1.31458
285 5.97639 31.4177 -0.0483655
286 0.667104 8.46993 2.05066
287 13.1674 15.5453 -1.29853
288 4.47858 2.0771 -3.05262
289 8.72632 32.6667 0.365599
290 30.1872 27.9778 -0.150586
291 14.2436 3.27115 -2.11325
292 28.9934 20.3893 -0.549314
293 18.5715 9.57955 -0.851011
294 29.8787 27.5938 0.530045
295 18.0747 15.4377 0.784197
296 24.4742 27.6236 4.19082
297 1.09082 33.5825 -0.348312
298 23.9511 4.69679 -0.158088
299 19.2349 26.9687 -1.26531
300 16.4805 14.5508 -0.256343
301 24.0547 27.1266 2.77673
302 25.441 39.4273 -0.98585
303 2.11496 16.9914 -2.58324
304 10.3851 31.4562 -0.0585268
305 1.19155 22.1048 1.50727
306 22.9404 17.8686 -0.907511
307 11.9352 22.5899 0.972588
308 6.25267 27.266 1.01354
309 19.9863 39.6787 0.261619
310 15.2971 20.5111 -2.18688
311 23.576 24.977 4.1055
312 35.648 26.0689 -1.55786
313 25.0154 8.98435 0.886186
314 21.1227 39.2565 0.327123
315 3.4717 39.8012 3.9453
316 30.6991 38.1826 2.36512
317 18.1648 28.1722 -2.8337
318 24.6261 29.1478 -2.98027
319 7.91149 8.02578 4.06787
320 11.7602 16.3771 2.56535
321 27.8226 9.67585 -0.535566
322 3.78616 1.27428 -2.42
323 2.07385 38.9132 -0.438155
324 27.0861 14.2641 -2.18048
325 12.2054 29.1078 -1.48203
326 14.3542 7.66778 -1.50085
327 9.84889 32.5315 -3.42271
328 13.7296 30.9434 -1.79752
329 15.9319 19.2306 -1.87705
330 0.510272 13.3294 -2.74328
331 21.7311 5.8138 2.12742
332 35.8728 3.21375 -1.32644
333 32.5662 26.9503 -0.244826
334 15.6735 8.5844 -0.95697
335 1.85574 37.3043 2.51232
336 24.6281 9.95135 3.38992
337 8.58522 22.3472 -0.0458214
338 25.0649 26.2839 0.757398
339 0.261494 33.9126 1.48643
340 18.9569 13.3053 -0.373193
341 31.1746 26.08 1.4561
342 17.3439 11.5222 -0.0643663
343 9.18238 14.9178 1.46933
344 9.79987 3.21264 1.40761
345 2.31923 32.7645 2.85741
346 18.7169 12.636 0.105412
347 8.80913 0.0546078 1.22745
348 12.589 15.8771 -3.67881
349 19.4979 23.3508 0.62416
350 9.82368 11.8292 -3.8328
351 38.8843 25.5871 -3.08385
352 26.2226 22.8822 -2.29074
353 21.596 16.0463 -1.07656
354 4.53247 35.6845 3.92415
355 14.7874 20.0753 -2.92755
356 1.5171 38.5377 1.80507
357 8.61854 11.5344 4.26193
358 11.4597 13.3534 -1.47339
359 22.2089 24.145 -1.28929
360 30.7142 26.555 0.705118
361 31.7202 31.2984 0.987495
362 32.8351 26.723 0.453035
363 35.5591 13.47 4.11663
364 14.2123 10.6645 -1.17339
365 39.8486 35.4267 2.7084
366 7.98327 0.00342004 0.842929
367 3.58736 39.1653 -1.32403
368 18.8296 9.94216 -4.3422
369 18.6066 10.0838 -0.766205
370 22.9059 34.2316 -0.306548
371 35.1224 17.3462 0.182926
372 21.9457 25.1976 -1.37882
373 17.2915 19.4503 3.62972
374 7.44346 12.2127 2.5292
375 7.03789 8.60445 2.42433
376 36.8863 30.1835 4.5793
377 33.3499 8.28161 -0.00449566
378 19.11 6.22613 0.329317
379 5.3171 37.2282 2.55124
380 34.3245 36.9123 0.941697
381 13.5435 39.3355 1.97249
382 2.53756 15.5362 -1.2575
383 19.8949 26.9099 0.230397
384 28.3509 8.63283 3.80631
385 19.7364 26.9072 -1.02643
386 26.7837 10.7141 2.2224
387 1.441 1.97144 -0.03684
388 33.3871 30.1174 1.36612
389 15.7418 0.681028 -0.921176
390 28.0232 9.92905 0.129232
391 9.14519 9.61894 -2.07806
392 26.8743 19.3505 0.491012
393 21.1383 38.2013 1.99084
394 27.2011 10.7024 0.940298
395 0.296865 14.0496 -3.08912
396 13.3044 39.0737 3.55922
397 8.85943 17.0227 2.35103
398 29.1783 33.8319 -0.759962
399 29.7222 12.25 -3.70491
400 7.07466 1.01607 2.2868
401 28.9736 27.8265 0.623012
402 37.2723 11.5455 -1.9036
403 9.19113 29.8111 -2.08143
404 21.2397 31.8205 -0.655189
405 4.84338 23.1399 -2.22097
406 19.8003 7.88754 0.820693
407 1.50306 12.397 1.00633
408 12.3569 5.32743 1.89835
409 29.2321 9.63662 -0.387202
410 18.6823 23.7672 -0.361184
411 17.9425 34.7916 2.08086
412 5.4365 3.89282 -0.849244
413 7.19034 21.6614 1.80562
414 10.072 6.06392 -3.08353
415 10.1083 27.993 2.22941
416 6.22871 33.7438 3.06958
417 2.02975 2.70908 0.642387
418 25.579 23.6314 0.744996
419 26.0978 10.3122 -1.46434
420 25.8471 38.6813 -2.01705
421 9.71299 11.2724 -1.22935
422 10.0526 13.7323 -3.94799
423 36.4141 10.059 -0.0522852
424 23.3183 17.98 -2.67523
425 21.3753 4.48658 4.60108
426 12.0858 16.5885 -2.14619
427 20.1443 24.2738 0.45631
428 7.84297 4.50329 -2.76865
429 38.5054 4.27925 -1.44076
430 10.2386 15.6073 4.61896
431 6.53216 8.52571 4.77845
432 14.8483 30.8864 -1.48646
433 26.0388 22.8654 -1.1053
434 11.5996 21.6812 1.2689
435 3.21627 30.7718 0.744608
436 36.6135 31.268 2.25201
437 7.32502 5.04338 -3.25125
438 0.447513 38.6962 -0.0931614
439 36.7591 18.7906 -1.00862
440 20.722 7.46857 2.44146
441 18.7554 35.7632 -1.92261
442 17.1666 13.3375 0.818772
443 23.0707 27.8857 1.95781
444 13.792 20.7592 1.6238
445 13.1754 19.817 0.666699
446 20.0327 6.61568 -0.290766
447 12.211 7.52725 0.857885
448 32.0984 23.4684 1.18268
449 14.0156 15.4443 -1.16757
450 7.55575 15.4405 2.38833
451 33.7288 16.887 2.09031
452 10.0231 9.81333 -1.36272
453 7.90137 15.9826 0.361905
454 36.7272 9.90686 2.24425
455 26.6062 38.5654 -1.84869
456 11.207 11.4212 -0.338886
457 25.5802 13.1398 -0.434485
458 22.9384 17.4819 -2.59514
459 17.0858 38.3613 -1.2095
460 7.10817 2.40615 2.89469
461 10.4013 5.0645 1.83109
462 19.4666 22.6754 -0.445303
463 6.87926 32.9073 -2.35334
464 27.8733 34.6946 -1.6212
465 27.6951 10.1388 -0.226233
466 32.9688 24.3934 -2.13526
467 6.73739 32.8858 -0.796828
468 12.5518 30.5687 -2.25169
469 26.4385 34.8815 -3.04816
470 13.1297 14.6048 -2.13137
471 30.8644 29.8317 -2.39251
472 16.8185 1.5232 -3.20441
473 15.1885 37.5998 -2.85769
474 8.16055 38.7301 -1.2047
475 34.4755 39.4228 2.77005
476 15.0532 18.8836 -3.64563
477 12.957 35.3762 -2.38184
478 30.2213 28.002 0.120287
479 38.4013 31.6832 -3.94931
480 37.7918 25.3267 0.895596
481 31.6575 0.434806 -2.4607
482 13.4566 0.605432 0.372178
483 8.31114 37.4758 -4.8535
484 24.4328 39.683 -3.98551
485 3.34083 36.515 0.659382
486 15.2078 28.9276 4.05958
487 32.899 31.4016 -3.91562
488 39.1237 8.31275 -3.7955
489 21.2247 6.75107 1.85361
490 0.603248 7.70893 1.60431
491 18.4745 15.4113 2.44657
492 19.8188 38.1602 1.30774
493 2.61506 30.3926 1.30772
494 8.88466 13.0927 2.27346
495 36.9336 9.95909 0.0591385
496 26.108 26.5182 2.14864
497 14.4387 38.7872 1.17849
498 21.4051 13.4329 0.530483
499 9.18859 20.1286 2.29211
500 9.43049 9.85978 0.680538
501 33.4355 8.4534 -0.276762
502 5.27427 3.07628 -3.06981
503 23.8329 26.652 2.71719
504 4.54338 1.65011 -2.00538
505 10.7228 6.97791 -0.0782819
506 29.2555 26.2655 3.46094
507 24.0083 12.6076 3.21379
508 11.1207 30.0317 0.581476
509 17.205 39.6136 -1.75588
510 34.3397 9.93124 -0.761615
511 20.5588 32.1463 -3.43096
512 31.0337 26.1699 0.338019
513 19.3319 22.7521 0.8219
514 3.07022 35.1301 1.50665
515 15.458 14.8055 -0.157136
516 15.7925 36.708 0.920299
517 13.4554 12.5728 -0.539825
518 36.0549 2.41548 -0.467984
519 23.3138 21.6372 -0.677913
520 1.65113 3.15731 -0.171273
521 39.2634 33.7234 -1.2473
522 30.2518 22.3898 -0.801876
523 10.9694 21.3875 3.64783
524 17.1747 23.3918 -1.71765
525 12.336 13.2289 -2.96473
526 17.3058 27.5978 1.98295
527 12.01 2.95812 0.798927
528 18.5927 8.77149 0.280485
529 33.3197 34.8374 -0.978473
530 26.7518 13.7315 -1.77428
531 26.2152 38.3781 -2.29456
532 20.0739 0.782819 0.923657
533 3.4297 32.4032 -1.48732
534 8.7982 28.867 0.262055
535 31.465 8.79632 2.72378
536 39.1968 14.6911 -3.45291
537 1.0209 26.1626 2.05995
538 20.4228 38.2049 -0.356386
539 21.1258 15.811 -3.17447
540 36.3143 15.8283 0.426774
541 22.9611 24.7643 3.245
542 31.5544 37.4459 1.56957
543 7.2441 16.1638 -0.398046
544 0.249724 33.3644 0.894335
545 4.23444 22.7977 1.29967
546 34.2895 39.5736 3.21493
547 4.22563 12.031 1.20464
548 37.1478 1.59756 -1.32057
549 0.828386 31.4336 0.469222
550 37.8168 29.7457 -1.25129
551 35.1849 8.25208 0.114127
552 14.1428 1.98167 1.34773
553 9.00516 32.1904 -0.00396713
554 13.8929 5.10091 -4.26784
555 35.4584 9.01529 2.02942
556 38.2921 13.8354 -1.30351
557 7.69181 11.435 -3.71733
558 27.0146 2.71999 -0.379956
559 30.9373 31.3911 0.841951
560 36.3231 22.3004 -2.17188
561 1.17496 37.1587 0.635365
562 10.6143 24.4951 -2.24776
563 5.94824 10.9657 -0.167571
564 9.08136 24.1808 -2.41246
565 5.26546 22.921 -2.2817
566 16.5317 38.8364 -1.50492
567 28.365 15.0378 -2.17931
568 2.16559 3.88406 -4.27732
569 30.1613 29.4714 -0.750342
570 6.18252 27.4644 -0.0914669
571 14.7267 10.4491 0.140865
572 27.6149 27.1731 1.02495
573 20.4038 31.7108 -1.99619
574 9.50675 23.9467 0.575266
575 12.705 16.0965 -1.97915
576 4.86392 4.23369 -0.629091
577 23.2544 33.8507 -0.34131
578 10.1115 33.0595 2.04752
579 14.2069 13.1285 0.901552
580 7.08379 26.02 -0.17123
581 5.15841 23.5913 -1.07829
582 15.7681 20.7086 -3.47878
583 19.4343 30.0451 -3.45771
584 4.47072 12.3262 1.23866
585 2.59812 24.4524 0.484098
586 22.7746 21.3265 1.86651
587 29.9576 36.6514 -0.729632
588 18.7562 35.38 -2.16691
589 23.5077 11.7723 0.577303
590 3.71402 7.35799 -2.05087
591 13.7925 27.36 0.912282
592 26.0488 26.4598 1.65204
593 5.98985 19.8272 -2.51843
594 5.0983 6.07345 -1.98852
595 30.5578 27.7511 1.51082
596 0.775051 1.01056 -1.33743
597 27.7716 10.4028 0.425738
598 0.292199 13.9522 -1.15097
599 8.55187 39.1651 0.70679
600 38.9302 38.1963 -2.03133
601 19.4741 35.7588 -1.05541
602 16.1053 16.9571 -2.69535
603 16.5861 7.25554 0.730681
604 33.1794 34.0762 1.41232
605 18.7709 23.8899 1.70963
606 38.0455 30.656 -1.25513
607 39.9764 12.5809 -0.216484
608 4.76764 1.50997 -1.00652
609 27.9425 10.6993 2.62455
610 32.7093 27.0846 -0.449418
611 37.3209 26.1883 2.63439
612 20.4198 9.09672 3.25305
613 16.5248 10.0645 3.17428
614 36.8324 0.395531 2.3375
615 31.2617 3.99994 1.63653
616 35.1596 17.5667 1.44369
617 25.2562 26.8151 1.91152
618 6.06189 3.54631 -3.39737
619 22.3088 29.1367 0.804033
620 37.4525 3.19655 0.670981
621 23.7398 20.2752 -0.644015
622 30.4893 7.55181 -2.53715
623 20.0625 19.6149 -0.251554
624 37.3165 9.38921 1.35902
625 12.5941 7.32336 0.822689
626 4.35796 3.33939 1.56992
627 7.39632 0.246904 -0.558744
628 16.4607 7.66839 1.07584
629 26.1131 7.86532 -0.201216
630 0.863028 1.75349 0.961057
631 29.4253 1.72653 -1.03885
632 37.8887 32.7027 -4.09759
633 5.88936 22.1881 -1.58321
634 36.6021 11.3177 -1.19418
635 29.9175 23.7231 -1.2691
636 23.5727 12.6408 2.81992
637 3.1331 33.3196 -3.73452
638 33.1716 27.7653 -0.907235
639 29.903 22.9551 2.87375
640 11.9001 16.1168 2.50955
641 35.5144 8.55639 2.67731
642 11.9444 30.9323 -1.53735
643 29.3186 35.4918 0.389681
644 12.5055 2.19612 -0.277546
645 7.44498 7.19908 -0.818547
646 15.2196 4.49289 2.90879
647 8.91887 6.2314 -0.770117
648 29.5597 31.7275 -4.29095
649 13.3614 11.3946 -1.28594
650 27.4846 20.0257 0.761409
651 29.6905 18.9642 1.39811
652 6.43068 30.7086 -2.16001
653 3.21057 38.6529 -1.61232
654 23.319 19.714 1.58221
655 32.298 32.2619 -2.14764
656 15.839 8.69742 -0.898375
657 28.1406 10.0228 0.43411
658 7.35313 24.2691 1.83468
659 3.79012 2.08624 -3.79961
660 23.2125 20.4729 -0.696736
661 4.07461 14.2497 -2.36864
662 35.9436 39.7929 0.632541
663 3.64887 18.6225 -2.41145
664 34.8952 18.9503 1.09877
665 36.0913 32.8518 -1.20272
666 26.8342 2.94117 -1.00172
667 33.1522 28.5018 -0.318046
668 9.33891 31.6322 -0.981978
669 7.5824 32.5813 0.594636
670 32.9244 32.2839 -2.27589
671 34.4424 39.3284 3.91163
672 13.5758 35.239 -3.69198
673 37.7519 9.26517 -0.184566
674 6.53398 17.6781 -2.40643
675 29.8005 12.2219 -1.34157
676 3.81049 3.00252 2.05392
677 7.46853 17.2574 -0.069368
678 24.0071 0.277608 -1.61321
679 23.178 25.5497 3.42838
680 26.1595 37.4993 -1.51689
681 15.6418 36.0283 0.783936
682 36.9075 0.718143 1.56296
683 21.6445 25.0324 -0.263888
684 5.31235 28.3033 2.12821
685 23.0801 24.4873 4.58298
686 1.72104 37.9158 2.89432
687 20.6345 18.1001 0.205779
688 25.9793 7.56904 -1.14451
689 6.4572 4.44798 -2.46672
690 7.68503 1.23272 1.96011
691 19.1192 33.5473 -1.82403
692 29.1204 14.7845 -3.21788
693 0.685442 21.5727 1.17746
694 31.2453 16.9078 3.04614
695 9.85893 29.8285 -2.8327
696 16.9672 22.073 -1.8038
697 27.568 4.05221 1.10399
698 38.5924 13.2564 -3.27541
699 1.97791 26.5949 -0.373567
700 7.8225 0.0333339 0.042801
701 14.3836 1.93993 2.21337
702 8.92874 38.2453 1.56505
703 0.946712 10.9487 0.499024
704 30.7512 39.7835 -4.10434
705 5.32494 23.3222 -0.417229
706 35.9775 32.3537 -1.52842
707 18.9026 2.07215 -3.73414
708 37.4345 22.6167 3.66388
709 29.0305 13.9085 -2.60394
710 17.2612 2.14161 -4.43074
711 36.4796 33.2675 0.746921
712 30.749 26.7133 -0.576186
713 35.7813 16.5439 -0.87161
714 29.887 36.4958 -0.255173
715 36.9901 30.6546 1.15428
716 17.644 32.1396 3.17239
717 17.6235 31.6927 0.528057
718 5.05972 28.0535 2.04923
719 11.9285 30.7542 -1.82889
720 12.6637 19.5334 0.0872494
721 19.9453 36.2144 -2.0022
722 5.20189 4.04524 -0.334491
723 7.33045 38.8372 -0.45135
724 23.0929 0.419193 -2.6762
725 29.8064 32.9175 -0.932572
726 1.50582 32.2321 4.10246
727 11.2916 24.2271 0.0188905
728 2.12293 33.7582 0.637018
729 18.0785 2.7121 -2.55592
730 21.2823 10.6219 0.530347
731 35.7289 16.9671 -0.971627
732 23.2783 39.6563 -0.973375
733 25.3239 29.6331 -0.0111946
734 36.5054 9.3332 0.74059
735 16.1662 32.1857 3.19892
736 25.169 25.1882 0.0118879
737 1.58564 37.1905 2.30332
738 20.3623 13.2128 0.94353
739 8.00432 20.848 -3.11857
740 31.8659 20.0865 0.0328671
741 1.00404 21.2387 2.37354
742 17.4548 20.1372 2.09209
743 25.3179 22.875 -2.12204
744 33.6646 22.0592 -3.19832
745 18.4426 38.665 -0.932165
746 17.2756 8.35889 -0.32788
747 15.7456 24.4347 -0.199407
748 17.3228 33.6933 -4.48994
749 8.77454 4.04762 -2.3184
750 3.49662 30.7327 -0.234965
751 0.945531 33.7291 2.40749
752 7.26017 18.6169 -1.91934
753 18.8779 21.7758 -1.19245
754 30.1464 23.4105 -1.8311
755 32.548 6.10974 -0.48786
756 12.6068 8.29114 -1.4458
757 2.02528 34.3727 -0.129804
758 0.499811 18.1495 -0.279287
759 10.2251 27.679 2.11175
760 38.1743 28.6388 -1.19933
761 9.93931 16.5565 0.790044
762 19.1898 24.2181 1.73869
763 5.21669 2.52697 -3.98802
764 15.3055 19.4545 -2.81504
765 37.3999 18.196 -2.48237
766 11.1453 12.4574 0.00887714
767 34.2419 11.6362 1.46255
768 7.56463 16.2785 0.922781
769 12.7233 29.814 -2.21965
770 2.79007 26.0355 0.498443
771 9.40888 20.3765 2.25844
772 12.7314 30.5815 -1.61221
773 34.4359 29.1324 0.0184276
774 5.14852 31.9977 -1.40359
775 16.5916 9.48218 0.595801
776 9.44052 12.6386 -3.77431
777 33.7207 24.6422 -0.0264216
778 33.8866 28.5289 0.864453
779 19.4455 5.43926 -1.58741
780 0.623997 3.51416 2.81359
781 14.429 36.762 0.868033
782 10.6646 4.70535 1.80472
783 10.337 12.651 -3.13066
784 31.8026 0.07981 -3.74393
785 20.6815 7.1276 0.315561
786 6.70798 17.9909 -0.024763
787 38.4738 6.75163 1.25561
788 5.0441 31.8171 -2.15895
789 1.14825 0.369251 0.442838
790 9.43471 24.2121 -1.33509
791 8.61349 21.7746 -2.31001
792 10.965 21.5663 2.05767
793 21.1376 36.4703 3.59689
794 21.8359 24.0935 -1.5324
795 0.521201 2.33856 -0.249851
796 13.3635 14.1523 2.86599
797 2.36954 29.5434 1.86768
798 31.4673 12.2795 -0.19339
799 31.7267 2.02455 0.855869
800 35.0402 10.4664 -2.62428
801 17.9686 23.2249 -0.769971
802 34.6895 24.3715 0.375596
803 10.5837 2.72984 0.553517
804 0.926954 19.6454 -2.21136
805 3.04894 24.3093 3.58243
806 6.02175 27.6073 2.18249
807 28.422 17.8771 -2.11439
808 18.3716 34.0117 2.13566
809 27.9815 23.6435 -1.77701
810 14.1037 30.4134 -2.75275
811 36.5104 23.3159 -1.51823
812 9.24204 7.50397 -2.07684
813 8.53651 9.34498 -1.99565
814 30.5292 36.116 -1.18985
815 23.881 16.4581 3.33187
816 15.0874 0.0862435 -0.895013
817 17.1419 32.712 1.55025
818 6.38529 3.99116 -2.95978
819 27.5813 5.66515 2.21542
820 9.96108 0.473536 3.7458
821 16.0466 8.47274 0.484599
822 7.02766 39.1386 -0.48004
823 22.8471 5.12068 -1.034
824 27.0067 12.4237 -4.2615
825 36.0382 1.70703 -0.653364
826 4.81085 18.1894 -2.59144
827 34.4911 11.0245 -0.503836
828 15.6255 19.314 -2.72259
829 11.3726 31.0945 2.0254
830 9.50086 12.3773 -3.35141
831 23.8332 37.4338 -0.646396
832 31.3142 3.09204 3.17608
833 15.5704 13.7541 -2.01023
834 20.1558 7.59162 -0.76595
835 2.86675 34.2283 -0.487568
836 17.2366 31.6868 2.75122
837 30.95 37.6394 1.47527
838 16.3447 4.03828 -2.53672
839 9.88722 9.83 0.510706
840 27.8652 15.5737 -2.3566
841 25.6572 36.225 0.740936
842 20.6697 35.9667 3.95637
843 19.8572 4.54255 2.6652
844 3.32961 23.4416 2.81225
845 7.02187 31.4975 -1.0956
846 6.16124 18.5193 -1.13679
847 1.51344 24.2033 -0.745663
848 25.0235 26.5022 3.6036
849 23.0014 17.2653 1.40471
850 34.3344 36.5553 -0.338908
851 6.83983 3.86555 -2.40855
852 28.3339 24.7538 0.292807
853 16.4198 20.2159 3.73505
854 7.98127 39.7601 0.858983
855 15.5201 33.3346 -2.17697
856 12.3861 31.2893 -1.48905
857 10.1042 31.1983 -0.868866
858 33.1421 29.3563 -0.416931
859 10.8693 35.2015 -2.9494
860 38.7799 16.91 1.37865
861 7.19319 12.4159 -3.94132
862 5.59265 25.324 -1.84872
863 15.5416 10.5059 -2.7764
864 12.2657 9.22557 -1.81245
865 22.435 29.2308 1.47685
866 30.8014 39.3942 -1.24291
867 30.179 24.9241 -1.92138
868 34.9288 29.9062 -3.51137
869 0.97188 17.7943 -0.565586
870 0.142942 3.07922 0.703034
871 16.4127 22.8482 -2.8019
872 36.5862 15.5823 0.828224
873 8.34168 15.4502 2.01499
874 24.2881 13.5204 1.53422
875 30.5492 1.10556 -1.7285
876 18.7368 23.8647 1.31341
877 36.7329 13.0443 -0.835817
878 37.7572 3.57763 -1.9159
879 7.9624 33.6857 -0.924591
880 32.6599 24.1342 -3.30757
881 14.2287 21.2825 0.663866
882 30.2021 4.78185 0.774537
883 35.7068 27.6405 -1.26864
884 39.5091 15.0673 0.339809
885 14.8888 10.2691 -2.9856
886 17.7523 20.7932 3.31742
887 1.79518 22.2594 0.384737
888 33.5914 28.8301 2.23399
889 38.3263 5.43909 1.42794
890 14.5978 9.24729 -1.43131
891 21.1478 24.1777 -0.0533736
892 26.6891 9.72065 1.51954
893 32.2106 23.9268 0.272576
894 24.6723 27.3099 1.35083
895 35.5692 7.22536 -0.0225424
896 13.8087 37.724 2.14563
897 3.53275 14.5044 -0.107555
898 24.5971 21.8783 0.837575
899 8.75063 23.3966 -0.690344
900 8.69488 38.8301 -0.0158727
901 0.803982 39.285 -1.2539
902 5.85029 28.3375 1.80393
903 15.4708 35.3323 1.14933
904 19.7603 36.6565 -3.19996
905 33.4007 36.7506 2.12331
906 20.6083 15.0785 0.519188
907 12.784 26.3454 1.66224
908 31.966 38.1948 -1.36219
909 8.10933 38.5983 2.95269
910 3.18408 24.1356 1.49992
911 34.0441 3.28463 -0.998524
912 29.1618 15.4381 -0.0854945
913 33.117 34.4195 0.561111
914 38.877 25.8075 -2.46217
915 39.3094 0.704815 2.37795
916 37.171 16.6588 -2.20421
917 16.4277 24.546 -0.0922543
918 35.8889 9.86335 2.70895
919 25.1287 27.3559 3.06352
920 39.6282 21.4854 0.894359
921 31.4637 15.7535 -3.51048
922 27.3938 20.8786 -2.64607
923 5.63216 27.1316 1.30339
924 33.1259 26.4195 -0.508441
925 18.5993 16.2786 0.860622
926 17.9749 8.3312 -0.10807
927 2.33659 31.1229 -1.97427
928 32.4027 1.38492 -3.96617
929 13.0031 27.8315 2.17987
930 7.58686 3.65792 -2.68083
931 11.5899 23.7228 -0.877015
932 32.1713 23.3606 -0.275558
933 18.4971 1.20795 -0.820926
934 29.5282 21.1865 0.208815
935 7.33112 11.8992 3.58326
936 12.1125 18.4967 -1.00126
937 24.6172 7.91824 2.86484
938 15.0116 18.6426 -1.15549
939 10.5915 1.95033 2.12071
940 13.2145 26.5939 -1.04204
941 31.9512 23.2676 2.77366
942 6.45654 17.4958 -1.2749
943 13.0467 7.00291 0.910933
944 7.12044 0.184317 1.26041
945 2.85495 9.73551 0.176881
946 12.2972 20.6086 3.8054
947 13.2248 8.9419 -3.74936
948 18.6702 9.34933 -3.59693
949 9.11169 8.28444 -2.40602
950 3.13979 25.9659 -0.163446
951 8.52137 6.36358 -0.845349
952 10.4794 25.0191 -0.283259
953 36.7481 21.1382 -3.60455
954 9.67512 34.4357 0.880086
955 8.30922 39.9766 -0.867554
956 31.1563 14.6361 2.68778
957 34.3617 19.5262 3.00422
958 5.56035 4.51625 0.157531
959 38.8987 15.1934 -2.61093
960 9.22377 32.4048 -1.07255
961 8.08001 27.5231 1.8926
962 13.8216 27.9194 1.04418
963 9.78415 39.362 3.19554
964 36.9781 10.5708 0.601177
965 2.38248 31.1399 1.45708
966 12.1582 10.4438 -4.25427
967 19.5342 0.544551 2.16049
968 37.5731 12.7049 0.26202
969 15.3475 6.95971 1.90964
970 13.6364 0.0198038 1.95143
971 16.4204 21.1578 2.35142
972 11.7927 18.5092 1.02609
973 4.85955 19.0108 -2.85964
974 0.401593 26.0419 0.970689
975 8.09198 21.3383 -2.36424
976 9.80797 14.8423 4.06328
977 4.68453 38.9142 -0.586507
978 8.7374 32.8139 -3.50311
979 8.7039 0.344613 1.47353
980 30.8336 12.8795 -2.32806
981 5.66496 19.157 -2.70975
982 0.766313 37.6628 2.20164
983 35.4139 22.213 -2.85538
984 9.56805 27.8727 1.5652
985 38.2913 28.3765 -1.45073
986 21.3293 21.2156 -2.48657
987 12.2568 7.95505 -3.96127
988 8.32461 20.2441 -1.25733
989 24.8351 28.1448 1.92446
990 22.7979 18.9641 -1.82768
991 12.2041 21.0618 0.601883
992 10.1993 7.39067 -0.82695
993 12.6178 12.356 0.862879
994 23.4794 17.4961 -3.16349
995 12.3681 13.1487 0.506843
996 34.5652 21.574 -0.679445
997 4.47803 13.8046 -0.362357
998 35.1369 35.9721 -1.66077
999 39.5179 6.16005 -1.68107
