1000
Particles
0 4.1807 29.6351 1.52627
1 28.9861 29.2061 -3.09374
2 16.0876 7.90616 -3.72094
3 9.36747 35.713 -0.759703
4 19.0574 21.7943 -0.596051
5 17.5708 12.9034 -2.26629
6 30.1101 37.8013 -1.75706
7 31.9522 22.2664 -3.3746
8 10.9332 17.329 -3.06633
9 39.0821 21.0636 3.92496
10 21.7606 1.85221 4.09991
11 7.88991 29.6117 -1.05518
12 29.768 31.0321 -2.81488
13 13.3432 1.44376 -0.744982
14 28.3398 29.3865 -2.06828
15 15.8707 27.8512 -2.1323
16 26.498 31.5579 -2.10724
17 35.1622 22.1886 1.95424
18 32.8031 18.8962 -1.1254
19 14.2515 27.9028 1.92426
20 38.2432 7.76491 -0.782393
21 38.688 4.26476 -0.549599
22 9.00851 7.32291 -0.307186
23 36.9875 23.2524 -0.346586
24 33.2464 11.1025 -2.00104
25 2.59572 30.5718 -2.35971
26 20.3299 32.4046 2.00344
27 14.3602 10.2787 -0.402941
28 9.52399 31.0511 0.507147
29 31.0797 0.476505 3.14222
30 11.7586 16.3859 -0.905723
31 9.66019 12.2374 -1.8788
32 27.7031 4.88039 0.997545
33 11.6456 33.7578 3.31934
34 28.2363 29.6244 0.893484
35 23.1209 11.7084 0.187064
36 14.2531 2.77376 -0.219517
37 37.1619 30.1059 -1.96369
38 29.2562 39.1158 -2.21241
39 37.6672 20.6761 0.886162
40 0.146168 35.2587 1.29509
41 10.5731 13.9433 -3.03584
42 37.3068 21.5391 3.72844
43 22.0793 27.9559 1.37279
44 24.3254 26.3649 -2.70463
45 6.9043 21.9257 -0.447323
46 38.1137 7.56147 -4.54863
47 26.8848 13.8445 -0.140665
48 2.72801 36.1138 2.31125
49 7.87448 34.182 -0.373249
50 2.61033 33.6984 1.5223
51 26.6547 0.603005 -1.47509
52 29.6502 10.2163 1.51182
53 16.4654 4.72489 1.40548
54 26.8168 19.5631 -0.372065
55 7.93537 14.972 2.02635
56 14.9421 14.452 0.954581
57 13.1847 31.5556 -0.404204
58 28.0962 21.303 -4.71889
59 4.35951 34.9794 2.00074
60 8.96986 23.4055 2.42359
61 17.6828 34.353 -1.32224
62 1.53385 2.79315 -4.32468
63 8.72002 16.0327 2.6835
64 29.1928 28.5387 -0.272721
65 5.99826 35.7934 0.0626309
66 1.94861 18.4395 2.71384
67 26.9782 21.5984 -1.47597
68 2.76801 5.36373 -2.074
69 14.0906 34.3211 -2.41003
70 10.6884 6.25421 2.17699
71 21.6222 15.3573 -3.63781
72 4.42929 11.8574 0.658122
73 22.7173 27.7134 0.298162
74 8.67395 7.50481 -1.62296
75 30.0241 35.4987 -1.15159
76 30.4465 7.98679 -0.780001
77 6.35881 26.6342 2.64858
78 5.7404 35.1602 -1.29096
79 0.33902 36.3574 2.00816
80 34.5118 14.8587 0.97453
81 9.28944 36.3081 -0.362256
82 16.3886 11.6129 0.114627
83 14.4445 30.2531 2.4854
84 26.9705 8.02555 0.538583
85 2.52658 19.0525 4.63322
86 20.9698 12.4917 1.83565
87 24.8903 32.8869 0.377653
88 6.18749 39.2267 1.65648
89 7.85355 39.7695 1.50831
90 39.6373 35.0045 0.92488
91 29.0703 17.3479 0.727386
92 22.4178 30.0204 -1.8044
93 9.31444 39.9131 1.07295
94 18.2681 25.0142 -0.152205
95 16.7193 3.13934 -0.301364
96 7.76549 33.7409 2.63356
97 14.8525 38.8379 -1.67674
98 4.48372 20.4053 -2.5093
99 12.7442 6.97689 -0.436114
100 31.3326 21.2375 -0.0855595
101 22.6982 25.5838 -0.893067
102 23.6217 36.2428 -0.388971
103 14.7594 38.0064 1.15171
104 24.4769 5.4973 -0.610358
105 10.7424 37.3266 -0.992287
106 36.509 19.7345 -2.61181
107 20.604 22.4557 3.0729
108 36.0984 23.5383 1.72585
109 37.5938 34.1163 -3.23892
110 3.7392 31.8103 3.66582
111 33.0281 31.3733 -1.00973
112 33.6608 2.84809 1.02682
113 33.2323 32.5357 -1.70689
114 28.2559 22.7698 3.46313
115 27.4994 19.3558 -1.97249
116 20.6557 32.8082 1.82811
117 30.9451 30.046 -1.05473
118 23.6293 7.62899 -2.22507
119 31.8301 12.2738 0.93386
120 22.8801 27.8933 4.68901
121 21.9463 15.1283 -3.47242
122 32.168 26.7956 -1.93239
123 4.34368 29.005 2.31727
124 9.99475 37.2764 -0.518508
125 22.5705 0.947739 1.05358
126 32.4399 32.052 0.430654
127 34.6796 3.96549 -3.33162
128 32.3039 3.38987 2.79448
129 6.58455 17.1401 2.83486
130 24.7626 12.3037 1.45554
131 24.1539 27.4808 2.36503
132 18.2778 0.319921 3.74877
133 39.1507 38.3568 2.33365
134 10.8777 32.9305 3.08644
135 14.5347 0.311169 -2.11147
136 24.5435 5.54499 -1.98811
137 21.3737 25.1026 1.52172
138 6.64348 16.1334 3.09444
139 14.7557 35.507 -1.68026
140 28.6798 39.2766 -2.84153
141 26.8259 1.12536 -0.612652
142 18.8437 12.8555 -2.10379
143 16.4645 19.7555 -0.813195
144 39.9223 33.3663 2.87166
145 23.9253 25.5912 1.18796
146 28.5458 14.2361 -0.691786
147 35.9932 34.9622 2.32436
148 31.8807 6.39754 0.17518
149 12.0356 11.4241 0.422484
150 12.2146 28.0695 -1.90113
151 28.8766 5.4838 2.18359
152 15.5936 14.149 4.52433
153 18.1178 8.55596 0.43441
154 26.6779 37.363 -0.328062
155 36.9098 29.3773 3.74216
156 37.8522 22.7187 -0.0404408
157 16.7296 4.02306 0.24659
158 13.9215 39.7483 0.745602
159 24.241 32.0921 3.48578
160 7.81481 16.1159 -0.111908
161 13.3538 25.2909 -0.439843
162 24.5906 25.9509 -2.18006
163 9.6451 10.715 3.35699
164 20.5892 9.26119 -2.34353
165 32.2115 8.81914 1.22241
166 36.2454 3.38956 -0.4805
167 8.00061 33.7426 0.189858
168 36.8713 24.3206 1.53115
169 3.89668 3.82359 -3.48076
170 34.1902 33.8459 -2.58958
171 25.9295 31.7955 -1.57864
172 4.6796 19.4495 1.67152
173 29.8197 31.3733 -2.87237
174 20.9197 10.4214 1.10717
175 1.93858 8.86152 0.937832
176 21.4862 21.742 2.25363
177 13.6546 1.17095 0.568454
178 31.8388 24.0165 2.89965
179 21.1453 13.6045 -1.46691
180 16.0613 4.13416 0.462417
181 11.7592 27.7479 0.781026
182 14.7919 24.7772 0.208678
183 1.38168 18.0045 1.01885
184 39.2445 38.5809 2.18307
185 6.00653 10.9915 -0.381721
186 21.7251 33.5567 0.377681
187 38.0737 8.61336 -2.32437
188 14.0043 12.2092 -2.38869
189 5.88586 22.2032 -1.98482
190 20.0088 19.9346 0.908037
191 14.2292 32.562 3.60296
192 36.9601 3.04602 0.0661003
193 22.5922 27.9117 -2.18412
194 19.2111 20.9682 0.754238
195 5.16189 16.2186 -1.52973
196 30.6039 2.13616 1.50748
197 9.84199 34.0393 1.64089
198 31.3151 17.2818 -3.38792
199 19.7238 12.1014 2.50441
200 35.671 0.452605 2.91406
201 2.35662 13.9993 -3.33564
202 12.5442 19.4085 -0.209969
203 19.7276 18.6362 -2.91639
204 33.5806 31.0988 -1.11337
205 4.01503 30.937 2.18198
206 11.7958 0.322514 -2.43537
207 37.0355 1.051 2.58409
208 32.3778 19.1362 -1.11287
209 7.5988 37.3088 -2.53156
210 18.6963 22.0558 -3.04257
211 36.5193 19.051 -0.557179
212 31.0577 33.3057 -3.04817
213 39.7439 4.20241 0.247773
214 27.5634 20.127 -2.95296
215 2.32569 16.4277 0.595402
216 32.581 28.0597 -2.88523
217 10.7822 10.2271 1.20479
218 12.0149 11.0896 1.5099
219 24.9114 37.2957 0.306404
220 12.7798 1.97846 2.07007
221 23.1363 17.6283 3.01902
222 36.7033 33.2273 -2.35625
223 18.6634 28.0513 -1.79278
224 2.70899 26.6709 -0.6444
225 36.7532 7.80873 1.3581
226 29.0579 14.4414 -1.29744
227 6.60421 9.55416 1.54786
228 14.2392 1.49876 -0.0144801
229 38.3613 21.9687 2.37482
230 34.9136 0.114105 0.85983
231 18.7809 31.5236 -0.253226
232 31.0646 35.8246 -0.763628
233 33.6032 6.14417 -0.826663
234 0.506008 7.98532 0.159403
235 0.818732 12.753 -1.61507
236 21.5076 3.90756 2.11908
237 16.139 22.0819 0.154805
238 11.2049 10.9359 1.78479
239 32.7784 16.7489 -1.12894
240 15.3732 15.0309 4.37277
241 0.385797 24.5701 -4.0501
242 33.4565 38.4248 -0.0745446
243 31.2344 36.643 -1.77966
244 8.6512 6.18499 -1.77602
245 17.8058 34.2096 0.0103035
246 28.6756 1.73587 -4.06103
247 39.6996 38.3223 0.573458
248 6.58437 25.4462 -3.75898
249 7.01898 0.392094 2.57405
250 21.9583 5.11804 -1.4148
251 31.5135 4.05821 1.48002
252 28.2184 19.0483 0.204159
253 32.113 15.7171 3.74525
254 8.37417 34.8754 -3.04833
255 30.6623 25.8583 1.11568
256 6.11238 1.2159 1.98845
257 29.7372 17.9245 2.03668
258 28.6812 6.22815 4.2911
259 36.943 17.0183 0.28872
260 2.43894 3.29697 4.42662
261 32.4138 21.853 -1.32292
262 30.7764 0.00208106 1.65133
263 5.4351 35.7809 -2.36917
264 12.6172 20.8823 -1.81712
265 0.619574 28.2945 0.124164
266 37.002 14.1444 -0.567407
267 11.8755 19.3925 -2.63
268 15.293 15.9361 -4.41769
269 31.7434 39.4895 0.884687
270 36.3117 12.2269 1.13034
271 36.5233 13.082 0.948153
272 21.5712 19.1537 -1.3551
273 31.9578 35.0358 -1.45459
274 14.2818 36.9932 -1.42751
275 14.4203 31.5346 4.16056
276 33.5806 20.8388 0.758319
277 4.3719 16.4495 -3.42202
278 5.2723 13.4296 -1.51365
279 18.4626 31.3943 0.517844
280 5.38456 29.2085 2.62839
281 25.1102 20.2987 2.57569
282 9.12316 18.2304 -1.06492
283 23.1871 1.54057 0.559204
284 33.7244 21.0464 2.61257
285 3.80483 30.0527 3.3973
286 36.2855 3.78265 -0.824499
287 20.0361 14.4775 -2.21835
288 1.52902 39.6195 -1.72056
289 10.9378 31.7283 2.79345
290 31.7517 27.0203 0.495724
291 15.9976 37.2052 -2.60965
292 30.8829 21.3039 0.219028
293 16.958 5.78537 0.057721
294 25.8471 25.9963 1.63403
295 16.5635 14.9401 -2.54835
296 24.3772 26.5875 -2.7007
297 37.6677 33.7964 -3.13468
298 19.0726 4.02472 1.87479
299 19.3295 30.1534 -1.45868
300 22.5754 15.4356 -0.528976
301 26.698 28.9077 1.80009
302 23.9695 36.7464 0.415605
303 39.4317 16.6214 1.11017
304 8.91193 33.5989 1.00201
305 39.4744 19.3258 -4.52704
306 24.2006 15.3698 1.52143
307 13.8982 19.5656 3.12314
308 4.24335 26.3165 0.804723
309 17.4062 36.4298 3.32145
310 16.2437 23.4155 2.68383
311 22.1061 22.9003 0.390405
312 36.9908 28.9556 3.39805
313 26.8157 5.33474 0.118027
314 19.2063 0.639334 2.96305
315 7.24412 36.821 -1.89424
316 33.5062 38.0213 -2.82027
317 18.3412 28.5299 -0.963486
318 24.8832 32.3128 3.05173
319 8.26962 11.1219 1.97333
320 10.7641 19.0663 -0.867026
321 23.0891 10.3206 -1.23276
322 39.5729 36.1692 -0.411769
323 2.06329 36.7704 -2.57229
324 24.3594 17.6318 4.08853
325 14.7094 29.6433 2.73012
326 13.2709 12.4163 -1.93676
327 12.206 33.4685 3.64014
328 17.0488 33.0551 -1.31519
329 12.5616 18.5658 -0.994064
330 36.2508 15.2777 -1.05685
331 25.7854 2.30127 -2.27088
332 35.8311 3.41322 -0.29685
333 35.2272 24.121 -0.212855
334 13.7742 8.16207 1.28713
335 3.96279 37.6393 -1.37179
336 21.1569 7.84029 1.04853
337 8.94628 20.7566 -2.97049
338 20.5439 20.7603 1.6389
339 37.4031 33.114 -0.66987
340 16.0171 15.756 -3.36276
341 28.5765 26.1325 4.86745
342 14.6702 12.3946 -1.60391
343 9.31663 16.1485 1.01108
344 10.9686 3.76166 0.512862
345 39.3233 31.9225 1.04361
346 20.1782 13.4851 -2.15533
347 10.1828 35.6184 -0.612659
348 10.8906 17.888 -1.1036
349 16.3254 20.7377 4.1564
350 10.8334 13.2022 -1.48194
351 37.9368 23.6404 -0.14275
352 27.3618 25.9411 -2.07179
353 22.6671 14.8193 -1.28813
354 4.29932 36.9161 2.06527
355 17.5099 18.1481 -1.00284
356 37.7256 0.921072 2.16328
357 10.7889 13.3575 -0.78323
358 12.639 13.7505 0.766935
359 24.9999 26.828 -1.22347
360 28.9535 22.4725 -3.00197
361 31.2744 31.4361 -0.912146
362 34.2332 26.3097 -0.712188
363 34.9766 11.2652 1.79894
364 12.1888 10.2748 0.89771
365 1.24368 34.4615 -2.78741
366 9.69992 39.7703 -1.57746
367 8.20314 37.8769 -2.09064
368 18.4665 12.6071 -1.73132
369 14.2413 9.70837 0.659458
370 20.3897 32.3632 2.11857
371 27.4712 19.8593 -0.30376
372 24.374 28.4251 -2.44919
373 20.1371 15.6508 -3.17186
374 10.2324 10.4328 2.18307
375 8.26696 10.7862 2.97605
376 39.8502 30.7836 -0.445892
377 36.1987 6.37406 1.04239
378 15.3503 5.61327 -0.650561
379 4.28148 34.3673 1.32795
380 32.4992 31.8946 -2.87077
381 13.872 35.9644 0.0556128
382 2.24737 18.4837 2.092
383 22.0454 33.4239 0.757479
384 31.845 9.7056 -1.87641
385 21.6414 30.1125 -1.99029
386 29.4027 10.6782 0.247775
387 36.0941 37.4453 1.82108
388 31.2756 30.3603 -0.923996
389 14.4885 4.2557 -0.623372
390 26.1491 12.5518 3.11852
391 7.4221 14.4156 0.604091
392 23.015 19.2125 2.61059
393 19.3756 39.7378 3.41896
394 26.7778 8.87018 0.963984
395 38.6295 16.4398 0.0853827
396 10.4624 36.8724 -1.43145
397 7.79154 14.5102 -0.242557
398 31.2274 35.7824 -2.92648
399 32.7547 11.6184 -1.3377
400 3.95403 39.2645 0.59497
401 28.7039 26.1247 3.78845
402 33.1047 9.21517 -0.264284
403 4.1466 29.4094 1.34106
404 23.7033 32.7782 1.8406
405 0.261104 22.8544 -3.02174
406 20.9052 8.82344 -2.03855
407 35.386 12.8183 0.903896
408 11.7671 5.31981 1.27175
409 27.9627 6.76359 2.61893
410 19.0382 24.0868 -1.75513
411 19.6692 30.6433 -1.05657
412 0.0857561 38.8179 0.156884
413 7.93536 15.7067 1.88548
414 10.7011 6.65651 1.78651
415 10.872 23.2216 2.54231
416 8.31346 33.144 1.232
417 1.13039 38.9373 1.95877
418 25.6975 22.432 -3.46606
419 21.0361 12.981 -0.26326
420 26.7316 3.06381 -0.529173
421 5.6449 13.7942 -1.55393
422 11.662 15.2414 -1.91632
423 37.1672 5.85907 -1.75369
424 23.5656 19.0078 1.59254
425 19.2318 8.17141 -0.24187
426 12.8533 18.7397 -1.88899
427 20.7485 24.0675 -0.173545
428 9.44108 6.53611 -1.56448
429 38.5954 5.29491 -1.04721
430 8.54943 14.1169 -2.97253
431 8.11593 8.31706 -0.705149
432 14.642 32.8006 -3.01336
433 24.2705 23.6975 1.11964
434 14.8639 18.6649 -2.38896
435 37.8182 34.8325 -0.285655
436 0.926268 30.3471 1.22567
437 8.70352 2.25528 -4.77552
438 1.3512 34.1016 -1.31141
439 37.359 18.8684 -0.158211
440 22.1408 7.59373 0.605249
441 14.7969 39.0756 -3.0078
442 13.1809 14.1877 -0.0641907
443 21.1878 22.2645 1.45168
444 15.665 19.0804 -0.726182
445 13.9405 21.1236 0.313365
446 17.5418 8.58677 -1.18644
447 11.0534 3.1698 -1.13973
448 31.9352 20.9202 -2.45791
449 20.7427 15.1527 -3.30307
450 1.07053 16.8605 0.834917
451 31.2327 16.3877 -2.99832
452 10.1951 12.1942 -1.9744
453 9.83748 18.97 -1.7529
454 35.9455 8.05004 1.04151
455 30.2059 39.2494 2.35019
456 8.58342 12.9186 3.89753
457 24.2327 11.9226 2.44536
458 25.4809 18.814 2.08827
459 13.7236 36.4159 -1.40867
460 3.86723 38.2962 1.45106
461 8.49416 1.20892 1.15677
462 19.9516 22.0463 3.99559
463 5.76469 33.907 -0.920569
464 29.6811 32.7249 -0.0962674
465 24.25 10.1798 -0.778394
466 36.8437 28.1765 -1.71851
467 10.6731 32.6184 -3.86263
468 14.8367 33.8829 -0.965057
469 26.9118 36.8287 1.70073
470 9.52313 17.397 -3.30162
471 33.932 24.4405 1.87299
472 14.6637 39.7829 -2.32393
473 12.5005 33.9581 3.58191
474 7.09433 38.8646 1.94355
475 34.4361 1.20156 1.28856
476 12.2092 15.8977 0.579517
477 8.84046 35.0287 -3.64678
478 28.3296 26.5858 -1.04133
479 0.459016 31.1885 2.28315
480 36.0229 21.7329 1.41279
481 29.476 2.61802 -1.14197
482 12.9201 32.141 0.811385
483 6.13325 34.3094 -0.456327
484 21.7518 34.967 -0.856716
485 6.37106 38.8089 2.71013
486 18.5992 26.7565 -2.86181
487 30.6334 32.2396 0.377633
488 38.784 7.69518 3.94501
489 22.312 2.19352 1.73225
490 6.78928 8.59983 -0.559543
491 16.5711 13.7507 -2.31253
492 19.8941 38.3255 -0.882687
493 1.72732 27.6151 -2.84659
494 11.364 11.2853 1.44101
495 35.6078 8.2988 3.71778
496 23.5049 27.4157 4.20541
497 11.7283 37.2916 -0.669284
498 20.8023 13.8984 -1.90237
499 8.86244 16.9278 0.718759
500 8.50066 10.8797 3.39562
501 33.8428 8.97443 -0.994376
502 2.86111 2.09669 -2.24178
503 21.8827 22.8041 -0.189865
504 4.71123 39.4314 2.69805
505 8.00583 10.2077 2.99538
506 27.4974 22.2317 0.123969
507 23.4308 11.9017 3.54368
508 13.6893 29.8903 2.10451
509 17.5882 39.6126 -2.63626
510 28.6271 10.2843 2.47911
511 20.9392 33.3421 2.70316
512 30.4868 22.5017 -0.819137
513 18.5148 22.3647 -1.11079
514 4.23742 32.4099 3.51464
515 15.6983 12.6021 0.375344
516 14.5938 36.7158 -3.07802
517 11.525 15.998 -1.57296
518 1.73521 3.86918 3.60368
519 23.2077 19.817 1.47628
520 0.242657 1.9049 -3.15073
521 39.0819 36.4609 -0.502125
522 28.8141 21.5532 -3.8745
523 12.7927 18.7777 -0.407088
524 16.3008 25.8762 0.0814739
525 10.4593 13.1885 -1.03349
526 14.3473 25.2245 -2.08016
527 9.11243 2.51879 -3.34244
528 18.272 8.31826 1.31941
529 30.9722 38.8898 1.51957
530 30.6746 16.7382 -4.01115
531 28.1128 39.5474 -2.12191
532 17.9834 37.1759 3.43895
533 8.54068 32.988 0.192085
534 9.01561 22.6934 4.17565
535 32.7329 3.54252 0.588893
536 35.7157 15.7065 -0.324541
537 2.58547 26.2538 -2.32071
538 13.4868 0.676098 0.132902
539 19.7663 9.47403 -1.04422
540 35.5045 17.7138 -1.06798
541 20.7777 22.2261 1.00821
542 30.32 30.8097 -1.63136
543 7.11576 16.9578 2.14698
544 33.5904 33.9028 -4.75153
545 7.5397 24.3973 1.24575
546 36.3912 0.0303108 3.71433
547 1.33834 10.6804 0.0503089
548 37.7217 39.9744 0.613632
549 0.800279 30.4701 1.27087
550 2.03406 25.7848 1.28958
551 27.2014 10.8467 -0.581081
552 13.9604 1.09616 -0.0815251
553 8.16502 32.1004 4.16478
554 11.2186 6.31457 4.02772
555 33.3082 6.14815 -1.84497
556 39.1381 17.6314 -1.05184
557 10.6746 13.0798 -3.37479
558 27.7709 0.417725 -1.09432
559 30.4601 28.6641 3.53034
560 33.7865 21.9141 1.22173
561 39.7476 35.0502 1.80528
562 12.5634 21.3551 -2.0923
563 4.51504 12.6341 -0.558122
564 11.3057 27.5844 -0.327592
565 3.40315 19.8256 2.23034
566 11.427 34.6314 2.85067
567 25.7814 15.1939 -0.628158
568 5.51415 2.28891 -0.231562
569 29.3433 30.5428 0.806004
570 2.13712 30.0016 0.215719
571 13.1191 12.7479 -4.4409
572 32.224 27.1923 -1.68073
573 23.9752 29.2036 -0.195793
574 14.4471 25.6333 -1.67832
575 16.0277 18.6573 -3.94588
576 3.19778 0.707876 2.27494
577 26.4319 34.8551 2.31575
578 8.93814 31.7032 -1.99722
579 14.7343 11.6568 -2.19305
580 7.02867 26.2155 3.0114
581 7.1297 23.3296 -3.17301
582 23.5039 17.4169 0.397251
583 23.8139 32.0868 1.47307
584 0.387159 12.606 -0.439914
585 2.6502 24.648 0.574765
586 22.8151 22.4418 -0.698307
587 29.1716 38.9 -2.55323
588 21.3177 33.3294 1.75712
589 24.9518 12.2376 3.44025
590 0.265008 7.2128 0.298332
591 15.1178 25.5112 0.503639
592 27.315 28.6983 3.0153
593 5.99791 22.4927 -2.01934
594 2.10009 5.10291 2.31587
595 33.3029 25.2346 0.415528
596 37.8273 0.397916 1.84233
597 28.4173 11.7143 2.37868
598 0.583163 16.389 3.4123
599 4.30973 34.067 2.20081
600 2.16368 35.9907 0.272666
601 18.405 35.6674 -1.98072
602 18.17 21.766 0.478056
603 16.2585 4.97413 1.23928
604 32.7919 31.7799 -0.464128
605 14.4007 24.5744 1.652
606 36.1829 29.3361 3.29425
607 38.7888 12.981 3.16659
608 7.05573 2.07921 0.0733983
609 26.5501 5.95044 -0.0958183
610 31.0577 25.2446 -1.52639
611 39.8751 24.9523 0.661035
612 21.479 12.9368 1.5153
613 19.2442 13.0291 -2.10024
614 33.4738 0.906089 1.70454
615 32.3051 7.04744 -1.46946
616 32.856 21.234 -0.771453
617 27.9109 24.1624 -1.40337
618 6.19747 39.6038 2.05612
619 20.0651 30.7726 -1.65195
620 35.6966 1.65215 2.68981
621 24.3163 17.7711 4.22017
622 28.771 10.0796 1.227
623 22.3095 16.5856 -0.410048
624 37.2688 6.4656 -0.152846
625 13.2375 6.95316 -1.8188
626 5.31061 37.9947 4.02152
627 2.28863 37.3987 -0.301716
628 17.4244 5.92029 1.14313
629 28.4203 6.45687 2.0048
630 38.4476 38.3444 0.392838
631 29.0822 2.81904 1.33741
632 34.2667 32.3394 0.39279
633 5.79532 23.3917 -3.15402
634 35.6006 10.6923 -4.41375
635 26.3712 25.3205 0.109469
636 21.1339 12.53 3.05746
637 6.17186 29.9529 -0.819259
638 31.1113 29.8712 0.536222
639 29.5232 20.2824 1.52038
640 9.27503 16.1318 3.10911
641 34.1175 5.53875 -2.76356
642 12.8144 32.2928 1.57427
643 30.0905 35.0149 -1.37822
644 9.95123 6.38605 -0.712661
645 8.86308 7.65228 0.316264
646 13.9505 2.16037 1.38704
647 5.83892 7.10886 -1.33088
648 29.7838 33.4214 3.06662
649 12.4821 14.7336 2.04186
650 25.1316 19.7044 2.02269
651 28.0818 20.8553 -4.95909
652 4.49112 28.8981 3.66699
653 8.17669 37.182 -0.691935
654 25.4502 18.0647 1.62667
655 33.1962 31.2566 -2.60439
656 10.2586 10.0206 1.72286
657 24.4043 8.00064 -1.12383
658 8.82717 22.578 2.55865
659 3.87358 37.819 -0.280988
660 24.7219 15.8781 1.11074
661 1.25953 12.2469 -2.32059
662 36.5957 38.8894 4.01089
663 7.34108 16.5686 2.55219
664 36.4719 19.2022 0.160589
665 31.1158 38.3377 0.31549
666 28.077 0.982363 -0.690185
667 32.7038 32.0711 -2.8514
668 14.1665 29.3717 3.02492
669 8.98293 32.3833 3.87969
670 37.6178 30.8693 -1.73517
671 32.6453 2.27029 -0.799197
672 15.2908 33.9885 -0.616994
673 37.6203 6.16881 -3.76882
674 2.05744 18.9155 1.92548
675 31.3297 16.6286 -3.49446
676 38.753 2.99253 -0.861317
677 6.01895 22.2241 0.566201
678 21.9934 0.542556 0.367774
679 23.7777 21.4111 -2.20889
680 21.5206 35.4519 -1.1614
681 9.38516 36.2025 -0.314893
682 37.6252 0.150217 3.18061
683 22.3529 25.5512 -1.74011
684 2.48174 27.5466 -0.614135
685 24.0068 30.1764 1.50822
686 2.22304 35.3769 2.76297
687 18.9735 13.2621 -0.27915
688 30.103 8.00949 -0.487847
689 6.01807 6.44172 0.653308
690 9.97591 37.8162 -2.7152
691 18.804 31.4774 1.48355
692 28.2097 19.683 -3.16539
693 0.570039 21.0012 2.63524
694 26.6803 19.2402 1.57417
695 14.7157 29.965 2.23366
696 16.8995 23.9938 4.63797
697 28.858 4.98972 2.45621
698 33.4913 10.1355 2.32326
699 36.7861 22.6937 -0.777168
700 6.08827 0.706486 2.24935
701 12.2984 37.5031 -1.72458
702 7.13937 34.7855 2.36878
703 2.59066 11.2028 -0.0328976
704 31.013 38.8906 3.81236
705 6.48731 23.5117 -1.79792
706 36.5051 35.7225 -1.65646
707 20.0763 1.29418 2.1241
708 37.988 19.3539 -1.82309
709 27.6592 17.5533 -1.5396
710 20.6983 0.872698 3.65264
711 32.4299 31.4125 -2.83277
712 28.8133 21.752 -1.57166
713 35.646 18.9009 0.140217
714 26.6213 33.0024 -1.44057
715 35.9025 32.5788 4.52838
716 18.9454 31.6655 2.37239
717 14.3178 32.3398 2.93638
718 2.05139 27.0654 -2.44536
719 10.7425 30.5072 0.744858
720 12.0791 18.8281 -2.19398
721 17.7196 36.7312 1.61716
722 4.28926 38.552 0.925169
723 6.97083 39.7555 2.08589
724 20.2738 38.558 0.449328
725 28.2497 34.1341 0.385401
726 0.945435 27.8417 1.09915
727 10.2155 22.7895 2.01631
728 4.69187 36.9102 2.46384
729 16.3209 3.80238 -0.564307
730 19.2252 11.7479 3.40386
731 31.1248 18.6154 -0.605704
732 21.0558 37.4028 -1.49959
733 28.2523 32.6688 4.16931
734 35.4992 12.4284 0.0289441
735 16.426 33.1887 -1.52575
736 21.4614 27.6494 -1.63504
737 1.81875 31.4369 -3.17069
738 21.8849 12.152 2.88377
739 13.2714 22.0776 -1.59101
740 31.8482 22.6908 -3.43368
741 7.83565 24.2738 3.80291
742 15.7961 15.1231 1.19102
743 27.1585 23.5732 0.560635
744 32.7593 20.3092 -2.02646
745 15.5924 39.1811 -0.588819
746 17.0692 11.858 -3.07859
747 18.2818 24.1631 -3.40668
748 17.6646 34.0253 -0.216011
749 6.24928 5.87862 3.464
750 0.36952 33.8861 1.71232
751 3.36882 36.3796 0.0477902
752 6.66153 17.1196 4.66352
753 18.7459 20.42 0.826609
754 31.0643 26.8879 -3.36637
755 31.1525 7.9564 -1.68157
756 11.7608 7.84716 -1.3315
757 6.8717 30.4608 -2.28547
758 39.8769 19.3639 -4.79686
759 8.96083 30.9421 2.10445
760 35.0487 30.3541 -3.44034
761 8.91465 19.2744 -0.129129
762 22.3071 27.1071 -0.369684
763 2.31598 38.3621 -0.697085
764 16.5348 15.5142 -1.232
765 37.076 16.1247 -1.35064
766 6.14294 11.916 1.9343
767 31.2041 8.63622 -2.29096
768 6.39971 14.9613 0.676792
769 16.2201 32.7889 0.0815854
770 2.64228 24.5841 0.180483
771 5.68482 20.1045 0.0422513
772 13.3674 32.2192 0.836966
773 33.202 30.9746 -2.32205
774 3.89832 32.6389 0.0103981
775 13.7382 6.91404 -0.910239
776 7.65391 11.4166 2.94796
777 35.3019 29.8221 -1.63726
778 35.6521 29.3299 -1.90966
779 15.9997 3.5658 -0.790814
780 1.43745 4.04375 1.37834
781 8.20574 36.6679 -1.34309
782 10.1032 4.65055 -1.20309
783 13.7246 12.0714 -1.94451
784 37.5639 1.80334 -0.842202
785 18.2985 10.0938 -1.81081
786 3.73902 17.9168 0.539042
787 35.0491 5.05195 -0.985322
788 6.4742 32.2976 -2.576
789 37.5351 3.9888 -2.10319
790 12.4902 27.739 1.64342
791 13.4143 20.5159 -0.23982
792 11.6352 19.542 -1.52842
793 20.2801 33.4175 3.58617
794 21.0148 23.8681 -2.4851
795 39.7852 4.97085 -0.576423
796 16.3062 14.0597 -3.89596
797 2.18929 27.8674 0.347802
798 26.9775 10.9618 -2.19582
799 28.9945 2.77758 1.21423
800 35.4929 9.19009 0.566791
801 16.9013 19.0053 -2.15615
802 35.8451 24.0046 0.0433247
803 10.943 39.4485 2.02201
804 4.00672 19.8758 0.337486
805 2.24939 23.5441 -0.529921
806 4.04801 28.2552 2.67317
807 30.7672 16.4219 -2.11046
808 17.2708 29.7032 1.35073
809 28.5174 19.2735 -2.82447
810 14.8785 35.3782 -2.57404
811 39.3091 26.8663 0.184436
812 5.56767 12.1387 0.689322
813 3.06625 11.394 0.323223
814 26.5202 37.2075 -0.279918
815 28.003 17.8981 -1.76205
816 14.2404 35.9598 -1.73456
817 16.8087 32.7886 -2.389
818 9.39717 7.19088 0.217664
819 31.7833 7.5406 -0.99548
820 7.81624 39.4932 2.00537
821 15.2605 9.71831 -0.58455
822 5.43199 38.1466 0.970152
823 25.502 1.11995 -1.77424
824 28.9618 14.3091 -1.95
825 36.5643 0.150993 1.43145
826 6.98524 16.046 -0.196907
827 35.3524 12.0108 1.41673
828 13.485 16.0455 -0.942853
829 8.31768 31.1827 2.25504
830 11.5302 13.9575 -1.55033
831 17.9354 36.9117 0.151244
832 35.6616 3.04722 1.00084
833 11.236 14.141 -3.13365
834 19.7967 11.1591 3.26087
835 4.55316 30.3649 2.32936
836 22.9354 33.1805 2.38314
837 31.0167 35.6542 -0.150599
838 19.9034 7.70361 -3.24047
839 4.20819 14.255 -1.88434
840 27.6271 17.6677 -2.28442
841 27.2662 35.2513 1.96665
842 18.6087 34.0528 0.106386
843 17.1724 4.79944 0.0152097
844 4.52042 25.1997 -0.522396
845 3.59486 31.8243 1.09119
846 6.60859 22.6346 -1.79882
847 38.7788 26.7045 -0.343746
848 25.7935 25.4872 1.86568
849 19.7104 19.8471 3.91832
850 31.2968 35.4265 -0.0729291
851 8.80652 6.17881 0.52314
852 27.6472 22.987 3.49976
853 18.8341 19.0459 3.88902
854 38.7089 38.8869 -0.110952
855 15.1869 35.443 -3.51449
856 11.523 33.5747 1.35961
857 12.4863 31.0002 2.84131
858 34.5414 29.4385 1.73814
859 9.74806 37.7818 -0.965214
860 38.2859 16.8759 -2.25842
861 7.69903 13.6847 0.746391
862 6.79486 24.0604 -2.90034
863 12.419 10.4463 -3.96009
864 11.2189 10.7758 2.71617
865 24.7229 33.9993 -1.82905
866 27.8611 0.581282 -1.72382
867 26.3266 25.56 1.12082
868 31.949 28.4176 4.27064
869 4.71372 19.158 0.996394
870 36.9226 3.67149 -2.62995
871 18.3982 26.1626 -2.59349
872 32.3929 17.7878 0.0322493
873 10.2203 14.6883 -3.30345
874 27.0564 13.1559 1.2817
875 28.2368 0.326755 -2.40184
876 15.6731 20.2076 -4.30209
877 35.061 16.9111 0.616057
878 38.2328 39.5472 0.908475
879 4.3644 29.8868 2.45762
880 33.8422 21.4307 1.75829
881 14.5508 20.6446 2.68918
882 27.8186 1.31668 -4.03141
883 33.622 30.9821 0.141182
884 1.5137 18.6035 1.45673
885 15.3391 13.4194 4.58582
886 19.3747 22.4415 -3.38598
887 3.38993 22.9921 -3.51673
888 35.2366 24.2043 2.17643
889 36.6928 5.19938 -2.19112
890 14.4985 13.9672 2.08185
891 20.4302 20.7319 3.75688
892 20.3752 10.4046 -0.479844
893 32.0075 25.503 -0.434326
894 32.0903 27.0025 -0.747595
895 33.7951 5.96232 -0.404891
896 15.2495 37.2377 -3.28821
897 3.50415 14.185 -3.56125
898 20.1397 20.9859 0.00648842
899 7.80832 22.0065 1.75094
900 8.29713 37.7698 -3.11848
901 1.5907 36.0499 -2.18385
902 3.59327 29.2202 -0.0926283
903 9.84983 36.1668 -1.3634
904 16.7633 37.938 -1.35365
905 35.1409 37.4976 0.846282
906 18.7836 14.5577 -2.06208
907 9.61837 22.8115 1.06792
908 36.2297 37.2986 0.318485
909 8.73887 36.5689 -3.38846
910 39.5228 22.3936 -3.48148
911 32.8533 3.39295 -0.391764
912 26.4231 14.7491 -2.44581
913 35.7679 35.1798 2.43609
914 0.227452 25.3193 -0.90145
915 36.9315 39.754 1.47973
916 35.3225 21.377 1.40317
917 19.0988 24.0149 -1.0532
918 37.4512 7.31464 -3.99452
919 28.5793 25.1469 0.165844
920 1.73265 18.2332 1.09129
921 29.6213 19.513 -1.71618
922 24.3153 19.9851 2.55827
923 7.07181 27.1826 2.37302
924 30.9852 28.6383 1.36242
925 16.3916 14.7883 -2.40743
926 20.4698 12.5804 -0.243317
927 1.48858 30.5793 3.71134
928 34.8374 3.11962 -1.86915
929 8.22984 31.5234 0.229385
930 6.12907 2.70986 1.89728
931 13.2343 21.7992 -2.62665
932 30.7872 24.3621 2.25806
933 16.249 0.208342 1.9383
934 30.0602 24.504 -1.64041
935 9.21905 12.8112 4.38439
936 14.7031 18.5407 -2.0736
937 27.735 3.78526 0.0314526
938 12.6289 16.1304 0.636554
939 10.6028 3.05597 -1.0819
940 13.6489 27.1781 2.02978
941 31.048 26.321 -3.28074
942 11.7831 19.985 -0.652587
943 13.5783 4.1766 1.38463
944 8.26073 37.2117 -2.73469
945 1.71986 4.36428 2.34644
946 12.099 16.1305 -1.0757
947 11.0207 7.64208 0.946619
948 16.0853 10.9584 1.88225
949 7.27677 8.2604 0.457278
950 6.68112 23.6041 -1.54772
951 10.358 7.46327 -0.510558
952 12.1178 22.2732 -3.13114
953 34.6636 18.4078 -1.25128
954 8.82381 35.0465 -4.22646
955 8.39238 39.4127 1.33986
956 30.4457 15.4359 -1.81401
957 33.0327 17.4905 -2.12673
958 5.18414 2.45253 -0.835149
959 35.1462 15.1971 0.870721
960 10.0065 36.2049 0.221868
961 7.09706 22.3417 -0.0359183
962 14.8583 30.0842 0.378234
963 10.0271 38.7809 0.215097
964 38.5131 5.59018 -0.129096
965 36.7691 32.7707 -3.16779
966 12.5027 12.9852 -1.15232
967 17.2598 37.0817 0.457596
968 38.7408 17.0993 0.42438
969 13.9931 2.15663 -0.044455
970 12.252 35.5419 0.0296388
971 22.5957 15.4836 -1.08774
972 13.0763 18.8046 -0.501522
973 4.99873 23.0452 -1.92297
974 35.8515 24.1519 1.60629
975 6.01347 20.3029 -1.22444
976 7.85633 14.9849 1.69634
977 8.04724 37.481 -1.34991
978 13.1937 33.2102 2.891
979 6.72914 6.27977 0.597371
980 34.6729 16.7965 0.279104
981 6.53881 21.7643 -1.98363
982 33.7289 38.5243 -0.74972
983 37.4842 20.995 2.56674
984 11.3511 28.1069 -3.01827
985 0.502859 23.5295 -2.1777
986 20.6493 20.7021 0.944448
987 10.333 10.2913 4.00085
988 8.23962 24.4561 1.09532
989 26.2122 29.891 1.50663
990 24.3797 17.4582 4.11994
991 16.6401 18.719 -1.5868
992 5.51734 11.3026 2.05475
993 11.0417 16.2234 1.30556
994 24.9216 20.0058 0.273706
995 11.2572 15.8623 -0.380401
996 35.81 23.6907 -1.28632
997 3.41297 15.539 -0.725404
998 35.4115 39.9879 4.00565
999 37.507 5.48418 -1.18257
