1000
Particles
0 39.8749 33.6888 -2.05124
1 37.6298 18.9314 -3.88918
2 19.6049 5.3897 -1.25559
3 9.01044 36.8932 -3.1856
4 16.5481 21.7885 0.731436
5 23.1282 9.36547 -2.09301
6 29.6097 1.99262 -2.15186
7 33.7286 18.7051 2.64076
8 6.94757 29.0914 0.279044
9 28.1018 17.058 1.02947
10 28.3088 33.13 3.36554
11 0.737263 33.9124 0.234828
12 33.6868 32.5001 -1.34029
13 1.08245 7.47257 3.91114
14 28.6246 21.782 -3.28524
15 20.9604 29.6652 2.38603
16 23.7789 33.559 -2.13973
17 33.0384 12.7891 2.78422
18 34.5676 9.42528 -0.399726
19 17.8999 28.0404 -0.836017
20 7.36908 12.4066 1.81604
21 1.9935 6.02451 0.711298
22 1.60518 14.5274 -1.83392
23 30.4811 20.5219 3.10191
24 39.2062 6.06265 -1.18798
25 2.41192 33.5258 -2.79098
26 17.8882 31.6909 3.11578
27 15.4487 18.6483 1.24149
28 3.03731 32.6691 -0.812942
29 31.7853 4.53381 -0.397028
30 18.9691 22.2947 1.17567
31 14.3611 13.6806 2.5836
32 21.3279 8.80831 -3.90311
33 11.2303 2.352 -0.882789
34 26.1248 12.9258 1.4354
35 22.1086 4.21418 2.03565
36 18.5053 0.450751 1.61507
37 36.7416 25.9632 1.60167
38 35.6116 37.9568 0.8735
39 31.2831 17.0977 0.824182
40 36.5646 35.5468 1.55943
41 12.7668 11.2597 -4.04287
42 37.4382 16.0584 -3.64196
43 29.0639 32.9032 4.63279
44 19.5939 28.1541 -1.84262
45 4.40094 32.3303 -3.95283
46 39.41 5.43748 -2.8667
47 35.3233 7.33522 -0.287458
48 4.61035 33.0119 2.06397
49 8.54503 32.2705 -0.0102653
50 36.562 3.19071 0.0714527
51 19.8132 38.1972 -2.88319
52 29.8516 13.4589 -3.275
53 14.0617 3.61875 0.875074
54 29.0022 27.6049 -3.74733
55 39.6573 15.1474 4.60545
56 23.3663 6.10575 1.19941
57 2.50807 34.4838 4.02592
58 36.1514 26.6462 0.989732
59 7.5654 32.7102 -2.1555
60 8.18383 29.5214 -0.430866
61 16.4879 28.6669 -0.236236
62 33.9076 1.89883 1.62255
63 9.49547 14.7724 0.420766
64 39.863 26.7146 -0.520281
65 13.0234 38.0898 1.37987
66 9.15896 15.6823 2.90738
67 25.2158 19.9107 -2.26524
68 12.9255 2.77428 -0.305051
69 12.0045 2.73388 -0.711517
70 6.07676 39.0652 1.43475
71 24.9695 9.79145 -1.44597
72 3.18996 14.1647 2.57071
73 22.5248 29.3233 1.6458
74 7.13958 7.01452 -0.161496
75 3.56079 32.0118 2.90297
76 16.9717 5.68278 2.95001
77 7.53433 27.1157 2.65173
78 3.9746 33.827 1.11303
79 38.5203 4.56365 0.463318
80 36.1944 6.89299 0.812607
81 1.80093 28.8224 -0.784846
82 12.2103 7.78473 -2.32356
83 13.8726 30.06 -7.7288e-05
84 16.8294 14.9227 -3.12846
85 39.1234 20.526 -0.730741
86 20.0733 5.66932 1.99214
87 23.2396 37.5904 2.2129
88 0.583899 38.9218 -2.49205
89 4.39086 39.7672 0.140591
90 39.4619 37.2436 -0.0738283
91 23.4996 15.0336 2.39887
92 12.6525 20.1733 0.0276314
93 18.8672 1.97411 -1.60684
94 16.1909 24.2954 -1.723
95 20.4024 3.75201 -2.74165
96 10.6802 31.6692 0.56877
97 24.923 34.5037 -2.5295
98 38.5527 19.1152 -2.72358
99 12.1854 3.23908 0.689012
100 27.0236 20.1242 0.332311
101 23.1352 25.39 -0.375846
102 21.5926 30.784 3.32751
103 9.24644 3.34794 -2.29866
104 22.4824 6.08223 1.0038
105 20.8253 32.3818 2.0381
106 30.7724 16.1155 -0.421859
107 19.1149 21.9929 0.777922
108 28.2125 11.3316 -0.889439
109 1.29521 33.9166 0.0869448
110 13.9408 2.3197 -1.28948
111 39.4842 33.6246 -0.414925
112 30.6518 39.6218 0.451732
113 36.382 25.7088 3.05561
114 36.4663 25.5989 1.83225
115 31.1853 24.6369 2.10078
116 23.221 30.1749 -2.52026
117 27.3736 34.3053 -1.56834
118 23.4752 3.38668 -2.05514
119 34.1342 14.3195 -3.0138
120 25.0607 28.7981 0.909304
121 25.8288 12.5822 3.52882
122 38.3848 19.1093 -4.15019
123 4.6609 31.9744 3.84068
124 11.2475 38.8409 -4.09273
125 26.3216 39.5947 1.86298
126 23.8231 25.2751 2.74697
127 38.054 7.99877 3.75626
128 34.1153 10.5584 -1.97061
129 0.263199 14.6279 -0.699843
130 34.3135 6.14153 0.591007
131 34.6601 25.8291 -0.243503
132 20.3281 39.6751 1.47661
133 39.1871 33.5671 -1.4139
134 3.43041 32.9043 -3.11907
135 11.1408 6.52064 -1.45891
136 26.7108 7.44721 1.41364
137 28.3053 32.0075 -0.973606
138 9.61245 19.6179 1.96367
139 13.0021 3.5618 -2.65607
140 25.3398 33.6743 1.06338
141 33.2119 29.0151 0.481374
142 26.2656 9.10635 1.01227
143 20.0591 27.1343 0.599183
144 0.0222912 30.6766 -4.09554
145 23.4196 20.797 -3.2962
146 35.6433 9.1459 2.79138
147 33.9354 0.249392 4.00417
148 39.3474 8.171 2.25205
149 15.119 24.9834 -2.75672
150 19.189 19.2877 0.687214
151 34.0073 37.0943 2.79345
152 17.85 16.2289 2.08739
153 19.5291 3.62152 -2.54422
154 25.8404 39.6399 2.43612
155 32.627 24.5626 -1.20195
156 38.8871 26.3517 2.70289
157 15.068 10.2639 -2.28176
158 15.7251 34.6018 1.13598
159 17.6317 26.832 -1.5491
160 39.5705 14.021 -1.49375
161 9.3739 22.9457 -4.45476
162 24.1533 29.7591 2.18659
163 6.96626 9.26521 3.62522
164 16.8249 3.44427 -1.01071
165 26.0791 9.14354 3.13805
166 33.0775 13.1048 1.7864
167 12.1192 35.1676 -3.19941
168 37.3987 21.8851 -3.24849
169 38.1555 35.9282 0.399469
170 4.05765 35.1377 1.42065
171 24.6956 39.7374 2.67837
172 3.55214 17.7106 -4.11414
173 21.8834 34.6835 1.72926
174 15.6301 39.288 -0.453134
175 2.70311 5.64119 -0.721045
176 18.009 22.5296 2.51912
177 13.5929 8.99944 -2.63589
178 27.1422 17.0092 -0.064375
179 29.9631 11.5562 -0.0778195
180 13.3812 11.4268 -1.77712
181 38.0356 27.6459 -0.817561
182 18.5844 18.2864 3.16263
183 4.20905 25.439 0.720553
184 37.4897 7.65948 4.0051
185 10.9531 13.5676 -1.77543
186 21.8727 3.85543 2.66637
187 8.37048 39.6484 -4.00253
188 25.2261 17.9603 0.643218
189 7.37454 25.2378 -2.31402
190 23.6244 23.8926 1.47259
191 12.6534 28.6409 0.121282
192 37.5257 2.88285 -3.22378
193 29.133 19.7436 -2.80897
194 21.1946 26.1956 2.0357
195 8.82124 14.6184 -0.794243
196 28.2241 35.6631 0.0822249
197 21.0577 34.0389 0.60903
198 29.4627 20.752 -4.56838
199 12.6194 7.48154 -0.851273
200 34.5907 35.4177 -1.84359
201 38.0721 18.9782 -1.58204
202 11.483 19.828 2.9423
203 26.3889 16.1802 -1.38015
204 31.0176 31.7561 3.19132
205 38.3097 29.6098 -1.53586
206 17.6049 5.0005 -2.04015
207 39.2691 33.8235 0.00858186
208 31.9615 19.8868 1.51545
209 12.7413 36.1441 -2.22026
210 14.1632 24.1334 -3.06713
211 35.7316 17.1312 -1.24758
212 0.408728 32.3287 -1.16503
213 0.673933 6.32253 -0.408027
214 27.0585 18.8359 3.0715
215 32.0918 18.9539 -0.0385696
216 28.7932 22.5684 -2.70582
217 7.72287 12.1726 4.14137
218 13.6654 18.5722 -0.0214437
219 23.5726 37.2395 -1.65106
220 12.1132 3.15717 -0.694425
221 20.8623 10.8595 1.29431
222 38.7173 31.4357 3.61648
223 17.8811 21.1493 3.21037
224 5.79555 32.0042 0.642217
225 34.2644 10.9043 -3.43613
226 35.3458 21.7098 -2.41736
227 0.592365 13.3384 2.26063
228 15.5568 5.76359 3.56625
229 38.1213 17.6984 0.930049
230 31.748 11.0493 0.453509
231 16.9638 30.752 -0.950717
232 32.166 4.64832 -1.82529
233 39.4476 5.56867 -1.34571
234 8.43694 38.4726 -1.32559
235 38.9173 5.36374 -2.52948
236 13.6279 38.0342 0.887527
237 14.2188 27.6339 0.109609
238 12.0135 10.032 -3.33887
239 32.7228 6.90602 -4.5127
240 18.0249 19.2855 1.03221
241 9.23582 28.6328 -3.02342
242 1.80576 5.25749 -1.22416
243 28.9945 1.40183 -2.21946
244 37.1082 19.1215 0.575082
245 19.8012 5.24802 -0.627306
246 28.185 5.48386 -4.12908
247 6.92272 37.4471 4.71671
248 8.83124 28.0282 -0.0654599
249 13.9825 37.5857 3.58215
250 20.2472 3.22414 -1.27257
251 0.211777 3.86025 -2.07256
252 32.6805 16.0777 -2.22659
253 32.599 13.2673 -1.69121
254 1.10194 38.535 -0.69952
255 29.2037 28.41 -2.88151
256 6.6229 5.64144 0.441747
257 28.7041 17.2154 0.652518
258 29.8887 36.1234 2.76694
259 39.5934 16.2763 3.22675
260 5.10933 10.618 0.0285473
261 30.959 27.3096 -1.65156
262 27.7603 34.1141 1.06249
263 0.356822 7.55792 -0.0754605
264 10.2433 23.9637 -3.74643
265 37.996 28.4098 0.0653889
266 39.7625 13.0926 2.02655
267 1.55179 30.9316 -1.13575
268 11.4023 27.1977 3.75562
269 24.3075 36.0267 -0.46115
270 5.06878 13.5268 1.59926
271 34.0906 9.9409 -1.44743
272 17.6942 20.2406 3.17471
273 28.4765 36.443 0.678832
274 13.8545 6.49377 0.554394
275 8.57979 23.2727 -3.15627
276 26.2102 18.3277 -0.606181
277 2.48845 21.809 0.510379
278 3.57318 14.0105 4.39861
279 7.93899 27.3895 1.49523
280 7.23273 25.5545 -1.95495
281 25.2012 16.9874 1.54367
282 13.8331 20.1598 -1.23551
283 20.9837 33.7568 2.49593
284 25.6558 18.3684 0.721656
285 0.0715335 38.0051 0.0419229
286 36.4652 7.30099 0.80791
287 16.7666 14.7339 -2.43008
288 4.18812 38.3201 -4.38441
289 12.0297 30.0002 1.42611
290 34.3635 24.7586 2.32752
291 15.2044 8.96663 -0.871823
292 39.2163 18.9301 -1.15865
293 6.66092 4.6655 -2.36515
294 29.423 26.4599 -0.873346
295 19.2767 13.7835 1.45552
296 24.2747 26.1823 0.573405
297 37.7019 29.3733 -0.107016
298 24.3586 35.7832 -1.96057
299 20.7973 26.7621 1.20842
300 25.3482 4.71028 -3.51329
301 25.6166 22.0761 2.53202
302 20.0959 33.7563 -0.0131327
303 7.19138 24.8882 -0.979338
304 8.60942 28.4728 -2.29572
305 6.80177 24.1196 -1.97475
306 29.7607 11.0323 -1.96924
307 9.0871 13.7216 0.86808
308 2.28119 21.9314 -0.562366
309 14.5443 33.1513 -2.98631
310 18.4135 21.3446 0.17776
311 20.4991 5.75008 -1.26386
312 36.9994 39.9847 1.82289
313 23.2825 36.5505 -3.7106
314 19.5149 4.6838 -3.04289
315 0.0687269 33.4514 -1.30454
316 39.7642 33.8902 -0.128075
317 21.2956 27.9633 3.80279
318 25.5404 27.0864 3.07965
319 3.92181 0.117748 0.808024
320 5.46637 25.2268 0.474866
321 27.8055 2.82699 -1.48977
322 3.61581 32.4875 2.30187
323 14.8524 35.7211 -0.0264732
324 27.3288 13.5638 -1.27463
325 11.1086 32.793 4.08036
326 6.09273 15.1651 2.44563
327 20.139 38.1028 -0.662531
328 16.294 29.3598 1.23274
329 6.25385 21.6457 -0.434611
330 0.432315 12.1938 1.81816
331 20.8277 35.1445 0.00126936
332 33.6277 14.0308 -2.86504
333 28.5556 18.2079 -0.233891
334 15.7887 2.9833 2.53802
335 4.75507 39.5262 -3.41311
336 16.6734 36.382 3.60556
337 10.8875 20.5719 2.63208
338 11.0506 28.488 -1.15018
339 38.408 31.6829 3.54426
340 7.85223 24.0343 -3.1801
341 34.2873 29.1837 2.45392
342 10.3699 19.5739 3.19928
343 11.437 18.1597 0.0520064
344 12.7549 0.174301 2.9309
345 31.5435 25.7976 -1.80599
346 18.375 8.37952 -2.49826
347 3.67487 38.9077 -2.14259
348 8.10214 21.8144 -2.65784
349 18.1963 21.6058 3.25174
350 6.26539 19.5051 -3.48828
351 6.51598 18.8891 -3.92214
352 28.7604 27.9371 -2.23245
353 25.6475 7.01078 3.2614
354 0.865384 39.2696 -0.00484505
355 17.2071 25.0586 0.752652
356 30.1843 0.476343 -0.0113762
357 9.77889 23.7084 -2.94792
358 14.7379 14.3905 -0.68147
359 36.0723 25.6851 3.97019
360 28.8346 23.1517 -0.874023
361 29.6966 30.6778 -3.71116
362 1.34712 24.4294 -1.59418
363 0.29839 10.8197 -3.20488
364 6.27608 15.1804 2.89788
365 11.5191 36.7373 0.141206
366 16.4754 9.55954 0.245555
367 11.8985 38.278 2.49051
368 24.2646 5.53625 2.06707
369 13.8499 38.9179 -0.734975
370 20.2778 30.4784 3.48928
371 25.1672 17.6112 0.844309
372 21.9179 29.0976 3.76994
373 15.9442 14.5689 -2.39478
374 13.9408 17.157 0.553526
375 11.9933 11.1813 -3.86656
376 37.0633 31.1605 1.80648
377 5.70679 6.35062 -0.609114
378 13.3694 4.98305 -3.98099
379 35.6867 25.6341 4.65229
380 34.4669 27.2296 -1.28286
381 12.9532 35.689 2.2713
382 3.00506 15.6002 -1.11623
383 25.0252 35.6248 -3.58776
384 32.0146 11.7365 -3.10858
385 18.8596 20.1523 1.12762
386 27.4046 7.87704 -0.11433
387 36.4878 38.7465 -0.669799
388 34.914 25.3073 0.0965053
389 5.17255 3.66525 1.06302
390 32.8648 21.571 0.933393
391 12.5101 11.414 -2.97214
392 20.5496 24.6696 -2.52773
393 21.7337 7.00235 0.189108
394 25.549 35.9434 -1.05148
395 33.5234 15.3357 -3.27861
396 0.44644 3.12451 1.32892
397 7.14999 4.60714 -0.933575
398 36.7451 31.7429 -1.33816
399 35.3277 21.4703 -2.69942
400 4.83381 38.8314 -3.01346
401 27.4899 33.8646 -1.67675
402 38.5526 11.5199 -0.614813
403 1.6298 25.2478 -3.34518
404 20.9602 28.111 0.706674
405 3.48731 22.2087 0.446714
406 23.2837 2.80741 -0.340908
407 36.1144 8.90387 1.32598
408 0.73912 13.1158 0.880663
409 17.7315 2.18527 -1.29641
410 19.6059 23.9448 -0.223322
411 14.5924 26.7368 -0.153732
412 1.24836 39.1718 -1.91779
413 11.282 14.0895 -1.23807
414 7.17097 13.0931 -2.59746
415 10.253 28.1833 1.86208
416 18.6064 36.3104 1.96662
417 0.119438 39.9368 -3.39905
418 25.5667 21.8713 2.03692
419 22.5869 4.33156 3.37709
420 22.3204 4.14796 1.25535
421 6.0041 17.8585 2.32801
422 12.0752 12.1466 4.13144
423 28.7086 4.88369 -2.03434
424 23.0454 22.5532 0.419963
425 18.74 4.19787 -1.95712
426 7.88796 21.2542 -0.5904
427 17.8747 21.3465 2.05188
428 3.97069 5.18739 -0.675932
429 1.08387 9.2441 -1.13669
430 18.282 19.4611 3.19678
431 6.20598 9.75254 2.60966
432 20.8906 32.5439 2.81378
433 28.5353 21.3245 -1.33653
434 10.5134 23.2124 -0.662511
435 30.8899 34.5812 3.70905
436 1.51485 30.4467 -0.653966
437 11.6625 33.4997 -1.01527
438 4.39248 24.9994 3.08053
439 33.4248 16.4941 -0.688031
440 23.5055 10.5785 -3.19944
441 16.0879 0.827087 0.900665
442 6.15471 23.4762 2.3789
443 25.3875 16.5211 4.00967
444 13.5667 15.4742 -0.873324
445 13.6947 19.9935 1.96257
446 16.2382 13.1567 0.414265
447 4.88975 6.46698 -0.665245
448 28.9375 30.3927 -3.53842
449 16.5304 22.0277 2.72256
450 1.68574 20.1195 0.382965
451 36.6381 10.2992 0.379886
452 13.5524 12.9943 -0.087439
453 7.9997 24.8443 -3.48659
454 35.4266 9.27289 0.026196
455 33.6088 7.52418 2.014
456 6.61068 8.17665 -3.11781
457 22.5437 17.1394 3.12867
458 31.9446 18.7558 0.355932
459 12.527 3.02474 -0.267129
460 9.56897 0.0152647 -3.50333
461 7.56789 38.9212 -0.633911
462 26.3983 16.8514 -2.84656
463 4.70515 33.3706 2.05787
464 28.7689 23.3903 -2.36736
465 28.9658 14.5325 3.4118
466 31.7456 20.1331 1.99828
467 11.0056 34.1222 -1.80849
468 24.1843 29.3876 2.99266
469 15.9824 35.3317 2.18039
470 10.0654 16.3617 1.86447
471 38.0207 20.0448 -1.53716
472 12.9854 6.75191 0.252722
473 11.4938 39.9794 0.363018
474 7.89756 38.1592 -2.71505
475 32.5126 7.71735 -3.7525
476 11.2109 28.8306 3.03487
477 12.2915 36.1887 2.88223
478 22.1232 21.4896 0.406135
479 36.5862 27.6839 0.0738775
480 31.5171 18.624 2.63159
481 25.7353 36.7239 4.03625
482 6.61717 30.8656 0.628157
483 10.6756 31.2869 -2.0004
484 15.8029 31.91 0.367599
485 8.10271 38.9272 -3.15066
486 16.6969 26.914 1.15933
487 33.3474 29.3474 -0.0882725
488 36.2525 11.4939 -0.595343
489 20.9979 2.37896 -1.9937
490 10.4498 39.3626 0.451218
491 15.6576 12.0608 1.37786
492 21.7126 4.15692 3.73391
493 5.78356 25.6824 0.110886
494 10.4605 15.5772 3.25561
495 34.2053 14.3175 -2.16976
496 28.2176 21.8566 -3.14182
497 2.915 30.1049 -4.82976
498 16.7605 16.0547 -0.907856
499 11.2222 19.9782 2.8581
500 7.44745 12.8071 -1.8423
501 28.7728 8.42605 -0.356153
502 1.12692 5.31747 -1.40794
503 17.9578 27.2334 -1.8606
504 38.0154 36.8821 0.919766
505 6.92478 7.47115 -1.43896
506 29.4204 29.0445 -2.23268
507 19.8333 11.1405 -0.137121
508 0.802262 28.339 -2.84455
509 18.8834 2.70197 -2.95376
510 38.3676 3.71094 -1.16738
511 24.4821 34.9081 -2.35892
512 34.3493 27.3066 -0.705971
513 10.4698 28.9023 -0.969925
514 9.19588 30.2349 0.129314
515 15.4307 15.309 2.91301
516 19.9644 3.84657 -1.44862
517 14.733 14.1505 1.9874
518 10.107 11.284 2.18474
519 19.259 23.3042 0.399394
520 0.553539 5.8448 -2.23567
521 35.3404 25.6807 -2.58344
522 24.0857 17.7409 3.10693
523 11.654 18.2701 2.50354
524 10.5652 24.8234 -3.58362
525 5.50635 14.7619 1.55852
526 7.19175 26.9864 2.47756
527 15.9003 5.26121 3.8617
528 20.9836 5.19425 2.46765
529 35.3008 5.83787 2.98023
530 34.0979 11.051 -4.47213
531 27.3629 9.69809 1.40834
532 18.8969 39.5799 2.07097
533 18.3106 28.5081 0.924734
534 10.5337 22.6052 -2.56197
535 0.986099 1.45503 0.0680553
536 31.9632 16.1786 -3.28864
537 36.5824 24.6961 2.40304
538 1.67006 3.53772 -1.72552
539 3.7272 4.90132 -1.53369
540 28.9689 20.338 -1.53403
541 25.8437 21.7475 3.37463
542 35.3873 28.943 1.45867
543 8.28811 15.8238 -2.56912
544 38.6647 0.630804 -1.6031
545 16.0224 26.7494 3.07385
546 2.96027 35.6637 1.63911
547 7.9375 13.1225 -2.16313
548 35.0346 31.0767 -1.53109
549 36.413 25.6658 2.0288
550 3.90466 26.5684 -0.471371
551 27.5054 16.6297 -0.377774
552 2.15948 39.6632 -0.0286106
553 13.4076 31.5531 -0.494654
554 19.5044 11.1423 -0.947067
555 1.17223 14.0742 -0.811079
556 31.7511 22.8864 -2.46019
557 7.68418 22.9605 -2.21275
558 0.819535 5.63265 -1.11333
559 26.3609 28.0815 2.82395
560 28.5658 26.5923 -2.52706
561 1.73394 22.8234 1.58423
562 7.1892 26.4724 -4.01034
563 7.68509 13.45 -2.62651
564 16.7598 23.1549 1.48329
565 0.649959 21.3959 -2.07381
566 19.7147 32.6102 2.6018
567 33.7293 12.6757 2.87398
568 0.697959 5.68749 -1.21758
569 36.7316 22.8104 -3.77941
570 0.377679 30.1942 -3.20919
571 15.4831 13.6717 1.76745
572 35.3203 27.1355 -1.09032
573 22.2389 35.9429 -3.64034
574 8.05485 23.1523 -3.97889
575 22.5179 16.8768 1.21457
576 1.92914 37.4703 2.04882
577 18.9262 30.1546 -1.36995
578 12.0712 38.2609 -1.50135
579 10.7893 8.94208 -1.02402
580 10.274 29.1536 -1.40168
581 9.3289 28.8878 -0.710395
582 29.1953 20.9477 -3.82318
583 22.6401 36.8971 -1.99787
584 38.4946 5.50582 -2.58433
585 39.5755 21.0979 1.94588
586 21.1046 22.8039 1.07266
587 29.2503 32.1324 2.74892
588 21.5106 33.5406 3.27554
589 25.9495 20.2762 2.55039
590 2.38468 5.04922 -1.32025
591 3.65266 25.6498 1.21202
592 34.4291 26.2562 -2.96404
593 12.818 21.5864 0.322534
594 2.82405 3.91284 1.74512
595 27.8696 16.8953 0.846179
596 0.210738 33.5269 -0.0636538
597 27.7834 12.8012 -0.150906
598 35.4327 10.8629 2.50649
599 11.1002 32.8355 0.100604
600 6.47191 38.2067 -1.05402
601 20.4015 38.0986 -2.42804
602 8.34321 21.0333 -0.0281332
603 17.4414 15.0596 -0.393985
604 29.9757 26.1926 2.14257
605 8.68609 35.0184 2.37838
606 4.60793 29.2265 2.42627
607 39.1562 7.72303 1.41638
608 7.38189 7.82093 -3.72914
609 21.9127 2.49535 -2.50137
610 31.9389 20.4274 0.274862
611 2.17919 26.0426 -3.41647
612 25.6818 7.45122 0.744603
613 24.4125 11.2797 -0.518005
614 1.72834 4.96531 -0.698378
615 33.7281 13.6323 2.06833
616 35.8659 13.85 0.00582109
617 22.5974 29.563 2.55194
618 2.42488 38.8272 -1.3814
619 25.0288 35.4634 -4.4869
620 39.7179 38.1095 2.84736
621 25.871 16.0607 -2.45314
622 20.7843 3.56261 -0.500321
623 16.4099 5.45404 1.6078
624 30.3663 7.12381 1.52051
625 22.1732 8.12683 -2.80062
626 7.85356 38.5996 -1.83782
627 7.073 36.5837 0.607994
628 17.9642 2.9066 -0.191375
629 25.7952 38.456 -0.609858
630 35.3789 31.5108 0.940245
631 26.921 39.3095 1.23046
632 33.2454 31.7083 -1.83621
633 38.6543 26.4634 1.98224
634 1.9165 6.7646 0.213228
635 25.7633 27.7889 3.18727
636 21.8182 5.03707 1.62355
637 5.26561 25.409 2.32717
638 32.471 25.6093 -0.222042
639 37.8113 10.2608 3.36202
640 7.25069 21.5943 0.392509
641 24.1633 4.80349 1.64896
642 17.571 36.1062 3.39665
643 28.2883 26.0307 -1.44825
644 13.7175 4.88475 -0.314371
645 5.85033 11.587 -0.256064
646 6.97399 7.37981 -0.93756
647 11.2413 15.7621 2.95828
648 31.529 34.5487 2.88834
649 15.8902 21.8031 1.3726
650 29.0418 14.137 1.891
651 23.1015 21.1033 -1.95172
652 7.80185 37.7924 -1.90415
653 12.6919 3.93672 -2.29709
654 19.8267 13.9739 2.07972
655 39.9752 33.501 -1.18485
656 7.53616 12.0348 2.68377
657 22.869 9.57105 -2.4441
658 8.55889 29.7901 -0.975842
659 38.5985 36.6496 0.326933
660 26.8031 12.9452 -0.850775
661 0.393337 19.7681 -1.74141
662 37.1476 37.5961 1.16104
663 11.1731 21.5002 -2.37775
664 28.8099 13.4204 3.04266
665 35.5096 38.0082 -0.551594
666 26.0433 38.5048 3.06731
667 38.512 33.6214 0.268238
668 13.3179 34.2117 2.33988
669 13.8903 30.1339 -2.76727
670 37.8705 27.4908 -0.260544
671 32.6222 2.27434 1.44864
672 16.3624 31.436 -0.934853
673 39.4687 2.04371 -2.42906
674 6.55178 21.0662 0.140477
675 29.6376 16.2652 -0.511224
676 31.2992 36.2571 1.67188
677 32.5784 20.7727 -0.898797
678 26.6739 39.5211 3.72239
679 19.8115 21.463 0.668568
680 23.3612 29.783 2.96432
681 9.80724 39.464 2.18112
682 32.7955 1.80981 0.496668
683 24.2024 24.9128 1.08991
684 9.69606 0.430224 -3.64555
685 28.3912 28.4042 1.80849
686 37.9027 1.68624 -3.95123
687 22.5129 11.4453 2.97846
688 26.9493 5.01485 3.09473
689 15.7542 4.00414 -0.514698
690 20.2476 32.2559 1.75818
691 20.2668 32.6882 1.44176
692 28.296 12.0089 0.517573
693 4.8263 20.6257 -3.17548
694 28.3983 25.9982 -2.22921
695 17.2372 29.2559 0.0509908
696 25.2388 27.7028 3.66201
697 35.1423 4.98851 2.76847
698 37.6198 16.4295 -2.39447
699 28.5805 26.2463 -2.34989
700 3.642 2.59288 1.19418
701 19.6074 39.7335 3.99585
702 39.0256 4.65884 1.45485
703 39.6976 12.8171 1.47762
704 25.1931 36.3346 -3.47665
705 8.2583 33.6618 1.38623
706 38.1006 36.7004 1.93463
707 12.8338 9.99208 -0.914319
708 31.6977 14.9226 -1.3038
709 25.8788 9.71414 -2.33248
710 16.6479 30.1496 1.94627
711 34.8671 25.7742 -3.19232
712 27.8889 13.4475 -1.3125
713 27.9237 17.3259 -1.50689
714 25.9708 30.7053 1.43104
715 38.9485 1.49972 -4.06637
716 21.5288 30.7097 0.294428
717 16.1619 27.1906 1.92124
718 8.60222 29.7721 -0.512519
719 8.43847 33.866 2.02001
720 8.62063 29.09 1.2076
721 28.6675 37.1492 -2.99299
722 39.2571 39.571 0.351321
723 18.7294 0.124249 1.9851
724 16.9283 38.6035 -2.89477
725 23.7876 37.6003 -4.34812
726 6.74579 29.6542 2.18192
727 7.73236 28.8307 1.23095
728 38.7693 4.55797 -1.30568
729 21.68 3.01344 0.831346
730 22.9105 8.14335 -0.721305
731 30.4421 19.7293 0.243873
732 26.2205 32.0157 1.0276
733 34.9916 31.2977 -0.572531
734 29.9439 10.6537 0.584072
735 16.9945 22.7177 0.211222
736 20.2904 32.9048 0.0376171
737 39.3025 37.2722 0.172325
738 20.7788 7.85394 3.43748
739 13.9779 27.2932 -1.92805
740 39.0578 25.203 1.18277
741 10.1884 36.9919 -2.97844
742 20.2211 13.1578 1.75269
743 21.9062 23.192 2.56403
744 34.1974 16.9758 3.32845
745 13.0734 35.5463 0.622305
746 12.2317 10.5035 -2.69175
747 14.8722 24.7704 -3.01293
748 17.8514 29.202 1.04807
749 4.68323 6.55697 -2.32255
750 3.36432 35.0289 4.89641
751 8.61587 4.32498 0.680713
752 0.953998 16.9489 0.660024
753 13.2982 20.0788 -0.93828
754 26.0486 25.0536 -0.470304
755 22.6279 6.18722 1.94709
756 1.99587 3.62887 4.58366
757 15.0716 21.3922 2.4866
758 37.1116 21.1323 -3.44073
759 7.46312 30.5683 0.601406
760 34.3259 34.5667 -2.68641
761 13.4414 21.2038 -2.46973
762 21.5318 27.0346 1.82003
763 10.9395 39.1311 -0.183828
764 26.1973 5.06198 -4.48038
765 32.129 22.5801 -3.71642
766 6.11095 16.8303 1.39868
767 34.0543 12.6542 -3.88435
768 7.86369 14.2655 -2.54183
769 17.2044 30.6576 -3.16547
770 8.40209 25.1278 -2.67046
771 5.14192 22.8952 0.313256
772 13.4023 34.651 4.26989
773 35.4675 27.5362 1.13764
774 38.6191 39.0138 1.1762
775 18.5398 10.2015 3.09139
776 7.06958 17.804 2.18261
777 4.19062 24.1136 2.8019
778 35.8408 22.5496 -0.753496
779 16.8955 37.696 -2.70872
780 6.61035 4.11527 1.68736
781 39.3443 2.06751 -1.47811
782 10.7107 12.1484 -1.5885
783 13.2377 7.53551 -0.788282
784 31.8539 1.54757 1.99468
785 20.9834 13.0404 0.135951
786 6.3216 23.2078 1.01941
787 32.8376 2.63871 0.948238
788 2.27087 39.1075 0.916978
789 36.5984 10.1316 1.6438
790 10.837 29.3001 -1.25066
791 15.0198 24.6585 0.000130075
792 6.94043 29.5335 1.62863
793 20.8529 37.2238 -2.59533
794 21.374 29.2941 2.98845
795 5.87925 8.92292 3.54562
796 19.5904 27.6251 1.40304
797 39.2555 30.7768 -1.98638
798 25.0799 9.52074 -1.23593
799 22.1168 7.73941 -2.81176
800 35.3596 6.76894 -0.711344
801 18.3933 12.1729 -1.84904
802 32.4614 19.5477 2.06319
803 14.2564 39.8214 -0.593858
804 1.44914 22.5707 0.217319
805 39.3488 22.7253 -1.24495
806 13.797 29.0469 -3.83647
807 22.5395 11.7525 2.45562
808 23.5688 25.9058 2.46015
809 29.3027 11.281 -1.67664
810 15.9253 38.5791 -2.92989
811 5.98412 23.8708 2.12128
812 9.51107 0.518486 -3.54
813 4.66169 10.3256 -1.3123
814 28.208 35.5818 -0.656378
815 36.0739 18.0335 -0.187382
816 19.8416 38.1915 -1.99721
817 16.4221 36.4269 0.0429827
818 6.40407 13.3538 -1.96122
819 22.2342 4.65619 1.08485
820 1.81025 2.10064 1.3497
821 13.9349 13.2019 2.30855
822 7.4859 2.82349 1.72807
823 24.7865 0.398907 3.51307
824 33.284 15.9655 -3.71525
825 2.71808 33.2275 -2.86654
826 7.23408 14.8569 -0.316371
827 1.93796 12.7147 0.224862
828 21.739 18.9267 -0.808539
829 16.399 36.2845 3.04059
830 7.46367 23.4809 0.572396
831 12.9378 36.963 -0.147432
832 35.4687 36.3905 2.82997
833 10.9663 13.7992 -1.88077
834 19.7039 11.5673 -3.44072
835 1.60056 30.2872 -2.71898
836 19.7105 31.7968 -0.623047
837 30.4543 35.5973 0.603482
838 21.2902 5.21149 1.53905
839 5.67531 23.7055 1.22301
840 20.7699 13.9744 2.95042
841 31.6205 27.5341 -2.61317
842 17.9175 29.7073 -2.62296
843 11.3435 2.36016 0.478444
844 7.66706 24.1483 -3.33703
845 3.93921 32.6551 -1.0011
846 11.3802 31.6539 -1.51242
847 38.2382 26.7719 2.90538
848 24.3836 25.414 3.20695
849 18.6684 19.261 0.773331
850 34.9917 32.4047 -0.137109
851 2.51299 38.0194 -0.180806
852 26.1323 27.4222 3.84226
853 24.2396 24.2038 0.940291
854 0.970871 32.4706 -2.69522
855 11.9598 39.2306 -0.759291
856 14.5037 35.8061 3.39589
857 10.7099 19.44 3.45727
858 5.16671 24.018 3.84314
859 15.2569 38.654 1.09129
860 36.8041 16.7536 -3.72953
861 1.07222 19.2477 1.1702
862 5.86985 34.8268 0.484814
863 9.27108 13.928 1.78306
864 23.3917 8.32063 -3.25756
865 30.7683 35.6417 0.874278
866 26.2788 1.82879 4.37459
867 28.0547 33.4228 0.760333
868 33.7389 25.6198 -0.382173
869 37.9815 17.0892 -5.00067
870 0.0877824 3.23667 0.755486
871 21.5557 25.7743 1.2075
872 27.6543 22.966 0.877725
873 14.4293 20.4929 0.6315
874 37.7172 15.138 4.35996
875 33.9056 11.4904 -2.7452
876 7.1393 15.0813 -0.71754
877 36.4709 9.31931 -0.0418035
878 4.65114 35.1733 2.52881
879 3.19312 32.2928 -0.0139045
880 37.5847 23.228 -4.07331
881 7.35331 26.2416 -0.911829
882 26.429 7.87635 1.05221
883 33.2856 26.1135 -0.141127
884 9.49456 18.8783 1.7476
885 8.08875 13.2123 -4.42784
886 19.8766 21.2917 -1.30579
887 0.23536 26.7214 -0.518654
888 35.3642 25.4532 3.28294
889 6.37325 10.4305 -1.42163
890 16.028 18.3948 2.36832
891 18.2314 21.3767 3.57272
892 16.9684 1.53808 -3.0453
893 31.8549 28.0977 -1.29345
894 34.6671 31.9354 1.87928
895 35.6301 12.9081 0.779042
896 18.1792 39.1228 3.55163
897 36.6854 10.5222 0.943306
898 18.6147 19.0514 1.95647
899 10.6912 23.6542 -3.60313
900 14.0951 8.04683 -1.09899
901 2.22199 35.824 -1.57442
902 37.6683 32.0689 2.84319
903 6.99613 34.5132 -0.901374
904 20.623 37.9108 -0.203028
905 27.4782 33.5966 0.685977
906 22.3964 20.8379 1.62961
907 11.1548 30.3137 3.18512
908 36.9274 34.0907 -1.1761
909 15.883 2.96804 1.98743
910 35.7608 20.6381 -1.54832
911 32.0874 26.3441 -2.02994
912 27.2901 20.804 -0.415908
913 0.190272 28.442 -2.54627
914 3.1626 22.0434 -0.30702
915 35.435 35.1458 4.34957
916 24.081 18.8345 -2.13786
917 9.28366 23.7492 -2.72851
918 1.27097 5.9604 -0.714247
919 24.9882 21.5181 1.79591
920 2.6131 23.5759 1.89769
921 24.8833 20.1746 -3.82568
922 26.2018 16.1556 -1.18385
923 7.83665 24.6407 -2.2175
924 33.0427 33.4042 1.04269
925 21.5747 3.01617 2.16211
926 30.5494 39.0883 -0.0620089
927 5.42879 32.3384 1.6493
928 39.6665 2.3454 -1.66563
929 38.544 30.6761 -0.449109
930 7.30892 9.26658 3.94459
931 17.4947 18.5325 0.511347
932 8.21467 23.6849 -3.80393
933 15.9311 7.51281 1.67605
934 29.8302 24.0593 -1.57349
935 9.00671 7.59519 -3.74868
936 12.8473 20.1423 -0.910809
937 13.7977 2.86736 0.93073
938 22.0116 26.3028 2.90591
939 18.4914 13.389 2.03577
940 16.4822 26.1524 1.37375
941 26.8319 16.8813 -1.18047
942 6.62169 9.281 3.35038
943 11.08 7.24148 -0.305752
944 3.67685 34.2966 1.9334
945 3.61071 7.85307 -1.46363
946 20.2657 27.0835 -1.27818
947 18.4273 5.97813 -0.560281
948 20.8134 7.04131 0.17241
949 6.23681 14.5839 -0.300054
950 37.7759 35.3637 1.45245
951 10.7376 8.1969 -0.424512
952 17.2462 25.2129 1.21378
953 33.3618 22.5601 -1.106
954 7.3666 39.9207 -1.41001
955 0.140015 3.60006 1.28344
956 28.659 12.9765 3.39331
957 32.5494 20.5283 2.1852
958 4.73271 37.7507 -3.80195
959 25.2661 1.02498 -3.27264
960 2.98248 38.3093 -1.02253
961 4.62556 26.4861 1.30318
962 12.6693 28.2543 1.11774
963 15.0165 0.619204 0.960329
964 1.89429 7.35331 1.52498
965 36.3785 24.5372 3.44954
966 13.2871 16.7192 0.460379
967 17.5338 37.0239 2.87497
968 29.6349 22.4622 -2.49099
969 14.4217 3.97703 2.22995
970 23.4986 35.1886 -1.34192
971 31.4714 13.7527 -3.34561
972 13.9876 14.1369 0.704195
973 10.0694 23.1568 -4.37009
974 24.9688 21.2492 3.54299
975 10.6968 19.4128 2.19775
976 6.15397 7.74513 -0.926727
977 10.3794 36.6783 -2.55922
978 13.7354 31.4061 0.763675
979 5.86126 0.555077 0.52553
980 36.7161 11.482 -3.64903
981 4.1493 23.0872 1.37024
982 0.274957 7.897 0.0909688
983 32.2425 15.7847 -0.813357
984 11.4681 33.308 2.03739
985 6.04286 23.272 2.1386
986 21.4308 16.8561 0.149912
987 11.2212 13.1407 0.413214
988 5.30594 26.144 0.722877
989 23.1536 30.1055 2.42959
990 20.0891 15.9201 2.21828
991 11.9514 25.7699 -2.62102
992 4.7505 16.7535 -2.89518
993 16.6962 18.5205 0.449869
994 20.9915 25.6041 -1.62015
995 14.4878 14.7469 2.41523
996 31.142 20.1097 1.48793
997 37.323 18.7708 -1.81716
998 37.7447 37.5541 2.35008
999 31.5811 17.4832 3.60656
