1000
Particles
0 5.61247 30.3273 -0.848169
1 27.6189 30.2805 3.22205
2 15.7119 7.0739 -0.153931
3 10.4701 35.4263 -0.802064
4 19.7979 22.2963 1.40131
5 16.6203 11.4095 -2.53229
6 30.6444 39.2214 1.76842
7 30.6952 22.5925 1.36101
8 10.6761 17.4076 2.45765
9 0.80831 21.574 2.15937
10 20.7678 1.2166 2.80823
11 8.77306 29.7626 2.49724
12 31.1461 30.6053 -0.922344
13 15.5004 2.7883 -0.724778
14 27.0472 26.7002 -2.67013
15 16.5072 26.7819 -1.05782
16 25.9384 30.7531 -2.86829
17 36.6683 23.5584 1.24295
18 32.3262 17.6773 -3.6451
19 14.6074 29.2402 2.40887
20 38.1917 7.65219 -2.19624
21 39.1005 4.99324 2.28295
22 9.09795 5.71249 -3.62712
23 36.8685 24.1116 1.58336
24 32.686 9.94455 -1.64114
25 2.75032 30.3127 -3.09189
26 20.95 33.5702 0.357961
27 15.127 9.61544 -1.29149
28 11.6939 31.0714 -0.262804
29 32.3214 3.18744 1.96283
30 13.2515 16.1532 0.693451
31 8.30951 10.9766 -1.4833
32 27.2351 3.95787 -1.81824
33 11.0792 33.5745 -1.95451
34 27.4086 28.4149 -0.639889
35 23.6944 14.2049 0.574937
36 15.1819 3.03427 1.12912
37 37.8536 28.373 -1.3511
38 30.3401 39.7464 1.68515
39 37.0871 22.3091 -0.885486
40 38.6473 36.6194 3.16964
41 11.4375 14.8097 -0.68501
42 37.4765 22.6227 -0.474368
43 22.6217 27.7597 -3.29304
44 23.8002 27.3403 1.66988
45 7.60892 21.0358 -0.28487
46 38.371 8.44602 -0.339691
47 25.7971 14.1669 2.26571
48 1.73105 37.7389 2.893
49 7.2724 33.622 -2.11346
50 2.86475 32.1607 -1.86374
51 25.9122 1.91868 -4.19457
52 32.0378 10.0307 -0.636629
53 18.6936 4.32608 -1.92391
54 25.5538 17.762 -2.25017
55 9.00714 15.2991 -2.26348
56 15.6218 12.876 0.470845
57 13.7509 32.4723 -4.64664
58 28.6329 23.126 0.418457
59 5.87507 34.7902 -1.38191
60 9.98876 22.534 -0.656817
61 20.0503 34.266 0.345083
62 1.49158 3.08617 -0.0809317
63 8.01408 17.9248 1.00357
64 30.1949 28.6126 -2.5818
65 6.38288 34.7989 -2.13871
66 4.06439 20.0388 0.738897
67 25.9786 21.3549 4.30028
68 4.67729 3.77036 0.151874
69 13.7288 34.8561 0.976491
70 12.2882 5.10467 -2.23174
71 19.842 15.9818 -1.97703
72 5.05376 11.565 -3.55321
73 24.8935 29.3525 0.807361
74 8.83695 7.09754 3.96322
75 31.1077 35.6197 -2.46763
76 29.7176 7.77445 -1.39318
77 6.13103 28.5306 1.58826
78 7.1075 34.4221 -0.577995
79 0.840566 37.6261 0.282875
80 35.4973 14.3278 -1.16473
81 10.6681 35.065 -2.00552
82 15.6746 11.5071 -1.08646
83 12.6664 31.7866 -2.80541
84 26.7523 8.24152 -2.64284
85 3.63394 20.3487 -0.191472
86 22.2463 13.3697 1.67636
87 24.6621 31.959 -0.270954
88 5.91354 38.2016 -2.1739
89 8.20525 0.351095 2.0772
90 0.64905 33.6434 -1.28172
91 27.0287 17.5309 1.53063
92 19.8607 28.5559 -2.10936
93 10.1509 37.8766 -2.03085
94 18.4538 27.5218 1.25071
95 17.1802 1.04747 -4.36735
96 8.00743 32.762 -0.14366
97 15.9797 38.1651 2.21215
98 5.65495 21.2809 1.05111
99 13.3243 5.00619 -2.3379
100 30.4372 18.9154 -3.19154
101 21.8163 25.2175 -3.44453
102 23.6909 37.2404 -1.86999
103 16.7141 36.876 -0.331418
104 23.1034 5.58989 2.60717
105 11.5574 37.5568 -1.7192
106 36.5552 19.4666 0.269538
107 21.3051 21.9479 -0.042601
108 36.5985 24.3657 2.12684
109 37.6213 33.2488 -0.206616
110 4.81888 33.3524 0.564088
111 34.2887 32.3978 -1.04399
112 33.4957 5.18654 0.372933
113 35.4588 32.8879 1.03213
114 27.4697 23.9518 4.28126
115 26.1407 17.441 3.68944
116 21.0372 32.2177 -1.40287
117 32.0816 29.4681 0.176386
118 22.0046 7.58723 -4.14622
119 30.4392 13.0318 2.50834
120 23.8752 28.0603 1.6796
121 21.2911 14.4185 -1.01595
122 30.9905 27.1765 1.20784
123 6.23297 29.4006 -0.570883
124 11.5774 36.02 0.56683
125 24.4083 1.40098 -0.840854
126 32.8535 32.3368 0.818929
127 32.1243 4.65753 -3.89454
128 31.0827 4.06637 -2.16152
129 5.85535 16.6746 2.79755
130 24.0035 12.5653 0.335829
131 23.8511 26.6081 -0.620286
132 17.9879 0.382878 -1.27277
133 38.6881 37.4245 0.224683
134 10.7133 32.3877 -1.62328
135 15.8217 38.9952 0.689834
136 26.6313 5.09781 -0.803714
137 20.277 23.9737 -0.314963
138 6.67885 16.4687 2.15311
139 14.5338 36.7769 1.81422
140 29.4758 39.3594 -2.19621
141 26.8672 0.431938 -1.69372
142 17.3845 12.1463 -2.87082
143 17.8606 18.6858 -0.986614
144 2.03346 32.3015 -0.831305
145 22.9568 25.0119 -1.12383
146 27.8065 12.1025 -0.446908
147 35.5283 35.1318 -0.679
148 32.4935 5.73817 0.135858
149 11.5149 12.6097 4.90441
150 13.2986 28.6662 -1.59357
151 27.1901 5.10929 -0.862968
152 15.5446 12.2857 -1.31414
153 17.7408 8.08213 0.201367
154 27.5982 36.7515 1.30788
155 37.0504 29.2966 -0.491324
156 37.7257 22.9815 -0.303417
157 18.5146 4.21247 -1.61114
158 13.9122 39.176 -2.97084
159 24.021 31.4005 -0.970348
160 7.27533 17.7512 0.47246
161 14.8365 23.5441 -1.30678
162 24.5772 26.5693 1.27257
163 8.50445 9.86227 -2.70159
164 19.1243 10.515 0.432264
165 32.8371 8.51232 0.788898
166 37.4773 4.64293 -0.0187186
167 8.07066 32.0196 -1.27633
168 38.207 24.9951 -1.37168
169 4.70262 4.4533 0.175216
170 35.1848 34.4662 -0.378808
171 26.5783 30.0446 -2.10726
172 6.43193 18.6554 0.583748
173 31.2507 30.7163 0.688577
174 22.1113 10.0762 -0.761234
175 0.24198 9.17425 -4.60162
176 22.2208 20.9841 -0.317813
177 12.6326 1.22809 -0.642077
178 32.2147 22.6696 2.40468
179 22.5024 13.4318 1.844
180 18.1643 4.42686 -1.20817
181 13.6391 27.2106 0.942771
182 15.8116 24.38 2.6093
183 2.50907 20.227 0.169074
184 37.9377 0.823819 0.864175
185 7.40546 10.0074 -3.2812
186 21.7251 34.2456 -4.39257
187 39.0081 9.89406 -0.546287
188 15.4594 11.6322 0.626799
189 6.51808 20.1142 -1.57039
190 21.4281 20.2623 -0.828343
191 14.2515 31.2108 -1.06072
192 38.7435 2.3137 0.525329
193 24.5565 28.6577 2.32083
194 20.1353 19.467 -0.569182
195 5.63896 16.7391 2.19723
196 31.6513 3.8387 -0.748846
197 10.0627 34.7587 -0.748584
198 30.6707 17.9468 -3.19762
199 18.9037 11.1395 0.653831
200 34.9551 0.0746407 0.913617
201 0.730281 13.186 -1.7543
202 13.4178 18.5357 2.28012
203 20.4949 19.2049 2.50553
204 34.8244 30.7102 -2.07029
205 5.28415 30.4253 1.60413
206 9.55424 39.0583 -2.6286
207 35.0443 2.75489 2.72905
208 32.5283 21.2527 1.14678
209 5.95313 35.5649 -0.386967
210 18.1071 18.9579 -2.67384
211 35.0618 18.6875 -2.92692
212 31.6315 31.5674 -1.74193
213 38.521 3.18477 -3.11692
214 27.3402 19.047 2.26921
215 2.01805 14.4587 -2.26963
216 32.6087 26.4348 -0.975743
217 10.9882 11.9061 -3.16621
218 11.0697 11.472 -2.04756
219 25.2481 39.0681 1.04452
220 13.7861 3.08373 -2.10533
221 20.8443 17.9254 4.09468
222 37.3424 32.8772 -1.92216
223 17.7645 26.6727 -0.706212
224 1.78319 26.3015 0.10319
225 38.2889 8.81191 0.352069
226 27.8923 13.8382 -0.23777
227 6.66024 8.74533 -1.6089
228 15.9935 0.31205 0.402206
229 38.5934 22.4598 -1.07043
230 34.6755 39.6497 2.25159
231 17.4954 32.5847 -1.96225
232 33.0194 35.2095 -0.987229
233 32.6582 5.77559 1.23137
234 1.35504 8.04024 4.23258
235 0.724697 11.2385 1.86829
236 21.8382 4.53044 -0.635801
237 17.3271 21.3536 -0.915283
238 9.01139 11.3698 -2.75993
239 32.7753 15.7698 -3.77934
240 14.1889 15.2172 -3.16748
241 39.8127 25.8332 0.321503
242 34.1389 38.9491 -0.0345692
243 31.4747 37.7968 -0.550207
244 8.7108 4.80383 -1.41626
245 18.0295 33.9266 1.56765
246 28.3159 2.66723 2.52163
247 1.44014 39.1368 1.82724
248 7.16246 25.9332 0.05252
249 6.30962 0.815389 3.01779
250 19.9837 5.88217 -1.60151
251 31.1912 4.88933 -1.7299
252 28.6951 17.7502 -2.10057
253 32.6429 14.7701 -1.50904
254 8.47734 35.2688 -1.69153
255 30.8695 25.3668 0.653609
256 5.07484 0.893901 2.66794
257 29.4145 17.7422 -0.696483
258 26.9104 5.33315 -1.84846
259 37.4861 16.7775 1.39733
260 0.641959 2.82358 -1.67351
261 31.3844 20.7045 3.26209
262 30.7995 39.7099 1.66309
263 5.80703 35.5909 -2.51709
264 13.8445 21.6352 1.67977
265 0.199357 27.4814 1.07591
266 39.0998 15.1647 0.780791
267 11.6487 20.3738 -3.96298
268 15.4509 17.0926 0.818345
269 33.8462 38.8547 -0.547752
270 34.7109 12.0255 2.87168
271 35.5136 14.0185 -2.66892
272 22.7019 17.8649 0.0963983
273 33.5977 34.4496 -0.783046
274 12.2686 37.3468 -0.716433
275 14.8236 33.6922 0.999235
276 34.2184 21.3444 2.5954
277 3.56605 14.1295 4.00629
278 6.28197 11.5361 1.95767
279 17.3071 31.9986 -4.16353
280 5.56788 31.4026 3.09579
281 25.8626 19.5789 -0.512139
282 9.41108 17.5639 -3.64021
283 23.274 2.9922 1.74336
284 32.9963 22.0935 -2.25322
285 4.30094 30.9941 0.804323
286 38.085 4.89763 2.98128
287 18.6308 13.9136 -4.28013
288 1.91598 38.7877 -1.64719
289 9.3547 32.6799 0.122684
290 30.3749 27.3963 1.77709
291 14.1567 38.2948 0.727575
292 30.5854 21.8903 0.659676
293 16.2626 8.35321 1.22065
294 28.2969 26.0343 0.269444
295 14.9839 14.2462 -2.14576
296 24.287 25.0982 3.08228
297 38.1642 32.5672 -0.586593
298 19.2139 4.57579 -1.29008
299 17.6028 31.25 3.95959
300 20.1369 15.5815 -2.06226
301 25.5718 27.8265 -2.09032
302 23.2683 37.5733 -1.03297
303 39.7441 16.5555 2.23593
304 10.2893 34.4358 -0.197294
305 1.55027 20.6894 1.49106
306 22.5739 14.679 -2.62225
307 14.67 19.9711 0.73961
308 3.75952 26.3333 -1.60944
309 19.659 37.292 -1.08831
310 17.0201 21.9181 -0.366192
311 23.2629 22.1981 -1.04515
312 36.9755 27.9365 -0.0489115
313 26.4787 5.20063 -2.47763
314 19.0707 37.8377 -1.40715
315 5.02951 37.7323 -3.91648
316 33.724 39.1237 1.65808
317 17.617 27.7472 1.86385
318 25.2481 30.5928 -2.46542
319 7.05581 9.97805 -2.14842
320 12.4244 17.7117 -1.31405
321 23.2391 9.81691 -1.01869
322 0.951626 38.1892 2.43621
323 1.62021 38.3413 1.2475
324 24.0838 18.1909 -0.490422
325 12.73 31.0809 -2.23339
326 14.9657 11.8915 0.783434
327 11.3032 32.6597 -1.0519
328 16.8706 32.871 1.95642
329 13.9286 18.2291 0.446022
330 38.7651 15.6757 1.10303
331 25.5246 3.49444 -0.147135
332 35.6267 3.17107 -0.163624
333 33.9201 25.6793 -0.323895
334 12.9996 9.75057 1.41273
335 4.33751 37.7806 -1.90984
336 21.691 7.70791 -3.24943
337 7.60481 19.1913 -2.30786
338 22.5099 21.1217 0.512706
339 37.692 31.8383 -2.06999
340 15.839 16.2389 0.56941
341 28.2212 25.3672 -1.73477
342 16.1211 11.9095 -0.524316
343 10.308 15.427 -1.17596
344 11.7416 4.09516 2.92564
345 39.4819 32.3109 2.69885
346 19.0088 11.2791 -2.10765
347 10.3792 35.5333 0.902854
348 10.9822 19.4519 2.73372
349 17.7397 18.8145 -2.05334
350 10.848 12.9976 -2.25435
351 0.91786 23.356 -0.42007
352 26.8508 24.8186 3.94222
353 21.2401 14.2402 -0.533274
354 5.1381 35.3658 -1.02633
355 16.6093 17.4465 1.47502
356 36.2813 2.20097 2.35985
357 10.7403 13.9818 1.16285
358 13.463 13.5827 -2.9183
359 23.8341 26.8721 2.88269
360 28.5346 24.9546 2.20819
361 32.1474 30.8814 -1.29971
362 32.9731 26.9486 -3.91892
363 33.5407 11.379 -3.57071
364 11.7664 10.9344 -2.49265
365 2.60229 33.8467 1.4252
366 10.2659 38.9251 -3.63117
367 8.19352 38.2978 0.860573
368 17.7099 11.0091 -1.18167
369 14.4628 10.5082 1.25088
370 20.7947 33.5416 1.44839
371 27.7213 18.6762 0.743381
372 22.351 28.9109 -2.42904
373 19.5753 13.9051 -1.5416
374 10.1714 11.7328 -2.53745
375 6.8961 9.91915 -2.43987
376 38.3653 31.2358 -3.49758
377 34.9294 7.1318 1.40659
378 16.0041 5.54906 -1.15228
379 5.98208 33.9381 -2.00097
380 32.3842 32.6348 0.288575
381 13.566 35.1517 0.433982
382 1.78914 17.6204 1.09858
383 22.1844 32.1661 -2.28424
384 32.0242 9.29682 -1.34945
385 20.3901 28.4786 -1.7242
386 29.8544 12.1864 2.0794
387 36.866 39.5169 1.47132
388 31.1334 30.8738 1.75332
389 14.2458 3.53789 -1.54806
390 25.4865 13.3329 -0.921089
391 6.69654 15.0544 0.76924
392 23.1783 18.2306 -1.58281
393 19.7375 37.0467 -1.21811
394 25.6033 9.36611 -1.53407
395 0.635122 14.5446 -0.114056
396 11.4276 36.2999 -1.61014
397 8.72962 14.4239 -0.84798
398 32.1263 35.8444 0.0871816
399 33.2111 10.6877 0.488489
400 4.03671 39.1131 -0.503988
401 28.1616 26.9441 1.41349
402 34.4449 8.85248 1.12612
403 5.96208 30.0951 0.267742
404 22.7699 32.5297 -3.68822
405 1.60401 23.4136 0.163594
406 20.1171 9.75343 -3.84833
407 35.7964 14.0728 -0.408288
408 13.8222 4.63642 -0.672941
409 28.6982 6.50584 0.230436
410 19.1314 23.3645 1.41356
411 21.233 30.2859 -3.38939
412 2.16574 39.6176 0.990899
413 6.23981 17.5124 2.2689
414 11.0397 6.87792 0.803303
415 11.6278 24.6205 -0.593819
416 9.28265 33.3677 -1.85539
417 2.07794 39.4922 -0.120003
418 24.8592 22.0357 0.72796
419 22.6646 12.4155 -1.10814
420 27.0002 1.84052 -1.36304
421 6.68667 13.0677 1.66184
422 12.9589 13.522 -1.63983
423 39.1062 6.04111 -1.03309
424 23.3711 18.8102 -1.29075
425 19.1978 8.3305 -1.31206
426 13.6081 17.903 2.21587
427 20.8208 24.556 -0.179969
428 8.69567 5.44911 -2.75016
429 39.5391 5.41021 -1.75767
430 9.38668 14.9477 -2.47468
431 7.67533 9.40306 -2.88327
432 15.9145 33.6779 -0.430317
433 23.7563 25.0335 2.043
434 13.8353 18.517 3.2682
435 39.4107 32.937 -1.75567
436 39.365 29.3002 -3.71662
437 8.77241 3.41328 1.69489
438 2.44189 34.3345 0.753535
439 37.9145 18.5618 1.8596
440 21.8649 7.98446 -4.58501
441 14.7498 37.5756 1.11793
442 14.2121 14.6205 -1.26013
443 22.4471 22.1538 -1.85949
444 13.6919 18.2872 3.31179
445 15.0434 19.3526 2.95079
446 18.0446 9.48207 -0.0935319
447 12.364 3.40415 -3.62905
448 31.2185 18.8284 -3.10007
449 19.8945 14.568 -2.23695
450 1.91876 14.9392 -0.430451
451 31.6685 16.2515 1.84309
452 7.86199 10.5105 -1.58015
453 9.13253 19.0434 3.34167
454 36.4216 8.02586 -1.67437
455 30.8863 39.1749 0.301966
456 8.56449 12.4537 1.13376
457 23.6313 13.4774 3.37541
458 24.9247 18.9417 0.44317
459 13.4423 36.8719 2.4687
460 4.36315 39.2769 0.394028
461 10.4392 0.998629 0.592038
462 21.4829 21.7062 -0.0452155
463 6.75296 32.8241 -0.74933
464 29.1887 30.4962 -1.2344
465 24.5595 10.8002 -0.336715
466 37.1244 25.6357 -1.61668
467 9.8211 32.2235 0.884843
468 15.6003 33.9825 -2.07777
469 26.4418 34.9524 -1.4213
470 10.7449 15.6389 0.590517
471 33.7396 26.4294 2.28585
472 15.1158 39.0623 0.0415556
473 12.3506 35.2081 -1.56025
474 4.89861 38.3506 -1.25876
475 33.7873 1.32184 0.685785
476 13.9054 16.1522 0.206579
477 7.54482 33.7385 -2.52364
478 28.6274 26.814 2.6616
479 38.7487 30.8723 4.73143
480 36.4573 23.6364 1.31142
481 31.4035 3.28422 -3.67438
482 13.0857 34.4544 1.08524
483 7.07965 33.1931 -2.50999
484 20.8804 36.6977 2.53658
485 5.50676 38.3099 -1.50639
486 19.3147 27.7262 1.43629
487 30.9817 31.3971 1.60053
488 37.5879 6.46793 -3.10668
489 22.2985 4.44056 1.86532
490 6.79849 7.2914 -3.35573
491 16.4564 13.067 -1.98407
492 19.8579 37.9247 -1.45698
493 1.66802 27.9604 -0.635892
494 11.0434 12.4196 -3.00815
495 35.975 8.25604 0.654024
496 24.6147 26.7647 0.873664
497 12.375 38.3292 2.37218
498 20.9905 14.0179 1.25947
499 8.3402 18.49 3.4297
500 7.47003 9.6267 -3.10264
501 32.7431 7.80909 2.98807
502 5.3325 2.42587 1.28038
503 22.3882 21.9782 -1.8581
504 5.04812 39.1075 -1.9602
505 8.57895 8.72619 -1.33953
506 27.514 23.9693 3.64055
507 22.0677 13.9101 2.58749
508 12.8832 31.182 -3.99796
509 17.8652 37.3448 0.823775
510 29.7206 9.06378 -0.302116
511 21.4764 32.4395 -3.80488
512 30.1267 24.0394 1.1975
513 17.08 20.4451 -2.62461
514 3.64237 32.1725 -2.67291
515 15.9974 11.5889 -1.77427
516 14.095 35.8372 -0.907343
517 12.183 14.891 1.58632
518 39.9347 3.22078 -2.00214
519 22.7643 20.3899 0.90936
520 0.443564 1.26818 -1.56114
521 38.529 36.8408 -0.164507
522 30.1407 22.9886 2.6975
523 14.4201 16.7906 0.979118
524 16.7832 25.5094 1.38995
525 10.394 14.0673 2.59072
526 14.5515 24.0756 1.02546
527 10.446 2.23106 0.667079
528 18.9711 9.24303 0.42261
529 32.5154 38.4867 -1.43102
530 29.2103 16.5291 4.98395
531 28.6243 39.6894 -1.64328
532 19.6579 37.3149 1.44867
533 9.02126 33.4496 -1.17825
534 9.17658 22.7862 -2.0837
535 32.6616 5.32221 1.51612
536 38.4728 15.8006 -0.631127
537 1.76552 26.5225 1.08043
538 15.7457 39.9611 0.764766
539 19.068 10.6773 0.779862
540 35.595 16.4551 4.09786
541 22.2879 21.7192 -1.10487
542 30.7078 31.0271 2.33991
543 6.73882 18.1014 2.23197
544 33.701 35.0983 -0.922274
545 7.13687 23.2745 -1.64491
546 34.716 0.855521 3.30104
547 1.60199 10.0404 0.0867051
548 37.045 0.821865 0.318696
549 39.4003 31.5683 1.76647
550 0.77982 27.541 1.37193
551 28.0923 10.0153 2.31354
552 14.6608 0.586885 -1.40748
553 9.08894 32.9221 -0.632201
554 13.5039 7.36735 -1.84537
555 33.8199 6.10006 1.82748
556 38.7531 17.4324 2.85416
557 9.91409 14.1427 2.78151
558 28.7654 1.94899 2.62193
559 31.1163 28.2376 -0.23676
560 34.1519 21.805 -1.86437
561 38.736 36.1826 -4.12189
562 10.7885 21.1046 3.45944
563 5.28143 12.1312 -1.11217
564 11.5745 26.172 -3.04047
565 4.30964 20.7316 -1.36431
566 12.3941 35.2624 -1.07687
567 25.0204 14.9409 -4.637
568 5.74509 2.29433 1.36707
569 30.4951 28.9512 0.511975
570 3.1467 29.698 -0.0742247
571 13.4421 13.0042 -2.48869
572 31.559 26.3644 -2.41328
573 22.3843 30.0879 -2.27924
574 13.7534 26.6903 1.36181
575 15.5774 18.1421 1.96688
576 5.06536 2.4023 0.655208
577 24.3233 35.6058 2.71334
578 9.99723 31.45 0.231377
579 14.94 10.9763 1.23373
580 6.88803 25.5448 -1.34576
581 6.08818 22.1006 2.6277
582 22.3522 17.5212 -0.928777
583 21.9704 32.0524 -3.17499
584 0.61347 13.4775 -1.17787
585 2.29642 23.6202 -0.537751
586 22.6364 20.5251 -1.72806
587 28.4448 39.0646 -2.48141
588 21.2644 32.0926 -0.625795
589 24.0792 11.7641 -2.11487
590 0.570989 5.86259 4.1466
591 15.8421 24.9246 0.435174
592 26.9105 27.2837 -3.23805
593 5.40735 20.8837 -0.349244
594 2.76898 5.891 0.516699
595 32.2487 26.6288 -3.89095
596 38.4446 2.15174 0.5724
597 28.5715 11.6388 -0.625652
598 0.735421 14.6784 -2.193
599 6.09242 34.2529 -1.56902
600 0.212863 34.6444 -1.66019
601 16.5894 35.9555 -0.568667
602 17.5467 20.2326 -2.09325
603 16.1496 6.88384 -2.50586
604 34.2341 32.2754 -0.480082
605 16.5545 23.0836 -0.770615
606 36.3359 29.3661 -1.4101
607 37.3767 14.4847 -1.28219
608 6.94817 1.52016 2.8994
609 26.4592 6.60156 -0.720693
610 31.7186 24.5445 0.194621
611 38.987 24.4764 -1.60221
612 22.9566 11.5147 -1.16164
613 17.4543 11.4479 -2.33866
614 33.9625 1.88214 0.80487
615 32.7959 6.08858 2.78235
616 31.1836 19.3998 -2.45423
617 27.4323 24.464 0.767132
618 5.60905 38.9943 -2.60897
619 20.51 29.8836 -3.35386
620 35.4959 2.8938 3.15164
621 23.6025 17.0721 -4.03853
622 31.4385 9.31011 -1.54084
623 20.5695 15.2435 -0.581811
624 37.4004 5.08262 -0.619136
625 13.4351 5.03079 -2.46099
626 4.32003 38.3087 -3.36641
627 2.4562 38.2352 1.31313
628 16.9367 6.2133 -3.06772
629 28.9051 7.76147 1.6552
630 37.7848 39.9274 0.431793
631 30.6368 2.80995 -0.1359
632 35.3057 32.1691 0.945232
633 4.433 22.0535 -2.07576
634 35.6242 11.6349 1.76188
635 27.9334 25.5508 -0.963667
636 22.4679 13.5418 1.70695
637 6.4791 31.6828 0.119783
638 31.6181 30.5165 1.63625
639 29.471 20.3187 -0.815463
640 9.2211 16.4453 -1.9719
641 34.7294 5.77758 0.152642
642 12.3029 34.5431 2.04551
643 31.4712 34.9755 0.13538
644 9.991 4.42266 -2.43502
645 9.54375 7.42583 -0.685399
646 14.1455 3.20463 -0.191382
647 7.66921 6.56172 -1.13607
648 29.0709 31.3267 -2.3249
649 12.9124 13.9879 -1.92552
650 25.0003 18.2056 -0.47521
651 26.8354 20.9434 4.36345
652 5.77888 30.4289 -0.959973
653 6.74543 37.7248 1.2374
654 24.4885 19.1973 1.20441
655 32.9337 29.7781 3.07359
656 11.0692 10.8249 -1.04461
657 24.9742 9.36083 -0.0382339
658 9.63759 22.7761 0.129145
659 3.32327 37.7649 -2.87363
660 23.2675 16.7511 -1.7289
661 1.54662 10.9975 0.59225
662 34.8206 1.23801 0.883753
663 6.20511 17.0693 2.4076
664 35.868 17.2728 1.78381
665 33.0429 38.4687 0.998391
666 28.5146 2.00776 1.4134
667 34.8595 30.8768 -1.15685
668 13.6658 30.2648 -2.21692
669 8.90232 31.9634 1.52857
670 37.8367 30.8839 -0.459818
671 33.3991 1.74465 -0.820694
672 16.4754 35.1381 1.61963
673 38.4407 6.02942 0.64204
674 3.68012 19.4397 0.115595
675 29.7936 17.0497 -2.97863
676 39.4024 1.86944 0.525049
677 5.95128 20.9312 -1.06858
678 20.8696 0.3975 2.13515
679 23.3351 20.7668 -3.40276
680 21.5968 35.7631 -0.0304083
681 11.7214 35.8568 0.801633
682 36.7521 2.1358 3.65972
683 21.6392 24.83 -2.14529
684 2.2213 26.7972 3.96124
685 23.3226 30.7321 -2.17551
686 1.15839 36.1688 -1.65841
687 18.1016 12.4689 -1.60339
688 28.2638 9.50131 3.62887
689 7.21243 6.07439 -2.15338
690 9.84266 37.7894 -4.17774
691 18.1595 32.8981 4.2485
692 28.1429 18.0112 -0.0953819
693 1.31804 21.7452 2.11125
694 28.1828 18.3762 -0.564006
695 12.8527 30.0178 -2.23862
696 16.9137 23.3895 -0.044904
697 27.9394 5.01758 -2.90635
698 33.8358 9.79709 4.60285
699 37.668 23.3465 0.57626
700 5.80044 39.1594 -1.53853
701 12.3264 38.8202 0.958582
702 7.91921 34.0706 -0.0540283
703 1.10461 11.8175 1.44709
704 31.1752 39.4529 2.0634
705 5.21016 21.4471 -0.623748
706 35.4219 35.4435 -2.68381
707 19.6881 0.752956 -2.08541
708 38.405 19.3827 1.1735
709 27.2503 15.366 -0.743765
710 18.0179 0.724327 -3.7115
711 32.3707 31.2743 1.90491
712 28.743 23.373 0.021083
713 35.3072 17.4704 2.53755
714 27.9827 34.2039 0.917712
715 35.8371 31.7003 -1.91295
716 18.1672 31.9004 1.97162
717 16.1894 31.7322 -2.36553
718 2.60473 28.2479 -2.27725
719 11.7048 31.7484 0.744065
720 12.6602 19.3367 2.42023
721 18.2566 35.5518 -2.24718
722 5.10434 0.328105 -0.974748
723 6.28686 39.0241 -0.223229
724 19.6335 37.9763 -2.57837
725 28.468 32.9796 -3.05475
726 1.53583 30.2761 3.56308
727 11.0471 24.1082 -0.681548
728 5.4789 34.8794 -1.46454
729 17.341 2.06025 0.923393
730 20.7851 10.5997 3.4166
731 31.486 19.0186 2.786
732 20.9511 39.2072 2.25891
733 27.3334 30.8989 4.55144
734 35.4367 10.9974 -4.07964
735 16.7505 32.5908 3.22013
736 22.7249 25.9117 -2.75591
737 2.83178 33.3375 0.572958
738 22.348 11.6292 -0.520579
739 10.7551 21.3204 3.78545
740 30.654 22.2896 0.919328
741 7.17412 22.5766 -0.655896
742 16.2691 13.633 0.108687
743 26.5652 24.3907 3.43722
744 34.2377 20.7419 2.40757
745 16.8826 37.3426 -2.41891
746 17.2286 9.21924 -0.664317
747 18.2161 24.2837 -2.17467
748 17.8137 33.6657 3.13616
749 7.54605 4.93005 -0.656153
750 1.2697 33.3769 0.656967
751 1.66001 35.6321 -1.16255
752 6.56987 17.3463 0.387757
753 18.3101 18.6281 -0.0042548
754 30.2926 24.3882 -2.77863
755 31.7569 8.5615 -0.675027
756 12.1845 10.0011 2.48417
757 5.84254 31.5834 2.98307
758 1.82894 20.0063 0.437723
759 10.7029 30.5723 -0.857424
760 36.2103 30.1328 2.42045
761 9.49409 19.5949 -3.23203
762 23.328 26.9906 2.61476
763 2.3569 38.6546 -0.0423488
764 15.7365 17.2221 0.994853
765 37.5489 16.5977 2.87072
766 7.99816 10.6473 -2.13915
767 29.4368 9.77558 1.69166
768 7.56144 16.7221 0.021141
769 16.9077 32.1669 1.9345
770 1.83947 24.0489 4.03737
771 7.16394 18.595 -1.31998
772 13.4997 32.072 2.26701
773 34.7762 29.4983 -0.109434
774 3.46463 31.9906 -1.9799
775 15.5184 6.39589 0.586257
776 6.97263 12.8077 2.17565
777 35.06 28.698 0.0940614
778 36.0867 28.7897 -3.01436
779 18.2901 2.31451 -0.463984
780 1.73176 5.29268 0.534257
781 9.5572 34.9654 -0.0636259
782 9.64749 4.55752 0.187139
783 13.1127 12.8275 -1.69861
784 35.4874 3.12343 2.61125
785 18.4891 10.0465 1.72743
786 5.77688 17.8977 0.0266225
787 35.1387 3.87791 0.806374
788 6.08996 32.584 -0.959683
789 39.5173 2.71158 -3.08612
790 13.3478 27.8718 -1.43467
791 13.4851 21.0282 3.36808
792 13.351 18.7136 3.15879
793 20.256 33.8456 0.324561
794 20.7553 23.2385 -0.577567
795 0.0683308 2.48524 -3.05996
796 16.5038 11.3681 -2.18632
797 1.98152 27.8544 -2.12361
798 28.1172 10.4749 4.66328
799 30.7215 2.92689 -0.92953
800 35.5292 9.89735 -2.24724
801 16.6749 18.774 0.952835
802 34.1001 24.1957 -1.59421
803 11.0186 38.7471 2.57718
804 4.80698 19.7648 0.0618947
805 1.67184 22.8777 -0.519103
806 4.69978 29.1673 -0.723847
807 29.4498 17.6305 -2.74543
808 16.3107 30.1797 2.58107
809 29.1077 19.6718 1.15737
810 14.6132 34.8363 2.58106
811 38.1472 27.4256 2.67725
812 7.9885 12.7443 -0.439104
813 2.67159 11.4231 1.00359
814 27.0928 35.1537 -3.13533
815 26.5052 16.6628 2.65651
816 16.0095 36.0254 -2.36068
817 17.1232 31.8898 -3.56027
818 8.81213 5.89933 -1.98143
819 32.0224 5.88147 1.3568
820 8.58588 38.1239 -1.64454
821 14.5491 9.71052 0.0215938
822 4.63378 37.8178 -1.24003
823 25.8206 2.23504 -4.51286
824 27.3533 13.6169 0.79157
825 35.4061 2.09168 2.11019
826 7.87184 16.4592 0.746032
827 33.8353 11.9208 -3.00515
828 15.3555 16.0958 0.965585
829 10.8379 30.7969 -0.814625
830 11.4381 13.5607 2.95167
831 19.8743 36.5791 0.995649
832 34.3318 4.54655 2.14734
833 12.0869 15.5249 0.778126
834 19.519 10.7602 2.01998
835 4.85717 31.5723 2.98977
836 21.6031 31.9984 -2.10532
837 31.8122 37.1074 -3.65442
838 19.0296 6.03518 -3.19551
839 5.82827 13.5888 0.0804573
840 26.8602 16.9552 1.57984
841 25.8141 34.8344 -3.84702
842 20.3579 34.5253 -0.910476
843 17.6824 3.75924 -2.25652
844 3.34775 22.677 -1.8374
845 4.23721 31.6538 -2.45934
846 7.1331 21.3237 -0.060731
847 38.3773 26.9334 3.34988
848 27.4315 26.1559 -0.233627
849 18.9904 18.6925 -2.45911
850 32.1207 36.0058 -1.32225
851 9.52614 4.65185 -2.4641
852 28.0727 24.611 1.7817
853 19.501 17.6161 -1.53806
854 0.189609 39.2939 -0.195741
855 15.8308 35.6361 1.15423
856 11.3734 32.3846 -0.0378122
857 12.8507 32.2534 1.86897
858 33.3152 27.622 2.61794
859 11.1381 35.4535 -2.32644
860 38.2253 17.1047 2.95607
861 7.35501 13.4944 2.8445
862 5.4378 24.04 -3.56231
863 13.3881 11.1711 -0.246308
864 10.6692 12.3423 -3.22638
865 22.5241 32.9555 -3.22515
866 28.608 1.559 1.10513
867 26.6622 24.7635 0.67117
868 32.4195 27.565 -4.44182
869 3.5729 17.1983 -2.32069
870 38.4193 2.87513 -2.33314
871 19.8205 24.9798 -2.34946
872 33.5669 16.4047 -1.40192
873 9.33824 14.611 -2.18729
874 27.0774 11.6104 1.51393
875 29.3932 39.1985 -1.80795
876 17.6666 18.8499 -1.64131
877 33.4961 15.3956 -3.02072
878 36.67 0.238521 1.85577
879 5.74981 31.4492 1.16097
880 33.4187 21.9539 -2.44316
881 15.2293 20.7245 -3.58073
882 29.7125 2.77807 1.31242
883 34.3248 29.0816 -0.579341
884 1.13788 17.4832 2.61923
885 16.9583 12.4564 -0.933
886 18.6745 22.3159 4.14858
887 3.80798 21.4604 -0.390832
888 33.9802 23.9867 -2.32338
889 38.3392 5.05095 -0.0637641
890 14.309 13.0285 -1.34154
891 21.0505 21.3654 -2.70722
892 21.5963 9.54038 -1.84688
893 32.7854 23.2943 3.89516
894 32.0221 25.7388 1.11499
895 34.1082 5.55627 -0.199988
896 13.6471 37.2991 1.49907
897 1.5698 12.4611 2.16172
898 22.1892 20.7749 -1.24258
899 8.71534 20.997 2.695
900 6.92052 37.9673 2.75962
901 0.333669 37.6399 0.970264
902 5.28404 29.3031 -1.6609
903 10.6277 35.4669 1.42926
904 17.4225 36.901 -2.57716
905 34.6178 38.9705 1.46914
906 17.9354 12.8934 4.46705
907 10.9282 24.3425 -1.74326
908 35.6413 39.0802 0.751968
909 8.34933 36.8816 2.75944
910 1.37436 23.2452 -0.546435
911 32.7419 4.75777 2.54324
912 26.9345 14.5954 -0.164034
913 37.393 36.3495 -0.953571
914 39.4474 26.6581 0.865614
915 36.7233 0.0795342 0.0397649
916 37.058 22.223 -1.05365
917 19.0107 23.9699 -3.51212
918 37.7276 7.70953 -0.934903
919 28.484 25.1057 0.0872707
920 1.90528 17.4394 3.51754
921 27.6875 19.7972 1.77315
922 23.6936 19.7259 1.79508
923 6.25495 28.9319 0.346325
924 32.438 30.0902 0.0313937
925 16.593 14.0675 0.615391
926 19.5885 10.8294 0.226325
927 2.15901 32.1632 1.65895
928 33.3237 3.48476 1.37976
929 8.53517 30.9623 -0.13191
930 7.86257 2.95201 2.34488
931 13.9973 21.783 3.33069
932 29.5225 24.3835 2.77743
933 17.2643 39.466 0.0890425
934 30.5807 24.6553 0.872511
935 9.97165 14.0439 -0.386274
936 14.1469 18.3706 2.16113
937 27.5188 4.70196 -1.33932
938 14.6337 16.886 0.147413
939 11.4887 1.97676 0.827515
940 13.1698 28.4046 -1.77346
941 30.9097 24.4719 -1.659
942 12.9638 19.6456 -0.361329
943 13.0059 4.5624 -0.0977395
944 7.473 37.3598 1.93331
945 1.64293 5.08424 -0.903322
946 14.0336 16.7099 -0.412162
947 12.0267 9.40337 -0.741445
948 17.7201 8.83143 -0.542617
949 7.35676 8.09456 -4.13975
950 4.37855 23.2917 -1.55252
951 12.1636 6.84879 -2.31715
952 12.5708 23.2604 -4.8572
953 36.2027 20.3243 -0.354217
954 8.95801 35.0402 1.67342
955 7.71296 1.99569 2.51777
956 31.0354 14.1453 -1.73093
957 33.6218 17.4443 -0.804722
958 6.98564 3.51559 -0.507418
959 36.911 15.6993 0.411002
960 11.9559 35.1554 -0.150624
961 7.87964 21.7182 0.814723
962 13.9198 30.8734 2.47397
963 10.7562 36.8529 -1.45596
964 39.0353 4.77412 0.600235
965 38.2333 32.2495 0.532832
966 13.3546 12.3141 -0.177079
967 19.313 36.1585 -2.12855
968 39.3954 15.9745 2.59728
969 16.1868 3.03858 -0.282397
970 11.9788 37.4652 -0.366943
971 20.6538 14.7374 0.510272
972 13.2952 18.2988 0.315448
973 5.51916 20.8991 -0.00479446
974 37.4309 24.351 -0.496148
975 7.34804 18.9044 0.0408078
976 9.15499 14.9554 -1.05145
977 5.95952 36.8264 4.31874
978 11.977 34.3003 -2.35046
979 8.38677 6.55973 3.16231
980 33.8657 16.0665 -2.18177
981 7.87134 21.0215 -0.0767683
982 34.6438 38.5842 -0.912666
983 36.9569 22.3197 -1.44108
984 12.204 28.0666 -2.16762
985 0.304686 26.1601 2.25849
986 22.8634 21.0132 -0.606193
987 10.5809 12.0732 -3.78009
988 6.59585 23.7796 -0.57544
989 26.1489 29.7912 -2.29904
990 23.3838 16.992 -3.60236
991 16.2609 18.1395 0.261897
992 7.24368 13.4005 1.86733
993 12.4157 14.829 -0.118797
994 24.8651 18.5348 0.58768
995 13.318 15.4146 0.865433
996 37.1857 24.0439 2.0385
997 3.8604 13.6623 4.74378
998 34.2211 0.397132 1.70479
999 38.744 5.76173 -1.46847
