1000
Particles
0 39.2999 0.521382 -2.09716
1 33.9408 19.589 -4.36244
2 19.4413 3.43992 2.85081
3 8.2256 36.1004 -1.27841
4 15.0494 22.2188 0.445286
5 22.3295 6.3629 1.61421
6 28.372 4.17808 0.723257
7 34.4979 18.4122 1.02561
8 7.48922 27.5016 3.00793
9 33.8057 20.2695 -3.00985
10 24.2675 33.8854 1.85627
11 4.31938 31.6079 1.59403
12 35.9485 29.035 -0.949904
13 2.22941 8.33632 0.168396
14 27.8258 16.7116 -2.01667
15 30.4317 29.1624 -1.91841
16 24.5266 31.6476 -1.3814
17 30.2776 11.7014 0.0299178
18 31.7337 15.5861 -2.18474
19 13.7497 20.1588 -2.81399
20 8.30365 11.0638 0.735748
21 36.8849 2.43362 -0.212929
22 37.5137 20.9753 0.694461
23 32.5298 17.8386 4.08077
24 35.9357 7.78742 4.20503
25 1.01471 33.5626 -0.210072
26 18.372 28.4554 -1.6183
27 14.96 16.608 -1.23984
28 6.03592 29.566 -1.96044
29 31.3491 10.8918 -3.26083
30 19.0599 22.3747 -2.804
31 13.7066 17.7874 1.18039
32 17.996 8.97218 -0.620235
33 7.13543 0.583224 -2.81323
34 23.2621 17.3674 -3.31409
35 27.8357 0.658953 2.47818
36 18.2509 37.5242 -0.827408
37 37.3249 23.7584 1.2003
38 30.5302 36.9187 2.25177
39 27.7453 15.2366 -4.63683
40 33.9131 35.6473 0.401973
41 16.0099 13.3255 -3.49363
42 36.9902 20.3551 0.703464
43 25.9028 35.8874 -2.21399
44 19.78 26.4729 -0.58814
45 4.50137 27.0766 3.18701
46 2.76966 7.98908 0.592076
47 38.5382 2.16055 -0.113441
48 2.74388 36.6122 -1.86597
49 7.93899 30.3358 -1.33707
50 1.33448 0.590555 -2.5588
51 15.1612 1.12257 2.86996
52 34.5547 8.24877 3.6164
53 16.2237 7.91851 0.61146
54 34.1025 27.5508 3.13307
55 34.9456 17.1036 3.48218
56 25.9954 5.88516 -3.08991
57 2.18925 31.0158 3.34775
58 37.8537 20.98 -1.39145
59 1.64608 32.9987 3.02799
60 8.98036 26.3609 1.45603
61 16.4198 25.8975 1.30812
62 30.8773 38.298 4.4496
63 9.81049 14.661 1.87576
64 36.3631 28.3297 0.759206
65 12.4953 38.6272 -1.76514
66 11.3648 14.1331 -0.799138
67 26.1942 21.3048 -0.260764
68 11.5422 6.78801 0.435033
69 13.7619 3.40911 2.24936
70 4.31777 34.3156 1.23129
71 13.956 8.7772 1.60799
72 6.89638 16.2825 0.401167
73 20.4939 27.5486 -1.01495
74 6.1639 0.551591 -4.91537
75 2.90602 34.7707 2.10827
76 16.1096 8.34473 1.51228
77 8.54829 24.2021 0.599976
78 37.7163 28.9387 1.2554
79 39.0388 2.06982 -2.86833
80 37.8559 3.65232 -1.59956
81 4.41392 27.987 1.97884
82 13.5456 10.5112 -1.96792
83 18.4067 24.9503 4.03158
84 15.3622 15.4787 3.95985
85 1.10124 20.3663 0.992553
86 18.7348 5.98866 -3.55021
87 19.8778 36.7642 1.00333
88 3.97327 38.3929 0.691954
89 2.69623 0.807865 2.25524
90 33.9591 35.8877 1.95432
91 21.0484 12.5047 1.54956
92 16.3469 20.2404 4.49071
93 16.8471 9.88712 0.568749
94 16.5338 16.1875 -0.509107
95 18.6757 2.7185 2.02016
96 13.5282 29.8632 -2.13338
97 22.8686 36.5154 -0.291852
98 39.4667 21.8152 0.224958
99 12.4999 36.9818 0.504025
100 31.8727 18.1778 -1.06685
101 18.3517 24.2259 3.23444
102 21.2848 33.5009 -2.5136
103 9.56519 0.192162 0.468936
104 26.3341 4.2165 2.42936
105 22.0391 29.8236 1.77917
106 34.6356 11.4236 -4.30899
107 19.0875 23.1164 -0.690457
108 23.2385 10.4861 -0.0327611
109 0.021948 34.9184 -0.968764
110 14.1712 1.27667 3.03803
111 3.91201 29.7579 3.94647
112 33.181 37.8225 -2.16504
113 37.3149 20.4066 -1.02679
114 1.53655 26.0727 1.00222
115 31.6175 21.0492 -1.38726
116 23.8348 29.2332 -4.19102
117 23.925 31.2732 -2.09093
118 24.3699 1.46504 -4.02236
119 35.2658 19.7552 0.990665
120 30.9568 29.3553 -1.34427
121 25.9353 14.9148 -0.848937
122 39.9641 15.8954 2.5971
123 8.37701 24.3087 1.60796
124 13.9095 39.1194 -1.85568
125 27.7202 37.9953 1.89604
126 29.6036 21.4675 3.30513
127 39.7701 2.39804 -3.90176
128 35.4084 9.31682 1.58432
129 2.53417 13.1351 2.78762
130 36.2505 2.17441 -0.957304
131 32.2538 27.5017 -0.380781
132 20.639 39.5815 1.67107
133 32.3839 29.2558 2.53313
134 5.87046 28.1841 -3.52328
135 14.1928 2.53977 1.26989
136 28.3155 6.55589 2.99275
137 29.9941 34.3276 -0.138392
138 11.6932 23.0569 -4.0608
139 16.72 0.523017 -1.63592
140 23.3695 34.1007 2.2696
141 35.5552 30.5455 -1.10216
142 27.3366 39.8206 1.79273
143 18.6077 26.3292 -1.09989
144 5.90148 24.9466 -3.22107
145 32.1558 21.195 0.619679
146 31.5404 8.59551 3.08147
147 35.692 39.0151 1.56531
148 38.0749 10.8049 -1.0607
149 15.8908 24.8905 2.37045
150 19.8953 13.8235 -0.885957
151 37.5569 36.6096 2.42873
152 17.9065 9.73503 -1.83321
153 20.3698 1.04809 -3.50277
154 28.5182 35.2574 1.97986
155 33.096 28.4369 3.30266
156 34.8013 26.8853 3.85816
157 13.4994 13.7281 1.64909
158 14.9979 29.3356 0.467214
159 16.032 25.9356 -1.53685
160 4.41534 15.5828 3.69929
161 13.0704 23.3327 0.508082
162 25.8535 33.1489 0.941093
163 8.52233 5.98059 1.38048
164 13.8775 1.14954 0.941127
165 25.8856 7.09078 3.84821
166 34.3981 7.17868 -2.50209
167 8.95353 39.6781 -0.0890821
168 38.2675 21.4875 0.611888
169 2.87022 33.04 3.73675
170 1.63391 37.4246 -3.3415
171 22.495 0.364077 -0.895773
172 38.5413 20.6658 2.10602
173 24.146 33.7472 1.6651
174 15.3296 35.1006 1.40629
175 2.46442 9.41054 -1.25576
176 19.3026 21.9909 -0.961966
177 15.7146 8.12855 1.09335
178 23.4042 17.2785 -3.15043
179 27.2727 10.1129 -1.06109
180 16.3961 10.4867 1.37524
181 37.2043 29.0126 -1.36122
182 21.9172 12.1194 -0.776435
183 5.70649 22.1429 -0.856826
184 30.7499 37.6597 4.1837
185 14.245 10.435 0.625378
186 25.228 1.80055 -0.723697
187 7.99956 39.9301 -1.74583
188 20.0874 17.3212 -2.52567
189 11.5546 25.407 -1.17315
190 27.1004 22.465 -3.20178
191 11.1235 31.128 -0.0178461
192 36.1596 2.94585 -1.86834
193 29.4286 16.7678 -0.852211
194 17.7125 25.9611 -2.52793
195 13.4878 22.1605 2.34131
196 28.0384 36.5133 -1.27393
197 18.4023 36.0433 0.522571
198 31.1725 20.3148 2.04467
199 10.316 12.1492 0.92207
200 34.0619 38.842 3.4846
201 36.6737 18.8818 -1.29545
202 18.6533 19.9906 3.85845
203 25.859 16.5051 0.21648
204 31.2297 33.9813 -2.41415
205 34.5845 32.0388 3.91714
206 14.0035 2.75441 1.63349
207 37.0733 30.3051 -0.0200066
208 34.8063 24.1062 0.440005
209 6.79793 30.6001 -2.22968
210 8.58388 23.975 2.01241
211 37.6786 20.6078 -0.760645
212 36.4338 32.7452 2.68477
213 1.28669 7.54066 0.605992
214 34.3002 22.6861 -0.589051
215 33.7843 25.8075 -0.259017
216 29.7671 22.2856 0.694727
217 7.42048 8.09808 0.063877
218 15.5391 17.3715 -2.76303
219 23.6809 5.33764 4.81246
220 13.6819 4.05341 -0.109221
221 23.4841 10.9642 -1.64799
222 36.822 30.8047 -0.711854
223 18.8411 33.3459 4.84452
224 5.65623 27.3745 3.86623
225 30.7701 9.96086 2.11235
226 0.63348 22.8921 2.23417
227 6.96929 5.32867 -2.83716
228 21.1537 6.16442 -2.22385
229 37.9185 19.2822 -1.68153
230 29.3837 8.11256 -1.2894
231 15.9681 22.5338 1.23168
232 32.9989 10.8966 -3.93472
233 38.3988 11.6311 2.83712
234 6.68264 38.1104 -2.4073
235 39.4925 9.49352 -1.02467
236 8.80868 37.5384 -0.689111
237 13.362 26.0643 2.56971
238 12.4209 12.5983 -4.52511
239 34.3248 10.5323 -0.869513
240 22.6945 21.0215 0.43374
241 17.0581 28.1847 -2.04184
242 0.353608 4.82232 -0.886948
243 25.2869 39.0203 0.938185
244 39.8867 17.7819 -1.42291
245 20.7733 0.765985 -4.63148
246 32.3509 8.95591 -1.67691
247 5.46132 0.557636 -3.12265
248 4.79785 22.6173 -1.611
249 19.4138 33.2539 -3.5409
250 12.4247 2.5565 -0.212437
251 0.78207 8.41312 1.29556
252 32.8517 16.9215 -3.59202
253 32.0767 14.8704 -1.00075
254 37.8902 38.6935 -1.50027
255 26.346 23.8606 1.06761
256 2.89152 4.77015 2.85401
257 30.4131 18.8955 -0.254982
258 33.3416 36.2709 2.77743
259 33.6265 15.9456 0.601079
260 6.09664 11.8539 -1.45326
261 25.4923 22.0817 0.509679
262 26.5895 32.7962 -0.345271
263 0.0592597 1.56718 -2.3287
264 6.4808 25.8025 3.07588
265 1.57247 21.6988 -3.45971
266 38.7005 11.0982 -0.696004
267 2.0612 26.7963 0.409559
268 2.35804 25.4944 -1.19165
269 20.8544 37.241 -1.01262
270 4.65016 9.61858 -1.13769
271 31.3036 10.6612 -3.53687
272 20.3098 17.9171 1.74753
273 27.0035 35.0005 -0.153711
274 11.0238 5.5067 -0.585642
275 6.22343 21.7688 0.874364
276 26.6777 17.1868 -2.35076
277 8.89187 25.2958 -1.27125
278 7.5232 8.30188 0.395084
279 5.53672 22.6542 0.260191
280 3.65719 23.0564 0.0179198
281 24.9669 15.743 1.44001
282 15.1526 17.4601 -0.738009
283 20.5262 36.5909 -1.91444
284 27.0223 22.1059 -2.2191
285 38.6611 35.2474 0.146432
286 34.2878 5.4709 -0.0339229
287 9.413 18.4783 -0.0569746
288 4.34403 38.1862 2.28896
289 12.3459 33.0308 4.41129
290 36.2325 26.4183 0.340873
291 13.0107 12.3373 -2.27291
292 38.5624 21.4243 -0.316564
293 2.01219 3.65678 -2.58758
294 32.7126 28.949 1.21807
295 16.8934 10.7873 1.43299
296 28.5012 26.6437 1.39442
297 39.7219 28.076 3.18648
298 24.603 35.8272 1.90399
299 18.35 31.9593 0.889605
300 25.4834 5.98884 -3.93673
301 32.761 23.2041 -1.54834
302 19.393 36.1617 1.04672
303 9.51832 25.5969 1.01237
304 7.15852 22.1869 1.07026
305 5.29264 23.7331 1.58988
306 31.8575 14.5861 0.0655034
307 10.0418 12.7033 -0.531163
308 3.29871 18.4896 -1.25023
309 14.5717 34.2709 2.32882
310 16.7495 22.1985 -3.32167
311 25.1214 6.68049 1.12832
312 37.015 38.4333 1.7591
313 31.461 1.81373 -1.05243
314 16.5873 4.21646 -0.251012
315 37.8183 31.0917 0.712946
316 38.4988 35.1399 0.938224
317 32.2942 30.2154 3.47163
318 22.5136 19.7229 -1.36984
319 2.66024 37.0815 1.47487
320 4.17719 22.8098 1.23705
321 29.6882 3.47351 -0.223573
322 5.16279 32.3131 0.0489021
323 19.9317 32.7101 -1.70558
324 27.9382 15.9063 -4.28679
325 8.63976 25.0312 0.410367
326 3.48297 11.3158 3.10869
327 20.3899 36.1063 -0.235851
328 18.9451 26.0943 -0.134811
329 4.02502 21.8686 -0.00680929
330 3.23513 13.4464 1.09614
331 12.3606 36.0143 1.02234
332 31.47 14.9002 0.196583
333 20.0795 18.499 0.0829676
334 14.7947 8.6084 2.24171
335 8.6552 0.447473 -0.0979184
336 19.0005 33.9404 -1.17548
337 8.58101 16.5834 0.644993
338 15.9493 27.2351 1.52485
339 1.11551 32.0297 -0.997004
340 4.02273 24.4579 0.277134
341 32.1755 29.8065 4.26638
342 10.8743 11.487 1.34463
343 10.3037 12.1839 -0.425105
344 13.2033 39.7165 -1.01238
345 34.9389 27.922 3.48001
346 16.2203 7.65167 3.28904
347 5.67531 38.3382 -0.50363
348 7.15116 20.6718 -1.3136
349 14.7505 17.6929 -1.82398
350 6.09666 15.3866 2.65454
351 10.1231 24.0248 -0.571428
352 29.1764 26.9975 3.50808
353 26.8512 4.0789 1.03241
354 36.51 37.4541 0.0857255
355 19.6772 21.3382 -0.875999
356 27.075 30.3196 -1.19749
357 12.2202 26.3314 -0.948088
358 11.3487 14.384 -0.444287
359 33.213 26.8489 -4.15097
360 28.9536 24.3316 -4.39481
361 28.7305 31.5878 0.620207
362 36.9764 23.9925 0.17935
363 39.2832 9.36338 0.60576
364 6.64782 14.9651 1.36863
365 7.96795 39.6549 -1.97195
366 15.3629 3.01263 0.309578
367 13.0137 0.934876 0.822339
368 24.9337 4.8512 -1.78495
369 19.3788 33.3116 -2.49815
370 19.3589 25.8497 0.610591
371 21.786 18.941 -1.85895
372 24.2294 23.4737 -2.31197
373 15.8443 10.2571 0.241464
374 11.125 18.1315 -0.875404
375 13.755 11.6505 -1.75026
376 2.94542 29.3718 2.0206
377 1.59407 4.35793 4.00468
378 13.6195 3.39255 0.488704
379 34.1421 28.5962 1.72118
380 36.3218 30.7801 -0.398336
381 12.5589 34.6602 1.31661
382 2.62202 19.0379 -1.57854
383 15.7121 33.2417 -0.298551
384 27.1674 3.2788 -0.208229
385 16.2643 13.72 2.83557
386 21.6691 5.37677 2.19825
387 6.31789 4.32049 2.63213
388 34.2643 22.5007 -1.42029
389 3.15652 3.57197 4.37271
390 33.182 28.5465 1.80872
391 13.7181 13.1235 4.70551
392 21.4734 28.3335 2.4882
393 18.9626 7.77323 -1.87801
394 28.2087 37.0554 -2.46566
395 32.6885 14.8903 -1.96553
396 2.00974 5.11888 4.26275
397 1.53371 1.58815 -0.464154
398 2.69691 30.4198 2.91527
399 34.9541 19.63 1.21987
400 4.22595 39.3076 0.317733
401 21.9868 36.002 -1.48536
402 36.1959 9.42037 3.10795
403 0.927463 27.6685 -3.96763
404 24.6214 29.1594 -2.40716
405 3.25786 23.4192 0.218232
406 24.0722 1.03108 -2.95687
407 36.5967 39.2884 2.29628
408 7.53162 13.8062 1.40472
409 14.2378 4.08718 -0.91494
410 23.8061 22.5438 -3.40852
411 17.2909 22.9338 -4.29358
412 0.359306 4.67889 -4.04785
413 16.0848 11.2544 -1.70176
414 3.36233 14.3944 1.44112
415 16.2175 27.1172 -0.423045
416 20.7828 35.4634 -2.96403
417 3.04003 4.28284 3.9669
418 29.5598 24.18 -1.66746
419 21.889 9.7625 0.812841
420 19.9139 38.6785 2.95107
421 5.00824 17.0749 2.15695
422 10.1391 8.87772 0.680991
423 29.5308 8.72612 1.94596
424 25.5692 21.3273 0.0127765
425 22.2435 3.47124 -1.47657
426 13.5658 22.8407 3.24807
427 17.7063 17.5912 1.19732
428 2.90788 10.1299 -2.97495
429 4.61777 11.5128 -0.176977
430 20.181 16.3765 -0.986768
431 8.73908 8.61221 -0.215807
432 20.612 34.2164 -2.32376
433 28.8242 26.472 3.85205
434 3.53307 25.0292 0.973445
435 27.8214 36.4375 -0.848108
436 38.5916 26.8046 0.759821
437 11.8864 37.3707 -1.65645
438 6.95858 20.5499 1.72709
439 33.9239 19.6933 -1.91184
440 27.2118 3.3739 1.4288
441 12.0965 3.84126 1.27438
442 16.0572 26.1418 1.99778
443 19.7109 16.2727 -1.7706
444 10.013 16.8029 3.37823
445 6.01544 22.6617 -0.222897
446 18.0273 8.40589 -2.3802
447 2.61493 7.96434 0.412332
448 33.7137 29.8076 0.895608
449 17.1178 16.6802 1.2547
450 10.6874 20.4433 -2.17476
451 35.2778 8.79908 1.35346
452 16.4476 11.1655 3.06869
453 5.83106 28.2611 -4.32323
454 36.7427 7.36153 2.60982
455 31.3013 6.0479 1.09538
456 10.1058 8.19741 -1.56209
457 25.2945 18.6095 0.0840802
458 34.4542 18.5614 1.25459
459 10.9264 8.21489 -2.39226
460 7.22009 3.67709 3.10988
461 10.1799 39.5227 1.03894
462 26.7856 16.2592 -0.351253
463 2.55762 34.3984 1.05457
464 32.8574 17.9471 2.49249
465 32.0198 17.5125 2.96441
466 34.8806 19.8363 3.60966
467 4.30372 36.9046 4.51834
468 28.5058 34.5092 3.10987
469 16.1533 28.793 0.00740332
470 10.5749 12.8608 2.07581
471 36.1066 16.2099 2.86779
472 13.4045 14.6247 0.431697
473 13.3788 0.465656 1.04817
474 4.55701 36.3543 3.20993
475 29.2853 6.00144 0.704845
476 21.3648 32.2194 -3.9818
477 15.4278 32.0077 0.0413012
478 35.002 18.9429 0.694962
479 3.1459 28.4874 1.46023
480 34.3415 15.3242 1.9766
481 27.1636 39.5718 -0.0731985
482 8.40887 30.8076 3.09375
483 12.7477 32.6323 4.21301
484 8.68878 38.5927 0.54968
485 5.43609 38.9809 2.73606
486 18.5842 26.7133 -0.345975
487 29.8117 30.2389 1.73949
488 37.1873 6.54332 -0.61918
489 18.608 2.78955 2.17029
490 2.55993 2.30638 3.00651
491 14.3819 11.2062 -3.05609
492 24.5308 0.972891 -1.18766
493 4.86591 27.0497 -0.0708618
494 8.29856 21.0525 0.753307
495 32.4923 14.9126 -2.00346
496 32.9089 18.2367 0.962115
497 3.5472 29.6266 3.94928
498 17.2021 17.0242 1.65603
499 10.2401 18.8518 -2.62094
500 7.02997 15.8779 -1.57219
501 27.4266 15.3317 -1.83235
502 0.764834 4.72735 -3.02118
503 17.2713 25.1329 3.60456
504 34.7623 32.8103 2.3649
505 5.21448 1.41864 2.43953
506 28.9723 27.088 4.13757
507 20.9829 11.6594 0.539761
508 1.11107 26.8461 2.58953
509 27.902 39.2639 3.61512
510 32.2368 2.91504 -0.755629
511 23.2529 31.5778 -3.86173
512 37.6136 32.768 -2.44743
513 17.7953 33.865 -4.06296
514 12.5661 25.5637 0.815255
515 16.2592 14.5742 3.09508
516 22.7621 1.21488 3.87062
517 14.7489 8.54796 2.48676
518 16.2489 13.1139 -1.42065
519 17.0536 14.3725 4.60477
520 37.1013 9.34359 2.04046
521 36.3327 28.8126 0.472525
522 22.179 21.991 -0.320327
523 11.5984 17.9929 -0.928099
524 5.38058 23.4562 0.548441
525 7.06309 13.0916 2.73174
526 2.68858 21.9595 0.633241
527 14.0997 2.70735 1.01009
528 22.2549 3.5651 -1.36999
529 27.9123 4.74908 -1.40135
530 37.1116 7.44281 0.2053
531 26.9693 10.4008 -1.88719
532 21.5464 35.7075 -2.7503
533 23.674 26.8877 3.80442
534 13.1775 29.1755 -1.01281
535 6.51093 1.67725 1.20989
536 33.115 19.5024 -1.71951
537 0.59718 20.1684 2.90127
538 4.04164 38.9528 1.48794
539 1.28198 5.15865 -4.75912
540 31.6975 29.0945 1.38426
541 26.8141 21.0306 3.43591
542 39.8234 28.2465 1.22375
543 9.64209 14.7777 1.3996
544 5.72532 2.62482 1.47582
545 14.1788 23.1817 0.305081
546 3.09364 33.989 4.3302
547 5.85174 19.3664 -0.470267
548 39.2741 32.1361 -2.60715
549 2.78066 24.2222 -1.95733
550 5.77378 32.2023 0.690223
551 19.9875 19.2576 -2.3744
552 0.140125 8.61661 0.952617
553 17.7865 24.7203 3.71038
554 16.8074 5.36581 -0.110558
555 36.419 15.1566 0.267892
556 30.7235 18.5598 -1.49757
557 9.40089 25.9959 -0.278916
558 34.2563 1.40604 2.54909
559 26.3029 32.3532 1.12851
560 29.81 24.0515 -2.28543
561 8.60826 23.46 2.53828
562 8.31557 24.5202 1.80606
563 3.36995 17.5626 3.07177
564 13.0242 24.5534 2.35178
565 0.998937 16.8174 -0.0458156
566 20.3198 33.8123 -3.74333
567 34.3639 12.2891 -0.721698
568 39.325 8.09924 -1.68441
569 1.96552 18.6171 -2.27026
570 6.5524 26.1421 2.6456
571 19.9488 12.1002 1.06262
572 36.8479 33.2758 1.40052
573 21.7486 0.278073 -0.164632
574 12.6519 21.9495 2.21756
575 18.0536 20.5079 -1.45815
576 38.4038 6.16843 1.24123
577 23.9666 28.4112 -0.526347
578 3.00548 35.3792 2.85427
579 7.57282 7.93812 1.8803
580 6.04192 28.2797 -1.79345
581 6.81812 29.3181 -2.44387
582 24.3575 27.6174 2.49559
583 25.5427 0.901613 -1.85374
584 35.7965 10.0976 2.53615
585 6.6561 20.0704 -1.1825
586 24.5203 21.9269 -2.30085
587 32.6452 34.3155 -1.38726
588 21.5521 33.5837 0.154461
589 28.7478 23.2112 0.960662
590 4.38495 3.0324 -2.63783
591 2.93841 22.3085 2.3812
592 32.3773 28.0045 2.64513
593 19.9707 24.0208 2.50724
594 7.36089 3.33911 3.60758
595 24.7221 18.58 1.29137
596 38.3752 34.4344 1.75028
597 30.113 9.68374 1.7645
598 35.5074 10.668 0.32628
599 14.1024 33.8665 0.157927
600 7.34364 39.4496 -2.0243
601 20.6114 35.2579 -0.250578
602 6.29235 19.8909 -0.637548
603 19.5249 19.4322 -2.70848
604 34.2226 22.4189 -1.07734
605 6.72277 37.5904 -0.685576
606 4.13334 29.2662 4.0097
607 1.1141 10.5208 -0.652295
608 5.29884 2.01485 0.472447
609 27.2094 38.3725 -0.868032
610 34.5147 23.1014 -0.347129
611 1.70829 25.3142 0.747707
612 19.9978 10.1265 -0.852236
613 24.8035 11.4673 -1.76367
614 39.9613 9.2085 0.667719
615 32.4397 9.68334 4.0235
616 32.5866 14.5383 -1.08606
617 24.2177 31.7891 -1.96898
618 1.68433 0.510803 1.14424
619 26.1961 32.6136 2.03679
620 35.8672 33.4245 0.906791
621 26.1852 15.9192 0.710625
622 10.8185 0.747606 0.0913086
623 19.5131 11.5718 1.43397
624 33.8552 3.59709 1.81754
625 16.4524 10.2518 1.52413
626 5.9665 38.2737 0.962237
627 3.89872 33.0975 1.37005
628 20.6125 11.6164 1.65004
629 29.9529 2.69374 -2.7426
630 36.0556 31.0716 0.887152
631 28.4016 36.1007 -1.16022
632 31.3737 30.1873 -0.194065
633 35.7226 22.7396 -0.504939
634 37.7013 1.31087 0.38326
635 23.2647 26.5863 -3.22069
636 20.3015 5.13983 0.90769
637 2.15471 24.6494 -1.41992
638 33.4479 25.4138 -1.22111
639 32.6177 5.83213 -0.874414
640 5.64707 19.3364 -2.15588
641 22.8587 5.43925 1.61776
642 18.5619 37.2221 0.182204
643 25.462 26.0169 -0.973909
644 13.383 4.19075 -2.92445
645 5.26007 11.4677 -2.2402
646 10.9476 9.01732 -0.745606
647 11.5825 15.065 -0.867924
648 33.1067 34.6093 -1.17545
649 20.2055 22.0465 -0.823629
650 30.6158 12.7608 -0.409389
651 24.8327 20.2524 -3.04187
652 3.25995 1.04189 2.98959
653 8.66934 3.13672 1.32797
654 22.5494 12.6534 0.12656
655 32.2604 35.6595 1.40105
656 11.6522 12.3754 0.323931
657 21.7063 5.67559 2.58672
658 8.54949 27.2848 4.353
659 30.2923 39.087 -2.31754
660 25.7536 15.1942 1.0624
661 36.2985 17.2619 -2.86423
662 28.1359 31.0113 0.902451
663 16.4443 21.9601 2.92385
664 32.0128 14.4127 -0.335574
665 33.0413 39.3564 -1.50478
666 27.7642 38.1949 2.52847
667 39.8887 34.4394 -1.42164
668 9.21374 33.4656 -0.156886
669 16.3869 27.6325 -0.632495
670 37.8424 27.0101 1.46008
671 27.1463 38.8969 0.925904
672 14.9307 30.5178 -0.852122
673 35.9745 5.01924 -1.38299
674 12.0613 17.8935 -3.50058
675 27.6979 15.5019 -4.04479
676 29.7305 38.9247 0.437328
677 31.6458 17.3828 0.868773
678 29.3406 37.2487 -3.16207
679 20.9449 21.0148 1.02296
680 16.4997 26.5191 0.0506158
681 12.9976 38.8942 -1.56192
682 30.5867 35.4583 0.465194
683 32.0777 22.7281 -2.34158
684 11.8539 36.5721 -2.10379
685 25.2412 26.5345 0.593219
686 1.53717 2.41016 -1.80797
687 22.3179 11.2535 -0.0788755
688 32.4179 3.62695 -1.2805
689 12.0963 36.3346 1.50953
690 19.866 28.4501 -2.14443
691 16.5402 30.3155 3.82494
692 25.5811 14.6715 1.12404
693 37.8392 16.7036 0.415538
694 26.7673 33.7302 -0.123318
695 15.6431 27.8273 -1.1903
696 34.9163 30.2608 1.33158
697 29.9213 8.6486 3.24984
698 33.901 13.6716 -0.394663
699 21.412 20.7749 1.91626
700 2.98882 2.7861 1.83226
701 29.6686 1.8506 -1.88104
702 38.1927 3.51112 -1.10328
703 33.5897 15.1594 -1.76224
704 27.9065 29.7905 0.812769
705 2.50245 35.3296 1.03865
706 34.3821 33.2475 3.03674
707 10.6502 8.17874 1.68674
708 29.1344 17.1299 -1.37393
709 23.0373 5.83288 2.69202
710 18.1203 28.1406 -3.08924
711 35.8991 29.8084 0.00871589
712 29.3279 13.2359 -3.4035
713 35.5574 10.358 0.531905
714 28.0253 27.655 -0.837121
715 0.689978 3.61506 -0.800506
716 21.0214 36.1648 0.56158
717 18.8111 26.4196 0.72823
718 14.708 29.9501 -0.471311
719 8.99029 35.3183 0.24041
720 17.2789 23.968 0.712307
721 27.9259 35.6225 2.12083
722 1.78032 2.3149 -2.86295
723 19.0225 37.6774 -0.344466
724 13.0335 3.16314 3.99012
725 27.4221 5.05936 1.43349
726 5.91806 28.0629 -1.28716
727 4.95734 27.9718 3.16646
728 5.34368 11.8566 -2.73923
729 20.618 36.613 1.04321
730 17.884 9.04547 -0.792884
731 34.0609 20.2432 -3.88464
732 26.2877 35.7984 -0.226426
733 34.4957 20.684 -3.56215
734 23.9826 12.05 2.22603
735 20.0549 20.2246 -0.438343
736 22.5448 31.5504 -3.64434
737 33.6294 29.307 2.99325
738 15.1566 8.61313 2.68141
739 12.7119 30.4012 4.26919
740 0.189796 17.8553 -0.619014
741 6.56759 32.1844 0.70421
742 23.412 14.9791 -1.98702
743 19.3725 25.3183 1.38162
744 34.3637 23.4193 -0.165348
745 20.5622 32.6749 -2.90391
746 15.6786 11.8889 -1.22962
747 17.483 24.8216 0.386604
748 12.7575 25.4566 1.06328
749 2.78396 4.14389 1.50565
750 5.66983 29.5204 -2.00513
751 8.01405 39.8162 -0.00197242
752 34.2346 14.6452 0.996495
753 6.44743 20.5418 1.7833
754 31.0169 22.6247 0.344355
755 23.3816 6.35992 1.10293
756 39.0984 8.74447 1.19152
757 14.5801 23.0657 1.34492
758 33.0793 23.382 -0.528842
759 9.85939 29.3238 1.36288
760 33.9527 0.823808 0.227658
761 12.0315 16.6902 2.03684
762 22.0711 25.4149 2.76453
763 15.1117 1.58198 4.90161
764 28.3506 2.43493 -1.27045
765 28.3612 27.7926 -1.21084
766 9.34468 16.9234 1.79582
767 32.3065 15.514 -1.79669
768 5.77255 17.428 1.17008
769 21.186 28.9013 3.16454
770 9.67121 24.4557 -0.480074
771 3.06062 22.7198 1.32434
772 15.48 32.4878 0.336299
773 36.796 30.368 0.831729
774 37.4713 36.93 4.5584
775 15.4892 12.6835 -0.630842
776 13.0466 21.3848 3.17633
777 5.29219 22.6487 -0.243576
778 29.4932 27.0137 1.81189
779 18.0683 2.43529 3.02239
780 2.41592 2.5172 1.45997
781 31.6073 5.44437 1.92663
782 11.3546 6.79746 2.06129
783 15.8166 6.00777 3.15147
784 29.7579 2.85374 -2.38944
785 24.0354 19.9967 1.42428
786 6.20095 22.933 0.0358069
787 30.1184 0.568983 -1.19746
788 2.67829 34.6465 3.6089
789 38.0292 12.1699 0.564687
790 10.9108 27.851 -0.47568
791 15.4111 18.5088 3.5321
792 10.4915 26.3386 2.24089
793 27.7231 1.79008 0.00376648
794 23.5298 22.568 -3.314
795 9.48879 8.90335 -0.0231947
796 18.6072 25.0245 1.7135
797 5.36211 28.5018 1.03512
798 28.9631 7.10928 0.950151
799 27.5833 39.3396 2.85707
800 29.3799 10.5249 -1.80564
801 23.8852 14.7946 -1.17615
802 35.717 16.6721 1.02065
803 8.42385 1.23783 0.839332
804 6.07648 17.9448 -0.800591
805 5.36016 22.6719 -0.147472
806 13.6249 24.9193 -0.306067
807 24.2046 8.30063 -0.548488
808 24.3572 21.5209 -3.15762
809 19.9804 10.9629 0.910662
810 13.8603 39.3532 -0.851356
811 15.9393 26.6643 -1.92454
812 9.37814 39.2161 -1.6508
813 4.48363 5.9029 -0.569937
814 27.1808 38.6717 -0.0734514
815 34.3534 22.5431 0.118938
816 18.732 35.6795 -0.91135
817 15.5299 38.4079 -4.10931
818 6.51304 14.7353 2.85033
819 25.1263 5.14099 -3.18218
820 33.7985 0.236323 0.617658
821 14.9619 8.65693 0.113088
822 8.03134 8.25692 1.65147
823 30.5992 1.42217 -3.07193
824 38.4215 17.9437 3.11301
825 36.3254 28.923 -0.119175
826 3.69523 16.9624 -0.0332546
827 0.992408 16.2581 2.17415
828 21.0754 12.3962 1.42643
829 18.0105 32.5608 -1.75094
830 13.104 25.2784 2.3175
831 8.80486 38.814 -2.75081
832 28.0945 29.6139 2.99389
833 15.0312 13.9839 0.438811
834 16.2852 9.81988 0.0140446
835 5.34268 27.2852 2.02052
836 21.6096 29.4838 2.59973
837 33.3111 28.6294 4.26833
838 25.4908 5.12843 -2.4338
839 2.8919 24.1423 -1.86142
840 25.9241 8.33071 0.415707
841 31.6602 36.0633 0.488194
842 22.2505 30.8338 -2.71206
843 8.41708 2.14676 -1.1355
844 6.68883 21.3868 2.20022
845 2.19412 25.884 -1.24708
846 17.2491 32.6201 -2.85042
847 3.72481 22.7564 0.984978
848 24.79 18.1273 1.07385
849 15.9218 14.0199 0.907843
850 6.06344 30.4538 -2.02515
851 2.26429 37.7974 1.81041
852 25.0243 31.0631 3.08897
853 27.4338 25.4153 -1.24188
854 38.1096 30.9181 0.616876
855 17.4221 2.62531 -1.79951
856 14.6692 36.4074 -3.06105
857 11.326 15.9799 3.63673
858 4.46673 23.6844 0.220398
859 15.51 38.7097 -3.92557
860 36.1064 22.0447 -2.87366
861 3.59571 16.4457 2.10382
862 0.401608 34.3689 -1.32014
863 12.7355 13.0072 -3.94064
864 22.4085 10.1709 -0.81074
865 31.9697 30.119 2.55937
866 28.1652 0.0741688 2.17774
867 20.3537 36.8491 0.73911
868 30.7727 28.4394 1.04164
869 38.0367 16.7411 0.695391
870 4.78668 3.98717 3.86025
871 18.3371 24.5027 2.51733
872 28.5605 25.9098 3.59594
873 18.6027 21.2448 1.12163
874 36.4923 13.8295 1.79188
875 36.7043 13.5065 3.29879
876 1.87239 13.1189 -3.82896
877 0.695215 1.11832 0.746215
878 3.83914 39.6518 0.806852
879 6.22695 30.4647 -1.57348
880 0.517718 17.5072 -0.914233
881 2.75351 24.2364 -2.05142
882 25.723 5.14849 -2.43958
883 39.6198 26.0151 -2.80787
884 9.87119 18.1924 -2.97654
885 12.7062 11.6477 -3.53203
886 13.676 24.643 0.806657
887 38.7538 23.1237 1.82035
888 0.465133 29.1259 -1.21085
889 7.40242 10.3012 -0.475262
890 17.2439 15.3761 1.36004
891 19.7111 20.7508 -1.27827
892 23.1406 5.24262 3.72246
893 32.8298 28.481 1.24518
894 33.174 29.9116 2.36729
895 33.3213 15.9222 -1.75309
896 19.0766 1.04392 1.61337
897 1.11616 9.64125 -3.31696
898 20.5363 17.4689 -0.724903
899 6.05498 23.5629 0.87758
900 14.212 4.8023 -3.23793
901 3.85886 38.6666 2.27446
902 36.9608 30.9035 0.924667
903 5.60816 36.538 -2.20292
904 20.3012 0.950014 -4.05614
905 21.8218 33.7446 -0.670264
906 24.2234 23.3046 -1.98891
907 14.4487 28.9317 0.109663
908 33.9829 30.2226 2.88431
909 17.0114 8.7975 0.846
910 34.9594 21.2095 -2.00792
911 32.1835 28.9517 0.626399
912 25.9279 23.2764 1.46826
913 0.488991 26.5904 -1.78099
914 4.31573 26.1399 2.57894
915 35.4221 33.2727 1.60855
916 26.1164 18.0003 -4.14229
917 8.05994 27.4577 4.47472
918 3.08851 2.69315 2.53974
919 29.8038 16.2644 -2.42295
920 8.78545 18.1607 -3.20314
921 33.6287 21.3044 -0.303536
922 22.607 14.2886 1.59564
923 12.8252 28.7819 0.135089
924 29.5261 33.5443 -1.05681
925 20.2006 35.8801 0.915942
926 26.1581 35.1224 -0.448141
927 5.72229 30.2232 -0.600781
928 33.2789 3.74924 0.323496
929 37.0013 30.5711 0.890601
930 15.5756 5.66553 1.03189
931 16.3999 18.6647 1.68425
932 6.54406 25.0124 -4.18093
933 12.3075 5.74269 -1.59533
934 32.8465 30.1662 2.15716
935 5.0268 3.84901 1.723
936 13.5057 24.8767 2.15278
937 13.0756 0.501869 -1.0143
938 22.5853 21.7775 -1.06859
939 24.8501 7.0358 1.47743
940 19.6267 18.3842 0.697771
941 19.1339 21.3191 -1.37019
942 6.91246 13.7687 1.56399
943 8.5956 3.26435 1.49495
944 38.9735 33.5988 0.450118
945 3.12913 2.23903 3.08752
946 20.9532 21.2119 0.962262
947 23.0095 6.67756 2.95745
948 10.3738 39.6593 -0.211316
949 3.00562 13.6029 2.51477
950 31.2599 27.8322 1.71557
951 14.1649 3.69716 1.18574
952 14.806 13.4767 -1.72402
953 32.4745 17.7269 2.58648
954 4.4425 1.25055 1.77066
955 1.46515 8.60889 0.0481808
956 29.8985 9.10374 3.4025
957 32.3321 20.8513 -0.544918
958 5.02178 32.3964 -0.0579384
959 28.3849 38.7023 1.90448
960 2.997 1.99776 1.05697
961 4.30206 29.2565 2.28157
962 15.0398 33.6648 2.3535
963 18.9455 34.6471 -0.581687
964 2.79191 3.68641 4.20862
965 35.9934 28.326 -0.571697
966 12.6728 22.2422 3.14381
967 20.5956 0.733226 -1.29374
968 33.5938 24.8406 -2.22248
969 14.5669 2.6026 1.23628
970 29.1595 35.1641 -0.384456
971 29.5087 13.3821 -3.32647
972 11.7906 18.6118 -0.722987
973 12.5353 24.6327 1.3154
974 28.2206 14.1075 -1.56418
975 13.5546 23.4804 -0.610226
976 2.11322 6.31228 2.0598
977 3.88649 36.5888 4.35899
978 12.2569 25.3925 -1.06884
979 4.31207 37.246 3.23732
980 35.755 11.3072 -1.30958
981 6.95077 17.0793 -0.943403
982 37.5695 7.64621 2.7105
983 25.5859 13.36 -0.0633336
984 9.17742 38.1159 -0.356871
985 6.59362 20.9044 1.76751
986 27.2817 14.8132 -0.935379
987 7.73558 10.9576 -1.95088
988 0.903791 27.3406 2.79205
989 24.3727 33.1755 1.44152
990 25.3691 17.4274 -2.66094
991 12.6695 22.5657 3.87535
992 2.69271 16.7035 0.672693
993 13.2548 24.817 0.391498
994 23.5137 21.7668 2.11389
995 12.902 24.1818 0.275358
996 33.9083 18.4219 2.45404
997 34.6864 14.4106 -0.612452
998 38.3663 38.342 -0.851025
999 34.5677 23.0839 -0.00658484
