1000
Particles
0 1.63636 35.2948 0.817858
1 36.5814 21.9139 1.24758
2 19.5134 0.749625 -1.41828
3 10.0236 33.9972 -0.675514
4 18.237 22.1152 3.57711
5 18.9867 8.63651 2.48983
6 27.5904 3.05465 -0.0913415
7 34.2609 20.4857 2.08941
8 9.1884 27.1287 -0.775378
9 26.1144 15.1433 1.70475
10 27.7408 32.4169 1.27119
11 39.1122 36.6669 1.11557
12 35.0362 33.2813 2.45806
13 4.4277 6.77999 -0.234481
14 28.2363 22.344 1.14762
15 20.4714 30.2892 1.55252
16 25.4362 32.4651 2.21289
17 31.7143 15.5626 1.81171
18 34.5381 7.70754 -0.372415
19 15.8381 25.3162 -0.720735
20 4.24904 5.83885 -1.97384
21 1.77763 4.77392 2.12743
22 4.59213 13.9826 -3.99518
23 34.0224 19.1879 4.37952
24 39.837 5.28522 0.6907
25 0.675134 34.2338 1.14499
26 19.449 32.2779 3.09515
27 14.5522 13.1073 2.12899
28 4.29011 30.2013 0.376993
29 31.249 0.890171 0.0283703
30 20.0304 19.6339 3.34551
31 11.7753 18.0781 0.823455
32 20.025 6.06339 -1.8011
33 12.3205 3.00533 -0.433601
34 23.9191 14.8994 1.07599
35 22.88 3.78076 -3.11976
36 14.658 39.975 2.09692
37 35.981 27.5921 -3.80199
38 34.8556 38.5509 4.69524
39 30.7165 18.3438 1.39581
40 38.7982 34.755 1.25551
41 11.7063 11.4636 3.85777
42 38.6509 15.3793 0.752939
43 29.1635 32.1023 -2.41097
44 20.2712 24.6074 2.47222
45 6.81823 29.9846 2.14106
46 37.8615 7.21076 2.15143
47 31.3299 6.29735 3.58729
48 6.07755 33.7696 2.29322
49 6.27666 31.5362 -1.93922
50 37.4758 0.0757858 4.58061
51 18.8789 36.3192 -1.22533
52 29.976 15.1038 -3.19539
53 11.9417 4.12479 1.15436
54 28.342 26.0043 3.68224
55 0.431723 15.3676 -0.0761222
56 21.8614 7.40905 -0.218057
57 2.6782 39.517 1.80541
58 0.723626 24.7489 -1.83134
59 7.71188 34.3363 -1.62689
60 9.50286 27.4277 -3.54364
61 16.7605 34.2092 0.799057
62 37.6784 38.7857 1.10296
63 7.32086 16.2142 0.971676
64 1.03854 24.9394 -0.910589
65 13.1025 38.8907 0.429232
66 7.51732 18.6763 -0.0814055
67 23.7302 20.3731 0.248349
68 14.9377 2.41909 0.310373
69 15.6059 3.06676 0.95122
70 7.25992 0.233339 1.03748
71 22.9342 7.60343 -0.251627
72 5.10105 14.2318 1.12563
73 19.4765 29.0626 -1.28107
74 8.99516 9.01889 0.0596179
75 1.59005 35.6834 3.03499
76 20.3742 1.69338 -2.61223
77 9.89192 26.893 -0.0130099
78 5.66309 35.7256 -0.200143
79 2.45309 8.11579 0.325474
80 33.0849 6.17017 -2.26027
81 2.74072 29.4684 1.59224
82 16.4608 12.0635 -0.626779
83 16.6827 33.0177 -1.9521
84 19.3875 16.063 -0.827153
85 38.666 20.084 -1.24955
86 22.4282 5.75289 3.01627
87 23.7832 37.4261 2.12168
88 38.5971 38.2928 1.48711
89 6.64247 2.94429 1.18482
90 0.857768 39.4527 1.05419
91 21.1161 12.9617 -3.37278
92 15.8126 24.7275 -2.32945
93 15.0654 39.3517 1.43014
94 15.7179 25.0051 -1.74212
95 21.2273 2.14718 0.22717
96 10.2864 34.6795 -2.01063
97 20.519 36.7825 4.52343
98 37.6694 22.4881 2.77516
99 11.958 4.63568 1.1311
100 26.3326 20.7033 -0.255286
101 20.9525 24.1504 3.42102
102 20.2341 30.0006 -4.79059
103 6.6547 4.90593 0.0895779
104 22.7069 4.54006 -2.64455
105 22.2319 33.1023 2.18678
106 30.5875 17.7051 1.60421
107 23.5232 22.4546 -0.663306
108 27.0763 13.9556 1.58836
109 2.67942 35.827 2.62486
110 14.1365 2.06352 2.64758
111 36.3996 33.8306 2.75093
112 29.7042 2.49219 -4.40481
113 37.3898 28.2917 1.88542
114 35.1557 26.4323 -0.894305
115 30.0383 24.2078 -2.96319
116 25.2654 30.6363 -4.46498
117 27.4325 30.8739 3.42415
118 25.707 2.75201 -3.94456
119 35.6602 14.1066 -3.03802
120 23.8753 29.6208 -3.66425
121 24.6647 14.6415 0.453005
122 37.6125 22.1141 0.0948284
123 6.51649 31.1888 0.748668
124 13.5115 1.97812 -0.501595
125 24.8547 0.783738 0.827486
126 23.0071 29.4086 0.619881
127 37.62 7.59218 3.89577
128 34.6552 7.28691 -0.740379
129 0.84096 14.7091 1.32083
130 31.3432 6.4864 1.73469
131 30.3946 27.6941 -3.9769
132 19.1501 0.175006 -1.52874
133 39.9472 33.7289 2.62666
134 1.78769 31.9822 -0.520419
135 11.5448 6.47798 0.577887
136 25.3704 3.79408 -0.920161
137 26.7621 31.8992 -2.25356
138 5.87059 18.8302 -0.324587
139 16.0838 2.37516 -0.590021
140 26.5433 32.4815 2.01113
141 31.7067 31.6655 4.08887
142 28.0252 8.55232 -2.72438
143 16.5292 24.2565 -4.61986
144 0.258835 32.1289 -1.92066
145 21.1342 21.6445 0.737604
146 37.0007 10.0474 0.857986
147 35.2857 38.7282 4.83614
148 37.1692 9.99261 1.95159
149 12.5512 21.7653 -1.16574
150 18.277 21.6916 3.16815
151 32.3416 38.6138 -0.310244
152 16.9291 18.4963 1.56718
153 17.7659 3.51935 0.504078
154 24.9794 39.9595 -1.79058
155 33.851 23.2202 -1.21186
156 1.26665 25.973 -3.01639
157 15.5956 9.27583 4.23827
158 14.124 38.1195 -0.483497
159 23.1866 27.5981 1.19892
160 0.152462 17.594 -0.984813
161 5.62365 21.655 3.18606
162 25.6981 30.7964 -3.4834
163 7.64036 8.8687 0.889676
164 18.7607 6.17943 -0.0679839
165 27.9339 11.5753 0.097104
166 32.2641 9.50113 0.457684
167 12.0613 35.9583 0.0453197
168 33.5232 22.6907 -0.754184
169 38.6774 36.9886 -0.26392
170 5.42957 36.5569 -0.701258
171 21.6448 38.8786 0.253493
172 1.54757 19.0081 0.549784
173 21.3875 29.8485 -1.81978
174 14.9017 39.0045 0.070138
175 6.15172 6.17504 1.43457
176 16.7305 22.8495 -1.29317
177 15.2587 7.3788 1.47585
178 26.7135 15.0727 0.0361469
179 30.1655 8.27625 -1.03642
180 17.4902 9.52462 -0.0637283
181 0.0824923 27.3402 -3.62089
182 17.6223 21.8097 2.71973
183 0.75013 23.0543 -0.664563
184 36.6957 7.43063 3.63026
185 8.03875 15.142 -0.42231
186 20.4553 1.81564 -3.51793
187 7.96461 3.00977 3.0739
188 25.67 20.1226 1.22436
189 8.88116 24.3862 -0.950081
190 24.1032 22.8518 -1.43922
191 15.6617 29.607 1.63437
192 36.3617 0.211723 3.69617
193 26.9855 21.5494 -3.49805
194 24.0974 23.2102 -1.15201
195 5.21722 15.6577 3.055
196 28.7093 33.0934 -1.91222
197 17.499 34.2982 -2.89387
198 29.1771 23.0123 -3.32536
199 14.3858 10.0208 -1.24875
200 29.7684 39.5044 1.1919
201 37.9149 20.0879 -0.397482
202 13.2084 20.9895 -3.33136
203 24.105 13.704 -0.539577
204 31.2303 33.9513 3.8899
205 39.8847 31.4903 0.54865
206 16.1845 7.14177 -3.08508
207 34.9707 33.304 2.32791
208 33.7412 21.7589 -0.126137
209 13.1327 38.4596 -0.173389
210 14.3409 24.7688 -3.63352
211 33.6451 18.1656 0.535213
212 0.147437 33.2036 2.42759
213 38.8771 4.5563 3.83678
214 27.6835 21.679 1.66597
215 34.2634 22.4331 2.81385
216 27.6692 22.5799 2.37163
217 5.21516 7.23842 -1.24606
218 15.6001 17.6382 3.71165
219 23.1938 37.0416 2.74586
220 15.0184 2.27405 -1.03186
221 21.4872 9.73755 0.429216
222 1.75433 35.406 3.2828
223 19.7328 24.2339 1.29518
224 6.62819 30.818 0.64865
225 33.925 11.6411 1.60637
226 36.8521 20.2372 -0.418335
227 1.89223 11.9409 1.92555
228 17.7049 5.17963 -1.31898
229 38.1875 19.6544 1.85836
230 29.6093 10.3521 2.53653
231 16.5536 32.4871 -0.646902
232 33.4609 1.60717 1.81574
233 39.1495 5.35086 2.50902
234 7.09868 39.4014 1.28059
235 39.974 5.55242 3.21892
236 14.6355 39.1496 -0.494578
237 15.631 24.1387 -2.31053
238 10.0403 12.3632 0.982315
239 30.3505 8.76394 -2.5299
240 16.3985 18.4898 1.07475
241 11.1031 28.333 0.441114
242 1.76109 3.04624 0.0679945
243 29.3992 0.329667 -3.17666
244 37.8453 16.3853 0.931945
245 20.4975 2.45741 -3.64844
246 24.3451 4.22502 -3.0691
247 5.46329 37.2404 4.05121
248 10.8354 27.3596 -1.31225
249 14.3451 0.478742 1.49113
250 19.3573 2.80917 0.0141566
251 39.9051 2.81552 3.71688
252 32.7368 16.3593 1.01608
253 30.3829 15.8534 -3.4243
254 0.275328 37.3701 2.0675
255 26.5103 27.2034 -2.84796
256 8.87189 3.78508 0.911958
257 28.0133 19.58 -3.04161
258 27.3316 37.3345 2.43271
259 38.7333 15.607 0.509217
260 2.81554 9.26829 0.506142
261 31.148 28.7567 0.854336
262 30.0283 31.1758 -0.187783
263 2.86034 4.9262 2.34858
264 11.7082 25.1101 1.69642
265 1.4656 28.7271 -0.947111
266 38.5907 13.8382 -1.92341
267 0.91157 28.4521 -2.97806
268 13.2253 23.0973 4.41889
269 23.4847 35.1314 -3.35458
270 3.87604 11.5754 2.42135
271 33.7528 7.67244 -1.96155
272 16.6877 19.5244 -1.89375
273 27.4583 35.481 0.815328
274 12.7061 5.87399 1.14424
275 6.78188 24.1854 0.565853
276 26.0967 19.4931 1.41457
277 2.39303 20.0155 -2.33441
278 3.41874 14.2258 -2.57654
279 11.6566 26.8405 -0.815647
280 5.32281 25.6981 2.44319
281 24.0681 20.2024 2.1321
282 12.6855 18.0959 2.38621
283 20.3225 32.2303 2.5501
284 24.4903 20.2171 -1.33692
285 38.3639 38.3674 2.30965
286 36.0675 6.65215 -2.15488
287 17.5885 12.1806 3.25613
288 1.06166 0.327086 0.943913
289 11.9159 34.4242 -0.835692
290 33.8192 24.3089 0.944956
291 12.6873 7.11041 -2.06609
292 36.3718 17.9926 -1.49018
293 10.1372 5.98189 1.79907
294 29.2236 27.2506 0.965132
295 19.6967 17.3127 -1.31868
296 24.1606 23.2259 -1.11379
297 39.0004 31.7438 1.00469
298 21.771 34.7766 0.267083
299 18.6303 27.1507 0.138993
300 25.7818 8.63904 3.16404
301 26.6303 26.8889 -1.8844
302 17.407 33.5901 1.96788
303 3.30504 20.574 -0.174511
304 5.24299 32.0717 1.85391
305 1.21258 19.3297 -0.341258
306 28.0419 10.3382 0.788574
307 8.98317 16.2337 1.20694
308 3.00753 24.8689 -2.86319
309 15.7444 33.9635 -2.20553
310 15.2211 24.0488 1.73241
311 24.1656 8.86561 0.938279
312 35.0353 38.352 1.40924
313 23.6342 37.1228 0.462126
314 15.435 8.65879 2.31775
315 39.9596 37.127 1.34188
316 38.2251 33.3169 -0.237457
317 22.0995 28.1366 1.45696
318 27.5297 23.4358 1.4261
319 4.50397 4.8091 1.79076
320 2.57167 23.7371 0.331023
321 28.4013 3.84224 -0.32795
322 2.59555 35.103 0.257152
323 13.2811 37.3744 -3.91406
324 27.1605 15.4247 2.18732
325 10.9883 30.3316 -2.88966
326 4.82657 16.613 3.42784
327 17.171 37.5845 0.0830224
328 16.0573 30.7021 -1.46878
329 6.48013 24.3139 0.198052
330 37.7092 12.5838 -1.7935
331 17.6024 34.8782 -2.41303
332 32.3002 9.35473 1.19207
333 29.0015 21.8733 2.24981
334 13.7054 7.18793 2.05448
335 4.40657 3.20484 2.65919
336 16.0123 35.9981 -0.036634
337 10.6679 23.9716 1.93896
338 13.2205 24.9935 1.11065
339 39.0459 31.5252 0.656139
340 5.30872 21.6345 3.46662
341 32.2085 28.5577 2.49719
342 10.7027 18.4547 0.337711
343 11.5877 18.7753 2.36165
344 13.5235 39.4748 -1.44449
345 29.8868 26.6234 0.475991
346 17.9702 9.4046 -1.93148
347 1.08356 0.30309 2.71815
348 9.15079 24.303 -0.946762
349 16.0884 25.9004 0.171341
350 4.31853 18.0694 1.68783
351 6.18861 20.6656 1.65909
352 26.8127 27.4042 -0.706178
353 26.2118 12.0329 1.26136
354 38.8752 37.8295 0.0560722
355 16.0937 25.6992 -1.98697
356 34.4255 38.7551 2.90908
357 11.9888 21.4795 -2.98535
358 13.9065 13.0506 0.363664
359 33.1412 23.5742 1.70195
360 31.5442 21.9034 1.56392
361 30.2184 30.9012 -2.87941
362 1.83886 23.8385 -0.659157
363 39.0376 10.1364 1.23
364 7.44115 14.1358 -0.178498
365 10.3706 35.4274 -0.00487078
366 17.0238 11.4598 0.0442881
367 13.6766 39.1292 -2.41407
368 26.796 9.10396 0.986102
369 14.439 1.85678 2.6689
370 17.9908 28.4409 0.315567
371 25.3012 19.3719 2.8288
372 21.6308 29.3782 0.785346
373 16.6613 13.6938 3.21079
374 12.6682 14.2633 -0.896994
375 12.3233 13.5297 -0.947839
376 37.7601 30.8118 1.48439
377 6.52469 7.58617 1.35382
378 13.1424 7.17616 0.673049
379 35.1874 32.2355 -0.181275
380 33.0039 27.9588 2.40565
381 13.9832 37.963 -0.0735805
382 4.29225 17.4055 -1.26765
383 21.9159 33.1649 0.73024
384 31.0954 10.3083 -0.952163
385 20.7246 22.3837 0.810498
386 25.6885 6.32763 1.76472
387 34.5567 34.9427 1.11473
388 30.7923 28.3503 2.90999
389 6.18472 5.6831 0.430918
390 35.113 21.7241 -0.485653
391 14.0082 12.6116 2.67463
392 21.6789 22.8011 -1.73698
393 22.7891 4.39959 -1.58899
394 25.9086 37.6227 1.97216
395 36.733 13.6165 -1.18445
396 1.89651 0.503447 3.19637
397 7.93661 4.22549 0.399211
398 36.3326 30.9322 1.87195
399 33.3359 20.8468 1.68043
400 6.1157 0.700968 1.38592
401 28.5852 30.9854 -2.25821
402 37.5675 9.20085 2.2832
403 2.93039 28.9194 2.12482
404 18.8536 28.0625 3.21117
405 1.37151 22.1623 2.39771
406 25.1131 5.81685 1.78222
407 37.0541 9.86334 -1.01484
408 38.2128 9.82177 3.31046
409 20.0198 1.57902 -1.68144
410 17.4809 27.2971 1.86159
411 15.0061 30.4205 -4.86946
412 4.2011 39.131 1.42394
413 8.74976 17.9653 0.752568
414 7.45683 13.0056 -1.14781
415 10.8935 27.7723 1.88649
416 14.875 37.66 1.95981
417 39.3688 38.8425 3.26595
418 26.0464 21.9245 -1.03478
419 24.2717 3.93359 -0.740968
420 24.2508 3.12666 -1.89714
421 4.79772 17.714 0.629956
422 8.75855 17.0535 -2.49845
423 33.4936 6.31127 -3.21504
424 24.1864 27.6653 1.18805
425 16.0418 2.38766 1.95138
426 10.2636 24.4548 0.949645
427 16.3312 21.4434 -4.05808
428 5.05187 4.17759 2.2755
429 2.49609 7.95259 0.278783
430 16.1625 17.5213 3.04568
431 7.24837 5.97505 1.3325
432 22.9673 33.5661 1.6103
433 25.252 21.0478 -1.05463
434 13.4418 24.4237 0.89869
435 30.2355 31.6327 0.234249
436 2.14615 28.5742 -1.21692
437 12.2721 35.8152 0.424569
438 2.33507 29.0705 2.23003
439 32.1996 16.2463 -0.550064
440 23.413 8.28601 -0.647625
441 13.6223 0.717563 3.93408
442 4.35332 19.6676 -2.0954
443 25.4508 15.2283 2.16221
444 13.1518 18.8816 -0.371517
445 12.669 18.2943 0.915314
446 15.9911 11.9866 -0.300821
447 9.34327 6.15575 -1.24946
448 31.2122 31.3572 0.519851
449 16.917 19.3592 -0.679493
450 1.29128 18.5399 -0.334771
451 32.2495 10.7374 -1.67441
452 14.021 12.931 -0.163924
453 2.63356 23.1223 -0.686012
454 33.5825 9.586 3.32686
455 33.0463 7.27621 -2.13614
456 8.96872 10.4617 3.09103
457 22.3362 16.6123 -2.68326
458 32.7196 18.5281 3.74022
459 14.2089 3.8455 -0.142632
460 9.33925 37.6071 2.3547
461 8.57873 39.628 -1.74469
462 24.8667 16.8268 2.41898
463 4.0549 35.0323 -1.39983
464 31.412 22.5303 3.07877
465 27.8765 14.4821 2.6283
466 33.5695 20.7664 -0.620932
467 14.6981 35.8641 1.06195
468 24.2823 30.4651 3.2057
469 16.6103 35.7993 -0.984561
470 7.22344 16.9981 1.75614
471 35.9134 21.779 0.191956
472 14.3742 7.4757 2.45071
473 9.95972 36.7283 3.35457
474 7.39813 38.2351 2.61292
475 31.8104 7.8197 -0.248559
476 12.3702 27.327 4.21848
477 10.9671 37.1761 -3.86913
478 25.581 20.6804 -0.783282
479 34.6846 30.3481 -0.089065
480 31.3432 17.8668 4.57101
481 26.3432 38.1169 -1.6253
482 7.29766 32.5684 2.76705
483 6.92918 33.8021 -3.00218
484 16.7502 35.2544 -2.02696
485 5.16503 38.3194 -2.88352
486 18.6075 28.5202 2.7439
487 32.4172 28.301 3.99516
488 32.4305 8.90498 1.57008
489 21.3089 1.09906 -0.690553
490 10.9357 0.0188532 -1.17445
491 16.5329 12.3895 0.713309
492 22.7349 1.37441 1.95826
493 4.94459 22.9075 -1.60707
494 8.35154 13.5874 0.473727
495 30.9367 10.01 -1.94459
496 25.271 23.5818 -1.83165
497 4.51436 32.0341 0.706211
498 19.8432 19.0143 1.94591
499 10.0666 23.9612 1.38626
500 4.57467 12.041 2.76864
501 30.7979 7.90351 0.0893068
502 4.12431 4.89567 4.19307
503 23.2035 27.8266 1.45136
504 38.8355 37.0052 0.709227
505 6.9775 6.3661 -1.091
506 27.733 28.8361 3.30518
507 20.2123 7.86328 -1.31536
508 3.61508 31.7679 3.5277
509 16.6676 0.805213 2.02109
510 37.4636 6.30343 2.26103
511 24.2333 33.6473 -2.59017
512 30.8967 28.4566 2.2679
513 11.5936 25.5156 0.74012
514 10.8958 31.2258 -2.01861
515 16.4284 13.6192 0.421903
516 18.9786 0.614705 1.26655
517 16.6309 16.34 -0.654088
518 8.36098 10.3657 0.426809
519 23.5839 22.9672 -1.34008
520 0.654264 0.922135 -4.16264
521 37.0228 26.1371 2.45833
522 21.8136 20.2023 2.66511
523 12.1805 18.9562 2.99963
524 13.6137 25.5349 2.0569
525 5.21426 14.7768 3.11505
526 11.6113 27.4358 -0.715767
527 15.4433 5.40124 2.63339
528 22.0179 3.32578 -1.7692
529 35.6891 3.23808 1.21289
530 31.5225 8.93588 0.749362
531 29.3231 7.47309 -2.3176
532 18.4177 37.3658 -0.23949
533 15.8924 28.9055 0.385618
534 12.3675 23.4084 -0.506848
535 0.0737256 0.526156 3.16912
536 32.6296 15.0294 0.52201
537 39.8479 25.9962 1.68501
538 4.62888 3.64861 0.602475
539 8.7857 6.37556 -0.150591
540 27.4897 19.7473 -1.83831
541 26.4586 23.0132 -1.57795
542 35.8419 31.2859 1.08168
543 10.1015 17.7491 -2.2258
544 38.4434 38.5209 2.35705
545 13.9374 28.5311 1.79444
546 1.69862 0.0145531 1.8052
547 6.58057 13.0077 -0.591203
548 36.8527 33.0691 -0.0481989
549 36.135 25.7336 3.51902
550 5.018 27.4922 -2.00626
551 29.362 14.9536 -2.34805
552 2.34483 39.8112 0.333632
553 13.5287 32.3511 -1.3304
554 20.3952 9.50466 0.820132
555 39.4726 12.4829 0.86974
556 33.4317 21.2574 1.91236
557 4.60499 19.4753 -2.05178
558 38.5516 5.01142 4.02253
559 25.6737 29.7791 -1.56391
560 29.6509 25.6327 0.271545
561 1.76032 22.5329 -0.0345946
562 10.2985 26.5771 -0.831184
563 6.72283 11.5291 -0.399298
564 17.2222 26.0114 -0.615107
565 1.66639 21.8665 0.74224
566 16.8448 36.6868 2.5318
567 30.7477 11.9752 1.19999
568 1.81262 4.08871 1.12398
569 34.0848 27.1295 0.80464
570 1.04673 26.5578 -0.801929
571 14.4065 14.813 1.57425
572 34.8905 32.0909 1.96294
573 22.2629 30.8417 4.21823
574 8.48041 22.7164 -1.71866
575 20.6256 19.5455 2.71654
576 0.660327 38.4238 2.57017
577 18.7965 29.0314 -3.18881
578 13.3116 39.3825 -0.216619
579 7.91829 8.99969 -0.00681437
580 11.2745 31.2551 0.0555965
581 10.1328 28.6969 0.414338
582 27.931 19.1364 -3.22087
583 21.7478 38.9594 1.25275
584 37.3337 7.04488 3.5482
585 0.660997 22.5975 1.1176
586 24.1817 23.1563 -3.65706
587 31.2219 34.1138 3.11418
588 23.0972 33.6348 2.21717
589 26.2487 20.5382 -0.515682
590 5.62374 5.99777 0.807721
591 3.10322 25.7003 -0.702929
592 33.4633 27.5455 1.09842
593 12.0821 21.399 -1.86775
594 6.84005 3.70693 -0.137264
595 28.7077 21.4529 0.565406
596 38.7532 37.0887 0.15066
597 30.6226 13.4241 -2.77168
598 35.0159 12.9916 -0.318339
599 9.10612 32.2057 -1.12731
600 7.73328 34.1229 -2.59493
601 18.5643 35.4207 -0.275176
602 11.5432 24.4504 0.65757
603 18.0277 11.5813 1.60171
604 29.3925 26.0467 -0.153516
605 10.5088 34.8127 0.153448
606 0.947791 27.9899 -4.03935
607 38.0955 7.69904 0.507139
608 11.6348 5.45578 -0.718888
609 20.9795 0.569327 -1.82765
610 34.817 22.0017 2.96067
611 3.73007 25.578 -1.16177
612 26.9013 9.04998 0.479041
613 24.6919 10.5502 -1.58932
614 3.76147 5.05566 1.21105
615 33.3441 11.7536 1.4338
616 33.6571 17.4054 2.97852
617 25.6077 28.3302 2.06739
618 5.46505 1.33659 -0.152396
619 22.061 34.8309 0.155652
620 0.322768 39.0312 1.97638
621 25.4077 15.8877 2.32849
622 23.0475 2.56452 -0.255261
623 16.964 6.35557 -2.5081
624 26.2942 6.51671 -1.46002
625 21.2744 7.12088 1.60295
626 5.54963 37.9209 -1.28548
627 6.78308 32.4092 2.80179
628 15.3574 0.0236003 2.26919
629 23.8285 1.96204 -0.362764
630 37.3125 31.7188 1.63518
631 27.8335 1.54977 1.90405
632 33.7484 32.3328 1.35424
633 1.74672 24.4208 0.101113
634 3.47327 5.71776 0.679042
635 26.0615 28.493 -3.24478
636 24.8467 6.57926 1.79736
637 5.17342 28.0816 0.567389
638 33.6128 27.6956 -0.739762
639 34.2454 11.4191 0.649658
640 6.14083 22.9992 3.75507
641 26.007 6.49355 -1.43896
642 17.2764 36.3377 2.81653
643 28.3249 23.1751 1.59022
644 14.743 5.19108 2.45604
645 8.44044 11.3404 -0.318679
646 8.15629 9.05144 -1.33532
647 7.9349 15.1367 -0.882961
648 30.2951 31.6033 -0.0805796
649 16.9184 19.0928 0.691958
650 28.3228 15.7444 0.498927
651 23.3025 22.4084 -1.27672
652 10.2179 34.5912 -0.631062
653 12.328 1.98737 -1.35454
654 19.7839 13.1467 0.378502
655 0.495226 34.1822 0.698574
656 6.16322 11.3991 -2.40717
657 22.5265 7.15212 -2.95624
658 10.8647 28.4142 -0.216091
659 39.3002 38.4145 1.56945
660 27.1581 12.1178 0.780777
661 38.6138 16.7829 0.881568
662 37.7958 35.3387 0.209501
663 12.1407 21.6946 -1.03798
664 32.1172 16.2771 2.00108
665 34.3074 35.1647 3.64571
666 23.053 38.3557 0.620849
667 36.2406 35.6722 0.293262
668 12.4318 35.957 1.41542
669 15.9257 34.7533 -0.784899
670 35.6819 32.6827 2.0323
671 30.5061 2.5105 3.52638
672 18.487 32.2119 1.95799
673 37.4793 0.262287 2.48551
674 5.55991 19.0181 -3.11485
675 33.6793 16.8268 0.389291
676 32.7189 38.5235 1.53023
677 34.2589 20.1799 1.39288
678 27.3795 2.8029 0.705524
679 23.0388 22.6098 -1.71424
680 19.9761 30.2606 -4.75702
681 8.33389 2.61238 -0.351116
682 31.4433 2.85268 3.40484
683 22.6603 29.195 1.76126
684 7.00045 3.75602 -1.0645
685 27.7746 30.3359 2.66949
686 39.1283 37.8411 1.07632
687 23.0298 12.6885 1.27356
688 24.229 4.71065 -4.03624
689 16.9241 3.68155 2.77893
690 20.143 32.1965 1.7421
691 17.4396 33.316 -2.29271
692 31.0617 13.2749 0.266181
693 0.980315 19.4832 -2.38629
694 27.4326 22.1297 -0.000469787
695 18.0192 27.6224 0.338565
696 25.4983 28.6127 4.26805
697 31.346 6.07769 0.300111
698 37.1567 17.6485 1.15076
699 26.651 21.9881 -3.5767
700 2.40328 2.7943 0.939271
701 17.0046 1.16166 1.0246
702 37.9035 39.797 4.53172
703 39.3621 11.5984 -0.857025
704 24.0778 34.9579 -0.841562
705 11.5657 34.6625 0.294878
706 38.3636 35.7896 1.06241
707 14.9665 9.027 -1.2845
708 31.886 16.8684 0.987429
709 28.7963 9.56558 -0.525552
710 16.7842 34.4754 -3.03542
711 35.6282 25.8157 1.50486
712 27.1314 15.8406 2.5376
713 28.4778 21.856 2.63544
714 25.8252 30.9849 -3.22456
715 38.8917 0.448282 3.37409
716 19.9446 31.2249 2.10195
717 15.3607 28.5024 -1.61983
718 7.5823 31.9316 0.634229
719 9.86852 34.1427 -2.45995
720 9.76998 26.2307 -2.7563
721 25.0443 37.4447 1.93064
722 38.5596 38.0479 -0.307078
723 15.4194 0.0255514 1.97098
724 15.097 38.4408 1.24303
725 24.1031 36.777 3.80732
726 5.33264 30.2132 0.698585
727 10.4129 27.8046 0.809823
728 36.1229 5.71586 -3.47708
729 21.8464 39.3401 0.388289
730 24.373 10.6272 1.61559
731 27.3698 20.7036 -0.849057
732 29.1994 32.5496 -1.46106
733 31.8045 29.5656 3.55975
734 30.9983 8.54131 -0.426688
735 18.7794 27.6997 1.46276
736 17.8786 32.6823 1.79617
737 38.094 33.8039 0.422424
738 20.4492 5.03823 1.16852
739 11.4938 24.7977 0.697331
740 39.166 27.5338 0.019829
741 10.322 35.0025 -1.27672
742 22 11.3302 -0.430275
743 24.2871 23.5115 -2.00828
744 34.9927 16.4311 1.52532
745 13.7077 37.3976 3.4758
746 12.3177 11.428 4.51212
747 17.9421 22.268 3.2905
748 18.4746 29.9464 -3.43176
749 2.31486 2.98238 0.577743
750 1.07344 38.9832 2.52379
751 10.4854 1.33721 -0.792221
752 0.432199 16.3347 0.422704
753 15.7745 22.6801 -0.391803
754 29.4351 23.0072 -1.6088
755 23.6761 4.20841 -1.2791
756 1.82064 2.81548 -1.29865
757 13.81 24.5214 1.14434
758 34.4921 23.0138 0.99743
759 8.99256 29.2812 -1.17232
760 33.272 33.0075 2.23717
761 14.1501 19.7228 3.16859
762 24.4403 25.7794 3.4153
763 11.6336 38.2795 -0.0667878
764 25.6621 10.0274 0.480118
765 34.0956 22.3951 0.872047
766 6.9012 15.0148 -1.10011
767 31.3226 11.1695 0.929425
768 6.33413 14.0652 0.322611
769 16.2972 33.1742 -0.20749
770 8.61479 24.6897 -2.34098
771 4.02704 20.8465 -0.907648
772 14.7767 38.5618 0.0809731
773 36.1144 28.7904 0.609387
774 37.6985 38.1419 2.2792
775 17.7618 8.93199 0.0811657
776 7.9465 17.9213 0.414174
777 0.486286 23.1533 -1.58286
778 34.6526 23.115 -1.54237
779 14.2405 37.6568 3.26346
780 6.16035 4.6543 0.19982
781 37.3082 0.627064 1.72728
782 7.80666 14.1684 1.84076
783 12.3484 8.36921 -3.77378
784 35.8686 3.20412 -0.315078
785 21.134 10.581 -1.81245
786 4.6556 18.1943 1.85067
787 31.3783 2.22291 0.357837
788 39.7797 39.6949 -1.79884
789 32.8456 9.96631 -0.573419
790 12.1511 25.7737 1.56604
791 13.045 23.2778 4.06314
792 10.0793 25.7148 -2.59021
793 20.5046 35.645 1.88439
794 18.8315 28.5357 0.761486
795 3.91909 6.99701 -0.593306
796 21.9927 23.3196 -2.62794
797 36.9981 32.8291 1.59705
798 25.9732 9.93 -0.361096
799 23.6897 3.95328 -1.47389
800 32.6258 4.88449 2.39592
801 19.0579 10.5448 2.159
802 35.5207 19.4846 1.95717
803 15.7802 3.04004 0.114668
804 0.879773 22.9854 -1.64665
805 39.3527 23.268 -0.100435
806 14.1581 30.6265 -4.10708
807 25.966 14.3936 0.933066
808 19.7464 23.994 0.575166
809 29.9068 15.1618 -2.19961
810 14.2504 38.5172 2.21561
811 3.3622 20.6492 -1.15508
812 7.7951 3.50506 -0.782292
813 1.64714 11.4453 2.33812
814 24.303 36.3652 2.94374
815 34.0643 14.4351 0.609804
816 19.9382 38.438 0.551015
817 13.4931 38.9053 -1.30566
818 7.32642 11.7594 0.133686
819 26.4915 5.74088 0.117192
820 4.39512 4.58662 3.56223
821 12.1661 17.2466 2.84753
822 10.0765 5.85318 -0.225819
823 24.9552 1.50566 -2.86849
824 34.7655 16.3661 -0.0901615
825 1.31555 33.5514 -2.47542
826 7.25526 14.7596 0.0331299
827 2.42692 12.2026 -0.56724
828 21.1494 20.4249 3.52382
829 14.2422 36.8516 -3.86258
830 5.25848 18.7473 0.58431
831 13.0891 38.0995 -1.32643
832 33.6929 36.2289 -4.52099
833 8.15337 14.2303 -0.472404
834 20.886 9.46812 -1.41211
835 3.2571 30.6052 1.78742
836 18.9859 32.541 1.03554
837 30.2458 35.2045 3.33408
838 22.6413 4.26582 -2.55663
839 4.05982 19.7972 -3.73092
840 22.4026 16.3155 -3.45815
841 28.3016 30.6498 -2.38138
842 16.0681 29.5739 1.36344
843 12.6589 7.21705 1.20032
844 5.01981 22.2574 -2.92347
845 1.71491 26.626 -0.309204
846 11.5621 34.6992 0.696068
847 1.80874 25.7 -0.181939
848 26.7119 27.2054 -2.29723
849 20.0332 17.335 -2.18094
850 32.7812 34.0822 3.50693
851 6.23504 1.21196 -1.45914
852 27.4995 26.5639 -1.48227
853 25.697 26.7697 0.0953685
854 39.8097 37.3541 3.4984
855 12.4295 38.5756 -2.53478
856 14.4611 38.2717 -0.740661
857 11.533 23.601 0.848068
858 2.00841 28.6019 4.133
859 14.8609 38.9014 3.17931
860 36.8019 17.6516 0.319728
861 1.20716 15.5712 0.665393
862 7.70597 32.9627 0.885935
863 7.29157 13.2772 -0.25829
864 22.614 8.68566 -2.69141
865 29.6654 37.4724 -1.95564
866 26.9705 2.63477 1.74283
867 26.1894 29.1051 -3.46833
868 31.1128 27.0835 -4.40259
869 34.0258 17.736 4.05489
870 39.3639 2.54752 -4.00553
871 20.13 23.3627 -0.786346
872 30.349 23.5891 0.314023
873 18.8639 18.3631 0.917638
874 34.5853 16.2975 -1.30752
875 30.567 7.86799 -2.47734
876 7.61833 13.7382 0.0902137
877 33.2307 10.9916 0.389653
878 6.04851 36.3904 0.646209
879 1.27031 30.5557 1.64169
880 35.1665 24.3484 -0.671718
881 7.7628 26.8014 -1.26636
882 28.5509 7.11465 -0.879856
883 31.0057 26.8596 -3.33803
884 10.5869 24.1124 2.18932
885 7.77229 13.3915 -1.07071
886 19.8114 19.5737 1.8219
887 1.06286 24.8832 -1.72038
888 33.0565 27.3458 2.12189
889 0.573752 8.47442 -2.07755
890 14.3805 18.6574 2.38089
891 19.8181 22.7345 -1.63968
892 15.7643 2.87911 1.41864
893 31.1236 28.1449 0.383747
894 33.9672 28.6473 1.05235
895 38.1621 12.3546 1.54198
896 15.3726 38.3867 2.67248
897 38.4215 13.3492 -4.51951
898 19.8124 18.6119 3.5563
899 10.7556 24.0497 2.77559
900 13.9226 7.23082 0.356092
901 2.40634 35.8985 2.99041
902 37.172 32.3025 3.73792
903 9.80545 37.5789 3.23621
904 17.781 38.2076 1.83698
905 27.4998 37.893 1.98731
906 20.6439 19.4936 2.63548
907 11.2095 28.5878 0.172897
908 33.2338 34.0427 3.35627
909 14.6867 1.15328 -0.238606
910 36.9744 20.5514 1.19222
911 31.7979 30.6376 0.579395
912 23.143 22.3304 -1.71517
913 39.8994 30.7831 0.667106
914 1.00723 21.76 -4.04452
915 35.4488 32.76 -0.611163
916 24.9085 21.1405 0.316239
917 12.863 24.0719 0.43286
918 36.7538 6.32289 -2.44172
919 26.6366 20.8415 -0.957822
920 3.7556 24.8117 -0.951491
921 24.9962 20.9619 0.0961284
922 25.0455 15.5316 -0.594716
923 2.53721 23.3353 1.01978
924 31.2123 29.3207 3.00349
925 24.7902 3.9558 -3.59059
926 26.8943 1.01644 2.62377
927 5.37175 34.4365 1.82875
928 39.8393 39.8242 3.53771
929 1.08256 31.6992 -1.94233
930 8.65226 10.1625 -0.343057
931 17.4106 14.4537 -3.10663
932 6.11171 20.9832 1.25299
933 13.8177 5.42413 2.04977
934 31.4003 24.2157 -1.63556
935 10.4478 7.94899 -4.68688
936 12.3562 21.8208 -2.73821
937 15.2519 1.97561 0.219095
938 23.9802 23.9423 -2.95992
939 16.8548 10.8622 -2.25688
940 16.5063 25.5459 0.423209
941 25.7509 16.564 0.874059
942 8.57131 13.0469 0.605981
943 11.9711 7.65227 -0.564234
944 4.30779 36.1967 -1.62862
945 3.39785 7.05714 -2.00005
946 18.167 25.7128 0.992898
947 16.089 9.11004 1.07506
948 21.502 4.53318 -3.58315
949 7.31365 13.4952 -0.810188
950 38.8741 35.4837 1.36853
951 10.4447 10.5901 0.252131
952 15.1633 24.2442 2.32345
953 33.7692 23.7619 1.85557
954 8.0191 39.5945 -0.201573
955 0.704744 2.74489 2.27631
956 29.9881 15.2739 -3.53732
957 33.852 20.3313 2.18519
958 4.22033 38.0518 -2.25888
959 24.8248 3.69274 -2.20681
960 3.50817 38.8655 -0.077841
961 1.87935 24.9427 -1.74458
962 13.1948 28.446 -0.229619
963 13.5084 37.8731 2.33064
964 3.05711 7.52228 -1.4213
965 34.2043 26.1904 -0.794618
966 14.7047 19.0319 3.05654
967 14.3196 39.529 1.54105
968 33.1824 22.7197 1.36403
969 12.7509 5.00703 2.71623
970 22.7445 32.565 3.89868
971 29.7584 10.192 4.44473
972 12.5116 16.7029 3.78759
973 11.2365 27.4645 0.111745
974 25.7481 21.4326 -1.45089
975 10.1647 23.8911 1.62371
976 3.90606 12.2351 2.20562
977 10.2038 36.5586 4.77717
978 15.1967 33.5747 -2.16389
979 6.93979 0.757 1.78751
980 38.7649 15.106 -0.285377
981 1.96653 23.2257 0.580506
982 38.2057 7.68703 0.670895
983 31.5613 16.3094 1.10986
984 11.668 32.5751 -3.32726
985 2.39411 22.6265 -0.100235
986 20.6961 18.4756 -3.02381
987 11.9064 18.0037 2.52226
988 5.92305 25.5113 1.26847
989 24.6189 30.9179 1.09865
990 20.7663 12.8341 -3.11365
991 12.6574 24.5255 1.7297
992 2.32819 16.9363 -4.05462
993 14.2948 19.2428 2.65291
994 23.6623 23.7713 -3.96582
995 14.5634 13.9194 1.06214
996 32.4725 21.0682 0.753277
997 34.1323 19.0699 1.44729
998 38.926 37.742 -0.606163
999 33.756 16.9743 2.14073
