1000
Particles
0 36.4333 5.75561 -2.32482
1 34.9075 15.4441 -1.82986
2 22.2152 0.936646 2.28566
3 9.53401 37.1548 1.01107
4 14.4997 19.46 -0.8558
5 26.0969 0.16924 0.577423
6 34.3521 4.35651 1.08725
7 32.8351 15.3207 -3.29771
8 1.5731 33.1381 2.47823
9 31.9051 24.7224 -1.43217
10 29.4026 30.9977 0.275539
11 39.1601 37.6034 1.79277
12 37.987 26.0477 -1.86007
13 0.779804 3.96491 1.31823
14 30.675 17.3051 0.377533
15 26.7759 31.7036 1.37656
16 28.4908 39.5247 -3.08083
17 35.3671 11.3824 -1.22207
18 36.5232 14.1586 0.242509
19 17.1252 18.2554 -1.59116
20 11.4181 17.5146 4.71945
21 1.2856 0.419249 0.676179
22 36.8103 25.9264 2.9069
23 34.7763 15.014 -0.34798
24 26.9648 13.9074 -0.621982
25 39.8485 33.0881 -0.0548807
26 24.29 28.3049 1.079
27 14.5013 19.5765 1.29402
28 5.14526 1.63617 0.956107
29 33.0285 6.70658 -0.385968
30 9.36791 24.5442 -0.724096
31 9.65808 17.4259 -1.24367
32 15.9561 15.2205 3.13665
33 2.74853 36.4868 -0.760079
34 21.4363 15.5284 -3.75076
35 20.312 5.6981 0.873231
36 13.7428 2.87872 -1.00186
37 39.9795 25.5582 0.473021
38 19.3812 37.5112 0.0538477
39 33.1257 15.1062 -3.7558
40 33.1442 38.0851 1.73053
41 19.0866 11.4607 -0.539083
42 31.0359 17.3487 -0.717134
43 22.4165 31.9947 -3.18557
44 21.1302 16.4732 -3.49542
45 8.34125 25.6232 3.08223
46 2.76949 4.93284 0.491797
47 37.6177 6.61858 -1.46828
48 0.183039 29.6941 0.49383
49 8.86697 33.0954 -3.83952
50 34.7583 37.1929 0.365631
51 13.7573 7.49211 -2.21054
52 33.4464 0.278939 -3.51622
53 14.0799 12.391 1.68197
54 34.2068 27.0901 0.149232
55 38.0857 17.1804 -0.898036
56 34.0067 8.9813 -0.64543
57 39.15 35.6135 0.954744
58 1.99301 7.54526 -2.69043
59 2.11105 33.0059 1.94077
60 7.64483 24.2524 1.13096
61 18.4257 26.5549 -0.228426
62 33.7341 39.8275 -1.78861
63 7.59893 19.295 -3.46085
64 39.0963 23.5556 2.28984
65 14.9569 39.6092 3.65267
66 8.09646 17.4453 -2.0855
67 26.4561 16.5859 -3.41175
68 9.34912 0.93465 2.03154
69 18.3502 6.68718 -1.31179
70 3.98514 35.5421 0.7171
71 7.59063 8.06143 -3.17145
72 6.82584 17.4347 -0.632901
73 18.9363 20.6007 -0.607605
74 13.5678 35.952 -2.1181
75 3.37895 0.308536 0.0748653
76 19.3148 7.58282 0.872856
77 19.1623 21.3101 1.03944
78 36.9495 24.061 -3.33624
79 30.8446 39.198 -0.546464
80 31.9539 6.917 -0.33299
81 9.64069 21.0842 3.86249
82 12.0528 5.12219 -3.68708
83 16.569 21.4696 0.452363
84 25.8891 14.5216 -0.545961
85 1.31624 10.122 1.65593
86 21.4584 6.89234 1.30635
87 20.5184 0.786492 -1.08738
88 5.25743 1.30127 1.51004
89 10.33 28.321 -0.892598
90 36.493 33.2689 2.09673
91 21.4999 10.2827 -0.644185
92 18.4639 14.5721 3.27163
93 14.1976 11.0807 1.91155
94 6.99658 14.9257 3.8478
95 18.208 2.27215 -2.42387
96 14.5468 32.1664 4.02449
97 23.761 31.959 -0.436369
98 38.7616 30.126 1.33531
99 10.3326 29.7383 -3.24373
100 26.3428 6.83903 0.747447
101 15.5079 21.532 -0.174597
102 22.2058 33.0723 3.48167
103 14.8734 1.96959 -2.15809
104 32.1318 6.50677 0.520628
105 18.6997 28.9428 -2.46537
106 38.6563 10.3903 -0.500009
107 19.0441 22.1845 -3.17089
108 22.7692 13.8295 2.22823
109 35.5066 30.3993 -1.22423
110 6.95141 34.9693 -0.766331
111 10.4113 30.2979 -2.70083
112 33.7298 38.57 1.61133
113 33.672 15.8434 -4.02973
114 9.90057 27.0972 2.73255
115 33.0229 21.7725 1.37835
116 28.3416 25.9627 -0.538226
117 22.1376 32.9815 3.19391
118 19.3223 38.0007 1.5642
119 37.9637 20.5194 -0.675099
120 37.7697 32.6221 -2.16943
121 21.8399 15.481 -0.922378
122 33.0901 9.32546 -1.70359
123 4.02645 20.3825 -1.69718
124 13.8108 2.84822 0.356077
125 20.919 35.9139 -0.588259
126 20.9355 20.7802 -2.54409
127 2.38735 2.19936 -1.30342
128 31.6406 11.825 -3.34861
129 5.76001 8.03143 0.443419
130 34.0507 6.88686 -3.51539
131 33.7724 28.5378 0.649937
132 13.9152 36.59 -0.0597563
133 24.3307 34.3369 0.539701
134 12.2819 34.2705 -1.32807
135 20.3802 1.16122 -2.67852
136 29.341 4.78406 1.13359
137 33.8422 38.2242 2.05945
138 5.06551 17.8719 -2.13254
139 10.2575 3.40004 -1.79436
140 18.314 31.3663 -2.52724
141 34.3752 37.5111 0.0176749
142 21.6567 0.951369 1.08099
143 18.1433 26.5755 -0.0990043
144 3.71293 26.1569 0.300502
145 25.042 26.166 3.10355
146 35.9945 4.93322 2.34524
147 33.7565 37.8336 2.22229
148 39.3924 8.43994 -0.505655
149 14.3572 25.406 -2.02852
150 11.2603 13.9395 0.665095
151 0.788038 0.484787 2.7385
152 17.6614 15.5196 -1.763
153 27.7428 5.80999 0.838232
154 31.5388 29.7698 -3.85447
155 30.2987 37.2953 -4.03704
156 36.2942 25.2926 2.57168
157 24.5694 15.3995 3.37623
158 21.5429 33.3012 1.51841
159 15.5064 29.5681 -2.55598
160 6.64196 19.1882 -1.25981
161 6.43366 20.4175 -3.69657
162 26.7243 35.9852 -1.24401
163 10.2792 5.06891 1.95425
164 10.7313 38.8051 -0.464786
165 20.4655 2.20832 -1.83028
166 36.7462 2.31514 0.347758
167 10.0845 1.07985 -0.4529
168 37.4678 21.2947 1.81934
169 0.367733 31.9647 2.49929
170 0.253856 35.48 0.406183
171 13.763 36.3339 0.301999
172 37.8683 17.8707 -3.61486
173 15.4356 24.2323 -0.239963
174 6.51511 37.8038 3.23923
175 3.29648 17.3314 1.4316
176 24.6223 27.3504 -0.301463
177 18.0946 9.43848 -1.52468
178 20.6289 14.8021 -1.38645
179 25.0355 7.65654 2.4332
180 12.3885 13.7966 -1.1782
181 35.2051 27.3818 -3.15916
182 19.2207 11.4594 0.459453
183 3.98409 19.5472 -1.69421
184 24.5805 35.6312 2.05855
185 9.57438 8.88337 -3.55143
186 35.462 8.86117 -0.683897
187 4.70912 39.1406 0.440989
188 23.4344 15.9488 -3.32103
189 6.52318 23.1397 2.67126
190 24.9641 22.4016 0.575093
191 9.60386 34.92 2.8989
192 33.5893 9.6292 -1.81272
193 31.1369 19.9362 -1.14469
194 8.49475 34.575 -3.30904
195 23.5341 17.8676 -3.38403
196 29.3157 35.6421 2.5325
197 13.8689 1.04295 4.13189
198 34.9961 12.9835 0.0713707
199 14.2191 8.20242 -2.71713
200 2.3073 0.717848 -2.22447
201 30.6827 15.2341 -2.09443
202 21.6088 15.9816 -0.566443
203 23.6457 13.7376 -2.01427
204 33.5095 37.6927 -0.243036
205 3.7701 32.7916 -0.0283812
206 8.49928 2.97237 0.153966
207 0.791522 29.9076 0.153961
208 28.8305 28.001 3.92566
209 16.0752 30.7892 0.681236
210 5.63523 20.4311 3.76366
211 37.0814 24.7261 -4.07986
212 0.013631 31.4441 0.268769
213 3.29252 3.75768 -1.25398
214 36.5091 14.4039 -0.425964
215 35.2957 17.3366 -2.22291
216 31.5796 28.2072 -0.944203
217 9.39206 4.18507 3.29423
218 23.0026 19.1093 2.14961
219 19.2096 9.8346 -0.931024
220 17.8485 3.86309 0.717173
221 24.4824 11.9048 1.94731
222 34.2129 22.1423 0.0621257
223 16.5855 38.9351 3.21819
224 13.5339 32.1791 -0.300181
225 34.2201 10.6289 1.34023
226 7.27881 19.3435 -2.679
227 4.92871 38.1256 0.149475
228 23.2536 5.02326 -1.45948
229 37.1747 19.8414 -0.314218
230 27.8868 9.14655 -3.11225
231 17.5459 19.9189 1.70728
232 25.6391 14.2485 -1.33136
233 2.70632 8.61973 -2.97214
234 5.26149 36.5147 0.68511
235 4.54435 4.83993 -1.50254
236 8.38995 37.7833 2.35685
237 6.22858 27.3988 1.81835
238 17.3706 16.2683 -2.337
239 35.9354 15.1154 1.05906
240 20.8811 25.7738 -3.62225
241 14.9975 30.2832 -1.09481
242 3.16562 3.93071 0.734054
243 26.6547 0.594444 -2.3657
244 38.7629 15.45 1.12092
245 21.38 8.36599 1.11332
246 26.4357 12.7652 -0.838456
247 38.362 6.27418 -0.173116
248 5.72454 23.8786 1.01348
249 19.68 33.6312 -1.86685
250 7.86032 1.61404 2.41771
251 34.141 4.06439 -0.0414994
252 27.9612 12.2876 -0.0299467
253 22.2106 11.9816 1.95755
254 37.1528 26.78 -2.38372
255 34.8748 20.5045 -2.12828
256 37.3845 5.71703 -0.693665
257 29.5595 15.9848 -1.02637
258 30.1777 36.0459 0.573449
259 33.0049 13.7235 3.34376
260 6.13614 4.86447 -1.00258
261 35.882 20.281 0.3786
262 29.655 26.3674 -3.22365
263 8.75989 5.85554 -1.28587
264 3.87291 34.7452 -0.732319
265 0.925324 11.6546 -2.04012
266 1.31782 6.06291 -3.11079
267 11.2757 25.7555 0.227255
268 2.10265 26.3251 -1.34562
269 17 37.4295 -1.05993
270 2.74079 8.13143 -0.973429
271 27.3349 11.3233 1.91811
272 18.7595 10.9729 -0.148418
273 39.6148 37.6426 -0.582764
274 10.4454 4.67245 1.74566
275 2.9747 17.7731 1.7286
276 34.9868 27.3343 -3.442
277 11.0849 26.9656 2.4085
278 8.79684 1.3415 0.926294
279 3.79687 17.1596 1.49477
280 34.4319 23.2604 -1.23442
281 28.0244 16.5885 -1.73163
282 17.0933 19.2433 0.678016
283 22.8229 37.8683 2.79369
284 31.5117 27.5971 -0.41554
285 38.2097 35.8861 -0.449107
286 34.0655 5.74436 -2.98424
287 5.60838 14.7012 2.82448
288 7.64766 36.4521 -3.08449
289 13.2988 32.8081 -3.09874
290 34.398 23.3703 -3.95178
291 17.9016 20.3714 0.406908
292 38.091 26.2066 -2.29361
293 7.0581 3.92282 -0.13053
294 22.851 31.8894 -0.849742
295 13.0009 13.2579 -1.45086
296 36.6818 25.6858 1.22799
297 3.87796 24.2438 -2.00619
298 25.2603 23.2041 -0.819972
299 18.3377 36.6322 1.22217
300 28.1616 5.13561 0.0637108
301 34.4873 20.9623 -4.25294
302 12.856 35.2368 0.197029
303 4.25502 37.8749 -0.146038
304 16.6373 27.6164 3.22122
305 3.8887 20.8063 -1.45869
306 27.1872 11.2264 1.51956
307 9.68346 20.4558 1.68802
308 4.44655 17.6407 0.0533428
309 10.3508 0.506397 1.1332
310 18.7901 19.3108 2.87021
311 27.0823 5.32208 0.0189409
312 36.5227 2.07009 0.614208
313 33.8374 38.5963 2.18466
314 21.3757 0.957897 3.34346
315 0.651505 30.5409 2.44633
316 31.5112 39.903 -0.319401
317 32.6266 36.5327 2.54951
318 26.9005 26.0774 0.515091
319 5.6838 36.1062 1.00604
320 1.46076 19.9185 1.07627
321 31.9969 6.60102 1.76764
322 7.66662 35.3402 -1.11521
323 19.1324 37.5026 0.915826
324 32.0721 15.7884 -1.23377
325 5.49069 23.2508 -2.12319
326 34.1141 37.9102 0.0910966
327 10.4107 0.519316 -0.0282399
328 14.6509 29.665 -3.0002
329 39.0723 16.3535 2.5508
330 4.36168 4.00979 0.845248
331 16.2667 31.5994 -0.592565
332 31.6567 9.79141 1.63433
333 26.1423 15.4541 1.42853
334 10.0317 17.2209 -0.605171
335 8.67924 39.016 -1.1431
336 20.626 1.24173 -2.59927
337 5.14162 11.0021 -1.26006
338 10.9529 27.7768 2.23045
339 35.1514 38.0015 1.19329
340 10.9199 21.1119 0.493905
341 35.1147 35.9646 -0.12621
342 12.3458 9.69482 -1.04106
343 9.7226 17.0071 -2.78055
344 10.7259 37.3566 -0.66748
345 34.0388 26.2806 0.79329
346 14.2908 9.89511 -0.0626558
347 4.12583 28.9687 2.75408
348 13.2325 17.8595 -2.35315
349 18.8635 17.9311 0.332365
350 11.8648 12.6328 3.04699
351 10.4209 21.0353 3.19997
352 28.4024 23.1316 -0.781712
353 22.8584 1.08181 2.17542
354 39.0884 39.0011 0.0230506
355 21.6378 24.9889 3.18415
356 33.6056 32.6921 0.172101
357 11.6004 33.1837 1.83516
358 14.4937 21.265 0.833244
359 38.3117 30.3563 0.496256
360 29.7297 26.4749 -0.140018
361 32.5661 31.6761 1.28538
362 36.2233 27.6255 -0.685034
363 32.1837 3.93431 0.0300759
364 4.70739 1.95407 -0.116992
365 2.61384 3.72899 1.61315
366 11.7051 2.49631 1.26604
367 19.9175 32.7021 2.16349
368 22.6633 2.47041 -3.65581
369 16.0894 29.093 -1.88285
370 22.1056 25.9757 3.13829
371 23.8757 24.175 2.15234
372 28.0328 32.6372 -2.35635
373 7.95227 11.8614 0.359476
374 15.0886 19.372 0.98597
375 14.0764 8.19179 -3.1895
376 1.64806 31.2765 -1.16393
377 3.11033 13.5776 -0.146304
378 13.0642 3.13254 -2.42208
379 27.8035 4.07846 -1.74238
380 3.68084 24.0958 0.850641
381 10.1708 30.5504 -3.23058
382 35.343 20.2373 -2.59178
383 14.0289 33.1929 -4.03009
384 16.3532 0.327556 1.16486
385 25.4707 15.9497 2.7703
386 19.9574 9.65631 -0.884231
387 12.9776 3.24703 -2.82655
388 27.6433 23.4049 1.23659
389 10.6599 37.6322 0.203452
390 26.5647 25.1859 2.08248
391 16.3957 17.1864 -2.77937
392 20.4764 22.7578 -4.63657
393 24.8659 16.1952 2.47791
394 38.2762 39.1433 -0.343227
395 32.5804 11.7029 -3.53089
396 3.14524 3.63481 -0.105017
397 4.25808 37.097 1.36051
398 1.45175 25.2476 1.59875
399 39.1207 14.9234 1.13407
400 2.97072 1.69188 -0.159861
401 24.2325 39.2656 0.101179
402 36.4497 9.45055 -1.937
403 0.308583 21.5963 -0.400477
404 36.2527 27.4081 -2.85247
405 1.65109 25.1807 -0.421352
406 27.6606 0.315303 4.15922
407 33.5566 39.8384 -0.774856
408 6.61197 15.4014 1.36878
409 10.9662 9.19089 0.854421
410 27.9979 18.3873 -2.90796
411 18.7331 27.9977 4.40459
412 1.2751 10.2517 2.31409
413 16.6081 12.2846 0.950238
414 5.25437 18.9915 -3.99721
415 16.8069 29.8329 -0.864403
416 26.8136 39.273 -1.26069
417 8.28893 39.2263 -1.36998
418 31.1407 25.5427 -3.09188
419 26.3468 17.7115 -2.71106
420 18.067 33.7591 -2.47485
421 2.16807 17.502 -1.43786
422 15.9072 9.62607 -1.48164
423 23.9203 11.3298 -0.142264
424 21.7468 24.5894 3.5174
425 20.2601 2.09395 -3.62712
426 5.00708 19.6039 -4.3006
427 17.8755 18.0559 0.867791
428 34.7148 6.51425 -2.72181
429 1.9459 8.50366 -3.76913
430 24.9259 15.9957 1.7913
431 4.86738 10.4354 0.618028
432 14.1894 35.6496 -0.910812
433 31.3994 19.7775 -0.853101
434 4.72736 29.3626 1.69842
435 24.218 39.877 1.25967
436 5.58962 22.1691 -1.47008
437 11.2119 33.334 2.16661
438 14.1806 21.8573 2.26294
439 36.5229 22.0375 0.841003
440 24.1278 1.69586 -1.87821
441 3.08552 39.7862 1.04999
442 11.0745 30.0556 -0.931959
443 20.8563 15.0671 -2.6062
444 9.80626 7.0224 -3.36436
445 4.40066 23.4312 -4.48425
446 20.0463 10.9982 0.918442
447 4.94417 7.64152 0.515205
448 32.9724 31.5967 -0.224991
449 10.9428 18.8604 -2.38102
450 15.4416 13.8944 0.120403
451 4.45547 6.19207 -1.63183
452 19.3956 18.1175 3.92398
453 3.69706 37.2426 -0.153221
454 2.09137 5.08235 1.3421
455 31.1939 4.0689 0.980397
456 18.593 7.16362 -0.308028
457 21.9535 21.1461 -2.07867
458 30.7848 15.8849 -3.66885
459 10.4854 10.4072 1.03078
460 16.1809 38.3071 1.15338
461 6.44904 32.4057 -3.46719
462 27.2981 12.2364 -0.989912
463 2.80044 33.6889 -1.14339
464 28.3386 16.4182 -0.190459
465 30.9205 14.2604 -0.670152
466 37.1833 26.2612 -3.83097
467 39.5663 36.0999 -1.55125
468 25.0455 35.0815 0.406253
469 13.8222 24.8404 -1.06336
470 13.7403 19.9818 1.74922
471 0.921208 13.5576 -0.99714
472 11.3055 16.1781 0.011315
473 19.2469 11.0891 0.768381
474 8.18234 32.3567 -1.64286
475 33.1548 7.34284 -2.28776
476 19.8067 29.9409 3.1139
477 10.0402 33.5413 2.0948
478 29.2275 13.5066 0.792558
479 3.25236 28.6351 -3.62074
480 30.4673 15.0738 -0.74668
481 19.5136 35.2795 0.044851
482 2.55427 34.5853 -2.38033
483 4.56531 30.1059 1.57131
484 13.3012 27.35 3.8219
485 4.31783 38.2572 -0.376263
486 17.93 25.987 1.40764
487 33.8489 24.7889 0.615516
488 39.6119 8.02899 -2.87226
489 23.5321 4.11776 -2.24882
490 11.7709 12.7982 -1.10872
491 19.2826 11.2619 -1.94317
492 23.8247 4.28363 -2.5266
493 0.18453 25.0929 -1.63156
494 6.93745 16.8019 -0.511172
495 30.2882 11.1936 4.40232
496 37.362 21.3807 -0.910641
497 4.29804 32.5022 -0.940433
498 24.4604 9.4278 -2.00104
499 6.22103 14.6426 1.74576
500 6.55889 14.6072 4.2098
501 29.9064 15.5421 -3.72428
502 5.60957 1.23535 1.83978
503 11.8397 17.5323 2.36776
504 37.0617 29.2371 0.781843
505 2.53468 7.95241 -3.33552
506 30.0258 24.3461 -1.85401
507 25.7292 9.76291 -0.605683
508 38.6479 36.9166 0.450855
509 34.334 38.9614 2.22677
510 34.3408 38.5592 2.90788
511 26.5637 0.25325 -1.75625
512 0.195184 34.1862 -1.61638
513 19.3973 30.5246 1.52069
514 13.713 27.2824 1.44291
515 23.3261 14.3916 -2.18216
516 29.6834 39.8115 3.82898
517 10.981 1.25138 -0.371819
518 24.1689 14.5759 -1.21561
519 20.8383 9.27111 -1.8695
520 32.1484 1.39187 1.45232
521 32.294 36.2348 2.21198
522 16.3906 22.4988 0.714381
523 8.54382 17.3817 -2.94361
524 37.0962 25.8357 0.21322
525 8.60786 17.1665 -3.98907
526 5.21894 19.3756 -3.60344
527 16.8664 11.0142 1.58127
528 20.6775 7.03679 -1.01973
529 33.2555 38.7896 -0.124479
530 5.64558 6.02728 -0.833312
531 30.4414 10.743 2.54462
532 16.4877 38.0888 1.29086
533 21.3607 24.4318 0.0543046
534 19.4031 21.3804 -0.351061
535 9.88515 5.06595 1.99906
536 32.4654 12.4242 -4.62809
537 35.0566 16.8125 -0.584097
538 35.6414 37.69 -0.393408
539 3.62706 2.24054 3.12554
540 36.6857 20.2154 -1.37046
541 24.5753 19.6972 3.26
542 38.1119 29.7915 -0.954866
543 9.0115 17.0488 -2.57304
544 3.84983 34.1581 -0.230384
545 17.4828 25.7562 1.32421
546 39.0272 36.8507 1.87439
547 3.35974 16.5588 -0.599717
548 36.2638 1.7747 -1.58074
549 5.70011 24.9555 -2.89732
550 5.36167 30.4616 -2.12331
551 20.5093 21.1077 -1.26975
552 37.6317 13.0808 0.460052
553 17.7148 28.6179 -2.60558
554 15.7138 14.5836 3.05568
555 27.0874 13.9639 0.69607
556 30.3753 21.1135 -0.588005
557 5.1702 29.4404 2.72781
558 27.7542 2.03927 -3.06129
559 23.2752 31.8083 -0.949745
560 28.1094 14.8164 1.39998
561 12.3741 29.0733 0.97259
562 4.78507 27.0383 0.883046
563 39.1512 20.6561 -0.178454
564 16.9547 18.545 -1.96164
565 35.416 17.4769 -1.12132
566 17.0673 38.797 0.72524
567 23.7664 14.1956 0.433657
568 38.5058 8.32028 -1.4817
569 5.63251 19.773 -2.60553
570 5.46863 20.0445 -3.32911
571 23.9159 13.7143 -0.983351
572 0.79921 34.4666 -0.257003
573 15.733 38.4704 3.06381
574 6.32722 19.834 -4.04511
575 24.8932 17.9251 -0.092221
576 3.97841 1.82849 1.68297
577 22.7299 33.2353 2.94944
578 2.82801 37.1086 -2.60733
579 6.92909 5.35003 3.67411
580 11.6745 1.30594 0.8039
581 3.35427 31.7507 -0.900587
582 18.6875 25.7602 -4.00683
583 22.7298 35.664 -1.78621
584 35.8703 13.5756 -1.66194
585 3.094 13.724 0.195904
586 25.6304 19.7327 -2.28125
587 32.7215 33.4461 -2.3219
588 19.2723 36.5983 2.49273
589 19.4012 26.6117 -2.61893
590 7.52795 6.59616 3.88838
591 7.35761 29.0737 2.21404
592 30.2207 31.0701 -0.478917
593 17.6463 29.9016 -3.03417
594 10.9461 2.20554 0.482441
595 17.58 25.0125 2.28357
596 34.606 38.3665 1.2892
597 25.175 11.6989 -3.113
598 33.3962 10.401 -1.05464
599 19.4283 38.7756 0.993629
600 3.30843 0.633697 2.59395
601 22.3718 33.6713 2.31123
602 1.47364 18.4563 -1.39242
603 23.7723 17.4515 -1.59509
604 38.0883 20.1648 -1.2612
605 5.77351 37.5124 -1.94538
606 1.96974 29.0113 3.10411
607 6.92804 11.951 -0.953515
608 2.19336 34.5626 -3.77609
609 24.2543 35.4631 0.420947
610 36.3496 28.8342 -1.5735
611 36.7798 21.4365 2.25133
612 22.1078 7.8824 3.25139
613 26.0252 12.263 -2.24349
614 5.66554 11.0515 -1.28277
615 27.1497 10.5196 1.41225
616 27.7559 16.4332 -0.694147
617 23.4311 31.1585 -1.59041
618 27.6705 39.9533 -4.33183
619 22.757 35.9916 -1.30745
620 33.774 34.8385 -3.81396
621 35.2937 17.0055 -1.26443
622 9.66707 33.1447 2.29015
623 23.1291 8.34655 1.28934
624 37.7191 38.2174 2.3632
625 22.9286 8.3353 2.17147
626 7.52128 34.4863 -0.0857018
627 7.66187 32.7971 -3.14226
628 25.3494 8.92616 -1.52826
629 26.8329 3.89396 0.377376
630 29.4529 28.4296 0.654595
631 30.6424 37.7255 -1.06099
632 31.7766 32.1185 -2.12322
633 31.2073 24.778 -0.933588
634 1.55741 34.0489 -0.28474
635 26.6741 27.6215 -1.55207
636 25.2371 8.66119 1.01754
637 38.3136 22.2134 2.17102
638 38.4113 24.4651 1.99325
639 26.3662 13.4613 1.73467
640 8.8218 11.9963 -3.22425
641 21.2634 36.6258 1.15757
642 11.9475 37.0915 3.87176
643 19.8403 29.8378 4.0277
644 17.3799 0.720004 2.64316
645 6.76321 7.25658 2.94502
646 13.1689 9.94078 -1.06343
647 12.3232 17.1316 0.677309
648 24.4732 0.647903 1.5153
649 19.3949 34.495 -0.467294
650 30.5157 9.5993 0.880962
651 31.9779 20.8686 1.6613
652 39.6265 39.6379 1.97607
653 10.4028 39.2519 0.870129
654 23.7293 11.7425 -0.391385
655 33.736 35.6605 3.65467
656 15.4693 12.6599 -1.90348
657 28.8404 8.043 1.23599
658 3.36734 27.0005 0.524489
659 24.335 0.466217 -0.855444
660 26.4399 14.997 3.27002
661 35.0818 19.9054 -1.4378
662 25.2332 34.7712 1.08817
663 14.2589 10.0812 1.61675
664 28.7867 16.1177 -1.65346
665 34.749 38.7001 2.10939
666 36.9498 6.51687 -0.715656
667 3.49554 33.4975 -3.20592
668 39.125 37.2424 2.23401
669 12.8652 27.3056 1.42222
670 36.7701 28.0099 2.65011
671 16.4359 38.2617 1.02466
672 9.31176 21.6426 0.906576
673 37.2734 6.1609 -0.665542
674 15.117 20.2882 -0.424251
675 27.8376 18.787 -3.83777
676 32.2457 39.1246 -1.34023
677 35.4202 8.02275 2.36573
678 26.6365 39.7758 -0.32555
679 22.2069 15.2387 -0.717608
680 9.60627 21.1263 2.31348
681 14.9367 37.9187 -1.0819
682 30.5844 0.674405 1.46831
683 29.7856 14.1563 -1.50264
684 2.58596 30.1663 -2.17924
685 20.1532 24.7354 -0.866616
686 2.98875 0.683429 -0.669179
687 24.7955 10.1927 -1.95952
688 0.443571 2.93246 1.14232
689 14.0368 36.2103 -2.70999
690 14.871 24.8764 -2.11888
691 10.5719 33.0864 3.19208
692 26.5319 15.3744 3.3956
693 37.8692 21.1271 -1.46418
694 28.4715 29.958 0.864331
695 12.8559 35.0031 -0.0597712
696 34.1626 25.1366 0.661314
697 21.1582 9.14585 -0.930875
698 36.1727 11.2878 -1.57201
699 23.6558 24.0875 2.37962
700 3.94736 39.0216 0.919181
701 30.4864 9.36103 -0.913842
702 5.60465 1.25069 2.17956
703 26.3204 17.4198 -1.79898
704 30.0132 24.7674 -1.48457
705 4.00606 1.71874 -0.0733912
706 39.2614 38.0279 1.89502
707 18.7393 9.67903 -2.38372
708 25.1054 18.4354 -2.39776
709 21.7396 0.343689 1.29576
710 18.0671 29.1333 -1.06092
711 34.5684 36.2222 1.00922
712 27.423 11.2983 -0.0239049
713 4.75161 8.13888 1.80586
714 18.591 24.3718 -0.71506
715 36.6536 1.46478 -2.08029
716 24.8643 39.2363 0.196577
717 15.3789 24.7247 0.389075
718 11.1621 29.2989 -2.18275
719 11.587 34.3699 2.12357
720 20.3306 30.287 3.39074
721 32.0338 38.5235 -0.89138
722 4.60098 2.31277 0.220903
723 14.6185 0.788555 1.52429
724 7.62563 7.30309 2.55357
725 28.3767 9.25329 -3.38726
726 10.3104 29.6475 -1.10669
727 2.00013 30.7184 -0.0730285
728 39.7888 8.582 0.493306
729 20.1998 2.31907 -0.762225
730 25.7349 17.8524 -0.698344
731 27.3576 18.4009 -1.5852
732 17.4977 32.7388 -0.312537
733 36.8382 32.4458 -3.25133
734 27.0488 15.599 -1.88485
735 15.5869 20.1376 -0.409931
736 20.8541 23.7967 3.09606
737 39.4133 31.2782 2.20371
738 13.8215 3.91913 -1.85302
739 11.0578 30.9375 -1.25026
740 29.27 21.6448 -2.34488
741 3.11613 32.7855 -0.224311
742 20.6109 14.5481 -0.322454
743 19.1721 22.7345 -1.20899
744 30.2369 31.5467 -0.354152
745 13.8843 24.7662 -2.0575
746 17.9804 20.0307 0.294007
747 16.5585 25.5155 0.631454
748 16.4118 31.1958 -0.31302
749 4.04041 3.3774 0.208879
750 8.55506 35.6446 2.72844
751 10.1339 34.5257 3.15594
752 39.8062 16.6291 1.27218
753 4.78226 26.1199 2.23965
754 34.7181 13.1379 -0.744315
755 24.18 8.6657 2.4652
756 29.2447 7.901 2.53491
757 20.3657 19.5304 0.790416
758 34.3639 32.4681 -4.42442
759 9.34289 29.7727 -2.55276
760 31.1653 34.2352 -2.51385
761 18.7981 10.9192 1.05902
762 19.5802 28.9159 1.35857
763 19.0553 7.94443 -2.20966
764 24.3799 8.11458 2.32284
765 24.1119 19.8599 1.51233
766 11.5793 18.0814 4.19628
767 34.9324 15.3224 -1.62553
768 7.01789 7.79822 -2.42189
769 22.958 31.4658 -1.74073
770 8.37334 23.6555 0.403967
771 1.54942 19.2426 0.868831
772 16.0551 30.9109 0.369546
773 30.8625 31.7722 -0.917808
774 2.78708 1.46352 -1.31451
775 21.8804 16.0233 -1.45552
776 6.58041 19.7694 -3.74438
777 38.1063 17.0882 -3.70976
778 25.369 23.3913 -1.33843
779 29.3971 36.6974 2.14923
780 39.3595 4.81113 -1.54593
781 32.1984 36.5925 1.15607
782 11.0349 2.92033 2.26646
783 19.7976 10.6989 -0.950924
784 29.9107 38.9991 2.29154
785 22.7804 25.1583 -4.35435
786 6.08276 25.2191 -2.10248
787 29.8449 6.90181 0.629047
788 39.7953 29.5096 1.8923
789 37.5505 14.7034 1.34179
790 6.0252 33.2911 2.06335
791 24.164 17.1751 -0.914475
792 3.47897 30.8568 -0.616744
793 15.5927 38.7631 3.79806
794 19.3352 19.684 1.92856
795 8.43602 15.6158 1.62989
796 16.3216 22.6886 -2.75347
797 5.66654 34.9655 1.97622
798 25.5676 8.23006 2.3359
799 19.2925 34.4332 -0.582219
800 33.3921 9.30848 -0.37251
801 25.9401 11.0159 3.20673
802 34.5792 12.4152 -3.36111
803 9.20434 35.5438 2.34673
804 39.249 14.3536 2.10443
805 34.2483 23.0652 -2.82149
806 8.65699 18.2959 -2.99189
807 32.6516 1.65504 2.27186
808 27.9452 26.379 -2.73052
809 13.205 13.7204 -2.5665
810 15.5228 38.3723 2.13011
811 7.20669 26.288 -3.07194
812 11.0819 37.4134 0.605592
813 35.6007 3.41488 -1.55981
814 29.061 31.7745 2.17793
815 27.0912 17.7492 -2.82639
816 8.71061 29.2134 -1.43509
817 10.55 33.8384 0.513685
818 12.0204 9.70712 -1.29106
819 28.4792 39.3074 -2.61731
820 38.8173 37.457 2.08022
821 14.305 10.1376 2.73817
822 7.48652 8.34572 -1.54038
823 0.867202 2.53233 -1.47512
824 35.398 11.3627 -0.878174
825 33.9567 26.2852 -0.0720241
826 7.59048 12.3854 0.396479
827 33.9415 13.3701 -1.49925
828 24.0568 7.99667 4.33597
829 13.3531 38.3548 -0.541918
830 14.3043 25.627 -1.8542
831 12.1112 36.223 2.77501
832 36.1402 26.0123 2.68345
833 14.5212 24.9294 -2.23036
834 19.2899 1.7979 -2.81626
835 3.01877 33.9072 -2.16909
836 14.5299 38.9819 3.32745
837 37.6778 29.8777 2.04155
838 30.7057 6.97964 1.65924
839 35.6522 23.8997 1.59984
840 22.6621 20.3629 -0.481312
841 29.2115 39.7008 -3.86145
842 22.1617 34.1093 1.66367
843 15.317 2.50065 -1.26818
844 9.9602 14.6261 2.09378
845 2.85895 29.1726 -4.00432
846 14.8032 35.7912 -0.795056
847 3.95652 23.6983 3.02219
848 25.8049 11.1362 1.48768
849 7.80569 18.9561 -0.60055
850 0.027398 39.3104 3.04768
851 34.5429 37.669 0.312565
852 28.3595 28.3901 2.60612
853 35.2202 27.4176 -0.246411
854 0.703114 35.0547 -0.337885
855 14.846 39.8012 4.45471
856 19.6922 30.9531 2.53895
857 8.11287 18.1361 -3.69851
858 38.571 25.8882 -2.02287
859 16.1265 39.8444 2.01988
860 25.0235 22.5426 -2.54631
861 0.830128 19.8317 0.535061
862 0.619207 36.1202 -0.478662
863 15.3895 21.0171 -0.0328916
864 25.3215 13.4396 -2.02471
865 25.7377 24.1564 -1.10267
866 29.4807 39.5156 -2.2168
867 10.9717 39.4532 -0.513317
868 35.2521 22.6147 -3.73109
869 32.5463 14.8601 -2.23292
870 6.06046 38.8636 -4.15725
871 19.7096 20.9601 0.392384
872 34.554 20.6204 -2.1365
873 16.7222 15.6134 -2.64913
874 36.2603 5.66403 -2.21107
875 5.45476 8.04491 2.17697
876 39.609 5.42731 0.0892053
877 36.6646 37.5693 -3.16982
878 2.59518 0.775361 0.859526
879 4.54908 34.3099 2.73232
880 0.235216 23.2101 -0.192136
881 12.2406 20.3778 3.69089
882 20.5093 3.69897 -1.1069
883 2.66808 22.2231 0.210133
884 13.8146 16.5584 -1.36795
885 7.99249 12.5412 -2.80139
886 14.3882 29.88 -1.9525
887 38.0672 17.1516 -1.91808
888 34.7125 36.7544 2.26817
889 5.4514 14.3924 -1.98809
890 23.1232 15.6636 -1.21468
891 25.151 16.0993 1.26639
892 31.7486 6.90464 2.44024
893 31.9752 25.9238 -3.07341
894 35.1762 37.7051 -0.290403
895 35.3764 17.9188 -4.02703
896 14.557 1.6285 -4.68763
897 5.31752 5.91133 -0.401151
898 20.8322 15.2039 0.323144
899 9.72158 29.4385 -3.37366
900 15.7646 10.3948 4.30072
901 1.58846 37.2562 1.14393
902 0.57632 31.1763 2.59361
903 3.54641 30.871 -1.22484
904 17.7348 1.94249 0.364213
905 18.5504 29.0325 -2.75195
906 25.4864 23.5311 -0.604282
907 28.1247 24.1959 0.462837
908 32.5509 37.2418 1.84579
909 22.5145 7.96224 3.15799
910 30.6185 13.327 -1.40253
911 28.9602 23.3837 2.505
912 20.8184 23.3906 0.954539
913 4.29301 24.0239 -0.467327
914 8.32872 24.339 1.85466
915 32.1858 36.1844 2.08849
916 24.0588 19.9926 4.25032
917 3.31082 31.5808 -1.25131
918 0.698856 37.0935 2.2723
919 28.2218 14.086 3.33438
920 4.29849 21.1497 -2.48433
921 36.1611 19.9526 -2.06982
922 21.3041 15.04 0.109911
923 7.29987 26.754 -3.30889
924 25.9676 37.3057 -0.054262
925 18.7488 4.37188 3.35504
926 22.7385 39.8215 3.02433
927 5.5872 32.1386 3.91671
928 35.4161 39.2879 0.174396
929 0.0971024 34.1401 -2.13236
930 15.8231 9.12488 -2.58829
931 22.9419 16.2447 -2.09784
932 12.4526 28.4441 -0.174766
933 13.8532 7.85329 -3.06813
934 27.9097 28.2972 1.08981
935 1.21921 2.4917 2.31771
936 4.84024 23.4581 -3.10067
937 7.98972 39.3105 0.338463
938 19.8977 24.0068 -0.739753
939 24.0176 8.87065 -2.55671
940 14.5974 22.9102 2.93717
941 23.7889 20.5029 1.05544
942 2.30578 13.0935 2.74032
943 9.53674 3.05982 -0.436951
944 38.0881 23.3417 -0.571116
945 6.43311 0.365679 -1.71957
946 19.2473 20.4043 -0.459953
947 25.3953 5.96442 0.653089
948 8.71337 32.9515 -0.596732
949 9.2323 7.78231 -2.61747
950 33.4404 25.9694 1.44889
951 21.4362 8.60356 -0.8969
952 17.1388 13.6545 -1.82724
953 38.4947 8.00411 -0.447531
954 0.38085 36.0996 -0.325251
955 39.8217 12.8514 2.46083
956 34.5959 5.73962 -2.75348
957 31.7278 11.8738 0.0120492
958 3.21931 31.2352 0.0687699
959 24.4658 28.6324 -0.163099
960 11.1186 3.85573 -2.62067
961 0.880696 33.4621 0.942301
962 13.4288 35.6879 -2.05164
963 12.9928 26.0749 -1.22874
964 7.94675 12.2556 -3.24121
965 37.7086 30.4966 2.44749
966 15.4728 21.0246 0.976163
967 27.1998 35.1569 0.0144757
968 34.685 29.0029 1.49916
969 10.7005 38.582 1.57586
970 28.0481 0.920452 3.27957
971 39.3325 9.06808 -0.833776
972 5.77758 22.8597 -4.32529
973 11.1717 18.555 -3.79201
974 27.3324 17.1956 -0.674832
975 10.9697 29.3095 -0.912973
976 6.4111 3.03091 0.839291
977 8.8413 2.25412 0.821401
978 17.3928 24.4955 -2.05237
979 4.67099 33.9003 4.17535
980 39.3287 15.863 2.11096
981 1.69124 3.9874 -0.642469
982 3.14421 3.37727 -1.27193
983 23.9935 15.9154 4.07059
984 7.1635 32.7484 -3.19704
985 4.77196 22.7191 -3.01839
986 27.4924 18.4811 -3.90049
987 12.7285 3.5689 -0.0212875
988 39.8513 37.859 1.771
989 17.3493 25.639 -0.961831
990 27.6731 22.3724 -1.53671
991 15.4109 24.227 0.804279
992 39.0449 13.8518 1.96563
993 9.02109 19.8856 0.776791
994 29.8722 23.825 1.55423
995 9.22902 21.3378 2.93212
996 34.531 16.6502 -1.3303
997 38.2947 8.89576 -1.95417
998 35.9569 0.488875 1.16427
999 29.9687 30.8224 0.565557
