1000
Particles
0 38.9717 34.2707 -0.771682
1 37.7279 19.5875 -1.49581
2 20.2104 6.00366 -3.91536
3 9.38368 35.6027 0.943567
4 16.5566 20.8792 -4.20407
5 22.9466 10.4725 -2.14649
6 30.6203 2.7523 0.200436
7 34.5217 17.7062 -0.429732
8 7.01615 27.8519 -2.97352
9 27.2927 18.1428 2.19597
10 27.6446 32.3927 -0.174486
11 38.7523 33.4243 -0.385462
12 32.8683 32.1158 -2.62322
13 1.63521 7.07167 0.609544
14 27.3041 22.4057 0.81964
15 20.8556 28.7222 4.1583
16 23.4562 33.229 -0.768592
17 32.545 13.4152 0.712218
18 33.8029 10.9471 0.144713
19 17.8218 26.927 3.49412
20 7.44423 10.9296 0.56295
21 0.228508 5.26846 1.93472
22 1.5908 15.1249 -3.69025
23 29.993 19.8513 -3.8267
24 38.3336 7.5199 -1.57394
25 2.11308 34.8264 3.77973
26 18.9745 30.8014 4.16423
27 16.7499 17.7254 -1.43631
28 2.67087 32.2399 1.43198
29 32.4393 5.49625 1.33811
30 19.8423 22.2914 -2.99464
31 14.9804 14.6181 -0.716936
32 21.0666 8.89138 0.950111
33 9.6671 1.35441 -0.570084
34 25.6018 12.1378 3.41196
35 22.6007 2.71316 2.34552
36 19.1151 1.33914 2.35196
37 37.7737 26.026 -0.396719
38 34.4989 38.1499 -2.52322
39 29.8317 17.7409 1.99863
40 36.2713 35.8226 -0.755273
41 14.1327 11.1873 0.768554
42 38.6831 15.7338 2.71165
43 28.3368 32.9071 1.15441
44 20.3639 28.8356 1.38589
45 4.88321 31.1087 -1.66441
46 39.0132 6.34817 -0.477235
47 35.6529 7.49766 3.40279
48 5.34526 32.667 -0.142593
49 9.07107 31.8484 1.47653
50 36.322 3.08035 1.20017
51 18.2875 38.518 -2.03131
52 31.0467 13.3073 -1.28146
53 15.0892 3.75707 -2.29368
54 30.5704 26.5678 2.38583
55 0.423071 16.1692 3.17124
56 23.8451 5.43732 -2.84074
57 3.69409 33.8884 2.56555
58 37.7826 26.3471 2.41878
59 7.80511 33.2609 2.85498
60 8.36782 28.1987 -3.23051
61 15.7758 28.6569 -0.836725
62 33.9333 1.14239 -1.83767
63 9.73927 15.3112 1.28442
64 39.1092 28.2724 -0.25424
65 13.5262 38.4637 -2.9044
66 10.0432 16.4308 -1.52311
67 26.6357 19.8426 0.41068
68 11.0672 3.1034 -1.76337
69 11.529 3.87468 -1.86632
70 5.13679 38.1095 0.691316
71 23.8087 9.68195 0.291051
72 3.42591 12.7044 -0.598867
73 22.6177 27.7773 4.2609
74 6.72367 6.79823 0.401018
75 4.00067 30.8429 3.51694
76 18.3495 4.33904 -4.25222
77 8.00831 26.0675 -3.95024
78 5.21377 33.3052 -1.15955
79 37.2272 4.12454 -0.52615
80 35.5607 7.02803 1.69672
81 0.0152306 28.8259 -1.06012
82 11.3788 7.6194 2.35621
83 14.8473 29.4345 2.93027
84 17.8512 16.2644 0.343245
85 38.0772 20.8099 0.256781
86 19.7872 4.86708 2.46483
87 23.4445 36.3686 -0.0835462
88 1.69036 38.6383 0.885053
89 5.37916 0.789937 -2.81913
90 39.1488 37.6892 -0.239452
91 22.8204 15.1009 0.133673
92 11.9437 18.9946 1.65801
93 19.269 2.14864 -2.74146
94 15.289 24.6508 0.96604
95 21.4686 2.47923 1.73075
96 10.4088 30.5442 1.36598
97 25.4921 35.1588 -0.629007
98 38.1978 20.1256 -1.78378
99 11.8134 3.69887 0.0346423
100 27.2265 18.4144 0.313048
101 23.2278 24.4261 4.51035
102 21.6668 31.2634 -1.04231
103 9.9925 4.66405 3.841
104 21.262 5.69518 -1.56718
105 21.1054 31.5609 -0.401344
106 29.8173 16.9518 -0.86905
107 20.1794 22.1396 3.96146
108 26.4055 11.0077 0.274045
109 0.274628 35.0358 0.748388
110 14.3162 2.95146 -2.70288
111 38.0034 33.027 -3.33812
112 30.5115 37.8383 1.58791
113 37.355 25.6027 2.36038
114 37.7153 25.3678 2.87662
115 33.0351 23.9149 -1.75666
116 23.4329 31.1873 4.26313
117 26.9409 34.614 1.78736
118 23.6847 2.35684 -3.61897
119 34.19 16.3649 -1.52304
120 25.0757 28.406 2.86051
121 25.853 13.693 -0.447061
122 37.5752 19.6816 0.115739
123 5.60811 31.6203 -0.873319
124 12.0347 39.6786 0.102424
125 27.5512 39.6105 -2.09485
126 24.4309 25.6934 4.37629
127 36.9338 7.61122 1.54831
128 33.9426 11.0833 2.64799
129 0.139394 15.6811 1.37819
130 34.9356 6.73642 -3.90669
131 34.774 26.0528 4.1751
132 21.4169 38.5452 -1.73545
133 37.4009 34.1047 1.15395
134 3.05849 31.384 1.60134
135 10.5899 6.23329 0.459361
136 27.2853 7.24285 -2.97059
137 28.0388 32.1311 -0.343441
138 8.45948 20.0677 1.36423
139 12.886 2.67955 3.14965
140 24.0613 32.6195 -0.366795
141 33.5456 28.9191 -4.49571
142 27.0453 6.98341 -2.48167
143 18.7935 27.8583 -0.293352
144 0.210707 32.258 1.26284
145 25.3906 20.6124 1.59587
146 36.1566 7.6093 2.00462
147 33.8956 0.167586 -2.87006
148 38.5534 8.62015 -1.06478
149 14.7532 25.1779 2.57702
150 19.1195 17.4454 1.90882
151 35.7669 37.1524 -3.04185
152 19.2308 16.6306 4.2237
153 20.9161 3.52812 1.84226
154 25.9081 38.5286 -0.596375
155 33.604 24.4883 -1.09247
156 38.5372 25.6723 -1.46929
157 14.9069 10.4218 -1.58677
158 14.7393 33.5401 4.90162
159 18.374 26.3416 0.217836
160 39.6302 15.6349 3.21669
161 9.10068 22.6331 1.50722
162 23.9754 29.4912 1.36155
163 8.502 9.78925 -2.4343
164 17.4204 3.06851 -3.95524
165 27.7164 9.7089 -3.15486
166 32.0713 13.072 2.42616
167 12.2226 33.4833 2.49454
168 38.6076 23.0628 3.58256
169 37.2472 34.3933 -0.142136
170 5.22931 35.0853 -1.58374
171 23.9701 39.1672 -0.477311
172 4.89591 17.7685 -0.330554
173 23.408 35.1987 0.618202
174 14.1114 39.9541 1.75508
175 1.063 4.74917 0.685899
176 17.956 22.8304 -0.119344
177 13.8948 8.55345 0.660047
178 26.1402 17.9404 0.0484947
179 29.8175 12.3206 2.95342
180 14.5732 11.5245 -2.78462
181 37.0601 29.2268 2.553
182 19.3192 17.7258 1.9504
183 3.75908 24.6826 1.84134
184 36.7174 7.11598 2.09776
185 11.5715 14.806 -2.41061
186 22.3808 3.38848 2.29079
187 9.05678 0.956964 -3.50061
188 24.9186 16.7943 -2.48055
189 8.95857 25.1685 -3.56645
190 25.1532 23.0102 0.064795
191 12.8149 29.3486 2.441
192 37.854 3.55508 2.1575
193 29.4416 19.2908 -2.3645
194 21.1097 24.9544 -0.271301
195 8.30294 15.8263 4.15682
196 26.7653 36.4944 -1.30295
197 19.0298 33.6108 0.158844
198 28.6572 20.5257 1.35259
199 12.5146 9.30148 -2.48492
200 34.7558 36.739 -2.48874
201 37.367 20.3314 1.24461
202 12.0568 18.5411 2.45864
203 26.2588 17.5123 -1.25104
204 32.2277 31.3938 2.41145
205 38.7009 31.235 3.14017
206 18.1526 4.05704 -4.02147
207 38.0545 34.6669 0.168794
208 32.9997 19.6135 -1.15594
209 13.0449 35.4092 -2.86118
210 14.509 24.2681 1.48626
211 36.0263 17.0124 -0.716105
212 0.176722 33.7336 -1.73466
213 0.134753 6.39679 -0.00507276
214 28.0563 18.7339 1.63635
215 32.6602 18.7522 3.19241
216 28.7864 23.3293 2.52157
217 8.86872 12.1563 -4.84365
218 12.7521 19.8191 0.233952
219 23.7066 38.4755 -2.21527
220 11.6906 4.29627 -1.39249
221 20.8816 9.20225 1.0932
222 39.666 32.868 -1.18275
223 18.6752 21.4684 0.076077
224 4.50583 30.5585 0.832812
225 33.9754 10.3882 3.18184
226 36.8152 22.5627 -1.04115
227 0.926815 11.5344 2.11333
228 17.343 6.02765 -0.620324
229 39.3421 16.9437 -1.19918
230 30.3848 11.4722 0.512594
231 16.4476 29.897 0.819386
232 32.3488 5.7976 3.48127
233 39.0864 7.37076 -1.60434
234 8.69288 0.039542 -2.62676
235 38.9831 6.81716 0.419998
236 13.4273 37.1688 -1.89265
237 12.3713 27.9058 1.63404
238 13.0161 11.3106 -3.55525
239 32.9048 6.1507 2.44374
240 16.6179 19.6175 -1.34849
241 9.80081 29.8006 3.0197
242 0.248489 5.23172 0.944249
243 28.4125 0.485072 -0.616412
244 36.2572 19.4145 0.290207
245 19.0301 4.45727 -3.95162
246 28.7351 4.11116 -2.59859
247 6.75754 36.5947 -1.80234
248 8.61642 27.201 1.41732
249 15.8852 36.7388 2.2644
250 20.674 3.10283 -0.0230604
251 39.6388 4.35342 -1.57751
252 34.365 16.8235 -1.49944
253 32.7831 13.3535 -0.982787
254 1.18293 39.4189 2.28367
255 29.4362 27.9596 0.92378
256 6.20422 4.82179 1.78427
257 27.76 16.1897 2.81445
258 29.3771 34.8963 2.0788
259 0.141698 16.3067 4.19595
260 4.65552 9.8907 1.40238
261 31.5077 27.3299 1.5825
262 27.4679 34.4082 -1.36271
263 39.9226 8.09832 -1.56375
264 11.4787 23.5389 -1.2324
265 38.1985 28.7608 2.6962
266 0.539424 12.0247 0.315647
267 2.12897 30.3287 -1.26152
268 11.6837 27.3087 0.774265
269 24.3204 36.6745 -0.0835899
270 5.3269 14.0909 -0.91493
271 33.2658 10.9792 -0.99499
272 17.4825 19.5207 -1.61276
273 26.9909 37.315 0.28833
274 12.6449 7.05011 0.0177764
275 9.18534 23.0257 0.383267
276 25.2791 18.4594 -1.17478
277 1.09669 20.7247 -1.88048
278 3.31375 13.0782 0.162905
279 8.89969 26.3927 -3.73256
280 8.61404 26.3221 3.70327
281 26.5048 16.915 0.879881
282 14.2421 21.9976 0.687145
283 19.7831 33.1659 -1.42641
284 24.7807 18.4459 -1.75305
285 38.8677 37.5741 -1.02016
286 36.0098 7.53516 3.01001
287 16.5588 14.2482 1.39628
288 3.64677 37.5206 0.974891
289 11.1524 28.1695 3.25496
290 35.132 24.3618 2.85361
291 14.4354 7.63671 1.49341
292 38.1284 19.7603 -0.0398176
293 6.25221 4.31634 -0.0276731
294 29.0479 26.3746 1.59756
295 18.427 13.635 -0.847136
296 23.8277 26.4193 4.71319
297 38.5417 29.6534 -2.55207
298 25.7664 36.0482 0.406985
299 20.7035 25.9622 1.02926
300 25.2846 3.82303 3.64818
301 26.4279 20.5615 1.82995
302 19.1994 33.4722 0.380246
303 7.88987 25.4361 -0.123462
304 8.60965 27.3462 -1.67834
305 7.06782 24.4338 -0.395692
306 29.1935 10.6295 -2.65445
307 10.0318 12.1025 -4.08494
308 1.36021 20.7862 2.7677
309 13.9929 32.7708 0.462613
310 18.3357 20.6253 -2.68141
311 20.0837 5.50262 -2.0308
312 37.1399 0.858328 1.3305
313 23.8256 36.01 -0.461087
314 20.2262 3.98941 2.14716
315 39.3487 34.4946 -1.49798
316 38.614 35.0233 -2.84747
317 21.9217 27.3426 3.44802
318 25.9625 26.3996 1.26863
319 2.27429 0.993456 1.2839
320 4.31111 24.0369 1.35662
321 27.879 3.60204 2.31961
322 4.64489 31.4956 1.88882
323 14.1767 34.4768 1.29497
324 26.8379 15.521 -2.90322
325 10.7038 31.7814 -0.922857
326 4.87876 14.8231 -2.64165
327 19.5889 37.5326 1.42015
328 15.9474 28.7335 2.2658
329 6.37937 21.2995 3.11397
330 1.68066 11.1571 1.20349
331 20.0811 34.3349 -1.07977
332 34.2878 15.0256 -1.37467
333 27.5453 18.0531 2.45157
334 15.2474 3.25402 -2.52469
335 5.2415 0.143585 -2.01988
336 17.9674 35.679 3.86958
337 11.3907 20.1347 2.02993
338 11.5983 27.2889 2.03692
339 39.1443 32.6338 -1.28239
340 8.7872 24.3021 1.25133
341 34.7264 28.93 2.08498
342 11.3979 18.3703 0.36858
343 11.618 16.3367 2.50987
344 13.5347 0.751786 1.33081
345 31.2768 25.8145 -4.43851
346 20.2676 9.03956 2.97007
347 2.75415 37.289 2.53099
348 7.33193 21.6374 1.48802
349 18.9703 21.1771 -0.567066
350 5.64368 19.7584 -1.37168
351 6.75159 19.0532 1.93482
352 28.6829 27.4458 0.743745
353 25.9551 5.87427 2.36935
354 0.43065 0.350964 -1.68171
355 16.189 23.6565 1.71572
356 29.7006 39.7756 0.235925
357 10.6924 22.7339 1.81179
358 13.4508 15.1338 -1.80546
359 37.5895 25.7423 -0.724595
360 28.9 23.4896 3.28664
361 30.5008 32.2795 -0.924929
362 0.206108 24.6409 -0.508568
363 0.932876 10.0333 -1.77445
364 5.63357 15.158 -1.11379
365 11.5946 37.8251 -2.95559
366 17.053 10.025 0.927904
367 12.9006 39.2732 -0.670258
368 24.0393 6.44876 -3.62176
369 12.6475 39.857 1.86851
370 20.4891 29.9927 2.11493
371 25.1346 17.2701 -2.95253
372 21.8682 28.3186 1.49359
373 16.8106 13.4689 0.76295
374 14.2493 16.3872 -1.64141
375 12.8855 11.6824 -2.31988
376 36.6288 30.5887 -2.17441
377 5.21666 7.56991 1.72619
378 13.8538 6.33208 0.243774
379 36.0452 26.5889 -2.23755
380 33.8871 27.5476 -1.92887
381 13.4557 34.6627 -3.01189
382 4.36066 15.888 -0.722303
383 25.7501 35.6595 -0.331614
384 31.0779 11.9629 0.729593
385 19.5431 20.0829 -0.129778
386 27.5695 7.63387 -3.24724
387 37.1199 0.0134141 2.87675
388 35.2114 24.534 1.80368
389 4.61282 2.92164 -0.593021
390 32.1795 21.2694 1.59551
391 13.6856 11.2883 -2.1497
392 20.0838 25.3798 -0.303044
393 21.1067 7.12055 -1.56308
394 25.8089 36.7684 -1.90365
395 34.7735 16.0244 -0.918363
396 39.7093 4.42021 -1.60178
397 6.16301 3.62901 2.33824
398 36.1844 32.7832 2.94064
399 36.2035 23.2415 3.55265
400 4.25108 37.8471 0.527453
401 25.7261 33.442 1.53607
402 37.9971 11.7421 0.541483
403 0.7529 25.3215 1.9667
404 21.9923 27.3539 3.26388
405 3.37777 21.7207 0.433198
406 23.2951 1.7999 -3.93249
407 36.36 7.40469 1.85914
408 1.84997 12.6943 -4.35827
409 18.4817 2.62436 -4.13238
410 18.2799 23.4942 1.75577
411 13.2013 25.7895 -0.445914
412 1.68178 0.444429 3.55694
413 12.6599 14.5219 0.637517
414 6.21209 13.2292 0.25113
415 9.20512 27.2051 -3.44446
416 18.1362 37.7605 0.628705
417 39.7804 0.675117 -1.82526
418 26.4894 21.7825 2.37617
419 23.7676 2.83095 2.35173
420 22.6937 2.44484 0.856881
421 7.19574 17.1836 -3.11875
422 13.6086 11.7975 -0.601945
423 29.4555 6.68256 -1.00681
424 24.16 22.6162 2.54183
425 18.9961 4.01501 -3.2823
426 6.35169 20.5304 -0.12006
427 17.7195 20.3612 -3.50677
428 3.61189 6.66787 2.26812
429 1.05616 9.36325 -1.19979
430 18.9476 18.3238 -0.974276
431 6.58481 8.21235 -3.01286
432 20.8211 31.9704 -2.0285
433 27.2353 22.2105 -0.352269
434 11.6436 24.218 -2.45352
435 30.1277 33.9723 4.1856
436 1.8035 30.5978 0.525394
437 11.4424 32.7818 0.447664
438 4.68575 23.5931 1.16842
439 34.5493 17.1821 -3.39097
440 22.3671 11.1662 -0.747214
441 14.7738 0.201809 3.5264
442 6.90623 22.2345 2.61287
443 26.7047 16.3648 -2.14403
444 14.4544 17.1478 -0.420346
445 13.2659 20.3048 -1.87593
446 16.3197 12.2024 2.93765
447 5.44492 6.73148 -0.851874
448 28.7057 31.0157 -1.35902
449 15.782 20.569 1.05188
450 1.68852 18.7851 -2.76898
451 37.7244 9.37511 -3.57435
452 12.9514 13.2843 -1.19096
453 9.17423 25.5481 4.39158
454 35.1237 9.24066 1.42154
455 34.9528 6.35054 -4.22191
456 7.38493 7.39473 -0.884768
457 22.6256 16.5098 -0.285353
458 33.2617 18.4896 3.21321
459 12.7105 3.91188 -2.33074
460 9.76903 1.15337 -4.19281
461 7.503 39.9032 -1.62883
462 25.5055 18.1863 -0.901713
463 4.52606 31.2609 1.22387
464 28.8718 22.954 3.05561
465 29.8414 14.2686 2.94948
466 32.5985 18.376 3.43705
467 11.7644 34.7327 -3.45765
468 23.9018 28.9453 1.511
469 14.6121 34.8605 -4.90743
470 10.0747 16.1791 -1.40831
471 37.3056 20.5751 0.677371
472 12.3087 5.97796 -3.64066
473 10.0349 0.754674 -2.14827
474 8.97318 37.794 1.1109
475 34.0277 6.62377 -4.04794
476 10.9348 29.1238 0.822674
477 13.0331 35.2501 -3.21542
478 22.4051 21.3063 3.5933
479 36.4801 27.1007 -3.14293
480 32.9753 18.5697 2.62136
481 26.3667 36.5367 -2.27853
482 6.59286 30.6782 -1.22129
483 9.86062 31.4677 1.6219
484 14.5297 32.2694 0.283871
485 7.61218 38.7346 -1.9123
486 17.5988 26.8215 1.28813
487 33.4005 30.6133 2.92804
488 37.1134 10.9651 -3.70314
489 21.0254 1.90715 0.772586
490 8.75031 39.9239 -1.19385
491 16.9022 10.7659 -2.28941
492 22.3868 3.12354 1.15187
493 5.29204 24.1381 2.27174
494 11.128 16.2842 3.19568
495 34.9401 15.7124 -1.69496
496 28.1932 22.3179 4.58772
497 1.70715 29.175 0.7057
498 17.3728 17.0983 -0.614694
499 10.4816 18.7811 1.60558
500 8.37621 13.001 0.892036
501 28.976 10.1792 -1.15382
502 39.7786 5.26616 -0.139439
503 18.0065 27.2054 2.03407
504 37.4716 35.9944 3.86467
505 7.90132 6.31764 1.47049
506 28.8747 29.556 2.18484
507 20.7112 11.4463 -0.980487
508 39.6388 27.9751 2.70059
509 20.3593 3.13634 0.951102
510 37.4593 3.03219 1.46462
511 24.9242 36.3147 2.96917
512 33.1893 28.8865 -1.84777
513 9.75029 30.3417 3.19483
514 9.81379 31.008 1.64922
515 16.0016 14.9225 -0.328895
516 21.2862 3.45011 -2.89987
517 14.9345 14.6487 -2.02909
518 9.52164 10.4274 2.30506
519 17.7112 23.0799 -0.841904
520 1.06685 7.74677 -1.3314
521 36.4967 24.5938 1.0404
522 24.1143 17.6425 1.91714
523 11.669 16.5585 1.17475
524 9.93984 25.9574 4.04381
525 4.42955 14.4814 -0.635857
526 6.11252 25.6946 1.17678
527 15.5883 4.70697 4.82131
528 21.6465 4.55352 -1.80007
529 35.2172 5.10769 -1.81554
530 34.2104 11.5715 0.183852
531 27.2459 10.4848 4.06756
532 18.7504 39.6587 0.589171
533 17.7521 27.0299 3.3963
534 11.5579 22.0221 -0.669952
535 39.5977 1.53885 -0.155574
536 31.1559 16.9376 -1.05278
537 38.2182 23.5387 -4.37327
538 2.87881 3.09295 1.5966
539 2.67051 5.66573 -0.77043
540 28.3098 21.4127 0.570758
541 27.0229 21.4654 0.980298
542 35.2156 28.8299 1.31747
543 9.927 15.9416 -3.97718
544 38.7673 1.80603 0.567949
545 18.1389 26.3389 0.84936
546 3.24384 34.5417 1.97741
547 9.15044 13.192 2.53567
548 35.1986 30.9712 0.329748
549 37.3882 25.2811 1.88577
550 4.77041 28.3538 -1.18766
551 26.242 16.9693 0.00531479
552 1.1526 1.09568 -2.28712
553 13.2702 32.031 2.5838
554 20.0215 12.0329 0.646577
555 0.247455 15.5146 3.44546
556 33.1466 22.7801 0.96146
557 8.81701 22.8335 2.26824
558 39.95 5.54681 -0.0715413
559 27.1127 29.1696 0.716499
560 29.3759 25.9126 1.02752
561 0.538126 23.3821 3.40497
562 7.8909 25.4211 0.144595
563 8.17049 13.4491 0.0656751
564 15.7684 23.1569 -1.20592
565 0.217703 20.8461 -4.2273
566 19.3745 31.4665 -2.77977
567 34.7543 13.0756 -1.29958
568 0.120196 7.12635 -0.09658
569 37.4373 22.9421 -3.78956
570 39.9841 30.8065 -0.329951
571 15.9706 12.4976 3.33898
572 35.3205 27.2038 1.35169
573 23.395 35.322 2.68044
574 9.48597 22.5796 0.52605
575 21.8024 16.39 -2.01581
576 1.30738 36.8514 -1.09379
577 20.1233 29.7869 2.08789
578 11.9315 39.701 0.799448
579 10.2336 9.28528 2.12305
580 10.2646 30.1384 0.00557502
581 8.85861 30.1537 -1.51349
582 29.2215 20.295 -0.471592
583 22.6805 36.0405 2.99828
584 38.6072 7.04352 -1.41259
585 39.1991 20.7189 -1.96395
586 21.2688 22.4467 1.77924
587 30.5531 32.5475 0.0135407
588 22.6407 32.8495 1.6478
589 27.3224 18.9865 2.567
590 1.43108 4.85628 -0.962463
591 3.34683 25.0782 -0.262378
592 35.0014 26.3494 3.78121
593 13.5067 22.2252 -1.78445
594 3.42724 2.65786 0.881434
595 26.4733 17.9395 0.45936
596 38.5196 34.2819 -2.60347
597 27.6451 13.6038 1.50206
598 37.0828 11.0001 -3.36116
599 10.3289 31.5145 1.41408
600 5.30064 37.4512 -1.8326
601 20.4531 38.0884 0.982741
602 6.84922 20.4451 0.0384252
603 16.8072 14.3858 1.49084
604 29.4764 24.6273 1.47243
605 10.433 34.7908 -1.62415
606 5.0989 29.147 -1.35565
607 38.1043 7.71425 -0.963618
608 7.51234 7.33555 1.41725
609 23.4953 1.94556 -0.644469
610 31.9293 19.2953 -3.24271
611 1.02542 24.7881 -0.888139
612 23.9182 6.89641 -0.388826
613 23.3305 12.7303 -0.304707
614 0.256277 4.87851 2.5969
615 33.3115 13.7803 0.447046
616 33.9815 14.12 -2.13621
617 23.1 28.3054 0.775852
618 1.69143 38.1809 0.585841
619 25.5966 34.9629 1.1513
620 39.2298 37.6124 -1.27485
621 27.1865 16.3542 -0.929905
622 21.3194 2.99674 -1.02667
623 16.8475 3.51598 -2.17338
624 30.3165 7.8918 -1.94994
625 22.4678 9.26533 2.62441
626 8.02238 0.0412392 -3.54013
627 6.90862 35.1335 2.53908
628 17.9884 3.60184 -2.20182
629 23.9306 38.4082 -1.67249
630 35.8032 30.6123 -3.87041
631 27.4503 39.2967 -3.32958
632 34.0012 31.1927 1.90595
633 38.7648 25.6702 2.82812
634 0.928776 5.73334 -0.867607
635 26.3113 26.8177 0.427148
636 22.703 3.43365 2.8823
637 3.82923 25.9712 1.08871
638 31.9358 26.422 -1.45034
639 37.6447 9.12239 2.37016
640 7.40003 20.4506 1.05821
641 24.4316 2.91663 -0.978336
642 17.4636 34.296 3.8381
643 28.5496 25.7672 1.85493
644 13.4044 5.99369 -0.307203
645 5.49983 13.4034 -1.28908
646 7.55517 7.05588 2.03437
647 12.828 16.0318 0.0621306
648 32.4491 34.3115 0.113801
649 16.5049 20.0309 -4.02285
650 30.6169 13.5571 -3.25089
651 22.9526 20.4676 1.98554
652 8.14939 38.0976 -0.322866
653 13.965 4.36284 2.32065
654 18.358 14.3097 1.17257
655 39.276 35.2169 -0.554195
656 8.15057 11.6295 0.951926
657 22.1541 10.3197 -0.868221
658 9.29991 30.8697 2.915
659 38.0512 36.2707 2.64986
660 26.9417 14.164 3.192
661 1.13901 19.9206 -0.999297
662 36.2643 36.2057 -1.99789
663 12.6526 22.1259 -2.43711
664 29.7249 13.3046 0.0224548
665 35.2268 37.6894 -1.52065
666 26.4517 38.2637 -0.317212
667 37.1954 33.4468 2.33477
668 13.0076 33.5661 0.86352
669 15.1179 29.5294 1.73
670 37.9006 26.7177 1.29887
671 32.3674 2.41793 -0.820138
672 15.1269 31.2712 1.59726
673 39.0632 3.62678 0.301599
674 6.60443 20.7708 -0.236781
675 28.8639 15.0775 0.181212
676 29.8117 36.7959 1.03171
677 30.6801 20.8119 0.563993
678 27.8969 0.54517 -1.64226
679 21.0675 20.7666 -4.03552
680 23.1724 30.6622 4.08923
681 8.29364 39.3842 -1.0713
682 32.1728 1.38277 0.0489697
683 24.6655 25.9113 4.77603
684 9.26472 1.46041 -0.146772
685 28.6478 26.9646 -0.524407
686 37.8378 2.38142 0.818066
687 22.4286 11.8505 -3.96881
688 28.14 4.61419 -3.90605
689 16.3066 3.3166 2.33672
690 19.7177 30.9281 2.1883
691 19.9587 31.0488 -2.76676
692 27.7478 12.5684 1.43102
693 4.45499 20.0138 1.76236
694 29.8898 25.8751 3.7594
695 16.7068 28.7969 1.27616
696 25.4508 26.9475 0.372317
697 35.9105 3.59113 1.11409
698 38.3072 14.8612 2.05445
699 28.6451 25.6233 2.55054
700 3.26013 2.70041 2.70192
701 21.1213 39.2547 -3.88863
702 38.9556 4.75663 2.35648
703 0.61613 11.1499 1.01244
704 26.1241 34.5946 2.57718
705 8.52764 33.131 3.36128
706 37.1969 36.088 -0.207606
707 13.0348 8.70555 2.38044
708 30.3126 16.0204 -0.776114
709 25.5938 11.0266 -1.04167
710 16.2299 30.0325 -1.04493
711 34.9484 25.8525 2.23765
712 26.7362 14.6487 1.11666
713 28.473 18.3587 3.59393
714 27.4337 31.1678 -1.19329
715 38.9855 1.70568 -1.11034
716 21.1422 31.1786 -1.81321
717 16.7428 27.6798 -1.16705
718 8.84533 29.0258 4.58114
719 9.93342 33.9021 -1.95779
720 8.52051 28.0602 -4.27751
721 30.0429 37.1639 0.0438239
722 0.158642 38.9433 -3.15421
723 18.6618 0.123705 -3.03839
724 16.4647 38.9029 0.40877
725 24.5407 36.4624 0.901057
726 7.08567 28.0314 -3.02709
727 7.37508 27.2235 -3.32195
728 37.7428 6.00878 -2.855
729 22.4901 2.37368 0.32272
730 21.8276 9.29829 0.169795
731 31.3841 18.7139 0.56695
732 26.5412 32.2522 -0.103998
733 34.4783 30.3445 1.23926
734 28.8927 10.9756 -2.12714
735 15.7168 22.5366 -0.136779
736 20.0808 31.7908 -2.11461
737 38.3082 37.1044 -1.70917
738 21.3302 8.00935 1.09419
739 13.635 26.8862 -2.05499
740 0.707329 24.543 0.73508
741 11.542 37.0435 -3.61932
742 20.862 12.5286 -3.79773
743 22.6656 23.7 -1.05409
744 35.4562 16.2592 -3.01074
745 13.605 35.329 -2.07509
746 13.9482 10.5417 1.2789
747 14.4399 24.9917 1.89409
748 17.4004 27.8054 0.979831
749 4.62055 8.72655 -1.74687
750 4.13929 33.7811 -0.26106
751 8.41242 2.84953 0.798169
752 0.488346 17.6742 -3.48251
753 12.1031 20.6185 -1.55192
754 25.1922 26.0781 3.82803
755 23.1874 5.487 -2.03543
756 2.05623 2.89321 2.62824
757 15.8727 19.6966 2.34508
758 37.0245 20.6185 0.459157
759 8.41004 29.6551 3.68488
760 34.5858 36.2941 -1.29945
761 13.7363 21.4711 0.830429
762 21.4705 25.5994 1.24255
763 10.1973 0.566417 -4.30631
764 27.2308 4.88399 0.560889
765 31.9918 22.3372 -0.813509
766 7.32221 16.2196 -2.64395
767 35.6437 12.7991 -1.33759
768 7.63816 15.1941 0.0132507
769 18.8623 30.5713 2.47375
770 9.06561 24.8864 -2.41447
771 5.20784 22.1092 0.808096
772 13.8707 33.7392 0.655555
773 35.4802 27.6981 2.39097
774 39.9739 38.8124 -2.14026
775 19.2397 11.6331 0.60134
776 8.26211 18.2146 1.44919
777 4.96311 22.7193 3.9235
778 35.5029 23.7004 3.18654
779 18.5567 38.76 -0.67277
780 6.92764 2.29053 1.11426
781 38.094 3.07559 -0.64724
782 11.2775 12.0766 2.76252
783 12.6157 7.80265 0.16612
784 31.4213 0.504192 -1.6128
785 20.7712 12.6921 -3.69461
786 7.34031 21.4142 3.4286
787 32.1931 2.43556 2.64735
788 1.48379 38.0514 3.96848
789 37.654 9.4385 -2.34127
790 10.3102 30.4544 2.05437
791 14.8802 25.2211 1.75289
792 8.03363 28.0714 -3.50352
793 22.2752 37.6711 -1.09434
794 21.5225 28.3376 0.949866
795 6.78308 7.98723 1.29316
796 18.683 27.0763 -0.363585
797 39.7032 32.1626 -1.07949
798 24.0534 9.23591 0.658708
799 21.7738 7.8458 0.478001
800 34.6486 8.06124 -0.686714
801 19.1507 12.8067 -2.73731
802 33.4436 19.554 1.34822
803 13.6328 1.10132 3.15539
804 1.09154 21.4011 1.79
805 39.5851 23.0938 1.37749
806 14.5654 28.0765 -1.25142
807 22.5926 11.241 -1.35451
808 23.6349 25.6059 -1.51153
809 28.3687 13.0463 0.486965
810 16.344 39.4607 1.57694
811 6.70259 22.6248 2.19556
812 9.77821 1.03111 -0.751094
813 4.60165 9.51964 1.47362
814 26.8491 36.2124 -0.628455
815 35.6589 17.0467 -3.72166
816 20.4659 38.7134 -3.04673
817 16.8103 35.689 -0.0224101
818 5.8187 13.7418 -2.64806
819 22.1492 4.05551 1.41788
820 1.69239 1.67284 1.20945
821 13.7756 12.737 -3.8643
822 7.93669 1.79402 0.689177
823 26.3087 39.7381 0.727539
824 35.0522 16.3405 -3.27937
825 3.37139 33.1702 1.67369
826 5.58695 14.8267 -0.244379
827 1.88076 12.5668 -2.77303
828 19.9094 19.5832 -2.82965
829 17.2096 34.7679 1.1874
830 6.61679 21.9832 2.44731
831 12.9811 35.6578 -3.42212
832 34.9204 36.1549 0.0833975
833 12.1414 14.7087 -3.24557
834 20.5265 11.3979 0.410922
835 1.78781 30.6588 0.35057
836 19.5244 30.9931 2.89302
837 29.5417 34.8828 0.0166266
838 21.9011 3.85087 -2.19953
839 6.62389 21.9445 1.61282
840 21.5976 13.9334 -2.71112
841 31.47 29.3157 -1.00331
842 18.465 29.9671 1.65472
843 10.1211 1.96861 2.58541
844 7.5631 24.5081 2.54162
845 3.5324 32.2578 -1.90062
846 10.8399 31.5483 1.74839
847 38.2619 25.5474 2.404
848 24.1099 26.6622 2.26291
849 17.9965 18.2978 1.70171
850 35.9897 31.4975 0.258351
851 1.46757 37.6477 2.03995
852 27.3532 27.2546 0.44651
853 25.0483 22.9711 -0.356806
854 0.615465 33.4101 -1.57758
855 12.4246 0.951181 0.803989
856 14.439 34.2626 2.33597
857 10.5737 18.1738 1.64953
858 5.36317 23.5325 3.70383
859 15.4333 36.9701 2.47102
860 38.6053 17.3179 -2.06778
861 2.06316 17.7418 1.90041
862 6.45449 34.8982 -2.86757
863 9.38251 12.4188 3.7112
864 24.2112 8.14583 -0.0424046
865 30.0556 34.0152 1.32717
866 26.6488 0.718169 -1.79635
867 26.3151 33.527 0.208546
868 33.2244 25.362 -3.1566
869 37.927 15.8779 3.07856
870 38.6589 3.73447 1.44556
871 21.4127 24.6151 -0.100546
872 27.1632 21.4001 3.11718
873 14.404 21.1433 -3.7242
874 38.7309 14.2537 3.10764
875 34.8697 12.4888 -3.24031
876 5.52508 15.5021 -0.160888
877 36.6293 8.09676 1.55427
878 6.14878 35.1124 -1.18115
879 3.60812 31.097 2.95448
880 37.9661 24.6386 1.23658
881 6.44785 26.2753 1.41489
882 26.2479 6.36582 2.33949
883 33.1665 25.2143 -3.9188
884 9.24368 17.1494 -3.4898
885 9.42347 12.8537 3.46553
886 19.9425 22.2995 -3.4172
887 39.2738 28.4254 0.137913
888 36.163 24.7992 1.44708
889 6.79858 10.3326 2.07904
890 17.4097 18.0862 1.32046
891 18.3994 20.9141 -2.56007
892 19.1034 2.25535 -3.81406
893 30.81 29.3189 -4.22779
894 35.3437 32.5868 4.38786
895 35.7541 13.547 -2.91398
896 17.3318 39.1571 1.69658
897 37.75 9.96793 -2.20988
898 19.0294 18.2701 1.13147
899 12.0658 24.059 -0.491541
900 15.0518 7.57409 1.76596
901 1.73055 35.7839 0.131788
902 38.857 32.1525 -1.99348
903 8.5512 34.3273 3.47685
904 18.8251 37.6881 0.158194
905 26.4496 33.8616 0.945685
906 22.7668 19.5658 1.3926
907 10.4599 31.0498 2.9592
908 36.1243 32.8358 1.46682
909 16.2901 3.16784 0.51865
910 34.6297 21.4337 1.06221
911 32.2654 26.731 1.86947
912 27.2345 20.5136 2.91952
913 39.9158 28.7615 1.8639
914 2.62711 21.1446 -2.50372
915 35.9873 35.5646 0.473116
916 23.7914 18.9472 1.41905
917 10.4601 23.5395 -1.98778
918 1.24676 7.55841 -1.30286
919 25.8069 20.0169 3.41236
920 4.4314 23.5653 3.68066
921 25.8708 19.8258 3.42415
922 27.2279 15.8838 -0.262609
923 9.08188 25.067 -4.30308
924 32.5338 33.3217 1.39686
925 21.4851 2.71789 2.01805
926 30.0191 38.7408 2.00093
927 6.26707 31.5181 -3.17861
928 38.1205 3.14092 -0.932169
929 38.1991 31.7818 -2.10558
930 8.97571 10.268 -1.66107
931 16.6244 18.1529 -1.41387
932 8.80496 23.6529 2.59339
933 14.821 6.05498 0.857165
934 28.7767 23.5438 3.52031
935 9.63873 7.53161 -1.27735
936 12.4803 20.5623 0.144288
937 14.505 2.66835 -1.16896
938 22.4085 25.1824 3.25803
939 17.4756 13.3705 1.42135
940 15.98 24.6812 1.94761
941 26.1334 18.3119 -1.84108
942 6.94663 8.87439 -2.87031
943 10.6473 6.85714 3.34954
944 4.63676 33.4847 -1.3142
945 3.79572 7.36464 2.11227
946 19.2858 26.5999 -1.66866
947 18.5447 5.20835 -4.20922
948 20.2824 6.39764 -3.5258
949 5.45802 14.3922 -0.573683
950 37.3799 33.3849 1.09238
951 11.151 7.53338 1.32992
952 16.9234 23.3468 0.867514
953 34.2665 21.3551 -0.819166
954 7.62332 1.01194 1.62803
955 39.6015 4.34968 -1.23657
956 29.57 13.8598 -0.394025
957 31.5923 20.936 -0.921388
958 5.73509 36.7307 1.64785
959 26.4107 0.306912 1.36474
960 3.17218 37.2903 1.55048
961 4.74289 27.3908 -1.97339
962 12.6874 29.3039 1.72718
963 13.7898 0.712191 1.58958
964 2.75564 6.12772 -2.48397
965 36.3834 24.2355 1.59958
966 13.9285 16.4512 -0.608899
967 17.9914 38.5134 2.6544
968 29.451 22.6613 2.89087
969 15.0914 3.67519 -2.23815
970 23.8928 34.9706 2.64801
971 31.2303 14.9901 -1.97771
972 13.8323 14.6019 -0.4691
973 10.3936 22.6228 1.03599
974 26.2908 20.1348 2.78604
975 11.7023 18.6705 3.95623
976 6.04523 7.38357 2.57671
977 10.3092 36.7779 0.169985
978 13.1925 31.7705 -1.12693
979 5.08209 0.62995 -1.48356
980 36.8311 12.7155 -0.816729
981 5.40377 21.9358 2.79055
982 39.0645 8.29262 0.481688
983 31.0978 16.3079 -0.0772431
984 11.3264 33.0649 -1.24264
985 6.38504 21.7102 0.978151
986 20.8034 16.1329 1.16297
987 11.7932 14.2999 -0.485682
988 3.94892 26.3395 0.0166104
989 23.3489 31.2979 2.38178
990 21.5702 15.0838 -2.15262
991 11.7825 27.1562 1.01794
992 4.23257 16.5963 -1.52734
993 17.0889 18.506 -1.22486
994 20.0006 25.5696 -1.49467
995 13.9334 15.4163 -2.51109
996 32.5607 18.658 3.11749
997 37.9594 18.7791 -1.74708
998 36.6883 36.5547 0.752392
999 32.7415 17.479 -1.78958
