1000
Particles
0 36.4695 5.11466 2.85434
1 35.3009 20.0851 0.754317
2 24.7387 3.7088 -2.57751
3 12.008 35.3385 -0.67327
4 13.051 16.5011 -0.830091
5 24.3289 2.2442 0.0657358
6 28.8076 4.77623 -3.10027
7 33.1476 17.2773 -1.15572
8 6.67461 31.4098 -1.1026
9 32.3434 24.863 -1.03961
10 30.0808 28.3099 1.24583
11 38.3274 35.0235 -3.80765
12 38.408 24.0559 1.51452
13 2.03382 5.74385 -0.637554
14 30.5625 18.1197 2.74918
15 27.7673 33.4205 1.59853
16 24.269 37.6499 -0.93225
17 33.0312 9.16834 4.386
18 39.658 12.7711 -0.464466
19 16.3035 19.507 0.363861
20 14.0956 16.2386 1.39474
21 0.512891 0.164875 2.09941
22 37.0799 26.8154 3.32621
23 30.2293 15.0772 1.82445
24 27.8322 15.4297 -1.03479
25 1.05039 35.1159 -3.18979
26 25.4684 29.2001 -0.909433
27 15.2223 16.462 -1.44725
28 7.25593 36.6149 -0.913795
29 32.5593 9.5265 1.05735
30 15.0084 25.7763 0.581487
31 11.2252 18.9731 1.29905
32 16.0983 12.7295 -1.81726
33 4.87795 35.8328 -0.011697
34 20.6805 14.9056 -2.19401
35 25.7817 3.94553 -0.858308
36 16.2404 38.2484 0.261476
37 39.0183 24.7841 -0.861161
38 21.6774 36.8787 2.08273
39 32.9082 13.1201 -0.8206
40 30.0111 38.5417 0.808088
41 20.811 13.9816 -3.13625
42 32.2902 19.1217 2.6422
43 23.8169 34.2255 1.87334
44 20.4267 17.8089 1.84902
45 8.17493 25.1733 1.54308
46 4.34437 6.06327 0.342855
47 36.5565 3.4737 -1.63868
48 38.3417 33.1503 -1.48193
49 8.84382 32.1271 -1.03083
50 36.1215 0.718293 0.689629
51 15.983 5.10253 -0.081579
52 34.4567 6.03061 1.1814
53 13.1271 11.8039 -0.318694
54 34.9854 28.1054 1.57335
55 39.7927 16.2396 -0.473489
56 30.8166 8.3931 2.87026
57 37.0726 36.0449 1.99935
58 39.5063 9.39816 1.15263
59 2.95273 34.3556 -0.878067
60 10.9744 25.2212 -3.84346
61 17.2644 27.0233 2.01013
62 30.8483 38.7588 -1.41818
63 8.85743 19.8755 -0.840069
64 38.1394 23.3472 4.68739
65 16.5372 4.96319 -3.20481
66 6.20632 17.6104 -3.70513
67 19.8523 19.2327 1.87003
68 6.75438 3.19064 -1.69933
69 18.5409 8.60414 -0.273725
70 8.22555 35.5013 -2.35151
71 11.1076 11.142 0.903124
72 5.19898 14.1836 0.725855
73 19.4249 23.704 0.93792
74 12.2771 36.9279 4.083
75 5.24008 38.314 -2.12498
76 19.2402 8.76091 -0.113352
77 17.3325 25.0724 2.86533
78 36.9978 27.8624 2.62486
79 33.1908 1.19601 1.2635
80 32.9238 5.90546 -1.07973
81 9.58822 21.8536 1.07922
82 12.2075 6.85446 0.415349
83 16.482 23.3725 -2.3515
84 24.421 17.7605 2.88583
85 3.97522 13.5354 0.818896
86 20.4496 7.7779 1.05127
87 17.8683 39.3953 0.778351
88 5.71381 2.1403 -1.1348
89 9.40384 30.8802 0.264292
90 36.4817 34.4946 3.89358
91 22.7618 12.4874 -1.86469
92 17.9158 16.5246 -2.03353
93 17.2922 11.6405 3.86481
94 9.74339 15.7816 -0.794233
95 18.6674 5.94348 3.79613
96 14.4602 29.831 -3.08624
97 24.4758 31.1661 -2.72001
98 38.7121 29.0597 2.74355
99 7.12026 30.7967 -4.1597
100 30.3232 11.8239 3.27677
101 15.6588 23.7987 -1.11089
102 20.3436 34.457 0.849242
103 15.2853 3.10636 -3.64059
104 31.5889 6.21912 1.38607
105 23.1838 27.2338 1.14083
106 38.1645 7.03384 -2.48643
107 16.244 22.1872 -1.2392
108 26.8341 10.786 -0.1772
109 35.3564 33.4898 -2.24812
110 11.0508 35.5291 -0.0771145
111 7.98249 32.0419 0.555088
112 31.9146 39.3065 -4.03853
113 32.5256 19.2988 1.17872
114 6.30228 26.2893 2.61347
115 31.9822 23.6169 -1.04545
116 28.1334 27.197 2.87818
117 22.5424 30.5623 -0.370988
118 22.2305 36.8768 -1.65993
119 39.9044 18.6217 2.75645
120 36.8247 33.9195 -1.22678
121 27.3536 16.0273 3.45595
122 36.9785 8.31899 -0.755407
123 1.17646 20.6775 -0.743026
124 16.6215 36.295 -2.74599
125 23.0945 34.9612 0.437583
126 19.2843 24.1017 0.706886
127 38.8753 3.05122 0.036269
128 29.0231 12.5678 0.523038
129 2.5275 10.2389 4.38797
130 36.0319 7.63856 0.828014
131 32.656 28.4576 -4.07268
132 16.7662 37.0515 -0.913008
133 26.7049 34.7557 4.3245
134 12.0251 35.6203 0.501529
135 17.8682 2.74073 0.28307
136 26.2536 6.21642 -1.01169
137 31.8752 2.68885 -2.63678
138 7.97388 19.9681 0.46914
139 13.8692 2.01478 1.54897
140 17.6554 30.9755 2.96331
141 36.2565 35.2246 -3.44829
142 25.5571 3.56074 -1.11356
143 17.464 25.8625 1.29193
144 8.69737 23.5243 0.984318
145 27.1661 23.9798 -0.827125
146 37.3632 6.4096 -1.16197
147 33.3091 38.1145 -1.10856
148 38.8886 9.68014 0.328569
149 16.042 21.2836 -0.257497
150 12.2124 13.8884 -0.41867
151 39.1604 37.9181 2.15859
152 14.3494 13.2263 -1.23049
153 25.5283 3.84788 -2.19762
154 31.8978 31.5015 -3.71065
155 30.2149 35.4821 -0.435621
156 36.537 23.7702 2.61913
157 21.6298 15.1444 -1.51935
158 19.5839 32.6216 -4.6625
159 15.7118 28.6689 0.291798
160 3.20855 17.0778 2.02703
161 7.6649 20.6412 -1.41721
162 25.2085 38.6418 3.04642
163 9.81962 8.91971 0.206541
164 13.8661 1.39572 1.5157
165 22.7618 1.52078 -0.00107194
166 37.5436 2.14546 1.1764
167 12.2608 3.97176 1.72672
168 36.7171 18.7523 1.36574
169 39.5742 36.4687 2.08402
170 2.83966 36.8426 -2.74288
171 17.1181 35.2366 1.72633
172 37.4323 16.9886 -0.45707
173 20.7575 28.3594 0.998411
174 8.43443 33.8712 -2.54796
175 3.00054 13.9014 0.203144
176 24.6284 27.3533 -1.49888
177 16.068 7.58537 3.68666
178 22.801 15.5801 -1.55434
179 25.5651 9.29931 2.42536
180 11.2881 11.7067 -2.05312
181 37.0137 28.3454 1.47848
182 18.1383 12.4082 -2.94688
183 1.96347 17.0979 1.13999
184 23.8835 37.3543 -3.00268
185 7.86838 10.3576 -1.85826
186 31.5968 9.13479 2.31058
187 6.7997 38.3387 1.69066
188 27.0395 17.6108 -3.79824
189 9.48201 22.9366 -1.51176
190 25.6891 24.175 1.00601
191 9.42635 32.3993 -2.76846
192 30.5768 9.37545 2.56958
193 31.5719 20.9424 -0.704028
194 9.20216 31.207 -1.30318
195 18.8578 17.025 -0.620827
196 29.6936 34.2626 1.52394
197 15.9091 0.577578 -0.461062
198 34.5413 14.72 -3.20239
199 15.6003 10.6252 -1.55154
200 1.59814 1.25953 -1.01598
201 31.0643 17.354 -0.120504
202 19.9797 17.064 3.3172
203 24.7445 13.2789 1.63739
204 32.8062 35.6656 1.53939
205 37.9551 33.4353 -4.59983
206 11.3256 3.75068 0.575178
207 39.5386 32.2045 -1.29619
208 30.3521 28.0085 -1.82365
209 14.4724 32.4002 -3.64332
210 5.03241 21.4566 -2.12895
211 34.9491 26.0666 -0.85357
212 37.682 32.4244 -0.481643
213 2.90544 5.89751 1.45705
214 39.8526 20.5907 1.88803
215 37.5164 19.2064 -4.50423
216 31.4915 26.2449 -2.05526
217 6.06793 7.03232 -1.08457
218 20.8046 17.9403 0.779936
219 17.8142 8.07827 -3.5552
220 16.8545 7.13743 0.381284
221 26.3847 9.08287 2.26446
222 32.9323 22.6582 0.628271
223 18.4914 0.19342 -2.30932
224 10.9056 32.9948 -1.73268
225 36.0468 9.86035 2.06524
226 5.14033 22.1207 -1.98392
227 6.43878 38.5756 1.86328
228 21.8095 8.3617 -1.75168
229 34.7887 19.9943 1.22315
230 27.8397 5.17562 0.364386
231 17.6871 21.1038 -2.83601
232 26.9689 13.6974 -4.01088
233 2.17138 10.6547 -0.221444
234 6.56775 38.7496 0.182416
235 5.83973 8.21369 0.125372
236 6.97595 38.1772 1.6749
237 10.6222 29.4161 0.96158
238 15.9339 12.9577 -0.790827
239 37.4374 15.3202 -2.98815
240 22.4107 25.9922 -1.29819
241 15.7002 27.526 0.282281
242 2.85736 6.41195 2.88184
243 24.772 39.0956 2.28339
244 37.7832 17.7306 3.70214
245 18.97 10.7627 -3.92487
246 29.171 13.3614 -1.80279
247 2.1653 2.40551 0.105537
248 7.26745 22.605 -2.30997
249 19.0842 33.7594 1.83835
250 3.17274 39.8823 -3.49237
251 34.1956 6.86526 -0.153253
252 29.4348 16.9502 2.99218
253 24.814 10.8006 0.536395
254 37.0475 27.1653 2.36005
255 31.7991 24.4643 -0.399739
256 39.9096 3.24314 2.92592
257 29.5318 17.127 1.52591
258 30.3561 38.1283 2.06977
259 29.7272 15.4714 0.427815
260 5.30641 5.65969 3.86068
261 31.8608 21.2288 -2.91578
262 28.4306 27.6571 3.98845
263 6.36569 3.81624 -0.670196
264 2.60641 35.7267 -1.48853
265 4.08146 13.6497 2.3693
266 4.57617 8.41603 0.732005
267 9.23161 24.4633 -2.15495
268 2.00167 27.3118 -4.37801
269 19.9032 36.1144 2.54156
270 5.03229 12.1552 -3.83379
271 28.7424 11.6225 0.824373
272 20.9348 11.6555 0.923856
273 36.8253 33.8993 -4.28733
274 7.57906 7.60169 -3.73885
275 1.48072 16.366 3.66772
276 31.1736 27.9917 -1.67651
277 6.98221 29.7696 -3.48871
278 9.92546 4.65784 -0.0778983
279 3.07635 17.1816 0.609879
280 31.4281 20.7659 -1.69323
281 28.6593 18.5228 2.67942
282 15.2644 16.4688 0.972267
283 21.1114 39.1214 3.87496
284 32.48 24.2294 -0.717296
285 34.8469 37.472 2.27846
286 35.3302 7.27415 0.11908
287 5.13128 17.0424 -1.03469
288 8.62432 34.2443 -0.489046
289 15.0073 31.0467 -0.958584
290 35.9892 21.6122 -0.589198
291 17.4336 21.0925 -0.0757165
292 38.695 25.471 -1.16257
293 5.55584 6.06256 1.40375
294 26.7041 34.2861 0.724667
295 10.7051 9.0825 1.00834
296 32.5533 24.9362 0.695861
297 3.5435 26.7636 -2.55186
298 29.0008 26.6035 3.24937
299 19.9557 34.8874 1.37228
300 24.9198 8.27585 2.10948
301 30.7541 20.6113 0.459471
302 15.713 32.2025 0.164935
303 8.17832 34.0198 -1.23842
304 13.8165 24.4887 -1.53573
305 3.64679 21.7966 0.721147
306 28.3057 14.5518 -3.45024
307 10.449 21.8741 2.05078
308 1.88503 16.4955 3.94926
309 14.2032 2.75001 0.665378
310 18.7649 19.91 0.726083
311 27.9595 5.80006 -3.32541
312 38.6899 38.9134 4.05854
313 35.9656 39.8199 1.41759
314 22.1904 3.46244 0.95657
315 4.46927 30.2033 -1.1104
316 32.9671 38.902 -1.38348
317 32.064 37.7196 -1.27258
318 25.5693 26.7811 0.912463
319 5.26186 37.4163 2.25779
320 0.307654 20.3064 -0.642257
321 31.4721 9.19246 2.96711
322 4.55125 38.3627 -2.90645
323 21.9702 36.1101 0.240206
324 32.2478 12.1102 -3.66114
325 9.09032 22.9817 -0.0200867
326 37.6589 1.10046 2.9183
327 12.6886 3.23274 -0.387825
328 15.2656 28.1095 -1.33577
329 38.1824 20.5708 2.23056
330 4.79712 5.22719 3.11553
331 14.1793 32.0845 0.361155
332 33.7415 10.2042 -1.62883
333 22.8792 18.4516 0.699125
334 8.6693 12.6054 1.18249
335 8.24699 1.82873 2.06296
336 18.7836 0.633841 -4.38021
337 6.73601 13.7006 1.37503
338 11.5502 30.3232 0.0263611
339 35.9183 34.5289 3.52623
340 11.1624 22.3052 2.34137
341 32.1261 34.3455 4.05194
342 11.8787 11.992 -3.54326
343 10.4524 17.0392 -0.882729
344 11.942 37.3369 2.28906
345 36.0574 27.2479 -1.75143
346 16.1053 8.93455 -0.0525902
347 8.5024 30.8578 1.61512
348 13.4636 15.9992 1.42444
349 15.6979 17.8536 0.710328
350 10.753 9.91301 3.7313
351 9.60759 21.5413 3.47617
352 30.6879 22.7916 1.83605
353 24.2112 1.45953 1.59791
354 39.0763 37.1002 1.81597
355 19.5976 25.023 -0.0686752
356 31.4832 33.1741 -4.70665
357 14.028 30.6104 -2.35025
358 14.445 21.8461 -1.96378
359 39.3743 31.6159 2.99487
360 32.6793 26.2717 -0.881304
361 31.5022 29.573 -3.58623
362 35.7329 26.7258 -0.170508
363 35.9721 1.06982 2.02902
364 4.2242 4.588 3.84797
365 3.47763 39.6406 -3.18531
366 12.9551 5.56531 -0.215238
367 17.5974 33.0747 0.0146679
368 22.6129 1.59369 1.06443
369 14.9105 30.6515 -1.84985
370 24.7928 25.8143 -1.73758
371 24.6024 23.0104 -2.11045
372 25.6359 29.4431 1.36925
373 7.25944 8.03453 -4.3984
374 17.533 16.9936 -3.81714
375 12.9531 9.68522 2.43306
376 1.09872 33.0413 0.37869
377 4.83789 9.20319 -1.64308
378 12.5511 6.65919 3.48622
379 28.9042 1.85374 -4.53538
380 38.697 23.4803 -2.72371
381 13.0378 30.3193 -2.69801
382 36.9921 16.905 1.16322
383 15.4911 33.1989 -2.18485
384 20.6136 3.16514 1.79534
385 19.5706 19.6237 1.41536
386 18.5773 8.25359 -0.199293
387 12.9033 2.72753 1.54627
388 31.407 24.5776 0.114911
389 7.85798 38.027 0.883278
390 29.6784 26.1631 4.63503
391 14.4719 18.1334 -1.21168
392 20.2777 25.3484 -0.508907
393 24.2141 14.5852 1.40093
394 38.6397 36.681 0.571235
395 35.3596 10.5234 -0.920162
396 2.67001 3.9533 1.09495
397 5.93261 39.4302 -0.965618
398 1.58573 28.2726 0.933897
399 0.718678 19.791 0.323056
400 0.596581 39.8945 3.45529
401 23.8675 36.9747 -2.78022
402 33.3981 8.79853 2.16631
403 36.8689 24.6597 2.68482
404 33.3778 31.3206 -0.277448
405 3.62823 24.9591 -0.21823
406 27.2117 39.902 -3.43544
407 37.3233 1.02913 -0.100685
408 9.24221 15.0858 0.236043
409 12.478 8.99148 -1.55381
410 27.7813 17.6353 3.88793
411 16.3535 26.857 0.385364
412 2.60941 10.7112 -0.273156
413 11.1102 12.641 -3.20474
414 0.736036 20.3283 -0.887106
415 15.561 27.2044 -0.697625
416 27.0415 38.4718 -3.38218
417 8.00835 2.26878 4.27745
418 28.8652 27.0309 3.573
419 26.6165 17.7361 3.85283
420 19.932 37.3255 0.534808
421 1.46266 13.9518 -1.00079
422 15.9828 10.737 -2.03747
423 25.2309 12.7871 -3.76182
424 24.0085 22.9911 -2.1337
425 22.2487 0.433 2.38397
426 1.00738 19.7498 0.217768
427 17.3746 18.0868 1.35247
428 33.5869 6.93617 -1.31846
429 2.34167 6.37528 -0.303598
430 17.6899 16.6141 -2.4647
431 7.01116 10.3307 0.226846
432 14.7172 36.2173 -3.32193
433 30.2103 19.9379 2.02078
434 5.79615 25.2686 -0.276485
435 22.4703 37.7046 -2.21422
436 2.53307 23.0711 1.43668
437 10.7818 33.4445 -2.42043
438 14.2297 22.1042 -3.56377
439 36.783 21.0238 2.97893
440 28.0694 39.4169 -1.29702
441 6.67649 39.7802 1.36695
442 13.0061 26.3926 -0.352579
443 23.0422 15.1082 2.20088
444 8.28054 9.65131 -1.22166
445 2.81007 25.0419 -0.569146
446 21.3075 13.0707 -1.99527
447 3.13967 9.96347 4.50075
448 35.4795 30.7288 -1.3969
449 9.77261 18.4265 -3.66131
450 13.3991 16.526 0.911519
451 3.18649 11.1353 1.37333
452 16.879 16.3208 0.61088
453 4.07948 37.2212 -0.637893
454 2.94796 7.49453 1.18196
455 29.8416 6.75689 -0.762614
456 17.9876 8.11675 -2.85543
457 22.6625 23.2347 -0.254499
458 33.0146 18.6058 -0.267441
459 10.5414 12.4095 -2.45014
460 17.6382 3.04891 1.38448
461 6.56313 33.2622 -0.483409
462 27.2771 15.4622 1.29375
463 1.33059 32.1306 1.28929
464 30.6511 17.4861 1.90183
465 32.6509 17.6925 0.265618
466 32.4495 23.6739 -2.78181
467 3.36519 36.8671 -2.06964
468 25.0235 38.6553 2.56618
469 14.6507 26.5088 0.191922
470 13.2251 14.3357 -1.34973
471 0.683326 12.5013 -1.37349
472 11.5711 14.6313 0.572235
473 17.6857 10.1988 -3.17033
474 9.22731 32.5078 -0.985023
475 33.7428 10.6656 -3.7252
476 22.3311 28.3758 1.3516
477 13.0648 31.5602 -2.46333
478 34.3087 13.5263 0.830548
479 4.23976 30.9315 -2.0611
480 32.8526 18.4159 1.15863
481 23.8293 36.1218 1.53712
482 7.52888 32.6836 0.322364
483 9.81102 29.7527 1.29856
484 11.7822 30.2276 2.12363
485 8.17363 33.9065 -1.31652
486 19.2946 28.8582 -3.27183
487 31.9586 27.8912 -2.77505
488 37.908 7.40284 -0.365227
489 21.1764 4.06284 -1.36984
490 5.45508 10.9865 -2.26816
491 17.232 11.7967 3.48179
492 24.8987 3.49949 -1.30952
493 38.3931 23.1897 1.64402
494 7.14073 14.9759 -1.69992
495 30.7218 12.7643 1.33339
496 31.7795 20.3852 1.28145
497 4.68528 31.3617 1.03778
498 23.6888 13.4196 2.18948
499 5.46522 12.5707 -3.6694
500 6.68156 13.6144 3.76441
501 31.402 18.6633 1.8344
502 6.83854 0.751414 1.38172
503 14.3417 22.3717 -1.47602
504 37.8596 30.5652 1.05374
505 5.88298 9.24051 0.427893
506 31.0677 25.1049 -0.0746359
507 24.577 8.11032 3.16153
508 39.2015 33.1766 -2.39039
509 35.4052 2.39711 0.219485
510 36.0688 0.46369 0.755065
511 25.502 36.461 -1.20149
512 39.2 33.6252 0.370692
513 15.5985 33.0162 -2.37471
514 11.4835 25.9089 -2.84978
515 20.4372 12.3713 1.20886
516 26.4685 39.2817 -2.1529
517 11.0181 2.93199 -0.244505
518 22.7795 14.3068 -1.16726
519 25.6109 11.1157 0.486481
520 31.8305 1.57356 0.616447
521 34.2721 33.7848 3.30167
522 16.1943 23.2094 0.284099
523 10.2617 20.0601 0.763647
524 37.462 26.0907 -3.78699
525 10.0605 14.6758 -0.744383
526 39.0343 21.0924 1.902
527 15.5625 6.08369 -0.907268
528 22.6431 4.22069 -0.00800508
529 31.8461 38.7854 -2.95754
530 4.26091 8.07507 -2.30284
531 29.8983 8.85367 -0.0844521
532 21.3859 38.5629 0.654319
533 22.2309 27.7473 -0.121775
534 17.4944 25.1757 2.55962
535 7.22693 7.28214 -3.59747
536 33.5821 13.4327 0.377572
537 0.0171549 16.5444 1.27735
538 37.3651 39.3214 3.65959
539 6.29478 2.28159 -0.116806
540 37.8596 22.4882 0.745689
541 25.2488 22.5355 -1.9291
542 39.8197 31.2318 3.50172
543 8.8803 18.3467 1.66293
544 6.28026 36.4142 -0.844369
545 13.8581 23.4497 -2.31866
546 36.3665 37.4202 -2.54067
547 4.76815 13.6618 2.73471
548 38.3468 0.681652 2.12523
549 5.14727 22.7443 -1.74994
550 9.38242 30.1433 2.8505
551 22.2022 18.038 -1.57551
552 38.4817 12.8223 -3.6571
553 16.0591 27.5195 -1.06525
554 15.7797 13.9856 -0.051669
555 31.4732 17.2681 1.0493
556 29.682 20.1804 -0.232007
557 6.52857 29.8635 -3.17247
558 28.7059 3.06548 0.464292
559 24.552 30.2127 -0.278789
560 31.5158 18.2285 0.589648
561 14.1265 22.5168 -2.09661
562 5.95701 24.4614 -0.443958
563 0.305333 15.9375 1.98148
564 15.3317 15.9015 2.00777
565 37.3851 15.5299 -2.01208
566 17.488 38.4494 3.28483
567 27.4337 14.1924 -3.07679
568 35.7735 7.82994 0.463417
569 2.35904 19.7969 2.11013
570 3.80285 22.5054 1.87822
571 24.9985 13.9784 3.37292
572 0.876738 35.8961 -3.19901
573 19.8522 37.2481 1.78666
574 8.32788 20.7602 0.5047
575 21.8798 18.0738 -1.85753
576 4.33737 5.18806 1.72762
577 27.1794 32.8635 2.10771
578 3.25175 39.3114 0.539272
579 6.06487 9.8472 1.58266
580 9.9644 0.782631 -1.63702
581 5.74643 32.455 0.865292
582 25.4321 25.7168 -1.53665
583 24.7072 35.4004 0.613582
584 36.3815 13.0544 -0.0933183
585 4.28469 13.3255 3.06926
586 30.5757 21.8649 0.218133
587 31.4561 32.3265 -2.1297
588 19.343 36.1956 -0.326558
589 23.1999 27.302 2.99538
590 8.39895 8.92945 0.466694
591 5.69067 24.3289 -1.83811
592 34.1486 27.6272 -0.0563593
593 15.4533 26.3802 0.326079
594 13.32 3.26184 0.997897
595 17.605 27.9445 2.61976
596 35.9144 33.8676 -1.96966
597 26.4193 11.0038 0.894509
598 34.3733 10.2684 -0.645112
599 17.8301 36.5637 -0.885717
600 3.37213 38.0178 -0.29842
601 22.5812 33.9112 -3.59036
602 1.6663 19.2573 -0.237225
603 18.2303 18.3923 1.03687
604 37.371 22.8787 2.24441
605 7.48415 35.4392 -1.38835
606 0.968943 28.736 -0.642938
607 6.46514 9.58171 2.32608
608 4.59926 35.5437 -0.10719
609 21.5715 37.809 1.23085
610 37.7312 29.6952 -1.15189
611 36.5558 21.1754 2.88588
612 19.6921 7.15241 1.65095
613 28.2631 10.4253 2.91663
614 4.23134 10.3626 -2.08389
615 27.8059 10.9845 3.43703
616 27.5272 14.8821 -2.12751
617 23.1554 30.5693 -3.27791
618 30.5597 2.57928 1.41199
619 24.7183 35.1853 -1.98401
620 33.0904 33.1697 -1.73422
621 36.9292 15.4707 -1.11811
622 9.09569 31.0997 -1.21271
623 26.2497 14.6341 3.16822
624 39.3373 37.5784 2.73859
625 20.8039 7.17734 2.18701
626 9.14553 31.7786 -1.0267
627 7.41853 32.4446 -1.1791
628 29.041 8.57806 2.53125
629 28.2021 2.03213 3.4599
630 30.4189 27.7134 -3.42731
631 27.8181 37.4174 1.37611
632 32.4286 28.9963 -2.7254
633 30.7539 24.7105 -0.934436
634 37.877 34.2927 3.69209
635 25.2277 25.0472 2.38713
636 25.3241 6.27012 -3.49467
637 38.7684 20.557 0.803815
638 37.7979 27.2317 1.483
639 29.0975 9.76499 0.430824
640 6.42469 14.0099 3.63311
641 21.9008 35.1843 -0.497102
642 14.5777 0.769405 1.24599
643 21.324 27.2921 0.230073
644 16.5451 7.08752 0.1665
645 5.87938 6.55382 -0.509107
646 12.838 10.6717 -1.82203
647 13.9815 13.9082 -2.56454
648 28.5398 37.8507 1.02116
649 18.4775 30.7137 2.92654
650 28.6298 7.64783 3.92732
651 30.0264 20.0938 -0.615359
652 0.927787 37.2198 0.740223
653 14.9784 39.9569 -1.16012
654 22.3211 14.0996 -0.609199
655 37.3901 39.6867 3.30245
656 13.9344 12.476 0.658748
657 25.7599 6.06622 -3.05957
658 4.39244 26.6316 -3.72111
659 26.2725 2.1115 3.20555
660 27.6409 13.4507 -1.21527
661 36.3573 19.3776 1.27177
662 28.2323 32.7539 0.751537
663 17.9096 14.6549 2.49841
664 30.9606 17.9218 -1.29858
665 33.0899 0.288245 -1.29383
666 35.0417 3.40584 3.29062
667 37.24 33.4138 -3.50693
668 3.54618 34.5415 -0.363412
669 13.8679 27.5107 -2.6935
670 37.6288 29.3255 0.265788
671 21.7114 37.9631 0.227695
672 9.9358 26.7026 1.19579
673 35.3753 5.53572 -0.19142
674 17.1429 21.0548 -0.751495
675 29.7084 19.6432 1.99178
676 28.5543 39.0581 2.78207
677 37.0227 9.57689 1.64494
678 23.4742 39.0499 -2.55624
679 21.4842 13.7992 -1.48477
680 9.57472 23.4835 -0.839971
681 15.6077 34.5712 -1.39282
682 31.795 0.612698 0.819937
683 31.9832 17.0177 -0.086948
684 5.04334 31.5014 -0.865456
685 23.2195 28.2877 0.650513
686 2.74194 3.63919 3.29953
687 28.7575 8.66816 3.13054
688 38.3013 39.0252 1.0597
689 12.6091 37.0592 4.147
690 15.1769 26.435 0.127347
691 10.3067 32.7434 0.72279
692 23.8525 15.1657 1.76838
693 37.7404 18.1578 3.35111
694 24.5756 29.3675 -1.5826
695 13.7653 31.9259 0.757903
696 34.4598 27.3636 0.751798
697 25.3325 10.5505 -2.1606
698 37.406 7.21659 -1.16738
699 24.3325 19.6928 1.37605
700 5.78212 39.7617 1.19088
701 30.9912 6.0618 3.07945
702 3.47019 3.59589 0.120862
703 28.1486 16.1022 3.34982
704 29.7082 27.5404 0.554612
705 5.16008 39.4927 -1.67072
706 37.6571 34.1338 -4.25163
707 17.5614 9.02989 0.408085
708 26.2894 18.3355 -3.11001
709 23.623 39.5127 -1.38091
710 19.5369 29.6914 -3.41023
711 32.9601 33.0724 -2.70737
712 29.5376 16.9345 3.16111
713 39.6095 9.29905 0.375923
714 20.2919 29.2578 -3.17954
715 37.5889 0.990684 2.94953
716 24.4788 36.6089 -1.99685
717 19.3452 28.8928 -0.188133
718 12.2207 28.2848 -1.95808
719 10.1824 32.9922 -1.75078
720 19.489 29.4775 -0.557552
721 30.802 39.3495 -3.96129
722 4.48202 4.78722 1.67788
723 16.1607 1.09116 0.242042
724 10.6277 4.26328 -0.654045
725 32.5379 10.3727 -0.456743
726 9.65688 29.2295 1.56544
727 0.902069 32.1505 2.45992
728 37.6524 8.13977 -0.773075
729 19.9389 2.07598 0.137531
730 22.2692 15.6531 -2.08003
731 28.2622 18.7456 1.98188
732 20.3209 36.1152 1.62879
733 38.3444 31.7841 -0.712429
734 25.3847 18.4208 -2.10821
735 17.1575 16.9078 0.559955
736 23.7297 23.5825 -1.66028
737 36.2678 32.138 -3.69345
738 14.7044 5.37761 2.71538
739 14.3368 29.8613 -0.0280238
740 31.0193 18.4716 0.350144
741 0.595449 33.647 0.551954
742 21.9509 13.1471 -2.26543
743 17.9626 25.6369 3.46228
744 32.2693 28.7589 -2.21863
745 14.9285 26.0842 -0.477503
746 16.9878 21.2868 -1.49954
747 14.0622 23.8868 -2.60445
748 16.3426 32.3476 3.35781
749 3.37237 6.20156 0.721743
750 8.83121 34.5319 0.229988
751 8.68869 37.4362 1.89354
752 0.951428 15.0468 1.93149
753 4.95239 23.1183 -1.82174
754 35.1721 14.3983 -0.279705
755 24.1707 8.45353 3.37957
756 31.84 10.6214 -0.776425
757 18.229 20.4227 -0.824545
758 33.467 32.9268 -1.00362
759 10.1331 30.6924 1.16416
760 29.2988 34.3292 2.84235
761 16.8076 12.467 1.0517
762 22.3728 30.1238 1.04838
763 21.9297 3.70076 -1.47147
764 26.8336 7.46145 -1.52029
765 29.3109 27.4916 3.22716
766 11.1218 17.4628 2.90375
767 32.5108 17.4792 -0.827872
768 6.12307 10.0681 0.363295
769 23.4555 29.0368 -1.37481
770 12.6571 27.306 0.925901
771 39.4028 18.9469 -1.34091
772 15.3093 31.4031 2.71679
773 30.7383 29.2111 4.55425
774 39.3328 37.897 -0.597524
775 22.9426 15.6387 -2.98611
776 9.7212 23.6976 -2.66115
777 36.4484 19.8611 1.98976
778 28.7936 24.1625 -2.11038
779 24.839 39.259 3.17883
780 0.752138 5.85636 1.09686
781 27.9571 0.501566 -3.38658
782 12.9267 3.53004 -0.114513
783 19.8675 11.91 3.4282
784 28.4521 1.09388 -3.14512
785 24.8685 24.9557 -1.48043
786 8.97649 27.6104 3.17971
787 27.8986 4.88373 -3.96932
788 0.133663 28.5899 1.65322
789 38.5 17.4069 2.27814
790 5.86585 34.5403 -1.27702
791 21.519 17.0578 -3.15112
792 9.25317 30.501 0.760167
793 20.0164 36.3502 0.817656
794 19.5766 21.9773 1.89211
795 8.9872 11.7736 1.67682
796 17.2509 26.5924 2.19146
797 6.2354 33.273 -0.301109
798 26.3972 4.62694 -0.756353
799 19.662 36.2903 2.42473
800 30.3923 9.63897 2.37217
801 24.5463 13.0843 3.28701
802 36.2854 9.01952 1.6011
803 7.08477 36.3961 0.0201726
804 39.2646 14.2965 0.73091
805 33.0919 21.4183 0.668891
806 8.17789 21.3143 0.656205
807 28.2351 5.16983 -2.86714
808 28.8571 27.055 3.85517
809 14.3301 13.1252 -1.6137
810 16.5727 36.7575 -1.4106
811 10.4894 29.1009 1.71764
812 16.9771 35.1403 0.86231
813 35.6909 0.400065 -1.03254
814 28.2681 33.2243 2.06771
815 30.3781 18.5959 -1.03239
816 10.3248 32.149 -0.00207041
817 12.1242 29.8758 0.363199
818 10.9118 9.27101 -0.439382
819 26.338 0.174918 -2.69847
820 37.4655 39.4667 2.84112
821 17.38 11.4552 0.779002
822 7.22394 9.40616 2.04865
823 38.1556 0.618696 1.09571
824 39.8995 9.82088 -1.10559
825 34.8375 26.5389 -0.694256
826 4.48539 10.4315 -3.35056
827 34.5632 13.3449 3.01039
828 26.1583 10.6336 0.224416
829 14.6139 1.41894 -0.484418
830 13.8364 21.5808 -1.50124
831 12.5905 36.1381 1.5407
832 36.6288 27.6984 3.27377
833 14.2641 22.4748 -2.40989
834 19.1653 7.98267 -1.63838
835 8.07256 31.7456 -0.0302149
836 21.0261 35.0707 0.0218983
837 38.8121 29.206 3.68895
838 29.3334 12.2566 -1.13434
839 36.1931 25.8349 -0.320297
840 25.6569 21.9493 -0.0948501
841 28.6571 38.1364 3.58196
842 24.9184 30.1568 -0.27633
843 14.6401 1.8429 -1.38874
844 9.16302 12.0249 -0.0138615
845 0.231206 30.4675 2.31519
846 15.6402 34.4658 -2.02429
847 39.4817 23.3491 1.34652
848 26.2939 14.1878 2.90736
849 9.31597 20.6833 4.20914
850 2.61873 37.8077 -0.832089
851 36.6422 38.7342 -4.31058
852 24.8227 29.6383 0.219467
853 31.5213 25.18 -1.204
854 2.57155 35.1082 -0.361678
855 19.5393 2.74371 -0.919737
856 19.166 30.8212 0.993823
857 6.65999 18.982 -1.42231
858 37.7023 26.1092 -2.59053
859 18.1677 0.687837 -1.55405
860 31.2185 24.3123 1.57317
861 0.87286 13.2812 0.377901
862 3.81846 35.2122 1.01032
863 14.4971 21.3374 -2.80498
864 25.9109 12.4769 -2.52048
865 28.8882 27.6154 2.40565
866 28.7483 38.6866 1.3971
867 14.737 39.2257 -1.35962
868 32.6255 24.9662 0.306339
869 35.0439 14.1742 -2.14084
870 4.34171 39.6816 -1.15372
871 20.5158 19.852 1.60163
872 31.6996 24.0173 0.115033
873 19.661 16.1573 0.617755
874 33.7785 6.94505 -2.75583
875 3.05235 9.28583 -1.93738
876 2.15682 6.09962 -2.1682
877 37.7268 39.8395 0.779807
878 2.47527 38.4605 -0.813097
879 3.74011 33.9857 0.026937
880 39.4433 21.1702 4.27788
881 14.4838 22.0843 -0.429267
882 20.4933 4.71817 0.656508
883 3.1569 25.0595 0.490618
884 12.9709 17.7203 4.13084
885 8.44397 11.4787 2.26938
886 14.0973 27.0146 -1.79271
887 36.6065 18.1005 0.265116
888 36.2235 33.6428 -2.1378
889 5.17814 13.0263 -0.292167
890 22.6026 14.7871 -2.63825
891 23.323 19 1.60283
892 29.59 7.45785 1.32808
893 30.0613 28.3899 -3.3161
894 35.2502 32.906 -1.70688
895 31.1066 19.3108 2.97174
896 15.6512 34.2713 -2.82408
897 5.63208 6.75187 -2.8451
898 17.7105 16.4966 -1.43402
899 7.35309 30.0949 -1.84987
900 15.5073 7.15518 1.00246
901 1.89087 37.4043 -0.390594
902 1.4454 33.4923 1.71719
903 8.64276 30.0186 3.34298
904 18.5016 3.65288 1.2275
905 20.2306 29.971 -0.744937
906 26.0084 24.8372 0.955161
907 24.2558 28.9178 -0.402019
908 29.1612 38.736 0.849637
909 21.8755 4.56995 -1.68063
910 33.3721 17.27 2.04344
911 31.6144 25.0075 0.0611239
912 21.5587 26.9665 2.43792
913 38.6524 21.9068 -1.9924
914 9.09716 26.5363 3.89744
915 36.1958 39.3391 -0.282741
916 24.676 22.0237 -0.569412
917 5.97187 30.7834 -2.51028
918 3.65252 37.2807 -1.81897
919 29.8911 17.5819 2.53205
920 1.4901 17.8712 1.58237
921 34.8451 22.2725 -1.02382
922 23.1699 11.0296 2.0096
923 9.48271 27.3791 1.18248
924 24.5317 37.3081 -1.70901
925 22.0732 2.71977 -1.19775
926 23.2795 37.9191 -3.2766
927 9.38801 33.1582 0.269385
928 35.6388 3.20768 2.04909
929 37.2618 31.7441 -1.52134
930 13.9518 9.17876 1.34376
931 23.7243 15.7968 0.768598
932 11.9283 25.0163 -3.45486
933 11.9867 8.23893 -1.43581
934 26.3911 28.1389 -1.04044
935 1.06407 4.53295 2.14716
936 3.77348 26.1097 -2.90591
937 8.33795 38.641 -3.55441
938 18.8737 23.3497 1.14871
939 25.9765 7.94242 -0.0339389
940 15.9694 21.1827 -1.39321
941 22.1956 22.8775 0.99635
942 3.43355 10.4281 -4.38095
943 12.1305 5.66732 0.972979
944 36.9816 26.5219 -4.47782
945 9.15629 3.4698 -1.91827
946 19.5658 24.4186 -2.28334
947 26.4457 4.47501 -2.51825
948 9.74934 31.9141 -2.59181
949 6.60723 7.36965 -3.58629
950 32.5665 21.4921 -0.917077
951 23.1087 9.92681 2.7213
952 14.2996 12.2489 -2.32475
953 37.2368 9.88059 1.21157
954 3.79009 36.6075 -2.54983
955 1.02836 10.242 -2.13985
956 32.5961 7.36802 0.572492
957 32.481 12.8244 -0.883947
958 1.386 31.7148 1.08135
959 30.5933 31.6995 1.89876
960 6.20326 6.92297 -4.30195
961 1.71666 35.9025 -3.51923
962 13.969 32.17 -0.00287714
963 13.9779 26.4937 -0.715596
964 5.56147 11.5003 -2.02876
965 0.534815 31.6518 0.448533
966 16.6794 19.026 1.80697
967 25.6225 38.2601 2.93493
968 34.9045 32.3845 -2.76084
969 13.0674 37.4513 3.40815
970 24.2846 39.9849 -2.20865
971 1.11151 10.8328 -2.39782
972 7.74983 21.256 -0.874292
973 10.2421 20.6947 4.85853
974 27.7818 16.5517 3.5925
975 13.7681 27.1466 0.315404
976 5.42485 5.24475 0.830543
977 6.21895 2.23977 -2.1067
978 13.3258 23.3384 -2.49647
979 2.45184 32.1027 -2.00202
980 37.0952 12.7873 2.11455
981 4.29599 6.55981 -0.67877
982 4.4345 2.73598 0.505115
983 22.8927 14.9147 2.41425
984 10.8838 32.9215 1.04523
985 5.65742 20.3533 3.75474
986 28.8795 16.7999 2.11931
987 7.36096 7.43674 -3.88066
988 1.92196 35.3123 -1.66123
989 17.6251 26.9153 4.73251
990 30.1952 22.3979 0.271653
991 14.5221 23.5625 -3.85169
992 0.361149 13.7663 -1.83063
993 7.41345 20.6981 -1.02842
994 27.7935 19.7104 -1.84799
995 9.13172 21.5227 2.21519
996 32.9691 18.825 0.813355
997 37.2077 8.71041 -0.548647
998 37.9757 2.80737 2.27419
999 31.5214 28.3565 -1.35623
