1000
Particles
0 0.353687 39.2687 -3.1541
1 32.9027 20.5538 -2.17029
2 19.3843 5.17906 1.00782
3 7.67238 36.4473 0.492024
4 14.8518 20.8305 -3.11507
5 21.2143 7.1855 2.2498
6 29.9337 3.3274 -1.32278
7 34.8737 19.6924 2.13687
8 6.41895 27.6515 2.53945
9 32.3291 20.0733 -2.12915
10 25.6347 33.2394 -0.752442
11 4.33304 31.9088 2.06707
12 34.7362 29.5383 0.71433
13 2.16371 7.42292 -3.91352
14 27.8058 18.0579 3.60425
15 29.8422 30.2916 -1.94918
16 24.5248 32.3903 0.834124
17 31.8664 12.145 0.282396
18 31.6402 15.9462 2.1175
19 13.8822 19.1611 0.385693
20 8.90896 9.61582 -1.51239
21 36.7238 2.06956 -3.47138
22 38.2642 20.1008 -0.411334
23 31.9517 18.8111 2.00434
24 35.7613 7.07744 0.286203
25 1.32902 32.8698 -2.31162
26 16.5852 29.2568 2.68859
27 13.2884 16.2103 -2.95207
28 5.78604 30.6316 2.1058
29 31.9788 11.9423 0.167191
30 20.2452 20.9859 -1.86434
31 13.9738 18.6471 -2.14561
32 19.8224 8.91522 1.36544
33 6.37712 2.3802 0.323506
34 24.1895 17.8503 2.86321
35 26.6961 0.412741 -1.63655
36 20.453 38.1969 0.163347
37 38.4614 24.6741 0.0693325
38 31.0904 37.8356 1.48497
39 27.9265 14.9479 -1.12129
40 34.89 36.3332 0.321944
41 15.1931 13.8137 -1.32523
42 38.2134 20.2043 -1.22918
43 25.4043 36.4721 -2.25212
44 20.3356 25.5042 -2.0052
45 3.73606 28.848 -3.01768
46 3.29624 7.13215 -3.55406
47 36.7997 2.09931 -3.87834
48 2.50715 36.963 0.937835
49 7.28558 30.8923 1.09872
50 0.165813 0.737069 4.25171
51 15.1525 0.648347 -1.06892
52 34.9401 9.02076 -2.8577
53 15.9831 7.77488 4.6364
54 33.9401 28.1571 0.117493
55 35.7991 18.4969 1.33957
56 24.9683 6.27471 4.22614
57 2.71032 31.0715 0.209326
58 38.4928 22.2501 2.22697
59 1.97148 32.595 -1.4023
60 8.63937 25.2818 1.86044
61 17.9352 26.5636 -0.046552
62 31.4824 39.8191 -0.863601
63 9.42277 15.5452 -0.465626
64 35.7582 27.8261 -1.12595
65 13.4932 37.4436 -0.922209
66 10.6794 14.4608 2.90719
67 26.3773 20.5824 -1.12789
68 10.092 6.54501 2.26434
69 12.9494 5.03428 -3.23496
70 4.31442 34.2109 -1.14439
71 14.8181 10.0509 0.783573
72 7.70521 15.82 -2.94862
73 21.5174 26.4262 -1.30907
74 6.37899 1.77306 0.438734
75 1.93019 33.8679 -0.842251
76 15.5583 8.39705 2.98399
77 8.40953 24.9546 -0.568981
78 38.2192 30.3649 1.37279
79 37.4253 2.05008 -2.47838
80 37.8679 3.76681 2.44087
81 3.24155 27.7685 -2.04184
82 13.4943 10.3609 2.68655
83 17.9253 25.0658 -0.371279
84 14.7128 16.4213 1.27319
85 1.77435 20.4129 1.47215
86 18.5486 5.73766 -1.59464
87 21.1193 36.9719 1.02263
88 2.74225 38.8536 -4.43893
89 2.25103 0.797348 -2.47692
90 34.9031 35.4656 -1.40815
91 21.3394 14.0122 2.42222
92 16.3916 20.563 0.141178
93 16.8279 9.7996 -2.07146
94 17.3759 16.4574 0.502512
95 18.099 2.55167 -2.61218
96 13.9168 28.4189 1.72294
97 22.8876 38.0013 2.14745
98 0.467094 22.8988 2.17686
99 11.9644 37.9342 2.13089
100 31.4224 19.3853 0.427834
101 17.8305 25.8254 0.906493
102 20.4162 32.1904 -2.26818
103 10.2551 1.5422 0.819023
104 25.2691 5.63448 3.47283
105 20.267 29.9543 -3.24864
106 33.8271 12.115 -3.74187
107 18.555 23.4949 -0.0727595
108 24.0028 10.1827 1.82416
109 1.67472 35.7622 -0.350864
110 13.8048 2.67126 2.69602
111 2.19733 29.5712 -2.48067
112 32.7403 37.3943 -1.56461
113 38.0323 20.5574 -3.02233
114 2.84173 27.1259 0.749739
115 31.8025 22.3894 -4.28147
116 23.7289 29.0868 -3.79114
117 23.0864 30.164 2.02716
118 22.5461 1.90065 -4.02027
119 35.7046 19.759 -0.651634
120 30.4594 30.1483 -1.83077
121 26.8972 16.5231 0.906302
122 39.2584 17.3921 3.17096
123 7.43194 24.4329 -2.76468
124 14.7879 38.4505 0.485512
125 27.9815 39.3944 2.0687
126 28.2616 21.7479 -2.72378
127 38.518 3.43403 2.54005
128 35.7352 9.89422 -0.716581
129 0.943173 11.9686 -2.70845
130 36.9179 3.02324 4.41143
131 33.0585 27.8171 -2.32152
132 21.8309 0.497767 -0.575424
133 32.3541 31.2792 1.87194
134 5.92769 29.4774 -0.00626886
135 14.2605 3.67978 1.66621
136 28.0539 7.25585 1.49066
137 31.2688 33.5942 -2.81649
138 10.9827 22.039 0.351826
139 15.4017 0.629292 1.45879
140 23.0223 35.0147 2.25993
141 36.1723 30.8145 1.54657
142 26.3217 0.853615 -3.53185
143 18.2366 26.3868 -0.360563
144 4.33369 25.5769 -3.07057
145 31.7872 21.9337 -2.38341
146 31.5418 7.98673 0.69554
147 37.2033 39.4489 -0.0067715
148 37.6041 10.478 0.979956
149 15.7985 26.3091 1.78629
150 20.2859 13.8226 -2.05835
151 36.8749 36.8638 0.502103
152 18.862 10.2052 0.343563
153 21.5007 1.88416 -2.19264
154 29.9325 35.387 -0.679189
155 32.6263 28.6163 -0.899443
156 33.8056 26.8792 2.34019
157 13.3125 13.4774 0.0513509
158 15.4295 29.6476 -0.514706
159 17.2894 26.5257 1.23117
160 3.23095 15.5081 4.21948
161 13.2241 23.0723 3.35599
162 27.3876 32.5268 -3.31167
163 8.60455 5.98277 -1.03899
164 14.4395 2.73905 0.554689
165 25.4929 7.94238 1.32289
166 35.3645 7.91065 1.06427
167 9.97072 39.802 0.632505
168 39.797 22.0629 0.0512204
169 2.98887 32.0805 -1.49206
170 1.24943 36.9461 -1.91034
171 22.7237 39.2806 -1.10406
172 39.3368 19.7506 4.60064
173 24.4461 35.3502 0.0179049
174 15.7616 36.1179 0.506335
175 2.44695 8.9674 -3.09007
176 19.6061 19.8913 -2.11604
177 15.3447 8.25347 2.82077
178 24.1722 18.1224 4.14179
179 28.5983 10.1743 0.267902
180 17.7559 10.1483 -0.217443
181 37.8763 29.4205 3.79862
182 22.1011 12.8881 1.9922
183 6.79834 22.7255 1.87742
184 30.289 38.055 3.1318
185 12.8988 11.0736 2.59345
186 25.1575 1.33349 -1.44764
187 7.58139 38.0833 -0.602423
188 21.2499 17.7451 0.710643
189 11.9044 25.5282 -2.79589
190 25.5122 21.2339 -2.72647
191 12.6174 30.5462 -0.734634
192 36.8595 3.21639 0.948032
193 30.9173 16.7798 0.00634835
194 18.045 26.9863 -0.616869
195 12.2231 21.0674 -3.2258
196 26.8471 36.6479 -3.27267
197 19.9902 35.4231 -0.694806
198 30.0088 19.8429 -2.36628
199 9.7479 12.2119 1.69238
200 34.1355 38.3691 1.56168
201 36.6371 18.9563 -1.44143
202 18.729 19.5849 0.65917
203 26.1208 17.4148 1.69021
204 31.7434 33.1017 -1.97048
205 34.7463 32.403 -1.99196
206 15 3.73233 2.0611
207 38.9346 30.7257 -0.291369
208 34.6503 23.6005 -0.858039
209 6.78542 30.6532 -0.511554
210 7.51511 24.1498 -1.45918
211 39.072 21.63 -0.0978108
212 35.9391 34.0658 3.20856
213 1.26835 7.51839 -0.770576
214 34.1691 22.0025 -3.36788
215 33.2814 24.866 -2.85499
216 28.5033 21.8036 -1.26368
217 8.44156 8.40483 1.86235
218 13.6542 18.1753 2.63056
219 23.2394 3.73667 -3.73481
220 13.8605 5.6435 3.64261
221 23.2964 10.7616 2.23578
222 38.5179 30.7144 -0.235311
223 17.9742 32.0546 -2.08487
224 4.48048 27.9211 1.36765
225 31.4731 10.2606 -1.11636
226 0.632886 23.2722 -3.50646
227 5.06449 5.67294 3.12842
228 20.409 6.56824 1.37076
229 37.3502 19.684 -2.66534
230 30.6635 6.85651 -0.89486
231 17.1361 23.0968 -1.02822
232 32.5412 9.62822 0.00403748
233 38.8644 11.6561 0.561825
234 7.23085 36.8362 1.05751
235 39.7043 9.9219 -1.83157
236 9.89048 36.107 -0.393673
237 13.4294 27.2585 1.2609
238 11.5097 12.2129 2.27936
239 34.8394 10.5645 -1.40161
240 22.8248 20.0617 1.11297
241 16.6558 29.494 1.13044
242 0.328178 5.96386 0.645442
243 25.0027 39.4547 1.03636
244 39.1282 17.7418 1.96068
245 22.0791 1.44638 -0.685652
246 31.7971 8.49068 -1.89685
247 4.62501 1.59617 1.83657
248 6.3423 22.6141 1.24398
249 18.742 33.7554 0.981059
250 13.3392 3.5448 2.4649
251 1.7111 9.19682 1.01323
252 33.7157 16.7568 0.932688
253 32.3592 14.3289 -3.72902
254 37.1102 38.813 2.21484
255 26.0871 24.8604 -0.0203004
256 3.13637 3.63095 -0.36696
257 31.2637 19.6711 1.41266
258 33.9088 37.9765 2.73624
259 33.8006 15.3212 1.21804
260 5.8619 10.5678 -1.40696
261 25.9992 22.8641 -4.21053
262 28.1347 32.5283 -0.0993119
263 38.9385 1.74627 4.74851
264 5.10336 25.47 3.3592
265 1.52237 22.9586 -4.29761
266 38.8794 11.9501 0.195336
267 2.5115 27.2866 0.603615
268 3.50544 25.9068 -2.22006
269 22.4783 37.7336 -0.479627
270 4.18943 9.38815 1.07213
271 30.8915 11.0669 -0.87519
272 21.8095 19.1082 0.866922
273 25.9432 34.4531 -1.58859
274 11.048 6.13656 0.866928
275 7.43851 22.7135 0.898553
276 27.0978 18.2274 3.25994
277 9.01095 24.6745 4.91775
278 7.17085 8.86316 2.99612
279 6.71886 23.7351 3.03392
280 4.78148 24.275 0.153994
281 24.37 15.5061 -3.06334
282 15.3513 18.6682 0.119532
283 21.428 35.1469 0.663884
284 26.8653 20.8901 -1.7385
285 0.110325 34.5445 -0.542186
286 35.2401 5.13802 -0.244635
287 9.70504 18.9615 -3.95667
288 3.13158 38.7408 3.44945
289 12.6317 32.5691 -0.171117
290 36.8063 24.7915 -1.85727
291 13.4803 11.7725 1.60095
292 39.7595 21.9187 -0.0637807
293 2.27953 2.72824 -0.417935
294 31.9739 29.7695 -1.22602
295 17.5748 10.2081 -1.49268
296 26.7638 27.9653 2.55844
297 0.783803 28.5989 2.18983
298 25.312 35.4505 -0.549555
299 18.1461 31.2063 -1.32585
300 24.4926 6.26098 -4.09274
301 32.531 21.7631 -2.46702
302 19.9403 34.9976 0.190364
303 8.54276 25.8568 -4.80498
304 8.00858 23.1623 1.33092
305 5.51618 24.0985 0.718664
306 31.1919 13.9709 1.02167
307 10.4237 13.6868 -0.100495
308 3.58956 18.8326 0.496919
309 13.8632 34.8908 2.71188
310 15.8181 20.7576 -3.223
311 23.5236 6.58327 -2.1466
312 37.1605 38.5248 -0.385302
313 30.6433 1.7682 -0.860556
314 17.7442 5.20223 1.76645
315 39.7268 31.1545 1.04634
316 39.8231 35.9912 -0.643731
317 31.2228 31.3413 2.45789
318 22.5429 19.7255 2.23469
319 2.43606 37.645 -1.49753
320 3.97747 23.0962 2.71896
321 30.2758 3.79271 1.04581
322 5.25347 33.5091 -3.40568
323 19.1853 32.9111 -0.912242
324 27.3519 17.3209 0.959104
325 8.55345 26.5209 2.52871
326 3.0925 11.8623 -0.878686
327 21.4629 36.1534 -0.34314
328 19.3581 26.8453 -0.246883
329 4.7498 21.3298 -1.4697
330 1.91805 13.2803 -2.63447
331 12.3901 37.0391 1.0499
332 32.9554 14.1674 -0.792841
333 21.8405 18.2189 0.0332055
334 16.0853 9.83325 -0.232603
335 8.00031 39.1949 1.86236
336 17.464 35.1 1.20059
337 8.38303 15.5869 -2.55326
338 14.9311 28.5707 2.27063
339 0.568018 31.1787 -0.437647
340 4.67238 25.7664 -4.22144
341 31.3389 30.5581 4.28445
342 9.281 13.0131 2.6999
343 10.0745 13.4197 2.91204
344 13.9853 39.7207 3.03773
345 33.4875 28.2185 -2.69316
346 18.007 7.40973 -0.401475
347 4.73816 38.9758 -0.425325
348 7.34273 20.241 -2.22829
349 16.0088 17.75 0.132681
350 7.00137 16.2733 -0.165629
351 11.0355 22.2228 -1.43249
352 27.7442 26.3251 2.35096
353 27.3633 4.85271 0.719981
354 35.8648 36.5788 2.41575
355 20.2636 19.6114 -0.37087
356 27.6407 31.4953 -0.223863
357 13.8163 26.5735 2.10511
358 9.96296 14.7149 2.69258
359 33.2093 27.7118 -1.47565
360 30.0853 23.5348 -2.07828
361 30.1177 33.0481 -0.19263
362 38.874 23.7908 -1.34576
363 39.4636 11.223 2.30631
364 7.22112 15.0327 0.2154
365 8.35969 38.3028 -1.37625
366 17.0074 4.38664 0.216091
367 12.1441 1.26053 4.44051
368 23.7481 5.25836 -2.94091
369 17.6447 33.5521 2.10043
370 20.0234 26.9402 2.1349
371 21.8024 19.3252 2.17401
372 24.9094 24.8908 0.764669
373 15.7588 10.7128 0.662593
374 11.9302 18.9266 1.9312
375 14.48 11.5679 0.737437
376 2.47373 28.7749 -2.12712
377 1.19399 5.71938 1.78277
378 13.0798 4.59331 -4.67234
379 33.6146 28.9014 -0.683623
380 37.0131 31.6885 2.9428
381 12.423 36.3251 1.14295
382 3.09227 20.0396 1.29779
383 16.5225 33.582 1.14373
384 28.5586 4.18285 1.36446
385 15.4536 13.3614 -2.35412
386 21.0641 5.92002 -5.01592
387 4.97223 4.28967 -1.02702
388 33.8346 21.6421 -1.86658
389 3.40387 2.60446 -1.53622
390 32.8497 27.9716 -2.0266
391 13.826 12.3009 -0.445472
392 21.0209 28.5704 1.44042
393 19.2298 6.1641 -1.45313
394 26.8334 36.8313 -3.04735
395 34.1454 14.7504 0.0623726
396 1.12 5.60709 4.08936
397 2.04117 1.01374 -1.91059
398 3.50783 30.8826 -0.841899
399 35.5959 19.9945 -0.761379
400 3.34633 39.4464 4.37669
401 22.9949 36.4935 -0.216055
402 36.6494 10.7047 2.4254
403 1.56834 26.533 -1.36492
404 25.4284 29.8366 -2.02145
405 4.14155 24.0323 -0.208788
406 23.1404 1.90757 1.80038
407 37.1015 39.5988 -0.597775
408 9.11426 13.9334 0.230955
409 14.4218 5.39243 1.05395
410 22.5945 23.5503 3.25484
411 18.0681 22.9486 0.498387
412 39.4211 5.65453 4.2084
413 16.5692 10.0148 -3.14309
414 2.18954 15.2138 0.993403
415 14.8685 27.7005 3.47162
416 21.4098 34.2137 -2.32517
417 2.76322 3.14553 1.12191
418 29.2466 23.0863 -4.08891
419 21.668 9.65616 3.45323
420 21.5084 38.0543 1.22844
421 4.81065 16.9354 0.072977
422 9.41429 8.98701 1.18085
423 28.4724 7.18249 -2.7341
424 25.5108 22.113 1.72785
425 21.799 2.81768 0.492958
426 13.5568 22.6919 3.66891
427 17.5391 18.4539 1.95031
428 2.96666 9.97113 -0.385603
429 3.66558 10.1442 -2.7352
430 21.2018 16.5344 1.4196
431 8.21168 8.50808 0.328186
432 20.9476 34.0745 -1.4967
433 27.4454 26.2776 3.12868
434 4.44366 25.3787 2.24031
435 27.4348 36.6645 -1.98948
436 39.439 26.4967 1.45426
437 10.5284 38.6718 2.6389
438 7.2384 22.0522 -0.298543
439 32.4569 20.6848 -3.69666
440 26.5932 4.40112 1.83937
441 11.4969 3.86442 0.264992
442 16.3229 26.7211 1.2961
443 21.0137 16.8391 0.875354
444 9.32334 16.0323 -0.761527
445 7.84187 23.2221 1.84165
446 18.7422 7.12444 -0.848273
447 3.07317 7.49132 -0.989113
448 32.2112 30.2902 2.58692
449 17.6775 17.3482 1.84142
450 11.4113 19.8281 2.26196
451 35.7149 9.95359 -1.21869
452 16.5312 10.0371 -0.0638967
453 5.38984 29.2681 1.37471
454 37.7501 6.89876 -0.306813
455 31.4654 5.99163 -0.181674
456 9.99182 6.76729 3.27412
457 25.5495 19.525 -1.55908
458 35.0144 20.3826 1.92747
459 9.57336 7.07008 -1.88396
460 8.16424 4.4317 -0.140717
461 11.5993 39.6322 2.04588
462 25.933 17.6378 1.86194
463 2.20257 33.2535 0.180169
464 32.054 18.916 1.05478
465 31.3621 19.0853 3.36524
466 34.8109 20.4543 1.54699
467 4.55009 36.2294 1.75273
468 28.7236 35.2282 -0.767982
469 16.1602 29.753 0.626864
470 9.55265 14.4406 1.258
471 35.6112 16.6203 0.963838
472 12.8446 14.3558 -2.89524
473 14.2896 2.12734 2.80449
474 4.15707 35.8899 0.710314
475 31.2247 6.83446 -0.188365
476 19.9275 32.1342 -4.21678
477 15.9814 32.0009 2.1369
478 34.6273 20.0411 0.50543
479 1.21325 29.609 3.38349
480 34.5673 16.7353 2.85851
481 26.6847 0.656637 -2.4409
482 7.594 30.8728 0.834421
483 13.4813 32.2645 2.26365
484 9.44194 39.1504 -0.0569319
485 5.30169 39.7139 -0.322271
486 18.4516 27.7425 2.35564
487 29.9807 30.4282 -2.1187
488 36.9373 5.58633 -0.876011
489 18.5216 2.62415 -0.254603
490 3.42059 1.2881 -1.31528
491 14.5004 10.8341 -0.252694
492 23.5455 2.37577 2.09856
493 3.69173 27.7627 -4.5288
494 8.87412 20.8225 -2.01647
495 32.5073 14.2218 -2.54841
496 32.3017 19.2501 1.46943
497 1.9059 28.8377 -2.45804
498 18.0599 17.9903 3.13384
499 11.3847 17.7751 0.562842
500 7.67334 15.8777 -2.96615
501 27.3254 14.4535 -2.93131
502 0.116243 6.03455 3.31462
503 16.6895 27.0067 2.39614
504 34.9025 33.6272 -0.122505
505 6.08549 2.07299 0.445536
506 30.0806 26.3541 1.09976
507 20.7115 13.1043 -4.35206
508 2.08796 27.8619 -0.134529
509 26.0877 0.362804 2.72187
510 32.6849 1.72624 -1.04107
511 22.9287 29.9771 2.42302
512 36.8691 33.8594 4.5945
513 16.7202 33.8665 2.0607
514 14.3476 24.77 -0.101232
515 14.3697 14.9851 -2.91932
516 22.9269 0.168319 1.00529
517 15.9903 10.1056 0.714449
518 15.8767 13.8713 0.629739
519 17.4482 15.4187 -0.257588
520 37.9617 9.2221 0.865394
521 35.6523 27.8557 -3.57252
522 22.5508 19.9536 -1.6111
523 12.2676 19.3426 0.918567
524 5.03483 24.704 -3.75734
525 8.11979 12.4076 -1.97617
526 3.21017 22.8949 0.159884
527 14.7394 3.50391 1.90415
528 23.0173 4.17897 -0.0159035
529 28.4723 5.39727 1.86274
530 35.6917 8.68433 -2.62596
531 27.9793 10.2127 -1.46306
532 22.7211 36.4188 0.937097
533 23.8671 27.0144 2.35327
534 13.16 27.8875 -0.471315
535 5.41463 2.99083 2.1683
536 32.4536 18.5556 -2.38155
537 1.26711 21.2342 0.569016
538 3.27881 39.2656 1.50397
539 1.24574 5.90458 0.850371
540 30.6873 28.7566 -1.42311
541 26.4112 20.0816 0.149944
542 0.0038167 29.3429 0.705502
543 7.77383 14.811 -2.88428
544 6.74684 3.61758 1.71289
545 15.823 23.1739 0.159177
546 2.63182 32.8346 -0.55244
547 6.44204 18.1375 -1.71155
548 38.6706 32.7582 -4.31298
549 4.51452 24.4761 1.72412
550 6.84653 32.4821 -0.851853
551 21.1393 19.6753 1.01493
552 1.34816 8.21842 -1.77595
553 16.5498 24.7242 2.53225
554 16.5561 5.92446 -2.72321
555 36.5444 15.6078 2.03888
556 32.1528 19.2467 1.11917
557 9.15116 24.8146 -2.50774
558 35.2233 1.3328 -1.13783
559 25.7761 30.9338 -2.57746
560 30.2404 23.3274 -3.79603
561 8.99851 22.5507 -0.336954
562 7.15269 26.3164 2.94335
563 2.96076 18.7326 1.64574
564 13.7618 23.4932 -1.68749
565 1.02774 16.9115 -3.40599
566 18.9352 32.3927 -2.28885
567 33.8171 12.6605 -3.35064
568 0.277438 6.83962 -1.56958
569 2.48181 19.7381 -0.634
570 6.27306 27.4759 0.798859
571 18.7067 12.5767 -1.87941
572 37.2863 34.2202 0.999614
573 22.9544 39.3106 -0.668476
574 11.6551 20.9996 -2.74467
575 17.455 20.6307 2.60207
576 38.5345 5.74194 3.21457
577 22.862 29.352 -3.49439
578 3.23001 36.3697 1.82686
579 8.43193 8.57727 2.24044
580 6.50939 29.0085 0.414903
581 5.83918 30.3333 3.23018
582 25.6877 27.3415 -0.525816
583 25.4221 1.05461 -4.18915
584 36.4309 10.7178 -1.54554
585 6.28797 21.6927 -0.211015
586 24.9313 21.4657 2.34698
587 31.797 33.6361 -2.39449
588 19.7999 32.7056 -3.1421
589 27.8004 22.1369 -4.04412
590 5.18657 3.34412 1.53022
591 2.15823 21.4967 -1.36868
592 32.846 28.9693 -2.90002
593 19.4577 23.6997 -0.66882
594 7.75425 3.80136 -0.796749
595 25.4052 18.7572 -0.695064
596 39.5659 34.5976 -2.86092
597 30.1517 10.4649 -0.0928651
598 34.9019 12.1312 2.32968
599 14.0212 34.6609 0.442977
600 6.76508 37.7401 -2.24891
601 21.4528 34.698 -0.623273
602 6.94003 18.6816 1.60652
603 19.6124 19.4828 -2.75413
604 34.1637 21.657 -4.49207
605 7.57602 36.7808 -1.06807
606 3.02711 28.1585 -2.29159
607 2.44158 9.01585 -1.96999
608 5.23452 2.66741 2.33912
609 26.4713 39.7962 1.06515
610 34.1477 22.4348 -3.50876
611 1.76371 26.1044 -1.31729
612 19.8621 9.4744 -2.2187
613 23.0867 11.9006 4.19846
614 39.4608 9.58509 -2.52503
615 33.3387 9.69285 3.46878
616 33.4636 13.7025 -2.95247
617 23.874 32.4186 3.4706
618 1.46547 39.7124 -0.655575
619 27.0801 32.3506 -1.69194
620 35.3218 34.5656 1.53858
621 25.9388 16.9445 0.751573
622 10.547 2.06178 0.838058
623 18.553 11.5187 1.57241
624 32.7066 3.95477 -0.609035
625 17.9217 9.19981 -1.54919
626 5.60374 38.5116 0.432601
627 3.03032 33.5571 0.20494
628 20.8831 13.1474 -4.30907
629 29.8079 2.65267 0.233826
630 36.1471 31.9343 -1.46305
631 28.8016 36.4726 -3.47765
632 31.2273 31.0915 3.73494
633 36.21 21.3448 -1.88176
634 37.3283 2.82936 2.82323
635 25.304 26.6835 -0.380104
636 19.9793 5.11688 -3.20086
637 2.2777 25.4169 -0.689642
638 33.0143 26.1555 1.30028
639 34.123 6.24023 -0.179839
640 5.5113 18.2223 -2.43739
641 22.2794 7.05792 0.582134
642 19.9107 38.042 0.0552954
643 26.4415 26.6479 0.0175091
644 12.5516 4.77612 0.590307
645 5.29455 12.7186 0.826184
646 9.48016 8.41058 1.99185
647 12.5689 16.367 -0.0668489
648 33.9305 34.0042 1.29623
649 20.8751 22.7184 1.14606
650 30.0762 12.7019 2.09014
651 25.5194 20.7156 1.75388
652 3.10939 1.17393 0.364669
653 9.58654 2.96369 -0.0097498
654 22.6988 12.9461 -0.143232
655 33.8027 36.812 1.3485
656 10.3269 13.3151 2.11069
657 21.0968 6.7581 1.34354
658 9.51794 26.3335 -0.970298
659 31.9361 38.9818 -0.583265
660 25.967 15.3905 -0.570323
661 36.3686 18.6226 -0.0724618
662 29.4981 32.1853 -0.15864
663 16.0445 21.3716 -0.580162
664 30.0846 14.0401 3.17232
665 32.3457 39.9892 0.802511
666 27.364 39.1556 4.32572
667 0.168265 33.4996 -2.13294
668 9.74657 34.0862 -0.159975
669 15.3396 27.4823 3.44455
670 38.4365 28.845 2.20938
671 27.1415 0.250844 4.09041
672 15.0983 32.355 2.01974
673 36.7266 4.45116 0.20015
674 13.1302 18.6599 1.23406
675 28.3374 16.852 0.622105
676 28.9112 38.4049 0.0748748
677 30.5483 17.2731 0.340011
678 28.6428 38.7317 2.19994
679 20.9258 22.4802 1.53611
680 17.226 26.6662 1.8686
681 14.2077 38.5402 -2.23418
682 30.6523 37.4545 1.50399
683 30.3672 22.0829 -1.71428
684 11.3586 37.5101 1.41689
685 25.8727 26.4986 2.50866
686 1.02976 3.28671 1.85507
687 21.5704 10.3583 4.54162
688 30.8617 3.90941 2.78335
689 12.3648 37.3746 0.560349
690 19.2743 28.5222 2.63594
691 15.5443 31.3256 -0.235829
692 27.0049 14.2886 -3.25149
693 38.4778 17.7928 1.5746
694 27.9514 33.6991 -0.593596
695 14.6095 28.5977 1.73428
696 35.474 29.895 3.94331
697 30.3581 7.5759 0.5987
698 34.78 13.6817 1.16996
699 21.8918 20.3077 -0.102805
700 3.14571 1.58246 0.213216
701 28.6574 2.60161 2.62095
702 37.8053 3.50969 2.33022
703 34.167 14.4696 -0.120899
704 28.8591 29.0214 -0.872586
705 2.5521 34.5802 -1.86035
706 34.7059 34.0527 0.932592
707 10.1355 8.21751 1.34819
708 27.7415 17.9633 1.689
709 22.4555 7.1861 0.516909
710 17.2023 29.4654 3.58238
711 35.23 29.4518 3.18888
712 28.9576 13.6149 0.775113
713 35.8998 10.8935 -0.750773
714 28.2091 27.9417 0.975598
715 0.275349 4.99412 0.35096
716 21.6924 36.4244 2.52131
717 18.7483 28.1828 1.16604
718 15.142 30.7225 1.65069
719 8.233 36.7278 -2.29331
720 17.606 25.146 2.43589
721 27.1151 35.4021 -0.701034
722 0.57288 3.67307 2.03077
723 20.7852 38.0232 -0.534828
724 13.2246 3.69512 -2.00856
725 28.8581 4.9257 0.749136
726 5.69828 29.7894 0.451462
727 4.38638 27.7621 1.97163
728 4.87027 10.4595 0.185983
729 22.0867 35.802 -0.38172
730 18.4694 7.81015 0.931881
731 33.1038 20.0558 -1.0652
732 25.3606 34.4101 -2.94989
733 33.6206 21.2487 2.54105
734 22.7816 11.3907 3.46754
735 20.7943 20.1419 -2.994
736 22.509 31.5974 -1.74216
737 33.9104 30.3192 2.62456
738 15.8986 9.62365 1.09276
739 12.3886 30.3403 0.159295
740 0.239988 17.5389 -3.56655
741 8.1734 31.6732 1.13124
742 23.6402 14.7549 2.06467
743 20.9301 24.928 0.362916
744 35.2666 22.2976 -2.98675
745 19.2202 32.9006 -3.57688
746 14.83 12.2877 -2.72106
747 17.4908 25.3116 0.0226558
748 14.2735 25.7367 1.51631
749 4.04506 2.82926 -0.355272
750 5.74391 31.0198 1.11909
751 8.55296 39.065 0.986843
752 35.3807 15.0097 2.55426
753 7.6679 20.9445 0.649471
754 29.5652 23.3319 -4.01262
755 21.9131 6.63676 2.54076
756 0.475123 7.9186 -1.91976
757 13.996 21.8385 -2.80214
758 34.4856 22.5346 -2.88383
759 10.0971 28.9928 2.54629
760 33.7896 1.33201 0.555006
761 12.862 16.9397 -1.26341
762 21.8543 24.5499 -0.730802
763 14.7264 1.56797 1.79846
764 27.4118 2.73333 -2.53599
765 27.4585 27.1117 2.59061
766 8.74846 16.2451 -0.0938686
767 33.2376 14.857 -4.23417
768 7.14442 17.901 1.24278
769 19.4048 28.0403 3.63315
770 10.8606 23.1956 -2.18425
771 3.86191 24.0317 0.112843
772 16.3697 33.3336 2.50479
773 38.186 31.1284 -0.582361
774 36.9387 37.73 1.03885
775 14.515 12.3993 2.22625
776 12.2426 20.3608 -2.35958
777 5.02588 21.5419 4.09606
778 29.5194 25.6186 -1.08371
779 17.3745 2.27129 -2.85054
780 3.02466 1.57208 0.481309
781 31.4404 5.18999 -1.31629
782 10.6654 6.6744 3.10375
783 16.3897 6.54288 -2.82928
784 29.155 2.86708 2.10234
785 25.8082 19.9784 -0.299744
786 6.87552 23.438 2.25172
787 31.167 0.313709 -1.23266
788 2.64102 34.3928 0.625999
789 37.7207 11.6521 -0.713001
790 11.309 28.4775 3.27575
791 14.7201 18.6996 -1.49423
792 10.9997 27.3969 -0.581358
793 26.9701 2.53912 -3.42399
794 21.4648 23.0069 2.7009
795 8.89633 8.46718 0.294721
796 18.1849 24.8777 -0.617336
797 4.10975 29.4773 4.39299
798 28.8246 6.57282 -2.80175
799 25.9178 0.528946 2.00716
800 30.0748 10.4989 -2.72371
801 22.7552 14.8724 3.1945
802 35.6824 16.5535 1.06653
803 7.90733 1.7379 1.16203
804 6.65761 17.4116 -1.83493
805 6.63955 22.1662 1.84781
806 15.287 25.4957 -0.804136
807 22.4578 8.35981 -3.63316
808 25.0109 21.1866 1.61105
809 19.6622 11.6604 1.0887
810 14.8013 38.6574 0.20162
811 14.5181 27.4269 3.13292
812 9.17448 39.0634 1.49058
813 4.79698 5.99889 2.68296
814 26.4481 39.7291 3.35092
815 34.764 21.5508 -2.97462
816 19.8705 34.4107 -2.84904
817 15.6828 37.2711 -0.674323
818 7.06496 15.5309 -1.92803
819 23.905 5.16211 -3.14152
820 34.4729 0.791688 0.713529
821 15.9923 10.0299 -0.163123
822 8.7158 6.53939 -2.29796
823 29.6667 1.66081 0.554706
824 37.8095 19.4229 1.73741
825 36.4448 29.9379 4.67176
826 3.24237 17.9511 -0.206586
827 0.945352 15.4402 -2.59592
828 20.6071 14.1262 1.94218
829 16.3724 31.6429 2.30957
830 14.3336 26.0843 -0.254846
831 9.21574 38.6499 -0.598754
832 28.291 29.8932 2.27294
833 14.972 13.0989 -2.60481
834 17.8204 9.18584 -0.206072
835 4.26683 27.1632 -4.02977
836 21.9666 29.7107 2.21908
837 33.4135 29.5678 -3.18812
838 23.8 4.28371 -2.69904
839 3.44338 24.4881 1.35961
840 25.1502 10.0112 2.4725
841 33.0298 36.3935 -1.8288
842 20.4806 30.299 -1.98779
843 8.31741 2.98019 -3.20477
844 6.8988 22.9453 0.607688
845 2.87273 27.4382 1.78759
846 16.3154 31.713 4.23397
847 3.89458 23.5078 1.31448
848 24.2132 19.2697 3.50595
849 14.656 13.9299 -0.429658
850 5.83237 31.6589 1.65929
851 2.40789 38.4773 -4.61073
852 25.8373 30.9906 1.17148
853 26.973 25.1003 -3.28508
854 39.1448 31.0921 -0.284725
855 16.7732 1.82333 -3.21837
856 15.1304 35.0282 0.438269
857 11.2971 16.5391 0.92997
858 4.58446 25.0482 2.53483
859 15.1017 38.4212 -1.26815
860 36.0466 20.5041 2.83649
861 2.50611 18.1002 2.1394
862 0.11194 34.4759 -3.62517
863 12.9567 13.4713 -0.655127
864 23.7853 9.92225 -0.107453
865 31.1248 30.7349 2.88877
866 26.5985 0.427968 -3.02422
867 21.2052 36.9146 1.2719
868 30.7281 27.722 -1.19109
869 38.9389 16.7188 -0.954919
870 4.21423 4.0166 -1.67654
871 17.6503 24.8384 1.85642
872 26.7967 26.1582 3.2644
873 19.1224 21.0527 -0.297905
874 35.5585 14.181 -0.963137
875 37.0028 12.9719 4.23623
876 0.183399 12.8533 -3.7355
877 39.6096 1.40732 -1.80953
878 3.11707 0.146817 1.46697
879 5.80354 31.1582 2.39623
880 1.64338 18.6534 -4.04098
881 3.98421 24.7788 -0.402976
882 24.3663 5.20238 -2.84824
883 38.7041 24.8565 -1.39829
884 8.14448 18.1182 2.67989
885 12.8787 11.3229 3.05069
886 14.5893 24.0671 -1.11626
887 38.9377 23.6998 -0.994722
888 1.30061 28.8848 3.27487
889 6.69828 10.286 -1.47196
890 17.8071 15.849 0.300869
891 20.352 20.0266 -3.35585
892 21.8822 5.25156 -2.08505
893 32.5373 29.8596 -2.19732
894 32.2514 31.3018 1.34006
895 34.0048 15.2177 -1.34588
896 19.7222 1.94716 -1.04248
897 0.611697 9.89969 -1.72207
898 20.8886 17.4015 2.74454
899 7.22937 24.0327 1.41552
900 14.0892 5.57731 1.97234
901 3.35833 38.4788 -2.234
902 38.1816 30.7861 0.850521
903 6.51932 36.883 -1.14567
904 21.4778 1.57158 -1.72738
905 22.4517 32.7477 -3.27093
906 24.0393 24.7998 2.60823
907 15.7843 29.8725 -0.805683
908 32.4768 30.7136 3.13218
909 17.6437 7.60345 -1.94734
910 33.5328 20.8294 -2.07819
911 30.8108 29.118 -1.32421
912 27.416 22.6762 -0.313197
913 39.9164 26.2029 -0.938828
914 3.96861 25.9428 -2.63328
915 36.0167 34.4883 2.75849
916 25.7354 19.691 0.520163
917 6.86119 26.9463 2.69566
918 3.83959 2.72785 -1.64281
919 30.3073 16.5251 1.85654
920 8.49417 19.6507 -2.52601
921 33.3 20.0652 -1.82172
922 22.6323 14.273 0.78169
923 14.2755 28.74 1.36632
924 30.3804 33.7662 -0.0789234
925 21.279 35.4641 -0.019856
926 26.6261 33.8736 -0.919819
927 4.87186 30.4341 2.97731
928 32.8438 3.7473 -1.59649
929 36.7612 30.5712 4.89185
930 14.4641 6.11579 3.04358
931 16.9481 19.8835 1.86125
932 5.9316 25.1643 -4.10356
933 11.7668 6.04395 1.26523
934 31.0946 29.505 -2.16885
935 6.29418 5.35592 1.01087
936 14.9686 24.4929 -0.497091
937 13.0843 0.491155 -1.19058
938 23.7187 21.4879 1.0438
939 23.7788 6.73217 -3.11141
940 19.9239 18.4745 -1.39792
941 20.0544 20.1264 -2.37341
942 8.33577 13.8624 1.48545
943 8.69053 3.48994 -0.892455
944 39.2336 33.2674 -4.01714
945 3.55943 1.41051 0.39351
946 20.2461 22.6642 3.05369
947 21.7297 5.93721 4.76548
948 10.9688 0.743925 -3.69966
949 2.33886 15.1603 3.27004
950 32.6125 27.9023 -0.569479
951 13.9013 4.36606 -2.36215
952 15.0521 12.9766 -1.39801
953 31.3975 18.448 3.02082
954 3.96681 0.246798 0.809228
955 1.57983 9.64359 -2.79822
956 28.5567 8.04881 3.94287
957 32.6362 21.3763 -3.81872
958 6.55529 32.2707 0.164103
959 28.0587 0.336158 2.15391
960 3.53982 1.38024 0.312253
961 3.34735 28.6848 0.214056
962 13.6381 34.3724 3.95074
963 18.1923 35.0983 1.37185
964 2.4644 2.8771 0.97099
965 35.5837 27.1024 -3.62769
966 11.9511 20.4768 -0.822953
967 22.1756 0.0259325 -0.515272
968 33.1673 24.1043 -3.75135
969 15.3685 3.74873 2.49065
970 29.9774 35.4607 1.2954
971 29.4603 14.1815 0.686185
972 12.3446 19.3885 1.0145
973 13.7028 24.8455 -0.360916
974 29.2936 14.5109 1.37346
975 14.353 23.3936 -0.978997
976 3.61953 5.30133 -0.467807
977 4.14832 36.2239 0.17741
978 12.7042 27.3972 1.53668
979 2.8473 37.9958 -4.60729
980 35.8572 12.399 1.09415
981 7.81222 18.0213 0.493053
982 37.3942 6.6554 -2.36109
983 25.8523 14.1708 -0.0188295
984 10.1961 36.5915 -0.585504
985 6.98557 22.2196 0.168096
986 26.2905 16.1797 2.90499
987 8.27994 9.272 -2.01365
988 1.50596 27.8077 1.29618
989 25.0203 33.2397 -0.0883305
990 24.5997 18.6057 2.95835
991 11.7517 22.5769 0.507946
992 0.973948 16.0963 -2.41731
993 13.6711 24.007 -1.34443
994 22.6464 22.7447 3.58011
995 14.251 24.5745 -1.17675
996 34.3531 19.2531 1.31716
997 35.9737 15.1745 -1.56684
998 38.7516 36.4426 -1.08531
999 34.6278 22.103 -1.96826
