1000
Particles
0 37.2321 4.04044 0.396753
1 34.0158 19.8031 -1.36553
2 23.8152 2.48384 1.21423
3 11.0526 36.2236 2.19193
4 10.09 17.5056 0.213793
5 24.5504 2.88574 1.54951
6 26.6278 1.7837 -2.25255
7 35.049 18.3666 -1.77186
8 5.96476 31.4285 -3.66184
9 32.4148 27.5275 -3.24871
10 26.4963 32.0526 1.76062
11 1.05581 33.1023 -0.792407
12 1.56336 24.746 -1.76081
13 0.0776598 7.06145 -3.0066
14 33.2237 17.3077 -0.819656
15 28.6658 33.7495 -0.131408
16 26.0637 34.2838 -2.25208
17 33.226 11.647 1.44339
18 36.3682 12.407 3.77819
19 12.7937 19.2925 -2.23063
20 13.288 16.2399 -0.834731
21 39.5113 1.66252 -1.81362
22 37.399 27.3081 -1.45103
23 29.842 16.242 -3.08222
24 28.8688 16.6052 -1.29038
25 39.3445 32.364 -1.64078
26 25.218 30.5925 2.92962
27 13.9445 17.2188 -0.616541
28 7.64212 36.9061 -1.2721
29 32.8797 9.94185 -0.0815719
30 18.2674 28.7037 -1.32088
31 10.5895 19.3775 0.175149
32 12.6374 10.4853 -3.72346
33 6.04052 37.9646 -2.5803
34 18.2164 16.219 -1.93214
35 26.5388 0.390026 -0.891039
36 13.4231 37.5629 -2.47954
37 1.60943 25.092 -0.981594
38 25.4896 38.0857 -0.107454
39 31.9077 13.8719 3.07079
40 32.2465 38.4277 2.0093
41 18.2187 16.4889 2.62239
42 30.0313 22.0939 3.00596
43 23.3001 33.9814 -1.16184
44 19.213 20.593 -4.14049
45 10.0223 26.3622 0.00358145
46 5.1462 9.18503 3.22565
47 34.6139 5.2164 1.61225
48 0.872476 33.003 0.0298183
49 10.5812 32.6243 -2.42424
50 36.3712 2.72027 -1.92193
51 13.7381 3.58282 0.456967
52 37.027 4.01159 -0.435103
53 12.6748 12.353 2.97398
54 33.293 30.1742 0.95684
55 2.89787 18.3084 1.04976
56 28.4527 6.54911 -0.720363
57 39.6588 33.0722 -3.58805
58 38.3433 10.3121 -2.12659
59 4.22283 34.0169 3.01887
60 9.5478 25.1124 -0.262345
61 18.8825 25.7087 1.68013
62 30.6764 39.5215 -0.443675
63 10.2927 17.4022 2.04608
64 39.2151 24.0105 -1.14611
65 16.2875 4.5246 -2.45511
66 5.71548 21.0799 2.94304
67 18.4539 21.0359 -3.56408
68 8.12315 6.14834 -1.59975
69 17.982 9.03947 -2.01059
70 5.9798 36.9341 3.42154
71 10.9522 10.5458 -1.76647
72 6.22977 15.4749 -0.468357
73 18.1578 21.8 -1.30739
74 9.32246 35.7364 -3.01437
75 5.08651 37.8251 -1.61669
76 19.9785 11.0279 0.311806
77 15.8664 25.0198 -2.64257
78 36.3056 27.3047 -0.374707
79 35.0838 3.4739 -0.0567849
80 36.1051 6.16048 0.118185
81 9.31049 22.5886 1.61177
82 11.6443 4.60821 -3.1097
83 16.8243 21.2711 -1.50257
84 23.9673 17.3784 -0.562868
85 0.7551 15.2244 1.55416
86 21.6784 7.48868 1.71193
87 18.1707 38.3985 0.222208
88 2.90901 1.43572 3.12545
89 10.8799 33.045 2.19512
90 34.4904 32.5863 0.685819
91 26.0243 13.3905 -0.898124
92 17.4446 16.6921 -3.78466
93 15.514 12.0952 1.60954
94 10.1498 12.8157 3.60774
95 18.4677 6.0203 1.70162
96 11.3801 27.1496 -3.64072
97 25.5889 32.9867 -0.740647
98 38.2485 28.1922 -1.13636
99 7.93622 31.4178 1.86171
100 30.487 12.3763 -1.57193
101 17.8009 21.519 -0.623743
102 19.1975 34.884 0.1477
103 13.7494 2.59023 -3.57653
104 28.1255 3.50523 -1.49097
105 23.6371 29.2629 1.08356
106 36.5884 10.7037 0.884858
107 17.8321 20.9871 -0.833668
108 27.8048 9.71765 0.497098
109 32.792 30.7019 -2.51017
110 10.2166 34.8481 3.45931
111 9.54346 32.8513 1.0539
112 31.7543 39.9472 -0.643676
113 32.0882 18.9916 -0.0406953
114 2.78874 29.5059 -0.604392
115 31.3169 21.9661 2.73718
116 25.2665 26.8999 -0.742421
117 19.7873 30.6187 0.0664076
118 21.9845 37.6463 4.17598
119 38.5094 16.437 2.26504
120 38.4885 32.0798 -1.75183
121 27.0372 16.0375 -0.507914
122 37.4952 12.1196 0.0984218
123 3.8325 21.6067 1.78987
124 16.482 38.2767 1.55953
125 23.574 35.6894 -3.275
126 20.2642 22.5549 -2.05093
127 0.240226 2.37295 -2.69006
128 31.2566 10.8915 1.59958
129 1.86151 14.185 0.67782
130 33.7815 6.22919 -1.74962
131 31.1808 31.6887 3.82823
132 16.9992 35.6686 -0.686956
133 29.248 33.3602 0.117136
134 11.915 37.3557 0.22061
135 18.1326 3.72295 -1.06755
136 25.2889 6.7078 1.56001
137 33.848 1.62029 -1.02832
138 10.0439 19.8561 1.97475
139 16.86 1.08484 1.20948
140 17.4634 31.6878 0.634235
141 36.62 31.1784 -1.70124
142 26.8297 39.0214 -1.2625
143 16.245 26.6767 -3.4099
144 9.76348 24.0148 -0.658061
145 27.3515 26.6814 -2.93647
146 35.4053 9.93092 3.63538
147 34.234 36.8325 0.513873
148 38.0823 10.3904 -1.05997
149 14.4391 23.3808 -1.94398
150 14.3874 14.6684 1.42477
151 37.8614 37.4285 -0.0349754
152 13.9288 14.8945 4.13763
153 26.941 1.55116 -3.30851
154 31.2614 35.1967 2.24599
155 29.7742 33.9564 0.0492474
156 35.6073 26.3299 0.743992
157 17.7418 16.0935 2.71082
158 20.1791 30.4672 0.153792
159 15.4893 30.876 3.1319
160 5.14936 13.8029 -1.11123
161 10.0344 20.4425 -1.10601
162 26.1355 39.8615 1.04626
163 9.63173 9.20568 -3.31428
164 17.7483 1.17649 2.12228
165 25.1986 0.316751 0.403717
166 36.4763 3.39271 -1.0839
167 11.4026 4.44908 -1.09377
168 35.8115 20.7477 3.755
169 0.755178 35.3907 -4.50443
170 39.3115 32.6549 -1.74765
171 16.2465 34.8144 -1.40544
172 37.3785 17.6288 0.927315
173 21.8742 27.4051 1.5424
174 9.98877 33.8403 2.43115
175 3.42954 14.3026 -4.56804
176 25.241 25.0027 -0.673224
177 17.7311 7.33627 -2.98438
178 21.6767 15.2062 -0.143828
179 28.6366 8.50725 -0.438255
180 11.6973 7.44007 -2.20243
181 34.206 30.5124 1.49369
182 16.7131 13.9423 -0.829751
183 4.80219 19.8775 -1.23722
184 22.0219 37.3978 3.14789
185 11.4659 11.0458 -1.95968
186 30.3199 7.46421 -2.01474
187 8.0729 36.5567 -1.68415
188 26.4883 16.9985 -3.52497
189 11.1115 24.484 0.939695
190 27.5009 22.5464 -1.90311
191 9.70226 33.8277 1.19049
192 32.2613 9.41485 0.520472
193 30.2292 19.2527 -1.58223
194 9.75837 30.6934 0.857676
195 17.4654 17.1508 -3.01406
196 32.4405 37.54 1.36037
197 16.5388 39.6421 -2.81466
198 30.0741 16.533 -2.99907
199 11.4021 11.574 -2.65544
200 39.03 38.1381 -0.0262109
201 33.0165 16.9732 -0.47106
202 17.3643 17.9025 -4.72346
203 24.8114 13.4728 -2.65778
204 32.5968 36.399 -2.70307
205 38.5191 32.7211 -2.45751
206 13.9517 4.27039 1.99945
207 38.8928 30.6919 -1.54627
208 30.7652 31.1972 0.878525
209 14.0246 33.738 3.31099
210 5.47533 21.1695 0.415121
211 34.5534 24.8846 0.70457
212 38.6464 31.8101 0.215519
213 1.5303 9.00616 2.9103
214 37.1363 22.7903 3.26018
215 36.8416 20.5279 2.253
216 29.1439 23.678 3.54392
217 4.41562 8.89511 1.27827
218 18.2851 19.9931 -2.95582
219 19.1766 6.5482 2.25201
220 18.1455 6.2777 -2.20036
221 26.2157 8.71309 1.13471
222 32.6733 24.0606 1.81297
223 17.9933 37.2878 -0.153388
224 11.5296 32.4049 1.80035
225 35.1715 11.4454 -3.66727
226 3.87442 21.6552 2.23945
227 6.24295 1.21585 0.849096
228 23.2105 6.49189 -1.2039
229 36.1853 20.5931 -3.14667
230 24.4921 6.64225 1.64318
231 14.7441 19.4419 -0.718247
232 29.9915 13.7467 -1.64425
233 1.46409 13.4948 1.73676
234 5.56976 37.2443 -1.3826
235 2.11791 8.31148 -4.00735
236 9.86461 38.2235 1.49073
237 11.4365 29.6161 1.99896
238 14.2412 11.9889 2.39798
239 36.7999 14.5604 -2.09775
240 23.5054 26.4066 -2.9401
241 18.4965 29.3806 -1.23777
242 1.02029 7.35675 -1.31902
243 27.9505 39.0948 0.465247
244 38.2804 17.6805 -0.188066
245 19.5218 8.81849 0.653766
246 30.873 10.803 -1.0802
247 0.266598 2.30964 1.23847
248 5.82318 24.7239 0.698097
249 15.5784 34.3501 -2.92227
250 5.77418 0.299211 1.9768
251 36.5565 6.66681 -0.378731
252 30.3637 19.0883 -1.04995
253 28.015 10.2362 -1.81999
254 36.0389 30.1397 1.79045
255 30.9334 22.7062 2.07717
256 39.5378 3.61321 1.58286
257 30.3075 17.4014 -4.11018
258 31.8827 38.1293 -0.256362
259 32.1118 16.8591 0.189809
260 4.77003 7.25886 2.07179
261 30.3288 22.4662 3.16076
262 28.1706 31.1917 -1.72161
263 2.89014 3.3348 0.995342
264 0.0644517 33.1265 -2.44308
265 1.8584 16.415 -0.464602
266 2.68876 11.0558 -0.0716393
267 7.68244 25.2953 0.178867
268 2.67855 31.2538 -1.64858
269 18.3814 37.9976 -1.55188
270 3.53509 12.3278 2.42004
271 31.5033 9.92553 -1.89114
272 20.0798 14.2042 0.964063
273 34.3674 35.8606 0.0109577
274 9.06826 6.05775 -3.12563
275 0.205285 17.5103 2.90849
276 28.2744 26.3317 -2.17612
277 8.04241 31.2674 1.17996
278 5.9127 4.14505 2.10627
279 6.90273 17.9249 -0.466659
280 34.172 19.9747 -1.82666
281 30.9691 16.8044 -2.91141
282 14.3063 17.2232 0.102183
283 19.717 38.9123 -3.50094
284 31.3954 23.0716 2.32782
285 34.0765 39.574 -0.459334
286 33.0605 10.2825 -0.256549
287 6.61423 17.5407 -1.76281
288 9.59519 34.0116 0.0186887
289 16.9221 30.2262 0.832174
290 35.0821 20.8835 -1.05255
291 15.7969 17.5914 2.24964
292 39.0195 27.0853 -2.17535
293 7.4419 5.68924 -0.841372
294 28.2132 33.6975 -1.03289
295 12.557 7.62352 -0.0797037
296 31.1313 22.4118 0.934705
297 3.3955 27.231 -3.62395
298 28.0633 27.0505 -4.19389
299 17.7087 33.524 4.53125
300 23.9009 6.38351 2.17066
301 31.5067 21.331 2.148
302 15.1039 34.1043 -3.65386
303 6.52291 33.137 0.343696
304 14.3232 23.7649 -1.00649
305 5.0757 21.0132 3.20688
306 30.0475 12.9995 -1.25826
307 9.02395 20.2486 -1.49956
308 39.3633 18.4319 4.32462
309 15.9942 1.11056 -1.78897
310 15.5668 19.1337 -2.84305
311 24.3094 5.06339 1.24447
312 1.08694 39.3845 -2.83413
313 37.6743 1.65953 -0.400663
314 20.3864 5.51035 3.71941
315 2.16724 29.2086 -2.16831
316 33.5856 37.3881 0.0643433
317 31.1161 35.6274 2.59794
318 24.554 25.5905 -1.90815
319 5.86532 39.5075 0.0500957
320 2.80223 20.9042 -0.691481
321 32.444 6.45893 1.86749
322 8.02667 37.8214 -0.90443
323 19.6057 38.7274 -2.2751
324 32.5459 14.181 3.3452
325 10.5065 24.189 -0.150939
326 36.2784 3.28452 1.04777
327 13.5007 2.38903 -0.98351
328 16.0795 30.7159 0.556826
329 38.2174 23.6659 2.18211
330 5.41772 8.72726 2.24886
331 14.5592 32.0381 1.24806
332 34.3093 11.2124 0.869205
333 19.4751 19.0581 -1.86305
334 8.74083 9.37564 1.03124
335 11.2325 0.958113 -0.260135
336 21.5566 38.4958 4.71098
337 7.00412 16.1091 1.01222
338 12.7611 32.6424 -4.14858
339 34.6524 35.6514 0.945017
340 10.7448 23.4127 -0.433528
341 32.19 31.3716 -1.97477
342 13.8956 12.4907 2.29514
343 10.6668 14.512 3.19586
344 8.63473 37.3515 4.32597
345 34.6445 27.4825 -1.04277
346 15.0931 6.32052 3.1831
347 9.00409 33.5431 1.54787
348 10.7809 20.1087 2.79617
349 14.5983 16.3299 2.39373
350 10.2354 12.813 1.65894
351 7.51952 24.0779 -0.171299
352 27.2976 20.6875 3.27356
353 25.0681 1.31638 2.37681
354 38.8805 38.7802 0.751331
355 20.248 23.8233 -0.149413
356 31.1335 32.2316 -3.21498
357 14.0583 29.0831 -0.630494
358 12.3384 18.9694 -1.99646
359 38.9506 27.8106 -1.32626
360 34.7705 26.5891 -1.12187
361 31.7221 28.9567 -0.724961
362 36.1201 25.84 2.08951
363 36.031 2.83817 1.76426
364 5.03372 7.99844 2.12025
365 6.85316 38.6639 -3.85848
366 13.4939 7.39105 0.39866
367 15.4552 31.7405 -3.34362
368 23.5541 3.73489 2.24799
369 14.1212 29.199 0.31071
370 20.6229 24.7882 -2.32983
371 25.9735 21.9628 0.54773
372 27.8798 31.7247 -1.81931
373 7.84212 8.07243 -0.852832
374 15.9853 18.4024 -3.00067
375 12.1464 9.97027 -1.7121
376 0.721722 31.7846 -2.65655
377 4.81508 10.1489 2.49292
378 11.8613 3.79758 -1.84993
379 29.6879 0.367261 -1.97499
380 38.9397 27.8769 -1.34582
381 12.7421 30.0942 -0.375501
382 37.7566 16.8324 2.6402
383 13.4475 33.7818 -0.548264
384 20.5598 39.4846 -3.00266
385 20.8989 20.1304 -1.87123
386 19.6738 6.84959 3.05241
387 9.39139 5.1176 -1.53343
388 31.0922 23.6479 -2.05348
389 5.46555 1.49531 2.66443
390 28.6114 25.0025 -1.31354
391 17.2471 15.2081 -1.37205
392 23.077 23.153 0.789342
393 24.1961 14.898 -0.520188
394 37.0747 38.3626 -2.1501
395 34.401 12.1141 0.614614
396 0.757863 2.74982 -2.35546
397 7.0771 37.9589 -3.25286
398 3.56231 31.5124 0.211247
399 39.4473 19.9478 4.72773
400 2.36112 1.852 3.6827
401 25.0475 34.3533 -2.01827
402 33.1459 6.64141 -0.526779
403 36.6528 25.4985 2.27568
404 31.4473 33.4001 0.8487
405 1.90909 25.4575 -2.946
406 29.2933 0.861062 -0.63984
407 37.1479 3.10698 1.52571
408 6.70257 13.2569 2.93913
409 14.6392 5.75979 1.66862
410 25.5145 18.7992 0.235275
411 19.2361 24.2526 1.19257
412 3.31928 11.8478 -0.282917
413 12.3135 10.7946 -0.831574
414 2.94164 19.5958 -1.78151
415 14.9677 27.4195 0.278237
416 26.5245 37.2451 -1.46975
417 6.37518 2.21036 -1.67254
418 28.0157 28.1385 0.154686
419 26.6076 15.275 -2.69356
420 19.5735 38.8519 -3.68119
421 39.5854 16.6309 0.524466
422 14.8135 9.23134 3.09575
423 25.7886 14.1438 -1.72683
424 25.0405 24.613 1.6989
425 21.0741 39.6388 -2.4311
426 5.74028 20.3173 0.151754
427 16.4768 16.3711 2.72767
428 36.6762 6.84264 1.30287
429 1.35631 9.04805 1.25678
430 17.8089 15.2523 -0.974702
431 9.59522 10.1839 -3.00331
432 14.9077 37.8366 -0.952612
433 32.5211 20.8837 2.81733
434 4.69843 24.1829 -0.00106899
435 23.8981 36.4462 -2.47341
436 1.68784 24.1174 -2.1252
437 12.355 35.5069 3.00074
438 9.86816 22.3202 3.78144
439 36.015 21.9625 -4.24172
440 28.3993 39.5882 1.09838
441 6.43539 2.52487 -3.4306
442 16.048 26.0818 -0.428583
443 21.6082 16.6136 0.432131
444 10.9231 11.709 -2.42638
445 3.18754 24.219 0.260726
446 21.2776 10.3602 -0.960783
447 0.524054 8.2828 -1.04766
448 36.9302 30.1285 -3.51093
449 9.48784 15.7595 0.972021
450 11.1515 17.6538 0.485811
451 3.11765 12.9905 0.391418
452 17.1758 15.1369 1.50284
453 4.39901 35.8503 1.13795
454 1.85936 8.7707 1.69795
455 29.0618 2.85066 1.73686
456 15.5346 9.10851 2.86725
457 21.9862 21.7394 -0.906152
458 34.4938 19.1366 0.800694
459 8.23379 12.1095 0.96576
460 15.1645 1.86541 -1.7641
461 7.16041 34.0455 0.750247
462 26.5999 15.2688 -3.7991
463 2.10506 33.6223 -4.645
464 33.0792 20.5961 2.34378
465 35.556 17.9863 -1.05999
466 33.7752 24.7786 1.58005
467 5.44104 37.7261 -0.758106
468 26.8147 35.0994 -1.51765
469 18.383 29.2757 0.577551
470 12.4013 15.5451 1.21602
471 37.5479 12.8929 -2.23981
472 13.7902 14.2037 3.00126
473 14.0011 7.03831 -3.4965
474 8.11775 34.4039 1.30291
475 33.7639 10.8867 -0.366486
476 21.9648 28.254 2.4291
477 12.4893 33.4628 2.7537
478 34.5964 13.5954 -1.11295
479 4.27979 30.4885 1.7023
480 34.565 17.314 3.09297
481 22.3601 35.4335 -0.466102
482 6.96939 32.6726 0.515178
483 10.8244 30.1744 0.512912
484 12.3451 33.0364 3.58547
485 8.46355 33.7196 0.808518
486 20.8707 26.7536 2.56248
487 31.5453 27.2637 -3.1989
488 35.684 8.39547 -2.11146
489 20.5669 4.01652 0.480547
490 6.60099 7.81208 -1.31816
491 16.6784 10.6001 2.4981
492 26.7129 1.20723 -1.10079
493 39.4143 25.7524 -1.28167
494 3.00197 16.3283 -2.05762
495 30.7097 12.8173 -0.826575
496 32.3491 21.2492 0.1865
497 7.00313 34.5191 0.794679
498 21.2335 14.1684 0.473356
499 6.1146 16.5008 1.72462
500 6.96262 15.4885 -2.6103
501 29.3536 18.7287 -1.67383
502 5.26173 2.01883 -4.36913
503 15.0675 25.9156 0.958195
504 38.639 28.9532 -1.4408
505 7.55644 7.6639 -0.866324
506 31.5881 26.0589 -1.70591
507 24.0317 6.95332 1.84557
508 39.3385 31.4441 -0.0770412
509 34.5674 2.74324 0.328424
510 35.1064 2.0601 1.23146
511 26.0003 33.3602 -1.32348
512 39.6405 33.4002 -3.26035
513 16.0073 34.1868 -0.957863
514 12.0774 24.3458 -1.38645
515 18.6342 14.1484 4.09298
516 25.2253 0.813418 2.57171
517 11.9772 2.05404 -0.120076
518 21.5699 13.0985 2.93323
519 24.4378 10.9771 1.06451
520 33.973 2.86214 -1.42232
521 32.7496 31.4492 0.20978
522 18.3428 21.3714 -1.37116
523 10.3713 18.9676 2.7605
524 1.55079 25.6394 -0.297524
525 10.2417 13.0969 3.89541
526 39.0311 21.4604 -0.274349
527 16.3825 7.57693 2.63511
528 22.3572 6.77438 0.343955
529 32.2883 39.7896 1.33966
530 2.40446 8.97485 -1.28877
531 29.8606 7.42002 -2.14628
532 23.9577 36.5798 -3.15636
533 22.2642 25.3418 -1.16321
534 16.8567 26.3372 -0.543212
535 7.74379 8.31335 -0.366976
536 30.6904 13.9214 -0.0821797
537 38.3274 16.8264 2.23258
538 0.945276 39.0747 -3.51579
539 5.49273 2.54499 -3.1783
540 37.1593 23.8361 1.87961
541 26.6015 21.6509 -2.76356
542 2.22314 28.9096 -2.89594
543 12.6996 19.1413 -1.06136
544 7.56326 36.9415 -0.815917
545 13.7828 21.9017 -1.36611
546 36.1767 37.5649 1.51707
547 6.18538 16.7228 1.43444
548 38.8633 38.618 -2.93702
549 7.51251 22.7774 -0.474534
550 9.76895 32.4205 3.12949
551 23.954 18.8464 0.892474
552 37.9227 10.1174 -2.18412
553 20.3002 25.9916 -4.3831
554 16.8509 13.2834 1.36603
555 32.4075 16.0223 -0.693043
556 29.4143 21.3072 0.972691
557 7.23297 29.5975 3.67306
558 28.6186 1.68831 -0.62417
559 25.3921 30.1949 3.74343
560 31.2618 22.0598 2.20226
561 12.4907 18.1951 -0.608361
562 3.69187 22.0591 -0.22004
563 38.5665 17.9704 -0.475086
564 11.3296 17.281 2.07919
565 37.1562 17.2109 1.1451
566 16.817 35.7519 -1.87912
567 28.4626 13.8 2.58706
568 36.337 7.47978 0.180929
569 4.22893 19.5205 -1.61384
570 3.97194 21.2629 0.054887
571 26.0603 10.6555 -1.01068
572 39.7666 34.8233 -1.55597
573 21.0226 38.9579 1.76734
574 9.37219 20.4256 -2.38172
575 19.8191 18.4046 3.99265
576 39.8986 6.01224 -3.16085
577 28.9864 31.8156 -0.808335
578 2.69151 38.9392 2.58702
579 7.21408 8.58495 -3.17768
580 7.42368 37.0078 -2.75727
581 6.44716 34.4495 1.16141
582 23.2497 25.1096 -1.24133
583 22.9829 31.1832 -1.7467
584 34.7442 10.8638 -0.87698
585 3.44319 13.1727 1.86643
586 28.3583 20.3803 1.94069
587 31.0699 35.0764 3.98618
588 20.1393 38.0183 2.39479
589 25.9178 27.0457 -1.21464
590 8.78122 7.80883 -1.44797
591 4.26224 21.941 3.48494
592 33.4621 29.6296 2.5212
593 17.6077 23.9846 0.23506
594 11.8204 3.24628 -1.5259
595 17.1384 24.3489 1.08596
596 35.2751 32.1253 0.642395
597 27.8538 10.7207 -1.41607
598 35.5327 11.9784 2.99798
599 19.532 37.6056 1.71238
600 6.63745 37.5713 -2.58664
601 22.0834 33.935 -0.806457
602 3.31814 20.0221 0.783847
603 16.4963 18.0395 3.01672
604 39.157 26.5719 0.671468
605 8.98602 34.6736 -3.84254
606 1.9674 29.681 -2.9469
607 5.96148 10.6459 2.499
608 5.39387 38.2949 -4.11232
609 24.5723 36.184 -0.587771
610 36.9996 28.4251 -0.277193
611 37.1823 22.6978 1.4456
612 21.5495 7.59962 -0.857128
613 28.8367 12.1573 -3.97683
614 0.884397 9.1729 3.25329
615 29.7702 10.9298 -0.821558
616 30.4784 12.9018 -1.27417
617 22.264 28.6867 -0.0813941
618 33.1615 1.82141 0.340726
619 24.0733 31.7485 1.65868
620 36.1576 30.8652 -1.40799
621 35.4816 13.5578 2.95275
622 9.84222 34.5318 4.32344
623 25.889 15.7923 -0.12893
624 35.2832 38.0742 3.60506
625 21.969 6.16758 -1.06084
626 10.4133 33.946 -0.118318
627 7.19797 34.0625 2.1589
628 27.2475 8.2699 -3.08356
629 31.718 0.861046 0.783012
630 30.0056 28.6851 1.19722
631 28.7553 37.2146 -2.24272
632 30.5034 32.2259 -2.80303
633 31.2569 25.0617 -0.739434
634 37.8426 35.6025 1.81709
635 23.6979 25.7286 -3.10719
636 24.8429 7.04373 2.29745
637 0.316995 20.7734 0.839924
638 38.3597 27.4066 0.478881
639 30.0985 8.97184 -3.23622
640 4.53526 14.6241 -1.0203
641 21.4894 37.9112 1.70922
642 17.075 0.205834 -0.166288
643 23.5236 24.3779 -1.42257
644 15.3788 7.08847 -4.51512
645 2.50126 7.88563 -2.83509
646 12.9963 12.5694 1.92491
647 13.2603 16.3321 -0.16613
648 31.5756 37.5081 0.298499
649 19.4936 29.0109 2.88175
650 27.2546 7.48545 0.867964
651 28.8505 20.9673 3.2411
652 2.44477 36.0869 2.41048
653 16.2266 37.6923 0.930588
654 18.853 14.1425 2.61075
655 36.9644 39.9779 -3.5472
656 14.5171 13.2128 3.50105
657 23.3602 3.48728 3.5595
658 6.47505 24.9555 -0.0774307
659 27.2289 0.748353 -1.66496
660 27.6712 11.0036 -3.18852
661 37.5145 17.3539 3.16911
662 25.7001 32.2735 1.9924
663 17.3472 16.5375 -4.32744
664 32.7834 16.3757 -1.57995
665 33.5572 1.12672 1.15017
666 33.7008 4.72663 0.722769
667 36.1888 35.5061 2.79488
668 7.39663 36.3271 0.786996
669 14.2706 27.6972 -0.466505
670 38.0501 26.5114 1.72826
671 23.5769 35.6359 -2.25391
672 13.2778 24.9225 -1.42682
673 34.2199 5.3988 1.47952
674 13.9993 19.3816 -2.8456
675 30.3919 16.8212 -2.96306
676 30.6274 39.5431 -0.504995
677 35.7103 12.0053 3.98147
678 24.9024 36.3952 -0.961576
679 20.5203 13.8285 2.54362
680 10.3941 23.37 2.39385
681 13.4653 37.3275 -4.51225
682 31.0672 38.3327 -0.457517
683 34.2309 17.6795 1.47323
684 4.49225 33.7384 2.67459
685 24.9677 27.8301 -1.14175
686 1.97568 38.782 -1.27555
687 27.2551 9.38035 1.54378
688 38.0808 38.832 -2.16405
689 12.1002 36.7633 0.749738
690 17.5762 30.6251 1.60321
691 11.0272 33.1522 2.74744
692 22.3382 15.6573 0.117913
693 37.686 16.736 2.19052
694 27.4518 32.4992 0.494008
695 14.7585 33.1574 2.26219
696 32.4483 29.6353 -0.403113
697 24.6961 10.5903 0.715685
698 36.6052 11.4861 2.41452
699 24.1151 18.6253 1.77903
700 4.54645 2.18213 -1.32709
701 27.8039 2.52214 -2.25696
702 3.23091 2.24469 0.506689
703 29.2982 16.1213 -3.31285
704 28.7158 28.803 -2.08004
705 6.08079 39.7834 2.5512
706 37.0699 33.1502 3.7733
707 15.7262 9.24459 4.13837
708 24.1367 17.0122 -0.752548
709 24.3935 3.40701 0.579127
710 19.1045 28.6509 -1.12095
711 32.2228 30.6697 -3.02775
712 29.9822 17.1681 -4.11812
713 37.106 9.49007 -3.727
714 20.3356 29.6192 0.475886
715 36.2314 2.8959 -0.703323
716 26.1307 34.559 0.0160359
717 17.5546 23.6317 -2.17975
718 10.6677 29.0556 0.408841
719 11.7447 34.3664 1.9519
720 19.0226 25.1851 0.533803
721 31.7227 37.8552 -0.216662
722 2.47074 6.68002 -3.36483
723 17.2389 38.426 -1.70311
724 6.85245 5.15817 0.323847
725 30.4913 7.5396 -3.55771
726 8.14369 31.403 -0.91089
727 1.21884 32.1555 -1.75887
728 38.4369 6.3009 2.70498
729 21.1451 39.3476 -2.34357
730 18.5737 16.4626 -1.48719
731 28.224 18.028 -2.71016
732 21.3185 37.5029 3.70757
733 37.823 28.4463 -1.25253
734 22.2507 16.6663 0.916359
735 17.2745 17.5708 -4.65084
736 23.0927 22.6731 0.691627
737 33.5688 29.4003 -0.0525513
738 14.3721 6.00632 1.59165
739 10.8536 26.9318 -4.42495
740 34.8587 20.9183 0.818193
741 1.11933 30.818 -1.02604
742 20.092 13.8048 1.32639
743 16.656 26.0724 -2.93136
744 32.0994 30.7769 -3.2876
745 16.4884 30.9072 3.00865
746 14.5353 18.5783 3.60121
747 14.2512 21.8633 0.126616
748 15.0399 31.9604 3.33394
749 1.90313 7.47413 -2.04774
750 10.1107 33.3696 -0.145577
751 8.24985 36.9301 -1.32219
752 37.49 15.2493 -2.36511
753 3.41276 21.7025 -0.485814
754 35.0857 16.7187 3.53971
755 21.7374 9.26264 -0.558574
756 31.4173 9.71816 0.131544
757 17.2327 16.8486 -2.74925
758 32.4042 30.7545 -2.47278
759 11.5566 32.946 1.37787
760 29.6256 36.5529 -1.42746
761 15.8186 14.0419 0.781214
762 20.4853 30.6872 0.459083
763 20.728 5.56584 4.86106
764 27.3592 3.42444 -3.18731
765 27.2305 27.9627 -0.580879
766 10.5453 16.9999 1.7903
767 34.147 18.3194 0.0227051
768 8.10758 10.816 -0.657716
769 23.518 30.5747 -0.631858
770 14.6013 25.696 -1.01385
771 37.701 18.5934 2.38742
772 14.6441 33.0911 1.24576
773 29.3501 30.5863 -0.998487
774 38.3946 38.1635 -2.79616
775 21.7926 17.7692 -0.634463
776 10.2215 21.9087 4.05502
777 38.5451 20.9233 -3.50529
778 29.5952 23.7353 1.27963
779 22.6842 1.30564 -2.49223
780 1.12405 7.36312 -3.12934
781 29.1941 0.149807 -1.2476
782 11.9522 6.37662 -1.50159
783 17.7095 13.0725 -0.781359
784 31.1417 39.1189 -1.09814
785 21.4771 21.9311 -3.25195
786 10.2546 27.4484 0.635143
787 27.2675 1.44365 -3.50548
788 0.352743 28.8488 3.50037
789 39.0954 13.8242 0.413726
790 8.81357 34.2371 -0.793668
791 20.5888 16.3973 1.98165
792 10.1674 32.5574 3.61522
793 20.3132 38.813 -2.46271
794 19.4217 22.0314 -0.242498
795 9.07162 10.3885 -0.282761
796 16.9641 26.6295 -0.378711
797 5.77916 33.9963 2.00427
798 23.0419 4.57346 2.15791
799 18.9311 37.4648 -0.571798
800 28.9054 7.93247 -4.38271
801 22.6767 14.485 -0.522289
802 36.6766 10.6772 3.26771
803 6.14524 38.0105 -3.66297
804 39.9814 15.516 -0.899681
805 34.6237 19.3532 -1.77024
806 10.6175 22.1917 1.17814
807 23.8375 4.11849 2.94321
808 28.6705 24.0232 0.836672
809 16.2671 13.0811 1.86829
810 16.1017 36.2357 -1.21007
811 7.85568 29.3649 3.02491
812 17.3023 32.4221 -0.0987371
813 35.8993 0.931534 1.15476
814 29.5735 33.9164 1.1631
815 32.6569 20.7863 0.225727
816 14.2539 33.9728 3.82996
817 13.3007 33.804 1.52575
818 11.4181 10.9496 -3.41477
819 26.3948 0.915336 0.256045
820 38.4888 38.2568 -1.62174
821 14.5096 9.4431 -2.93645
822 6.8542 10.1054 0.837818
823 39.4347 2.28018 3.27653
824 37.4649 11.8807 0.925523
825 35.1633 27.9699 -2.11115
826 0.957365 11.9839 -4.0343
827 36.6282 12.8675 -3.00849
828 27.5814 9.87119 2.16111
829 17.985 38.3181 -2.73974
830 11.547 20.7858 2.85151
831 11.3298 36.2685 1.72231
832 35.9751 29.2899 1.32597
833 13.5721 19.4359 -2.45833
834 18.5416 6.92539 -1.95843
835 7.19186 33.3527 1.01284
836 21.0274 34.7373 -3.36524
837 36.4802 27.1479 -1.19889
838 29.1079 13.5228 -0.455241
839 38.4944 24.5037 0.945642
840 28.3009 18.795 -0.629004
841 32.9085 0.151201 0.962287
842 27.0793 30.4274 1.07193
843 14.5197 1.13426 -0.0835846
844 6.83205 13.6396 1.78262
845 2.74759 29.6393 -0.686778
846 14.7169 34.6219 1.77111
847 3.3936 21.8871 0.116195
848 22.1452 14.1987 1.39563
849 11.3807 22.0101 0.968722
850 5.42169 37.1962 -3.46501
851 39.101 37.9435 -2.25583
852 28.724 31.5651 -1.38641
853 30.0847 24.3272 -3.17686
854 39.9783 31.9758 -0.336314
855 18.6335 0.969366 2.27083
856 17.5895 31.7778 0.0959005
857 7.53339 22.4632 -1.86054
858 1.52891 24.9649 -2.20796
859 20.0872 39.9575 -1.72079
860 29.667 23.1408 3.07714
861 0.34003 14.4507 4.04945
862 2.38804 33.5643 -2.14867
863 11.4293 17.8163 1.15303
864 26.5856 12.016 3.5582
865 27.5773 28.8126 -0.075367
866 28.4232 0.0706991 0.030748
867 14.4287 38.9359 0.24877
868 33.7028 24.9942 0.736297
869 37.1025 13.0461 -0.712577
870 6.78409 0.711103 1.61504
871 19.6453 19.8601 4.21039
872 33.1555 22.6696 -2.16857
873 19.1334 18.1125 1.27863
874 32.9442 10.5472 0.485545
875 1.28224 10.0366 -1.30709
876 2.55759 7.35676 -3.37013
877 39.6055 0.375183 -0.535071
878 39.3193 37.6497 -3.48665
879 2.35586 33.8161 -1.27371
880 39.2825 22.4102 3.01534
881 10.2148 22.5669 3.19859
882 21.1914 7.07132 -1.19511
883 3.21569 26.6839 -1.38015
884 13.5732 17.2667 0.646373
885 8.56405 15.3222 -0.0511487
886 14.4535 27.5339 0.367392
887 35.2629 17.3557 2.88433
888 38.6633 32.3464 -2.56252
889 7.07168 12.021 0.187237
890 19.4607 13.7549 2.60889
891 22.8236 19.9595 0.370147
892 27.49 2.57746 -1.16595
893 28.2435 29.6021 -3.14887
894 34.947 30.6513 3.88099
895 34.2295 20.911 0.117475
896 14.2111 34.7396 2.81879
897 2.83751 8.84343 -3.90215
898 17.1044 16.3211 -2.60021
899 5.83648 27.8668 -0.81224
900 17.6832 6.46619 -1.36975
901 3.10164 38.4176 -0.546292
902 0.575025 30.017 0.118034
903 4.9266 31.98 3.83398
904 19.814 2.08461 -0.695538
905 17.8675 32.3398 -3.53118
906 26.7916 25.7075 0.108999
907 22.5279 28.9538 -3.30877
908 30.9242 37.5405 0.0234125
909 21.7948 5.99462 -1.34824
910 35.3263 17.4325 0.952814
911 31.6046 24.6814 -0.0509617
912 23.4541 26.2083 -4.29418
913 1.25243 22.4806 -0.529236
914 10.6427 24.8912 -1.93658
915 34.5864 38.2889 3.18735
916 24.8026 18.3889 0.987721
917 5.13246 30.3777 0.0592613
918 2.86154 35.7354 0.744841
919 31.6599 17.9411 -0.96002
920 38.7414 17.8694 -0.221105
921 36.1622 22.6354 -4.19779
922 26.7353 14.8436 -3.97545
923 10.8861 26.7288 -2.51351
924 26.8945 37.1041 -3.57966
925 20.7826 3.64791 1.11725
926 26.5306 35.2313 -1.30949
927 12.5798 33.6195 0.876572
928 35.0585 3.64561 -0.951193
929 36.5746 28.0584 -3.11903
930 14.5655 7.61908 -4.15628
931 22.6636 18.6731 0.812191
932 12.5819 24.0839 -0.801884
933 10.2434 7.52512 -2.72179
934 29.8221 31.2049 1.1997
935 0.965218 6.17284 -4.03603
936 3.28477 22.1976 1.44406
937 10.3364 37.6327 -1.34961
938 19.478 22.1578 0.8086
939 25.0795 8.26457 1.19888
940 17.4797 19.6182 1.58706
941 20.8739 22.8884 -0.646764
942 1.50149 7.09934 -0.157597
943 11.8395 6.44349 0.325321
944 37.3764 28.1222 -1.84824
945 6.35744 3.79365 1.20801
946 19.9835 21.9713 -1.41712
947 23.9342 2.92483 -0.570763
948 9.76816 33.4416 0.570859
949 6.66385 8.50879 0.596974
950 33.4739 22.2564 -3.32667
951 21.4677 8.25509 1.67338
952 13.9616 12.618 3.71801
953 35.8564 13.3803 -0.211305
954 5.68498 39.258 1.73415
955 37.542 10.2074 -2.24276
956 33.0367 6.24084 1.06024
957 30.6286 14.8149 0.77852
958 3.39674 32.4074 0.851844
959 30.748 34.2736 -0.227887
960 2.52253 7.50115 -0.400876
961 1.4456 35.5216 -2.61441
962 12.5573 31.6752 -1.99747
963 15.9512 26.7619 -2.19696
964 5.20907 11.7756 2.50104
965 39.1496 31.6486 -2.97597
966 14.6622 18.2385 -0.0769944
967 22.9419 38.8135 2.07843
968 35.82 29.9109 1.13544
969 13.0344 39.6115 1.30529
970 23.3411 39.7537 -0.192652
971 35.7041 12.0598 -1.13542
972 9.3691 17.9768 0.595998
973 10.7642 21.4086 4.28246
974 27.0746 15.8342 -2.17791
975 14.5024 28.051 2.57089
976 3.91103 2.91693 4.57386
977 2.96797 1.32101 2.75533
978 12.8907 24.1252 0.535477
979 2.78671 34.161 3.98706
980 36.3076 12.6178 1.59895
981 5.72346 9.80327 4.20029
982 4.07221 3.12273 -1.50134
983 22.6841 17.1482 4.45363
984 14.5085 33.949 3.03309
985 5.66305 19.7014 1.30132
986 29.4065 16.0844 4.08145
987 5.60518 7.7492 1.5463
988 0.149543 30.4629 0.431382
989 15.785 26.9129 -2.53174
990 27.5127 19.0475 -2.68841
991 11.1509 22.6191 0.637668
992 38.5846 16.5171 2.49986
993 9.57473 17.4442 -0.884164
994 27.1741 19.6427 -3.20088
995 8.79379 22.5617 1.82417
996 34.0365 18.1441 -0.215644
997 38.2607 12.4085 -0.939309
998 39.5371 3.39865 0.121584
999 31.8339 27.7257 -2.81239
