1000
Particles
0 39.3018 2.89352 -2.52482
1 32.653 19.2523 -2.27008
2 21.2399 4.20511 -2.32942
3 9.01275 39.7506 4.17379
4 13.2959 18.3076 0.557218
5 24.0624 5.88184 2.16475
6 29.6156 1.726 -1.98551
7 36.0438 16.4487 1.76161
8 5.55271 28.0905 -1.21169
9 32.4425 23.8569 -0.277372
10 25.6868 33.6134 1.0626
11 5.50589 32.6532 -1.77392
12 35.6723 26.5231 -4.11029
13 0.212269 7.07365 -0.490549
14 28.6831 15.7538 0.791425
15 32.7001 31.3394 0.391394
16 24.0015 33.2686 -0.70247
17 31.1999 11.513 -3.82699
18 32.795 15.819 -3.17417
19 16.5521 18.816 -0.825541
20 7.73991 15.0919 -0.892838
21 36.1722 39.7959 2.7637
22 34.7813 22.0721 -1.05234
23 29.3382 15.8061 -0.164962
24 34.6504 9.36335 -0.475235
25 3.97887 32.4581 -0.323269
26 21.1326 29.1901 -3.39486
27 13.0524 16.5493 3.69715
28 4.78244 33.5076 -1.57715
29 28.8217 10.9207 1.44696
30 19.5927 23.9792 -1.36072
31 11.8686 16.1263 -0.884257
32 18.2905 11.6108 2.08104
33 9.15377 1.44061 -1.26143
34 22.8245 16.4492 1.72013
35 26.7244 39.3299 -0.757815
36 15.4733 37.0231 -1.46587
37 38.8152 24.7249 -1.08166
38 28.3296 38.308 -0.470803
39 29.8277 15.1424 0.500802
40 31.9961 35.2742 -0.253937
41 18.4501 15.3241 -2.86088
42 32.8612 21.972 -0.73675
43 27.61 36.4965 -0.240282
44 21.7995 23.8224 1.77732
45 5.09057 28.7282 -0.505758
46 3.244 9.94335 -4.08863
47 36.3298 4.1876 3.85145
48 1.82071 35.3614 0.234796
49 8.28524 31.3942 -0.470957
50 38.6494 1.42135 -0.849199
51 15.0988 3.17846 0.789285
52 35.1042 9.51031 0.472855
53 14.8325 8.61828 -3.98165
54 36.526 27.3148 2.06332
55 36.1518 18.785 1.66514
56 29.0969 8.10203 -0.0669595
57 4.26425 32.8888 -1.73662
58 36.5935 18.7968 3.86244
59 3.95457 31.7578 -1.03985
60 8.64662 28.8262 1.42304
61 14.4762 25.0994 -2.39877
62 29.7278 0.993283 -0.30249
63 11.9267 14.9751 -2.92975
64 37.5708 30.0464 2.41606
65 14.9114 39.596 -3.25776
66 10.5753 18.8685 0.500114
67 25.7552 23.2438 1.70264
68 10.7755 5.69824 0.282527
69 13.5908 4.29207 0.16929
70 4.41386 35.4857 -1.6018
71 12.5944 7.5708 -1.67505
72 5.65689 16.0633 -0.700367
73 20.4297 27.8538 -0.93677
74 7.5726 2.20687 -0.696768
75 0.85655 35.6986 -0.73048
76 19.8704 8.20287 -1.63313
77 9.25024 25.1377 -3.77309
78 37.8533 30.1885 2.48967
79 37.144 4.7969 3.82371
80 36.999 4.98677 -3.3892
81 4.40249 25.5795 2.36742
82 10.3584 9.38676 -4.03425
83 16.0806 24.3287 -3.56464
84 21.2203 16.49 -3.58079
85 0.658792 19.0749 -1.84544
86 19.1729 5.63739 3.84771
87 19.8337 37.3022 -2.70165
88 1.92175 38.1677 0.502073
89 3.85071 38.2131 1.53533
90 33.8804 35.7208 0.993024
91 20.4491 12.7584 -1.72142
92 18.3285 19.2942 0.950605
93 20.0024 7.67173 -0.698639
94 14.5792 15.8218 2.14898
95 21.5561 4.19408 1.21402
96 13.5147 29.3018 -4.41131
97 22.4776 34.9124 1.1713
98 0.628701 24.2225 2.17949
99 8.31504 34.4911 -0.514651
100 31.3919 15.1406 -0.373675
101 18.0676 22.0766 3.20428
102 22.478 32.7692 -0.524981
103 11.4926 0.784746 1.72986
104 26.5584 3.27983 -0.869076
105 22.4719 29.8224 -0.454766
106 35.3906 11.452 -1.37641
107 19.1524 22.4178 -0.179667
108 23.7451 11.9425 -2.00296
109 35.7825 31.1843 1.47639
110 12.6815 0.813148 1.66321
111 6.43444 32.6541 -0.435707
112 32.3722 37.4416 -1.99309
113 32.3618 21.6145 0.166038
114 1.29923 25.6692 -3.20837
115 31.8451 21.2091 2.09217
116 24.8222 29.8581 1.75197
117 20.9104 31.3461 -3.24566
118 24.7903 1.1226 -2.28201
119 36.0997 19.1054 3.39753
120 32.6274 34.0217 2.0629
121 27.4335 12.3751 -2.77731
122 36.5826 14.7938 2.1119
123 6.07401 23.7517 0.302747
124 14.722 37.0051 1.2312
125 26.6141 37.5841 -0.795693
126 26.9257 22.8384 2.25535
127 0.0337054 0.233172 -1.15743
128 31.8491 10.2594 -1.62772
129 2.73321 12.3489 0.989339
130 34.7055 3.2131 -1.4647
131 31.4559 28.605 -1.49729
132 22.7688 35.9605 1.17983
133 32.0133 31.3739 -3.02754
134 9.31499 29.7826 -1.74564
135 14.8983 2.83868 2.34089
136 29.1821 5.60728 -2.13019
137 30.7363 33.4123 -3.69576
138 9.15996 24.9753 -3.64239
139 16.2345 1.60252 0.19193
140 19.7977 31.2965 0.708889
141 36.9137 30.2664 1.27045
142 25.6558 36.3597 -2.37614
143 17.2422 27.9631 -0.326072
144 7.26397 26.8661 3.09093
145 29.5393 20.597 -3.82255
146 32.8374 9.08297 -1.77142
147 35.5488 36.8755 -1.48438
148 38.7396 9.6311 -2.81511
149 16.1544 25.0134 -3.27844
150 17.8867 14.3876 2.65524
151 36.3269 35.6586 -0.236159
152 17.7639 11.9512 1.6723
153 20.6382 1.44755 -1.05408
154 26.2725 36.4138 0.366038
155 31.8576 30.0883 -1.85376
156 36.484 26.7704 4.22482
157 16.914 15.2592 -1.38569
158 17.3892 28.7007 0.260397
159 13.9171 25.7774 -0.184586
160 6.36154 14.3905 0.505948
161 11.9207 21.5235 1.49206
162 24.8423 35.6771 1.79041
163 8.14169 3.76425 2.48981
164 12.2217 0.747379 0.184312
165 27.3799 6.8341 -0.0647201
166 34.2074 8.28047 -2.13912
167 10.9395 0.85827 -0.489443
168 34.8785 21.5424 -0.67647
169 4.73304 35.5677 -0.0141032
170 37.6619 35.2956 -4.53796
171 22.0589 38.3722 0.583425
172 36.2429 22.0012 -0.83156
173 22.5053 32.7826 1.3372
174 13.2169 34.1942 -0.549782
175 2.4425 9.4033 -2.97776
176 24.2704 23.7135 -2.70195
177 18.4143 7.19641 0.177458
178 22.8703 16.1651 -0.748464
179 29.5614 8.39584 -0.639838
180 14.014 10.3957 -1.44274
181 35.5418 30.9487 -1.40997
182 20.2876 13.2707 1.07041
183 3.01102 20.0375 2.92892
184 27.8018 38.462 -1.12667
185 16.8716 11.0716 0.394833
186 26.2421 4.71991 -0.427686
187 7.39754 0.107388 -4.06666
188 21.2367 19.7119 2.98586
189 10.7721 24.7992 0.504118
190 27.0274 24.8952 3.60114
191 10.762 30.7181 0.85258
192 34.899 3.24266 -1.5879
193 29.9697 17.7567 0.476727
194 15.7497 26.7611 -0.560536
195 14.7725 17.2258 3.12404
196 25.9347 35.0685 0.964778
197 18.2669 38.104 -2.2307
198 31.2492 18.8181 -0.485534
199 13.5987 12.6404 -2.22176
200 35.7441 36.7331 -1.61998
201 35.0579 20.2727 -0.972013
202 18.0079 19.6089 -0.667164
203 27.497 15.4477 -4.46637
204 33.2093 33.1442 0.380003
205 34.4015 32.8702 3.56377
206 16.3918 4.53634 2.09661
207 38.5675 30.1216 0.894295
208 31.4663 28.0225 -3.25064
209 6.34244 34.2977 0.132715
210 7.25004 26.5794 0.693862
211 33.5511 22.1219 2.10343
212 39.9753 33.0211 -3.7611
213 2.52982 6.76231 -0.975505
214 34.9827 25.6997 -3.41966
215 37.1445 23.0102 3.78686
216 29.6636 20.5471 -3.57754
217 6.76125 8.93645 -0.90824
218 14.8321 17.124 4.3955
219 26.6691 5.68012 3.10403
220 17.0425 4.43319 2.5539
221 22.8846 10.0253 0.705133
222 35.9644 28.5539 2.06762
223 19.1081 36.0224 -0.694342
224 6.21314 29.7853 0.703124
225 30.8141 9.09748 -0.392391
226 1.96095 22.1274 0.168711
227 8.47947 3.49248 0.444955
228 20.4824 8.54143 -2.99727
229 35.0177 19.7578 2.76192
230 29.9203 7.29355 -3.089
231 17.1009 19.8591 1.38936
232 31.7656 11.3923 -3.91026
233 39.343 10.4075 0.679661
234 6.44668 39.871 -1.79429
235 0.374527 8.68905 2.18297
236 8.43171 0.473297 4.2388
237 11.3631 25.0348 0.0314521
238 11.1817 10.8291 2.36018
239 35.1313 13.79 3.94651
240 24.3129 23.209 0.255405
241 21.1802 29.3747 -4.25398
242 0.136349 4.72726 -1.60571
243 27.1272 36.1896 -1.88099
244 1.45838 19.0582 -2.85373
245 19.4537 2.91357 -1.5211
246 32.8011 10.192 -1.66732
247 5.90343 2.86305 -2.35488
248 1.20479 20.3149 -1.46411
249 18.7123 31.236 1.07629
250 10.1312 1.15788 2.33647
251 39.1181 8.59798 0.333926
252 33.6716 19.2744 -0.318265
253 29.2762 11.951 0.682685
254 37.4724 35.3543 -3.65654
255 27.3304 25.7827 0.125784
256 2.36051 6.81612 -0.20487
257 30.2658 16.1536 2.73112
258 32.9847 35.763 0.654252
259 30.9804 15.553 3.91493
260 6.7177 9.8023 -1.22016
261 25.7605 22.5381 2.25144
262 26.6945 32.9752 -2.13053
263 0.124308 3.10717 -1.42323
264 5.40214 29.0303 -0.96383
265 2.41423 19.1934 2.44855
266 38.5692 10.8092 0.216853
267 3.36314 25.2849 1.18749
268 1.62619 26.3169 -1.45409
269 20.8451 37.2519 -1.66364
270 3.51394 9.29657 -1.51314
271 32.1832 11.6828 2.3032
272 21.1166 15.9312 -3.3608
273 25.968 34.4436 2.08125
274 9.88255 4.58432 -0.542436
275 3.92715 19.7693 1.90577
276 28.9392 20.2352 -1.51613
277 7.33404 27.5364 2.16828
278 7.06138 9.73599 -3.93104
279 2.49693 21.775 0.10002
280 39.5649 20.6864 1.8884
281 23.7821 13.4133 2.33635
282 11.7784 16.9254 -3.13424
283 19.7845 37.7454 0.00619501
284 30.4005 23.035 3.08588
285 33.9454 36.3127 -0.196448
286 34.7565 7.87919 -1.44525
287 8.34936 18.7854 1.00317
288 6.90102 36.8647 2.92295
289 14.2588 29.7581 -3.30159
290 35.9796 25.0151 -3.93257
291 16.9196 14.6566 -3.88898
292 38.3771 24.7893 -2.2581
293 5.89111 2.78803 -4.0313
294 30.584 29.2859 0.7624
295 14.2863 11.0077 -2.24187
296 27.781 23.4202 0.219831
297 0.782027 26.7061 -2.34822
298 23.2639 35.2864 0.868491
299 18.0031 32.2181 -2.25423
300 29.1952 8.22649 -1.63953
301 32.1217 22.4153 -2.99446
302 17.2934 37.8234 -0.964966
303 7.37207 28.8435 -1.10554
304 9.35207 23.4576 -3.49058
305 6.68819 25.8528 0.709151
306 31.9337 10.8699 -1.39984
307 9.50995 15.8697 -3.48343
308 1.0862 18.2765 -0.501982
309 11.3987 36.0288 -1.37132
310 17.1969 21.5078 -2.01848
311 25.6676 8.12983 1.64732
312 37.6855 38.1355 2.66719
313 34.2326 0.603182 2.00121
314 13.6518 2.74454 -3.06411
315 38.1419 29.4449 0.483612
316 36.2855 35.5139 -0.0506532
317 33.0043 32.3342 1.6097
318 22.7367 19.8162 1.41935
319 1.62107 36.3521 -1.45431
320 0.874658 24.8563 1.6626
321 31.2581 3.17754 -0.662512
322 4.51975 34.9604 -0.357351
323 17.155 35.2224 -2.17951
324 30.3149 13.6118 -1.23486
325 7.79604 26.0387 0.764515
326 1.60058 7.59917 2.13874
327 16.8393 38.7114 -1.9567
328 17.4677 25.7475 -0.205776
329 0.366104 21.0041 0.650332
330 4.27384 10.9766 0.39587
331 11.0057 36.9629 -0.954095
332 32.028 12.7524 -3.74654
333 19.3157 18.7139 -0.0875531
334 9.58605 8.84449 -0.652901
335 10.9496 39.6243 -0.91116
336 20.1422 36.4308 -1.35608
337 5.31191 18.3192 0.299601
338 13.6058 28.1668 2.90132
339 0.347439 32.1446 -1.52058
340 4.91 25.3223 4.17919
341 31.9253 31.486 0.367097
342 10.4859 11.6469 -0.835163
343 11.7746 13.1857 -3.17136
344 12.2723 38.5764 3.33955
345 38.1847 27.2372 2.33658
346 17.006 6.36885 -2.5942
347 5.70247 37.8458 2.23652
348 8.31095 21.6505 -2.80193
349 12.8716 16.9873 -0.754383
350 8.74047 12.9364 2.75749
351 8.52912 22.5432 -1.28406
352 27.3794 22.5586 -0.253244
353 26.3576 4.38173 -1.88865
354 33.0446 38.4324 -1.92055
355 22.0888 24.4592 0.0343956
356 28.0327 29.2303 -4.15971
357 12.3467 25.451 3.99628
358 12.6098 15.9177 -4.09086
359 32.7327 28.2251 -2.02525
360 31.0342 26.2271 -2.8157
361 27.0839 30.7868 2.53745
362 37.8926 24.8715 -2.87334
363 39.4823 7.03433 -1.16909
364 8.06306 12.7129 1.55702
365 4.64481 1.43991 -3.63877
366 12.5763 6.60602 -0.512856
367 11.5741 37.6943 -0.298566
368 26.8383 6.38687 -3.30599
369 18.4554 31.6134 -0.846133
370 18.2212 26.4531 3.28601
371 23.8148 21.5553 -3.72035
372 27.0767 26.6548 -0.959406
373 11.0285 7.88636 -0.886802
374 13.3523 18.8173 0.877363
375 14.6127 13.0679 0.957511
376 2.23123 30.167 -2.036
377 3.99798 9.15082 -0.808697
378 11.7684 5.6242 0.63392
379 32.1801 30.9243 -0.366154
380 36.8617 29.7588 1.61773
381 11.392 32.6834 -2.19075
382 1.45516 16.2141 -0.475606
383 15.893 34.7806 0.788288
384 24.9169 0.990981 0.38027
385 19.4104 14.5402 -1.20334
386 21.9502 8.26619 1.01957
387 8.67806 3.34918 1.12503
388 31.2992 22.4181 -3.02454
389 3.87304 7.14062 2.91589
390 30.6263 27.8626 -2.4933
391 15.7029 12.6003 -0.0162588
392 23.3012 27.8962 -2.31831
393 20.2795 12.2132 -0.785121
394 30.8899 37.0596 -3.90931
395 33.3103 17.3018 3.01354
396 3.16499 4.82192 0.945892
397 5.45663 3.11115 -3.20956
398 2.78073 32.4593 -3.07584
399 38.2619 18.5396 -2.38076
400 3.03005 36.7453 -3.67717
401 22.2361 37.0122 -3.7552
402 32.3061 10.0713 -2.99834
403 1.67435 27.541 1.22726
404 26.2598 30.583 1.11924
405 2.02495 23.4295 3.22108
406 26.8823 2.01128 -0.827442
407 39.1655 38.3896 1.07012
408 7.38474 12.8859 1.34041
409 14.8083 6.92266 3.44895
410 24.2551 23.3599 -2.5534
411 19.0813 22.0906 3.3088
412 1.93726 6.57277 -1.85351
413 17.5323 11.5674 4.27765
414 4.85266 13.4687 -1.73707
415 13.0256 27.7025 -0.51154
416 25.6163 34.6031 2.11315
417 3.70899 5.73252 2.10706
418 31.0597 27.0187 -1.75175
419 22.4645 12.8909 -1.33763
420 21.0485 38.5951 -1.56371
421 4.12368 14.2663 -3.21754
422 10.7706 9.88162 3.24024
423 30.7305 8.48498 -1.92791
424 26.0681 20.1456 3.28999
425 22.8119 39.3168 0.387952
426 10.238 22.9606 -0.810335
427 17.4112 19.4356 -0.378037
428 0.750867 7.30337 -3.11754
429 5.45623 9.64615 -1.57234
430 20.4339 15.9148 -1.75171
431 10.2463 10.4196 2.83588
432 18.6716 36.1054 0.820201
433 30.4081 25.699 1.91546
434 3.83154 23.2959 -2.74005
435 28.0629 36.9797 -1.42356
436 0.236893 23.1332 2.90566
437 10.9266 35.4783 -2.05466
438 9.13034 21.3016 -4.38975
439 33.3812 20.9559 1.59783
440 27.1192 0.138761 2.30414
441 9.79704 4.09294 -0.141987
442 15.158 25.854 -1.15539
443 20.4385 16.8008 -2.65961
444 8.87995 16.4204 -1.69943
445 5.82865 23.4099 -0.013772
446 19.983 9.09185 -0.375856
447 0.906119 10.8546 3.38544
448 33.42 26.4534 -3.17804
449 13.4655 15.8175 -1.24136
450 11.1639 21.6479 2.68645
451 35.5599 11.4607 -2.71945
452 17.5259 12.053 3.00238
453 5.52304 32.3124 -2.71203
454 35.8664 10.1221 -0.752732
455 32.1551 5.32971 -1.24013
456 9.55443 9.02346 -0.786707
457 23.535 19.852 -0.238404
458 34.6317 19.0092 2.12866
459 10.4749 8.3929 0.132495
460 10.1338 2.01201 2.74332
461 10.6017 39.8168 2.05828
462 27.0866 14.4942 1.59042
463 1.02621 33.7596 4.71259
464 32.8681 20.2166 3.79193
465 30.7343 14.7642 0.59491
466 32.6746 22.1429 -2.83274
467 3.13053 38.4081 1.05169
468 28.0761 36.7814 -3.23606
469 16.9251 28.0571 1.37106
470 10.1349 13.0732 -2.77332
471 37.0472 17.0521 2.83256
472 13.6271 14.9119 -2.18004
473 11.9508 3.64564 -1.39738
474 5.45048 35.4899 -2.31279
475 30.866 5.69677 -1.00871
476 21.076 30.867 -4.4661
477 14.6465 31.0065 -0.466794
478 33.7142 17.715 0.519568
479 3.99328 25.6618 2.26596
480 32.2997 16.2088 -0.780844
481 24.682 35.6754 3.06641
482 7.12023 29.4252 -0.649313
483 14.1956 30.0751 -0.437044
484 9.78676 36.0389 2.37646
485 4.97492 39.8445 -2.38075
486 20.4476 26.6407 -3.48137
487 30.9909 30.104 -1.83077
488 34.3547 9.39085 -1.91973
489 19.6753 4.134 1.17634
490 3.23788 6.34269 1.43347
491 16.7853 13.2292 -1.17096
492 25.9464 1.25668 3.58495
493 4.1338 25.7223 3.12961
494 8.59755 20.1203 0.408147
495 30.7516 15.1831 0.346188
496 34.7759 18.3661 0.726491
497 3.44336 30.255 2.97159
498 20.0741 17.0138 -0.478934
499 5.96389 16.2576 0.467938
500 4.68461 13.2631 -0.549494
501 26.9278 17.9564 -3.31925
502 2.72149 2.73811 1.97344
503 15.2406 26.4089 -1.52903
504 38.4602 31.6533 3.94858
505 6.19348 3.01951 -3.63279
506 27.4403 26.0477 2.70271
507 23.447 8.02376 2.3505
508 1.9374 27.5151 -0.366741
509 29.2728 0.132932 -1.31022
510 31.1242 2.35312 -0.907456
511 21.7445 30.3882 -1.41789
512 39.6936 32.9591 -3.23317
513 18.8089 36.3505 -1.70847
514 11.053 25.7198 1.30916
515 18.6867 14.8539 1.34567
516 21.7678 2.99825 -0.0906579
517 10.6397 9.33306 -4.15555
518 18.1877 18.2053 -0.0313551
519 19.8475 14.0793 2.95715
520 35.3464 10.0594 0.0556925
521 36.7955 30.3723 -0.905388
522 20.3951 22.9032 1.09365
523 10.8785 20.7744 3.18009
524 4.02158 23.1807 0.0971533
525 8.57609 13.1018 0.903863
526 0.269527 20.1542 -0.586283
527 14.1225 4.74558 1.41417
528 20.3309 7.05433 -1.34112
529 30.9091 3.51452 -1.53762
530 38.5745 8.71425 -1.90396
531 26.8131 9.69761 -0.395656
532 20.27 36.2346 1.79814
533 25.5762 30.2252 0.322871
534 14.0076 26.6855 0.62567
535 9.88495 2.0481 0.496913
536 32.9755 19.0454 0.524741
537 0.303423 18.9845 -1.20403
538 1.94934 37.9401 -1.2885
539 2.76907 3.66836 -1.10213
540 30.5727 27.4059 0.221184
541 25.4077 20.6945 -1.25622
542 1.0028 28.7064 -3.16663
543 13.6055 15.5726 3.65035
544 9.23947 2.66932 1.68309
545 12.0178 21.7658 1.1664
546 39.8955 35.0377 -0.736942
547 3.95848 19.3167 2.31044
548 38.5384 31.881 3.43706
549 2.58858 23.9328 -3.09036
550 7.34253 33.6668 -1.04197
551 20.6188 18.709 -0.0494959
552 39.8008 8.85291 0.617291
553 19.8888 23.1676 3.31052
554 16.3178 7.70601 -0.656151
555 38.0451 17.374 0.79161
556 31.1406 18.4671 0.213566
557 8.14549 25.9169 1.24781
558 32.6659 0.381395 -1.18826
559 25.5124 32.8514 1.14586
560 30.8468 24.1113 0.948642
561 10.5137 21.7809 -3.36974
562 6.37804 23.4863 1.18135
563 1.82652 17.4515 -2.03119
564 15.8317 21.6361 -3.89425
565 38.0134 16.4476 0.995206
566 19.3928 35.1367 -1.34652
567 32.4044 11.6369 -2.12776
568 39.0353 6.82727 -0.386217
569 2.2741 18.6316 3.79926
570 5.44886 25.5512 1.39359
571 19.2822 12.2086 0.999697
572 0.287551 33.0817 -2.48448
573 19.7634 2.90503 -0.131325
574 16.6065 18.8352 -1.6838
575 18.0395 20.2557 -1.6121
576 37.5589 4.2655 2.11642
577 25.5022 29.7401 2.75775
578 2.67507 36.2389 -0.676631
579 7.92218 8.33886 -0.903647
580 5.97405 30.5881 -0.860154
581 6.8359 29.547 -0.0182838
582 25.361 28.5494 1.71911
583 26.1751 39.3881 0.729994
584 35.3136 10.3087 -0.583786
585 5.95171 16.9946 -0.172452
586 26.8824 20.6172 1.44332
587 33.8962 32.2331 3.97316
588 20.1754 36.2811 0.791359
589 26.756 22.4831 -0.893467
590 7.48439 3.08185 3.93546
591 1.04071 19.9227 1.13999
592 30.9258 26.6311 -3.90949
593 17.2225 26.1459 -1.73762
594 9.90891 1.98817 2.7753
595 23.2346 19.5817 -0.324156
596 34.2481 35.7241 -0.47677
597 32.5279 8.81532 2.98291
598 34.727 12.3407 -0.0329155
599 15.15 34.5597 3.92844
600 5.32528 0.0443022 -1.85771
601 18.8743 33.8755 0.222285
602 4.44525 19.3034 1.49941
603 17.5032 20.3697 0.756273
604 35.423 26.4384 -1.36571
605 6.80072 1.2751 -0.929025
606 2.06648 27.3369 -3.4212
607 4.55738 10.5111 -0.356559
608 4.20836 1.90999 -1.5007
609 23.9154 37.0305 2.16181
610 35.5847 26.3328 3.81293
611 0.611906 24.6631 2.60856
612 20.4502 12.2813 -1.08229
613 25.9747 12.1617 -0.559158
614 39.451 8.28167 1.31725
615 34.0486 7.5154 -1.30742
616 33.9322 17.5237 2.39701
617 23.8607 33.7114 -0.812189
618 37.0414 4.62216 -4.98311
619 25.2594 33.4685 2.73292
620 33.019 31.3143 -2.76924
621 30.1961 14.7568 1.23256
622 11.2178 1.2423 0.568925
623 19.1471 12.8128 -0.671385
624 31.2361 0.793391 1.98753
625 17.5464 10.7566 1.20147
626 5.4741 39.8244 -2.33328
627 2.98725 33.3048 -3.32245
628 21.4023 13.1566 0.570885
629 30.6012 0.669759 0.754278
630 34.8628 28.6394 -1.50394
631 30.6876 38.0072 3.27204
632 30.5834 31.2388 -0.0312304
633 33.5555 23.4117 0.111488
634 38.467 37.8376 -0.202991
635 25.4409 29.324 2.33653
636 20.7469 7.44657 -1.38592
637 1.42942 24.3166 2.10567
638 37.0426 23.8976 2.17192
639 32.7926 5.38225 -4.73396
640 3.56979 18.3013 1.42535
641 22.3062 39.4583 1.40039
642 15.6301 38.8508 -2.62848
643 25.6666 28.9685 3.0991
644 12.3322 6.28123 -0.401133
645 5.79592 9.79283 -1.55987
646 10.4809 12.25 1.51119
647 9.15699 18.9276 1.96184
648 33.3861 36.8912 1.04387
649 23.531 25.2188 -1.17804
650 30.9382 13.241 0.0438439
651 25.6307 19.026 1.44295
652 39.9942 39.1696 2.57356
653 11.334 0.647744 1.2376
654 20.9225 15.9464 -3.22135
655 32.6525 33.298 0.344216
656 12.2369 13.3168 -2.09766
657 20.4281 5.6085 2.26363
658 9.70529 27.1538 0.357186
659 29.1491 1.1351 -1.62911
660 29.6584 15.4273 1.08897
661 37.2939 16.7019 0.516276
662 30.3048 30.7627 0.0232632
663 17.7129 22.133 -2.77279
664 31.5047 15.4088 3.058
665 33.1181 37.8231 -0.621784
666 28.5756 0.85434 0.458416
667 35.6361 32.3917 0.647921
668 7.72015 35.4824 0.885995
669 16.3707 28.8435 2.1675
670 37.831 25.4887 -2.71993
671 24.3831 36.4403 1.64589
672 15.5764 28.5258 2.30484
673 35.9165 9.60146 -0.416725
674 12.5165 18.5877 2.59495
675 30.797 15.8967 0.116563
676 29.2023 0.964683 -0.181195
677 30.2548 15.4208 1.206
678 29.5478 36.1501 3.88369
679 22.0932 18.9151 2.95701
680 15.2815 25.3665 1.68263
681 11.9643 39.1025 1.53345
682 30.3241 35.4101 -3.46446
683 31.5935 20.7007 2.6034
684 11.2853 36.2939 0.337337
685 25.3311 26.9674 0.82072
686 3.83871 6.34318 -0.382352
687 24.4215 13.3827 3.05864
688 34.8562 2.08506 -1.41488
689 13.0601 35.3427 0.930613
690 19.9136 29.5835 2.24894
691 15.4896 31.5985 -2.1482
692 27.0458 14.8494 4.48618
693 37.32 16.1291 1.99251
694 25.8105 34.8099 3.83137
695 15.3788 30.5141 2.06082
696 33.2937 27.831 -2.94641
697 31.1324 7.74291 3.20724
698 34.7768 15.3629 2.1568
699 22.017 19.3305 2.36018
700 3.16877 2.91133 1.59788
701 26.3122 1.78516 -0.6503
702 0.21201 3.58642 -1.6341
703 33.2206 18.8332 -1.32553
704 29.3067 28.5663 2.15333
705 1.45871 33.1045 4.67322
706 34.4873 31.5334 0.389872
707 11.041 9.28462 3.43697
708 27.5676 17.2155 1.90909
709 26.9988 3.07829 -1.03497
710 20.8257 29.4868 -1.78077
711 32.7644 31.077 -1.46408
712 28.4169 13.0009 -1.45065
713 34.2123 11.5651 -2.5686
714 26.1598 26.8815 0.155421
715 2.56555 4.68372 -0.12251
716 22.3793 34.739 1.48245
717 13.8158 25.4811 -2.97042
718 14.1264 28.718 -2.7108
719 7.47387 35.3244 -0.533105
720 16.7191 21.7245 -1.0141
721 31.0467 33.564 -3.5098
722 3.58734 6.54168 0.320663
723 17.9225 38.4123 -3.60548
724 12.1914 3.21136 -1.54201
725 29.3239 8.31155 -0.154557
726 7.6018 29.9055 -0.197451
727 2.00051 32.0654 -1.3491
728 1.73882 11.9214 2.35467
729 19.2673 39.3267 -1.09827
730 16.9671 11.6211 -1.79589
731 31.9635 19.5875 0.338501
732 27.0657 37.588 1.06405
733 34.2601 25.2196 -1.88872
734 25.5122 14.1242 -1.30371
735 18.136 21.2401 -2.07267
736 24.3687 28.6138 2.31739
737 32.9137 27.3183 -2.58647
738 13.5482 9.23504 0.0893959
739 13.1766 29.9609 -3.23753
740 38.6482 19.2772 2.55385
741 6.84125 32.8262 -0.997427
742 25.1748 14.1998 -1.8091
743 18.2732 27.5622 2.11005
744 31.1683 26.7584 -2.00005
745 19.8948 30.9905 1.24873
746 16.7872 15.6036 -1.45299
747 17.6019 22.8483 0.434278
748 12.341 24.9696 -4.41269
749 4.60244 6.72136 3.74835
750 4.20938 30.1089 2.58275
751 9.40057 1.72621 1.47434
752 32.0213 16.4763 -0.190134
753 6.47858 19.8379 -1.5079
754 29.3123 20.9877 -1.29902
755 24.9673 7.24887 0.428109
756 36.6095 6.53825 -3.69165
757 17.1878 21.4848 -2.47535
758 31.5937 26.4995 -1.27618
759 8.18414 30.6199 0.446345
760 31.4157 38.904 -0.636537
761 13.3881 15.8956 -1.46635
762 26.1372 23.4077 8.64483e-05
763 13.0114 1.10139 -2.51425
764 26.522 2.96969 -4.14377
765 28.0152 28.3098 -1.24404
766 7.56255 16.4643 0.701764
767 34.2219 18.311 2.86413
768 7.13812 13.5301 -0.883294
769 23.3996 29.7991 -3.46339
770 10.2812 25.011 2.44921
771 0.847737 21.5678 1.5533
772 14.1065 34.7076 2.79651
773 33.1354 27.9688 -1.52929
774 36.7523 36.4826 0.804823
775 17.3605 15.5832 -0.37633
776 16.558 22.4191 -2.29801
777 0.627581 20.0855 -1.76539
778 30.3364 24.1713 3.28701
779 17.3133 2.40386 -0.241162
780 3.51538 5.77932 0.30378
781 31.3315 2.89688 0.738759
782 11.1213 6.33239 2.41
783 14.5468 7.95439 -3.20733
784 31.4736 2.20948 -2.66858
785 23.0736 19.0068 -0.473775
786 6.71128 25.9638 2.28575
787 30.5155 2.32816 0.355217
788 3.42828 34.3388 -1.49099
789 38.1577 15.3519 -0.0392044
790 9.5567 29.0614 -1.29903
791 18.7053 15.1022 -3.13768
792 10.2761 26.8341 2.97559
793 26.5167 38.5637 -1.41967
794 25.0162 22.9092 -0.478444
795 10.255 10.4487 1.20525
796 15.9165 26.4935 -1.21415
797 5.17405 31.669 -1.9877
798 28.706 4.90349 -1.61191
799 27.9797 39.125 0.0826811
800 30.3177 9.25129 -0.478047
801 22.7566 13.3608 -0.973024
802 33.7616 17.6384 1.71522
803 6.63133 1.95975 -1.30659
804 5.39677 16.1771 2.27579
805 1.39169 21.2378 1.30918
806 13.3845 22.3443 0.00111225
807 22.9963 7.52697 2.47536
808 25.7317 20.2035 -2.70109
809 17.35 8.67189 -0.884568
810 15.7662 39.4313 -3.98598
811 12.9385 26.9317 0.88649
812 10.7887 39.2708 -0.433889
813 0.860541 6.77677 0.791482
814 26.1023 34.9884 2.04437
815 34.7422 24.1178 -0.491709
816 14.9161 36.7722 0.049503
817 15.4178 37.4105 1.18274
818 9.0526 13.9712 3.1071
819 24.8362 2.64039 -2.1916
820 35.7349 39.7772 0.967924
821 11.5812 9.77424 -4.36596
822 7.75691 9.58802 -3.12517
823 32.4982 38.3414 -3.93246
824 38.381 15.5921 0.578871
825 34.0832 25.7621 -2.75496
826 1.2406 16.8137 1.52011
827 1.04734 12.5273 2.05484
828 22.1961 12.4675 -2.15283
829 18.8702 35.1823 0.86884
830 13.7049 24.8553 -0.0834501
831 11.7362 38.8162 -0.476866
832 29.8814 28.1165 0.600579
833 14.2465 13.8437 -2.68775
834 19.7973 8.00923 -1.40785
835 4.13498 28.4966 -1.20209
836 21.7927 29.8128 4.23412
837 33.1591 26.0651 -2.12554
838 28.4547 8.2448 -3.12255
839 1.40402 25.4761 1.35287
840 25.7264 10.3778 -3.38919
841 32.0239 35.3604 -1.83296
842 23.9161 28.9587 2.39552
843 10.9665 2.70232 2.62514
844 6.38256 18.1205 0.935789
845 2.64782 25.2093 2.26558
846 15.6411 32.5151 -3.32043
847 1.87561 23.2801 4.36071
848 23.871 19.2928 -0.459971
849 13.5245 17.4341 3.54646
850 4.64065 35.027 0.0994421
851 2.03066 36.075 0.619873
852 25.9616 30.588 -0.43339
853 27.5364 25.9396 1.57955
854 39.9987 30.8753 -0.769585
855 16.6756 1.70006 2.69926
856 15.404 34.5536 1.00403
857 10.3838 18.7739 -1.49477
858 2.8651 25.5444 2.96582
859 18.0174 39.8016 1.91577
860 32.9756 23.1831 -4.21795
861 39.1157 15.5268 1.94205
862 1.1288 33.1295 3.38699
863 10.9747 11.0638 3.16042
864 26.2985 12.3026 -3.98495
865 31.7118 32.0468 -0.585321
866 28.8115 39.7504 -1.82069
867 18.4087 39.5899 1.70371
868 29.8672 27.6733 2.08209
869 38.8181 15.5018 -0.108777
870 6.87555 2.80845 -1.55976
871 19.3469 22.767 3.50601
872 28.0075 25.5004 1.99083
873 21.5608 20.1121 2.12999
874 37.0103 11.6567 -4.09527
875 36.2695 11.2676 -2.16181
876 1.47868 12.0854 1.19427
877 39.586 2.55461 1.94955
878 39.5664 36.4122 -0.489662
879 4.132 34.2637 -2.25022
880 38.3925 17.6645 -1.16747
881 2.76617 24.3758 4.13127
882 29.1035 6.05979 -0.0753342
883 38.9194 25.8699 -2.14049
884 10.2749 21.8899 -3.32049
885 14.4089 12.8994 0.973461
886 12.8447 26.2116 -2.00814
887 34.999 21.7825 -0.828336
888 0.24182 31.4261 -0.385446
889 5.96302 11.308 -0.558931
890 21.0636 16.5848 -1.35595
891 19.47 22.0619 0.270534
892 25.5441 2.21101 -2.14054
893 32.39 27.629 -0.539111
894 33.5835 31.4952 -1.87113
895 33.7169 19.9791 -2.77601
896 20.4924 39.2805 -2.57751
897 39.9405 11.394 1.78518
898 20.5992 17.7638 -0.819017
899 6.90314 25.5154 0.97786
900 17.1029 5.81462 2.79911
901 2.73566 37.8824 0.822993
902 35.8567 30.2788 1.51982
903 8.10768 39.0735 -1.19936
904 20.8244 2.41202 3.06777
905 24.6855 33.8979 3.40699
906 26.2677 23.4967 -0.9254
907 15.6767 26.919 -3.50903
908 32.1455 31.6769 -2.00863
909 19.2335 7.32494 0.179039
910 38.7922 24.3011 1.59002
911 30.1118 28.1733 2.19207
912 25.2126 22.7733 -0.37989
913 38.8275 27.1675 2.99143
914 4.34871 24.732 4.70469
915 38.1 32.7698 3.20063
916 25.318 20.5696 -4.53783
917 7.29138 29.6633 -1.02453
918 4.70683 0.319571 -4.59307
919 30.2512 15.8991 3.25351
920 5.40464 18.9901 -0.124728
921 32.5776 20.6701 3.99106
922 26.9823 13.5558 1.60926
923 11.9566 27.5385 2.08011
924 27.188 33.5816 -3.01861
925 19.2512 37.9571 -0.906242
926 28.212 35.6582 -2.99206
927 6.53833 32.8076 0.878344
928 33.7948 1.20474 -0.0901062
929 36.9125 29.9438 -0.654793
930 17.0099 5.70564 2.05878
931 16.164 17.5758 -0.059365
932 8.97104 25.6886 2.98584
933 10.491 4.73885 0.678657
934 32.4182 29.4229 0.273876
935 6.93626 2.62141 -2.77276
936 11.3099 22.7413 0.18418
937 11.8227 1.58166 1.01365
938 23.9006 23.4517 -2.47442
939 25.9005 9.10525 0.752948
940 18.5038 19.7093 -1.90413
941 19.5543 22.0368 3.01582
942 2.90814 12.6039 -0.154053
943 10.7829 2.5267 0.602384
944 0.12429 33.0507 -3.42923
945 5.22972 39.454 -3.86144
946 21.9406 21.9977 -0.675786
947 21.5705 6.75966 -4.48456
948 10.191 39.9824 0.752119
949 2.65831 13.0738 0.437466
950 31.2642 24.9101 1.79481
951 16.6328 5.15808 3.76104
952 16.6992 15.5149 -1.7352
953 32.9517 17.4213 2.12234
954 2.32837 1.57262 1.61977
955 0.216644 8.51546 0.123516
956 32.7481 6.87885 -0.27543
957 30.6916 21.8142 -0.124584
958 4.69643 33.794 -4.34242
959 28.9768 39.5891 -1.15865
960 4.27091 6.3092 1.29572
961 2.6692 31.4911 -0.403906
962 14.2491 31.0937 -1.11725
963 16.4855 36.7802 -2.08849
964 4.00459 8.70675 -1.70422
965 36.4986 28.8146 4.04228
966 12.9414 17.6067 3.79929
967 20.5483 39.633 4.3131
968 35.747 22.7234 -1.53614
969 14.311 0.140666 -0.535195
970 28.6008 37.9586 -1.00829
971 31.405 14.4707 2.12051
972 13.1985 18.1372 0.864333
973 10.1278 23.3653 -4.11612
974 29.4341 15.2677 -0.602475
975 10.0958 24.9502 2.50865
976 3.57357 4.24018 -0.208629
977 2.13852 37.664 1.60146
978 10.5518 25.5672 2.15126
979 6.58445 35.483 0.656731
980 33.563 12.9059 -3.20284
981 6.00901 16.6212 0.679517
982 39.734 4.83004 0.773086
983 21.8919 12.0217 -0.0993296
984 11.1493 39.0941 -0.860348
985 7.12306 19.8764 -4.12408
986 29.0635 14.9864 1.69925
987 8.68836 11.6893 1.14611
988 2.70717 28.0313 1.46589
989 22.9206 33.1074 0.156501
990 25.9997 18.5562 -0.433292
991 9.7585 25.5606 -2.37368
992 2.46658 14.0016 2.04764
993 11.3208 22.6596 3.671
994 25.7385 20.9407 -4.43833
995 10.3979 23.0051 -1.45256
996 33.7958 18.8492 1.99372
997 31.9919 15.6779 1.28488
998 37.1661 38.2441 -1.08909
999 32.0472 24.7968 -1.79512
