1000
Particles
0 35.5233 5.87292 2.64006
1 35.4726 15.7274 -0.994847
2 21.6432 39.0897 -0.791929
3 7.99525 37.6726 1.32352
4 13.042 18.7948 1.89954
5 24.5933 39.4678 -1.45846
6 33.4284 3.50121 4.28334
7 34.3281 16.2325 1.69687
8 2.08845 31.6871 -3.33205
9 33.2746 24.315 1.2084
10 29.1697 31.403 -1.17439
11 39.0178 35.5606 2.37623
12 38.6692 26.5964 3.15999
13 0.713276 3.45881 -1.56799
14 30.8979 17.5952 -1.56139
15 26.1154 31.7747 -0.879428
16 29.1927 39.9845 0.892466
17 35.7353 11.2172 0.815769
18 37.2641 15.2123 -0.247808
19 16.4326 17.9482 -1.97728
20 10.9736 16.0805 2.174
21 1.23265 39.106 2.12697
22 37.0017 25.1111 0.91674
23 36.2302 15.5635 -3.47675
24 26.4765 12.9755 -2.40976
25 38.8771 33.3107 -0.772044
26 22.9565 29.1491 -1.56085
27 13.0676 17.9766 2.10805
28 5.79023 1.02701 0.223265
29 33.0544 6.31169 0.704936
30 8.17919 24.7708 3.71626
31 8.95251 18.8258 -0.950576
32 16.3994 14.0072 0.980419
33 2.96664 36.1512 0.283575
34 22.2266 14.9349 1.18687
35 19.39 4.95282 -3.45954
36 13.4588 4.45931 -0.46033
37 38.7947 25.0331 -2.1872
38 18.5608 38.3841 -1.2638
39 33.8921 14.9059 -0.902607
40 33.3685 36.7626 2.03931
41 17.666 10.9236 1.06936
42 31.0206 18.9881 -2.18349
43 24.0958 32.6993 2.15177
44 19.7599 16.778 -0.902403
45 7.74966 25.1715 -0.377961
46 1.13167 4.08134 1.14548
47 37.9243 7.19449 -2.01412
48 39.7203 29.608 4.70213
49 10.5426 32.342 1.57702
50 35.4689 36.7619 2.9878
51 14.6113 7.34134 -0.114781
52 34.7399 38.5718 2.46635
53 15.6823 11.4654 2.46369
54 32.9775 27.6436 0.448346
55 38.1242 18.3403 2.48248
56 32.6377 8.74634 -0.253938
57 37.8317 35.0955 -0.0435272
58 1.62816 7.95365 -0.886235
59 2.62941 31.9714 -2.9187
60 7.06367 24.2184 -0.10727
61 16.5656 26.4301 -0.847024
62 33.7968 0.296307 4.75503
63 8.41261 19.9204 -2.47355
64 0.120308 21.895 -3.39684
65 15.3869 39.6738 -2.83624
66 7.69958 19.1208 -1.3786
67 26.7389 17.5582 0.0471082
68 8.50045 1.24834 -1.03139
69 17.6048 7.72829 1.24048
70 3.54843 35.8401 -0.121347
71 7.20669 9.60968 -1.58936
72 7.61692 17.9713 1.6203
73 19.2572 20.6593 3.41043
74 13.3819 37.0249 0.262935
75 2.59067 39.7921 -0.0318552
76 18.0316 8.44491 0.716834
77 19.8034 20.4488 3.07334
78 36.4256 23.6247 1.80569
79 29.0684 38.1114 -0.593832
80 32.4536 7.10683 1.41007
81 10.8937 21.5956 1.60889
82 12.8586 5.72591 -1.27502
83 15.3878 21.226 -1.66232
84 25.7854 14.7912 2.59638
85 1.38366 8.84134 -3.04482
86 21.4561 5.47813 -4.08818
87 21.8917 2.22325 3.04215
88 4.75699 39.5891 -0.882681
89 9.5917 28.8164 0.0764627
90 36.8297 33.0032 -0.297707
91 20.6864 10.0064 0.186505
92 19.8505 13.9387 2.33212
93 14.8997 11.9302 1.46541
94 7.62593 14.1219 -0.204515
95 18.4061 3.28615 2.13689
96 14.5471 32.2999 -0.501269
97 24.3931 32.7537 3.82094
98 37.7348 30.9302 -3.96244
99 11.4721 30.373 2.68261
100 25.3337 5.54697 2.01256
101 15.051 21.6677 -4.96036
102 24.1087 33.3324 3.11776
103 14.5245 2.49119 -0.271601
104 31.0046 5.85427 2.84404
105 19.8766 29.1691 2.74268
106 39.7829 10.9255 -3.0504
107 18.7231 22.845 -0.734964
108 21.2068 13.3727 -0.393027
109 34.9697 30.0735 -0.832629
110 6.40755 35.2195 -1.23076
111 11.8194 30.7045 1.38325
112 34.0373 36.8092 1.52091
113 33.3651 17.1172 -1.92916
114 9.50744 26.1773 -1.44161
115 33.4606 20.5432 -2.54008
116 27.1962 26.4932 -0.612034
117 23.7231 32.0649 1.73277
118 18.9301 37.1037 1.02616
119 37.2997 20.1737 -2.127
120 37.6334 34.1325 0.412544
121 22.6796 15.4828 1.22235
122 32.0415 9.73198 1.22311
123 3.83039 19.6687 2.09188
124 14.3867 3.20939 -0.0129271
125 20.0818 37.2358 0.711653
126 20.7483 22.0416 -2.38708
127 1.5153 0.970585 1.99611
128 31.1762 11.3507 1.69765
129 4.06001 7.95109 -2.12286
130 33.7181 8.01445 0.612004
131 32.8632 27.4753 -0.0319709
132 13.6748 37.8416 0.352767
133 24.954 33.4532 2.71721
134 11.1756 33.4081 0.365552
135 21.4458 1.073 -0.31075
136 29.421 4.97657 -1.11976
137 34.6002 36.8778 1.55285
138 5.93861 17.7043 -4.56421
139 9.63412 4.01045 1.81839
140 18.0632 33.1235 3.09831
141 35.2827 37.0399 4.28767
142 22.403 0.760631 1.7539
143 16.4631 27.2957 -1.19692
144 2.54246 25.6621 -2.61619
145 26.6137 25.8966 -0.495957
146 36.6716 4.60618 3.54212
147 34.7346 36.772 3.69391
148 39.7462 8.49421 1.60275
149 15.4308 26.8261 -2.8656
150 10.5583 14.3638 -1.59167
151 0.594772 39.6695 1.72074
152 18.2221 15.9473 2.40672
153 25.8991 6.6399 2.92468
154 30.4314 30.5015 -1.55231
155 29.4905 36.6479 -0.299576
156 36.1242 24.541 -3.17994
157 25.6554 15.7774 -3.27488
158 22.2364 32.6671 0.333677
159 15.0648 28.6234 -4.63876
160 7.87485 19.7335 -3.92396
161 6.63932 18.6585 -3.49226
162 26.1769 36.4855 1.31923
163 10.5131 4.6149 0.515036
164 10.1181 0.102355 -2.57574
165 21.4076 2.58298 2.27844
166 36.1086 3.02461 1.46626
167 9.87573 1.15644 -1.03747
168 36.024 21.0818 -2.03238
169 1.40371 30.9366 2.48621
170 39.226 34.5834 0.69573
171 14.0327 37.2963 -0.00842295
172 38.1784 19.1117 -1.38355
173 14.9155 23.7328 2.10845
174 6.42633 37.9688 1.66762
175 3.37346 18.0913 1.81844
176 24.6713 27.1392 -3.94023
177 17.5248 9.08251 0.765905
178 19.8694 16.237 -1.65341
179 24.9153 6.16179 0.448359
180 13.111 15.304 1.88653
181 35.9029 28.0612 0.322436
182 18.0102 10.349 0.926163
183 3.80748 19.0928 0.699479
184 24.2647 35.0065 -2.0255
185 8.99563 9.88327 -1.38517
186 35.5764 8.90318 -2.67895
187 3.40222 39.1341 -3.21986
188 23.5828 16.7533 0.228364
189 6.77317 23.2524 1.9789
190 24.478 21.982 -0.22237
191 10.6953 33.4406 2.66257
192 32.8838 9.01239 0.137339
193 31.8833 20.7469 0.834901
194 8.84771 33.1953 0.725955
195 23.6052 18.9819 -1.72488
196 30.0737 36.129 0.341522
197 13.0898 1.84968 -1.49466
198 34.6213 14.0724 0.187039
199 15.5603 7.77789 3.31475
200 1.89751 0.934487 1.0643
201 30.0997 15.6083 4.28951
202 20.8081 17.044 0.748949
203 23.2653 12.6947 1.4345
204 33.5364 36.975 2.48861
205 4.87477 32.1649 1.17148
206 6.83296 3.51278 -0.103746
207 0.385606 29.3333 4.85158
208 29.3981 27.6365 -0.628703
209 15.4796 30.1519 1.71041
210 6.11225 22.2998 0.908841
211 36.7863 23.842 1.4555
212 1.0597 31.0506 2.81272
213 2.02973 5.6296 0.867757
214 36.7301 14.7469 -3.06699
215 36.5679 17.3725 2.76032
216 30.1729 27.4933 1.24345
217 9.22519 4.16167 3.49677
218 23.0116 19.4287 -2.49361
219 17.9612 9.9482 0.830832
220 17.0875 4.02309 0.402253
221 23.6172 12.0894 1.03873
222 34.0434 20.8967 3.84989
223 17.2041 0.156556 -2.13081
224 14.1639 33.567 -3.36652
225 32.7638 10.0469 1.19631
226 8.61226 19.8014 -1.59195
227 5.11461 38.0384 -2.82438
228 23.7685 6.47062 -0.219494
229 37.0573 19.3943 1.352
230 27.4706 8.32252 0.729288
231 17.1983 18.9677 -3.3868
232 25.2419 15.3489 -3.36408
233 2.17022 9.64034 0.276899
234 5.39944 37.101 -0.74876
235 3.88923 6.5019 0.13682
236 6.67606 37.4129 -0.302945
237 7.27495 26.7052 -3.39252
238 18.8748 16.6979 -1.74342
239 35.4787 15.3075 -3.65232
240 21.8555 25.3444 4.37136
241 13.4531 29.5269 2.77194
242 2.88962 5.02305 0.943213
243 26.4169 0.964644 1.17332
244 38.4747 15.5809 -0.904684
245 21.6538 7.07904 -0.498951
246 25.3494 13.8095 3.91655
247 38.3362 7.06009 0.0134406
248 6.4139 23.8343 -1.25638
249 19.7806 33.9635 2.0734
250 7.31716 1.82333 -2.83149
251 32.7987 3.78644 1.31015
252 27.9671 10.7024 2.66607
253 20.8364 10.8642 -2.86203
254 37.416 25.6899 3.89137
255 35.2257 21.8773 -2.66556
256 37.4369 6.56337 -1.96958
257 28.8469 15.6343 1.15456
258 31.1905 35.3377 2.78495
259 33.4675 14.6348 0.742468
260 5.13345 5.41348 -1.50008
261 35.9041 19.3504 2.463
262 28.8004 26.4919 -0.762196
263 9.37752 6.18898 1.30745
264 4.32163 35.2054 -0.798316
265 1.61887 11.5863 2.81016
266 2.1301 6.46261 0.962075
267 11.3584 25.7557 -1.98402
268 1.46144 26.2239 -1.90716
269 16.856 37.7143 0.734334
270 1.99464 9.66856 -0.916725
271 27.3884 10.314 -0.189919
272 17.8943 9.84632 0.831738
273 38.2916 36.8527 1.33816
274 10.3642 5.00774 -0.154556
275 3.12398 17.9945 1.47494
276 34.5863 28.1329 -0.280138
277 10.8453 26.2492 0.468624
278 8.13009 1.16 -0.369028
279 4.26153 17.4433 -1.67092
280 35.0186 24.8369 -2.15707
281 28.9472 16.8967 3.31429
282 15.7882 18.602 3.06744
283 24.5634 37.4787 -1.26493
284 31.3797 27.2181 0.0532258
285 36.9088 35.4609 0.471699
286 33.9648 6.66597 -0.575584
287 6.64975 14.3507 1.98369
288 8.05957 36.7844 2.49931
289 14.7457 34.0409 -0.306953
290 34.7594 22.9436 -0.3024
291 17.6216 19.5566 -2.50083
292 39.3526 27.6124 -2.64202
293 7.57503 4.14816 -1.50169
294 23.4971 31.8173 2.884
295 13.5966 14.8608 -2.335
296 36.0954 24.2726 -0.34772
297 4.73686 24.2407 -3.38728
298 25.8868 22.2864 -2.57613
299 18.2712 35.959 -0.51306
300 27.5056 6.53241 3.12573
301 34.7316 21.5668 1.60331
302 11.9326 34.1224 1.28591
303 3.92664 37.6945 -3.18886
304 16.6038 27.1723 -2.56921
305 3.85367 21.0847 -0.071215
306 27.2079 9.74155 2.01141
307 9.90639 20.717 -1.09126
308 5.21321 18.1262 2.18295
309 8.65139 0.339246 -2.09843
310 18.4566 17.762 -4.35136
311 25.6491 5.20728 0.0221045
312 35.2844 1.61459 1.17711
313 34.6216 37.2701 3.16734
314 21.9483 39.9596 1.22961
315 1.35433 29.3708 2.92918
316 30.3636 39.0664 1.45974
317 32.6912 35.2643 3.18445
318 26.7618 25.7891 -0.319675
319 5.65504 34.9903 -2.53257
320 1.29737 20.7697 -3.23147
321 31.5358 5.74028 -4.42169
322 7.38995 35.5862 -2.29731
323 18.5297 37.0516 0.0296255
324 32.2272 17.154 -1.50647
325 6.78761 23.8868 -2.24447
326 33.7449 36.6125 3.49526
327 8.91559 39.8827 0.0286907
328 14.2405 30.1796 0.633852
329 39.3264 15.5943 1.9661
330 3.52707 3.98067 4.02473
331 17.6181 31.2692 -3.2613
332 30.2218 9.69559 1.27924
333 26.717 16.053 3.12106
334 10.8348 19.0233 1.02262
335 7.10381 39.9251 0.72034
336 21.8596 2.44645 4.56159
337 6.28135 12.1871 -1.62279
338 10.9983 28.0413 -1.52753
339 35.2688 36.3027 4.31975
340 10.6863 20.2956 1.93491
341 33.5821 35.1436 4.60803
342 11.9966 11.5079 -0.08647
343 10.27 17.8057 -3.3932
344 10.2481 36.0557 1.162
345 33.3687 24.9465 2.9351
346 14.2191 8.95662 -1.6787
347 3.90935 30.0563 -2.21098
348 13.6435 17.9182 -0.747504
349 19.0947 17.6076 -3.55163
350 12.2241 12.1693 -0.757293
351 12.1391 20.819 -2.78864
352 28.7923 23.6958 4.33221
353 23.2062 0.707474 -1.07447
354 37.5517 0.0352448 -2.45831
355 22.9836 24.8687 -2.85989
356 33.3113 32.5396 -1.96225
357 11.9177 32.2174 3.04485
358 14.8059 20.8842 -2.57106
359 37.1943 30.9717 -2.91376
360 27.8718 26.7189 0.6984
361 33.7125 31.2705 -1.71524
362 36.3961 28.1605 -0.880993
363 32.207 4.75936 -1.83663
364 4.81867 1.27469 2.57771
365 1.97327 3.41227 4.44235
366 12.0892 0.748351 1.14762
367 20.5219 32.5868 -1.03786
368 24.0507 3.64487 -0.684018
369 17.233 28.8773 2.77086
370 23.7835 26.2351 -1.95935
371 24.2685 23.5513 1.16351
372 26.6736 32.9437 3.74725
373 8.36664 12.8298 -1.45993
374 13.7211 20.0554 -1.88748
375 15.6657 8.23087 1.55613
376 2.55793 31.2371 -2.97311
377 3.81857 13.772 -0.859439
378 14.033 4.40278 -2.53393
379 26.3084 4.89153 -0.218095
380 5.19001 23.4341 -0.712095
381 11.5053 30.7991 3.57752
382 34.7069 21.1761 4.59893
383 14.9715 33.6473 -3.31098
384 15.7359 39.3474 -3.73178
385 26.7436 16.4362 3.56608
386 18.5023 9.57981 0.0950058
387 13.3221 5.08498 -0.564938
388 27.6157 24.0813 2.50133
389 8.97806 37.0718 0.651939
390 27.3054 24.8583 -1.22598
391 16.4119 17.2726 -2.5885
392 19.8637 22.8544 0.593764
393 26.2331 16.4469 2.78272
394 37.3114 39.4965 -2.61318
395 32.6864 12.0572 -2.07421
396 2.9241 2.9441 3.26995
397 4.94719 36.9093 -1.82444
398 0.806477 25.2905 0.906136
399 39.1311 13.5947 -0.0597088
400 1.22951 1.53837 0.489624
401 23.3502 39.3981 -2.25785
402 37.1481 8.45075 1.96866
403 1.52633 21.2021 -2.8282
404 36.6568 26.4377 -0.763854
405 0.209773 24.8744 3.52313
406 29.2542 0.845426 1.80543
407 32.1962 0.495692 0.827683
408 7.50759 14.1999 0.968723
409 11.3248 8.77013 2.24915
410 29.7685 17.6547 -3.08624
411 19.7899 29.0759 2.74544
412 0.259019 8.78041 1.89508
413 17.2259 12.0158 -4.46433
414 6.23404 18.5249 -2.53003
415 17.1198 30.4684 -3.35271
416 26.152 39.2809 2.26293
417 7.38039 39.3107 -0.503946
418 31.3069 25.9096 2.02512
419 25.4807 17.1525 0.731405
420 19.1107 33.9596 3.13958
421 0.407932 18.0567 1.21541
422 16.6312 10.6509 2.06682
423 22.3302 12.1412 1.67611
424 23.167 24.5285 -4.51509
425 20.6487 2.64716 1.24975
426 5.64838 19.693 0.0485638
427 16.7314 18.0515 -1.47328
428 34.757 7.16671 1.16882
429 2.50924 9.44069 0.407259
430 24.9542 16.1227 -0.830681
431 4.11336 9.05153 -3.27682
432 14.3875 37.2484 -0.97971
433 32.1906 20.526 -2.49521
434 4.40021 27.3843 0.7796
435 22.8724 39.1865 -0.854812
436 6.49341 22.0712 4.09201
437 12.2157 32.7072 1.26658
438 13.2547 20.8947 -0.930298
439 35.1181 22.3507 -0.805275
440 23.7332 3.58711 -1.97514
441 1.63582 39.6219 -0.0431248
442 12.0086 31.2161 3.66134
443 19.7355 15.1195 1.71767
444 9.59995 7.01091 1.37104
445 5.61434 23.6434 -0.727265
446 18.9575 10.8954 -0.406791
447 3.5249 7.41462 -0.108494
448 33.8735 31.576 -3.07237
449 12.198 20.5234 -1.55781
450 14.386 13.3604 1.93265
451 3.60541 7.36413 -1.35691
452 20.677 17.8093 -2.40128
453 3.48433 37.5324 -3.13018
454 1.13681 6.07086 -0.502905
455 32.3361 2.69986 3.63075
456 17.4763 8.84625 0.440861
457 22.6473 22.5181 2.14214
458 31.3805 16.2486 -3.25211
459 8.6377 10.1804 -2.04958
460 14.9111 38.1409 -1.61574
461 7.20254 32.5917 -0.656881
462 26.9719 11.0691 -3.36705
463 2.2768 33.6799 -1.19484
464 29.2359 17.1123 2.09878
465 30.462 15.0149 1.76921
466 38.2906 25.9001 1.6194
467 38.465 35.8134 -0.922373
468 24.4995 33.6634 2.47395
469 14.2842 25.7681 0.465697
470 13.9471 19.0353 2.62025
471 1.02036 15.0973 -0.384733
472 10.5878 15.6627 -0.0784328
473 17.9992 10.8308 1.40197
474 8.18647 32.8117 0.36865
475 33.05 7.73947 2.39533
476 21.1687 29.6037 -3.20858
477 9.58394 33.0662 0.265315
478 28.9237 13.5477 3.50761
479 2.93198 30.0353 -1.55992
480 29.99 16.2495 0.603399
481 19.272 36.7066 1.1743
482 2.39222 34.5253 0.845114
483 3.92033 29.593 -2.77077
484 14.0093 27.835 -3.49041
485 4.3112 38.0798 -3.56437
486 17.9495 25.6241 -0.861994
487 34.1488 24.5172 -1.99589
488 38.9927 7.86972 -2.81688
489 23.8802 5.62609 0.118118
490 10.7896 12.623 1.20409
491 17.7868 11.293 0.901908
492 24.4983 5.44954 2.51502
493 0.738674 25.3811 2.395
494 6.4269 17.3971 -3.09769
495 30.656 11.2996 0.0360281
496 36.0596 21.3368 4.13466
497 4.202 31.7796 0.781965
498 24.499 10.9949 -1.0677
499 7.54167 14.1443 1.58659
500 7.55253 13.2702 0.488553
501 30.7941 16.5949 -3.94821
502 5.82833 0.39259 -2.27948
503 12.8824 17.5322 2.07588
504 35.644 28.8708 1.31096
505 2.79387 9.58781 -1.70636
506 29.0738 25.699 0.456831
507 26.1527 8.72366 2.29236
508 37.1554 36.5765 0.439959
509 34.3445 37.1122 2.35747
510 34.7137 37.1917 3.97194
511 25.6532 0.522792 -1.54007
512 38.9789 34.1652 0.858964
513 20.2577 30.5231 -2.86258
514 14.6434 27.3959 3.55601
515 22.8697 14.235 2.224
516 29.6917 38.3939 -0.342191
517 10.2123 0.779082 -1.52106
518 24.3295 16.5723 1.33902
519 19.9647 10.7683 0.703152
520 31.9848 2.06981 3.06408
521 32.1783 34.7094 0.0499537
522 17.0739 23.228 2.11862
523 8.63388 18.6276 -2.7315
524 36.2073 24.6234 -1.29387
525 8.82475 16.011 -2.53758
526 6.17488 18.4 -4.08501
527 17.1424 11.1548 -2.81121
528 18.9046 7.81379 3.43807
529 33.5258 37.8648 3.04985
530 5.32296 6.79802 0.212201
531 31.3602 10.9667 1.07961
532 14.5542 37.4255 0.902154
533 20.0551 23.3932 1.04655
534 19.3867 22.0912 1.47263
535 8.95043 5.46203 -0.678309
536 32.9294 12.5383 -0.509788
537 35.7728 17.2528 -1.29492
538 35.8366 36.4491 4.28428
539 2.75684 1.1887 1.02605
540 36.3058 19.0693 1.28393
541 25.2925 18.9037 -1.60544
542 37.7161 30.6455 -2.84147
543 8.96531 15.9679 -2.43864
544 4.05357 34.9097 2.2632
545 16.3607 25.9774 -1.50053
546 38.5414 35.5491 0.111071
547 3.18344 17.225 2.75626
548 34.7347 2.89634 -1.54822
549 6.9649 26.1192 -1.37669
550 6.3752 30.9905 1.8865
551 19.4947 22.6919 -0.195335
552 37.1445 13.6354 1.77241
553 18.1116 29.614 -4.63276
554 16.9968 14.2335 -2.92769
555 25.3274 13.6973 -0.297556
556 28.8124 21.2868 -1.10289
557 4.46066 27.9419 0.14173
558 28.3837 3.98835 -1.1202
559 24.7835 32.577 2.11661
560 29.2563 14.1337 4.25718
561 12.8944 27.6845 1.54008
562 5.52588 27.449 -1.35357
563 38.0864 20.2741 -2.36222
564 16.393 18.2549 -4
565 36.525 17.4099 3.14318
566 17.1469 37.6323 1.70953
567 23.6582 13.4325 1.25421
568 38.4454 8.40854 -4.34224
569 5.81313 18.6728 1.2614
570 5.97373 21.4573 2.3994
571 23.7775 13.0134 0.864517
572 0.23013 34.1649 1.18849
573 15.2542 38.3265 0.0169129
574 7.92181 19.3307 -3.06591
575 24.3255 17.8916 -1.24514
576 3.10456 0.6727 2.6398
577 24.2632 32.8966 1.62209
578 2.64695 37.5081 -0.486781
579 8.8425 6.08787 1.4258
580 10.1542 0.429122 -1.13614
581 2.70464 31.5755 2.1888
582 18.9637 26.4908 -0.789831
583 23.0725 36.4604 -2.86625
584 35.8251 14.1282 2.75339
585 3.81808 14.398 -0.369824
586 26.6455 20.0409 -1.66773
587 33.4425 33.2044 -0.954209
588 19.9976 35.726 2.27153
589 19.2141 28.3365 -0.980319
590 8.23553 6.48277 1.49715
591 6.73838 29.1202 -1.41793
592 30.3127 31.6552 -3.68568
593 18.1693 31.1541 -1.59523
594 10.9387 1.40548 2.71437
595 18.3125 24.6847 -0.874729
596 35.6185 37.0669 1.40153
597 26.1535 10.4244 1.64872
598 32.3497 9.58843 -1.05584
599 18.4367 39.6228 -2.01674
600 4.07353 39.3535 -0.993015
601 22.5816 32.9231 -1.23673
602 0.557901 19.3898 3.41912
603 24.0553 17.2756 0.342631
604 37.0851 20.1192 1.64744
605 6.4658 37.0521 -0.190863
606 3.55024 29.3543 -0.730413
607 7.45312 12.5953 -1.82437
608 2.06443 33.7384 1.87436
609 22.6679 35.6557 -1.89794
610 35.3205 29.7587 -0.229919
611 36.5916 20.0825 2.83479
612 22.1304 6.58784 -4.08475
613 25.9081 13.4967 3.34492
614 6.47654 11.6562 -2.17903
615 27.1213 8.92198 1.15117
616 27.6782 17.4242 3.45145
617 22.9003 30.1017 -1.08206
618 28.6327 39.1747 -1.15633
619 22.4006 37.6402 -1.24059
620 34.6365 33.8461 -0.533279
621 36.9728 17.6892 2.36259
622 11.0263 31.6272 3.90716
623 23.6359 6.90385 -2.43453
624 37.7603 36.7703 -0.326387
625 22.0179 8.113 3.47909
626 6.11358 34.2129 1.99513
627 9.77279 32.89 2.39649
628 25.1336 8.17197 1.84837
629 28.0863 3.16704 2.38756
630 29.7192 28.0825 -1.54676
631 31.5076 37.7921 1.85361
632 33.3109 32.5399 -1.63011
633 30.4019 24.5969 0.493498
634 1.33334 33.8289 0.0674868
635 25.8596 28.1801 -0.746878
636 26.6451 7.52107 1.74185
637 39.0998 21.3721 0.362944
638 37.9543 24.6115 0.139075
639 26.1551 14.1882 2.92668
640 10.7098 11.8779 -2.51682
641 20.0851 35.9616 -0.45152
642 11.9941 37.9116 -2.73409
643 21.0924 29.9522 -2.58837
644 18.2266 0.327804 -0.193381
645 6.58225 6.91195 -0.948375
646 12.2717 10.7178 -1.27026
647 13.0702 16.7426 1.22559
648 24.9116 0.311839 -2.27914
649 18.9933 35.7846 -0.37996
650 30.3913 8.70785 -2.3501
651 32.9179 21.3993 -1.16391
652 39.1232 39.5104 -1.32343
653 9.6169 39.0763 -1.05985
654 22.515 11.7831 2.09703
655 33.1723 35.3682 3.0497
656 14.9372 12.5326 0.714872
657 27.6398 7.58801 2.50405
658 2.81331 28.6324 -2.31918
659 23.7961 0.257138 -1.06093
660 26.4725 15.2406 2.15949
661 34.501 20.1799 -3.23384
662 25.1181 33.136 3.29143
663 14.5422 8.87302 -0.886154
664 28.5884 16.2932 1.54691
665 34.5205 38.0351 2.53459
666 36.3225 7.82141 -4.21307
667 4.19491 33.1612 0.425568
668 37.8445 36.3844 1.33201
669 12.7827 27.3308 1.10122
670 37.1388 28.1549 -2.46132
671 15.6179 38.3127 0.737196
672 10.0475 21.8565 0.595975
673 36.3985 6.77157 1.03235
674 14.353 20.9443 0.318313
675 29.2631 18.6099 -2.30844
676 30.6106 39.061 2.10759
677 35.428 6.94595 3.58949
678 25.0808 39.1471 0.790866
679 23.0534 14.6574 -0.42199
680 9.73409 20.4893 -1.41927
681 13.8916 38.2858 -0.824329
682 30.2337 39.1207 0.15014
683 29.1257 15.9502 3.31238
684 2.28146 30.2123 -1.54741
685 19.554 26.7801 -1.34019
686 2.55927 0.815613 2.47001
687 23.8181 10.7892 1.21553
688 38.9532 1.51127 1.34712
689 14.6771 37.3592 0.905529
690 14.7256 26.4496 0.0959304
691 11.1941 31.9384 1.84136
692 27.389 15.017 1.31008
693 37.6295 21.2048 -2.61274
694 28.3963 31.5507 -3.41659
695 12.1446 34.6843 -0.564055
696 35.1009 24.8706 -1.38013
697 20.402 10.1169 0.105364
698 36.861 11.2516 -0.430613
699 23.0853 22.9877 3.52325
700 3.72338 38.2091 -1.60655
701 28.5672 9.63548 -0.407515
702 6.78731 0.890641 -2.43294
703 25.3137 17.7241 1.75565
704 29.6313 25.276 -2.29569
705 2.94271 1.03678 0.135356
706 38.8075 39.0471 0.820229
707 18.0311 9.95482 -1.73032
708 24.1733 17.908 -0.727561
709 21.4226 0.264287 0.314921
710 17.6828 30.0201 -4.028
711 33.3833 35.5664 -1.50746
712 26.7363 9.61303 1.00232
713 3.46833 8.24738 0.000376289
714 18.3307 24.8494 -3.57507
715 35.3137 1.51819 2.99299
716 24.524 38.6217 1.70298
717 14.9177 23.4519 0.984668
718 11.504 30.4224 1.42086
719 10.6968 33.0527 3.48878
720 21.3317 31.1136 -0.880084
721 31.2175 38.5727 1.3429
722 3.39739 1.67235 0.817605
723 14.8588 0.143892 4.48005
724 8.32237 6.5009 -0.322198
725 28.3885 9.44755 -0.522964
726 10.6324 30.5488 1.30711
727 2.0008 29.5329 -2.00617
728 39.5 8.30721 1.76457
729 21.3336 2.42438 1.27435
730 25.2133 17.4312 3.42809
731 26.7851 18.2328 -1.65345
732 18.6088 33.5907 -0.348482
733 38.3375 32.5146 1.48547
734 27.4602 14.8524 1.32719
735 14.6957 18.9712 0.615702
736 20.4058 22.5516 -3.33494
737 0.950289 31.0463 2.25147
738 14.3035 5.03434 -3.54767
739 12.0779 31.8948 3.26768
740 30.2187 22.985 -1.668
741 2.32426 32.3009 2.30973
742 19.9291 14.7752 0.803332
743 18.683 23.4909 0.42864
744 30.9247 31.7039 -1.13588
745 14.2245 26.0349 0.567266
746 17.8713 19.342 -1.33854
747 15.3455 26.0763 -0.292793
748 17.0014 31.4791 2.86233
749 3.74237 3.45325 4.13732
750 8.22735 36.5783 -0.442436
751 10.5141 33.6033 0.35428
752 39.4811 15.1255 1.42554
753 5.88693 26.8436 -0.872042
754 35.4971 13.0017 -3.2301
755 24.7205 7.25702 -0.507119
756 30.209 6.45493 -0.13438
757 19.1864 19.5556 -3.70403
758 35.5249 31.9134 -3.67824
759 10.7959 30.0337 2.97055
760 31.3731 34.4713 0.0515731
761 17.9191 10.1415 1.69669
762 20.3686 30.0834 -2.2228
763 18.4014 9.11076 -0.0674
764 25.4926 7.41939 0.810939
765 24.5134 18.1978 -1.26928
766 11.5182 18.614 1.64296
767 36.138 15.8038 -1.80144
768 7.14437 9.40079 -1.13071
769 24.3547 32.0283 3.51641
770 8.10171 22.9544 1.50978
771 0.931675 20.7369 -2.07499
772 16.5196 31.1145 2.05242
773 30.8543 32.3742 -0.882115
774 1.60026 2.49337 2.19892
775 21.1539 16.9017 0.340708
776 8.52116 20.074 -3.41388
777 38.6903 18.4477 -1.02437
778 25.8548 24.9086 -1.89342
779 28.5453 36.3619 -1.6865
780 39.1377 5.80599 -4.62809
781 32.602 36.1829 -2.66479
782 12.1774 1.20319 1.87034
783 20.1801 11.72 -1.00137
784 29.6533 37.6145 1.86028
785 23.742 25.0947 2.64408
786 6.484 26.654 -1.85079
787 29.7199 5.48886 0.524139
788 38.5454 28.7177 0.885649
789 38.6371 14.2107 -1.81883
790 6.41593 34.2349 -0.476749
791 23.6239 16.9735 -1.46409
792 3.19102 30.6338 -1.73247
793 15.4007 38.9256 -3.90774
794 18.3181 19.6241 -2.74122
795 8.7202 14.3141 -0.121912
796 17.4789 23.5934 1.25434
797 4.91396 34.4483 -2.41726
798 26.9347 7.18132 1.67798
799 19.9572 34.3178 1.87118
800 32.201 9.42466 -0.248579
801 27.0193 9.94711 0.690388
802 35.74 12.3615 -2.74165
803 10.3212 34.2587 1.72139
804 1.43962 13.8373 -1.53992
805 35.2963 23.0513 0.683201
806 10.5144 18.895 2.81626
807 32.6163 1.93166 1.8509
808 27.4808 27.2134 -1.62865
809 14.418 14.7897 -1.56827
810 14.2926 38.0688 -1.17929
811 8.68377 27.5626 -2.21454
812 9.68368 36.204 1.48147
813 35.4913 3.83112 -0.526529
814 29.2427 31.962 -3.13734
815 27.4046 17.8642 2.16481
816 8.15588 30.4142 -0.192283
817 11.5687 32.4685 3.39705
818 11.6549 11.3174 -0.0563191
819 28.5492 39.1461 0.0775676
820 38.0957 36.5137 0.624412
821 15.2727 9.39761 -1.26698
822 6.77554 9.25448 -1.61706
823 39.2683 2.47688 -0.473866
824 35.5411 12.2615 -1.16188
825 33.2424 24.8323 3.40517
826 7.92264 12.6128 -1.74046
827 33.5318 13.949 1.69435
828 24.6488 7.68538 -0.626683
829 12.8835 38.5847 0.126641
830 15.0377 26.8791 -0.790098
831 12.1318 36.9347 -2.3166
832 36.7939 24.4841 1.16858
833 14.1879 26.4999 -0.0900755
834 21.0787 1.47737 2.63233
835 2.78139 35.1353 -1.55522
836 13.8741 38.0952 0.0640261
837 36.5768 29.1848 -3.51111
838 30.2738 6.19194 2.52601
839 35.7515 22.8699 -0.700324
840 21.8015 21.624 -0.273247
841 29.9645 38.797 -0.756009
842 22.6696 34.9433 2.3152
843 15.366 4.0424 -0.806328
844 9.77682 12.6962 1.87401
845 2.69692 29.7863 -2.98062
846 14.8277 37.3175 0.308056
847 5.59732 23.7057 -0.920686
848 26.3028 10.0184 0.998729
849 8.96013 19.5591 -4.17795
850 39.7635 39.6498 -2.03852
851 35.2373 36.5838 4.32621
852 28.8569 29.0342 -2.59991
853 34.0534 28.5648 0.762271
854 39.9493 34.0292 0.313514
855 14.6842 39.1932 -3.14808
856 20.9344 31.7717 -2.14203
857 8.60648 19.0623 -1.53779
858 39.2786 26.1823 2.45438
859 15.8789 39.319 -1.14476
860 24.2007 22.7822 -0.0932233
861 39.1399 19.0185 -0.453932
862 39.0451 35.6894 -0.0831733
863 14.2515 20.1539 0.176979
864 25.776 14.6419 0.231024
865 25.6308 25.0348 -2.50981
866 29.5679 38.0275 2.37787
867 9.63937 0.0411805 -2.34508
868 36.7807 22.4914 1.38053
869 33.5609 15.5715 -0.620954
870 6.79881 0.399076 -0.483923
871 19.204 21.6518 2.38162
872 34.9224 21.9389 -1.12245
873 18.1769 16.0684 -2.57469
874 35.9689 6.61341 2.55524
875 6.55417 7.91986 -2.80228
876 38.2719 5.14428 -3.25656
877 37.924 36.4394 1.1254
878 1.66253 0.236748 0.039065
879 3.94189 32.5805 -0.367095
880 0.298257 22.3026 -1.90817
881 12.9827 18.699 0.691574
882 21.2293 4.00589 -3.06617
883 1.35812 23.7467 -1.37568
884 13.1822 17.2147 2.77346
885 8.32681 13.0703 -2.96888
886 14.1396 29.6091 -0.067728
887 37.886 18.7361 -0.515247
888 35.1148 36.6086 4.55269
889 6.50807 13.9104 1.26897
890 23.1829 15.4447 -0.240573
891 25.9386 16.3479 3.71403
892 31.9906 5.24726 -3.32667
893 33.0646 24.882 1.89465
894 35.0399 37.0498 1.58227
895 36.5273 17.8008 3.57088
896 14.434 2.27955 1.52041
897 3.79593 6.71447 -1.47838
898 20.4972 14.9197 0.733471
899 11.0246 30.9598 1.69018
900 16.7244 11.6196 1.41534
901 2.51469 37.1633 -0.0146992
902 2.49396 31.7221 -1.05718
903 3.53714 31.6091 1.5901
904 16.676 2.36222 0.426897
905 20.4289 29.6803 -2.6653
906 24.5986 23.6593 -1.58104
907 27.3892 24.58 -2.07623
908 33.3658 36.8328 1.16572
909 22.717 7.14981 -3.48858
910 30.5117 12.7803 0.27684
911 30.355 23.5286 -0.283201
912 21.9617 22.5577 2.01546
913 5.07534 23.1903 -2.57507
914 8.47204 24.2156 3.07055
915 32.073 34.3929 0.614645
916 24.7442 19.5148 -0.0863046
917 3.19738 31.9982 4.37325
918 39.657 35.6381 1.55626
919 28.0764 13.2166 2.37151
920 4.95733 22.0156 -1.64468
921 35.4212 20.45 3.63691
922 19.8694 14.586 1.90315
923 8.09869 25.7959 -0.516643
924 25.4462 37.5593 4.14461
925 18.3688 4.96712 -1.62975
926 22.9406 39.6385 -0.83058
927 6.45824 32.7467 1.8868
928 35.1 38.3363 0.496032
929 39.8931 33.8908 -0.334148
930 16.1487 10.5502 0.923873
931 23.5449 16.755 -1.99274
932 12.9527 27.133 0.185951
933 13.9674 7.89358 1.50494
934 27.937 28.7835 -2.61865
935 0.477877 1.87195 -0.107906
936 5.42455 24.5783 -3.38
937 7.1869 0.406373 -2.04384
938 21.1679 24.6588 -3.18261
939 24.6559 8.21323 1.58284
940 14.6008 22.7142 -0.315708
941 25.0696 20.4525 -0.600976
942 3.15068 14.1231 -0.292018
943 7.46762 2.93453 3.59024
944 37.1727 22.4173 3.01657
945 6.92498 0.95868 -0.0545607
946 18.4179 19.4758 -2.67919
947 24.4173 4.89832 2.26745
948 9.51342 32.5909 0.785829
949 9.42618 8.62914 0.0462881
950 34.1782 24.5522 -1.79956
951 20.481 9.65555 2.09886
952 19.1676 13.922 2.79777
953 38.7306 7.83709 0.33927
954 39.2486 35.1482 -0.162018
955 1.18817 11.7895 3.69435
956 34.6279 6.4993 -0.38066
957 30.6693 12.0074 -2.53088
958 2.46733 31.0935 -2.9933
959 23.2611 30.2305 -2.21408
960 10.7843 2.51717 1.55261
961 1.43426 32.9303 0.497206
962 13.1991 37.0903 -0.838701
963 12.8054 25.9699 -0.0963633
964 9.36661 11.8659 1.15058
965 37.1195 31.3159 -0.239159
966 15.6082 19.2265 1.29456
967 26.6011 35.6721 1.06006
968 33.2864 28.6596 -1.49469
969 10.1701 38.1199 -2.28035
970 28.2121 0.555326 0.380575
971 39.7676 10.2042 -2.67854
972 6.31153 23.4122 -2.14638
973 11.8963 18.6356 -1.08207
974 26.2361 17.6599 1.49657
975 11.6378 30.0085 1.43406
976 5.02601 2.26603 0.955589
977 8.14253 1.18095 -2.02909
978 18.4297 24.8842 -4.09973
979 4.67732 32.7349 3.22075
980 39.6611 14.7805 2.17506
981 0.460412 4.08737 -0.503091
982 1.41497 2.90205 0.349328
983 24.5938 16.665 2.05855
984 8.06095 33.4623 1.64841
985 5.08599 23.1344 -1.44964
986 29.2012 18.5054 -2.34098
987 13.1225 4.382 -3.55572
988 39.631 37.0835 0.903417
989 15.6736 26.1999 -1.79102
990 28.1489 24.0335 -3.81732
991 14.3096 22.7016 0.149843
992 39.5122 12.7707 -0.308999
993 9.13572 19.5521 -3.98792
994 29.7286 25.2135 -0.303544
995 10.772 21.6035 -0.983464
996 35.7554 17.6565 4.36454
997 39.4663 8.56651 1.42896
998 36.1031 39.4227 -0.207384
999 30.1793 31.4702 -2.2253
