1000
Particles
0 0.477431 1.47607 0.605539
1 32.8808 18.065 -2.51027
2 20.2676 1.63332 -0.80255
3 7.64986 37.7269 -1.29302
4 15.6489 20.586 -0.382101
5 24.4014 6.01908 0.457041
6 29.4212 2.25184 0.50435
7 34.9304 16.4844 0.542232
8 7.45685 26.9627 -2.79876
9 33.4167 21.7758 -0.944096
10 23.5062 34.4285 3.5453
11 4.78293 29.7292 -1.72954
12 34.7494 27.5717 2.06333
13 1.57493 7.14413 1.01426
14 27.5169 17.5744 -0.61828
15 31.7597 30.1133 -2.71739
16 24.4205 33.8602 1.99617
17 31.6698 12.5558 2.35067
18 31.636 14.991 2.33277
19 14.9319 21.001 -0.106
20 8.93689 12.4477 -1.6525
21 36.582 2.84852 0.723783
22 36.6567 21.3522 -1.89919
23 30.9059 17.8564 0.154655
24 34.9781 8.45999 1.30328
25 0.430295 32.431 1.49849
26 19.2933 29.7833 -2.19671
27 14.6893 16.8394 -1.46911
28 5.8549 30.8837 0.426742
29 32.019 12.263 1.43365
30 20.8737 23.4372 -0.950384
31 14.1681 17.3156 -3.13983
32 17.6696 8.99254 -4.03346
33 7.41046 1.15288 0.892802
34 23.1619 15.9379 2.08358
35 28.2823 0.778399 -2.4563
36 15.7858 37.0088 2.26205
37 37.1227 25.0965 -0.289416
38 28.6926 36.5752 2.30897
39 28.4971 16.1727 -0.917106
40 33.1317 35.5732 1.1132
41 16.4469 15.2749 3.86083
42 35.488 21.7027 -1.02156
43 27.3921 36.3265 -0.488861
44 21.9483 26.1309 -3.63392
45 6.40816 27.3329 0.1301
46 1.16782 9.0475 -1.5459
47 37.695 3.35471 2.20762
48 3.95129 35.9637 4.1837
49 7.84008 31.0547 -0.188426
50 0.268487 1.35683 2.17841
51 15.2733 0.373758 -2.10131
52 34.2586 7.86349 0.691448
53 16.7688 6.81237 -1.12623
54 35.4676 27.6888 1.05505
55 35.6065 17.325 1.18787
56 26.5993 7.88091 2.90439
57 3.22323 31.0619 -2.04143
58 37.6224 19.8513 1.9174
59 1.84163 33.2826 2.48797
60 7.45687 24.8553 -0.894083
61 15.6233 24.8897 -1.02269
62 30.5936 39.548 -2.26154
63 10.936 14.0762 -0.0550999
64 36.9418 29.7782 -1.03023
65 13.3554 0.268448 -0.621943
66 11.7026 16.0913 -1.25572
67 25.5362 21.1808 4.51531
68 11.848 6.55324 -0.603196
69 11.8643 2.7682 -0.916983
70 6.54393 33.0037 0.703081
71 12.592 7.54924 0.534269
72 5.25175 15.8768 2.13344
73 19.2515 28.6909 0.719542
74 6.24889 1.4853 -2.65513
75 2.22199 34.4018 -0.84786
76 17.9472 7.84952 -3.45102
77 6.67127 23.8323 -2.11906
78 37.8298 30.3613 2.41979
79 39.6452 3.77057 3.6036
80 39.0293 4.20543 2.88395
81 3.88878 27.5231 3.78161
82 12.9492 9.211 -0.69777
83 17.3255 25.0257 2.42581
84 17.2453 15.8844 2.73758
85 0.735302 19.7375 3.14242
86 18.7265 5.05092 -0.757126
87 18.8362 37.5193 0.170247
88 4.69885 37.9308 0.564298
89 4.00616 39.332 0.906395
90 34.4509 34.7039 4.09935
91 20.3675 12.5304 0.567926
92 17.4761 20.5716 -2.40307
93 17.644 8.1644 -0.578375
94 15.2376 15.0038 -1.01292
95 19.9307 2.24798 -0.527314
96 12.4558 30.1171 4.11028
97 21.6997 36.78 -3.38418
98 39.3259 21.5475 -2.48036
99 10.7845 35.2955 3.0726
100 31.9842 18.3566 1.13208
101 19.364 22.9942 0.336214
102 22.0285 34.3421 1.67031
103 9.91479 1.19441 1.81727
104 25.8088 3.81142 3.943
105 22.3589 29.1027 0.271245
106 35.66 9.84448 -2.64596
107 19.5819 23.4374 -1.02681
108 23.8533 10.1525 1.1152
109 38.1489 33.7784 1.09322
110 15.1438 1.36236 -0.676917
111 5.90056 28.9865 -2.56275
112 32.4436 38.8046 -4.871
113 35.2758 21.3724 0.661071
114 1.24727 24.3159 -2.16739
115 31.6281 21.5827 0.156997
116 22.9836 28.6453 0.243769
117 23.8204 30.7636 1.89269
118 24.5843 2.80373 1.28242
119 36.3322 18.8383 0.0536843
120 31.654 30.7482 -2.81803
121 25.1522 13.3348 0.616637
122 37.3225 15.6567 0.821344
123 6.29794 23.8603 0.237848
124 13.7877 38.9176 1.38061
125 27.2834 38.4941 0.0510769
126 30.6882 22.7338 -0.577855
127 39.8602 2.41998 -2.78551
128 34.4956 8.32556 0.0683691
129 3.98658 13.3777 -1.1712
130 34.9266 3.09997 -0.0600569
131 31.6924 26.2361 2.66923
132 21.6163 37.6121 2.46179
133 32.4853 29.8198 -3.2311
134 8.3788 27.5416 -4.59478
135 13.4667 2.64358 -0.631376
136 28.9882 5.25802 -1.41217
137 30.0997 33.9822 -0.979711
138 10.5276 22.9135 -1.18067
139 14.7954 0.865283 -1.8604
140 21.7688 32.7827 0.454053
141 35.2392 31.3696 2.8225
142 26.1607 38.2528 -0.615961
143 16.5988 27.735 -1.53997
144 6.0998 25.3056 -2.87503
145 30.4541 19.8717 -1.10033
146 31.526 8.90076 2.40056
147 34.9823 37.7161 -2.32284
148 37.026 10.2247 3.14531
149 17.3586 24.2622 -0.878884
150 18.2106 14.2172 -0.454722
151 38.5768 36.3859 1.66996
152 16.7949 11.1138 0.634054
153 21.136 2.12584 2.85159
154 27.8736 36.4179 0.202011
155 33.588 28.8846 1.05381
156 34.29 27.1048 2.26288
157 14.4069 12.5996 -4.03486
158 16.1972 29.8628 -4.77787
159 13.6806 24.8032 -0.815177
160 4.73519 14.3859 0.436508
161 12.0203 22.2174 1.47744
162 24.8478 34.4275 -2.00733
163 7.54422 3.92818 0.382956
164 13.9258 1.18533 -0.0989297
165 26.8471 6.98387 2.15563
166 34.6494 7.67505 0.832366
167 10.3439 1.70712 4.72854
168 36.127 21.5399 0.133955
169 3.39497 33.6589 1.23509
170 1.26645 36.327 -0.581635
171 23.2306 2.52842 3.59935
172 38.2394 20.333 0.181314
173 22.8837 32.855 1.1934
174 13.4744 35.164 0.0514846
175 3.38436 8.24396 3.55699
176 20.2222 23.7634 -1.60756
177 17.8076 7.66938 -3.10708
178 22.7342 16.369 -0.130175
179 28.6898 9.12114 -0.24363
180 16.2813 10.0818 -0.71394
181 36.8486 29.8991 -0.671472
182 20.3967 14.2283 2.79426
183 4.21739 21.8598 1.72209
184 29.8908 37.4656 1.32386
185 15.5502 11.5796 -4.81495
186 25.3388 4.36465 -3.10949
187 7.4467 0.0561261 1.56797
188 19.7738 19.0362 -1.34205
189 10.7099 25.766 -4.28895
190 26.307 24.4633 -1.87612
191 10.3344 33.333 -2.54966
192 34.4457 3.61401 2.09559
193 28.9734 19.1175 -2.99224
194 17.2219 25.9611 1.3098
195 13.6452 19.9952 -4.73745
196 27.5933 37.216 -1.17445
197 16.8859 36.4024 -0.138264
198 31.4351 19.9478 -3.63585
199 10.4104 12.122 -0.0788754
200 35.1978 38.4907 -4.1545
201 36.1315 20.9903 -1.96158
202 19.136 20.932 1.24615
203 26.4857 15.3118 -2.55795
204 32.5865 35.0369 2.47992
205 34.6511 33.1269 2.66759
206 14.0475 3.12922 -0.985461
207 38.5193 30.838 3.30151
208 32.6258 24.6761 -2.6443
209 7.17851 31.0096 -1.25638
210 6.6901 23.9259 0.213445
211 35.3128 21.129 0.0789875
212 38.2267 32.1541 4.67342
213 2.74474 6.33269 -1.99272
214 34.0021 23.1518 -1.43166
215 35.4821 25.7347 3.00001
216 30.3432 20.606 -2.33191
217 5.25603 8.95167 1.50761
218 15.2962 17.3301 4.04281
219 25.28 4.26656 4.74197
220 15.5539 5.64185 1.72023
221 24.0721 10.4998 2.15645
222 35.6881 30.3961 0.912326
223 18.2789 35.3354 -1.93138
224 7.92823 28.5809 -1.90372
225 29.1997 10.1167 -1.62183
226 1.27004 21.5036 -1.48513
227 6.86196 3.57594 1.94257
228 22.1833 6.96856 -1.60557
229 38.044 19.4863 -0.447372
230 28.122 8.28005 -0.56432
231 16.8455 21.0954 -3.57362
232 32.9442 9.65237 0.861338
233 38.3922 10.2596 -4.69555
234 6.20892 39.7074 -0.797026
235 39.6712 7.89005 2.72348
236 7.36097 38.961 -2.19368
237 13.0454 24.3058 -0.57509
238 11.0796 11.8216 -0.0434499
239 33.5874 10.7441 -0.37572
240 22.8746 22.2554 0.249387
241 18.9256 29.8071 -2.84246
242 0.609755 5.00946 -0.98471
243 25.9326 37.9093 -0.794904
244 0.875147 19.1399 2.68444
245 21.0559 1.85401 2.10128
246 31.7144 9.42212 4.14247
247 5.60684 1.03579 -1.49976
248 3.701 21.918 1.03497
249 18.5137 31.8286 -2.52065
250 10.7451 2.57252 -2.9708
251 1.26307 8.28043 -2.26196
252 32.7838 16.9372 -1.31917
253 31.4248 12.9862 2.10057
254 39.2224 37.1686 -0.11994
255 25.4827 24.2006 -1.63411
256 3.91094 5.13406 -3.07605
257 30.4152 18.5892 2.61525
258 31.8252 36.2434 3.86709
259 31.9429 17.4787 -1.07213
260 4.97011 11.1623 1.22673
261 25.809 23.91 -0.406412
262 27.1397 32.1016 1.33934
263 0.7244 3.30488 -2.54249
264 6.4921 25.7292 1.03783
265 2.38724 20.2833 -2.33435
266 38.5773 10.5737 -4.64798
267 3.08328 27.339 -0.217978
268 2.97908 26.535 -2.7321
269 20.9812 37.927 3.6746
270 3.802 8.80209 2.4477
271 32.1272 10.3274 2.08112
272 20.1215 18.3871 2.5989
273 27.2351 35.9897 -1.61256
274 12.5935 4.55045 -2.67795
275 6.5524 20.8913 -2.78577
276 27.9608 18.8969 -2.16208
277 6.78073 25.1007 -0.848887
278 7.35349 8.08009 4.6562
279 4.36293 22.6188 -0.614832
280 1.88615 22.0363 -1.12155
281 24.1846 14.4509 -1.33132
282 14.5297 18.2937 -1.024
283 21.0669 37.0307 1.23529
284 28.474 21.224 -1.6166
285 37.176 34.959 -2.16086
286 35.0619 6.75237 -0.996743
287 8.53336 17.5066 -1.04726
288 5.73966 38.63 0.856474
289 13.3121 32.9488 0.844913
290 35.0096 27.1098 2.97236
291 14.8813 12.6286 -4.35719
292 37.5968 23.0047 0.876273
293 3.75385 3.41614 -3.26683
294 32.1557 26.8925 1.27525
295 16.25 10.1694 0.0547898
296 30.0816 24.7835 4.51211
297 0.49095 27.5748 -0.487474
298 22.8602 35.9129 -0.442636
299 17.7737 30.7338 0.849208
300 27.1698 5.72948 4.46716
301 32.5287 23.2882 -3.0035
302 17.0343 36.0807 0.815632
303 9.55297 25.8188 -1.07799
304 7.58973 21.4636 -2.43542
305 5.49596 24.6717 0.68251
306 31.5748 12.2914 2.97207
307 9.1093 13.928 3.62712
308 1.52385 16.8757 -0.0286664
309 13.186 34.2975 -2.56344
310 19.1397 21.7466 -2.39767
311 26.6462 7.35837 3.85753
312 38.5359 38.136 0.972608
313 32.2082 0.791136 3.49688
314 15.7142 2.61939 1.38317
315 38.4244 29.9276 2.69882
316 36.4868 34.0629 -1.06145
317 33.8831 31.5063 2.87388
318 22.6598 20.2197 -1.05289
319 3.62391 36.269 2.98568
320 2.89023 22.9856 -0.421691
321 30.2251 2.90384 1.98114
322 3.89435 31.7979 -2.08078
323 19.6739 32.344 -0.0591028
324 28.8961 15.2939 -1.09389
325 6.89134 24.4306 0.0782531
326 4.03711 9.25102 2.86756
327 18.4433 37.1304 -1.79186
328 17.9016 26.7349 2.50426
329 2.46011 22.0228 -1.07212
330 4.33827 12.3317 1.28316
331 12.7077 34.6483 -2.00481
332 31.5535 12.7492 3.81775
333 18.8785 18.5391 1.0242
334 12.6205 8.23715 -0.617639
335 8.94603 0.303118 -0.255252
336 18.7628 35.5379 0.202179
337 7.3463 17.7075 -0.82926
338 15.222 25.7447 -0.726742
339 39.6635 32.1042 1.49864
340 5.3557 25.0568 1.64152
341 32.9682 29.7943 -3.56813
342 10.0588 11.3191 -0.350368
343 9.79038 12.7257 -2.95403
344 11.5001 1.55331 2.47722
345 35.8238 27.8581 1.67207
346 15.5195 6.78471 -2.12224
347 5.4483 39.5508 -1.73808
348 8.02131 21.3549 -2.24244
349 14.4966 17.8883 -0.844218
350 6.63838 14.0937 3.9897
351 8.23829 24.1755 -0.864768
352 28.741 24.9358 1.10854
353 25.8627 4.19823 -1.40282
354 34.4804 37.5908 0.332157
355 20.6746 23.4284 0.353181
356 27.4091 29.2922 0.910605
357 13.085 27.1133 1.20367
358 12.1041 16.2827 -3.11966
359 34.0996 27.3024 1.62265
360 31.2136 24.7917 -1.51579
361 27.8069 32.5022 1.90971
362 36.6335 24.534 -0.242
363 39.89 7.42197 2.03521
364 6.41579 13.0706 3.41332
365 6.25543 0.566488 -1.73831
366 14.4909 4.58207 0.333142
367 11.4428 1.14641 2.08147
368 25.0695 5.46059 2.77335
369 18.0883 34.0592 -1.09537
370 17.3494 26.5279 0.544553
371 21.7781 19.9335 -1.38109
372 24.295 25.1089 -2.16116
373 13.4823 8.8579 2.02211
374 11.1212 19.5899 -1.9242
375 13.7211 11.4276 1.84444
376 3.00769 28.4749 -1.69526
377 3.66706 4.82385 -1.10838
378 13.77 3.82033 2.58812
379 33.2253 28.9871 -2.639
380 36.056 31.6637 0.538135
381 11.8115 34.1844 1.57026
382 1.30181 17.6173 1.6856
383 15.9663 33.9427 -3.48259
384 25.4619 3.00849 2.00142
385 18.3284 15.2123 0.759772
386 22.9485 5.78489 0.200686
387 6.48603 3.6783 1.96376
388 31.9335 23.016 -0.643674
389 4.76422 4.77003 -0.972795
390 32.4012 28.3578 1.80022
391 14.9837 12.1228 -1.52549
392 22.812 26.4733 -1.40038
393 19.2505 8.44513 -2.46607
394 28.9555 38.4974 -0.545748
395 32.811 15.9239 3.77745
396 3.52805 6.24074 -0.785883
397 1.72776 3.24603 3.71279
398 4.07278 29.4901 0.578908
399 36.8931 18.1045 -0.994237
400 3.68682 37.4138 1.44263
401 21.8274 37.0521 -2.06606
402 34.8744 8.81493 1.05135
403 2.79368 28.9089 -1.9973
404 25.5131 30.5122 -1.99071
405 1.17865 22.1949 -0.224038
406 26.3502 1.48509 2.43412
407 38.7742 0.35368 -4.04825
408 7.16064 12.5577 1.67293
409 14.1841 5.4904 -2.35816
410 23.5495 22.7953 -0.955752
411 18.6236 22.3625 -1.78468
412 1.93976 5.87558 -0.527869
413 16.798 11.3412 -2.79375
414 3.76181 14.2942 -3.12249
415 14.9967 26.1483 -0.404899
416 22.865 36.1528 -0.208361
417 4.18096 5.05444 -0.488328
418 31.4624 25.4379 4.30064
419 21.8404 11.8904 -0.633829
420 19.6328 38.6798 -1.21201
421 4.57859 15.9876 2.9187
422 9.79791 11.6788 0.409644
423 30.164 8.56631 -0.0127961
424 26.4823 21.8105 1.25858
425 23.32 3.53569 1.17483
426 11.3496 22.9348 0.704636
427 17.5295 16.7808 1.43899
428 4.48434 8.21627 -0.360342
429 4.07666 10.684 1.74843
430 19.5039 18.4991 2.88714
431 7.6958 9.01595 4.33923
432 19.4127 35.2044 -0.131277
433 31.053 26.0843 1.4657
434 4.62372 25.2911 0.53253
435 28.7069 37.3892 0.686606
436 37.6685 26.2443 3.04418
437 11.0373 36.9182 -1.5103
438 7.70182 21.0939 -2.17542
439 32.5303 18.8617 -0.137435
440 25.8979 3.20767 3.49091
441 10.897 4.36552 1.03403
442 14.1857 25.3722 0.989987
443 17.6824 17.4185 -0.303755
444 8.65531 16.2368 1.87341
445 4.61535 22.6879 -3.29068
446 18.217 8.80444 -3.53824
447 1.92496 8.20596 -0.207087
448 34.2958 28.0133 1.71562
449 14.7607 15.5054 1.35385
450 10.1547 20.4475 -2.32225
451 35.4788 9.04817 -2.86461
452 16.8671 11.3519 -2.39557
453 6.95906 29.1438 0.205991
454 38.0644 7.30784 -0.00393343
455 31.8768 4.13971 -2.80363
456 9.75128 7.97202 2.64074
457 24.3149 20.2097 -1.39321
458 34.1179 17.7109 -3.35888
459 11.5863 8.67887 -2.04101
460 7.64162 2.37583 2.4518
461 9.5649 38.7109 -1.56312
462 26.7508 15.4685 1.61239
463 1.01165 34.4659 -0.940007
464 33.1065 17.8059 -2.30937
465 31.5551 17.8159 1.95029
466 35.6769 22.2241 0.46557
467 5.75781 37.8083 1.31003
468 27.4645 35.5748 -3.00558
469 15.7818 28.4817 -3.00901
470 9.67539 13.5102 4.51996
471 36.3934 15.4186 1.05076
472 14.4189 15.2074 0.988812
473 12.0842 2.1233 -2.75403
474 5.2001 35.5625 2.30076
475 30.0377 5.03136 -0.407515
476 21.8656 30.7394 -0.862611
477 14.0838 32.842 1.47167
478 34.4986 16.4104 2.10219
479 3.53641 28.249 2.60989
480 33.7501 15.1073 4.15699
481 26.1886 37.9912 -0.486928
482 9.49454 29.9458 -3.02268
483 14.0624 31.4639 -4.27606
484 8.12121 37.9773 -1.04645
485 5.54644 39.7628 -1.08792
486 16.7651 27.6343 -3.68002
487 30.0861 30.0225 -3.56421
488 35.5244 7.84708 0.834708
489 19.0715 1.74665 -2.35367
490 2.88358 2.68409 -3.0402
491 15.1012 11.2937 -2.65263
492 26.7088 0.0980258 -2.13964
493 3.64548 27.286 1.59653
494 8.40146 20.6096 -1.9146
495 30.9804 15.7901 -1.07824
496 32.5584 16.8118 -1.54404
497 3.97495 28.7326 -1.2796
498 17.9746 16.026 1.611
499 8.24599 18.1576 0.450271
500 6.18008 13.8949 1.51265
501 28.248 17.1106 -0.575626
502 1.80497 4.51717 2.15019
503 15.8333 25.6029 1.21428
504 37.0895 32.8555 -3.98492
505 6.21434 2.34476 4.51238
506 28.3511 25.7614 0.950085
507 21.7444 9.4109 2.37333
508 2.70446 27.6538 0.0319335
509 29.5732 0.100864 -0.741588
510 32.673 2.31423 2.32809
511 21.4421 29.9982 2.33873
512 38.7058 31.6805 1.14883
513 18.8286 35.507 -1.3587
514 12.3639 24.8435 2.27701
515 16.8273 15.0952 2.44739
516 21.8073 2.80134 1.06619
517 12.1829 8.25417 0.440779
518 16.6282 15.5615 3.84221
519 18.6935 14.9341 2.3284
520 35.9983 9.02961 0.146519
521 37.283 29.6969 -1.46359
522 22.4573 23.2888 2.36544
523 11.8554 18.0163 -2.00429
524 4.46492 25.0394 1.25556
525 8.42607 12.959 -2.74355
526 2.47807 20.4147 -1.82728
527 12.1103 2.44743 -1.13595
528 23.2555 4.48581 -0.813412
529 28.911 3.5244 3.37109
530 38.6465 7.69189 -1.70034
531 28.4422 12.1868 -0.314913
532 21.5067 36.3923 -1.56801
533 24.6302 28.8156 0.183663
534 12.7946 29.6073 2.95729
535 7.35744 2.46263 0.295966
536 31.3467 19.6356 -0.23113
537 0.545177 20.406 1.26133
538 5.23767 37.6123 -1.63969
539 2.21223 5.11724 0.895327
540 30.8206 27.0773 2.10947
541 26.9398 21.3 0.863983
542 39.5881 27.1698 -1.72667
543 10.9665 14.8255 3.47592
544 6.76918 3.33035 1.62445
545 13.0622 21.6654 -0.553408
546 2.32462 34.3866 0.138375
547 4.85509 18.8357 -2.37764
548 38.9114 31.2189 0.709488
549 2.61828 23.4636 -1.45465
550 7.27247 32.4151 1.72515
551 19.6171 19.8912 -0.484453
552 0.406324 5.91306 0.553378
553 18.9231 22.8476 0.21583
554 15.9339 6.72047 -0.910936
555 36.4141 15.8346 -1.05794
556 29.9069 19.4302 1.48192
557 8.96483 25.3534 -0.819385
558 33.447 1.04395 0.834966
559 26.0831 32.6538 -1.50176
560 31.8078 23.745 -2.54119
561 9.3374 21.0935 2.47183
562 7.47113 23.7341 0.720075
563 1.20538 16.5496 0.608617
564 12.9578 22.2793 2.10662
565 39.2064 17.8474 -0.258911
566 18.4717 33.8327 -1.27222
567 33.7682 12.7163 0.482925
568 39.114 6.48111 -1.04808
569 3.3506 19.5689 0.97567
570 6.37267 25.5554 -1.20387
571 18.1769 11.9789 -0.686464
572 37.6349 32.4534 1.74658
573 21.2972 1.27865 0.168484
574 13.6269 19.6865 -2.97573
575 17.6542 20.1795 -3.06651
576 38.8969 4.84748 0.28891
577 24.2857 29.6974 -0.546812
578 2.96045 35.4307 2.23574
579 7.98304 7.78978 4.9107
580 8.36138 28.6711 -2.73008
581 7.85275 28.5416 -0.811123
582 23.7467 28.5543 -1.94478
583 25.8962 0.730262 -2.34585
584 36.0775 9.05834 -0.441017
585 5.6702 18.0859 0.283804
586 25.6814 23.115 2.16945
587 31.7223 32.2711 1.60004
588 21.8195 35.4403 -0.652069
589 27.4774 22.3333 2.0884
590 5.36527 2.67655 -2.46718
591 2.99403 20.9032 0.113623
592 32.4974 26.4504 0.763874
593 19.0832 25.2336 -0.111287
594 8.58265 2.50599 -1.39932
595 24.5773 20.0182 -0.524456
596 35.9751 34.0127 -0.772583
597 30.8912 8.46338 1.70302
598 35.4435 9.60618 -2.56618
599 13.9828 34.2935 -2.74097
600 5.79729 39.4657 -0.0622451
601 19.7117 35.2422 4.44111
602 5.97137 19.2142 2.00747
603 18.8999 21.0097 0.931223
604 33.2787 24.1374 -2.28232
605 6.67552 39.6207 2.69393
606 3.92615 28.9052 -1.04394
607 3.18287 10.055 2.19082
608 5.83017 2.55466 -4.19707
609 25.1347 37.3659 1.6917
610 34.1474 24.8522 3.01079
611 1.43903 23.4576 1.11432
612 17.5988 11.5648 -0.74105
613 23.1442 12.44 -2.94511
614 39.522 7.16508 1.46255
615 33.2011 8.01777 0.14069
616 32.6166 15.9763 -1.90039
617 24.9941 33.4047 1.19985
618 39.8395 1.85428 -0.250048
619 25.0905 34.6601 -1.41433
620 35.49 33.3898 4.38877
621 27.6638 15.2302 -1.56193
622 10.8268 1.60246 4.39041
623 17.3555 11.5483 0.327634
624 33.7321 2.0956 0.390816
625 16.4308 9.5197 0.248903
626 5.52743 39.6822 0.205038
627 3.47298 32.8252 -0.890741
628 21.8201 12.098 -0.682112
629 30.0998 2.04671 -0.17009
630 35.1767 30.6793 0.830042
631 28.8576 37.7311 3.39084
632 30.4024 31.6174 -3.97998
633 34.3851 23.6674 1.51142
634 38.2598 0.287317 -2.63133
635 24.8536 27.8337 -0.317613
636 20.3852 5.55701 3.24792
637 0.490711 23.5078 1.02709
638 35.2304 26.4578 2.88165
639 33.0441 5.86768 1.6755
640 4.28146 18.6445 0.339738
641 23.1558 2.91334 2.12372
642 16.2924 37.7242 2.68856
643 23.5552 27.4666 -2.06552
644 13.3086 5.03253 -4.67867
645 5.22795 10.9818 1.63836
646 9.88735 11.3141 -1.05034
647 9.86968 17.4479 -0.99585
648 32.9487 34.8276 3.70955
649 21.2406 23.5537 -1.49832
650 30.8633 13.1509 2.18825
651 26.267 21.4613 2.87221
652 1.64496 39.3034 -0.82571
653 9.22637 1.83628 3.94547
654 20.725 14.0466 2.89141
655 31.9082 36.6562 2.01112
656 10.8549 12.0803 0.27042
657 23.0703 5.41872 -1.25535
658 10.3101 28.4606 -1.59126
659 30.4723 0.0553484 -1.26413
660 27.2945 15.1393 0.955421
661 36.6128 17.2296 -1.16192
662 28.6664 30.7105 -1.83034
663 18.5117 22.217 -0.213096
664 32.3833 13.6587 -1.01954
665 32.1275 38.7225 -4.15997
666 29.7171 39.9622 -2.57776
667 37.9771 33.9121 1.48691
668 8.25947 34.5098 2.59343
669 16.1081 28.5008 -1.81916
670 37.4599 26.1877 1.04074
671 25.8905 36.8566 1.42781
672 14.4745 30.7237 -2.90979
673 35.5551 7.82467 1.0992
674 11.478 17.4558 1.52483
675 29.8817 15.9373 -1.22881
676 29.5203 0.253432 -1.82229
677 29.4537 17.4041 -1.05337
678 29.4859 37.8642 3.29192
679 20.9072 19.9017 -3.75923
680 15.7331 25.2807 0.49218
681 12.6252 0.694353 1.05394
682 31.0539 36.3075 0.033306
683 32.0202 23.7953 -0.0660575
684 12.0463 34.7339 -4.25131
685 25.0858 26.7397 -1.19012
686 3.59578 3.45488 -2.71715
687 21.9411 12.2884 -2.99296
688 32.8374 2.77821 1.88335
689 12.707 34.5174 -3.68467
690 19.2839 30.5477 -3.30275
691 18.1718 30.3982 0.767059
692 25.0419 14.2137 -2.66141
693 36.7201 14.9757 0.633998
694 24.9801 35.026 -0.569618
695 16.53 28.5065 -1.31398
696 34.8652 28.2045 0.689165
697 29.4107 6.80922 -1.65144
698 33.8175 13.7949 -3.17477
699 22.0207 19.8678 -1.21199
700 4.68164 2.92079 1.13369
701 29.2653 1.59628 0.475332
702 39.6021 4.42176 1.45495
703 32.8919 16.3073 -2.96458
704 28.8489 28.8638 3.37982
705 1.16719 35.1187 1.92783
706 34.5978 33.2656 1.07545
707 11.5181 7.98762 -2.48139
708 28.8847 18.9763 -0.566577
709 25.6361 4.31893 -3.0124
710 19.4358 30.4037 -1.03613
711 35.1215 29.6774 1.04765
712 30.2678 14.2891 -1.19119
713 35.3711 9.4279 -0.946125
714 25.6818 27.5791 0.0807421
715 1.50231 5.07278 -0.152398
716 21.461 37.3154 3.39685
717 16.4726 27.0536 -1.24848
718 13.6797 29.5168 4.04906
719 8.12892 36.4261 -0.389959
720 15.3159 23.4697 -4.88506
721 27.9083 34.6107 -2.34609
722 3.05349 3.52324 -2.75723
723 17.425 37.5096 0.333012
724 12.0823 2.66389 -1.58263
725 27.8113 6.82532 3.86552
726 8.24901 27.5148 -4.22771
727 3.13846 28.5146 0.0744033
728 5.18961 12.3186 -0.524622
729 18.0908 36.9017 0.727104
730 17.122 10.742 -1.34124
731 32.7983 18.4237 -0.483276
732 28.1827 36.5744 -2.04589
733 35.2402 21.9843 -1.01004
734 23.5417 12.3354 -1.08869
735 19.943 20.6321 1.42272
736 23.2292 28.8677 0.341475
737 34.19 28.754 1.86882
738 13.3354 8.07783 0.438374
739 10.4941 30.881 2.84368
740 0.434485 19.2455 1.87661
741 7.37483 32.6794 -1.70055
742 23.5435 14.5008 -3.70226
743 19.1959 26.6138 3.81226
744 32.825 24.2287 -1.00279
745 22.3283 34.0065 1.78385
746 15.2167 12.5824 -3.68258
747 18.3549 22.989 -1.6401
748 12.8295 23.1967 1.45995
749 4.12214 4.4924 -1.77304
750 3.89126 28.4276 1.13146
751 7.92774 0.362435 -0.486357
752 33.1289 15.3841 0.85557
753 7.65441 21.216 -2.77211
754 30.5728 22.8325 2.84812
755 24.3494 6.37461 0.631823
756 39.4131 7.46959 -2.36865
757 14.2854 21.8858 3.75145
758 32.4417 24.0098 0.136604
759 10.3837 29.5311 -2.22274
760 32.6048 39.8816 -3.35907
761 12.741 17.7926 0.977643
762 23.3576 25.6293 -3.42292
763 14.6816 1.28958 -1.17058
764 26.7925 3.21184 1.05303
765 26.4199 27.7157 2.2179
766 8.97586 16.9472 2.30429
767 31.7992 17.1333 -1.95405
768 5.07564 16.386 2.74722
769 21.9013 27.3686 3.65809
770 10.5246 23.269 -3.35324
771 1.62216 22.274 1.68422
772 14.2104 33.8563 0.317628
773 34.9951 30.1928 -2.45884
774 38.0621 36.65 2.71088
775 15.4132 12.8256 -2.78885
776 13.941 21.774 3.18782
777 2.58313 21.6996 -0.555014
778 30.5339 25.8427 0.758945
779 18.86 2.2588 -3.42237
780 2.91601 3.39004 -2.55593
781 33.0784 2.80286 2.48919
782 12.7385 5.52427 -2.77707
783 15.4502 6.43044 -2.73934
784 32.2005 2.84441 1.48841
785 24.5938 20.4924 0.743671
786 5.70435 23.4563 -0.858625
787 30.7947 1.09607 -1.03538
788 1.64388 35.0403 0.171333
789 37.1238 12.494 -1.01582
790 10.4523 28.8129 -4.38264
791 16.4473 16.7063 1.14367
792 10.7019 28.3293 -1.00137
793 27.1648 0.262631 -3.05706
794 23.5423 21.6672 2.3199
795 9.15368 9.67205 1.70236
796 18.8351 26.5705 0.207312
797 6.32133 28.085 -1.09327
798 29.7706 5.30441 2.55767
799 28.0257 39.2083 0.67757
800 29.4236 11.4042 -1.76469
801 21.9547 15.1766 3.47418
802 35.2535 16.5418 1.88778
803 6.31882 0.325188 0.0257404
804 5.21727 17.7723 1.20497
805 3.49049 23.3044 -2.808
806 13.4592 22.0835 0.0277376
807 23.1841 8.26411 0.355877
808 26.5657 21.3884 0.824519
809 18.6964 10.0885 -0.940286
810 14.6224 39.091 1.79301
811 14.8686 25.5099 0.612149
812 9.80997 1.00315 0.650012
813 3.2949 6.79013 -0.547632
814 27.4557 37.1866 4.11754
815 35.0339 22.9423 0.548072
816 16.1588 35.8664 0.768791
817 15.7771 38.0172 1.0371
818 9.19363 14.2228 1.57563
819 24.3346 5.09614 0.0369171
820 34.04 39.9237 -3.72902
821 13.1559 8.81035 2.38057
822 8.31988 8.99753 3.85516
823 32.1252 39.2736 -4.09879
824 38.867 17.6292 3.25772
825 34.2236 27.5017 -0.218509
826 2.77086 16.9491 -0.414704
827 0.643885 15.17 -3.22355
828 21.3254 11.9586 -1.658
829 17.1307 34.2015 1.87523
830 13.7756 23.7564 -1.1879
831 9.60522 39.2489 -3.47653
832 29.3773 29.7357 -1.90196
833 15.4436 13.8151 -0.897272
834 17.3778 9.04241 -4.48885
835 4.38073 27.7649 2.89691
836 22.4229 29.1953 0.213599
837 32.6026 27.423 1.26684
838 27.128 6.64434 2.59255
839 1.51114 23.9426 0.623993
840 24.6603 9.58431 3.33972
841 31.6289 35.8998 3.88635
842 22.2216 29.788 2.03545
843 8.94448 2.24144 -2.89574
844 6.86674 20.5687 -2.35725
845 3.20571 25.4818 -2.98807
846 17.1322 32.5215 1.45006
847 1.77826 22.8118 -0.299995
848 25.7144 18.8028 1.25595
849 15.7112 15.4293 -0.667409
850 5.88644 31.9036 -2.37783
851 3.25681 37.1223 3.50261
852 25.2053 30.6359 -0.56768
853 26.1808 27.2108 1.0167
854 38.8022 30.461 1.47873
855 17.8473 2.98123 1.15425
856 15.7791 36.1033 2.73245
857 13.1799 16.6372 -0.509237
858 4.2903 25.5968 2.5257
859 15.2041 38.4983 4.13708
860 35.2689 22.5837 0.645175
861 1.56501 16.8967 1.13976
862 0.144708 32.7562 1.1268
863 12.3369 11.6988 2.64516
864 22.9789 12.0695 -2.83934
865 33.6927 30.3176 -1.06486
866 29.1779 0.195551 -1.70235
867 17.9635 37.3803 -2.50316
868 29.5305 26.7379 -0.44815
869 37.6739 17.6464 2.50953
870 5.8982 4.16 -0.312459
871 18.9592 25.701 -0.753305
872 28.1408 25.348 4.23951
873 19.4705 20.8605 1.79194
874 37.0091 14.2998 2.0269
875 38.4987 14.947 2.62486
876 3.23204 12.6664 -2.54735
877 39.8499 1.74173 -0.453721
878 1.84242 38.7397 -1.20882
879 5.39478 31.2657 -0.15794
880 0.872042 18.9583 -0.356769
881 2.10347 23.0852 -1.69816
882 27.6746 5.54135 -2.71901
883 0.21283 26.9144 2.88701
884 10.7852 20.7062 -1.9718
885 14.6378 11.7451 -1.4793
886 13.4061 23.5283 -1.87062
887 38.6596 21.6546 -2.37993
888 1.9697 30.4447 2.02509
889 7.8137 11.7245 -1.60317
890 18.647 16.6484 -1.85524
891 20.9573 22.6462 -2.18372
892 24.015 4.01721 2.70608
893 31.8981 26.8937 2.40681
894 34.3738 29.5207 -0.291098
895 32.4133 17.4663 3.44646
896 20.3643 0.991702 -0.139948
897 0.125999 10.1988 0.517101
898 20.2971 19.5675 -3.1311
899 5.30687 23.9184 0.894222
900 15.4404 6.6517 0.847049
901 2.83439 39.2318 -0.569833
902 36.0425 30.5906 -0.79196
903 7.01473 38.4505 -3.01297
904 20.9627 2.18229 2.28139
905 23.2778 34.9111 3.96042
906 23.8505 24.8711 -3.07522
907 14.9071 27.5642 4.00613
908 34.4863 31.4255 2.86327
909 17.8093 7.95042 -3.71813
910 36.0219 23.4111 2.7077
911 31.6418 28.0169 3.9688
912 25.9901 23.5801 -4.07396
913 0.681397 26.1847 -0.47679
914 5.37628 25.7789 -2.13786
915 37.4442 32.1779 1.35528
916 26.0216 19.1931 2.84679
917 8.31913 27.5974 4.15677
918 4.41609 2.42056 0.156399
919 28.8062 18.1609 -2.74756
920 7.49837 18.0584 -1.11817
921 32.379 22.4142 -1.20182
922 23.114 13.4548 -2.45885
923 12.1377 29.1542 -2.51197
924 28.625 34.1113 2.28266
925 18.3405 36.744 -0.540593
926 27.4536 36.3648 -2.24246
927 5.39179 31.1305 1.27214
928 33.4755 2.6761 2.83418
929 35.9093 29.8404 -2.89932
930 15.6293 6.18603 -0.34253
931 16.4433 17.3759 0.341198
932 6.30571 24.5122 1.21694
933 13.2798 5.5694 -0.663175
934 34.3886 29.1116 -1.20371
935 5.3588 3.48634 3.22414
936 13.2522 23.6874 -1.91698
937 11.5859 2.02786 -1.10731
938 22.4689 21.56 -3.21545
939 25.4597 6.84299 -1.72813
940 18.397 19.456 0.232937
941 21.0582 22.911 -1.19051
942 4.74806 13.4785 -0.226217
943 9.18153 2.64509 -3.54021
944 38.5344 33.698 0.886409
945 3.0727 2.50287 -1.12033
946 21.0573 20.2703 -1.04887
947 23.9867 6.64577 0.461745
948 10.9936 0.391978 -3.19973
949 3.59163 13.8346 -0.631388
950 30.6033 26.4304 2.35663
951 15.2224 5.4947 -2.07793
952 15.0612 13.1753 -4.04763
953 32.1933 17.8584 0.0445851
954 4.6672 1.16687 -1.41779
955 1.14522 8.21576 -0.0849404
956 30.4217 7.17489 2.23533
957 31.97 21.3351 0.585696
958 3.55304 31.6467 -2.63107
959 29.2805 38.9857 -2.03745
960 2.84795 2.97817 -0.708199
961 3.18459 29.367 0.0663621
962 16.3567 32.6894 2.56194
963 16.8844 35.2842 -0.642655
964 4.24143 4.22552 -0.0351288
965 35.7449 29.3503 1.39474
966 12.9888 19.781 1.0934
967 20.8273 1.50324 1.66509
968 35.0052 25.4315 1.44433
969 13.7777 1.47424 -0.152723
970 28.2208 36.2148 0.207604
971 31.0271 14.1944 -0.359957
972 12.324 19.7286 3.3379
973 12.0852 24.0137 0.113234
974 29.2728 15.8755 -0.351199
975 11.7813 23.1993 -1.07004
976 2.0614 6.00942 1.90056
977 4.96751 37.2745 -0.868096
978 12.0103 24.7791 3.08304
979 6.04814 37.8554 2.12846
980 34.3735 12.5622 0.381745
981 6.68192 17.5839 -0.530751
982 38.2436 5.6349 3.65651
983 25.0575 12.5318 2.69688
984 8.44243 38.2086 -1.60386
985 6.7977 21.4973 -2.42114
986 28.3831 13.9134 -2.46131
987 8.47255 11.4562 -1.06572
988 2.44656 29.4875 -1.00775
989 24.3666 33.6801 -0.208707
990 26.8857 16.2485 0.0671652
991 11.4032 22.8889 0.666939
992 2.80051 15.5031 2.7102
993 12.1055 23.0013 1.48574
994 25.6474 21.5338 3.46638
995 11.5353 22.6175 1.49861
996 34.0596 16.549 4.71695
997 33.7542 13.6577 -0.0241247
998 39.0947 36.536 0.099903
999 33.8088 23.8112 -0.398152
