1000
Particles
0 3.84614 34.1727 0.597615
1 36.3814 27.7012 0.0252541
2 17.0565 4.55294 2.45248
3 9.24396 34.4726 -2.45576
4 20.992 22.4012 2.04704
5 17.8326 8.54037 -0.725923
6 28.43 37.6652 -1.79414
7 36.3819 21.1874 -0.505103
8 12.1826 25.258 -1.04029
9 35.5674 23.6799 0.895736
10 23.4759 38.6186 -0.810473
11 3.68642 29.4499 -1.01339
12 30.9251 34.7691 3.3564
13 9.28574 5.92494 -3.87685
14 27.7061 26.6311 1.7405
15 15.2505 27.2173 -3.10756
16 28.1685 33.0678 0.43663
17 34.3109 20.1972 -0.149985
18 35.8677 10.2376 -1.01451
19 13.3757 22.7156 1.42662
20 2.68351 5.87611 -1.29927
21 1.44343 4.90339 0.105146
22 6.90432 8.7355 0.220597
23 37.4369 20.9298 1.24938
24 36.9667 8.83801 -3.56082
25 3.39032 32.8326 1.97528
26 17.4524 33.395 4.61343
27 12.2611 8.90246 -1.68394
28 3.90301 30.7749 -2.78203
29 29.6852 39.6855 -0.934815
30 15.3672 20.9762 0.186842
31 8.64483 16.9373 1.62153
32 26.4056 2.36807 -0.18739
33 9.91763 36.1515 0.561411
34 29.7907 24.6346 1.06169
35 26.0149 8.00584 -3.18316
36 14.9788 1.22323 -0.517929
37 36.3832 31.598 -1.05623
38 29.1607 1.70416 -2.95868
39 37.0936 15.4511 -0.125695
40 39.4882 34.6234 0.894266
41 10.5734 14.591 1.40148
42 39.4325 18.0264 -3.61531
43 21.6804 29.8463 -2.69781
44 19.732 27.3488 2.84738
45 6.17248 27.1835 -1.71382
46 37.7444 8.19389 -2.16472
47 27.9424 11.7519 2.81311
48 7.46659 34.2833 -1.58119
49 3.6675 33.6954 2.02778
50 39.3374 39.7648 -3.5401
51 24.9419 36.2307 -2.34923
52 31.1743 11.5538 -0.547347
53 14.047 5.03312 -3.37044
54 23.7317 23.1247 -0.33748
55 8.55881 13.8193 -0.792043
56 16.8921 12.2485 0.934764
57 9.8143 38.9173 -4.20148
58 36.1804 22.8218 -1.2687
59 8.7048 34.3583 -3.47016
60 8.25653 22.8366 0.175132
61 14.0273 31.4352 -1.44654
62 36.8648 1.61861 1.61121
63 7.90764 18.2576 2.80791
64 38.7948 23.7424 1.22098
65 3.5388 2.84086 -2.35891
66 5.26927 19.4185 -3.4343
67 26.5483 24.544 -2.60949
68 7.11911 5.45363 -1.71517
69 16.776 4.68102 1.23741
70 7.96017 3.42672 -2.17353
71 22.116 11.0329 -3.01905
72 5.23947 11.3374 1.72982
73 18.0847 25.3281 2.04507
74 5.9098 10.5676 1.24597
75 36.7257 32.8953 -3.77087
76 27.127 5.09284 0.228379
77 8.65153 24.871 -1.82913
78 6.35421 39.2375 2.60685
79 0.0530736 0.420292 -0.663082
80 31.4881 9.48227 1.00328
81 4.31755 36.0653 0.954288
82 13.6299 17.5832 1.56536
83 15.3676 31.5972 -0.729258
84 25.7942 12.5335 -2.46509
85 3.91741 20.2186 1.43048
86 22.1184 9.68236 -3.12994
87 25.7084 36.696 -1.70077
88 7.15237 0.368063 -0.0982761
89 5.60939 3.5693 -1.39867
90 2.98231 36.5454 -0.508
91 24.7941 16.5324 -0.151179
92 17.3831 26.5695 -1.52887
93 7.77615 1.80863 0.810874
94 17.2639 25.7417 -0.733617
95 16.8163 4.43734 2.80242
96 11.1774 35.1214 -4.15877
97 16.6408 1.55765 -2.46863
98 0.576774 21.2113 -1.8561
99 10.5438 6.88601 1.59691
100 28.1838 22.4157 -3.63617
101 22.2179 28.4135 0.952599
102 17.2212 35.2874 -0.406032
103 13.5262 3.55778 -1.20185
104 24.4274 4.74664 -1.66113
105 14.3705 38.4148 -3.92041
106 36.0783 19.0302 -2.68852
107 21.6735 22.8437 -0.242621
108 33.4389 23.5631 0.603552
109 0.0762244 30.8963 0.144384
110 3.38409 2.58486 -3.86161
111 35.8076 32.7549 -0.589813
112 31.4537 2.88256 -1.62765
113 35.6307 32.3718 -0.291716
114 34.0714 26.3908 -1.5247
115 28.2571 20.8383 0.0801206
116 22.2548 32.5052 0.845864
117 33.4638 28.3947 3.66652
118 22.8736 2.53995 3.23133
119 37.4796 10.6356 0.308003
120 18.4712 26.6932 -0.792629
121 23.7377 10.7841 0.976214
122 36.3652 22.7433 -1.08981
123 6.86196 25.9331 2.24006
124 10.6333 39.3386 2.00106
125 22.2365 36.407 -0.717143
126 30.0976 29.6174 2.05797
127 33.8982 4.25017 1.29446
128 31.8329 2.25945 -0.876194
129 5.83877 11.9232 1.15541
130 28.2313 9.53701 2.24084
131 24.1402 26.2089 -0.839005
132 19.4974 2.84898 1.49218
133 38.3043 38.032 1.47607
134 10.1808 32.3526 -1.77116
135 11.6201 1.71239 -1.24187
136 26.7757 5.70913 2.38878
137 23.0182 27.7914 0.20927
138 5.11313 14.2761 -0.472854
139 15.7328 3.05147 -0.765957
140 26.0617 37.0742 -1.22763
141 26.4297 38.3723 0.318872
142 23.0672 10.9241 2.21717
143 17.4102 23.2815 -1.24213
144 1.86207 34.2035 -0.872488
145 24.0145 24.1524 0.657408
146 28.7015 16.9462 1.2136
147 38.8494 36.482 -1.49129
148 31.6132 8.69616 2.48604
149 10.1621 15.7243 1.28519
150 11.7293 30.3186 -2.65425
151 31.8124 5.72758 0.571231
152 14.5748 19.4439 -2.81749
153 18.3099 4.44308 4.30517
154 25.8399 37.1048 0.883212
155 0.449916 21.8155 0.860193
156 35.9794 26.9887 1.7265
157 13.6345 4.40687 -0.131521
158 12.0939 35.3856 -3.42193
159 23.3297 29.144 -0.916573
160 2.92562 15.7502 0.401621
161 10.1225 28.7059 -2.47318
162 26.4716 30.174 -1.98192
163 8.13315 9.62907 -1.24352
164 18.8662 8.18464 -0.768755
165 30.9108 9.46272 2.51834
166 35.2764 7.23294 0.00806055
167 11.5391 31.2342 -0.697675
168 33.7759 24.7809 0.296996
169 39.585 1.1966 -3.37451
170 38.1256 33.9754 -1.71161
171 25.6133 33.6012 0.207576
172 1.36984 15.6987 0.463572
173 22.0671 30.7824 -3.85387
174 19.5968 5.34157 2.47906
175 2.18083 10.616 -0.184831
176 18.6936 20.8545 0.713936
177 11.1817 4.55148 -0.0703887
178 28.6128 24.0386 1.42248
179 24.2788 10.4951 4.49405
180 12.1211 7.87496 1.26922
181 8.40218 30.7708 1.37415
182 12.3284 21.4239 -2.16321
183 5.59957 16.931 2.91213
184 39.9507 0.633308 -0.391306
185 3.26695 14.0468 -2.35735
186 21.9183 39.7383 2.37862
187 8.0212 7.91075 3.49068
188 18.566 16.4462 2.02581
189 5.72681 22.7601 -3.70207
190 20.849 18.5383 -2.52895
191 17.1496 33.1226 2.32796
192 34.683 1.02318 0.629519
193 24.1426 28.0915 2.21239
194 20.1234 21.2101 0.514743
195 5.17365 13.0632 2.38524
196 27.7028 35.2174 1.45921
197 14.8119 37.4636 -0.507524
198 34.0869 21.4206 -1.56451
199 18.0634 9.3228 -1.65741
200 36.389 38.3374 -3.51187
201 2.4837 15.0169 -1.40211
202 7.89105 18.8177 3.07591
203 24.066 12.1266 -1.92074
204 30.0203 30.5823 -1.68495
205 0.84396 34.5695 -3.65781
206 14.5719 4.04648 0.281049
207 33.8701 38.6407 3.32813
208 35.0409 23.4107 -0.232377
209 13.7867 37.9585 4.40042
210 18.5567 21.5554 3.53962
211 34.3935 16.5984 2.63355
212 32.0801 33.1382 -4.70617
213 36.6174 2.86408 3.55527
214 27.4689 19.6271 0.663963
215 39.6548 17.8105 -1.86045
216 34.3003 25.6864 -2.28428
217 6.70516 10.196 1.71023
218 14.2818 16.5623 -4.26275
219 25.7882 37.2382 0.265923
220 9.05891 1.41412 -0.31554
221 22.0925 17.0598 -1.68712
222 37.3781 32.1473 -1.67819
223 17.1627 26.3433 -0.00465493
224 3.91368 28.3688 1.46926
225 34.0244 4.83501 3.30364
226 29.1483 16.9509 1.52524
227 3.79981 10.787 -2.19241
228 15.1398 4.06807 -1.59416
229 39.0711 18.0692 -2.5855
230 31.3632 4.37859 2.68745
231 15.9368 29.5258 -3.45027
232 33.2441 0.187291 1.33814
233 35.3243 6.46236 -2.35526
234 3.49192 5.41271 3.35511
235 36.529 7.81351 -2.50829
236 20.5419 0.385048 2.48314
237 17.5513 24.6644 1.29795
238 11.632 7.20158 -0.660784
239 32.5826 13.7013 -0.930934
240 13.8894 17.5142 3.53872
241 2.0433 25.954 0.426634
242 34.9282 39.2071 -2.51324
243 30.4548 0.691348 -2.9353
244 3.073 11.9768 -0.623457
245 21.2941 2.88168 -2.29771
246 26.8692 3.08657 0.412555
247 0.677927 36.0213 -3.22709
248 5.02698 29.2586 -2.19257
249 9.17433 1.35049 1.11082
250 17.2976 5.21588 0.979231
251 36.5391 39.5583 1.85427
252 31.0457 17.0066 -0.948783
253 31.6932 14.1076 -1.01634
254 1.78244 38.9933 0.785223
255 28.426 25.3 0.119945
256 5.99172 3.54118 -0.431146
257 33.9096 18.1919 -0.993101
258 21.8491 3.57668 2.65175
259 1.74372 11.9046 0.441923
260 1.20475 5.26882 -2.91544
261 34.1417 26.4575 0.520248
262 31.3513 36.9798 -1.99022
263 6.60067 2.75991 -2.64192
264 12.3431 28.2221 4.32848
265 36.8554 31.3908 -2.10426
266 39.0819 13.8724 2.37248
267 4.87113 27.7435 2.21661
268 14.4393 16.9106 -3.50368
269 25.6574 36.6463 -1.14606
270 39.0944 8.52095 -2.71787
271 33.4539 4.43645 2.05837
272 18.3903 15.7839 2.4685
273 30.8495 37.8279 4.69378
274 11.5246 3.29065 1.10766
275 13.4084 26.2331 -1.4226
276 33.1088 21.7917 3.75971
277 5.73786 17.3048 2.98417
278 2.85178 13.0969 -0.130012
279 17.622 30.4021 4.02212
280 4.18471 27.8784 0.601421
281 24.3868 21.247 -1.60798
282 4.65094 17.5314 -1.30925
283 19.5712 34.6249 1.09371
284 31.9225 22.1911 0.11535
285 39.6345 37.1066 -0.909118
286 35.5681 2.27137 -2.52339
287 22.9133 12.3133 1.45955
288 2.73626 2.36697 -0.598511
289 12.6171 37.8412 -2.24002
290 29.8192 24.1647 -0.282635
291 10.9759 3.01047 0.0359236
292 32.5283 18.5805 -2.7401
293 15.3831 4.05379 -0.514699
294 23.9611 26.0471 -0.16806
295 18.5938 14.2155 -2.53836
296 21.8722 25.2847 -1.00032
297 1.5741 30.0783 2.9148
298 21.3619 39.9613 1.72016
299 18.5188 29.0002 1.46688
300 24.5425 11.0853 0.825781
301 28.5659 24.9203 3.73545
302 21.226 35.791 -4.11218
303 4.41356 17.1701 -3.32474
304 2.82947 35.0622 1.29993
305 2.63917 20.7653 2.10295
306 21.4795 12.3608 2.22178
307 11.9192 17.3228 -1.50405
308 4.50138 24.5244 0.593882
309 16.8247 34.6624 4.07937
310 18.4708 20.8251 2.36824
311 22.6874 12.6778 0.376975
312 37.2197 31.6513 -1.29995
313 22.4458 39.6329 1.34101
314 17.3144 5.9327 -2.75321
315 5.79861 39.2911 1.81606
316 38.3246 36.3111 -2.07375
317 21.8265 26.3084 0.193953
318 28.9853 31.5958 -1.51009
319 8.04305 9.2022 -1.70083
320 8.46906 17.9903 -0.420067
321 23.9391 5.26513 -2.19947
322 39.8304 35.5967 -0.0307238
323 5.1435 37.7005 1.20836
324 27.4745 18.9615 -2.05358
325 14.0836 30.6586 -1.31895
326 9.45735 15.2343 -0.278922
327 14.8872 37.5648 -3.64445
328 15.9857 34.4899 2.89273
329 13.1981 24.8684 -1.07253
330 37.2216 14.4929 1.45287
331 22.3839 39.3952 2.30566
332 32.0551 6.66568 2.99293
333 34.0453 22.663 -3.37637
334 16.6254 5.96845 1.83226
335 5.43873 0.184365 0.0501781
336 20.2045 3.91705 4.0537
337 7.64311 23.0004 0.973054
338 19.6824 19.7852 -0.176326
339 0.0596527 30.4889 0.748495
340 11.3252 21.6248 0.496643
341 29.4561 25.9215 -3.02644
342 11.2044 14.803 -1.40837
343 8.2726 13.2382 -0.661691
344 13.0643 0.778385 1.30894
345 37.6449 30.0113 -2.1426
346 16.841 12.8315 1.70553
347 3.55746 36.4418 -1.34187
348 13.5358 25.5819 -3.11114
349 19.7349 21.4121 2.54426
350 10.2089 15.0934 0.0649677
351 39.9562 25.2525 1.70726
352 29.3693 27.1445 2.30675
353 21.6799 11.7662 2.75256
354 6.87552 1.60165 -1.80486
355 20.5852 24.794 -2.53562
356 37.267 38.4331 4.68068
357 9.72534 15.3563 -1.76928
358 12.7326 12.0515 1.70426
359 24.7678 27.0003 -1.1731
360 33.0582 25.3477 0.0236515
361 28.978 31.3964 -0.693908
362 36.5727 21.9874 0.899625
363 0.130912 10.0751 0.500559
364 9.08953 8.83831 1.57818
365 8.71232 38.6338 1.40913
366 10.3752 2.88117 2.38668
367 12.747 38.9964 4.34313
368 22.8946 10.2973 4.13458
369 10.7862 5.99885 1.96295
370 19.8463 30.0291 1.41337
371 24.9674 15.6915 -3.8151
372 21.1818 28.645 2.47666
373 17.2913 13.3968 1.53238
374 8.88638 11.006 -0.499796
375 10.9818 10.8411 0.381732
376 0.422899 30.6367 -2.95052
377 38.1543 4.48088 -0.812615
378 14.2642 5.68426 -2.50306
379 3.20445 33.8756 1.85791
380 32.4818 30.4148 -1.36886
381 15.5643 39.9389 3.06702
382 3.89989 14.217 -0.868242
383 19.5119 34.518 1.98494
384 31.3696 11.4243 -0.362059
385 17.7666 27.1339 -0.0485079
386 25.6566 9.58969 1.80222
387 31.7214 38.1545 -2.27216
388 29.8201 31.5172 -2.25153
389 10.1431 6.42984 0.400183
390 29.9859 12.907 -3.12313
391 9.02902 15.3943 -1.81743
392 20.5344 19.7153 -2.07724
393 19.1789 2.32877 4.49393
394 26.494 5.46716 1.1715
395 36.7139 13.7097 -1.19468
396 9.63183 38.0438 -1.23967
397 6.11487 10.9144 -1.06824
398 33.6581 36.7696 -2.1485
399 32.9952 13.6672 -1.30394
400 39.6379 2.33295 -1.23236
401 28.6064 25.3475 2.91504
402 32.1919 11.3415 1.38828
403 5.22501 29.608 -2.28155
404 21.8908 27.1622 0.816347
405 1.70445 21.206 -0.563677
406 20.939 8.3728 1.07595
407 38.3004 6.83144 -0.224432
408 7.7964 6.14258 -1.22849
409 23.6792 3.89603 1.25728
410 20.354 20.9868 1.11049
411 18.2434 31.2993 4.34599
412 1.63134 1.60148 -4.48233
413 7.91972 13.6453 -1.9688
414 3.65581 8.31248 -1.21107
415 12.1702 27.4948 3.30223
416 11.1372 38.7785 2.13244
417 1.24984 38.0719 0.175915
418 24.4844 22.8265 -2.81717
419 22.0553 8.87092 1.01733
420 25.3938 3.57877 1.02449
421 6.94377 14.6075 1.45308
422 10.6896 16.6015 0.143197
423 33.0212 5.02656 2.55029
424 23.244 23.2394 -1.56823
425 13.6103 5.69217 -1.9231
426 9.62406 20.6128 -1.421
427 16.771 25.832 -1.87739
428 8.4087 5.22264 -2.21865
429 1.74115 5.11787 -1.56895
430 13.3523 15.6071 -3.68327
431 9.48493 8.69303 1.65682
432 19.2494 30.8409 2.03254
433 23.388 23.5403 1.86711
434 15.0696 21.8762 0.193997
435 38.0027 34.2753 -1.82861
436 1.84044 29.6218 0.940349
437 9.38135 1.33118 0.650927
438 2.41784 30.9203 -4.40553
439 35.5148 14.2794 1.93824
440 23.2651 9.37596 0.870239
441 7.71929 39.8665 1.56552
442 8.61004 17.7883 -0.359835
443 23.0262 20.0382 1.63659
444 14.5774 23.9432 1.30921
445 10.9539 21.7006 -0.891178
446 15.0827 10.5982 -2.35061
447 9.77763 4.49068 -1.85458
448 33.3116 25.7923 1.35162
449 17.6896 16.0439 4.02876
450 0.610682 12.625 -2.19145
451 35.6701 11.3686 4.23102
452 10.7997 16.7935 -0.358271
453 6.27252 22.4321 -1.8061
454 37.6562 8.1802 -2.86323
455 29.9036 38.4894 -1.29272
456 10.5568 14.3932 -1.1118
457 26.2277 13.5285 -4.21382
458 22.3377 15.9679 -2.48308
459 14.144 0.542523 -2.39032
460 7.82175 39.5939 3.18203
461 5.51124 2.6047 -1.8876
462 18.974 19.3881 0.0960875
463 4.40021 32.5607 2.99827
464 30.5168 25.2021 0.557206
465 27.9963 14.4123 -1.17928
466 36.7454 29.0786 -2.00084
467 10.9069 35.5176 -1.6844
468 19.6412 34.318 1.08175
469 22.1443 38.9802 -1.1987
470 10.8371 17.8515 -0.168707
471 38.4916 22.8901 -0.835805
472 15.2822 4.4073 -0.0964948
473 11.7904 34.9869 -3.76249
474 9.98369 38.5657 -2.67516
475 32.5325 6.14989 0.381593
476 11.332 21.337 -2.6592
477 12.8923 38.5281 -2.92485
478 29.3832 24.2847 1.16553
479 0.912023 30.1748 -0.556317
480 33.7523 18.1998 -3.82996
481 26.2059 1.94935 -0.840151
482 11.9299 31.6635 2.48432
483 6.88946 32.8597 0.221289
484 19.525 34.6396 0.0901515
485 7.55869 1.33218 -0.268736
486 17.4262 28.5818 -1.40099
487 30.3571 28.9497 0.905098
488 38.6702 6.5959 -0.068934
489 24.453 39.2058 2.22875
490 9.18277 7.83439 1.71798
491 21.4827 11.6373 2.45058
492 22.1736 1.28822 0.570868
493 1.52412 25.0122 1.97643
494 6.90433 11.9614 -1.90812
495 30.9925 8.43359 3.09512
496 22.9958 26.9231 1.48791
497 4.29883 36.8275 1.56833
498 17.1691 14.8869 -2.72799
499 11.6521 21.8839 -0.500224
500 4.39914 14.6762 0.623893
501 31.9236 10.0637 3.21363
502 2.77605 3.88085 -1.76483
503 24.5112 20.9516 0.706589
504 1.01508 39.608 1.54415
505 6.68111 9.015 -1.61775
506 24.1664 23.7597 -3.05825
507 20.2583 7.27978 3.41174
508 3.95532 30.0933 -1.6729
509 17.392 2.59293 -3.60793
510 33.1053 11.1434 -2.95618
511 24.7324 36.5307 -1.3687
512 30.9466 23.2903 -2.25381
513 17.1069 23.86 2.34155
514 3.22369 32.1833 -2.2354
515 17.8504 14.0782 -2.00857
516 19.2827 39.2466 -1.72402
517 12.399 16.6196 0.84009
518 4.59558 7.51648 -0.00876638
519 25.2126 18.5758 -2.75033
520 39.7305 0.934635 -3.78871
521 33.8587 34.1959 -0.930031
522 26.1376 23.6346 -1.23784
523 7.46435 20.0332 0.997825
524 11.5534 23.577 2.7003
525 6.16487 11.7967 1.20052
526 9.48415 29.317 -2.83419
527 13.9556 5.13358 -3.35551
528 19.3179 3.73442 2.38805
529 35.4319 38.5982 3.72276
530 29.9432 14.5376 -4.35797
531 27.8187 2.72046 -1.26092
532 20.1267 0.546867 2.62956
533 9.88777 36.1 1.38443
534 11.2838 17.4131 -1.23597
535 34.8639 0.858516 0.952652
536 33.5244 15.4983 -1.80447
537 2.33407 27.7118 4.18486
538 7.1789 1.23901 1.1443
539 14.6135 7.26454 -2.54779
540 31.9079 17.232 -1.02708
541 21.0856 21.8514 1.69272
542 30.4217 33.4959 1.50471
543 8.60217 15.5118 -2.54922
544 36.774 37.9022 -1.34066
545 15.5145 27.9655 -2.22784
546 38.4855 0.425101 -2.06762
547 2.53931 10.8215 -0.651752
548 38.5313 35.6293 -0.982978
549 1.31348 30.5806 -1.38735
550 1.029 24.3713 1.13192
551 25.0718 11.0296 -3.66779
552 6.76403 1.85627 0.978097
553 13.6701 30.0291 -0.626259
554 17.7871 9.38038 -1.21161
555 37.4579 8.11841 -0.733402
556 36.0911 24.6798 -4.48207
557 9.02283 18.3802 0.176687
558 33.7667 3.85967 -1.37448
559 28.6813 26.174 1.35169
560 33.8411 22.7376 -4.91571
561 0.795991 27.5974 1.1997
562 11.6895 25.4616 0.878596
563 6.2517 11.736 0.12394
564 16.2873 25.1468 -1.21021
565 4.21581 20.6101 -1.8643
566 13.4704 38.1435 -1.26582
567 26.3165 13.7301 2.87226
568 39.7599 3.41623 -0.392904
569 29.2553 22.9251 2.41028
570 1.06976 29.6536 2.48024
571 11.0686 14.8276 -0.974336
572 35.9339 31.4965 -2.11201
573 20.6879 29.7928 -3.76986
574 14.4692 23.1096 2.26691
575 17.3507 14.4365 -1.55696
576 6.57803 2.03988 0.266939
577 21.749 30.4573 -3.30667
578 9.57518 1.23648 -0.623048
579 12.0097 9.98512 -0.167882
580 10.5291 30.0119 -1.09398
581 10.5719 29.8776 -2.51676
582 23.7411 14.9666 1.98909
583 20.0767 36.1767 0.260135
584 0.588881 9.93279 0.326988
585 0.658243 27.1982 1.80932
586 20.4403 20.3813 3.43353
587 27.9385 35.1318 2.14022
588 18.7562 35.7678 -0.287132
589 26.105 12.9068 -2.44225
590 2.20414 9.33774 3.08366
591 10.2583 27.2139 -0.492963
592 29.3562 23.5286 0.206135
593 10.4609 24.1217 -1.99153
594 0.939424 4.44754 -2.74577
595 36.6689 22.6849 -0.127579
596 39.0478 37.5754 1.02033
597 29.2059 11.8627 -2.51006
598 39.5912 11.6369 -3.91275
599 10.0522 31.9828 -1.19464
600 9.45552 39.9865 0.803022
601 18.0947 36.3235 -2.8413
602 18.7562 22.0138 1.55881
603 16.6634 5.17045 2.17265
604 31.3874 30.8063 1.56092
605 12.104 28.1401 3.82949
606 36.1734 27.0318 1.29296
607 0.131489 8.93501 -0.462111
608 3.54953 4.47206 -2.47062
609 22.3135 1.90853 2.50421
610 29.9668 26.6171 3.10951
611 0.696399 22.1419 0.120188
612 24.8112 9.67264 2.4359
613 17.3921 13.0466 2.23485
614 33.5626 1.0295 4.5047
615 32.199 8.86606 4.16287
616 37.147 22.9622 0.696026
617 23.5167 26.7381 1.76982
618 5.23275 39.8353 3.13813
619 19.5514 34.3775 0.922894
620 34.5589 0.358066 1.1992
621 25.0489 20.7996 3.78493
622 21.6571 8.13297 3.32557
623 20.8594 11.889 3.59903
624 31.2966 4.9881 0.995502
625 13.8675 8.33898 -3.74
626 3.15806 36.5032 -3.72678
627 1.32947 34.0934 -2.93147
628 18.2865 4.33965 2.30599
629 23.7664 3.66347 1.52928
630 0.332354 31.6731 -2.53006
631 26.2155 1.01457 -3.95606
632 32.3428 31.5055 3.53686
633 3.96232 26.9418 0.960553
634 38.1195 6.95416 -1.90723
635 26.4662 28.0012 1.80965
636 25.405 10.3849 2.4153
637 7.20485 29.7482 -2.08182
638 29.4347 27.3702 2.71289
639 31.7234 15.5101 -0.439376
640 7.32988 18.8411 -3.20109
641 33.0469 4.85133 -4.3587
642 14.2378 32.5484 -2.67481
643 30.1096 31.7048 -2.43666
644 9.34977 7.83719 4.04315
645 7.32228 7.57164 -3.74146
646 12.6561 2.1231 -0.457165
647 6.48567 10.938 -2.51177
648 32.6151 36.0311 -1.19729
649 14.9297 19.3249 0.421057
650 25.8251 21.0658 2.7614
651 26.2934 21.9299 -3.20576
652 8.69955 31.9722 -3.04314
653 7.61529 39.9532 2.07548
654 24.1069 16.244 1.86199
655 33.6398 34.0071 -2.82939
656 7.53282 12.6295 -1.12256
657 23.5121 7.86494 3.70201
658 9.57942 25.3801 -2.73561
659 4.64393 38.0907 -0.00489873
660 22.8275 10.3683 3.18179
661 2.52139 15.5658 -1.49463
662 36.6649 35.2445 1.32479
663 5.74527 18.4344 3.13319
664 33.1611 17.583 -2.7529
665 35.2231 38.1508 -0.107055
666 22.5373 2.47902 -2.13113
667 33.6365 33.53 -0.818564
668 12.0052 34.1351 -2.11233
669 15.1171 37.8645 -3.73645
670 34.3565 31.766 -3.58682
671 29.3797 1.8987 -1.86683
672 18.4072 32.2935 4.67392
673 39.2446 0.900732 -1.97335
674 5.29221 21.1521 -1.50645
675 35.0105 19.0979 1.1409
676 33.8984 0.69144 1.01365
677 2.07173 20.2994 1.80202
678 24.9544 2.23583 0.914842
679 22.8559 19.8804 1.16783
680 18.6064 34.3989 -0.00666953
681 3.49473 2.84086 -3.08896
682 35.6935 39.17 4.53786
683 23.9293 28.8426 -1.44623
684 6.7492 33.4181 -1.45027
685 24.2765 31.2388 1.91532
686 4.14734 37.4596 0.952789
687 20.1009 10.1102 3.42265
688 24.4463 5.1275 -1.61864
689 6.49012 3.26652 -2.0173
690 13.4592 32.3388 -0.457974
691 19.8189 30.1252 1.56091
692 28.9116 15.5895 3.49493
693 3.11443 19.7307 0.202723
694 23.7655 20.4191 -1.12687
695 17.7785 26.3422 -0.684738
696 19.1614 24.1702 3.19665
697 30.3836 8.44603 2.24959
698 30.1928 12.3518 -3.61055
699 35.356 18.3723 2.25544
700 2.64148 1.40316 -2.99354
701 13.6174 3.2544 -0.593948
702 1.94466 39.2559 1.04047
703 0.480793 10.113 -1.62286
704 26.5365 37.3226 -0.0950448
705 10.6546 32.4448 -3.546
706 0.482244 33.7223 -4.19139
707 16.1502 4.60938 2.34353
708 39.8126 16.5305 -3.51048
709 22.8465 11.4779 2.51044
710 18.7812 3.33271 2.02267
711 32.2025 30.5488 -3.59801
712 32.7358 25.386 0.383235
713 34.4335 18.9055 1.56606
714 21.9026 30.5367 -3.66205
715 37.8433 36.8659 -0.560671
716 17.5626 31.1694 -4.63126
717 16.3057 33.4255 1.48884
718 4.14571 28.0377 4.01682
719 10.8298 30.9241 -2.4241
720 12.1656 22.7811 2.1131
721 21.5606 39.8689 0.698876
722 5.78149 0.471586 1.06714
723 7.22195 2.01199 -0.20201
724 21.5041 39.8623 1.75477
725 25.5043 36.6321 -1.78248
726 0.233957 26.2668 1.25809
727 6.14777 24.848 3.90239
728 39.494 39.4848 -3.51515
729 18.558 3.83116 -4.23478
730 17.7383 10.8747 -1.70595
731 33.0754 17.5256 -1.99951
732 26.9028 33.1924 1.73792
733 28.2757 30.3899 -0.574006
734 32.006 9.32211 2.01803
735 19.2604 30.8658 1.56875
736 19.3326 31.6823 1.4733
737 3.06846 31.4683 -1.34464
738 23.9398 8.85376 2.70248
739 13.7898 22.047 0.345149
740 34.3565 25.1771 -0.0746972
741 10.6447 28.4832 -0.695372
742 14.5733 16.0039 -2.85975
743 22.1145 24.3873 -4.1623
744 35.3097 21.5024 1.78526
745 14.9147 0.482468 -1.62133
746 13.3022 10.1035 -1.06581
747 19.5123 23.2987 3.04636
748 19.7658 30.4639 1.73574
749 6.72863 1.50702 0.323127
750 1.68042 36.0746 -2.47426
751 1.62366 34.3585 -4.37276
752 7.86697 17.0479 0.862337
753 17.7398 24.4669 2.47759
754 35.5774 24.6235 -1.22063
755 28.4705 6.1644 -2.07387
756 8.6761 5.92522 -2.67849
757 11.0153 29.9334 -1.1781
758 36.0161 17.7549 2.84537
759 6.90808 31.1836 -4.24526
760 28.5847 30.4285 -1.89267
761 12.9319 23.3285 0.0154189
762 21.6582 24.6811 -2.62396
763 5.82093 0.750326 1.3595
764 23.1814 11.3903 2.33334
765 1.2929 13.1277 -1.38059
766 8.59213 11.9375 2.25677
767 31.1575 8.31176 2.43846
768 8.62736 14.02 -0.218968
769 13.8414 32.4373 -2.15179
770 3.59819 24.2067 -1.37415
771 7.42255 15.892 -0.813357
772 10.9136 33.9023 2.28159
773 33.6026 28.151 2.2754
774 39.5564 37.7795 0.261617
775 14.2758 8.78327 -4.61142
776 9.73389 14.4734 1.00545
777 35.9807 28.4818 0.495135
778 35.6344 28.1638 0.268217
779 14.8366 3.28256 -0.404646
780 2.9064 3.18452 -1.66554
781 0.402509 38.8046 1.9748
782 6.51035 8.84626 -0.60557
783 9.34563 13.5551 -1.15966
784 36.064 39.7315 2.38041
785 19.3741 7.96771 -1.71312
786 5.13054 16.902 3.87675
787 33.8707 3.05734 -3.82443
788 5.4985 36.0841 0.0928104
789 34.2586 3.51505 -0.985666
790 14.6929 31.6266 -2.74154
791 13.1366 24.2802 2.10779
792 12.4698 21.0949 0.0959355
793 17.5691 36.934 -1.2696
794 23.4009 28.9301 -1.1998
795 38.6914 8.12137 -1.58602
796 18.7241 17.1656 0.818379
797 1.28849 26.8994 0.241117
798 24.191 10.6046 1.18891
799 29.6567 5.89412 -0.507969
800 37.548 6.33409 -1.98688
801 19.3426 14.8075 -2.28895
802 38.086 24.2131 2.20923
803 9.79006 39.991 0.781572
804 5.804 21.3103 0.349487
805 1.53263 25.6585 1.23118
806 2.75084 27.5473 3.60826
807 28.0519 17.6254 3.07107
808 16.7864 26.1467 -3.39084
809 28.3205 16.985 0.482865
810 16.5791 37.6771 -2.29231
811 1.37125 24.3848 1.33976
812 8.48283 9.32249 -3.69114
813 1.54132 8.45101 0.88891
814 27.1609 0.85824 -1.19517
815 25.0876 14.3313 0.645078
816 17.542 1.71359 -1.2357
817 13.7705 32.0149 -0.594945
818 4.78834 10.6599 2.8254
819 31.6554 5.72326 1.70392
820 7.18324 0.586834 -1.69313
821 11.3644 14.2802 -1.23893
822 6.83332 1.26104 -1.95403
823 22.8028 2.45598 -1.19682
824 29.6178 13.7419 -4.13361
825 39.8904 34.5091 3.52607
826 5.59336 11.7374 0.909089
827 37.3468 8.49581 -1.94698
828 17.7403 18.1858 1.25361
829 10.0238 30.768 -1.67246
830 10.8154 15.0767 2.18215
831 18.0522 37.8703 -0.964395
832 32.8873 3.47675 -3.40243
833 11.3126 16.7237 1.17818
834 19.7023 7.48749 2.04478
835 6.0833 35.3615 0.376315
836 18.6422 34.8551 3.38764
837 31.9609 0.524534 0.47554
838 20.7607 3.99558 -3.8696
839 5.61327 17.287 4.37381
840 26.4825 14.1817 1.89724
841 27.5772 33.7929 -0.792225
842 15.9022 34.3405 3.24447
843 17.7922 6.05299 4.13455
844 4.27827 26.1571 1.7629
845 1.38868 30.5549 -3.28245
846 10.2244 29.284 -2.13039
847 1.67166 29.3828 1.61207
848 25.9247 28.5155 -1.05608
849 21.7247 15.6725 -2.97781
850 29.1934 35.0619 1.28977
851 6.42472 5.25301 -2.66412
852 25.5387 24.0147 0.224482
853 20.6991 21.5616 0.920547
854 1.68544 38.7893 0.181668
855 13.546 38.1731 -4.55105
856 11.3137 38.746 3.85569
857 11.7958 29.8315 -0.794642
858 36.4622 28.8259 0.536162
859 12.892 1.81453 -1.77246
860 38.2522 15.8276 0.475801
861 3.88346 14.2788 -1.03073
862 8.15938 34.7798 -0.746386
863 11.1957 8.22406 -0.480538
864 17.7315 10.003 -0.758748
865 26.0167 37.8304 -1.96899
866 27.3773 2.1099 0.217943
867 23.7975 26.3813 1.07997
868 30.1936 25.9953 -1.42511
869 2.39124 15.8966 1.42375
870 33.4449 1.51871 -2.37268
871 18.4093 21.6766 -0.0161483
872 34.5318 21.3433 -1.05006
873 12.053 16.4957 1.9608
874 29.7495 11.8472 -3.19129
875 30.4257 1.74536 -1.26699
876 11.4034 19.9106 1.45713
877 31.6963 13.3291 -1.15856
878 1.50124 37.3355 -4.58806
879 5.41479 35.6138 -0.433781
880 36.8891 21.6332 -1.00409
881 16.826 22.7033 -0.821346
882 27.3356 2.90444 -1.72666
883 29.6621 30.7171 -0.40321
884 6.0622 19.219 -1.05036
885 10.7229 8.3295 1.91317
886 19.6524 19.6194 0.0727341
887 3.82103 23.5219 0.376724
888 32.4738 24.8496 0.395445
889 39.1677 7.91092 -2.86636
890 14.6097 18.1592 0.857992
891 20.4366 20.239 -0.836336
892 15.8994 5.3695 -4.16322
893 30.8731 26.309 -4.72252
894 32.9686 30.7333 -1.1275
895 34.0716 11.6081 -3.90761
896 16.0906 2.46057 0.148458
897 2.61242 15.4224 -0.878321
898 19.0421 18.5211 -2.20379
899 10.1073 27.7445 -3.74063
900 9.84451 38.7731 -0.789652
901 0.358061 37.9572 2.24888
902 6.91285 33.0938 1.02046
903 3.0702 35.975 -1.03756
904 17.6642 37.5965 -1.23929
905 35.5516 37.3247 -1.07851
906 19.3953 12.2987 -2.08186
907 8.19802 24.9476 0.403768
908 36.7997 35.8417 1.8653
909 2.47462 34.3609 -0.804142
910 37.1408 21.9883 2.93941
911 35.102 38.0798 0.268803
912 27.658 15.6623 -1.7119
913 36.9519 34.4261 1.62374
914 0.363703 23.3349 0.615769
915 39.3931 37.0448 1.33181
916 30.2021 20.0576 -1.17565
917 18.3237 23.4925 2.31636
918 38.7642 6.8278 -1.64726
919 30.3418 22.7329 1.10764
920 3.75258 23.087 -2.8194
921 25.9534 22.8935 -0.696537
922 20.3959 17.9311 -0.239778
923 6.79384 33.121 0.831274
924 32.1559 27.231 -0.193194
925 21.7075 9.05143 2.9424
926 24.7764 9.31737 3.76221
927 1.20709 32.3507 -4.18604
928 38.1617 2.8047 1.04197
929 5.13898 33.5932 0.854921
930 3.31998 5.78762 -1.35123
931 14.9665 17.7736 2.63548
932 38.7407 24.028 1.51933
933 11.7215 1.93004 -1.22887
934 27.7918 25.4943 -0.846839
935 10.9228 14.0077 0.522275
936 16.3564 20.0587 -0.658205
937 19.1367 4.1876 4.56997
938 18.4542 17.0156 3.19272
939 9.86154 3.99107 0.753207
940 15.7322 27.2184 -2.02167
941 29.3765 23.5519 0.409168
942 8.75222 22.8545 -1.95614
943 10.4059 6.28068 2.80008
944 7.44993 37.8623 0.335715
945 0.846086 1.71998 0.791655
946 18.0431 23.341 0.376958
947 8.9455 7.83737 3.34515
948 22.0229 8.84847 0.579377
949 4.05084 7.62737 -2.01198
950 3.97099 28.8382 2.46912
951 14.8906 4.80831 -0.0450135
952 14.1184 25.7103 -1.54083
953 34.9307 21.3713 -0.731405
954 7.40606 0.194964 2.06061
955 9.87398 38.4456 -3.62993
956 24.6332 15.4089 -2.94728
957 33.7426 16.37 -0.804508
958 2.0407 39.7459 -1.07836
959 31.2899 10.6939 -0.256037
960 7.42874 39.9763 1.70207
961 4.08777 25.7277 1.18404
962 14.113 27.8634 0.98432
963 13.5065 37.4316 1.1857
964 2.79388 6.3105 -2.10183
965 35.7985 31.8563 -1.70184
966 16.7699 17.3593 1.26329
967 21.211 0.705835 0.42055
968 37.7738 17.1076 0.725777
969 10.9334 4.04809 -1.1579
970 15.9846 38.2696 0.0276804
971 23.9988 11.3667 1.30756
972 15.3361 21.4418 1.29921
973 5.53751 26.7272 -1.74339
974 33.5535 25.1957 0.0764594
975 7.08547 22.1862 -1.06851
976 5.90496 14.5948 2.66629
977 8.91607 38.4109 0.806587
978 15.3988 37.0788 -2.9251
979 5.72008 1.05661 -2.34837
980 38.6822 14.7132 2.2772
981 5.14749 21.8161 -0.81618
982 34.226 3.55714 -2.92424
983 39.0726 17.5204 -3.69617
984 14.1855 31.4838 -2.42177
985 0.703849 22.9993 0.771656
986 20.6775 16.0419 -4.77128
987 9.85391 15.3109 -0.524957
988 4.05889 26.9067 2.6744
989 27.2101 30.6677 1.03784
990 20.6007 15.5444 -2.28176
991 17.9768 20.7305 2.61811
992 4.33253 12.4043 -1.18027
993 11.599 16.4176 0.395156
994 22.4978 19.0808 3.8243
995 14.4771 18.0161 1.44943
996 35.9473 21.7639 -0.509222
997 2.19784 17.5182 -0.284545
998 39.1983 36.7621 -0.71363
999 37.4563 6.11283 0.162318
