1000
Particles
0 4.33803 31.237 1.21371
1 32.0125 27.5057 -2.22378
2 17.545 4.55851 1.57431
3 6.25028 34.1639 1.99899
4 19.1941 21.6037 -2.41689
5 14.9318 10.0383 2.21349
6 28.9384 36.964 1.78794
7 33.9643 24.8247 2.04832
8 8.00893 21.7984 -0.905852
9 38.7938 21.6692 0.768945
10 23.0577 39.2704 2.4589
11 4.34531 29.6512 -0.317278
12 31.3792 34.8224 2.05539
13 11.775 5.2584 -2.92193
14 29.5458 27.1228 1.37635
15 14.2504 27.2772 0.137653
16 27.8445 33.7788 -1.49807
17 32.6884 18.2917 0.927393
18 34.2992 13.6025 0.742099
19 13.5316 26.848 -0.246678
20 2.25055 8.44577 2.20031
21 38.3165 4.37212 2.05754
22 5.50155 7.8968 -2.54292
23 35.6294 21.5837 -0.474618
24 37.1063 8.77582 -2.28678
25 1.39412 30.1217 -2.29025
26 18.1154 32.4788 -0.939375
27 13.9974 10.4053 1.19671
28 9.37018 30.5066 0.291459
29 29.928 39.5075 2.02752
30 14.2029 20.3872 -3.74843
31 8.80034 13.936 -1.95006
32 23.99 2.61782 2.53377
33 12.8268 32.6189 2.77091
34 28.5268 27.5707 1.68026
35 23.0995 8.8848 -2.28458
36 12.1185 2.10606 1.58825
37 36.5392 28.1838 -0.220172
38 28.864 1.90985 2.05464
39 37.1471 19.7673 -0.320043
40 39.8887 33.0742 -3.22754
41 11.7574 14.262 -2.12793
42 37.4972 20.6164 -2.83116
43 19.4506 31.3941 -0.353441
44 24.9332 29.0568 -2.00369
45 7.75756 23.3862 2.80288
46 39.6892 5.64543 0.0594669
47 25.172 12.1449 0.599692
48 6.09747 33.0225 -1.71371
49 5.8976 32.8427 0.663511
50 4.10877 36.7265 1.14249
51 28.1823 37.6857 -0.876406
52 29.3316 10.3442 1.75122
53 15.4617 3.91627 -2.00938
54 26.2103 19.7026 0.753356
55 7.61927 13.2257 -2.53278
56 17.2603 12.1363 0.669442
57 9.42706 36.487 -1.66325
58 31.3063 23.1402 -0.430498
59 8.16576 31.8698 -1.77864
60 8.28601 23.1754 2.89208
61 15.513 33.1227 -3.8076
62 38.9854 3.79063 1.24579
63 8.63133 16.2194 -1.10339
64 35.695 25.7265 -2.90941
65 5.26781 38.0657 -0.525822
66 39.6183 19.7914 1.92969
67 28.9959 22.6358 0.256877
68 4.42036 4.56192 3.61248
69 17.1771 38.7593 -1.98032
70 9.76374 5.98821 1.59738
71 20.3692 15.7609 -1.1417
72 4.8118 8.32959 -0.936652
73 19.8899 26.0651 0.1596
74 7.72047 11.1673 1.39479
75 34.6532 35.7728 0.796799
76 26.8337 7.35545 -1.12125
77 8.28265 26.8117 -1.87781
78 5.16199 38.0626 -3.16247
79 1.81012 37.029 0.146305
80 31.4517 13.7697 3.33085
81 6.22433 35.7679 -0.203024
82 13.5412 15.3519 -3.61909
83 13.485 29.0955 -1.59833
84 27.0414 9.4819 -1.3359
85 3.21384 20.4121 0.217943
86 16.631 12.4588 2.0704
87 24.9833 34.9551 -1.09321
88 6.83876 0.539545 0.701237
89 6.1248 2.52658 0.173955
90 1.75312 34.4595 -0.256758
91 26.2908 15.6349 -0.0652988
92 18.8114 29.1895 3.92591
93 10.9739 1.60149 1.18157
94 18.4674 25.3222 -3.29766
95 15.7523 4.08533 -3.68088
96 8.67715 34.3961 1.27886
97 13.9647 37.8047 -1.61426
98 1.03096 22.2596 1.5123
99 11.0842 7.19543 2.86876
100 30.032 23.9649 1.56466
101 21.1886 24.667 -1.77196
102 20.6712 36.2764 1.65
103 13.5067 1.1726 -2.05294
104 23.681 6.3896 -1.16309
105 12.2878 37.4255 2.84214
106 35.996 19.9032 -0.639268
107 20.5548 23.0984 0.897988
108 33.7089 22.7582 -1.56259
109 0.201627 32.8226 -3.2622
110 4.6021 36.8335 -2.39466
111 36.458 31.9501 -2.21195
112 30.9482 0.391175 0.728016
113 35.7828 31.9897 0.643949
114 32.7657 25.8224 -0.949504
115 28.1487 17.9372 1.92131
116 19.7995 33.0253 -0.1174
117 30.1768 28.5641 3.77949
118 24.3644 7.54886 0.751382
119 34.7628 10.6881 0.983774
120 20.0308 30.6939 1.696
121 21.9787 14.749 1.00157
122 35.378 24.5074 3.54276
123 7.31691 24.8643 -0.276559
124 11.6912 37.6662 -1.40587
125 23.9224 36.2067 -0.135698
126 31.0603 32.1516 -0.35635
127 35.0953 5.4063 3.79426
128 32.3385 0.967263 2.0969
129 6.33583 13.715 -3.20043
130 27.5766 9.39894 -2.86521
131 24.495 27.9428 -2.43342
132 18.8125 39.5547 -3.65706
133 0.426276 36.6338 -2.31931
134 10.3961 34.945 3.41208
135 12.0888 1.27043 0.456903
136 27.233 8.68139 -0.664281
137 21.8916 24.5692 0.364185
138 6.44148 14.2935 -2.98991
139 17.3929 0.454177 -2.62918
140 30.2799 39.874 2.04731
141 27.3717 37.8776 0.368529
142 20.6577 13.2896 0.295041
143 16.4877 21.8336 -2.89809
144 4.86427 33.0997 2.019
145 22.8078 24.9211 -2.59148
146 28.1256 14.4338 2.054
147 37.9189 35.8018 2.00435
148 31.5085 9.24086 -0.210599
149 10.2486 14.7225 -2.2786
150 11.444 28.8894 1.7192
151 32.359 3.28458 -0.125147
152 13.8363 15.7652 -2.89132
153 19.6385 7.56672 -1.63166
154 27.1714 38.028 0.783721
155 38.9802 24.6116 0.890378
156 37.3793 27.7654 -0.0214745
157 13.3243 2.23887 -2.33171
158 14.1051 37.6397 -1.58258
159 20.4979 31.2609 2.30407
160 2.53931 16.5381 -4.44709
161 10.3321 26.7779 0.897712
162 26.4082 27.5567 -0.431288
163 9.79031 11.5605 4.31974
164 17.4311 9.64101 -0.973426
165 30.8208 8.40359 -1.0266
166 36.2753 5.09275 3.05677
167 8.23728 33.5867 -1.85385
168 34.0781 24.1264 2.57414
169 37.8107 1.48215 1.46565
170 37.9693 33.8644 2.00252
171 23.3124 32.9444 0.365804
172 0.926502 17.5127 0.294158
173 25.2486 32.5731 -0.823937
174 22.9084 7.05337 1.79049
175 2.1126 6.02109 2.31105
176 20.5902 20.9653 0.474643
177 15.8407 1.20872 -2.33177
178 29.944 25.3981 1.13245
179 22.3041 12.4726 -0.87317
180 14.9985 5.16093 3.57284
181 7.83419 29.4423 -1.48464
182 13.8745 21.8266 2.22296
183 0.324547 15.9912 -2.784
184 3.48809 38.9195 0.697059
185 3.28715 7.92315 0.384844
186 22.1557 35.0651 -2.10552
187 2.14373 6.56223 3.13514
188 15.1016 16.6025 -0.0557477
189 5.51542 22.7208 1.26799
190 21.6326 18.8426 0.630354
191 14.5464 32.4629 2.96787
192 34.6208 1.54738 0.348154
193 20.2699 24.4595 -0.646957
194 19.2532 22.0837 -3.01777
195 7.33206 14.9664 -1.14405
196 28.7839 37.1516 -0.25525
197 11.891 36.8737 2.23009
198 30.509 19.3651 -1.89953
199 18.1693 11.216 1.77739
200 36.3837 39.7618 0.247712
201 1.73459 15.1298 1.65474
202 9.01981 20.2432 0.343375
203 21.3684 17.1473 0.877925
204 31.402 31.4717 -1.11849
205 3.7416 31.172 -1.50755
206 14.7786 2.04297 -1.13423
207 36.5147 1.33127 -0.789509
208 34.2375 18.7812 1.03479
209 9.95635 39.588 1.06808
210 16.622 22.1948 -3.82596
211 36.508 19.5097 -1.98481
212 33.9231 32.5564 -3.18559
213 36.6964 4.99822 2.26797
214 27.1912 20.2965 -0.203523
215 0.0689968 17.4946 -1.92843
216 34.5352 27.5173 -3.67166
217 7.63307 10.6845 4.32674
218 11.0193 13.7944 -2.06345
219 27.5771 37.9003 -1.55994
220 10.7507 1.9345 1.65668
221 22.6752 17.2328 1.81936
222 37.0793 31.1846 -2.47095
223 15.7325 27.8818 1.25264
224 4.21251 29.1711 -1.40136
225 34.6605 6.40978 1.42365
226 29.8992 16.6049 -1.62275
227 5.7194 10.5275 -3.96165
228 12.8235 2.01874 -3.05052
229 37.0563 22.1272 -0.36216
230 34.1336 3.90236 -3.13598
231 16.4506 32.3065 2.29115
232 32.4805 37.3053 -1.12804
233 34.8932 8.4716 0.445746
234 1.14765 5.32812 -1.79343
235 38.5263 9.84643 0.913284
236 21.0814 2.22435 -0.471853
237 17.1766 23.1563 -1.74941
238 11.7322 8.57523 1.70443
239 34.5147 16.2054 1.52033
240 14.0782 16.0615 -0.571179
241 2.06277 24.7232 0.641367
242 35.0822 38.5115 -0.307947
243 31.0924 37.7769 1.67637
244 5.55061 10.3114 -4.62951
245 17.273 38.8194 -0.449719
246 28.264 3.31724 0.329564
247 0.646454 37.2513 -0.393401
248 4.74439 26.4034 -0.194612
249 7.66637 38.9558 -1.52221
250 21.7739 9.77485 0.673166
251 35.5801 1.66491 1.10262
252 29.0742 17.4878 0.124661
253 32.2598 13.965 0.691236
254 4.7946 36.2534 -2.16893
255 28.7996 25.1395 2.49713
256 5.65678 2.08674 0.937393
257 31.473 17.5222 2.06309
258 23.2469 5.45738 0.197075
259 36.6847 14.746 1.41738
260 39.4038 3.27597 -3.37704
261 31.5451 26.7305 -3.13136
262 28.8747 37.8106 2.01927
263 6.43353 0.924169 -0.349299
264 10.0957 24.4583 4.02102
265 37.7686 30.0508 0.673119
266 36.0233 12.9656 2.15045
267 8.69053 24.1672 1.41895
268 13.6816 16.0856 -1.63164
269 29.0305 38.6946 0.674673
270 35.8785 9.91919 2.76185
271 35.9765 7.98341 1.39161
272 20.6053 18.0907 -0.405005
273 29.4963 36.9218 1.71987
274 12.4015 1.48486 1.27854
275 12.802 27.6301 1.84836
276 31.8212 18.7031 -1.12167
277 4.20537 15.8373 -2.30151
278 4.22058 10.8751 -3.38974
279 17.3228 31.8611 -0.411684
280 5.89023 28.4885 -2.33021
281 23.8643 19.5848 0.517008
282 5.79135 16.5773 1.31819
283 23.8374 36.3774 0.177908
284 32.045 18.6384 -1.72481
285 2.44166 34.2614 -0.597778
286 35.8059 4.30522 0.831334
287 19.913 14.7156 -3.4403
288 2.17917 39.7171 -0.732855
289 9.15275 37.3536 -1.05061
290 29.3342 27.1029 1.3831
291 11.4104 1.95425 0.580472
292 31.1807 19.0367 -0.899512
293 14.3774 6.70651 2.9322
294 24.3066 25.2547 4.04334
295 17.2977 15.078 -0.11933
296 21.0703 28.4409 -2.11186
297 39.346 34.2165 0.30954
298 19.663 0.2427 -4.2517
299 16.5815 29.8853 2.28208
300 21.6228 16.7692 0.858707
301 27.8566 28.5045 1.9883
302 23.8596 35.1792 1.17735
303 0.0876509 16.3699 -1.63844
304 5.71939 32.8328 -0.276245
305 39.234 19.494 0.855282
306 22.1109 13.2647 -1.44159
307 12.086 20.1428 0.603441
308 5.56783 27.2821 0.0716467
309 18.0395 36.7992 1.78295
310 18.2762 23.5548 0.803521
311 22.6446 16.251 2.44368
312 37.4733 29.7847 -1.34753
313 22.3393 2.17346 1.27326
314 16.9562 1.78451 -3.28454
315 5.27443 35.8125 2.34329
316 37.094 36.5652 0.552783
317 20.0009 27.8144 -1.1308
318 26.3572 33.349 -1.01916
319 11.0106 10.4964 3.21576
320 9.08791 18.9621 2.06626
321 24.2414 6.46173 1.02544
322 39.7679 33.2011 -3.43465
323 3.78061 37.6221 2.72737
324 25.514 18.0897 -1.08904
325 13.0407 29.0362 -2.70363
326 11.1299 14.3649 -0.149944
327 13.3825 33.0861 1.62899
328 16.6683 36.327 -1.55134
329 8.40258 21.7055 -2.31194
330 34.0741 16.3405 0.160664
331 23.7174 1.56028 0.312772
332 35.8043 4.68006 0.445336
333 33.0652 23.8242 -0.612684
334 16.063 7.70226 0.925904
335 4.81554 39.8946 -0.717304
336 20.1717 7.26571 -1.81743
337 6.95827 22.1449 0.74767
338 19.7199 19.7421 -3.43896
339 38.6784 32.9196 1.03307
340 16.7311 17.5072 0.411785
341 27.9852 27.3203 2.87124
342 13.2215 14.6338 -0.527889
343 9.36984 14.7183 -0.284932
344 11.6825 1.87115 0.20631
345 38.4877 27.2876 1.4985
346 17.4465 14.1137 1.18404
347 6.47912 35.8541 4.37204
348 9.67787 23.177 3.01563
349 17.3593 22.3519 -0.71145
350 13.4802 12.4448 2.02286
351 36.6062 25.5225 3.4665
352 30.7141 25.8251 -2.88658
353 21.0646 15.5402 -0.921945
354 5.85132 39.7374 -0.829091
355 18.8344 21.2261 -2.85396
356 37.2234 1.3178 1.22604
357 12.5818 15.5845 -2.71851
358 11.962 13.8193 0.0722452
359 25.0026 29.2199 -1.06568
360 31.1471 20.7052 -2.73115
361 29.6122 33.8278 0.654873
362 36.7964 22.8033 0.427336
363 36.2098 7.81513 -0.287962
364 8.33176 9.07624 1.30244
365 4.56554 37.0803 -1.71859
366 9.39074 4.16395 3.83993
367 12.1765 38.3041 1.39261
368 18.5244 12.4281 0.11335
369 12.4057 7.43851 1.32261
370 19.9793 31.3599 -0.949707
371 26.9376 15.8995 -0.186473
372 23.2326 29.9042 2.70996
373 17.9852 14.9173 0.614837
374 9.25541 8.26505 0.207099
375 9.35849 12.4567 3.30912
376 38.8076 29.1118 2.3343
377 37.4152 5.0221 -0.0284249
378 12.2878 4.12462 -0.185712
379 4.23669 33.0981 1.24056
380 33.3734 31.774 -2.23957
381 13.8529 0.640576 0.491576
382 3.49845 13.7072 -3.64907
383 21.0553 35.3661 0.515185
384 29.3746 10.3782 3.32352
385 16.3399 27.7028 -1.31414
386 26.9434 8.86668 -1.78954
387 34.4571 37.8551 0.616596
388 30.7348 31.9949 1.26684
389 10.5905 3.74163 2.43082
390 27.9455 12.208 -3.50752
391 9.19947 15.5838 -1.33327
392 23.6475 16.6022 0.417635
393 18.4855 38.0078 -0.0542022
394 25.435 8.09706 1.21752
395 38.3244 13.1758 -2.22666
396 8.54728 37.2204 -0.410058
397 6.18735 12.6876 0.640782
398 33.6699 39.2056 1.39265
399 33.1598 13.8684 2.98694
400 1.16849 1.10162 -0.681338
401 28.1729 26.5511 2.83715
402 32.4618 12.1866 0.645839
403 5.68189 28.5776 -0.56269
404 22.0928 32.7394 -0.0872408
405 0.363867 22.2977 1.2037
406 19.5734 6.85837 0.295953
407 36.3569 8.24869 3.45014
408 12.0432 4.57477 -2.28018
409 25.566 4.38586 0.511682
410 19.2701 25.4813 -0.829791
411 17.7995 31.2052 -0.772345
412 1.75535 39.8697 -2.89355
413 7.01381 13.4865 -2.54759
414 7.99299 4.97776 1.38888
415 9.64254 24.7676 -2.18627
416 9.73065 35.9294 -0.143961
417 2.86228 39.1611 1.36562
418 26.2052 25.5228 1.38406
419 18.8121 12.7031 1.62383
420 27.936 4.18772 0.339761
421 6.58277 12.4206 -2.00747
422 10.2411 18.5918 -2.74587
423 35.1462 4.89108 0.804768
424 20.9979 18.5126 1.68753
425 16.6633 2.94197 0.788672
426 8.85513 20.4408 -1.05567
427 20.6172 27.68 -0.763276
428 9.01552 6.49878 -1.66841
429 0.345546 7.79397 1.43344
430 12.7816 14.7358 -2.78658
431 11.3129 10.6396 3.23923
432 16.3274 34.3166 -3.08447
433 24.9368 23.1787 -3.68555
434 15.7252 21.7899 -0.889274
435 37.545 32.1061 -0.807748
436 0.564735 29.554 -2.71741
437 11.0814 1.24649 3.0064
438 0.106934 34.6169 -4.61192
439 36.0669 19.4289 -2.43147
440 23.3587 7.991 3.46352
441 11.7442 0.668777 0.111958
442 12.6167 14.8113 -0.0315164
443 21.3739 18.2814 0.452241
444 16.0003 22.0983 0.179241
445 10.5788 22.1259 3.1159
446 16.7935 7.97682 1.16276
447 10.9563 3.04408 1.00294
448 30.1068 23.9826 -1.12992
449 16.624 14.6853 -1.49578
450 0.116069 14.8098 1.1674
451 33.9365 14.1558 1.47302
452 10.9726 15.1228 -1.07859
453 6.10172 21.0356 0.0968356
454 36.0476 8.24558 1.16602
455 29.6962 38.814 1.45572
456 9.9985 14.3126 -2.04524
457 24.5456 11.5449 -1.8029
458 26.3888 16.0108 -0.450727
459 13.7155 37.2885 -2.56888
460 4.71007 37.5293 -2.08852
461 6.43232 1.80048 1.07413
462 18.8205 20.5308 -3.32127
463 5.64918 31.7883 1.04771
464 30.3438 27.8976 1.53949
465 24.2983 11.3513 -2.1394
466 36.0228 28.5257 0.0811692
467 10.5456 35.2299 -2.45826
468 16.9583 35.352 2.15582
469 25.3808 37.1938 1.06652
470 9.33267 20.0121 -0.726869
471 36.3865 25.0844 2.64063
472 17.0123 0.730591 -1.4837
473 13.8453 31.7367 3.10903
474 10.6219 37.3253 -0.0798482
475 35.2693 2.70131 -0.642349
476 13.2632 19.7194 -2.90403
477 9.29312 36.6675 -2.53394
478 27.6943 27.1771 3.27746
479 39.5567 29.3699 1.27431
480 36.777 19.1499 -1.34256
481 27.6504 3.38797 2.6506
482 9.72849 33.9747 3.97733
483 5.58197 34.464 -3.12226
484 20.742 34.0559 -2.97507
485 7.54469 38.1418 -0.734095
486 18.9046 27.7433 -0.551485
487 32.7413 33.2967 -0.815606
488 38.8506 5.05568 1.6106
489 25.8128 38.9528 -1.98792
490 5.28505 7.74988 -2.91406
491 21.0316 14.4995 2.91568
492 21.0474 39.0924 3.77123
493 3.53072 27.6378 2.21301
494 10.3923 14.6059 -1.39354
495 32.9531 7.46279 1.62658
496 20.8957 27.3608 1.72237
497 8.30845 37.5862 -0.11297
498 17.9174 16.6069 -3.59211
499 9.94983 18.8684 -0.314879
500 7.95201 12.6712 -1.70859
501 31.5301 12.5025 1.00853
502 4.08089 3.32888 0.144385
503 23.466 17.9275 1.5201
504 5.35572 1.88159 -0.155678
505 8.51162 9.36907 -1.89243
506 26.8467 25.1974 0.642493
507 21.7643 9.72662 2.03958
508 8.97553 29.9323 -1.35012
509 16.9567 39.7635 0.667962
510 28.584 10.3773 1.84248
511 23.5411 34.8727 0.496012
512 31.1511 23.481 0.12382
513 16.7477 22.2728 -3.52604
514 3.48774 29.5366 -1.63643
515 16.5838 14.4979 0.88055
516 17.9299 0.777251 0.619168
517 11.2326 18.9468 -1.82019
518 7.1511 6.75701 -2.05283
519 21.0137 17.1146 3.93751
520 39.0276 1.02721 1.89643
521 36.2863 35.4194 -0.218546
522 27.0673 21.8331 2.51286
523 8.52326 19.4021 -0.134556
524 15.8987 23.2422 1.00155
525 8.99719 11.9707 2.40018
526 11.1946 26.1322 -1.51171
527 11.9997 38.8158 -3.52741
528 23.352 6.00489 0.31938
529 34.3162 38.114 1.78115
530 33.1767 16.0016 2.06138
531 27.4164 0.603473 -2.0258
532 21.7884 37.2623 -0.714712
533 11.2413 35.8549 -3.71328
534 8.14286 22.8084 2.4327
535 34.823 2.77826 0.923656
536 35.1342 13.9902 -3.54431
537 3.95193 29.7256 -2.88407
538 11.7022 1.18163 2.34988
539 15.2621 7.05289 2.96067
540 33.1824 15.5425 -1.04724
541 18.4679 19.6433 -2.56056
542 31.2825 35.1782 2.17993
543 9.00827 16.41 -1.87914
544 36.0601 36.1005 -1.14307
545 10.6483 28.3958 2.30043
546 37.6824 0.909526 -0.226373
547 2.60869 11.0791 4.14442
548 38.2866 37.65 -0.135564
549 39.7533 30.7539 -2.72194
550 3.25697 27.7932 2.46806
551 24.8752 10.592 3.41632
552 8.81458 3.37761 -0.99882
553 9.86674 30.9047 2.24711
554 13.5804 6.58294 -3.43761
555 35.3347 8.79751 0.0728515
556 37.748 20.8591 -2.68784
557 10.071 15.0815 -1.9086
558 29.9983 1.23128 -1.62132
559 30.1595 27.6846 1.64927
560 31.1029 20.4349 0.0980468
561 1.69275 33.2995 0.982304
562 8.783 25.1061 -3.26521
563 5.8262 10.77 -2.57997
564 13.3226 26.1195 2.72579
565 3.33136 20.1726 2.64552
566 12.5947 35.8083 -1.70335
567 25.7863 12.3 0.18519
568 2.6081 1.45496 0.597864
569 28.2216 26.4042 1.478
570 39.2754 30.0379 -2.24744
571 13.2567 12.2242 2.46194
572 32.7218 27.534 -0.940563
573 20.9777 31.2456 1.87938
574 13.8217 23.4621 -3.95867
575 17.0199 15.5821 -0.589119
576 3.75169 1.23689 1.85545
577 24.9032 33.5509 -1.22162
578 11.202 37.0736 -0.579839
579 12.9388 11.5044 -0.0265983
580 9.81865 28.4786 3.8183
581 9.0187 25.7647 -2.03221
582 22.3021 17.0196 1.10711
583 21.398 33.9189 -2.03492
584 38.4437 9.42017 0.114531
585 3.34928 27.793 1.13724
586 20.5345 20.2402 -0.627983
587 28.3166 37.6437 2.36542
588 22.3164 34.2167 0.588765
589 26.6324 9.48496 -2.78765
590 1.30013 6.31325 -0.926732
591 12.811 24.8273 -0.981032
592 27.6528 26.9258 0.843999
593 8.28502 27.1347 1.4102
594 3.47572 3.32609 -1.11668
595 37.0689 24.8391 0.935802
596 39.0764 0.811572 1.92835
597 30.8611 12.3951 -0.717741
598 39.3974 12.4848 2.43945
599 6.37171 32.233 0.631303
600 5.12484 37.4542 -3.34367
601 22.2929 35.0278 -0.0600756
602 17.4554 21.9233 -3.21141
603 17.4148 4.73925 4.59336
604 30.6276 33.0404 -3.12649
605 9.59433 26.2449 -2.98671
606 37.3483 27.4713 2.58619
607 38.6136 9.85681 -1.59529
608 3.87624 3.82209 1.06197
609 23.7585 2.35826 0.86386
610 32.0034 26.7422 -1.67443
611 1.17017 23.5341 2.09299
612 21.5279 11.2234 0.178666
613 17.6098 13.8874 3.32522
614 33.7281 0.726939 -1.09375
615 33.5492 8.92009 -1.4374
616 35.8103 24.1946 3.39241
617 23.8082 24.0369 -1.83507
618 7.14712 38.6742 -1.144
619 19.005 33.2998 -1.05854
620 36.4166 4.36096 1.90862
621 25.8703 19.4202 -0.362987
622 26.942 9.09519 -3.46112
623 20.5794 17.0229 1.37769
624 35.5292 5.46128 1.90558
625 11.7417 7.34285 2.84991
626 5.31962 36.7077 -0.358341
627 2.37171 35.3602 -0.451453
628 19.0875 7.43819 0.126235
629 25.312 6.76177 -3.65454
630 38.8007 35.715 0.657828
631 24.524 1.91331 2.29852
632 34.5513 35.4863 2.91434
633 6.18334 27.5453 0.361467
634 37.1331 6.64254 0.184692
635 28.0501 25.7556 2.37715
636 22.7752 12.0922 -1.67365
637 8.70071 30.6831 1.10958
638 30.4209 27.9628 0.0893223
639 31.0443 17.0043 0.743223
640 8.7708 17.7981 -0.766887
641 31.6763 4.21618 -0.227118
642 12.6533 31.4369 1.37294
643 32.7886 35.6117 -0.227299
644 9.55495 7.28938 4.37024
645 7.29335 7.11598 1.24096
646 13.412 2.67415 -0.174573
647 6.98228 9.83002 -1.94248
648 33.6236 36.6106 -3.37875
649 13.4309 15.7395 -0.434335
650 23.9896 19.0151 -0.912163
651 30.8081 18.4899 2.54924
652 8.48487 30.0913 -0.00819209
653 8.5953 37.3029 -1.84621
654 23.9724 17.1362 -0.745265
655 36.0226 32.4565 -3.528
656 7.86546 12.1071 -2.05202
657 24.9432 9.04 4.54804
658 9.08271 25.0523 -2.81727
659 4.55188 37.8669 -1.60228
660 22.0207 15.3056 1.00918
661 4.151 14.0398 2.36153
662 37.0641 37.7796 0.594508
663 6.35485 17.0519 2.0904
664 32.8894 18.1712 -4.05007
665 33.2607 39.4431 0.317414
666 25.2618 1.50541 -0.458035
667 34.1928 32.3673 -2.89156
668 12.483 30.8237 -0.889748
669 12.4542 37.1816 1.66013
670 36.8425 31.4985 -3.54311
671 28.5843 5.82136 -0.81648
672 15.9695 34.5234 -2.80731
673 38.7559 1.66529 0.809559
674 2.47899 17.1866 -2.97052
675 31.9768 16.2169 -2.56252
676 34.7648 1.60712 -1.27894
677 4.86143 21.5113 2.29967
678 26.0885 0.922215 -0.994228
679 24.8389 21.7946 -2.22591
680 18.1578 36.1789 0.892672
681 6.78372 39.1669 -1.93013
682 36.6729 38.8059 0.205969
683 22.5962 27.4668 0.994645
684 6.95837 29.1491 -0.123667
685 24.3203 30.3202 1.56149
686 4.49397 35.6503 -0.091738
687 17.8528 12.805 0.100937
688 26.8442 6.62458 -3.0913
689 5.9558 2.46551 -2.07123
690 13.2338 37.2155 -4.77189
691 19.0402 31.9542 -1.5782
692 27.3546 19.7793 -0.28966
693 0.573516 21.4802 0.12877
694 23.742 22.9777 2.7947
695 16.8694 28.7577 0.545386
696 16.47 22.5088 -2.9495
697 31.1761 6.01533 1.17626
698 32.6233 11.7929 -2.51253
699 35.8799 20.3238 -1.90198
700 4.95426 2.00431 -0.31371
701 9.9794 0.930462 0.540812
702 4.45461 36.3242 -0.54168
703 39.9385 12.0002 0.32691
704 28.1444 38.3377 2.36665
705 8.76005 28.8502 0.981928
706 38.4616 35.9538 -0.437586
707 17.4037 1.76083 -1.60738
708 39.6131 17.8414 0.590009
709 23.6961 16.5936 1.4919
710 17.8566 39.1067 0.716315
711 34.8443 30.5547 0.0122963
712 32.2348 24.716 -1.86703
713 36.1903 18.8581 -1.991
714 25.3228 32.3776 0.74495
715 37.3084 35.1567 2.7356
716 16.4257 30.5163 0.037267
717 15.4761 33.1325 -2.21033
718 4.54924 28.4509 -0.394911
719 9.41908 30.5292 1.63586
720 10.5183 23.1888 3.12264
721 21.2266 39.8964 2.60243
722 4.5149 39.6328 -1.02547
723 6.19845 39.3236 -0.644809
724 21.895 0.352935 2.33665
725 24.7091 34.9741 0.717989
726 3.06151 27.9343 2.1002
727 7.68992 23.356 3.42741
728 5.56143 0.860167 -0.526667
729 16.8826 1.24962 -2.56416
730 20.8366 11.162 -0.757502
731 30.809 17.2308 2.82828
732 24.6062 35.1778 0.904182
733 29.3914 32.7417 -2.54256
734 34.369 9.7209 -0.353412
735 16.8118 34.9975 1.8356
736 18.3586 29.9031 0.739673
737 4.18535 32.0098 0.319948
738 23.4149 11.9876 -1.06609
739 13.6262 24.6264 1.82689
740 33.4422 25.4032 -0.14754
741 9.53361 25.392 -2.53454
742 16.4252 15.4401 1.58561
743 23.952 24.1782 -1.8556
744 30.0183 21.1185 0.730485
745 12.9914 38.8123 -1.96698
746 15.3602 10.4355 3.29039
747 18.4896 25.9318 -3.03761
748 17.1487 35.3683 1.54587
749 7.39777 2.87294 0.150808
750 4.39185 33.2529 0.495293
751 5.15001 32.8871 1.30757
752 9.95973 15.1126 -2.82248
753 17.1134 21.4111 -1.57017
754 35.9079 24.9134 1.69838
755 28.6127 8.99713 0.749078
756 9.15677 5.47201 1.25637
757 10.0143 30.3439 4.27177
758 37.872 19.6744 -0.042946
759 4.91327 31.1868 -0.787222
760 30.5537 31.2423 -1.93636
761 8.69389 21.426 -3.27219
762 18.8254 24.6962 -4.59867
763 4.19215 39.8794 -0.106887
764 18.8834 12.499 0.755434
765 38.6941 15.7317 -4.53339
766 8.5902 11.624 -1.92103
767 30.2519 7.15766 -1.60672
768 8.0954 16.3049 -2.67812
769 15.9467 33.4581 -1.44648
770 3.73132 25.4515 -1.34244
771 6.31795 18.9891 -2.74209
772 9.35978 32.3048 -2.05238
773 32.1187 27.9648 -0.89995
774 1.75834 35.0219 -1.68934
775 16.9018 7.02063 0.27828
776 6.95781 12.77 -3.32572
777 34.3584 26.7113 1.08243
778 34.6751 30.8725 2.49577
779 16.1009 0.975689 -1.38526
780 0.344015 2.25981 2.8518
781 4.01174 36.2303 -2.64507
782 7.98368 8.1863 0.376415
783 11.6995 11.9916 -3.45215
784 36.7811 2.30025 3.17495
785 16.6175 7.56596 1.55979
786 4.31659 15.8987 -3.29788
787 36.1367 5.51302 1.9017
788 6.73647 31.6405 -0.401043
789 37.0091 4.74678 0.798429
790 12.5359 29.8041 -1.55857
791 9.66805 24.179 2.68461
792 10.4615 21.0584 -0.618215
793 17.7181 35.8792 1.16699
794 21.7557 24.3456 0.0901694
795 37.9578 3.86552 3.77885
796 15.9337 17.765 0.559602
797 2.1783 27.8545 0.72626
798 23.3092 11.6229 -1.18861
799 30.1996 7.1407 0.0539148
800 34.895 8.16268 2.96324
801 19.7596 16.3485 1.8348
802 35.5038 26.9013 -1.15177
803 12.6031 38.9193 -1.31674
804 4.66943 18.9548 1.70213
805 3.5711 25.7252 0.500763
806 4.44257 28.7275 0.167063
807 29.5481 15.7645 -1.94043
808 14.2184 27.4951 0.228684
809 28.4373 18.8141 -2.82454
810 16.1309 38.1505 2.02323
811 39.1829 24.5332 3.11853
812 8.74154 12.3536 1.68966
813 2.90282 11.8999 1.91102
814 26.3834 39.4939 -0.415742
815 27.2115 15.6625 -1.1525
816 16.2104 0.278248 2.33667
817 17.5901 35.1757 2.75361
818 7.08754 9.99906 -3.0812
819 30.6817 7.91525 1.8255
820 9.22324 0.622476 -2.26319
821 13.5706 12.8591 -0.41848
822 3.73754 0.702011 1.82201
823 25.6174 2.08938 -0.157692
824 27.5052 14.6925 0.76052
825 37.746 36.7836 0.599966
826 5.78796 13.1887 -2.74965
827 36.769 7.60591 -2.73809
828 14.0207 18.1857 -0.478373
829 8.19764 31.5219 -2.25287
830 12.6012 14.6948 -2.97191
831 16.8689 37.0811 -2.97436
832 34.2535 2.23392 0.265033
833 13.3038 16.3599 -0.795557
834 17.2202 10.971 1.83303
835 7.19265 31.4375 2.33452
836 22.7067 35.4067 0.166112
837 33.6427 36.3819 -0.809719
838 20.4032 6.88705 1.58964
839 4.8001 15.2107 -2.87399
840 26.7056 15.0895 -1.27395
841 28.644 35.4811 -0.597215
842 16.3083 33.9814 -2.06899
843 15.2643 4.45406 -3.0063
844 4.49745 27.7648 2.56458
845 2.16002 34.2168 0.218146
846 9.93631 27.1187 0.115747
847 0.568731 29.1976 1.09621
848 26.0802 26.9099 -1.40621
849 20.6353 17.5722 1.65444
850 29.8511 36.2084 0.117223
851 7.52011 4.25572 -1.56234
852 27.9634 23.4385 1.9169
853 18.7935 19.6914 -1.7468
854 3.40669 37.7358 1.92794
855 14.2264 37.928 -3.4467
856 11.9809 37.0545 4.01737
857 9.80094 30.0271 4.11713
858 36.583 28.1693 -2.61065
859 12.4411 0.83489 -0.887873
860 36.1607 15.7191 -0.454667
861 5.802 11.9402 -0.627958
862 7.53287 29.0196 -1.3244
863 11.7122 9.17075 2.11064
864 14.7576 10.0554 3.79611
865 24.7672 35.1233 0.382451
866 29.3867 3.34443 -2.46768
867 23.802 26.9841 0.0589638
868 32.33 26.1062 -2.37724
869 6.72712 14.9162 -0.629583
870 35.3512 1.41593 0.643726
871 17.9561 25.2114 -3.90341
872 34.5791 19.3202 -0.36914
873 11.5078 15.2316 -2.65389
874 27.3081 10.6809 -1.11457
875 29.9327 1.52127 -2.25684
876 13.8877 21.4973 2.54049
877 33.4369 14.6675 1.30067
878 39.9907 37.8341 0.0612022
879 8.14857 30.324 -1.36077
880 37.14 20.6924 -1.37633
881 14.2668 21.0477 1.93326
882 27.9615 4.39327 2.40074
883 32.4556 29.6496 -0.475688
884 3.3818 17.3245 -2.17499
885 13.5866 11.776 0.468
886 19.2737 20.3663 -1.83868
887 3.63414 21.847 1.08103
888 32.1869 22.8809 -1.36227
889 36.5445 7.54287 0.932579
890 13.6248 18.3602 -0.219948
891 19.3658 19.6398 -2.17534
892 14.7989 7.32196 2.50978
893 31.2132 27.2303 -3.54353
894 32.9358 27.5444 -0.543641
895 35.3879 9.55359 1.5152
896 15.4792 39.7305 3.07913
897 3.16115 13.1184 -2.39802
898 19.3242 18.8011 2.52691
899 8.36136 23.2494 3.18364
900 5.77698 36.6368 -2.90645
901 0.656411 35.0149 -3.20964
902 6.20965 29.2563 -1.97686
903 5.76414 35.9497 0.86928
904 15.7065 39.5592 1.08652
905 36.017 37.9677 2.21868
906 17.4324 13.7828 3.78621
907 7.78086 24.187 2.59429
908 37.3999 36.84 0.703638
909 5.29991 35.0355 -0.484301
910 38.2586 20.8363 -1.98332
911 32.1239 39.9497 -1.82599
912 26.6618 14.8715 1.36992
913 36.1611 35.5347 -2.7677
914 1.02737 23.3602 1.0976
915 38.5901 36.9054 3.69322
916 34.8338 19.9771 -0.538436
917 19.1231 25.3878 -0.602927
918 38.4885 4.83435 -1.84405
919 26.2638 25.1181 3.07787
920 3.51013 18.1614 -2.8251
921 30.0166 19.5148 1.08137
922 22.2217 18.5585 -0.320361
923 6.61744 28.8907 -1.72541
924 32.5442 26.4478 -1.84457
925 19.6367 12.2135 0.289864
926 20.2422 12.016 0.739071
927 2.34795 33.1947 -0.592439
928 35.9934 6.8885 1.8748
929 5.79947 31.1377 -1.252
930 4.221 3.48922 0.218015
931 14.0275 22.0339 0.668877
932 33.0784 25.137 0.454455
933 17.0934 1.05713 -1.25952
934 28.7708 24.73 1.61402
935 11.2015 13.9738 0.187294
936 15.654 19.0723 2.66751
937 23.0783 5.95581 0.323691
938 15.4427 18.9365 2.83534
939 10.7871 2.33082 2.61398
940 12.9465 25.7161 1.45449
941 29.1942 25.7941 0.833956
942 8.57015 23.7137 2.9951
943 12.9581 3.23998 -1.60422
944 6.0647 37.2566 -1.58988
945 38.9574 2.24405 -0.0477004
946 14.0757 20.0327 -2.16729
947 7.7118 7.98487 1.36562
948 15.1364 9.9056 4.12339
949 7.65981 5.44337 -1.45071
950 7.85241 28.3167 -1.47734
951 11.564 7.48912 2.05362
952 15.3551 22.5967 -1.12698
953 35.6196 19.4536 0.25807
954 5.73261 38.7668 -2.20257
955 9.99143 0.220915 2.70019
956 25.8882 16.4587 -0.726575
957 34.3009 16.5238 -2.03183
958 2.59834 0.953569 2.00388
959 33.5929 14.0152 1.8007
960 6.03846 38.2927 -0.481662
961 7.75536 23.4614 0.54973
962 13.0198 28.5276 -2.25067
963 13.0828 38.7256 -3.79542
964 39.7623 7.01328 4.33578
965 37.863 29.1867 0.844284
966 14.6998 13.6228 -2.26903
967 18.8088 39.4707 -3.07783
968 36.4624 15.9459 -0.935795
969 11.0754 3.74534 -0.235868
970 12.9834 37.5373 4.94561
971 22.1996 14.9522 -2.49716
972 15.8068 22.9106 -2.34362
973 8.14825 26.1073 2.77236
974 33.865 24.1391 2.37174
975 5.67891 22.7437 1.9914
976 4.68904 12.6281 -1.40996
977 6.14396 36.7339 -0.521615
978 14.3844 32.3799 4.89899
979 8.48869 0.856149 2.11534
980 34.7998 16.2423 -1.63913
981 6.20061 21.7143 -0.246597
982 32.6142 1.0756 -2.71215
983 38.7486 16.9168 -2.48923
984 10.8456 30.4223 1.14379
985 1.80024 23.6914 -0.503656
986 20.7635 18.8882 0.827686
987 10.7964 13.9389 -0.320411
988 7.30355 24.4696 -0.951457
989 27.8423 32.5756 -0.0227405
990 21.3591 17.0315 3.54476
991 15.8915 19.8918 -2.2071
992 4.3586 10.2604 -2.41238
993 9.32893 18.8465 -0.377355
994 22.3222 18.0802 2.18406
995 11.7385 19.5116 -1.19352
996 33.9115 23.0802 3.86939
997 2.43232 15.8519 3.44443
998 37.9551 38.6937 0.667724
999 37.8954 5.44661 0.977067
