1000
Particles
0 6.8361 35.3812 0.00468768
1 27.8495 29.2131 4.00581
2 14.9249 7.32479 -2.92402
3 11.1799 4.664 -0.824716
4 19.2148 24.7316 4.14476
5 14.0672 17.5419 2.30471
6 32.3225 5.25078 -0.348138
7 34.8977 17.7413 2.71476
8 5.03237 15.6626 2.73026
9 2.92695 23.7979 -3.16868
10 21.317 3.72775 -2.61725
11 11.0031 32.4066 -3.57036
12 30.7653 34.7318 -0.0924873
13 21.7505 2.9793 2.56559
14 18.0246 29.7641 -0.770276
15 15.0677 29.1054 -3.11154
16 23.5661 31.0142 -0.00867488
17 39.9088 24.214 -2.74079
18 33.124 15.0653 -1.19518
19 16.832 28.5419 -0.924707
20 2.70745 8.32656 0.722494
21 3.21043 4.26356 0.796912
22 5.54298 6.04964 -3.95224
23 38.0338 25.5104 0.26718
24 35.7927 3.73372 1.74245
25 0.418298 32.3148 0.152366
26 23.7104 31.8633 -0.374604
27 12.5122 8.47651 0.108044
28 14.722 38.7146 0.551127
29 30.3626 3.11688 -0.19269
30 15.4058 18.2418 1.14466
31 13.0263 9.95121 0.00718089
32 28.4426 38.6209 -2.4002
33 10.7547 35.483 -0.127298
34 24.4665 30.7794 2.63727
35 26.561 20.7314 2.51693
36 18.202 3.80964 -0.392481
37 33.0538 32.5612 -3.76201
38 36.1047 3.62984 0.648161
39 34.7445 25.4045 -3.03944
40 0.207603 36.8158 -0.49035
41 14.3682 8.58496 1.35257
42 34.5092 14.3904 -0.84369
43 22.5139 21.7247 -4.01577
44 15.7822 25.0156 2.03978
45 39.0635 22.1266 0.903432
46 0.289232 7.95664 -1.36534
47 27.7321 16.7599 -3.68993
48 4.21197 37.218 -4.01588
49 7.44782 36.2497 1.13783
50 4.21848 30.9302 0.900677
51 28.566 5.64352 0.82827
52 33.789 10.3938 -4.17192
53 14.2201 5.68949 2.51238
54 26.0354 9.10928 4.83359
55 9.07478 9.89402 1.95163
56 9.56645 12.7293 -0.952256
57 11.6559 36.4222 0.674276
58 34.261 25.8586 -1.38694
59 5.1518 36.6199 -1.54556
60 7.23653 23.5302 -4.58265
61 24.4223 35.099 -3.34042
62 0.476966 4.33068 -0.856279
63 16.2878 16.6895 -3.61342
64 33.9813 31.5393 -1.32524
65 10.8596 39.1819 2.40758
66 0.71567 19.815 2.63112
67 19.8302 25.1391 2.78848
68 38.4187 4.75236 -2.21579
69 11.6522 38.0533 -0.863829
70 11.1279 3.43724 1.10701
71 16.5188 16.6209 -2.37243
72 7.41181 11.8621 -1.91278
73 22.1098 29.9195 1.86058
74 9.39382 5.46972 4.23981
75 27.6952 35.8061 1.68511
76 32.8087 1.77477 -0.0597953
77 10.1487 29.458 -1.2449
78 39.1264 26.1434 -2.41327
79 4.02286 1.30405 -1.84446
80 35.4432 17.2951 0.676014
81 13.6146 34.2015 -0.468909
82 16.4345 16.2072 -2.13372
83 13.8925 28.6289 -1.63703
84 25.1307 9.09882 2.56382
85 1.77762 19.5703 -2.68713
86 21.474 14.1603 -2.20738
87 23.9997 35.1855 -1.43664
88 13.9314 2.89421 0.932033
89 9.17317 2.44545 -1.78528
90 36.859 31.153 0.77576
91 25.293 15.1488 3.56363
92 16.837 28.2387 -3.77372
93 13.2256 0.50635 1.06123
94 14.934 25.1153 4.24369
95 16.1333 3.98879 -0.0771781
96 8.84124 0.703781 -2.54615
97 24.0095 39.0855 -3.77454
98 4.28677 20.8151 0.615399
99 13.6135 3.82563 0.142954
100 36.9094 22.4565 -0.499677
101 16.8065 21.4136 1.55067
102 23.5313 38.1515 -1.42266
103 18.9249 1.64304 2.98724
104 21.6433 11.0305 -1.32796
105 13.084 39.9402 -0.742707
106 31.7345 24.6319 1.60374
107 16.9277 20.4591 1.28595
108 39.3456 23.1368 -0.748069
109 35.973 27.3281 0.177986
110 38.4429 32.8196 -2.2484
111 33.425 36.9104 -0.696578
112 36.9781 5.07047 0.565862
113 35.076 36.4207 -2.27537
114 33.9361 21.0588 0.288635
115 27.2228 16.6995 -1.04809
116 15.773 31.2388 -0.110848
117 28.1875 31.1999 3.1637
118 23.057 3.02106 0.262462
119 31.7399 11.3303 3.02188
120 28.4608 31.519 2.74161
121 17.3789 17.9495 3.74729
122 28.1925 28.8367 1.39383
123 12.8658 29.0054 -2.12368
124 14.8947 1.43805 1.39199
125 22.4625 7.18233 1.10777
126 31.0266 38.1631 -1.17734
127 29.76 5.38851 3.45848
128 24.9203 3.60819 -2.21226
129 1.3095 18.8854 1.49796
130 23.3515 13.316 0.574985
131 16.5839 27.0005 -1.72879
132 15.0866 37.7691 -4.00799
133 0.885177 38.7924 0.717399
134 10.3888 35.3971 -2.10305
135 15.8418 3.1009 -2.5413
136 29.4518 1.75892 3.64058
137 27.0037 22.7867 -2.70793
138 3.24533 17.9798 0.889351
139 16.3116 36.8866 -4.54075
140 29.0087 2.84165 1.81324
141 26.4774 2.87179 3.07951
142 20.2631 15.0276 0.376735
143 18.8362 18.5142 3.16513
144 35.6309 29.1379 -0.951138
145 23.3502 26.2646 -1.24167
146 37.7527 14.4357 1.08638
147 34.5827 28.7771 0.334345
148 30.3791 9.53091 0.877975
149 15.0655 17.1664 2.43159
150 11.4154 24.9481 1.02513
151 31.0287 2.89296 -0.367478
152 18.0632 10.6914 0.134616
153 12.0742 8.67461 -0.141085
154 27.1295 39.5715 2.76877
155 0.650689 24.4632 -1.84771
156 0.112399 24.5812 -4.14775
157 18.4187 1.76636 2.27891
158 12.0253 9.17644 1.25523
159 24.2195 34.2441 2.97968
160 11.1862 23.2412 -2.20056
161 12.9635 25.1705 -0.714512
162 28.6898 24.6353 0.168726
163 15.5304 16.9777 3.45599
164 22.3545 9.11401 0.442538
165 32.4454 7.21298 2.14978
166 37.8721 3.21178 0.949428
167 3.88472 34.9004 0.655373
168 34.2921 27.7446 -0.0186421
169 2.75305 6.76224 2.30473
170 29.4931 37.0364 -4.29099
171 19.4229 29.0407 -2.35442
172 11.5108 16.8108 -2.27499
173 32.2259 32.8836 -3.25347
174 22.4054 7.62673 0.946546
175 0.437 8.86095 -0.753971
176 27.1358 21.6754 1.2629
177 9.22492 5.24294 4.33243
178 35.3244 26.2938 0.263155
179 21.427 14.191 -2.79384
180 19.2635 5.82143 -0.276036
181 15.7362 27.2502 -1.06559
182 16.2045 25.0427 0.0991396
183 1.08052 21.3458 2.29417
184 1.60698 37.8165 -2.52447
185 11.3627 10.4463 -1.87244
186 19.9364 38.0293 3.29335
187 34.6316 6.34188 -1.7972
188 16.027 7.31096 -3.61435
189 5.82901 18.6993 1.1338
190 27.0048 18.9409 4.13202
191 13.5424 20.3538 -2.78843
192 1.71201 36.8036 -4.42409
193 21.3191 28.1725 -3.44409
194 19.5815 25.7381 2.68899
195 4.41894 19.6049 2.121
196 36.3772 2.83053 2.7676
197 10.9027 36.404 -1.41663
198 33.2801 22.6641 0.957001
199 18.9571 11.6697 2.9495
200 36.9658 36.419 -0.850193
201 4.19745 15.7095 0.961176
202 12.9788 16.7437 2.48817
203 22.3983 18.9174 0.213624
204 32.9201 27.1213 1.83378
205 8.92456 31.7907 -2.0916
206 5.54606 2.45496 3.76148
207 36.2517 2.43184 2.47339
208 34.503 21.3119 -3.37151
209 2.35452 3.73203 1.13196
210 25.012 26.1159 1.57418
211 33.3244 18.7034 -3.44524
212 29.2671 36.5493 0.975782
213 38.5914 38.8477 -1.23979
214 28.7634 25.9931 1.18034
215 5.22672 13.7576 -1.26594
216 31.9433 29.892 1.3144
217 10.6742 8.17707 0.938089
218 6.56078 16.159 -2.18903
219 24.6308 36.6861 2.3324
220 13.4728 5.36022 -1.73628
221 18.9078 22.675 -0.268294
222 36.3731 28.7257 -2.08812
223 12.8713 22.2038 -3.27103
224 4.8839 28.07 0.627678
225 1.69509 6.58289 1.68999
226 25.0577 18.7254 1.58959
227 9.21892 7.10798 -2.60569
228 15.6779 39.314 3.85336
229 4.22515 26.4312 -1.77861
230 30.8958 34.7849 -2.13737
231 16.699 28.4696 -4.12748
232 35.2038 30.7117 -2.70168
233 35.6311 3.6925 2.60492
234 37.0376 9.92528 3.23684
235 1.40432 13.675 0.889735
236 17.9869 8.91272 -0.991048
237 14.7589 25.0027 2.823
238 13.2472 10.0617 -2.95655
239 35.7617 9.24151 0.733502
240 18.8349 16.5422 -0.700639
241 36.8405 25.8497 1.31362
242 29.8411 6.10461 1.54481
243 29.1005 35.0884 -3.75688
244 3.07516 5.75237 4.32751
245 17.2663 27.6264 -1.57326
246 25.3823 6.92786 -1.09554
247 4.99188 3.04052 2.82816
248 12.2631 24.9266 -2.16566
249 9.32329 0.271725 -3.59218
250 25.4906 4.27002 -3.16645
251 29.3791 39.7348 0.550396
252 27.1889 14.0211 -1.03321
253 33.7377 15.537 0.679526
254 10.3443 38.4545 2.73852
255 29.5452 21.0092 1.21394
256 2.82122 0.601155 1.30517
257 27.8903 17.2073 3.18521
258 33.5409 3.41558 -2.2069
259 35.0301 20.7727 -3.42111
260 1.81901 3.00311 1.72309
261 33.2661 19.8617 0.524174
262 26.6282 37.0815 1.88085
263 1.14838 27.765 -0.198615
264 12.3632 16.6189 3.33747
265 2.76678 27.4474 1.42117
266 5.04114 17.2969 0.551215
267 5.78547 16.9939 3.21264
268 19.0577 17.9018 1.47861
269 38.1222 37.1583 0.586355
270 31.5849 12.7938 -2.01274
271 4.09399 13.3818 -0.761206
272 23.5323 20.8278 -2.10409
273 34.3331 26.3442 -2.83896
274 11.2298 36.289 -1.76802
275 10.1924 32.1863 -3.88551
276 31.3425 18.4472 -2.50879
277 3.57412 20.1442 1.33571
278 3.67999 16.4432 2.5863
279 14.4496 29.2174 -3.00135
280 4.05092 29.6461 0.86493
281 25.5525 27.0253 1.11495
282 9.29502 18.9918 -0.634158
283 27.415 4.9804 2.76412
284 33.0853 16.6308 0.90301
285 7.90544 36.2744 1.49552
286 36.7707 8.52102 1.12062
287 14.5984 14.3194 -0.0169806
288 1.21172 1.64449 -0.431369
289 8.37246 35.5928 1.48686
290 31.105 27.6758 -1.25164
291 17.1973 5.73289 2.4457
292 28.9054 21.2749 0.808594
293 18.9298 6.63505 0.624309
294 32.4407 29.1937 0.11403
295 16.7868 13.631 -1.54035
296 22.5869 28.4033 -1.22246
297 37.2178 28.4614 -0.11042
298 20.1832 2.48794 -3.2865
299 15.2719 25.243 2.82998
300 16.5703 11.9517 0.177276
301 23.3634 30.3599 0.694665
302 22.1715 3.74723 1.6255
303 1.86608 18.6503 -4.75467
304 9.98077 32.5902 -3.82792
305 2.23257 26.2815 2.77857
306 26.5959 20.9326 -0.233578
307 13.3771 17.9573 0.660817
308 10.981 30.8121 -0.352061
309 21.7263 1.28285 1.55525
310 14.2635 20.1654 -3.03083
311 21.4341 24.9274 -1.85098
312 38.2545 29.4676 3.16587
313 24.1471 5.60281 -1.4884
314 20.3 0.8337 2.1106
315 2.13735 35.9332 2.34782
316 28.5235 37.8566 -3.92661
317 16.0626 28.3946 -3.05118
318 24.7051 34.6264 2.48332
319 7.24091 3.3198 -1.47366
320 12.0389 16.9885 -1.52058
321 30.6331 10.0378 -0.187272
322 2.10083 36.2646 -4.76994
323 37.7635 33.7342 -1.82381
324 26.0164 14.5671 1.08968
325 11.9779 30.0292 4.2597
326 11.5285 9.19421 -0.820985
327 11.2188 34.2976 2.47167
328 12.8922 32.0904 0.265749
329 16.8002 18.4889 0.492091
330 4.03984 9.45892 0.0239234
331 22.4316 6.06709 -0.286038
332 37.6883 3.22296 0.176499
333 34.0632 25.6354 -1.04659
334 11.3179 10.0245 -0.310866
335 2.98735 36.1714 0.543722
336 21.8302 7.63651 3.03207
337 12.4309 22.4434 -2.56408
338 24.2866 25.6237 0.863329
339 3.07082 29.6844 2.89544
340 17.8842 11.5002 0.317221
341 34.9953 27.0884 0.61016
342 17.9273 10.9291 2.5702
343 5.78516 14.4209 -1.28327
344 12.7331 3.2571 1.46351
345 1.75292 33.5987 2.77446
346 14.3055 10.0494 2.31846
347 7.87361 37.4304 2.80746
348 12.1519 11.2608 -0.21091
349 17.9092 24.9274 -0.808825
350 7.10241 14.8063 -1.08221
351 39.0899 24.6987 -0.95455
352 27.8925 21.9164 -1.85224
353 22.7918 16.7128 0.488704
354 39.5252 32.2282 1.00434
355 13.7276 22.1371 -2.96882
356 2.63758 35.2239 2.09994
357 9.45101 7.0046 2.82218
358 14.1352 9.64011 3.63865
359 26.487 21.1183 2.03017
360 34.216 28.5334 -1.00075
361 27.0738 31.6997 -2.61547
362 31.1418 27.9452 -0.702256
363 32.3977 12.331 -1.53719
364 16.2417 14.0146 -1.05479
365 39.7221 34.4055 -1.77924
366 10.7369 0.686385 3.0816
367 6.23782 0.459205 -2.49138
368 20.8965 8.3422 2.89435
369 19.5995 12.3928 1.85771
370 23.8246 34.153 1.16782
371 35.8945 17.3868 1.82026
372 21.1076 26.5949 1.18427
373 14.1972 20.209 0.00504323
374 11.9869 14.3256 -0.0418227
375 7.83147 10.3654 3.8586
376 35.4403 30.3342 0.196369
377 33.681 10.5612 -1.86822
378 17.5729 8.19535 0.628607
379 0.553642 36.7809 1.01856
380 35.9031 2.71902 2.54847
381 19.4421 39.4815 -0.346031
382 0.0809183 12.75 -0.85032
383 17.767 25.7039 2.83448
384 32.2539 7.30764 1.88757
385 20.0798 27.5411 1.36517
386 27.073 8.367 -1.57573
387 3.82363 2.62571 -0.250969
388 31.4435 33.5284 -2.00121
389 21.1858 34.9863 0.0622314
390 29.5737 6.20808 2.87211
391 14.2468 10.7425 1.23152
392 24.5515 15.8678 -0.813455
393 20.1999 2.09594 -2.34556
394 30.6539 11.5122 2.36578
395 0.0178006 9.57896 -1.70591
396 22.1576 2.81748 1.62011
397 4.08033 19.1399 -1.03408
398 26.9602 34.9653 2.70282
399 31.4641 15.2431 1.21849
400 2.77758 5.14818 -1.10074
401 31.183 26.9343 -2.81373
402 4.33042 9.1371 0.0995127
403 9.10934 29.9713 -0.389307
404 22.7186 30.1722 -1.59719
405 6.92226 22.4035 -2.48447
406 16.7685 9.88529 0.666512
407 1.15205 9.34943 0.485162
408 10.7968 8.48069 1.16798
409 28.8253 9.84518 2.78043
410 22.2433 26.9496 -1.25915
411 19.5838 36.4957 4.21495
412 2.80966 4.5936 0.561641
413 2.89092 21.0237 2.1198
414 10.7841 5.39959 0.35548
415 12.561 25.5425 -0.690461
416 0.139985 29.7853 0.752375
417 2.60434 3.10869 1.90097
418 25.6715 23.7714 -1.19348
419 28.1066 11.3441 0.317492
420 24.0026 2.1862 1.35552
421 7.90782 11.6865 -2.7391
422 11.6817 12.543 2.64891
423 0.82967 7.09797 2.28248
424 25.1492 16.6089 -1.67825
425 22.2173 0.443561 0.549391
426 10.8239 14.6493 0.449069
427 23.0767 28.9207 0.380345
428 12.7979 0.810977 -0.215788
429 36.4002 5.5293 0.938765
430 10.6088 15.1298 -1.24243
431 7.07468 9.72174 -1.391
432 14.8303 31.4014 0.156288
433 27.0258 19.4679 3.60062
434 16.0561 20.86 1.51513
435 37.4822 30.3093 -1.66225
436 35.2141 27.0723 -1.66535
437 8.69794 4.9427 1.14564
438 1.65975 1.78022 -1.79112
439 38.7369 21.3321 -0.430386
440 17.3626 8.63656 1.57423
441 21.7902 35.2282 -2.74779
442 17.9702 11.9172 -2.68364
443 16.3712 25.7111 -3.00273
444 13.2147 24.53 -3.45969
445 16.2468 18.9858 2.69716
446 22.4474 7.14272 2.01297
447 12.0361 9.87515 -2.07735
448 32.6247 20.4676 1.25134
449 15.9193 19.7841 1.1819
450 8.8215 20.5795 0.405072
451 33.9734 19.2918 -2.63834
452 10.0382 6.7121 -2.8221
453 5.25959 17.8196 -2.29256
454 33.005 10.6602 -3.38411
455 21.9392 39.88 1.91848
456 15.4562 17.516 2.72973
457 25.8909 10.4259 -1.8114
458 21.8291 18.7496 -0.892383
459 18.938 1.07836 2.96076
460 9.85134 39.4469 -0.407857
461 9.48706 4.18121 -3.9023
462 26.3097 24.2439 -0.761519
463 2.50014 31.3353 -0.299842
464 24.1803 35.0744 -2.16062
465 30.7718 7.12084 1.71199
466 34.0898 23.9059 -1.70554
467 9.46919 34.0474 2.04373
468 10.7356 34.1241 1.1464
469 28.0958 35.6915 1.41284
470 8.91159 12.7665 1.83303
471 26.8826 28.5411 -0.17222
472 14.8668 4.93488 -1.24089
473 15.4028 1.27627 3.3343
474 3.9871 36.6889 2.69469
475 29.9004 36.1356 -3.24617
476 13.89 19.6183 -2.39818
477 10.8809 36.1413 -0.608922
478 34.2488 25.9595 0.165985
479 36.7299 27.8388 -0.800322
480 38.2564 27.7831 0.614858
481 32.578 6.33958 1.784
482 13.8242 37.8536 0.113412
483 10.533 36.6092 -0.44843
484 20.2897 0.187452 1.80462
485 4.00565 36.1292 0.0648907
486 13.6625 24.509 -1.96979
487 26.8571 30.633 -0.876685
488 39.929 9.10854 -1.17951
489 21.2849 7.63213 0.956275
490 35.1845 7.05391 -0.413981
491 17.376 14.6716 -3.85552
492 19.6435 37.2185 1.7844
493 0.732475 28.7082 2.0244
494 5.14598 21.0008 -0.204263
495 36.7149 10.2786 3.51168
496 23.432 35.5608 -3.67207
497 16.8146 30.2201 -3.85885
498 17.5698 11.0067 0.247777
499 7.77369 15.11 -4.7654
500 9.5101 7.7532 -1.78637
501 34.3698 7.7692 -1.68567
502 7.50803 3.35465 0.613473
503 23.0496 25.5039 -1.86395
504 3.18725 3.26566 1.69173
505 12.2118 10.0934 -0.281545
506 28.1445 25.6451 -1.33822
507 19.8724 12.5474 2.44189
508 11.2923 29.5528 1.25963
509 20.3068 37.1088 3.27174
510 36.5548 7.70139 0.690759
511 23.6745 31.3451 1.55167
512 34.9358 27.7194 -0.691821
513 16.5788 23.8858 -0.320765
514 2.36572 36.4684 -3.87064
515 16.2441 16.7995 -1.15812
516 17.5475 35.608 -1.13655
517 15.8456 19.4137 -0.344606
518 39.1332 39.3459 -4.37993
519 22.367 22.5948 4.37244
520 3.92588 9.06971 -0.671798
521 2.88054 39.2435 0.777529
522 29.1978 22.5719 0.19561
523 15.0498 18.43 2.37019
524 15.9158 20.826 -0.137332
525 14.7185 16.0679 0.837106
526 16.1048 26.8224 -3.14715
527 12.9761 9.34846 -0.772703
528 21.1745 7.14271 3.06157
529 33.1593 33.2527 -0.612071
530 30.904 19.7023 1.50472
531 25.1299 39.657 -0.350265
532 19.3738 1.24554 3.07962
533 39.6942 33.2462 1.72354
534 6.10915 27.8039 1.10167
535 29.6529 6.8283 3.57946
536 35.0181 11.2882 -0.834795
537 4.21825 23.2007 0.380535
538 19.7851 0.0170912 0.832699
539 20.7513 17.754 0.757942
540 34.9138 17.8606 -0.58353
541 19.0632 25.2549 2.26254
542 30.9477 35.4397 -1.57927
543 8.55016 20.0842 1.06669
544 35.4165 33.6574 0.29985
545 3.08654 20.1877 1.20609
546 33.7565 1.01358 3.35973
547 1.79357 9.09722 -2.08031
548 34.2016 35.6249 -0.750732
549 39.4603 27.0952 -1.30166
550 36.506 29.4313 -2.42689
551 38.8708 11.9176 0.798205
552 10.4148 1.48516 -1.59062
553 12.2024 31.6645 -3.24154
554 13.4149 2.71895 -0.774244
555 34.5787 8.82246 -3.02128
556 1.59998 18.9789 -3.46083
557 13.1666 11.821 -0.548674
558 29.1106 2.69187 -0.0876943
559 34.7768 35.9666 -1.40042
560 37.4422 25.3228 0.189914
561 1.9626 36.0329 -3.54682
562 11.3258 24.153 1.7256
563 4.94151 11.0684 2.17779
564 6.68503 25.7207 4.58259
565 3.81162 20.824 1.87224
566 18.9461 1.4812 0.0298707
567 33.8028 19.483 -2.26648
568 0.984102 6.47448 0.310265
569 31.2029 29.5265 1.39057
570 7.83995 30.355 -1.00687
571 14.2324 8.7253 0.982881
572 28.3484 22.8179 0.645796
573 17.6962 30.5757 -1.80477
574 11.0165 24.8174 2.19954
575 8.183 14.0073 -2.8728
576 4.27873 3.65788 2.32109
577 21.1025 36.818 0.757995
578 13.4152 34.4642 -0.424849
579 15.3787 18.9729 2.31192
580 5.21382 27.9326 1.30802
581 3.36154 26.9809 3.63607
582 16.7369 20.497 1.32603
583 18.2503 29.0686 -1.6484
584 4.34611 10.2526 -0.63299
585 1.67849 22.9573 -1.17356
586 24.1719 25.5096 2.88953
587 29.195 35.5095 -3.22969
588 19.8818 39.9019 1.11955
589 24.8364 10.466 -3.53101
590 1.30085 6.56253 0.192413
591 13.7824 29.5217 -0.604382
592 23.6141 22.7578 -1.13812
593 12.0216 17.2649 -0.877131
594 5.88564 3.69815 -3.92414
595 34.3298 28.1039 0.377875
596 1.79526 36.611 -1.75844
597 27.8046 9.88236 0.763564
598 0.0221267 14.1452 1.2243
599 12.6526 2.29216 -1.71496
600 0.2337 39.6993 1.82258
601 20.5532 37.0531 3.27534
602 16.7579 18.2063 1.75881
603 20.6999 6.18323 2.24295
604 27.3769 31.9074 -2.95798
605 18.5483 25.9778 1.8061
606 39.0763 29.7081 2.6364
607 39.2462 8.49884 -0.874646
608 8.60587 3.30152 -0.916494
609 23.3934 12.8722 -0.564141
610 33.4355 30.5684 -1.24028
611 34.6328 25.2687 -3.00012
612 16.3997 6.31386 -0.526293
613 16.9556 8.61684 -2.4184
614 37.658 37.1541 1.10139
615 36.2428 4.43103 1.49366
616 34.5695 20.4689 -2.36835
617 22.039 27.856 -0.102096
618 5.18946 1.21663 0.600402
619 23.7692 27.3176 0.625994
620 37.9231 2.79552 0.481394
621 26.227 20.9564 -0.500202
622 29.5814 6.24608 0.793866
623 16.8074 20.5474 2.65286
624 6.44099 9.61217 0.714215
625 11.3039 8.32339 1.35208
626 4.01711 0.69823 -1.42384
627 10.4638 34.8738 -1.31054
628 17.8978 7.87636 0.463381
629 24.1174 6.29328 0.271124
630 1.24324 6.63225 2.18882
631 32.4066 39.6333 -0.686001
632 33.3004 32.1274 -1.93123
633 9.07035 21.4191 0.47021
634 0.148368 9.97015 -0.924503
635 27.9689 26.1795 1.62927
636 20.2772 16.0857 3.95787
637 9.87933 34.1067 2.07095
638 28.523 32.3479 3.63546
639 28.0684 24.5627 0.723495
640 4.54711 21.7252 -1.2071
641 36.3823 8.33645 1.27556
642 13.9562 33.2648 -0.449978
643 27.911 35.804 0.854179
644 11.3712 36.7644 1.18721
645 5.08894 8.38659 2.16756
646 12.3956 6.78405 1.10129
647 9.4641 3.70129 -2.48592
648 26.7542 33.3197 2.22584
649 13.8185 9.80232 3.72079
650 28.7811 22.5801 -1.36945
651 29.4184 22.0978 2.03494
652 4.26715 28.396 -0.626572
653 8.46388 37.4431 -0.0892623
654 27.0738 20.9057 1.6124
655 27.5768 32.635 1.34499
656 15.7562 8.64418 0.325432
657 30.5557 10.6406 2.89421
658 5.30601 25.1697 0.771698
659 1.61923 4.64356 1.88774
660 26.9236 19.9159 2.41449
661 4.88469 18.0498 0.562517
662 36.2327 39.0598 -0.351682
663 0.679447 19.4799 2.13152
664 35.0324 21.9517 -2.51492
665 35.9143 30.3343 -2.00928
666 27.2312 1.17772 0.93142
667 35.8558 27.4454 1.00092
668 7.18422 35.1532 1.46294
669 7.80346 35.9268 2.33304
670 35.2307 28.7353 0.258419
671 36.1706 1.38088 1.40049
672 14.4728 39.133 0.161293
673 1.31708 13.0136 0.532673
674 8.82687 21.7578 2.17414
675 27.4917 9.39081 0.0477364
676 39.7985 6.21899 -1.48841
677 7.984 15.573 -4.70771
678 25.7606 39.877 -0.721455
679 18.5769 25.7101 0.117984
680 24.3525 35.2939 2.07432
681 15.9305 33.4319 -2.04347
682 35.824 2.61293 1.4791
683 20.7761 27.6707 0.841696
684 8.24879 22.8703 1.63273
685 26.4636 20.9994 2.86544
686 37.6082 32.8346 -2.68897
687 24.5413 20.158 -0.195023
688 22.9409 12.1647 3.11968
689 8.01677 6.69903 1.53154
690 10.0672 6.38059 2.57504
691 18.1037 32.9617 -1.17378
692 27.586 15.6849 -0.364924
693 3.46688 25.4163 0.504431
694 32.1352 13.211 1.36707
695 14.1644 29.3473 -0.931953
696 16.5958 21.2002 0.90357
697 21.6461 2.81768 2.83276
698 4.2789 8.82432 1.81484
699 38.8166 30.222 2.97563
700 7.85963 0.79793 -1.44612
701 13.6919 1.89377 -1.61641
702 7.33442 38.3654 3.40207
703 1.88422 8.70371 -0.848035
704 30.2523 1.64965 2.20918
705 4.83376 23.0115 -0.214059
706 34.1341 36.7411 0.168183
707 23.0382 1.23252 -0.881664
708 37.7629 25.2617 -0.233158
709 29.3337 13.8813 0.0966786
710 10.9655 0.945226 0.278603
711 34.8666 32.7127 -1.68445
712 30.686 26.2346 -1.95417
713 36.9595 18.7826 -4.67338
714 28.6629 37.0449 1.18101
715 35.4833 26.5673 0.303557
716 17.8795 31.5976 4.24436
717 16.1219 29.6978 -3.11531
718 39.9831 24.6214 -1.53682
719 9.75156 29.577 -1.16965
720 19.7598 19.4717 -0.018063
721 21.2565 35.3847 -0.0587488
722 1.39225 7.18048 0.547351
723 11.4035 37.3332 -0.226725
724 20.4173 4.62844 0.795226
725 27.3223 34.6758 0.394257
726 37.6831 26.5905 1.63158
727 14.596 18.8049 3.44629
728 39.729 29.4099 2.60922
729 14.3068 2.97521 1.86163
730 23.671 10.9369 -3.77946
731 38.2263 18.6222 3.13051
732 19.6955 38.9098 2.01466
733 23.6139 31.2748 0.828814
734 39.6916 8.06397 -3.14967
735 12.5873 32.6435 -2.13642
736 23.2124 23.7136 -3.6449
737 2.69893 31.9981 -3.54173
738 20.3582 9.03292 1.88571
739 13.2403 17.8145 0.377171
740 32.4087 20.5369 -1.00919
741 1.49109 25.9409 2.4947
742 13.8687 22.1392 -1.17293
743 26.6415 21.1987 2.63166
744 29.8761 21.1464 4.13268
745 20.0754 37.876 1.77354
746 17.6415 9.27373 -1.86693
747 16.117 26.6328 -0.861669
748 13.1366 32.2961 -1.67759
749 12.6118 4.15474 2.32549
750 6.57364 32.7134 -4.57725
751 35.1717 33.7799 1.55404
752 8.9424 22.2272 1.27965
753 27.1843 22.31 -1.24294
754 27.3154 26.0286 2.00492
755 33.5539 6.4971 1.55862
756 11.1835 10.4324 -0.899804
757 6.78229 33.9478 0.230454
758 3.88895 15.5422 1.41337
759 12.1922 25.7781 -2.17997
760 39.7585 28.6275 2.06598
761 5.10101 12.0714 0.0635068
762 20.6439 26.8572 0.80038
763 3.89019 3.4101 0.111216
764 15.2971 19.0466 3.37481
765 1.74469 20.5872 -3.95975
766 10.3077 8.75763 4.23504
767 34.6313 10.414 -2.61304
768 6.50319 26.1 1.9103
769 11.875 34.2425 0.168664
770 7.67529 29.6126 -2.23466
771 11.8953 21.1547 -0.100229
772 10.4657 32.4877 -4.08817
773 34.9973 30.2138 -2.11907
774 36.4057 30.3529 0.0564144
775 14.7726 5.14338 -1.53139
776 8.97916 12.4352 -1.33583
777 34.4442 25.2241 -3.91443
778 34.2641 27.647 -2.22382
779 19.5099 4.77263 3.08533
780 35.6373 6.69666 -1.40779
781 15.1394 33.7145 -1.96131
782 4.29442 7.98629 3.31592
783 15.0671 17.3656 3.94428
784 33.3051 2.74797 -4.03029
785 20.9402 16.3539 2.53532
786 10.2491 17.5223 0.889016
787 39.7902 4.05605 -2.42213
788 1.49837 27.7026 2.44064
789 1.79059 5.09563 1.13117
790 13.0437 27.059 0.584357
791 9.32658 21.1565 0.367835
792 10.8889 18.8767 0.595507
793 17.4133 35.915 -1.09363
794 19.1926 25.7916 1.81855
795 1.45871 39.0567 -1.45579
796 14.2025 14.4561 -2.07483
797 38.3347 34.4453 -2.35859
798 34.1083 11.9455 -0.654025
799 29.8264 6.24186 2.48558
800 39.755 9.97984 0.867626
801 17.492 22.6857 -3.23474
802 32.9357 25.0809 0.79568
803 12.2163 38.8124 0.381652
804 1.3508 19.3286 3.77092
805 2.11547 27.2146 1.93506
806 8.40948 30.1052 0.0391126
807 26.6365 19.193 2.17218
808 15.5417 29.968 -3.09135
809 26.909 27.6179 -1.53639
810 18.6603 29.1811 -2.46042
811 0.00981682 22.8953 -3.61592
812 8.9548 4.11335 2.0198
813 7.30743 12.462 -0.216812
814 28.3151 37.8831 -2.45855
815 26.291 20.6668 0.688099
816 15.8171 37.5262 1.50529
817 17.0987 35.9818 -1.59807
818 2.29231 2.84062 0.469817
819 30.7755 6.65478 3.2727
820 12.9976 38.1588 0.24225
821 12.2533 6.39304 2.00933
822 5.75917 35.2594 -2.51429
823 19.4665 5.07132 3.54815
824 27.2155 13.2772 1.22699
825 0.206381 2.50762 -0.202605
826 3.72216 16.5767 1.68446
827 36.6895 7.95961 -0.692165
828 15.7574 18.4407 2.94329
829 11.2766 34.1243 2.81915
830 11.9741 15.0931 3.16921
831 22.8818 36.7958 -0.11001
832 35.7216 2.49992 2.04206
833 18.7822 18.3952 2.49942
834 16.2589 6.80707 -3.62725
835 2.12507 31.2416 -0.569671
836 15.8881 29.0301 -2.4305
837 28.24 37.0023 1.09561
838 14.6443 4.71714 2.10897
839 13.6426 10.129 3.42732
840 22.8071 16.6 -0.309918
841 24.4286 36.8965 1.07507
842 23.5273 34.4381 1.32417
843 20.0033 5.04191 3.69875
844 5.92158 25.9697 2.64909
845 7.76481 30.443 -1.37219
846 4.16965 17.2 -0.814592
847 0.853187 24.5787 -0.975828
848 21.2684 25.864 -1.39611
849 19.4888 16.8427 2.92552
850 34.8383 31.104 -3.6554
851 6.04216 2.32796 0.317997
852 32.0791 23.7823 -1.45701
853 17.7686 18.56 4.11501
854 8.11184 38.4118 0.973789
855 10.8782 35.5474 -1.52583
856 12.575 31.1186 -2.22801
857 11.342 33.5698 0.934414
858 31.4276 29.4328 2.07301
859 10.4277 34.812 1.0262
860 0.376331 18.4842 4.05922
861 6.69616 17.8256 0.00195943
862 5.46751 24.7066 -0.637444
863 14.8897 10.5018 2.44383
864 9.11028 6.5198 -1.825
865 18.7958 29.2041 -3.24742
866 30.264 39.6798 1.11443
867 29.3489 24.9691 -2.26181
868 33.6454 32.9359 -1.91727
869 39.554 18.9559 4.0764
870 38.4098 4.7575 -2.90466
871 15.8449 21.4175 0.511816
872 34.5675 16.2884 -1.63026
873 10.9138 18.4737 0.402867
874 20.1263 14.1245 -3.80279
875 32.688 6.74882 1.84398
876 22.1189 26.5003 0.72599
877 0.996111 14.5567 0.0802301
878 38.0262 3.60426 1.18341
879 11.8192 37.1122 -0.140579
880 31.3539 25.8125 -0.272408
881 12.9289 23.507 -3.17294
882 26.2257 6.18848 4.87564
883 36.0084 26.074 -1.43317
884 34.7842 13.0648 -4.51438
885 11.3333 8.56157 0.625057
886 17.2051 18.0365 0.739758
887 4.86865 21.3208 2.90216
888 28.8197 32.3567 3.91324
889 37.3787 8.47388 -0.113171
890 14.2653 5.84133 -0.106245
891 22.2824 26.1956 0.388815
892 27.3389 13.0881 0.0823908
893 32.2941 19.5019 -2.03903
894 23.3449 27.0704 0.733625
895 31.6765 7.45083 2.94657
896 13.8198 0.318164 -0.143386
897 2.62036 15.648 3.12695
898 26.7385 19.2099 3.47085
899 13.3215 25.338 -0.713548
900 12.7438 38.3498 0.118785
901 1.62286 38.8121 -0.780892
902 3.02157 27.0919 3.47377
903 18.0665 34.7312 -0.992476
904 17.9398 36.3081 -3.50939
905 34.886 37.0455 0.561665
906 17.8776 11.5085 -0.694084
907 13.8635 26.015 0.496887
908 32.4279 2.08647 1.93119
909 12.727 0.411857 1.76992
910 3.8094 23.8047 0.0509909
911 36.8205 1.17951 -2.30579
912 26.0921 19.9166 0.81929
913 33.0644 35.3938 2.95349
914 39.3113 22.7631 -0.701176
915 36.8616 0.503604 -2.36391
916 1.83538 15.5388 0.637321
917 13.9738 23.4553 -1.53363
918 34.0582 5.8801 -1.61592
919 20.9428 30.434 -0.658538
920 2.51556 20.9048 -0.919087
921 34.8027 19.8105 -2.55185
922 22.5902 16.5711 1.53005
923 6.51301 25.8425 1.98849
924 34.2793 25.5883 -0.354701
925 16.7577 16.5087 -3.47462
926 14.2676 6.20492 1.95816
927 36.4945 28.396 0.0871469
928 35.7056 2.07919 0.547048
929 12.0984 29.1213 -3.63038
930 6.27664 5.98587 -3.02389
931 12.3458 26.2109 -2.58463
932 34.0465 21.5635 -0.510736
933 21.5148 2.44909 3.44312
934 28.7979 15.4533 -1.05823
935 8.58519 9.28782 2.09786
936 16.4828 18.7652 1.88738
937 19.3703 5.33672 2.96964
938 16.3281 19.6768 2.42402
939 8.12592 3.45114 1.24369
940 13.4359 22.161 -2.95562
941 34.1993 25.7299 -0.844052
942 3.50214 20.7606 2.17028
943 12.1669 6.54212 0.463376
944 13.2196 3.97033 -0.38107
945 1.44289 11.2853 1.57554
946 13.2135 20.2414 -2.32641
947 9.64364 8.59239 3.68358
948 21.8932 7.78843 3.12097
949 8.08561 10.9289 2.13349
950 11.5146 31.2379 0.429315
951 12.1244 5.01593 4.06044
952 10.9845 22.0538 -1.7665
953 34.0558 22.932 -3.15621
954 10.9541 31.7815 -1.10793
955 8.68466 0.51227 -0.974414
956 22.3357 16.534 1.83851
957 38.3474 18.4538 2.95347
958 1.42593 4.73824 2.6543
959 39.3095 16.8803 1.6975
960 13.8209 29.4612 -0.16722
961 2.58088 27.6246 0.661845
962 12.2419 28.557 -1.63001
963 11.2544 37.8666 2.19108
964 0.811956 9.99005 -1.21378
965 39.3794 29.9717 1.1991
966 14.2733 10.9713 2.21425
967 18.9532 37.3879 2.24941
968 37.6501 14.6139 0.158152
969 19.6217 6.22811 -0.536061
970 14.1683 0.198988 0.240459
971 16.4105 20.6257 2.92288
972 15.6284 18.5127 2.51829
973 0.561546 19.0036 3.09311
974 39.1725 28.7975 0.320593
975 9.63787 21.641 1.14972
976 7.0208 14.3728 1.58244
977 4.14082 3.31376 -0.529185
978 10.6487 37.5115 1.10457
979 8.74907 3.12118 -1.18458
980 31.3224 7.53691 0.807695
981 5.695 22.204 0.690048
982 1.81943 35.7806 -1.9888
983 34.8882 20.4511 -3.4712
984 12.7865 29.7652 -3.03388
985 39.8746 27.8854 2.09605
986 17.9763 21.7303 0.0981728
987 12.0132 10.4326 1.07164
988 10.9105 18.6095 -0.411875
989 24.1369 33.9719 0.868862
990 18.9355 21.7527 1.62333
991 13.077 20.8781 -2.37192
992 8.85384 4.07465 -0.703194
993 14.8572 8.82248 1.93178
994 24.0338 20.3868 -2.38145
995 18.0745 9.1202 -2.0446
996 38.5534 22.7471 1.69481
997 4.29439 18.2637 1.01523
998 39.401 31.4066 1.5694
999 37.0263 5.98056 3.24701
