1000
Particles
0 38.7385 3.14944 -1.25288
1 34.1986 18.3815 0.575475
2 24.2966 3.07943 0.61692
3 9.71808 36.3799 -1.40453
4 13.6309 16.8799 1.17616
5 23.401 1.71486 3.23086
6 31.0495 4.75875 3.20086
7 34.1287 16.3883 -1.57788
8 6.24022 31.1657 4.35117
9 30.5292 25.1429 0.143456
10 30.4444 27.2336 -0.446239
11 39.8033 35.5732 -0.420234
12 38.4174 23.5111 2.04913
13 0.191008 4.30135 -2.47088
14 30.6358 17.3012 -2.80463
15 28.1087 33.7136 -4.43943
16 26.5384 37.8789 0.00646826
17 34.3821 10.2173 -1.51245
18 39.8261 13.3537 2.30199
19 15.264 19.0144 -2.8213
20 15.3053 15.7566 -3.7464
21 0.893731 38.5367 3.446
22 38.1457 27.4312 0.42645
23 31.4123 14.7091 3.50097
24 28.5415 16.367 -1.94563
25 1.74075 36.1189 2.2558
26 26.0743 30.6062 2.04911
27 15.5972 18.7162 2.52369
28 5.94118 37.1892 -1.8886
29 33.3442 7.91996 4.04989
30 13.1609 26.9196 0.308764
31 11.5067 18.0889 0.0763098
32 16.9911 13.6391 -2.52302
33 4.1888 34.9218 -0.681108
34 21.5778 15.3962 1.21773
35 23.6536 5.01991 1.80222
36 16.6179 38.9653 0.302005
37 38.3826 26.3312 2.24761
38 20.0332 37.1379 1.72794
39 31.453 14.2962 3.19901
40 28.6942 38.468 -4.32167
41 22.0892 14.6411 0.337038
42 31.5828 17.5131 -2.32561
43 22.5911 31.6936 -4.56445
44 20.7549 18.2798 1.01532
45 8.07037 24.6765 3.08769
46 5.53274 5.0504 2.64842
47 37.0951 2.10463 0.186988
48 39.3538 34.6073 1.3067
49 7.8112 33.1714 -2.08812
50 34.9122 39.3295 0.570079
51 15.2765 5.55853 -0.760428
52 34.499 4.49596 0.346196
53 13.4717 12.6566 1.9675
54 34.3234 29.1944 0.256785
55 39.1197 16.2053 -1.36744
56 30.6143 6.94745 -2.70488
57 36.5876 36.5976 -3.49583
58 0.0600419 9.26483 -4.40236
59 2.8826 34.4586 0.107562
60 10.7365 24.3596 2.00129
61 17.7329 26.4653 2.40481
62 30.8032 1.50781 -1.50246
63 9.37435 21.5324 3.02279
64 39.7068 24.6356 -1.77458
65 17.1688 5.2159 2.38563
66 7.06885 17.7437 0.18312
67 19.97 17.4704 1.95534
68 7.69334 4.22191 2.23502
69 18.9802 8.57229 1.8326
70 7.97158 35.3714 -0.172072
71 10.5968 10.2864 -1.94951
72 5.84856 15.2808 -0.909318
73 19.4903 22.177 -4.08968
74 13.5582 37.1675 -0.00247792
75 4.77233 37.7762 1.53977
76 18.695 8.52568 -1.73172
77 17.6905 23.7985 1.15185
78 37.4718 25.4401 2.67003
79 31.2477 1.27831 0.140338
80 31.7619 6.92284 1.63007
81 8.32526 21.8195 2.17664
82 13.881 6.27298 -1.36916
83 17.9732 23.0008 4.58339
84 26.506 16.3836 0.421848
85 2.91949 13.0215 -1.67788
86 21.5152 7.73551 2.9655
87 18.2461 0.311134 2.2488
88 5.17195 2.8779 1.10413
89 7.71895 29.0801 1.07903
90 36.2654 34.9357 -1.29939
91 23.4126 13.0788 2.65633
92 18.4262 16.0082 -3.40079
93 16.8342 11.7803 1.87638
94 10.0642 14.1891 0.730474
95 19.157 5.52895 -1.64801
96 13.1447 30.5315 -4.74686
97 24.8028 33.3238 1.04971
98 39.0786 30.1598 -0.441128
99 7.09955 31.9768 1.47298
100 28.8189 9.78752 2.09265
101 16.6378 23.3408 2.4751
102 19.2303 35.8765 0.47061
103 16.4023 3.70192 -1.41952
104 32.2796 5.32653 1.09046
105 21.7023 27.2832 -1.73587
106 38.6555 8.07732 1.46203
107 16.3439 23.3008 3.72198
108 26.0778 13.2359 0.0859843
109 34.9321 32.2515 -1.03339
110 9.49431 35.6644 2.16184
111 9.40323 32.4137 -1.27319
112 34.0777 0.25732 -1.78769
113 31.9839 17.2094 3.37827
114 7.36449 26.032 3.46039
115 31.2286 23.1987 0.359949
116 27.8352 26.2594 3.16154
117 21.4884 30.5872 0.318258
118 22.3435 36.926 -0.864451
119 1.26028 17.4324 -3.25181
120 37.0439 32.6875 3.67314
121 25.9539 16.2208 1.37835
122 35.2924 9.90217 -0.684438
123 1.89512 21.3412 4.09262
124 15.9266 38.0381 -1.52101
125 22.2474 36.3356 -1.20827
126 18.8713 22.2542 -4.80861
127 38.3961 2.5556 -3.22647
128 30.2177 12.8201 2.29377
129 2.35928 10.8793 2.25602
130 35.2222 9.44467 0.776825
131 31.7374 29.6456 -0.820789
132 17.4888 38.9567 0.389357
133 25.9235 35.9645 3.27673
134 12.3105 33.4271 1.07178
135 17.4339 1.00199 1.16525
136 28.8011 6.75901 -1.12428
137 31.8942 2.51537 1.0813
138 6.52806 19.6011 -0.464551
139 11.511 1.84895 0.22151
140 17.5804 30.2279 -3.23152
141 35.4448 35.3345 -1.28058
142 23.1477 3.37712 3.12049
143 16.3665 24.3321 3.11187
144 7.2788 23.5469 0.0824804
145 26.7311 23.8312 1.47531
146 37.7467 7.7111 1.30001
147 34.2612 39.4965 -1.29654
148 37.13 8.86926 2.20349
149 15.7639 20.5496 -3.91009
150 10.5832 14.4628 0.301739
151 39.6819 39.6493 0.835319
152 14.7634 14.7136 -0.167038
153 25.728 5.64906 -1.04693
154 32.7452 31.7496 2.34626
155 29.3324 37.3882 -1.47063
156 36.8941 23.7265 0.135215
157 22.6646 13.7694 1.72063
158 21.1365 33.0522 1.17419
159 15.705 28.5139 -0.988868
160 4.09402 16.0867 -1.24003
161 6.71505 22.1882 0.299579
162 27.284 37.1933 -4.74917
163 10.8798 8.80271 -1.08335
164 14.8111 0.106206 -1.5693
165 20.9569 2.31192 -1.13619
166 37.1049 0.928799 2.03406
167 9.96862 3.6371 0.221747
168 38.3421 18.7496 -1.11184
169 0.122542 35.3718 -1.47079
170 2.60458 35.462 -0.326489
171 16.4154 36.8145 -1.37173
172 34.928 17.4475 0.596772
173 18.6432 28.891 0.58725
174 7.05677 36.2672 -1.21205
175 4.7544 15.8289 -2.47285
176 24.7718 27.1508 1.4461
177 17.2406 6.113 -0.637275
178 23.4427 15.587 0.169381
179 26.7078 9.02759 -1.05843
180 11.6264 10.4319 -0.496293
181 35.4511 28.8213 1.17834
182 19.3936 12.6454 3.68145
183 2.78686 17.3648 -3.29562
184 25.305 37.9853 1.04009
185 8.26025 9.18452 -3.8248
186 31.6908 7.82882 1.31167
187 6.41192 38.0606 0.489714
188 26.3902 16.1778 0.762525
189 8.64869 23.7321 0.686718
190 24.9111 23.9943 -1.86067
191 8.70582 34.5557 -1.90012
192 30.9881 8.48341 -1.54722
193 31.3131 20.4029 4.57096
194 7.81978 33.5981 -0.571147
195 19.5977 18.3532 0.936639
196 29.1302 34.1181 2.86851
197 16.1771 1.09093 3.02393
198 35.7269 14.3286 3.89655
199 14.1729 10.5981 0.289627
200 2.87751 3.38898 2.50988
201 31.8695 16.5107 2.27418
202 19.674 16.0192 4.23818
203 26.3087 12.1662 -3.77464
204 33.1861 35.0086 -3.3659
205 39.8676 33.7167 2.94275
206 10.3203 2.60662 -2.27342
207 39.9214 33.9677 4.27026
208 30.7711 27.0989 1.5619
209 15.5295 31.6572 2.87721
210 3.72183 20.7277 0.550674
211 33.6023 25.9032 0.410607
212 37.7418 32.797 4.63098
213 2.58658 4.74764 0.510235
214 0.857328 17.6303 1.55458
215 36.503 18.0627 -0.15114
216 31.0892 27.1226 -0.871554
217 8.23957 6.24123 2.31171
218 22.7317 18.2796 2.55724
219 18.5616 8.77866 -2.35011
220 16.9124 6.34287 -0.366079
221 26.6414 9.15401 -1.77294
222 33.3644 21.5698 0.269707
223 18.4454 0.00252043 3.41263
224 11.4867 34.2559 -2.88624
225 34.4155 10.3393 1.24274
226 4.10484 21.6967 2.24026
227 5.73721 37.4256 0.847995
228 22.0212 7.27968 1.63915
229 34.1074 18.8625 1.99315
230 28.8097 7.34153 2.73486
231 17.8036 22.0633 -2.67491
232 27.2419 12.0508 -0.783078
233 0.649397 8.94286 -4.32728
234 4.37544 37.432 -0.0117157
235 7.26114 7.99375 -3.81747
236 6.80548 37.6239 -1.82944
237 9.33387 27.4075 -0.0940795
238 15.5821 13.0796 1.52022
239 37.8944 15.8888 2.661
240 21.2935 25.524 1.16998
241 15.2596 28.503 -0.627925
242 2.61985 4.58038 0.531397
243 26.1002 38.8275 3.55869
244 38.7221 16.9242 -2.72086
245 19.2594 10.3602 -1.39174
246 30.7646 12.9438 0.666456
247 1.3367 4.21288 -1.2735
248 6.17202 21.7971 0.642981
249 17.4536 32.0357 -4.51139
250 3.17763 0.247912 1.9051
251 33.756 6.27919 1.40928
252 30.108 16.1364 0.0061308
253 22.9114 12.266 -0.680726
254 37.9024 27.9059 1.91138
255 30.6375 24.7376 0.721107
256 37.706 2.78256 -2.37742
257 30.9534 15.3833 -0.59976
258 29.7285 38.0234 1.95832
259 29.4161 13.3971 1.07268
260 7.00299 4.37417 4.04579
261 33.997 22.4817 -3.41533
262 29.3918 26.3502 -1.72658
263 7.85461 5.29535 1.19659
264 3.23727 34.5306 -1.09916
265 2.85535 12.1971 -1.19141
266 3.25782 7.04921 1.22619
267 9.57688 25.089 1.14766
268 0.812181 26.9093 -0.0266705
269 18.7176 36.3987 -0.130365
270 3.82492 11.6838 -0.373038
271 28.2234 10.7696 -0.323833
272 22.5016 10.4871 -3.75744
273 37.9319 35.5439 -1.51274
274 9.94118 8.64316 1.64695
275 3.38157 15.4292 -1.46229
276 31.2778 27.2701 1.85702
277 7.27875 26.8025 1.36171
278 8.23401 4.61308 1.6192
279 4.53133 16.3903 -0.84921
280 32.5483 21.9062 1.10269
281 29.8477 17.624 1.02848
282 14.6075 18.1952 -1.87592
283 22.3298 38.8323 2.257
284 31.3939 25.6205 0.195835
285 36.3898 37.2267 -3.61798
286 34.6463 8.66583 2.97506
287 3.75153 18.6975 -3.08894
288 7.33441 35.3395 -0.703009
289 13.4352 30.2059 -2.26116
290 34.0608 20.7965 0.0278817
291 17.8592 21.7344 -2.35942
292 38.2123 27.4895 0.525717
293 6.76056 4.76153 2.10303
294 27.2087 34.2071 -0.683979
295 11.1688 8.07304 -2.30698
296 32.0639 23.8519 -2.29409
297 3.54439 26.3798 1.73352
298 27.684 25.3346 -2.43046
299 19.2218 36.4427 -0.105572
300 26.5816 8.2309 -2.34721
301 31.2436 20.0223 -3.66053
302 15.6126 31.9141 1.2954
303 6.8686 35.9466 -2.78369
304 14.8199 26.2412 0.034591
305 1.49859 21.4666 2.41494
306 29.7094 13.2576 1.86363
307 11.648 22.0372 -2.56045
308 3.46953 16.2606 -0.845218
309 13.5044 2.18219 -0.972235
310 18.1005 18.318 -4.47815
311 27.6846 5.48031 0.592011
312 0.14522 39.2042 -1.48493
313 34.4795 38.9367 -0.80193
314 22.0337 3.23831 -2.62821
315 3.14662 30.7397 0.734553
316 34.0704 0.724869 -0.149606
317 33.6499 38.1294 0.156389
318 24.2226 25.9695 -0.121305
319 5.4251 37.0582 -0.492027
320 1.10862 20.2421 2.67837
321 30.5215 8.38551 -3.46329
322 4.87678 37.4749 -0.582889
323 21.5306 36.9599 -1.77518
324 31.9797 13.2987 0.798011
325 7.35753 22.1156 2.17974
326 36.1549 39.3263 0.261259
327 10.7219 3.66315 -1.73182
328 15.7247 29.1757 -0.843417
329 39.967 19.2486 0.607778
330 6.73496 4.69505 3.50594
331 14.1381 31.4558 2.279
332 32.959 11.5858 1.037
333 24.3628 18.5553 2.0068
334 7.63344 12.573 -1.4467
335 8.73295 39.9189 -2.85282
336 19.3894 1.73671 -0.237641
337 6.29978 12.0872 0.897791
338 9.61055 29.6894 1.27139
339 35.5575 35.5038 0.18405
340 10.7376 22.0647 -2.73831
341 31.6776 34.9374 0.341935
342 12.0626 9.98791 -3.75049
343 10.2891 16.6623 -0.424951
344 12.6602 38.6163 2.60649
345 35.2166 28.0647 1.64289
346 17.6744 8.75023 -1.30817
347 7.27965 29.3719 0.98783
348 13.7912 18.1349 -0.656421
349 15.996 18.9318 2.33475
350 10.3104 10.8232 -2.98994
351 10.8442 23.3796 1.10553
352 29.4567 22.9618 0.175429
353 24.6265 0.366856 -1.24387
354 39.0827 36.3729 -0.603582
355 19.8562 24.9917 2.90502
356 30.8957 32.5573 2.53335
357 13.4189 30.9479 -1.90308
358 14.3407 23.03 -3.27999
359 39.3069 31.997 2.81553
360 32.548 26.2093 -0.325719
361 31.4074 30.4358 -0.649571
362 35.357 27.7215 1.55465
363 33.8171 0.929072 -1.84808
364 5.95154 4.58259 3.13949
365 3.99593 0.686636 -1.40981
366 11.9155 4.70131 -0.278992
367 16.4636 32.2517 4.12419
368 21.7853 1.77949 -2.04166
369 14.4554 29.5464 -3.90161
370 22.7119 25.6455 0.765053
371 24.1977 23.5046 1.54849
372 26.2558 28.5123 -1.94268
373 7.30884 8.21047 -1.31445
374 17.2121 16.4203 1.41262
375 13.5652 10.3119 1.90765
376 3.12099 33.558 0.973223
377 5.07046 9.66752 -2.7229
378 13.7768 6.07812 0.497473
379 28.6496 2.73147 1.70678
380 0.520776 23.1822 -4.57255
381 11.8515 32.2608 -1.06059
382 35.8798 17.3072 -0.643143
383 16.3925 35.4816 -1.56636
384 19.1031 3.3621 0.457298
385 20.7598 18.8572 2.8269
386 18.4582 7.37896 -2.31928
387 10.9073 1.99052 -1.42037
388 30.3449 22.7578 0.161184
389 8.45596 37.9529 -0.123472
390 28.9292 24.732 2.77093
391 14.5564 19.0295 -1.83519
392 18.8583 24.4441 4.32462
393 25.5403 15.9531 1.0874
394 37.3615 37.6694 -3.66148
395 34.9707 10.7399 1.07156
396 3.33994 1.81032 1.11048
397 4.89241 38.2171 0.195154
398 0.218897 28.0536 1.79112
399 0.561317 17.2258 -0.0665042
400 0.479081 39.3832 -2.99151
401 25.8294 38.132 3.32753
402 34.8686 9.34312 0.147462
403 38.2328 24.1214 0.762682
404 33.8234 32.424 1.30677
405 2.5383 24.7185 1.36387
406 28.3312 0.85319 -2.37603
407 34.8929 1.45993 0.921211
408 9.71548 14.1505 -0.637929
409 12.4653 9.49378 -3.79294
410 28.0394 17.1969 -1.03306
411 14.7471 27.4523 1.71202
412 0.921505 10.1708 -0.605302
413 11.7407 12.8204 1.02398
414 1.1286 21.188 3.76253
415 14.873 28.3873 -3.31862
416 27.5215 37.4058 2.61916
417 7.07266 2.77721 0.704251
418 29.2137 25.7658 3.50047
419 26.7174 16.3722 0.476734
420 17.5152 36.0641 -1.17657
421 1.72951 14.8804 -0.250635
422 16.2884 11.2451 3.40086
423 26.4254 11.7064 -4.65886
424 23.669 22.4003 1.73128
425 21.626 1.33393 -1.21296
426 2.17448 20.2111 0.4512
427 16.4029 19.2937 -1.13367
428 32.7046 6.8108 4.38662
429 0.76198 5.91627 0.211765
430 18.7578 15.8638 -1.57585
431 7.79694 9.61798 -4.14492
432 14.5786 36.6196 1.91485
433 29.3577 20.6004 3.41098
434 6.24368 26.5924 -1.24631
435 24.1743 39.1068 -0.658289
436 2.58321 22.3683 -3.0395
437 10.9842 33.9623 4.4078
438 13.7322 23.1528 -1.2422
439 35.9938 21.113 -2.59441
440 28.1535 1.18382 3.7267
441 6.87458 39.1371 -2.25735
442 13.4477 25.5229 -2.14153
443 23.417 14.1622 -0.190764
444 10.0839 9.393 -1.88084
445 3.08399 23.9596 2.28864
446 20.7087 12.9314 -2.04186
447 3.25991 10.8386 2.45053
448 33.9204 31.7952 1.73585
449 9.45128 18.6811 -0.164066
450 13.8521 15.4016 -1.2032
451 2.80378 10.1388 0.530463
452 17.38 16.384 2.76577
453 4.76992 36.3887 1.41451
454 1.59617 7.12833 1.59208
455 29.4161 6.41571 -1.7774
456 17.4093 7.93151 -0.196098
457 22.1904 21.7855 1.57485
458 32.0461 16.5363 0.973221
459 11.9278 12.451 0.949661
460 18.2126 1.3719 0.904536
461 5.03421 33.9374 0.634483
462 29.4064 15.1192 -1.19202
463 2.36898 33.663 0.466073
464 31.7892 16.6613 1.56345
465 33.0006 16.356 3.22283
466 34.952 24.6442 3.94735
467 3.40577 36.1203 0.100932
468 25.7086 38.3747 1.81339
469 12.4761 27.5337 -0.142115
470 10.8091 15.915 -1.24647
471 0.954606 13.2326 1.78077
472 10.918 14.6761 1.83503
473 18.5413 10.132 -1.91358
474 8.30581 34.1499 -0.112682
475 33.0632 11.2767 -0.161562
476 20.8102 29.0778 2.01117
477 11.2883 31.7991 -2.89831
478 32.9757 12.0318 -1.89709
479 3.57419 30.9149 2.38781
480 32.214 16.3968 3.46099
481 22.5799 35.3185 2.98427
482 6.59204 33.8296 -1.60636
483 7.38097 29.003 0.743133
484 12.0756 28.5455 1.0738
485 7.62719 36.5793 0.984417
486 19.2006 28.3583 -0.0254463
487 31.9028 27.2616 0.353356
488 38.1763 8.62965 0.468846
489 19.2153 4.48018 -0.28633
490 7.46924 11.613 2.91029
491 19.8159 12.2117 1.82372
492 24.1908 4.69137 -1.8728
493 37.8646 23.7603 -0.133633
494 5.76717 16.3943 0.547173
495 31.6474 11.9156 2.52541
496 33.0419 19.9337 1.70107
497 3.17344 31.0251 0.193109
498 25.89 12.3105 -3.85492
499 6.17712 12.0104 -0.439106
500 5.43718 13.4427 -0.928579
501 30.7334 17.8019 -0.411623
502 5.71139 1.04594 2.2322
503 14.5571 22.3466 0.212762
504 36.539 30.7629 -2.80711
505 4.11542 7.37948 2.57501
506 30.2105 25.293 1.69015
507 25.287 8.84491 0.759456
508 38.1924 35.0447 -2.86501
509 35.1242 2.65684 1.80258
510 34.5393 0.771442 1.19547
511 25.5276 37.5083 0.353184
512 39.5664 35.1656 1.07018
513 17.0297 33.482 1.59664
514 12.3917 26.1959 -0.555639
515 20.4846 10.9859 0.538291
516 27.1112 39.208 0.623986
517 9.2429 3.17488 0.289673
518 23.3417 14.071 -1.35656
519 22.9185 11.5269 -2.1775
520 29.9844 2.01892 1.80611
521 33.6185 34.8214 -2.97426
522 17.2792 23.159 -4.52612
523 9.16879 21.3143 2.45102
524 38.4446 25.3934 3.92156
525 10.0453 15.5975 -0.504839
526 1.27306 20.2746 2.35072
527 15.9039 6.399 -1.63893
528 23.0433 5.39953 2.39989
529 33.4404 0.376033 0.785092
530 3.60674 7.41396 2.37472
531 29.9141 8.32598 -2.25414
532 20.2699 37.2199 -0.698764
533 20.1527 25.982 0.488066
534 18.5437 23.7836 1.92517
535 9.1952 8.69055 3.15207
536 33.5182 12.7674 0.953316
537 39.727 16.778 -2.03812
538 38.0771 39.3907 1.38419
539 4.33618 2.14316 -0.213476
540 38.0486 19.9813 0.272538
541 25.8969 22.1162 1.47002
542 38.708 32.0656 3.80822
543 9.47482 16.5328 1.31404
544 5.43721 36.8316 0.268579
545 13.6348 24.4892 -1.1349
546 36.5229 36.6983 -3.30916
547 4.1569 13.3222 -0.783388
548 38.0496 1.11194 2.60182
549 5.17758 22.4253 -0.548097
550 7.97825 29.8399 2.22047
551 20.9864 19.7734 2.32967
552 38.2414 13.4161 -0.421185
553 16.0996 28.0258 -0.650358
554 15.2118 15.4636 -1.34055
555 31.8497 15.924 1.93263
556 29.8755 21.5593 -1.92142
557 5.81702 30.045 0.908268
558 27.9232 2.57059 1.33423
559 25.8023 30.6871 2.76393
560 32.5396 16.497 2.32486
561 13.5996 24.8513 -1.33882
562 6.4952 25.7102 -1.81847
563 0.194943 16.6359 1.02638
564 16.817 16.0911 4.18268
565 38.4461 16.3197 1.38365
566 18.923 38.8885 0.0276205
567 26.7519 13.5223 -1.03755
568 35.307 9.28014 0.00520562
569 1.30335 19.7674 1.43228
570 1.74608 22.0567 -2.04176
571 25.9232 11.7049 2.87316
572 2.55984 35.8031 1.03551
573 18.9844 37.3314 0.534959
574 6.09066 21.0934 -0.584756
575 20.6769 19.2675 2.12654
576 6.03292 4.67194 1.31139
577 26.6063 31.9385 -1.53144
578 3.21978 38.9301 1.21547
579 5.67195 7.82623 1.86641
580 9.43 3.03968 -2.13804
581 5.25941 33.1185 0.627693
582 23.0508 26.4836 1.68316
583 23.62 36.9109 -1.39494
584 34.4665 13.5658 0.642515
585 4.51588 12.9014 -1.86809
586 29.4553 22.2737 -0.874943
587 29.9767 33.279 -2.45993
588 17.2191 35.9544 1.01072
589 22.5014 26.533 0.200739
590 9.80102 7.25562 -2.79129
591 6.94889 25.3072 3.33439
592 32.2748 29.4885 2.28136
593 14.991 27.4337 -1.95452
594 11.8873 3.80321 -1.24097
595 17.1064 27.3519 0.856307
596 34.8697 35.2438 -0.34411
597 26.4934 9.95604 -2.20402
598 33.4036 11.5773 -0.249071
599 18.5665 38.3016 -1.56558
600 3.50265 0.757587 -2.29595
601 23.0362 34.2721 0.443336
602 1.51342 17.5765 -2.97366
603 17.4727 16.6059 3.49495
604 38.7522 20.4102 2.42393
605 7.20527 36.5019 -1.0987
606 0.192201 27.3677 1.22268
607 6.49081 9.97107 -2.39637
608 3.4631 34.9821 -0.0526301
609 21.8194 37.9486 -2.95097
610 36.3282 30.681 -0.149483
611 35.685 20.1703 -1.3957
612 21.1266 5.94422 -3.45804
613 28.0051 9.90224 -0.840899
614 5.84779 9.90305 -4.39467
615 28.7669 10.2003 -3.55906
616 28.8912 15.6692 -1.87196
617 24.6533 30.6407 -2.31785
618 28.5842 2.11941 1.47945
619 22.9501 35.7645 1.55105
620 33.5484 33.9788 -1.00462
621 37.2005 15.4825 -2.28921
622 9.55077 32.3141 -1.96362
623 25.2591 13.5076 1.31278
624 0.37248 37.774 3.51847
625 21.8019 7.51673 2.48833
626 7.61018 33.8908 0.293411
627 6.79091 34.8812 0.764715
628 28.7639 8.61167 3.45107
629 28.7474 2.35595 -2.88405
630 31.0047 26.4958 2.20766
631 28.7667 38.2903 -1.89557
632 32.2269 31.0803 -0.00920866
633 29.8567 25.9655 1.98097
634 38.8698 35.1081 -1.11882
635 25.4979 25.3993 2.4912
636 25.537 6.68921 -0.315648
637 37.2532 20.3633 -0.620782
638 37.7702 28.0459 -1.27932
639 27.763 9.92262 -1.98866
640 6.56789 12.2224 3.1568
641 22.1402 34.0731 -1.52452
642 14.8708 39.236 -2.60211
643 21.3512 27.0272 -1.3001
644 16.5319 5.71502 -1.52382
645 7.84545 7.83925 -1.49571
646 12.0512 10.476 -4.48489
647 14.0405 14.6907 -0.422831
648 28.3138 37.6017 -0.885728
649 17.931 30.7548 -2.88597
650 30.3416 6.87177 -3.58639
651 29.5965 20.5166 4.13364
652 1.42672 36.8222 0.040779
653 14.1952 38.6975 -0.745273
654 22.268 14.7845 1.51814
655 38.1242 38.9297 -0.0857585
656 12.6948 12.5693 2.38305
657 27.9932 7.34864 -1.88488
658 5.11377 27.0934 -1.19921
659 26.8325 0.500971 2.03854
660 28.2199 14.7962 -0.933742
661 35.2789 18.8718 0.888528
662 27.5429 33.368 -1.14552
663 18.5146 13.2556 0.780166
664 30.4273 17.5691 0.325212
665 31.8257 2.61436 0.113454
666 35.7795 4.27989 4.16068
667 39.9194 34.1195 2.63731
668 3.18913 34.4536 -1.06541
669 13.3205 29.348 0.0466898
670 36.961 28.387 -0.596676
671 19.1059 36.7746 -0.665084
672 9.14761 25.5732 0.545048
673 37.2376 5.17821 1.73797
674 15.6692 19.8998 -1.30045
675 29.1611 19.7973 1.23221
676 28.3186 38.2744 -0.559224
677 34.8042 9.71249 -0.818124
678 23.9906 0.0329332 -2.35753
679 22.8474 15.0063 0.683615
680 8.41475 24.2725 3.97823
681 15.8569 36.9889 -1.96549
682 30.6331 1.61077 -0.180194
683 32.0063 15.9468 1.91305
684 4.76538 32.0793 2.58244
685 21.8902 27.9121 1.06546
686 3.52106 1.99229 1.0023
687 29.3902 7.65307 3.93447
688 39.9003 39.5263 -2.30724
689 14.4249 37.3341 0.00628858
690 14.5216 27.0554 2.80657
691 10.1214 34.2045 -1.55718
692 24.5631 14.5738 0.162176
693 38.7294 18.788 0.514304
694 24.7849 28.6526 3.50265
695 13.5733 32.1458 -2.52121
696 34.6013 27.714 2.48176
697 23.6781 11.083 1.58334
698 35.5889 8.86483 -0.144046
699 23.2873 20.4257 0.54914
700 4.75815 37.6913 1.42702
701 30.7032 5.87875 -2.53224
702 5.83882 3.67117 3.79347
703 25.9273 16.4105 -0.88477
704 29.6362 25.818 1.81133
705 3.75261 1.05925 0.493813
706 39.0673 35.8294 -0.49129
707 16.9377 8.05593 -2.42637
708 27.7102 17.6203 -0.836598
709 24.2743 39.3018 -1.1324
710 19.8982 28.8395 -0.951041
711 33.3621 33.564 4.28386
712 30.0114 14.5116 -4.52895
713 0.296743 8.37208 -3.42128
714 19.6272 28.9765 1.29952
715 35.3517 39.9962 -1.11843
716 25.6974 37.9772 1.54669
717 18.1518 29.2269 1.49198
718 13.166 29.0092 -2.7034
719 10.3254 34.6638 1.99796
720 18.267 30.4298 -2.35771
721 30.1617 38.0334 -0.145845
722 6.62413 4.04352 0.601804
723 16.4844 3.04551 -0.362954
724 10.0573 3.54685 0.213975
725 31.2192 10.527 3.19924
726 8.13072 28.022 0.870095
727 1.87414 30.3838 1.75259
728 36.7545 8.60887 -2.73461
729 19.9044 3.38946 0.0448182
730 24.7921 17.8704 3.28668
731 29.3649 17.652 -0.352333
732 18.2606 35.9395 0.33766
733 37.4207 32.3847 2.31175
734 26.5022 17.8928 1.31181
735 15.2053 18.1482 2.29351
736 23.5977 23.2658 2.2519
737 37.6961 31.9869 0.985646
738 14.9001 5.14462 2.60168
739 13.3114 29.8851 -2.901
740 29.0042 19.302 0.150693
741 0.360049 34.8295 0.918564
742 22.4058 14.0758 0.363563
743 18.9231 24.609 4.28581
744 31.5687 30.9616 -0.780804
745 12.9023 26.3808 -1.02888
746 17.7365 21.9918 -4.81064
747 14.1111 24.1411 -1.94826
748 16.3929 31.1928 4.26215
749 2.25443 5.36844 1.93518
750 7.91782 35.9384 1.01818
751 9.34031 38.0654 4.10784
752 2.53379 14.168 2.006
753 5.29662 22.212 -2.44508
754 35.1086 14.8165 3.10915
755 24.278 10.5378 0.980725
756 30.4049 9.22556 -3.52482
757 17.7339 18.875 -2.85461
758 31.8887 34.9684 1.69766
759 8.55403 29.858 -1.83154
760 30.8 35.4531 2.49857
761 17.3333 13.0623 2.76422
762 22.5831 29.8269 -1.44515
763 20.8937 4.25652 -0.164993
764 26.6516 7.86136 -1.03402
765 28.8637 25.3028 2.41041
766 12.2304 16.0999 3.15667
767 32.781 16.1611 4.40102
768 5.33754 8.68696 -3.5299
769 22.7476 30.2854 -2.4674
770 11.763 27.0189 1.3965
771 0.61237 17.412 -0.435348
772 15.3295 30.6911 0.953258
773 30.587 28.3671 -1.15805
774 0.653151 39.1736 -1.65973
775 24.7948 16.5935 -1.88535
776 7.59163 22.5427 1.43584
777 35.3151 19.9622 -1.57168
778 28.3278 24.7977 3.45855
779 26.372 38.8423 3.65271
780 39.7453 3.82893 -1.92829
781 30.0016 0.937158 -0.994693
782 11.4392 4.14931 -2.02478
783 22.3696 11.0349 -1.44924
784 27.7093 2.12143 1.83971
785 23.9739 25.6167 -0.965942
786 8.93329 26.2225 0.416303
787 27.6176 4.80051 0.742402
788 0.144736 27.7569 -1.51433
789 39.2198 17.0253 -0.801313
790 6.98965 35.7932 -0.676608
791 21.294 17.8291 0.127514
792 7.99873 29.152 -0.212547
793 18.0824 36.8171 -2.10765
794 18.3189 20.782 1.79199
795 9.96629 12.8847 -1.45192
796 17.751 26.6267 3.09077
797 4.56725 33.9414 -2.50384
798 25.6968 6.22723 -0.228074
799 17.9696 36.2681 -0.117827
800 31.1968 8.33886 2.45514
801 25.7168 11.2886 4.83044
802 34.8224 10.3389 -1.35631
803 6.10019 36.4554 -2.52161
804 0.0824766 15.7116 0.865532
805 33.2533 22.2378 -1.35819
806 6.88846 22.3286 2.60262
807 30.8205 5.66433 -1.90476
808 28.3251 25.6849 1.87211
809 15.4979 14.8167 -2.97329
810 17.4464 37.3039 1.07668
811 11.3423 28.7293 3.68258
812 16.7981 36.2998 -0.167968
813 33.843 1.84972 -1.82901
814 28.0203 32.1337 0.982338
815 30.5807 16.8471 0.733847
816 8.39673 33.6983 -1.98214
817 11.0844 31.9915 -0.937442
818 11.32 9.22757 -1.99817
819 26.4611 38.8622 2.66762
820 39.6825 39.3434 -1.22229
821 17.1621 11.6832 2.00597
822 8.17433 9.04414 -1.1359
823 39.4058 1.25826 1.75059
824 39.279 10.6106 4.20822
825 35.8767 27.3523 0.767894
826 4.99607 10.0633 1.93675
827 33.7239 11.8029 -0.559978
828 24.5525 12.0087 1.29373
829 14.8936 0.459226 -0.586358
830 13.5233 24.4604 -1.83169
831 14.7338 36.0128 1.4411
832 36.0692 26.7664 -2.84518
833 15.7431 24.643 3.67076
834 18.5341 6.68692 -0.987235
835 6.83757 33.2009 -0.247069
836 19.6178 36.291 -1.03546
837 38.3421 30.8622 0.111393
838 31.0536 12.1633 0.481
839 36.3318 24.4839 0.699483
840 25.7463 20.6662 2.18376
841 28.0807 38.3123 -0.984288
842 25.7846 31.0879 3.28091
843 14.7594 3.43783 0.421447
844 10.0076 13.5246 -1.9513
845 1.02189 28.2549 -0.74654
846 16.2458 35.7989 -0.0228525
847 0.870137 24.5429 -1.77832
848 25.9241 13.0236 -0.903897
849 7.77718 21.4348 -0.132775
850 1.076 38.9305 -3.68645
851 35.1831 39.1798 -0.566437
852 24.8415 28.8127 1.43186
853 30.8639 26.2621 1.58094
854 2.70479 35.2689 -0.0448817
855 19.1651 3.97493 1.4763
856 18.4959 29.5655 1.24844
857 6.93538 18.9485 1.43406
858 38.8538 27.3968 0.45305
859 18.0237 0.073203 2.68106
860 29.7439 22.1561 -1.25042
861 1.15993 15.3587 -0.79284
862 3.47216 35.4959 1.95059
863 13.7521 22.2027 1.32566
864 27.0339 11.7925 -1.86965
865 29.1898 25.4806 0.923906
866 28.3789 38.2506 -0.721742
867 14.9407 39.377 -2.65959
868 33.1961 24.9652 0.0732352
869 33.4273 13.5126 -4.76029
870 5.16221 38.0101 1.17186
871 21.2773 20.9425 0.731133
872 31.8558 21.3312 -3.56745
873 18.7483 15.1315 0.745357
874 34.44 8.48187 0.10478
875 1.74338 7.7544 -1.3362
876 2.02463 4.64327 0.800876
877 36.0482 0.326525 -1.33224
878 3.54882 0.519848 -1.51884
879 2.97814 34.3672 -1.92035
880 0.872024 22.687 3.26739
881 13.6368 22.6605 0.798347
882 20.2728 4.2197 -2.15453
883 2.42141 23.8991 2.48108
884 14.1594 17.9814 -2.39655
885 8.25275 12.2182 0.505272
886 14.6968 28.7693 -0.946308
887 34.9801 17.402 -0.997177
888 35.5669 34.4337 0.799742
889 4.38798 13.1639 -0.18752
890 23.7243 14.2359 1.05448
891 24.345 18.3736 1.58655
892 29.918 5.9109 -1.85391
893 29.943 27.2398 -1.76592
894 34.0817 35.0473 0.0485912
895 31.4633 19.1666 -2.70055
896 16.3982 36.6417 -0.244858
897 7.77862 6.29568 2.4083
898 18.8455 15.9446 -2.39511
899 8.18073 31.0456 -1.96622
900 15.2111 7.80829 2.31467
901 4.06534 36.8887 1.65882
902 1.32108 33.9701 0.331484
903 7.406 29.1876 -0.824286
904 17.7171 2.70026 -2.71038
905 18.7646 29.1336 -1.18748
906 26.3113 25.7334 2.35722
907 24.1822 27.044 2.26108
908 28.3973 38.2083 -4.23628
909 21.4417 6.44037 3.13463
910 34.3454 15.6525 -1.59502
911 30.0029 25.475 1.81096
912 20.9272 25.0242 0.75336
913 0.768554 22.2027 3.92597
914 9.03476 25.1113 0.588139
915 34.5293 39.3215 -0.329005
916 25.7955 21.7388 2.04511
917 5.82522 31.9707 1.01727
918 3.56833 38.6948 2.89429
919 31.3085 16.7008 2.84849
920 2.59126 18.8898 -2.69843
921 34.9335 21.8465 -2.22695
922 22.8092 12.1172 -0.708163
923 10.7506 27.1827 -0.512624
924 26.0469 38.4953 0.99132
925 19.7904 2.98368 -0.945156
926 23.536 39.4252 0.088577
927 7.22491 33.0445 -1.75531
928 34.9149 1.16949 -1.67404
929 37.5636 33.2488 -3.04954
930 14.2527 8.12204 -1.87485
931 24.1842 16.4413 0.21773
932 13.2702 25.2309 -2.99541
933 13.2108 8.89398 -0.895022
934 25.8119 28.6779 -3.60591
935 1.75965 4.18895 1.90154
936 4.18034 25.4105 1.07002
937 8.96035 39.9848 -1.04162
938 17.905 22.4158 1.25613
939 27.2544 7.97306 -1.62919
940 14.8136 23.2466 -2.82402
941 22.3671 21.7029 2.93761
942 5.63951 10.4303 -1.6001
943 10.6018 4.58617 -2.93712
944 38.5711 26.3903 2.4803
945 7.22613 3.12205 0.866075
946 19.3274 24.6446 2.25364
947 25.1104 5.73974 -0.147966
948 9.80406 33.4619 -2.97452
949 8.36579 6.83506 2.0326
950 32.8232 24.3172 -2.00087
951 24.5505 11.6895 0.930843
952 13.9357 13.8633 -1.37864
953 35.2068 8.5374 0.894983
954 3.6414 35.8664 -0.627571
955 39.2952 11.4724 2.18493
956 31.8189 7.38291 4.16452
957 30.8157 14.4247 3.52038
958 0.13818 31.0226 -1.19498
959 29.8251 31.9158 0.0732029
960 7.8192 5.74609 3.31414
961 2.24634 35.4689 1.20264
962 13.9606 32.2145 -4.292
963 12.8898 27.4041 0.236573
964 7.22704 11.8709 2.3693
965 39.2538 31.301 4.06184
966 16.3208 19.0849 4.08747
967 27.7372 37.2475 2.67957
968 34.5928 32.2231 1.05142
969 15.4608 38.8736 -1.23842
970 26.3715 39.5788 3.62241
971 1.18373 9.94662 -0.769902
972 6.42149 21.9294 1.11508
973 9.60115 21.0645 3.28462
974 27.9201 16.8942 -1.04596
975 13.6612 28.6738 -0.107285
976 6.49736 4.27769 2.22532
977 6.28806 3.26755 3.25714
978 14.6061 24.1561 -3.85302
979 3.02872 33.805 0.347628
980 38.5404 12.1157 -2.48255
981 2.21749 5.28613 0.432233
982 4.40666 2.63543 0.688847
983 23.5527 14.4407 0.869183
984 10.1274 34.138 -2.49752
985 6.4208 21.0134 1.93788
986 27.7257 16.7766 -2.29479
987 9.93751 8.04546 -2.80329
988 2.95135 36.0305 1.16738
989 16.7698 27.8297 3.76429
990 28.1734 22.9907 4.64686
991 14.8233 24.956 3.35611
992 1.10069 14.2543 -0.475972
993 7.06238 21.0182 1.01736
994 27.6334 20.4716 -4.59509
995 10.4231 22.9098 4.50656
996 31.2317 18.2599 -0.783389
997 36.3805 9.40954 0.990581
998 36.8944 0.714967 1.39501
999 31.2389 30.5979 -3.15031
