1000
Particles
0 0.0721651 1.34522 -2.3431
1 34.1582 18.9195 1.45349
2 20.1524 2.58272 1.42167
3 7.2561 36.4183 0.124349
4 15.0813 21.3536 -3.74621
5 23.0221 6.54367 -2.1796
6 28.8302 3.45969 3.00132
7 34.6205 17.5061 0.834605
8 7.8414 27.0146 0.140109
9 33.8825 20.733 -1.09166
10 23.8123 33.5617 0.440306
11 3.76398 30.7115 3.88429
12 35.0673 29.0949 1.12831
13 1.86108 7.51451 1.98575
14 28.2949 17.2311 1.08004
15 30.4429 29.5403 -0.727168
16 24.982 32.4306 -0.88995
17 30.1923 12.5232 -1.20534
18 30.9704 15.7697 0.993502
19 14.7026 20.7649 -1.2444
20 8.3863 11.5393 3.91768
21 36.787 2.01879 -4.12727
22 37.1995 20.7028 -2.24163
23 32.6789 17.5776 -0.201486
24 36.587 8.08676 -0.639783
25 0.901526 33.6993 -2.78162
26 18.3722 29.1795 -3.74424
27 14.4138 16.1786 2.7294
28 5.54845 30.2001 1.10351
29 32.0109 11.7166 -2.84615
30 19.6306 23.262 3.59912
31 13.1812 16.8998 2.22381
32 17.8145 9.30525 -3.65108
33 6.7671 1.3471 -1.63549
34 23.0989 17.5123 0.707748
35 28.5046 0.104836 4.67201
36 17.4089 38.1132 1.27534
37 37.09 23.6053 -1.51781
38 30.4922 35.8664 0.0936836
39 27.8853 14.7955 -4.0318
40 33.762 35.1946 -1.77185
41 16.8268 13.4471 -0.638967
42 36.0355 20.6625 -0.53838
43 26.2766 36.3904 -3.25011
44 19.9421 25.8558 -2.91871
45 4.85347 26.2076 -3.16971
46 1.75208 7.76247 0.544313
47 38.2025 2.19694 -0.744863
48 3.66847 37.0389 -1.62701
49 8.40631 30.7585 -1.12248
50 1.55583 1.31229 -1.39571
51 15.5258 0.600934 1.27369
52 34.8025 7.61505 -4.57164
53 16.2035 7.08925 1.38693
54 35.0222 27.4437 -2.14177
55 35.8716 16.6081 -2.49091
56 26.336 6.62537 3.19743
57 2.57764 30.2848 -0.67296
58 37.1722 21.3904 1.11348
59 2.62077 32.6466 -2.88436
60 8.22883 25.7152 -0.878799
61 16.272 25.8271 -2.16948
62 31.036 37.9847 -2.88682
63 9.70283 14.1111 1.62732
64 36.9385 28.4832 -0.79563
65 12.8247 39.1771 -3.02643
66 11.6096 14.7356 -0.235758
67 25.6147 21.5341 -3.21135
68 10.9754 6.14126 1.1024
69 13.3534 2.77476 1.01137
70 4.7622 34.0679 2.38134
71 13.8831 8.1179 -0.979584
72 6.04142 16.1415 1.99626
73 19.7966 27.9768 0.574236
74 6.27876 1.20523 3.67957
75 3.17522 33.6755 -0.870102
76 16.1762 7.75914 3.86377
77 7.84492 23.6459 0.0231278
78 37.7358 29.4598 -2.3248
79 39.6725 2.71772 -3.49029
80 37.578 4.2066 -1.49797
81 4.32022 27.1796 0.245543
82 14.1399 10.767 1.10819
83 18.5803 25.2983 0.655262
84 15.9669 14.9068 -4.53887
85 1.02079 19.2322 0.429249
86 19.4305 6.46585 1.89353
87 18.9781 36.7043 -1.99867
88 4.15756 37.5082 -4.03784
89 3.74658 0.339864 -2.54845
90 34.2525 35.5739 0.0298062
91 20.1782 12.5629 1.63487
92 16.5144 20.5675 -2.47122
93 16.4445 9.04253 2.36077
94 16.1993 15.7657 0.330095
95 19.3389 2.19044 2.93915
96 13.7416 29.6259 -3.37927
97 22.8748 37.4115 -1.22457
98 39.4209 22.0615 1.79801
99 11.6602 36.683 1.49935
100 31.9712 18.3804 0.588752
101 19.4248 23.8717 0.849881
102 21.6129 34.2531 0.525683
103 9.22907 0.568109 -0.785096
104 26.5306 3.8347 0.212854
105 21.7929 30.1777 3.95251
106 34.9199 10.2546 2.81154
107 19.1919 23.9911 2.54433
108 23.2973 10.596 0.987169
109 39.186 34.9093 0.964282
110 15.3009 1.27374 1.15175
111 4.45639 29.6881 3.02186
112 33.3947 38.0254 -1.71131
113 36.8404 20.8795 0.364544
114 2.03913 25.6844 1.73395
115 31.38 20.9221 1.73528
116 23.9674 29.6433 -0.49125
117 23.9017 32.0936 2.06734
118 24.6581 1.79207 -2.60797
119 35.8816 19.3067 2.87967
120 31.0344 30.0366 -1.53385
121 25.8098 14.6574 1.85446
122 39.3774 15.8467 -0.329264
123 8.02874 23.3409 -0.0255028
124 14.2433 39.5088 -2.58035
125 28.1264 38.0749 -1.82473
126 30.1285 21.3773 1.93783
127 0.583122 2.49313 -2.01209
128 35.0254 8.86174 -0.149797
129 3.38505 13.1924 2.66106
130 35.4984 2.85091 0.814599
131 32.0707 27.1583 0.0274823
132 21.3988 39.2075 3.63608
133 33.2923 29.1736 2.2106
134 6.73272 28.3155 -3.22425
135 13.8262 2.2204 1.54766
136 28.6152 5.92598 0.760391
137 29.7868 34.6304 1.20705
138 12.125 22.73 0.553595
139 16.6704 1.07796 -0.0849852
140 23.1724 33.2712 1.38499
141 34.9694 31.2798 -0.0643933
142 27.1616 39.1368 1.86204
143 17.9996 26.4075 -1.64563
144 6.93546 25.1751 2.59475
145 31.4971 20.7754 1.36232
146 31.8494 8.86046 0.484756
147 35.8431 38.7807 -2.67924
148 37.7148 10.3535 2.29436
149 16.8183 24.4687 3.76291
150 19.7414 14.866 0.153054
151 37.4519 36.0397 1.27714
152 17.667 10.5792 -2.84571
153 21.3219 1.58853 -4.46159
154 28.4762 35.0975 -1.9234
155 34.1617 28.6949 0.297876
156 35.7662 26.9246 1.30923
157 13.9516 14.1904 -4.19746
158 14.8841 29.4704 3.04188
159 15.132 26.126 0.91625
160 5.3505 15.2243 3.02987
161 12.9648 22.7604 -1.96713
162 25.244 33.117 -2.09918
163 7.69938 5.45936 -0.138174
164 13.7067 0.774703 0.972608
165 26.8622 7.2506 -0.236586
166 34.7466 6.86082 -1.04139
167 8.8286 0.368773 -2.76382
168 37.4051 20.9788 0.136715
169 3.94791 33.2931 -0.522951
170 2.29609 37.2742 -1.2442
171 22.6785 1.46623 -0.745081
172 38.5077 20.6475 -0.186736
173 23.7416 32.7114 -0.364609
174 14.6291 34.7989 -0.180812
175 3.24007 9.83007 2.29763
176 19.776 22.582 -1.70038
177 15.9974 7.81424 3.30532
178 23.115 17.6739 0.785305
179 27.6395 10.8978 -4.01426
180 15.9251 9.56562 3.05209
181 36.4251 29.5185 -3.77881
182 20.9298 12.6293 -0.681722
183 5.25318 23.0297 0.422302
184 30.6494 37.3875 0.183837
185 14.0835 10.728 3.00783
186 25.1594 2.7081 -3.1797
187 7.85917 0.290463 0.358045
188 19.943 17.6735 0.386101
189 11.1191 25.7244 -2.64767
190 27.085 22.8272 0.0450169
191 10.323 31.3029 -1.09328
192 35.512 3.19742 -0.0935185
193 29.4311 17.6524 -2.38027
194 17.557 26.3899 0.121323
195 13.8885 21.1446 1.9419
196 27.5669 37.4245 -0.312091
197 17.6879 35.9605 -2.2193
198 31.4528 19.3099 -2.60908
199 10.1148 11.4304 -0.805046
200 35.1673 39.0762 -3.77225
201 36.7038 19.7966 -0.273005
202 18.9669 20.0059 -1.25192
203 25.0524 15.9296 1.05603
204 31.8794 34.761 -1.59577
205 35.2289 32.501 -1.49803
206 13.4803 2.07568 -1.45668
207 37.2889 30.8262 -3.95591
208 33.8097 24.1154 0.368344
209 7.16511 31.0011 -2.90149
210 8.41121 23.5547 -1.15136
211 36.7946 20.5767 0.285484
212 37.1226 31.8278 4.13292
213 1.48241 6.86457 1.58539
214 34.3911 23.3508 2.15354
215 34.3323 26.0586 -4.74614
216 29.9062 21.2808 4.22174
217 6.7213 8.25088 -1.47482
218 15.2086 17.3457 2.12558
219 23.9899 4.95892 1.60014
220 13.5465 4.78082 -2.07915
221 23.5522 10.6585 -0.246391
222 36.2201 31.2728 0.235081
223 19.2241 34.3674 -0.512688
224 6.16857 28.2967 -2.83631
225 30.1966 10.1248 -1.92065
226 0.724906 21.9574 0.588135
227 7.70799 5.14455 1.11594
228 21.8956 6.47594 2.06047
229 38.498 20.3365 -0.75465
230 29.0509 9.24119 -3.5573
231 16.6781 22.2954 -0.275321
232 33.9013 10.8637 1.72322
233 38.5831 11.0956 1.67989
234 6.17901 38.6378 -2.47031
235 39.2579 9.24887 1.67994
236 7.72926 37.9738 -0.372564
237 13.9584 25.451 1.2442
238 12.2543 12.8102 -0.426032
239 34.9056 10.8411 1.34653
240 21.876 21.4776 2.50796
241 17.8582 28.784 -2.16192
242 0.865828 5.03067 -0.316599
243 25.1012 38.7616 1.42752
244 0.0774499 18.4388 -0.65381
245 21.5327 1.02136 -1.8238
246 32.4145 9.30788 -1.60436
247 6.24889 0.984459 -0.225177
248 4.36517 22.3598 2.03701
249 19.7127 32.2728 0.866232
250 11.8943 2.42743 -0.317361
251 1.29362 7.608 0.928114
252 32.6905 16.9878 0.691665
253 31.5375 14.2988 1.39862
254 38.2621 38.9746 2.41601
255 25.6169 23.2783 -0.314173
256 3.25844 4.17673 1.49003
257 30.2616 19.7415 -3.54641
258 33.0906 36.5805 -1.47187
259 32.6705 16.122 -0.782762
260 6.57337 12.0572 0.4785
261 24.841 22.546 -1.66774
262 25.7335 32.1968 -2.62738
263 1.01248 2.18567 -2.52661
264 7.15971 25.1734 2.62394
265 2.28593 21.5724 0.388996
266 38.5477 10.6604 1.41746
267 1.75781 26.9401 2.99404
268 1.9113 26.224 0.530972
269 20.3417 37.3375 0.543214
270 4.38327 9.59674 1.40375
271 32.2213 11.0942 -3.19601
272 19.7118 17.3948 -2.19127
273 26.7844 35.6981 -3.98217
274 11.1846 5.29878 4.65568
275 5.58029 20.8612 -2.64896
276 27.1911 17.9599 -0.895487
277 8.2788 25.1952 0.832189
278 7.26605 7.75672 2.93045
279 4.75753 22.9488 -0.204718
280 3.59394 22.6454 0.514108
281 24.4164 15.7443 3.08176
282 14.7159 18.357 -1.29312
283 20.1934 37.3183 1.58166
284 27.6095 22.798 3.135
285 38.2992 34.4259 -1.37253
286 34.6483 5.97418 -2.87834
287 9.54339 18.7775 -0.41744
288 4.76928 37.7907 2.20175
289 12.9647 33.0713 3.77586
290 36.0576 26.6621 1.44653
291 13.6367 13.0494 -2.98217
292 38.2026 21.9732 -1.45917
293 2.70447 3.48968 -2.292
294 31.9977 28.1463 1.63545
295 17.0089 10.1395 -0.805443
296 28.9269 25.9011 2.98847
297 0.31048 28.3883 -2.92153
298 23.8344 35.5323 1.38087
299 18.457 30.9059 0.523357
300 26.2579 6.11494 -2.11243
301 32.9023 23.2899 0.319272
302 18.452 36.2095 0.931648
303 9.01103 25.2458 -0.277655
304 6.4271 22.1355 -0.473694
305 5.09861 24.1874 -2.20773
306 31.4605 13.9449 0.681808
307 9.22132 12.7268 1.34192
308 2.82319 18.0507 1.7037
309 14.2406 34.1074 0.625145
310 17.7477 22.6136 2.25247
311 25.797 6.78053 -0.452637
312 36.9656 38.8573 2.91643
313 31.2991 1.72166 1.48433
314 15.7856 3.71323 -0.28498
315 36.9913 31.3387 3.33743
316 37.7492 34.639 0.212499
317 32.4535 30.8473 -2.03
318 22.8592 19.4287 3.30919
319 3.26476 36.7852 -3.02732
320 3.90817 22.5152 2.07784
321 29.5128 3.60205 2.96382
322 5.32356 32.1207 0.272755
323 20.4644 32.9461 -1.03741
324 27.9954 15.6095 -0.342506
325 7.99176 24.923 0.494044
326 3.72075 10.4799 0.462809
327 19.5566 36.3988 -1.75972
328 18.6564 26.1447 0.279445
329 3.61197 21.6749 -0.476032
330 3.77866 13.1275 0.640845
331 12.3784 35.5115 2.96581
332 30.8446 14.8395 1.9031
333 19.4661 18.2151 0.585627
334 14.1882 8.1784 0.334209
335 8.03782 0.482008 -2.94204
336 19.0689 34.3956 -2.44765
337 8.65358 17.1906 -0.619613
338 15.8484 27.1466 0.447833
339 1.42963 32.0182 -0.865961
340 4.08796 24.3957 -1.75647
341 32.8558 29.6744 3.79221
342 10.0239 10.7485 -0.148141
343 9.25491 12.675 1.70941
344 12.3648 0.426535 -2.12319
345 35.7484 27.6767 -2.43992
346 16.4397 6.88984 0.345265
347 5.47703 38.5698 -4.33075
348 6.8326 20.9123 -0.702487
349 14.7091 18.2612 -1.02723
350 6.99844 14.7226 2.64956
351 9.86604 24.3102 -1.01287
352 29.3996 26.3797 2.6591
353 26.134 3.37073 1.45616
354 36.0883 37.8717 0.356162
355 19.8933 21.5464 -2.7925
356 26.2971 30 3.73583
357 12.0935 27.1691 -1.69995
358 11.4217 14.8764 -2.73941
359 33.659 25.9061 -2.08446
360 29.8471 24.1334 -2.91861
361 28.7898 31.7275 -1.2107
362 36.792 24.5113 -4.14407
363 38.6519 9.03543 2.34323
364 6.55381 13.9787 0.160279
365 7.39008 0.482619 -0.629955
366 14.4783 3.01489 -0.551619
367 12.0685 0.644775 -0.56013
368 25.132 5.80531 1.53773
369 19.6601 34.0887 -0.71163
370 18.6748 26.0022 -0.890669
371 22.2188 19.4511 1.60432
372 24.0497 24.2542 1.62524
373 15.5688 9.43833 0.543823
374 10.6642 19.0507 -1.86808
375 13.6591 12.076 3.16557
376 3.81117 28.85 1.61218
377 2.55071 4.41295 1.49273
378 13.5469 2.61672 -0.783888
379 33.6027 27.7501 0.312206
380 35.4959 31.4596 0.945505
381 11.8356 33.722 -1.21392
382 1.8655 18.9859 -0.349411
383 15.5489 33.0747 4.89803
384 26.2597 3.27226 1.64604
385 17.1159 13.8815 -3.02474
386 22.2032 4.93804 3.32284
387 6.72767 3.78323 1.13374
388 33.9049 23.2482 0.600681
389 4.00271 4.18179 -3.53373
390 33.1838 28.0307 0.60137
391 14.5384 13.5083 2.01988
392 21.377 27.6549 1.60962
393 18.385 7.66031 0.364876
394 29.0058 37.8627 -1.19071
395 32.9647 15.3773 -1.84514
396 2.98014 5.26784 -0.274968
397 1.62958 2.24761 -3.29064
398 3.42142 30.1893 3.22911
399 35.5705 18.9865 -4.81533
400 3.71765 38.5085 2.19981
401 21.4354 37.0299 0.912451
402 36.0117 8.90367 1.25059
403 1.41069 27.8685 -1.38419
404 25.5481 29.9573 2.01533
405 3.1134 22.6528 1.06074
406 25.0897 1.32083 -2.7943
407 37.5608 39.0645 4.38609
408 7.106 12.7804 -4.24357
409 13.7428 5.11366 -4.0241
410 23.6773 23.3877 -0.872698
411 17.6126 23.0766 1.28151
412 1.24258 4.80165 3.13933
413 16.0765 11.7122 1.87472
414 3.26473 14.4534 -2.89539
415 15.37 27.0233 0.662929
416 21.4604 36.3502 -2.30766
417 3.57886 3.60165 2.11979
418 30.2314 24.5423 -2.5103
419 21.2961 10.2958 4.14241
420 20.7407 38.9869 1.34409
421 5.20728 16.1618 0.134041
422 9.76417 9.45403 -1.36187
423 29.2036 9.03135 -4.08565
424 25.8566 21.776 -0.97074
425 22.3128 4.63184 2.74739
426 13.054 23.0337 -0.170272
427 17.0234 16.9296 1.55382
428 3.65179 9.69802 2.54289
429 3.71541 11.3062 0.308286
430 19.8311 17.2595 -1.05183
431 8.43645 8.83709 -1.1305
432 21.3282 34.7869 0.243609
433 29.4477 26.2597 2.93404
434 3.42531 24.5529 -1.70108
435 28.314 37.212 -4.28009
436 37.6795 26.8905 2.06699
437 11.121 37.3156 0.822587
438 6.41454 20.5251 -2.35103
439 34.291 19.1334 -0.56297
440 27.0173 2.83638 -1.68461
441 11.6686 3.20481 -0.533656
442 15.4372 25.4346 0.387055
443 19.0716 16.8495 -2.4141
444 9.46085 17.1308 -1.28322
445 5.67785 22.7761 -0.269401
446 17.6482 8.90481 -3.58956
447 1.7005 7.76375 1.69902
448 34.1843 29.1671 2.7918
449 16.5018 16.0023 -0.527619
450 10.3579 20.7017 0.610745
451 35.0198 7.81098 -4.61178
452 17.2603 10.4602 -1.41868
453 6.51872 28.4647 -2.58682
454 37.5831 7.59927 1.70657
455 31.454 5.12053 2.18905
456 9.31745 8.6793 2.32309
457 25.1491 18.6442 -0.366116
458 33.6665 17.9753 1.58896
459 11.4725 9.01999 3.9265
460 7.56841 2.83155 -0.676849
461 9.7875 38.9055 -0.938938
462 25.6588 16.4714 1.96712
463 2.30466 33.9031 -0.133708
464 33.1631 17.779 1.35315
465 31.7291 17.0717 -0.0433816
466 35.4254 20.478 -3.51689
467 5.12285 37.44 4.25712
468 28.9706 34.7923 -0.140151
469 15.1848 28.871 -1.69409
470 9.88455 12.5222 0.924217
471 37.1664 16.0708 1.83717
472 13.2703 15.2802 4.37291
473 12.8535 0.505171 -1.59979
474 5.64931 36.1249 0.724173
475 30.0608 5.69701 4.07231
476 21.8876 31.573 1.94928
477 14.5561 32.332 -0.109096
478 34.6379 18.3175 1.46403
479 2.56229 27.8989 1.75257
480 34.2493 14.5903 -3.69207
481 26.9518 38.8873 1.07875
482 9.44838 30.6141 -2.41098
483 13.348 32.0839 -3.38998
484 8.63208 38.1964 2.67348
485 5.63797 38.7714 -3.54137
486 17.8774 26.7808 -0.57687
487 29.1008 30.4161 0.796149
488 36.9901 7.31253 -1.56342
489 19.1981 2.05801 2.3711
490 2.57363 1.42051 -1.59078
491 14.4635 11.3715 1.02648
492 25.353 1.08507 3.41399
493 3.88576 26.6727 1.05343
494 8.42663 20.0513 0.488553
495 32.7039 15.9483 0.242894
496 33.1545 17.6686 0.996664
497 4.37999 29.8912 2.87053
498 16.7931 16.5427 0.311815
499 9.94264 19.1846 1.28851
500 6.39137 15.893 1.77755
501 28.4892 15.5493 -0.817677
502 1.30475 4.61655 2.84988
503 17.5677 25.3979 -0.783173
504 35.5725 32.0913 -3.73334
505 5.49634 1.76784 -1.75029
506 29.2522 26.7358 3.46373
507 20.8134 10.6414 1.38337
508 2.11976 27.2839 2.96525
509 29.01 39.1518 -4.55174
510 31.475 2.39222 0.767546
511 22.6308 30.9196 0.642304
512 38.6199 32.8726 1.35127
513 18.503 34.0179 -0.125433
514 12.0337 25.2731 -2.08747
515 17.1079 14.1213 -3.60299
516 22.7685 1.91218 -0.54184
517 14.2584 8.01688 1.3588
518 16.5612 13.706 -0.685685
519 17.997 14.8981 4.12277
520 37.2625 8.56268 -0.475941
521 35.5693 28.2568 -2.81524
522 21.5058 22.8355 0.360948
523 11.0497 18.6237 -1.71348
524 4.62065 23.4913 -0.383709
525 7.77073 12.3596 -2.32781
526 2.08037 21.7523 2.43903
527 13.3251 2.53859 0.552753
528 22.708 4.36764 2.69747
529 27.3621 4.26797 -3.13951
530 37.3285 7.60609 -1.67263
531 27.5405 11.1403 -2.33121
532 22.1439 36.4069 -1.16904
533 24.1277 27.4771 -1.11312
534 13.0166 29.1706 0.667444
535 5.9453 2.19205 -2.70213
536 32.7868 20.2641 -0.117339
537 0.396019 19.412 -1.31252
538 4.11876 37.7862 2.72237
539 1.56183 4.45012 3.06838
540 31.6139 28.03 -0.742289
541 27.1277 20.9013 -0.989034
542 39.358 27.325 1.2774
543 9.94065 13.9471 1.3682
544 6.17077 2.28086 -2.58442
545 13.4443 22.9418 1.29976
546 3.19588 33.7551 -1.69085
547 5.188 19.9534 1.78711
548 39.3651 32.2245 -0.248119
549 1.9468 24.2834 1.04463
550 6.16313 32.0258 -2.10394
551 19.5575 19.4289 -0.952325
552 0.556831 7.87541 1.01691
553 18.3255 24.0905 3.53681
554 16.1005 5.09573 -0.279314
555 35.976 15.9577 1.43009
556 30.5509 19.4709 -2.46772
557 9.16549 25.5286 3.06968
558 33.9048 1.66998 -0.652776
559 25.4688 31.8366 -0.570717
560 30.669 24.7207 -3.9642
561 8.62148 22.8758 2.47036
562 8.42114 23.9737 1.48352
563 3.04889 17.1964 -1.10374
564 12.8541 23.7506 2.67759
565 0.404035 17.5283 -1.01839
566 20.0504 34.3576 -0.644384
567 33.4769 12.1934 -1.44731
568 39.3796 7.84556 0.84225
569 2.1416 19.5707 0.455193
570 7.35658 26.1094 1.57582
571 19.2037 11.9561 0.690845
572 36.6486 32.3886 2.46184
573 21.5036 0.606661 -3.15435
574 13.1474 21.4775 1.81675
575 17.7169 20.2868 -4.85168
576 37.8143 5.33201 -4.69023
577 24.2043 29.3304 -1.70401
578 3.07881 34.9259 -2.87696
579 7.59585 7.34742 3.47006
580 6.51359 28.2152 -1.18645
581 7.09312 29.0211 -4.26102
582 24.1765 27.1792 0.040198
583 25.0689 1.8879 -2.42273
584 35.3608 9.65065 3.48345
585 5.94845 19.9349 0.162798
586 24.6096 23.0509 -1.88901
587 32.6167 33.7544 0.373541
588 21.3439 34.2831 0.556749
589 28.2042 23.505 -0.151217
590 5.20406 2.9816 0.823749
591 2.95242 21.3154 0.489448
592 32.3249 27.3234 0.384267
593 20.3489 24.2639 -1.11757
594 7.49641 2.45665 1.13582
595 24.808 19.0069 -2.04129
596 37.9206 33.7865 0.319441
597 30.0696 8.73766 -1.85425
598 35.8269 10.1169 1.05646
599 14.0264 33.2789 1.48076
600 7.08346 0.313582 0.98755
601 20.1931 35.7265 3.38091
602 5.58274 19.9882 0.785884
603 19.3187 19.5521 0.355548
604 34.1967 23.3336 -1.79407
605 6.26902 38.1365 -0.648992
606 4.56953 29.0544 0.45995
607 1.33693 10.5237 3.04317
608 4.22552 2.31394 2.752
609 26.6231 38.4239 0.988255
610 34.1301 23.9072 -1.52176
611 1.70971 24.9037 2.82275
612 19.2737 11.0782 -0.0646903
613 24.3787 12.278 -0.593176
614 39.6529 8.47321 0.71242
615 33.3831 10.1692 2.05595
616 32.5911 14.6206 -1.8599
617 24.4668 32.4826 -0.455524
618 1.16163 0.963027 -1.41669
619 25.9585 33.0428 -0.452869
620 35.9993 33.0018 2.94947
621 25.9805 15.6705 2.8758
622 10.0101 1.26655 -1.97582
623 18.6497 11.0071 0.154835
624 33.3517 3.38669 -0.708865
625 16.397 9.66563 0.736504
626 5.41421 38.5171 -0.876568
627 3.98875 33.0821 -3.36174
628 20.9937 10.9268 4.03678
629 30.2626 3.58187 2.59743
630 35.4284 30.5282 -0.869713
631 28.6585 37.2524 -0.557069
632 30.6524 30.3561 -0.981285
633 35.4653 23.351 -0.0746725
634 38.1434 1.02272 2.01208
635 24.1776 27.1326 -2.07151
636 20.2628 4.75063 -0.761654
637 1.68752 24.6 2.03858
638 33.4856 25.9037 -2.91931
639 32.5587 6.90702 3.54956
640 5.85608 20.1365 0.545075
641 23.4036 4.73939 1.0132
642 18.0203 37.7926 -1.20507
643 24.5458 26.3409 -0.100621
644 13.2413 4.90139 -1.54105
645 5.93744 11.728 1.2638
646 9.97839 9.56728 -2.69399
647 11.3724 15.9521 -1.0813
648 32.2808 34.4805 -2.28515
649 20.3483 22.1884 -1.96337
650 29.7987 13.597 4.2467
651 25.3229 21.0141 -1.52625
652 2.96078 0.78605 0.545015
653 7.90621 2.67458 1.27447
654 21.6013 12.5625 -0.282716
655 32.7641 35.9572 -2.6382
656 10.9049 12.1077 -1.22342
657 22.3322 5.40955 -3.19691
658 9.46065 27.5709 -2.00366
659 31.3533 39.1836 -0.578947
660 26.1687 14.866 -3.45047
661 37.0447 17.5338 -0.176691
662 27.9803 30.5083 -2.74166
663 17.4792 22.1319 3.49916
664 31.0473 14.6841 2.07352
665 32.2635 39.2989 1.79427
666 28.5229 38.6761 -2.91264
667 39.264 34.9025 2.15957
668 8.91814 34.298 -2.226
669 15.3687 27.8323 3.84492
670 37.2488 26.3385 1.03614
671 26.5473 38.7003 0.0470292
672 14.1822 30.2429 -2.53305
673 36.0708 6.21513 -2.08686
674 12.1019 17.9245 1.25517
675 28.6154 15.6726 -2.23596
676 29.6032 39.7091 3.34011
677 31.095 16.3412 0.0575936
678 30.253 37.6811 -0.784141
679 21.145 20.2628 0.494836
680 15.8698 26.845 1.18551
681 13.0179 39.5867 -1.20572
682 30.7531 35.274 -0.184792
683 31.5862 22.8071 -0.733699
684 12.067 36.7618 2.14893
685 24.8623 26.3254 0.102471
686 2.19101 2.57662 -2.88724
687 22.1467 11.1978 -1.82895
688 31.7975 3.73104 1.38315
689 12.6131 35.6449 3.05543
690 19.6644 29.3354 -0.39609
691 16.6209 29.7638 -1.27175
692 26.1782 13.9974 -3.96077
693 37.3494 15.7898 1.97372
694 25.7982 34.43 0.305176
695 15.6368 28.114 3.73438
696 35.0135 29.542 0.72925
697 30.7964 8.11647 1.00406
698 32.9574 14.3204 -0.302737
699 21.7701 19.6331 1.77994
700 3.45218 2.75406 -1.06795
701 29.7611 2.83553 1.92817
702 38.2734 4.48162 -1.15505
703 33.7441 16.2587 1.38492
704 28.6583 29.4021 3.21161
705 2.33049 34.5783 1.57385
706 35.015 33.7947 2.77741
707 9.91168 7.82605 1.39463
708 29.2041 18.0483 -0.267392
709 24.1162 5.4026 2.68564
710 18.4847 28.907 -1.95193
711 35.2548 29.6105 0.410048
712 29.7134 13.8037 3.43616
713 35.8892 9.8741 2.38883
714 27.1682 27.8557 -0.316845
715 1.11834 3.99347 3.78257
716 21.0345 36.7424 -1.93746
717 18.0285 26.9074 0.7527
718 14.1203 30.0539 -3.77318
719 8.01106 35.8067 -1.16383
720 16.464 23.1368 -0.0247539
721 27.4254 34.7745 0.369153
722 2.64103 2.74838 -2.88137
723 18.8923 37.7304 -0.133215
724 13.0507 2.66274 1.26989
725 27.3359 5.32428 -4.48377
726 6.7636 28.304 -3.08716
727 4.78625 28.079 -0.477236
728 6.24486 12.0539 1.70113
729 19.8635 36.7469 0.417709
730 17.7458 10.1197 -2.7577
731 33.556 19.6355 1.24906
732 26.608 36.2885 -3.15185
733 35.2116 20.6879 -1.70983
734 23.622 12.5279 -1.02028
735 20.0454 21.0246 -1.10847
736 23.1308 30.7906 0.32091
737 34.1896 29.6264 0.42568
738 14.7661 8.42188 -1.84506
739 12.5047 30.9979 0.696684
740 0.13629 18.6708 -1.37761
741 6.63495 32.4585 0.338959
742 23.5293 15.6903 -0.218964
743 19.225 25.6871 -3.24611
744 33.7345 23.593 -1.87982
745 21.5848 33.2388 -2.7262
746 15.4238 13.0008 4.79158
747 17.6692 24.1203 1.33971
748 12.9373 24.8867 3.95893
749 3.27986 4.10083 3.14409
750 5.50764 29.0626 1.36266
751 7.61592 0.23613 -1.42368
752 33.3397 14.6908 -1.97447
753 6.0833 20.5788 -0.9801
754 30.4499 22.0964 2.39703
755 24.0695 6.20878 -0.495981
756 38.2511 8.45925 1.48882
757 14.0953 22.8611 -0.013431
758 33.1842 23.2593 -0.908918
759 10.147 28.4514 -1.93382
760 32.9139 0.58391 0.0122192
761 12.6801 16.4091 3.28386
762 22.7822 25.8583 3.23858
763 15.373 1.08327 1.70021
764 27.74 2.70434 1.54469
765 27.7161 27.9361 2.6126
766 9.68813 16.9435 -0.747991
767 32.5423 16.4324 0.33912
768 5.46255 16.6421 -0.122667
769 21.6014 28.0136 0.857364
770 9.7596 25.0223 2.45812
771 3.15163 21.7333 0.232199
772 15.0248 32.7927 -4.48099
773 35.8396 30.248 -1.50233
774 37.4734 36.827 1.38803
775 15.1504 13.5342 2.50573
776 13.9669 21.6311 -2.2017
777 4.48779 22.3767 0.53563
778 30.3935 26.4047 2.91153
779 18.6529 1.99975 3.65174
780 2.18751 1.93495 -2.10429
781 31.7856 4.37295 1.72627
782 10.9356 6.33897 2.42619
783 15.4983 5.89041 -0.15016
784 30.3732 3.29758 2.8242
785 23.5558 20.2148 1.37752
786 5.42991 23.0615 -2.6319
787 30.4483 1.07161 2.1682
788 2.7408 33.925 0.30228
789 38.5295 11.4914 1.67837
790 10.4125 28.0478 -1.17632
791 16.1213 18.3237 1.33046
792 10.6683 26.5901 -3.4704
793 27.0176 1.35936 1.75317
794 23.7119 23.046 0.863546
795 9.17568 9.0443 -2.18277
796 18.8995 24.8456 -1.74975
797 5.77069 28.1225 3.63559
798 28.8613 6.26409 2.39881
799 27.915 38.7817 -3.86831
800 29.3162 11.1404 1.99635
801 23.3608 15.3134 -0.349376
802 36.0838 16.0144 -1.30922
803 7.63569 0.37122 -0.614196
804 6.19198 18.7026 -0.857893
805 4.56744 22.5003 0.588181
806 13.5355 24.4178 0.832703
807 24.7507 8.70984 -1.35254
808 25.28 21.2507 -3.00351
809 19.608 10.0698 1.49802
810 14.2077 39.7699 -2.97215
811 15.1354 27.0466 2.37019
812 8.95264 39.928 -1.38791
813 3.81481 6.60866 0.455466
814 26.4471 38.1721 2.26514
815 34.6472 22.7663 2.94098
816 18.0485 35.8495 0.273029
817 16.0899 38.9707 -2.93957
818 7.46727 14.1732 2.6471
819 24.5967 5.42412 4.68422
820 33.9005 0.311803 -4.45678
821 14.3225 8.87408 -0.701531
822 8.25512 7.58734 2.16337
823 31.5847 1.02373 2.69276
824 39.0264 17.5257 -0.85546
825 35.2262 28.8165 -0.174986
826 2.8619 16.4763 0.935753
827 1.17433 15.194 3.1692
828 20.5917 12.0325 0.673906
829 18.2604 33.2379 -2.65427
830 12.8728 24.2338 4.19726
831 8.53331 39.6888 -1.26662
832 28.9652 29.3311 0.765324
833 14.8797 14.7456 2.68609
834 15.9343 8.91774 3.28589
835 4.88662 26.9344 -0.0274231
836 22.3706 29.1642 -1.47339
837 33.4019 28.0485 0.643707
838 25.7017 6.06744 -2.1059
839 2.48112 24.5248 2.12007
840 25.8009 8.72486 -0.536663
841 30.8668 35.7062 1.08953
842 22.6797 30.7315 2.46213
843 8.00448 1.99921 1.25355
844 6.20048 20.8493 0.903122
845 1.73108 25.4004 3.07951
846 17.8796 32.9563 -2.03743
847 3.35628 22.2592 0.56246
848 24.9232 18.3435 -2.5668
849 15.3502 14.0327 3.4064
850 6.79708 31.1652 -3.22871
851 2.89705 37.3248 -2.82676
852 24.9023 30.7051 2.24986
853 26.5831 25.9646 -2.23284
854 37.7821 31.4544 3.67431
855 17.9439 3.28441 -0.688763
856 15.6255 36.8675 2.37631
857 12.3492 16.0694 2.57157
858 4.47869 23.5364 -1.80117
859 16.5092 38.3913 -0.496263
860 36.5433 21.828 -1.23496
861 3.28 17.0656 0.182436
862 0.531683 33.9625 1.21573
863 12.7415 12.926 -0.849276
864 21.9304 11.1234 -1.63597
865 32.8431 30.232 -0.982135
866 28.9246 39.5312 -3.55937
867 19.6107 36.7065 -1.06992
868 30.5255 27.7124 -1.65261
869 37.8452 16.5849 -1.76889
870 5.43865 3.63895 2.09483
871 19.1213 24.7518 -3.37141
872 29.3224 25.5907 4.15603
873 18.8515 21.2474 -3.80017
874 36.6474 13.3554 -2.72831
875 37.8037 13.3593 -2.67299
876 2.69166 12.4931 3.38568
877 0.00373907 1.57132 -2.01488
878 3.10638 38.752 3.58478
879 6.18878 30.9694 0.903218
880 39.8536 18.1915 -0.437728
881 2.13646 24.5794 0.229616
882 26.1803 5.62818 3.89008
883 0.307979 26.3407 -1.15867
884 10.3421 19.1121 -0.925844
885 13.4417 12.0899 -2.9128
886 13.2131 24.2478 0.643858
887 39.1675 22.031 2.54287
888 0.361185 30.2483 -3.14554
889 7.5028 11.3056 2.55346
890 17.3434 15.506 3.66127
891 20.0219 21.6951 -1.29627
892 23.5473 5.01626 1.33936
893 32.4157 28.0247 1.99792
894 34.1739 29.4821 2.54382
895 32.9497 16.6568 -1.90357
896 19.4326 39.9845 3.87733
897 1.1422 9.48123 2.17032
898 20.0814 18.1433 -1.02186
899 5.25162 23.5744 -1.1309
900 14.8671 5.51466 -2.55183
901 3.93461 38.1142 -2.52321
902 36.8039 30.9737 -4.15275
903 5.51605 37.6227 -2.74848
904 21.1449 1.13138 -1.35444
905 21.7354 34.1813 -2.54495
906 24.6721 24.033 -1.30122
907 14.7175 28.5777 -0.657711
908 34.5291 30.6049 -1.16761
909 16.7901 9.1315 0.564372
910 35.2476 22.2135 3.26985
911 32.3544 28.5499 0.73902
912 25.1927 23.1222 -0.361056
913 0.750781 26.5425 -1.03357
914 4.58428 25.2489 -4.01473
915 36.0321 32.4733 -4.76984
916 26.5694 18.6644 0.205767
917 7.92545 26.9849 1.75943
918 3.53335 2.50905 -0.430403
919 29.7979 17.1877 -0.712921
920 8.96794 17.7222 1.28137
921 33.4227 21.5234 0.17812
922 23.2305 13.8223 -1.90321
923 11.6445 29.0842 1.15665
924 29.4264 34.1586 -0.95649
925 19.7987 35.9943 -1.10325
926 26.1186 36.0894 -2.76583
927 5.18192 30.7142 -1.57233
928 32.2496 3.34728 1.2985
929 36.0298 30.5045 -2.36872
930 15.3462 4.92358 -0.867494
931 17.1916 18.2553 -1.73131
932 7.50979 24.7684 1.96095
933 13.1753 5.66881 -3.23694
934 33.6894 30.2017 1.85461
935 5.3579 3.43218 0.637906
936 12.8223 24.3419 3.67127
937 12.4426 1.13691 1.53454
938 22.3625 22.3032 0.0462681
939 25.4067 6.37398 -2.387
940 18.8686 18.6837 -0.0660099
941 19.6929 21.7896 -2.22201
942 5.98554 13.4718 -0.00535814
943 7.96339 3.08917 0.730572
944 39.2713 33.4264 -2.55833
945 2.9902 1.62693 0.534405
946 21.0224 20.2854 2.13902
947 23.4756 6.44497 -1.28052
948 9.32775 39.9737 -1.39734
949 3.37208 13.8022 3.59533
950 31.5992 27.2253 0.222447
951 13.7653 4.28148 -0.489047
952 14.4673 14.1834 3.50683
953 33.0504 16.9956 -0.183703
954 4.19874 0.838217 -2.1056
955 1.17568 8.04255 0.882014
956 30.6598 8.45038 1.57543
957 31.6308 20.4611 -0.484648
958 4.77029 32.3321 1.89183
959 29.015 38.7867 -4.14331
960 2.18637 1.88629 -0.82544
961 4.44337 28.8688 -0.138626
962 14.9366 33.0489 3.25232
963 18.2998 34.8284 -0.410517
964 3.80294 4.0754 -1.41478
965 35.939 28.272 -4.07857
966 13.1376 21.7798 2.52768
967 21.2508 1.01285 -1.09928
968 34.1514 25.4781 -1.23159
969 14.0627 2.10122 0.407471
970 28.6375 34.909 -0.245802
971 30.0293 14.1685 4.44469
972 12.1583 18.8346 -2.24713
973 12.7879 23.5208 2.4144
974 28.4022 14.9697 -2.66279
975 12.9104 23.108 0.285721
976 2.49631 5.43426 3.03341
977 4.53243 37.002 -4.28631
978 12.2013 25.5324 -0.844348
979 5.31362 37.2189 1.20669
980 35.1385 12.0864 -0.550312
981 6.72864 17.2288 4.29109
982 38.4402 6.89979 1.17042
983 25.8355 13.7682 2.068
984 9.41185 38.299 1.95515
985 6.26595 20.8384 0.549122
986 27.0973 14.4003 -4.33499
987 8.30852 11.4377 1.00942
988 0.762922 27.9932 -2.98482
989 24.6555 32.9746 -3.31709
990 25.607 16.9237 2.1775
991 12.4555 22.2841 -1.60634
992 1.85374 16.2656 0.394108
993 12.5919 24.1415 1.16356
994 24.3501 22.1637 0.0134054
995 12.7256 23.3395 1.0716
996 34.1012 17.6545 1.70602
997 33.9535 13.9494 -3.15598
998 38.6731 38.3321 2.98668
999 34.4868 23.6206 -0.78634
