1000
Particles
0 3.39267 32.1476 -0.867237
1 34.3611 29.7271 3.03543
2 18.0683 4.226 1.93335
3 8.5753 34.6471 0.893424
4 18.7027 23.372 0.621571
5 15.7798 9.54473 -1.67845
6 30.1237 37.3192 -1.257
7 36.1188 23.1711 1.72488
8 11.0883 23.8472 -1.23225
9 37.619 22.6716 -0.817985
10 23.4757 38.813 1.36653
11 3.5845 29.9589 1.64648
12 31.2204 33.2308 -2.29066
13 9.88198 6.39465 0.0239977
14 29.6336 28.0272 1.49085
15 14.2007 26.3901 -2.00406
16 28.431 35.1996 -0.0417023
17 32.428 19.6509 -0.0278605
18 35.8855 11.6725 3.79747
19 13.1873 24.175 -0.100604
20 2.41704 6.52697 1.71998
21 38.7822 3.75612 4.24459
22 7.11826 9.55955 2.09811
23 37.0619 19.7509 -1.82964
24 38.6936 8.48692 -0.743193
25 2.16256 32.0202 -1.92093
26 16.8929 33.9952 -3.19185
27 14.8347 9.01924 0.524698
28 7.08196 30.0985 1.38952
29 29.5884 39.0094 3.57885
30 15.9323 21.329 2.07374
31 9.08123 17.9596 -2.01742
32 26.9916 2.14706 0.899301
33 12.9037 34.6404 -0.856728
34 29.8341 26.5572 -3.17168
35 23.902 7.45308 4.02433
36 12.5005 0.853292 -2.92714
37 34.918 30.8916 -2.75203
38 29.4412 0.791967 -0.800583
39 35.4276 18.1379 2.7308
40 38.4579 33.2799 -1.39901
41 11.5984 14.2254 -1.32581
42 38.8341 20.2673 2.62242
43 20.0437 29.6492 1.52917
44 21.791 28.667 -0.743299
45 5.67259 24.5002 -1.53513
46 39.9729 5.47223 0.504304
47 26.7532 12.6583 2.32753
48 5.72702 32.3031 -2.05397
49 3.69796 33.162 -0.671881
50 1.9992 38.903 -2.48519
51 27.2327 35.3647 2.7374
52 29.5563 10.9655 -0.560491
53 14.4237 4.60486 -2.23288
54 25.3441 20.0727 2.86071
55 7.2316 16.0232 0.372464
56 16.4308 12.0125 0.313189
57 9.61789 36.9159 -2.40437
58 33.4002 22.2328 -2.48112
59 9.10328 33.7731 -3.16752
60 7.47461 22.649 2.76646
61 16.1846 32.604 2.30423
62 38.1574 2.40593 -0.612203
63 8.77871 16.786 -0.952375
64 36.5712 25.6902 4.30052
65 4.8387 0.671836 -0.708112
66 2.52843 19.1348 -4.0565
67 28.3419 22.5756 1.83203
68 5.36885 4.30369 2.91745
69 16.6738 2.24735 -1.4228
70 8.77544 6.55993 0.858254
71 20.3282 14.305 0.47972
72 6.51598 9.75365 2.03007
73 21.0748 27.877 -0.699714
74 6.83314 10.3323 2.50664
75 35.8041 35.2731 3.91412
76 27.3283 7.74265 2.9913
77 8.8968 24.9926 3.06387
78 4.94915 38.1899 -0.81244
79 2.15908 39.531 -0.262318
80 31.3075 11.0934 1.14511
81 4.3523 37.1651 -0.841635
82 14.8901 19.0396 -1.52643
83 14.9397 29.691 -2.60961
84 24.7458 9.28189 3.55667
85 3.92292 19.3825 -1.44087
86 18.7808 8.87133 -2.77572
87 27.4016 36.0594 1.22258
88 6.74381 2.53051 -2.76564
89 4.74182 2.55132 -1.27732
90 2.07824 36.6369 3.65718
91 24.087 18.0851 -1.19428
92 17.5865 28.0916 -3.25753
93 11.1217 2.47432 0.481158
94 15.9994 25.4372 -0.0797978
95 17.5433 2.88693 -1.27086
96 9.40744 35.4592 -2.94253
97 13.974 0.436956 2.24937
98 39.9845 19.1966 3.45054
99 12.7751 6.85878 -0.130578
100 29.0634 23.3317 1.30312
101 21.2537 26.9859 -1.20986
102 19.1088 35.8213 -4.15279
103 12.9558 1.79596 -0.766303
104 23.174 4.43432 2.20528
105 13.4176 35.9301 2.54343
106 35.069 21.5721 -1.32346
107 19.0688 21.1595 3.7793
108 32.9659 23.5578 3.8728
109 38.7249 32.2548 4.38225
110 2.80065 39.2727 -2.16093
111 35.447 32.9129 -1.75255
112 31.1787 1.72965 -4.1492
113 34.6568 31.1929 -2.0613
114 32.4253 26.3896 3.87345
115 29.2125 19.5182 3.88216
116 19.6972 32.7982 0.676134
117 32.385 27.7898 0.256618
118 23.6291 5.45416 0.766663
119 36.0641 11.1047 2.4987
120 19.8911 28.5353 0.682008
121 22.0953 13.5532 3.03565
122 37.6308 23.6175 -3.11929
123 5.56941 24.0883 -2.68521
124 10.4648 38.2019 -0.693916
125 23.5423 36.2327 1.1939
126 31.1101 30.7223 1.38956
127 33.2554 4.95678 -2.08563
128 32.0279 1.9302 1.93175
129 8.34456 13.3822 -0.175757
130 25.6947 9.02303 3.60695
131 23.1603 29.3516 2.60333
132 19.3365 0.113215 -1.19256
133 38.1577 36.6505 -0.684785
134 10.9435 33.6758 -0.880426
135 12.0274 1.80564 -3.00811
136 26.2772 8.86199 0.811999
137 22.0074 24.837 -1.05899
138 6.59533 15.2657 -1.06281
139 16.8418 3.36832 1.12726
140 29.3932 38.4123 0.913933
141 27.2522 39.6856 1.71788
142 21.5765 13.6683 1.42654
143 17.4391 24.1475 1.57336
144 2.99338 32.3553 -1.98007
145 23.7859 27.67 2.28836
146 29.8703 17.1143 -2.82675
147 39.6338 35.8555 -0.659353
148 33.3024 9.76853 1.81375
149 11.8941 14.6334 -0.133497
150 13.0805 27.7883 0.74171
151 32.5339 4.35922 0.82347
152 14.2949 18.6627 -2.33881
153 17.4258 6.33412 0.292071
154 25.5619 37.5976 -1.38168
155 0.732517 23.555 0.182786
156 34.9525 27.7039 3.10009
157 13.9906 3.12331 1.4568
158 12.6507 38.3565 -1.66953
159 20.2746 29.1049 1.429
160 2.54667 16.6932 3.2273
161 10.3239 26.2334 -0.614566
162 27.4864 28.5886 -2.8434
163 8.97515 10.532 -1.34107
164 16.3128 9.21948 -2.14697
165 29.641 9.41187 1.33199
166 34.2707 5.40293 -2.01474
167 9.60858 33.1669 1.76285
168 34.4263 23.2513 -2.07131
169 38.6187 2.13475 0.766995
170 36.9709 33.7214 3.98078
171 24.9787 32.8701 3.51032
172 39.6277 15.8896 -1.15018
173 22.8725 32.1981 0.0162069
174 21.6061 7.06408 -0.238428
175 3.87116 9.49709 -2.10977
176 17.8163 20.3959 -2.58088
177 13.9555 3.13443 -0.614141
178 30.4458 24.5839 -2.30013
179 23.3285 13.3199 0.513947
180 14.099 4.01201 0.0862704
181 7.65913 31.0084 1.54819
182 15.3555 21.0606 0.953708
183 3.14045 17.5312 2.97045
184 2.56536 39.4669 -1.77242
185 4.17753 10.165 -1.10648
186 21.6239 38.1289 -1.47023
187 4.68948 7.88707 -3.85828
188 16.4935 19.0567 -3.09149
189 3.85152 23.7939 -1.83767
190 21.6461 18.5145 -3.67969
191 15.3075 32.0748 -0.734572
192 33.7516 1.82803 -1.23901
193 20.5409 25.4315 -1.85025
194 18.2069 23.7175 1.4175
195 6.65125 15.6949 1.42665
196 29.0938 37.373 -0.247562
197 13.4865 37.1947 1.08262
198 33.373 21.564 -1.1128
199 17.1322 9.92245 -1.33467
200 36.1442 38.5302 -0.649388
201 2.97959 14.3356 -3.35049
202 8.92914 18.4131 -0.583267
203 22.4434 13.7475 -1.09839
204 31.7583 31.4432 -1.17178
205 1.48748 33.8234 -3.15262
206 15.0826 3.31409 -1.20657
207 34.9323 39.8867 -0.434326
208 32.9434 21.7631 -1.60837
209 9.76577 36.8921 -2.93534
210 18.5056 23.2481 3.11981
211 35.1677 17.6413 2.66722
212 32.681 34.1687 -0.989219
213 36.8388 5.01926 2.83061
214 27.5264 18.8575 3.10678
215 37.9441 18.0394 1.42177
216 34.6018 27.4703 2.87251
217 7.64972 10.7233 0.626839
218 13.677 14.8838 -1.99834
219 27.4828 39.365 1.41251
220 10.2653 3.09379 0.952051
221 21.8121 15.3713 -3.49812
222 36.2276 31.4816 -3.63627
223 16.2317 26.3721 -3.37239
224 4.21033 30.343 -0.665302
225 33.2744 5.83881 0.826938
226 29.9276 17.2395 2.89063
227 4.71636 10.9712 3.16146
228 13.1081 2.30908 -1.76015
229 38.399 19.288 -0.928783
230 32.3746 3.9962 1.77725
231 16.4461 31.276 -1.2027
232 32.3024 0.629606 -1.36386
233 34.5775 6.30852 -1.91409
234 3.35618 6.35388 0.106954
235 0.634585 7.89497 -0.285137
236 20.4537 39.2222 -1.2082
237 15.4874 25.1682 0.423146
238 12.6029 7.45752 1.78879
239 35.2319 14.5437 1.00403
240 13.8734 17.3438 -1.14313
241 3.18131 24.8459 1.0436
242 35.89 38.6617 -1.15577
243 31.2711 39.0106 -1.63274
244 4.31581 10.4454 -0.248742
245 18.7977 1.22068 -2.92272
246 28.616 2.34508 -2.02001
247 0.0184791 36.1016 -3.12206
248 7.1119 28.7151 -3.11928
249 8.27834 0.548922 3.19121
250 19.1338 7.51929 -1.96165
251 35.3931 39.4391 -2.3194
252 31.2723 17.6438 0.110449
253 29.6928 12.8548 1.55076
254 3.56025 38.8648 -1.61257
255 28.85 23.9114 -0.42387
256 3.99651 2.242 -2.70572
257 31.9973 18.4548 -1.95478
258 21.6356 4.34307 1.49494
259 39.6 13.9037 0.922355
260 39.4772 4.07802 1.30774
261 33.0027 27.0258 2.94909
262 30.8895 37.2973 0.851121
263 5.29769 2.39443 -3.25417
264 11.5559 25.5924 -0.652795
265 35.2369 30.6533 3.14865
266 37.1642 11.7812 -2.18383
267 6.29392 25.7094 -3.01487
268 14.4254 19.0887 -0.808781
269 29.6897 38.2301 2.6032
270 37.8239 9.28691 -2.85497
271 32.8842 6.24337 1.83572
272 19.0783 17.6884 1.00358
273 30.3301 36.2639 -0.932699
274 11.955 1.93259 -2.94935
275 12.9497 25.4871 -4.60302
276 31.4312 20.383 0.37635
277 5.72925 16.9888 0.0431178
278 2.74663 13.4182 -3.17603
279 17.1791 31.3542 0.752702
280 6.19357 28.7546 -1.62225
281 23.9357 20.8812 1.52003
282 3.04218 16.6814 0.294961
283 22.9928 35.782 -2.14095
284 31.8003 19.7114 -1.11444
285 1.07828 36.9085 -2.5393
286 36.1527 3.32751 2.11924
287 21.9306 14.1153 -2.4591
288 1.11515 1.23707 -0.153912
289 8.61104 37.1254 -3.13833
290 30.0307 26.2305 -1.56512
291 12.2317 2.09181 -1.46443
292 31.3776 19.144 -1.82131
293 15.12 5.84314 0.779003
294 23.8485 27.9655 1.76317
295 16.9349 16.6754 -2.77371
296 21.8888 28.5483 1.54888
297 39.8819 33.0911 4.02653
298 19.6773 39.8831 -2.42448
299 17.5023 29.2094 2.23225
300 22.5849 13.8078 1.98527
301 29.5259 27.0693 -0.71151
302 23.2389 35.7095 0.0315073
303 1.83766 17.1211 2.49621
304 3.19053 33.0196 -2.8833
305 2.04453 19.7878 -3.93642
306 20.5984 14.1177 0.0227099
307 13.6046 19.1492 -1.85261
308 3.5212 26.6095 -0.279275
309 18.4479 34.683 -0.774084
310 18.342 23.5512 0.448854
311 22.0995 14.4381 -3.9347
312 36.3973 30.407 0.634051
313 24.3191 3.14472 0.354613
314 17.6518 3.25339 -1.47935
315 4.44768 37.9882 -1.29377
316 36.9201 36.75 1.92511
317 20.0814 27.1287 -3.94948
318 26.5115 32.668 1.64666
319 9.15565 10.1911 -1.07006
320 9.7694 19.9357 1.96496
321 23.0773 5.28426 1.69843
322 38.3923 33.7411 -1.90092
323 4.20664 38.3424 -3.0225
324 26.8857 18.3905 2.02051
325 13.8821 28.3966 2.89723
326 10.3082 14.4585 -3.76197
327 13.7799 35.0136 4.51906
328 15.756 35.008 0.410552
329 11.2442 23.3041 -2.31122
330 34.6921 16.3935 3.36049
331 22.6718 2.10043 -1.34786
332 32.6013 5.28075 -0.449563
333 32.6604 23.9328 0.835261
334 16.274 7.67571 -2.83147
335 5.68952 1.30938 0.62381
336 18.5423 5.64432 2.16338
337 8.32063 22.755 4.38745
338 19.4625 17.9627 -0.739706
339 37.2976 30.8722 2.71623
340 14.3571 20.426 -1.15791
341 30.1953 26.9968 -1.93777
342 13.0853 13.7325 -0.804578
343 9.23059 16.455 -3.93515
344 11.8699 0.655361 -1.60339
345 38.269 28.7482 -2.26417
346 18.5464 12.6699 -3.28089
347 4.77148 38.0676 0.0386632
348 10.8038 22.9904 -3.3774
349 17.7912 23.4766 3.285
350 12.3849 14.6056 -1.54357
351 39.5503 26.7779 -0.210031
352 30.8405 26.8344 -1.22124
353 21.9826 13.2639 -1.94514
354 6.66438 3.20277 -1.53964
355 19.0629 22.9161 2.91511
356 36.7694 0.0784004 0.3598
357 12.7434 15.815 -2.63012
358 12.1414 11.8584 1.01032
359 23.0877 29.0363 1.03936
360 33.3945 22.3267 -2.94239
361 29.1029 30.6062 3.82154
362 37.5052 21.5099 3.34162
363 38.3183 9.98799 -4.28068
364 8.91902 10.7255 -3.2751
365 4.86989 38.4007 -2.64498
366 10.6173 5.02835 -1.33404
367 11.5093 37.8451 -4.26131
368 20.4562 11.8265 -0.889394
369 13.092 6.81272 0.634625
370 19.8909 30.7231 -0.586618
371 24.8789 15.8791 1.13958
372 21.1185 29.0577 -0.125985
373 17.3893 14.4592 2.82227
374 8.87443 10.0949 -2.57286
375 10.6425 10.8887 2.25953
376 38.6386 31.4875 -4.49733
377 36.4902 5.16634 1.8563
378 13.9956 3.23016 -0.70684
379 3.92389 33.2543 -0.0630024
380 33.9095 30.802 -2.1209
381 13.5792 38.7587 -2.78176
382 5.30152 14.5951 1.18347
383 20.2136 37.3796 3.27368
384 29.5711 11.0154 1.06993
385 17.2174 27.9598 -2.85292
386 24.625 8.41846 2.62456
387 33.669 36.9802 1.87825
388 30.4702 33.3587 -2.60377
389 12.5933 5.77852 0.714878
390 28.4656 13.0271 -0.0862024
391 11.1065 17.3772 -0.849777
392 22.3798 16.3891 3.87888
393 18.6884 1.489 3.95719
394 25.6023 6.17255 3.7219
395 38.0652 11.6251 -1.00592
396 8.60492 36.6991 -0.414181
397 4.48218 12.2952 2.75923
398 35.2659 37.5181 1.23896
399 32.7133 13.8166 0.929133
400 39.2478 1.64832 -0.765692
401 29.6018 24.2171 2.41728
402 31.3648 13.3687 -0.564957
403 6.80489 29.242 0.704682
404 21.0174 29.0978 1.4756
405 39.2153 20.8456 3.13081
406 19.0876 8.79406 -2.37961
407 37.6697 7.30482 -1.37208
408 9.74395 6.11439 0.0632012
409 27.0628 5.43381 -0.875466
410 19.2843 24.6743 -3.68758
411 17.8155 29.3221 -1.5148
412 39.9669 0.670973 0.284481
413 7.27632 16.1764 1.16953
414 4.59142 6.3983 -1.28745
415 11.3613 25.6451 -0.424285
416 10.0299 36.0893 -4.21272
417 3.56336 39.2685 1.69424
418 25.7809 23.7337 -1.10298
419 21.6378 11.8177 -3.83888
420 26.5894 3.49218 2.01386
421 6.25278 13.636 -0.439237
422 11.6114 18.6862 0.324288
423 32.2699 5.84024 2.37709
424 21.4331 22.2298 -2.23594
425 13.7555 3.82865 0.0077082
426 8.52222 21.0195 -0.909584
427 19.4996 27.3294 1.66513
428 9.40649 6.9939 -0.337255
429 1.41886 6.66683 2.85329
430 13.7991 14.4646 -2.60854
431 11.8469 11.1825 1.94042
432 16.4283 33.0632 -0.709581
433 24.3202 22.4166 0.648802
434 15.1665 21.589 0.985482
435 36.458 33.5066 4.16658
436 0.588488 32.3085 0.24892
437 10.6372 2.93809 -1.65716
438 1.14396 31.7234 -2.87466
439 35.8848 17.2824 -0.274534
440 22.2181 7.22597 1.51812
441 9.68786 1.14263 2.37112
442 10.7271 17.9052 0.146441
443 22.066 19.6921 -1.55907
444 16.0071 22.073 -0.370867
445 12.5283 21.2883 -0.4464
446 15.4997 7.90412 -3.21401
447 12.5094 3.23384 1.26655
448 32.1535 25.923 -2.76212
449 16.2542 17.9428 2.23852
450 0.060453 13.4245 1.59423
451 36.1057 11.968 0.688585
452 11.3505 15.9264 -3.65382
453 6.01166 21.4822 -1.57969
454 37.5974 6.89129 -1.03457
455 30.4421 38.4654 0.479907
456 11.0868 13.3778 -1.89375
457 24.873 13.9353 -2.00036
458 24.118 17.2681 0.0287929
459 13.7273 39.1101 -3.33349
460 5.92204 1.02922 0.157664
461 5.67677 2.25721 -2.07513
462 18.4793 19.8082 -2.01174
463 4.42206 32.6242 -1.89831
464 32.2885 27.6739 0.455685
465 26.4922 13.2213 2.13203
466 35.8262 28.8032 -3.68985
467 9.12004 35.3478 -3.12957
468 18.92 34.1372 1.65167
469 23.8105 38.1518 0.453394
470 9.98877 19.9621 3.18105
471 37.8139 25.0426 4.46249
472 16.2509 2.64134 -2.12502
473 12.5548 33.4163 0.344721
474 9.83977 37.4487 -3.81949
475 33.7207 3.05957 -1.43316
476 11.9619 20.005 2.29335
477 9.49335 37.0994 -1.78642
478 29.9535 26.3693 -1.54541
479 38.3788 31.3715 1.27334
480 35.4295 17.9391 -0.110594
481 28.0041 2.15764 -1.86885
482 10.4659 33.139 1.70869
483 4.6802 33.703 -0.469674
484 20.5828 37.4165 3.77343
485 6.85075 1.40664 -2.2768
486 17.6662 27.6252 -3.07468
487 31.2753 31.3352 -2.09143
488 38.4556 5.10784 -1.44768
489 24.029 0.87708 2.1354
490 7.22131 8.99998 3.24243
491 20.0333 13.829 1.34112
492 21.6985 0.48257 -0.428549
493 3.17067 24.963 -0.236695
494 8.13743 14.6419 1.47317
495 30.2491 6.36164 -2.31932
496 22.6151 27.537 -0.633655
497 4.87931 38.3428 -0.078142
498 18.6168 16.1501 0.828006
499 11.1285 20.9905 1.43641
500 7.19769 15.6232 -1.74795
501 29.4067 10.4907 4.25983
502 1.85434 1.38661 -0.880125
503 24.5427 18.5868 0.0694029
504 3.18916 0.81831 -0.37031
505 7.92886 10.0519 0.978169
506 27.0739 25.1398 -0.261335
507 21.317 7.15101 -0.475763
508 6.69386 30.1407 -1.75318
509 17.799 1.9788 -1.4591
510 29.8424 9.59992 4.41073
511 24.9558 36.1813 -3.39274
512 32.0716 21.8136 -1.64076
513 17.2241 23.3101 3.33917
514 3.24763 32.0213 -2.41766
515 15.1887 15.2725 -0.620402
516 18.7433 39.6466 1.78253
517 13.1366 18.8367 -2.53485
518 5.20125 7.08309 -2.0602
519 23.6845 16.9859 -2.5294
520 38.6474 0.523638 -2.97327
521 35.6287 34.2885 -1.1988
522 27.5097 22.4582 1.78707
523 8.24762 18.6948 0.166925
524 12.6159 22.8833 0.626162
525 7.95489 11.4784 4.19921
526 11.0812 26.9421 -0.0129331
527 13.255 1.93264 -1.37346
528 21.3804 3.4953 0.502736
529 34.448 38.6484 0.0971383
530 31.5216 16.8529 2.17707
531 28.4394 0.751933 -1.81277
532 21.2804 39.78 0.0946651
533 10.4148 35.7422 -1.35512
534 11.363 20.7719 1.62774
535 34.5997 3.1242 -1.86886
536 35.3426 15.0407 1.67455
537 3.25748 29.3825 3.03826
538 10.1094 0.503118 -0.786388
539 16.1533 6.70034 2.739
540 32.2715 17.5736 0.515706
541 17.8715 22.1036 2.57859
542 32.0815 33.4355 -0.0743837
543 8.13074 16.4403 0.886003
544 35.0263 36.0684 -3.77597
545 14.9624 28.5275 2.54276
546 39.0514 39.6177 -1.21321
547 1.82583 10.34 4.50522
548 37.669 36.2153 -0.841435
549 39.9104 33.2005 1.22299
550 0.734368 26.1556 1.45303
551 22.8205 10.1673 -1.66187
552 7.42355 5.12387 3.27791
553 13.7676 30.3014 1.03653
554 15.5588 7.75818 -2.92255
555 37.3131 6.56087 -1.4142
556 37.966 22.8839 -0.660561
557 10.321 18.2078 -1.06311
558 31.479 1.01118 -2.22375
559 30.776 27.6525 0.590838
560 32.7868 22.1243 -3.40234
561 3.2869 29.5048 1.61023
562 9.9817 24.6785 3.19552
563 6.5333 12.7734 0.57044
564 15.05 26.1779 1.66319
565 4.16781 20.4304 -2.6176
566 14.2647 35.4287 4.0909
567 24.7909 14.6644 -2.76001
568 0.872978 0.700342 -0.537077
569 29.3726 24.5925 0.561549
570 39.1396 31.4107 -1.458
571 12.6968 14.2043 -1.11775
572 34.0268 29.1713 2.14352
573 19.7462 30.8951 0.561455
574 13.7422 24.1923 -0.0964518
575 14.6454 17.0607 2.23773
576 6.27077 2.46267 -3.66292
577 22.8126 31.8994 -0.673095
578 10.3543 39.6809 0.26814
579 12.4999 10.081 1.23534
580 11.1386 28.8883 -0.0205079
581 8.29506 28.3777 -1.78717
582 22.2228 15.3501 -3.54453
583 20.6055 38.5929 2.38359
584 39.1846 10.2234 4.72187
585 1.74616 26.5003 3.71569
586 19.7908 21.2523 1.95208
587 29.0138 36.965 -0.376458
588 22.0406 34.9625 -1.77451
589 25.4901 11.8686 1.24525
590 3.72591 8.24909 -2.45219
591 12.2704 23.518 -1.16793
592 29.4148 25.8091 -3.47618
593 9.35749 24.7429 1.75039
594 39.0013 3.08197 4.32528
595 37.6511 24.2551 -3.28973
596 0.76654 38.2015 -0.743488
597 28.7707 11.566 -0.616509
598 1.38043 10.7603 1.73872
599 9.27673 32.2233 2.30183
600 7.9275 38.6201 -1.74916
601 21.5057 38.5252 -0.271197
602 17.557 23.8617 0.721431
603 16.6685 6.54061 1.70792
604 32.9603 33.4251 2.19904
605 11.9286 27.0577 0.430497
606 36.0215 26.6771 -0.522429
607 0.8297 8.15238 -2.2459
608 2.81485 1.38761 -0.52971
609 24.3603 3.01308 3.48879
610 30.8344 28.7534 -1.24109
611 0.638183 23.6727 0.267495
612 22.548 8.95116 0.811154
613 19.2236 12.2046 -2.69383
614 32.3833 2.31429 -3.35665
615 32.7257 7.79005 -3.08561
616 37.1674 24.5867 -1.96849
617 24.1577 26.955 3.49813
618 5.37898 1.22078 -1.39249
619 19.9775 33.3785 1.73835
620 36.9492 3.0173 0.101577
621 24.1491 21.3951 3.03409
622 23.6114 8.75708 -0.744996
623 20.0571 14.5985 2.46343
624 32.6713 5.13265 1.48099
625 14.2657 6.05732 0.980601
626 4.00573 38.8234 1.65871
627 0.673506 36.8748 1.71647
628 18.0274 7.83554 2.28872
629 25.7098 4.5076 0.16169
630 0.294839 33.8851 1.94612
631 23.8778 1.73239 1.65385
632 33.6707 32.9814 2.25263
633 6.31517 29.1261 0.369982
634 37.3359 5.41507 2.44937
635 27.7956 25.6092 0.815355
636 23.4804 13.3002 1.71626
637 7.70725 28.7772 -2.12134
638 30.2734 27.6904 0.299942
639 31.6032 17.0679 -0.927379
640 8.14971 17.6357 -1.26207
641 32.828 4.73364 2.88529
642 12.1614 32.2172 -3.38499
643 33.6687 33.2923 1.53288
644 9.35946 7.76091 0.435538
645 5.63898 7.26438 -1.80854
646 13.9503 2.35864 0.166047
647 7.07045 10.7718 1.95691
648 34.2888 35.1742 1.07033
649 15.0677 19.1753 0.6524
650 26.8114 20.2868 -3.53077
651 28.5882 20.6815 -1.00264
652 6.81386 31.6644 -1.26654
653 7.76527 39.8516 -1.06642
654 22.131 17.8487 2.08892
655 34.8636 32.6569 -1.36935
656 8.15443 12.4752 1.99979
657 24.075 5.90746 -0.86866
658 9.33587 24.1999 2.43508
659 5.82736 0.602516 -0.515025
660 22.3714 12.9809 1.17972
661 6.16925 15.2903 -0.676736
662 35.9124 36.1792 2.56921
663 5.41915 18.1623 1.09177
664 33.915 17.8087 3.09763
665 34.9694 39.2764 -0.238246
666 24.3658 3.09477 3.4349
667 34.3699 34.7075 -1.79886
668 12.8492 34.7774 -2.85833
669 13.4003 37.0579 1.44543
670 34.5406 31.5156 -2.5968
671 28.2074 5.24276 -0.411335
672 16.896 33.431 -4.18093
673 38.4295 2.24481 1.92828
674 2.86587 19.4964 -2.30598
675 33.5112 18.1863 3.36099
676 32.3299 0.0902619 -1.77499
677 2.04284 21.8149 0.118111
678 24.9142 1.85707 3.5909
679 24.2005 21.5368 0.574973
680 19.4572 33.5907 -0.482945
681 4.8268 0.204037 -1.65157
682 37.1972 37.8846 1.20414
683 22.1156 27.6004 -1.63755
684 5.60455 31.7329 0.574457
685 22.9029 30.2737 -0.272007
686 2.94452 38.1098 1.48303
687 18.3691 11.1555 1.12444
688 25.2581 4.09367 -1.17214
689 7.30767 4.99597 0.855236
690 15.0552 35.2136 0.515042
691 17.3936 32.5242 1.30951
692 27.0464 19.0494 2.97709
693 0.53238 18.6611 0.420522
694 24.1412 22.3308 2.18794
695 17.1271 26.8284 -1.96237
696 17.0654 24.2054 2.09243
697 31.5882 8.59102 1.185
698 29.2864 12.0562 0.901888
699 34.8747 19.0101 1.50252
700 1.38897 0.966163 -0.990961
701 12.1851 2.79935 -0.744988
702 3.38744 39.0685 -2.07047
703 0.189276 11.9828 0.265601
704 29.0827 37.8923 1.13653
705 8.92725 30.9592 -1.04365
706 39.8097 33.8224 0.699215
707 16.2506 3.13567 -2.07026
708 0.221961 17.7134 1.54532
709 23.0529 14.182 -2.42919
710 17.2284 2.17413 -0.886026
711 33.9491 30.628 0.783306
712 32.0869 24.1652 3.48067
713 34.2855 18.5081 0.74785
714 22.1954 29.7661 0.676579
715 38.0056 35.6274 -1.28759
716 17.1758 29.3823 3.78368
717 15.6427 34.5689 -3.80702
718 5.06106 28.9046 -0.213581
719 9.22233 31.2192 4.38876
720 12.6303 21.604 1.65999
721 22.9007 1.25161 -0.0174839
722 5.28859 1.58375 -2.7719
723 6.31759 2.09799 -2.42255
724 21.7084 0.660308 0.649431
725 24.9523 37.8113 -1.65219
726 2.12997 25.9402 1.70011
727 5.79934 23.2303 -1.84419
728 1.25374 0.739742 0.548424
729 16.4941 2.22334 -0.061445
730 19.5144 11.0096 -1.91205
731 31.9355 18.2724 -1.31981
732 26.8231 34.9366 1.36039
733 29.9606 30.3222 1.01322
734 32.4103 9.30326 2.97803
735 19.2402 33.4411 -0.897991
736 18.1128 29.8766 -2.50049
737 2.659 31.5409 -2.27317
738 23.3083 13.1311 0.846367
739 13.3427 21.551 1.57268
740 34.0729 24.5884 -2.99164
741 9.12902 26.5905 -0.528478
742 15.3142 17.8849 -0.339419
743 22.3734 25.4482 -0.0658159
744 33.6666 21.8939 -0.41806
745 13.5388 38.8606 -1.61009
746 13.8993 11.1768 3.13083
747 19.9616 24.8345 -3.74309
748 19.0901 33.0353 1.71541
749 6.26662 2.09098 -2.91067
750 1.26021 33.681 -3.70473
751 2.79919 32.884 -1.60201
752 9.64152 17.9148 -2.90408
753 16.4446 23.9909 -1.40531
754 36.366 23.4834 2.42884
755 27.0515 7.68136 1.23883
756 10.7974 5.30846 -2.26878
757 11.1835 29.3645 -0.649913
758 35.328 18.0206 0.527169
759 5.64633 31.0573 -1.93711
760 31.2894 29.4547 -0.897706
761 10.4056 23.6613 -1.71704
762 20.0587 26.0919 -2.99341
763 6.11397 1.64849 -3.22318
764 20.739 12.4381 3.72678
765 0.242815 14.6771 1.83883
766 10.4219 10.7264 1.98015
767 31.0342 8.45668 1.38563
768 9.37657 16.4014 -0.653623
769 14.7698 34.3066 -1.33915
770 3.05646 25.4501 -0.707768
771 6.3065 17.4973 2.34989
772 9.4015 33.612 -0.779802
773 31.7745 29.8172 0.937405
774 0.246962 36.9798 2.52662
775 16.687 6.88313 0.618841
776 10.3618 13.9649 -2.85739
777 33.6021 28.0149 -0.457523
778 34.3421 30.0189 1.76126
779 15.1245 3.22121 -0.574247
780 0.308346 2.30693 1.18738
781 3.26747 38.938 -1.72852
782 6.95786 8.50446 2.51129
783 11.2664 13.1794 -0.814416
784 36.0927 0.844336 0.703831
785 15.8515 8.14232 -2.06021
786 3.11347 17.1363 3.70894
787 35.8893 3.83329 0.75892
788 5.20984 32.6863 -3.36448
789 35.5233 3.03996 0.980151
790 14.5249 29.9387 -2.70149
791 12.4745 23.7882 1.32843
792 11.565 20.5767 3.78363
793 18.9327 34.6049 0.266811
794 20.4615 26.4415 -2.55394
795 38.4688 5.60925 3.54216
796 16.8484 18.9637 -2.81847
797 3.26004 28.4784 2.75398
798 22.9084 12.9591 2.06659
799 27.4624 6.03417 1.58654
800 36.2147 6.877 1.8472
801 21.4245 14.5993 -1.29296
802 37.2207 27.3839 0.468765
803 11.1093 39.5653 0.660682
804 4.86194 20.2895 -1.25665
805 3.01496 24.8207 0.927675
806 3.41482 29.2377 2.17018
807 28.1726 17.1765 0.171905
808 15.4658 26.3575 -2.62017
809 29.4964 17.8337 -2.48226
810 16.7108 39.1637 2.62516
811 1.60074 24.805 3.18504
812 8.35929 10.4723 0.945808
813 2.5068 9.91283 1.61263
814 25.1469 1.40339 3.60489
815 24.9047 16.1505 1.5011
816 17.2545 39.826 3.2018
817 16.5767 31.8592 1.47459
818 6.81952 9.63991 2.72435
819 29.0892 6.12656 1.59567
820 7.6594 0.881676 -1.32676
821 13.4205 13.7264 -1.98703
822 6.12645 2.26193 -2.67427
823 25.8587 3.56072 0.913206
824 28.241 16.1477 1.73808
825 37.3538 34.8023 -1.60932
826 7.47735 13.588 -0.161054
827 37.2612 6.7831 -2.09714
828 16.6015 19.7882 0.0546991
829 8.80345 30.8466 -3.6836
830 14.08 14.313 -1.24034
831 18.7111 35.2357 -0.0724804
832 31.9992 3.28002 1.54722
833 12.1319 15.611 -2.86317
834 18.2185 10.5591 4.56176
835 8.20689 33.3101 -2.76665
836 20.5425 38.1314 1.5948
837 32.2797 36.2445 -2.64074
838 21.2475 6.07425 -2.46717
839 6.21431 15.9073 0.527981
840 25.7311 16.5463 1.50621
841 29.0145 35.9206 -2.04084
842 15.7622 34.5873 -2.71053
843 17.5703 4.52843 1.64676
844 4.55759 26.73 -1.60382
845 0.959601 32.0567 2.54495
846 9.4411 28.0117 -0.626335
847 1.44197 30.4924 -2.45084
848 25.9409 27.1855 1.66013
849 21.5314 16.9612 3.01054
850 31.6183 34.7015 2.36854
851 4.42955 5.60788 -0.446075
852 27.8578 22.3824 2.61939
853 17.676 22.0895 3.0818
854 4.3123 39.7882 -0.402444
855 13.128 38.5656 -3.60947
856 10.4247 37.9987 -0.933437
857 11.1949 28.9029 -0.587606
858 34.5612 29.8946 1.40802
859 12.4448 1.50194 -2.22065
860 37.5083 16.5026 1.20691
861 4.19939 13.4676 -2.06268
862 5.5604 31.5634 -2.95577
863 12.5857 8.03577 1.69517
864 15.6697 9.22661 -3.77655
865 26.1201 36.1551 -1.70969
866 28.6046 3.86904 -3.30732
867 23.7362 28.686 1.83842
868 31.0312 27.4763 -2.34205
869 3.52501 16.4318 0.117981
870 33.1135 2.69263 -1.01734
871 17.6277 24.5623 2.69703
872 32.5935 20.8505 -1.84633
873 14.1055 16.313 -0.0819564
874 28.8469 11.9679 0.1986
875 30.9714 2.83296 2.82746
876 12.9556 20.1706 -2.96724
877 32.0315 14.1092 -0.405401
878 2.33113 39.4263 -0.300335
879 7.22605 33.4185 -3.93271
880 37.1871 21.6766 3.80812
881 16.908 22.3936 2.14349
882 28.1469 3.47678 -2.2933
883 31.8293 31.0515 0.315992
884 3.12766 19.8888 -3.63952
885 12.3228 10.0786 0.562416
886 20.1901 19.0687 -1.74867
887 3.16668 23.2135 -2.42342
888 32.0795 22.6771 -4.16413
889 38.4805 5.89711 4.15657
890 14.6353 19.3202 -0.563908
891 17.9007 20.7287 -1.68454
892 14.7845 5.01448 0.615507
893 31.7528 27.8512 1.16901
894 34.0572 29.9567 1.37384
895 35.3795 8.99346 -0.305878
896 17.0286 39.5105 4.15491
897 5.68371 15.1416 -1.37553
898 20.1648 17.794 -1.63246
899 9.32495 25.3305 2.90713
900 7.85182 36.7969 -2.31147
901 1.35317 38.3652 -3.31386
902 6.01854 31.0389 0.233385
903 2.92692 37.6467 -0.0502369
904 18.2688 38.1525 0.921052
905 35.9112 37.1989 3.45472
906 19.79 11.0895 -1.64692
907 8.57808 23.7019 1.70426
908 36.2539 36.1122 2.21333
909 4.74775 36.5426 1.9587
910 39.2258 22.6379 -1.39516
911 35.4485 38.5789 -1.93746
912 26.9002 13.2639 0.940876
913 36.0181 35.5966 2.89379
914 39.7078 25.1984 2.86867
915 38.9667 38.1082 -3.34914
916 31.6309 20.8764 0.501547
917 17.2938 24.7529 2.3307
918 38.4366 5.8904 4.36289
919 29.4618 23.3672 1.87141
920 4.29946 20.9325 -0.583787
921 28.9073 21.6595 0.119337
922 21.6691 18.077 1.29589
923 5.38756 31.2884 0.128987
924 31.7859 27.2809 -2.07261
925 19.9909 9.39175 -0.356508
926 22.3774 10.612 -1.55638
927 1.51404 32.2706 -2.97094
928 37.0492 5.08571 3.5395
929 4.84974 32.3684 -3.22744
930 4.03721 4.11864 0.552629
931 11.9411 19.9236 1.86121
932 36.321 24.5641 -2.80386
933 14.0078 2.77362 -0.79808
934 29.5069 25.647 -1.29976
935 11.4066 13.3511 -3.20504
936 17.1586 20.2192 -1.12404
937 21.3215 4.00977 1.66214
938 17.4692 18.7277 -1.3589
939 11.0265 4.51969 -2.46757
940 13.658 25.1768 -1.98978
941 29.7731 25.0382 -4.7451
942 9.10935 24.0699 4.74551
943 11.6066 5.24118 -2.36576
944 4.92719 38.469 -2.88429
945 38.5983 2.59991 0.501828
946 16.8284 21.6749 0.577567
947 9.34602 9.30216 1.25505
948 18.7584 9.31883 -3.5704
949 4.85855 7.0868 -0.118776
950 5.60227 28.9896 -2.30338
951 13.0112 6.67562 -0.594104
952 15.7561 22.0707 -2.29236
953 33.6813 19.9115 1.12177
954 6.06552 1.93285 -1.18705
955 9.00689 39.9389 -0.241833
956 25.1918 17.1315 1.49061
957 35.4047 17.5832 1.60704
958 2.99604 0.306696 0.0521873
959 32.1512 11.5771 0.517812
960 6.65363 0.602106 -2.99843
961 4.96686 25.5993 -1.58681
962 14.7459 27.8013 0.579758
963 12.6718 38.4466 -0.820341
964 2.58139 6.62095 2.62178
965 35.0421 30.5164 1.55388
966 15.6151 15.9667 -2.58826
967 19.541 0.791776 -2.96258
968 36.4615 16.7209 2.85896
969 12.1074 5.47988 -1.44629
970 14.1113 36.0464 2.99434
971 22.5734 14.3061 -2.40805
972 16.7379 23.2614 3.58233
973 4.90032 25.444 -4.01022
974 33.7689 22.6089 -1.49135
975 5.79538 21.7224 -3.34521
976 5.531 15.8788 0.0697098
977 8.35028 36.2447 -1.76198
978 13.9011 34.5089 -0.439565
979 7.40679 0.811187 -0.942733
980 34.9296 16.2027 2.75967
981 5.06471 21.4492 0.926684
982 31.7805 2.06495 -3.25293
983 38.6623 18.5037 0.653086
984 13.656 29.6101 2.59181
985 1.31792 23.0416 0.405035
986 22.0067 18.1048 1.60839
987 10.8602 14.3507 -2.83447
988 5.12858 27.6588 -4.07046
989 25.9727 30.4936 1.53821
990 21.8129 17.3008 0.883059
991 17.3093 21.4761 -2.67894
992 3.30404 11.9841 2.94071
993 11.5181 19.821 1.65346
994 23.5827 17.7054 0.259631
995 14.0951 19.0948 -2.33182
996 34.3611 21.9907 -2.32037
997 2.92133 17.9811 -0.830985
998 38.7308 38.2437 -3.02567
999 37.1452 5.42108 4.62958
