1000
Particles
0 37.6131 3.06014 -0.583386
1 33.4607 16.2164 1.37232
2 23.0098 2.33823 -0.0387092
3 8.79259 36.0547 -0.0942889
4 15.1084 18.1631 1.67318
5 24.7457 38.7751 -3.81426
6 34.6 4.89946 -3.097
7 33.1336 15.7085 0.753825
8 3.82496 32.712 0.705924
9 31.7153 24.6795 -2.15694
10 29.9221 30.1412 -2.7001
11 0.446706 39.2894 1.27241
12 36.6252 24.0405 -1.70178
13 0.729834 4.0952 2.63678
14 30.6373 16.51 -2.07448
15 26.7896 30.8531 0.876613
16 27.4021 38.3298 -2.12745
17 35.7062 10.953 -3.77172
18 38.6417 14.4324 -0.560161
19 18.6198 19.0523 -0.14158
20 13.2444 16.5098 -0.598671
21 2.32713 39.9682 -0.745946
22 34.8458 25.0209 -0.870941
23 33.3943 13.9881 0.604402
24 28.7874 14.6756 0.426874
25 0.595335 33.6176 2.09757
26 25.6828 30.0997 -0.0313184
27 16.7723 20.2923 1.22161
28 6.69009 0.916208 -2.96435
29 34.3348 8.04588 1.83907
30 9.53548 25.5949 -0.17421
31 9.78003 18.1241 0.361516
32 15.0966 15.6415 1.16643
33 1.80059 36.9289 2.19184
34 20.4382 14.7857 3.32193
35 22.1819 5.26229 -2.18444
36 13.6669 0.47821 -2.45215
37 39.6495 23.9931 1.75522
38 18.8929 38.8859 0.494793
39 31.8379 13.2024 -4.27267
40 30.57 38.9295 3.79606
41 19.6968 13.7898 0.858746
42 31.4497 16.1563 -1.80469
43 23.7712 32.3868 -0.318326
44 21.4751 17.7429 0.328444
45 9.88682 25.9742 -0.465581
46 4.68663 5.57627 -0.272333
47 37.3765 4.66084 -2.42374
48 0.861205 31.3915 2.00179
49 8.34894 32.1379 0.856453
50 35.3631 38.8139 -3.90068
51 14.2389 6.69561 0.008337
52 33.1316 1.19971 1.45771
53 15.7181 13.3575 0.733074
54 33.4866 28.5133 3.68952
55 36.573 16.9809 3.34047
56 33.8424 8.7249 3.29307
57 38.2174 35.1347 1.80663
58 0.0961148 8.62555 -1.55992
59 2.60882 32.2156 -1.34568
60 9.40312 22.9032 0.562182
61 18.688 26.3393 1.54798
62 33.6733 0.799943 0.798252
63 6.83928 18.7714 4.34925
64 38.4055 24.4217 2.36675
65 16.0814 1.44262 2.35431
66 6.09928 18.174 -1.39748
67 23.8792 16.9706 3.97614
68 9.77458 1.32732 -1.89658
69 18.7098 6.31395 3.02407
70 5.14053 34.7896 2.99982
71 7.33124 8.58998 -0.0946982
72 5.54034 17.5602 0.898199
73 18.5698 21.8998 4.6289
74 12.3037 35.6619 3.20128
75 3.33336 0.0737315 -2.74524
76 18.7407 8.29993 -3.0964
77 18.8371 22.7761 -2.0783
78 35.8511 24.9578 -4.52917
79 31.4025 0.699571 -1.78423
80 33.9399 7.64253 1.53255
81 7.6757 21.9438 0.701515
82 12.9021 6.42597 -0.390818
83 16.6261 22.4109 -2.03261
84 26.6211 13.968 1.61445
85 2.25762 10.8743 0.808079
86 22.0795 8.13106 -0.920441
87 19.0945 0.371164 -0.812558
88 6.59898 1.36799 -1.88571
89 10.2871 27.7615 -4.11169
90 36.1204 33.9548 2.38413
91 23.9973 10.4607 1.2359
92 19.6474 14.3418 0.707813
93 16.1472 10.9331 1.63679
94 7.79867 14.7033 -1.8129
95 17.8182 4.2287 0.787872
96 13.7163 31.9019 -0.347458
97 24.5567 33.7026 1.48496
98 0.170852 28.8723 0.870539
99 10.6924 30.155 1.91828
100 27.7897 7.79372 0.910999
101 16.857 22.3173 -1.46585
102 20.6065 33.1992 1.78299
103 15.6984 2.38403 3.44099
104 34.1474 8.39234 0.914735
105 19.8638 29.6748 0.624473
106 39.1229 9.44455 -3.51717
107 18.0013 22.9363 -4.6329
108 23.004 11.5155 -0.338335
109 35.1478 31.5632 -0.158594
110 8.089 35.0913 -3.65303
111 10.5708 31.1672 1.15115
112 34.4522 0.214885 -1.17191
113 32.2538 15.9368 3.30688
114 7.8811 27.5164 -1.19784
115 32.0711 21.5257 3.07231
116 28.2562 26.69 1.08103
117 21.4992 30.5406 -1.64811
118 19.4687 0.173982 -4.15555
119 38.2054 18.2501 -1.89527
120 38.1673 32.0909 3.93068
121 21.0946 14.5591 2.903
122 33.7696 9.47843 1.93073
123 2.87161 18.9976 4.63868
124 14.772 0.75075 -1.67252
125 22.4127 37.1101 -1.13812
126 21.1425 19.9853 -0.979981
127 1.14559 3.20411 2.69954
128 30.8172 10.9174 -1.78833
129 3.6344 9.12895 2.75317
130 35.9156 7.82708 0.466946
131 32.5049 29.6344 1.47877
132 14.3159 37.9199 -1.19083
133 24.2702 34.8055 -0.327639
134 12.4822 33.5113 0.108854
135 18.6583 0.864129 -3.3261
136 30.0386 4.76378 1.56254
137 34.3533 39.8275 0.417052
138 5.28194 19.629 0.554711
139 11.0762 1.69483 -0.773861
140 18.5511 31.6044 -1.33778
141 33.8671 38.7715 0.64072
142 22.4747 1.98924 -1.50311
143 18.0124 25.7922 -1.28037
144 4.94296 25.171 -2.02484
145 24.53 24.9504 1.37729
146 36.1989 6.34015 0.780405
147 33.416 38.9283 1.82243
148 39.2943 8.05652 -1.34691
149 16.2213 23.6184 1.08782
150 9.29322 15.3175 2.59619
151 0.230963 1.08364 -2.20136
152 17.5782 15.6416 -0.634788
153 26.9864 5.13248 -3.06015
154 32.2238 30.6226 -2.06005
155 28.805 37.2773 1.42403
156 36.8049 23.4077 -0.462294
157 24.5029 13.9679 -0.947088
158 22.3291 34.7609 -0.0262471
159 16.0612 28.743 3.24878
160 4.7804 18.8298 1.38148
161 6.82571 22.5699 0.952133
162 25.7041 34.6757 -1.58275
163 10.443 5.78686 -0.667853
164 12.0605 0.426791 1.98455
165 21.6138 1.60618 -0.178834
166 37.5988 2.83924 1.03508
167 11.5048 2.16895 -0.369661
168 38.5124 19.2716 -1.39453
169 0.893148 32.891 0.789409
170 2.02606 36.0437 0.640098
171 14.7891 37.141 0.98886
172 35.8141 18.0078 3.2132
173 16.5394 25.9783 1.58451
174 6.36043 37.3256 2.76936
175 3.42007 16.4776 1.14707
176 25.058 25.873 -1.42824
177 17.9554 9.07065 -1.90525
178 21.466 14.7749 3.15035
179 23.7919 9.5096 2.96838
180 12.4238 12.8138 -2.34538
181 34.5038 29.3758 1.38363
182 19.8029 13.441 0.591922
183 2.85664 17.8209 -1.08458
184 23.7744 36.8212 2.67068
185 7.62014 9.05998 2.79059
186 34.3182 9.13487 1.82022
187 5.89318 1.27696 -0.766031
188 24.2396 14.4577 -1.19749
189 7.30422 22.9997 -1.52733
190 24.5203 23.9669 1.29442
191 8.20323 34.2854 -2.68612
192 33.7933 8.8924 2.80024
193 29.8566 18.6107 1.54961
194 8.41376 33.8591 -0.867441
195 21.8898 17.0169 -3.48364
196 31.1946 36.1987 -4.02337
197 15.2815 1.21262 0.0259707
198 35.9177 11.4465 -3.28227
199 15.3279 8.6587 -4.25018
200 2.10747 2.92492 2.39431
201 29.9654 14.3693 0.0300745
202 20.545 15.1815 1.29244
203 25.2535 12.8885 -0.23061
204 32.5692 37.6722 -1.23165
205 3.59239 31.5346 2.62546
206 10.2289 2.6059 0.310101
207 2.35924 31.4607 2.86929
208 30.5052 26.7262 -1.94157
209 15.5479 29.5186 2.72988
210 4.4751 22.5719 2.59777
211 35.3788 24.7703 -3.32645
212 38.9842 31.809 3.38566
213 3.58331 3.75293 -0.315626
214 38.1524 15.4314 -0.387437
215 36.5747 15.3927 0.494077
216 31.3818 28.6432 3.37859
217 10.0951 5.19647 0.074429
218 23.6053 19.2687 -1.7711
219 18.4969 9.8779 -2.80723
220 17.0042 4.49231 2.15777
221 26.3675 12.5664 -0.82098
222 34.0024 22.228 1.83005
223 17.9811 38.8132 -0.289218
224 13.0241 32.9964 0.527948
225 32.7495 9.96343 -1.87822
226 5.90454 19.6832 2.62672
227 5.03233 38.0402 -0.37667
228 23.6404 7.22682 -0.437041
229 35.8806 18.5292 0.0253006
230 27.8463 8.37821 -1.58627
231 17.4562 20.535 0.732289
232 26.3839 13.8577 -1.62787
233 1.53706 8.5498 0.964838
234 4.48748 35.657 0.658255
235 6.59612 5.62047 -1.63935
236 8.49978 36.7039 2.27412
237 7.37461 26.3161 -1.75649
238 15.9824 14.2943 3.86367
239 37.0142 14.4603 0.14166
240 21.777 25.0415 -1.01995
241 15.2172 29.3119 1.02566
242 4.19896 3.57746 -0.636852
243 25.6819 38.7757 -1.04998
244 37.399 17.0913 0.928843
245 20.3532 9.97912 1.43652
246 26.7047 12.7068 -2.11396
247 39.1338 7.36289 -3.68383
248 4.90647 23.9036 -1.24563
249 19.8566 32.1656 -3.42182
250 5.09313 2.12017 -1.91519
251 33.7022 5.72431 3.52866
252 27.9954 14.3972 1.11511
253 22.6875 11.5943 -0.893263
254 36.0026 26.9045 3.38634
255 32.1527 21.0616 2.94541
256 37.57 3.69745 -1.20541
257 30.4561 15.9407 0.739248
258 31.2828 36.3625 -2.7399
259 31.0361 12.1195 -3.30451
260 7.33459 3.2649 -1.3106
261 35.285 21.26 -1.34986
262 30.6575 27.316 -0.0302598
263 7.40394 4.45729 -1.58255
264 2.84609 34.7069 4.15596
265 39.6276 11.7982 -0.767388
266 3.5626 6.42614 1.05189
267 11.9027 24.169 0.342034
268 0.783911 25.4006 1.90209
269 17.4554 36.3287 0.566622
270 3.18727 9.43532 0.0920436
271 28.5998 10.7452 0.840864
272 20.0941 11.6413 0.646024
273 0.232351 38.8086 0.778921
274 10.3992 6.13643 -2.44889
275 3.50131 17.4514 -1.41472
276 33.6158 27.2921 -1.15063
277 9.32132 27.2552 -0.97084
278 8.73676 1.50416 -0.0503035
279 4.62987 17.3196 0.685045
280 34.314 22.2487 2.29616
281 29.9048 15.7676 -1.52746
282 18.2468 19.5767 -2.23077
283 23.4486 37.8548 0.240205
284 31.5221 27.3081 0.121342
285 38.5635 35.6593 -1.23555
286 35.6123 6.789 -0.153998
287 4.71786 17.4708 0.502757
288 7.11277 37.2448 2.02284
289 13.0169 32.5208 -0.384224
290 35.7199 22.7381 2.22619
291 19.7318 20.5082 1.07797
292 36.8888 25.7653 1.19646
293 7.26546 3.57233 -0.528751
294 24.7078 32.7474 -1.12402
295 10.8607 11.943 -3.71913
296 34.9422 24.1125 -0.512697
297 2.46591 24.6435 1.68344
298 26.4602 24.0156 2.10436
299 17.6456 38.8303 1.80751
300 26.3546 6.69005 1.27912
301 33.1205 18.4985 -2.11487
302 13.395 33.9156 -0.668403
303 4.68363 38.184 -2.29639
304 15.2628 26.8412 -2.18609
305 2.56783 21.1251 -0.836268
306 28.3097 13.2776 1.5638
307 8.55978 22.7412 2.39272
308 3.63143 18.3254 -2.68355
309 10.8018 0.434156 -0.99685
310 20.077 18.8258 -0.632592
311 25.4967 5.71316 3.71338
312 37.5197 2.20443 -1.41272
313 33.8962 39.7033 -0.611496
314 22.1941 2.07201 -1.07218
315 1.67867 29.5151 0.624367
316 31.1475 1.07427 1.02162
317 33.0673 38.4816 2.1561
318 27.0208 26.342 1.21566
319 5.00811 35.3378 3.94711
320 2.47981 18.8237 -1.92223
321 33.4752 8.55732 1.01488
322 7.03412 34.1408 3.7687
323 18.336 38.6334 0.0712734
324 32.0066 13.6592 -1.00519
325 5.14617 24.5929 0.364471
326 34.7338 39.1183 -2.62086
327 10.8921 1.13267 0.526847
328 13.4067 29.2925 0.18154
329 37.714 16.8758 1.18079
330 4.33851 5.43648 -0.286258
331 16.4297 31.8104 1.57127
332 32.4179 9.79114 -0.0828025
333 24.177 17.2814 2.2644
334 8.69517 15.5094 3.5065
335 9.32765 0.357918 2.00341
336 21.1308 2.67398 1.21742
337 4.6939 12.6277 1.26807
338 9.91762 28.5 0.0358596
339 34.8363 38.0453 -2.42721
340 10.5352 22.8161 -4.18705
341 34.9667 34.2805 -2.69707
342 12.3385 10.088 1.1547
343 8.23844 17.1441 3.7537
344 12.9634 39.5655 0.0764156
345 33.6792 27.9347 3.29016
346 15.8848 9.75729 -0.223753
347 5.46078 29.3338 3.0134
348 14.7502 18.5028 -0.323009
349 19.8398 17.4248 0.618668
350 10.7983 12.6321 -4.09224
351 7.84093 21.7299 2.32853
352 30.6742 23.1384 -2.60003
353 23.2759 1.93991 0.618663
354 0.78099 39.362 -0.747442
355 21.6879 24.7337 -1.08636
356 33.7006 32.9468 0.95542
357 12.9505 32.9648 -0.544422
358 16.2065 22.1212 -1.4642
359 39.3857 30.7588 -0.0466303
360 31.006 27.1395 -0.658489
361 33.0709 31.7303 -0.137748
362 35.0163 27.6073 -3.58504
363 33.1455 3.18255 0.64743
364 5.4578 3.5753 -2.08221
365 2.82993 3.37627 -1.92242
366 12.6933 4.55959 3.10251
367 19.4328 32.6009 -4.18623
368 21.5711 3.23959 0.124424
369 15.5676 28.4733 2.18972
370 22.268 25.3289 -0.720732
371 23.756 23.8437 -0.167162
372 28.2443 30.2543 -1.94329
373 6.32785 11.3478 -0.792251
374 16.2279 18.1025 1.25883
375 13.1266 6.89731 1.82442
376 3.49921 31.7575 3.56438
377 5.1181 12.5051 -1.32848
378 11.7754 3.87655 3.11862
379 27.0766 2.63715 -4.00538
380 1.76012 22.7839 3.24583
381 10.8526 31.1359 0.212294
382 35.0696 19.4691 -1.57294
383 14.6682 35.0411 -1.43953
384 15.8026 1.97427 3.02493
385 23.9716 17.7354 1.35203
386 18.832 9.3345 0.0388868
387 13.5064 2.14964 -2.95157
388 28.4533 23.3364 0.00908847
389 10.054 37.2589 -2.26104
390 28.2036 23.5643 -2.16437
391 15.1892 18.32 2.52039
392 19.4136 23.1289 3.63659
393 24.2527 14.4302 -1.59471
394 39.6841 39.4637 2.03051
395 32.7788 12.3825 -3.34029
396 2.39702 2.77899 2.66835
397 2.89581 37.3205 1.81472
398 0.155795 24.5747 2.78215
399 38.1913 15.962 1.01187
400 1.12536 1.59431 -4.17773
401 25.3397 39.0608 -2.81148
402 36.5959 8.33534 -0.273042
403 0.374398 22.4606 1.90019
404 35.7939 29.3557 -1.73569
405 0.407788 24.1213 3.24791
406 27.3562 1.30614 -0.840996
407 33.9127 0.0819114 -0.764365
408 7.99415 15.6254 -0.66093
409 11.2911 10.2027 -0.510489
410 28.0526 16.2208 -2.17768
411 16.0416 26.8618 -3.98084
412 39.7358 9.12529 -0.907501
413 15.6423 13.8022 2.41665
414 3.57793 19.5817 2.56994
415 15.2436 29.4141 3.52001
416 26.3003 37.4929 -1.14942
417 7.80155 0.00271916 0.985805
418 30.5403 25.1511 -1.36266
419 25.4167 16.8274 4.3733
420 17.3748 36.1461 2.40483
421 1.95448 17.0129 -3.59502
422 15.8312 9.60784 1.01372
423 24.2625 10.3361 1.95947
424 21.6787 23.5509 -0.530356
425 21.188 2.50518 2.65269
426 3.83069 18.6835 4.46767
427 18.2027 18.5177 -2.91778
428 35.3464 8.43847 1.33732
429 0.573237 8.06853 -1.61417
430 23.4684 16.727 2.07826
431 5.96072 10.3329 -1.79711
432 14.3044 36.1273 -1.94209
433 29.518 18.0496 1.13321
434 5.21365 28.7404 -2.12752
435 24.0876 38.9194 -3.50382
436 3.83993 22.2438 2.91704
437 11.8664 32.8699 -1.63719
438 15.1877 22.3982 0.296294
439 37.7752 21.5349 -0.0717254
440 24.6728 39.9955 -3.12901
441 4.54651 39.8272 1.66866
442 13.0536 29.5046 0.0585732
443 20.4559 14.7868 3.03115
444 8.877 7.93373 0.603883
445 3.79296 22.8853 -1.41323
446 20.2144 13.9162 1.88222
447 3.52347 7.67301 1.82828
448 33.5846 30.9808 -3.92317
449 9.42242 18.8684 3.00714
450 14.4073 14.5329 3.54149
451 5.11057 7.14 2.40811
452 19.5638 17.9259 1.55401
453 2.65303 37.1834 1.19716
454 3.58139 6.00717 0.401352
455 29.7803 4.63829 2.54807
456 19.118 7.00945 2.24662
457 22.0546 20.1436 2.33335
458 31.4978 14.1059 -2.8085
459 12.0124 11.6651 -0.193048
460 16.7507 0.119452 -0.477182
461 5.8614 32.759 3.6107
462 28.9693 14.1281 2.45848
463 2.42691 32.2603 -3.4381
464 30.0513 15.3381 -0.682846
465 30.7912 14.5906 -2.23353
466 36.0002 23.9564 -1.40861
467 1.76554 37.2212 0.318679
468 23.9545 37.7903 2.78556
469 11.9046 23.81 0.53284
470 12.7205 19.2946 -2.20688
471 0.844322 15.1634 0.144713
472 9.08516 15.487 4.0774
473 20.016 13.2767 1.59304
474 9.54144 31.4521 1.51862
475 33.6992 8.96912 3.89273
476 19.2796 29.7344 0.543874
477 11.339 31.4295 -1.01648
478 30.753 12.9238 -1.85242
479 3.45284 28.1644 0.126704
480 29.8263 14.7171 0.683396
481 21.148 36.1686 0.260228
482 4.05078 33.2681 0.269678
483 4.39843 28.7558 -2.37979
484 12.4033 26.6099 -1.06793
485 4.71991 37.4511 -1.27373
486 17.051 27.0319 0.995138
487 33.7979 24.8351 -3.22843
488 38.397 8.82523 -3.49586
489 21.4476 4.54895 -3.47932
490 9.94487 13.0982 3.38314
491 21.1349 11.8866 2.65568
492 23.4169 4.5103 1.10489
493 39.4671 23.6666 3.53548
494 7.28789 16.2546 0.524219
495 30.2745 10.261 -3.37931
496 35.7345 19.735 -4.0825
497 3.83305 31.4467 1.38815
498 23.604 9.88958 2.64856
499 4.93356 13.6335 0.324016
500 5.90636 14.8991 2.39783
501 30.5011 14.9386 0.419098
502 7.60325 0.745595 2.93932
503 11.0709 18.9369 1.16518
504 36.2691 29.9495 2.58673
505 1.58782 8.65179 -0.618617
506 30.2712 24.5187 -2.04103
507 25.2886 9.06587 0.270987
508 38.4492 36.4899 -0.931953
509 34.9924 1.4885 1.33355
510 32.3821 38.716 -0.429724
511 25.3673 37.5885 -2.20447
512 0.076369 35.3294 0.0863036
513 17.6684 30.0521 2.72545
514 12.7618 26.9433 -1.8505
515 21.3587 12.7797 -1.54463
516 28.2836 39.3704 -3.41726
517 12.3531 2.14753 -2.18867
518 25.5201 13.4793 -1.35327
519 21.5784 10.3615 0.448633
520 30.2649 2.83806 1.90134
521 33.5026 38.2632 0.225227
522 16.6324 22.2578 -2.82524
523 6.99416 19.7355 1.39548
524 35.9256 24.8439 -2.10517
525 7.13638 16.4255 -2.16075
526 3.33406 20.1162 -1.5911
527 17.2526 9.893 -2.10619
528 21.7443 5.83911 0.0487893
529 31.6069 39.1487 1.40721
530 5.0809 7.61206 3.77798
531 31.1746 8.85149 -0.13826
532 18.6801 38.3656 0.863818
533 19.7135 24.5243 1.60683
534 18.5577 22.742 -4.22351
535 10.9614 6.95012 -4.74028
536 32.7502 13.6958 3.00291
537 37.0586 15.86 0.370264
538 37.6689 37.5199 0.985674
539 3.76434 2.52993 -0.933245
540 36.329 19.1401 -3.59953
541 24.3064 21.7806 2.41534
542 38.3202 30.3735 0.76101
543 7.83511 16.1663 -1.4778
544 2.86941 34.9663 1.53397
545 15.5315 26.8344 -2.16004
546 38.0478 36.7235 0.535412
547 3.78927 17.2604 1.48001
548 37.7638 2.0146 -0.0790257
549 4.93985 24.7641 -1.68286
550 5.31885 30.9239 1.67081
551 20.08 21.707 0.371863
552 38.2368 14.3386 1.89087
553 15.9732 27.2259 -1.17049
554 13.1675 13.5999 -4.44132
555 28.4097 14.2563 2.61896
556 31.1753 20.1893 0.308164
557 3.63524 28.36 -2.12692
558 26.7079 2.02169 -2.74343
559 24.0376 33.2933 1.07926
560 29.6792 15.2036 -0.605374
561 13.2268 29.0081 0.517149
562 5.0488 28.007 0.206313
563 38.703 18.8731 -1.77162
564 18.2083 19.1492 -3.22931
565 36.1826 15.4388 0.00373867
566 17.5403 39.6748 -0.559501
567 23.9208 11.54 -0.640466
568 37.5012 9.49503 2.8188
569 3.18113 19.1688 4.28448
570 3.62652 20.7034 -1.01547
571 24.8907 12.4632 0.437715
572 0.655071 33.7563 1.83966
573 15.7618 39.8574 1.61632
574 4.41801 20.562 -2.058
575 22.6115 18.1553 2.76978
576 5.67507 3.39023 -1.77362
577 23.9083 33.6812 0.359383
578 2.83616 37.2378 4.10973
579 7.00608 4.71866 -2.48727
580 12.8569 2.02768 -0.584763
581 4.56144 31.0377 1.50576
582 19.5256 26.0229 -0.546568
583 23.0091 36.5679 0.324075
584 34.6156 13.4465 2.32205
585 3.9862 13.3872 1.23278
586 26.0784 21.1835 -0.022736
587 32.868 34.4964 -1.48876
588 18.9112 34.7675 -2.19856
589 19.5182 26.8719 2.08248
590 7.1931 7.73771 0.21752
591 6.38647 26.4778 -2.41868
592 32.6568 30.8999 -2.28334
593 16.3003 28.0734 2.25385
594 12.4535 3.89417 1.75523
595 16.1857 25.6858 2.74202
596 33.5046 39.3887 -2.3564
597 25.1891 13.0399 1.30357
598 31.6537 10.0308 -1.94619
599 18.4734 39.1983 1.1424
600 3.66402 0.847453 -0.124732
601 21.9672 35.5347 3.0665
602 0.456086 18.7187 -2.59584
603 21.6256 17.4395 -2.23574
604 39.2128 19.3222 1.77579
605 5.35723 37.4043 2.57667
606 2.66218 28.7924 -0.171756
607 5.62609 11.1402 -1.55009
608 3.07209 34.5996 2.79084
609 24.1598 37.1399 0.339076
610 35.9306 30.676 2.93507
611 36.6038 19.4336 -3.20871
612 21.3594 7.73804 1.64534
613 26.5657 12.5207 0.979511
614 6.12701 11.4148 -0.913952
615 27.9067 8.74043 -1.25548
616 29.2665 15.709 -1.63586
617 25.2767 31.8796 -0.735743
618 26.3874 1.21809 -0.266206
619 22.8982 36.9591 2.23569
620 34.6846 33.7434 -1.51543
621 36.1098 15.0643 -0.413854
622 10.3107 31.3475 0.975407
623 23.8607 9.94736 1.64495
624 39.4161 39.2864 1.71397
625 22.38 8.40557 -3.80973
626 7.80318 33.3547 -2.53669
627 6.4226 31.6623 0.292135
628 27.2958 8.74702 1.51723
629 26.6475 2.21935 -1.88696
630 30.619 27.2633 -1.34864
631 30.7174 36.2798 -2.36856
632 32.9357 32.269 3.03762
633 30.37 24.4583 -3.00233
634 0.426293 33.8866 2.19177
635 25.0182 25.7494 0.600964
636 24.2929 7.27569 -2.2825
637 38.1366 21.3248 -1.17778
638 38.8954 25.9329 1.61243
639 27.0555 12.4724 -1.49052
640 7.80676 13.8439 2.84062
641 21.6004 37.7459 2.57231
642 12.6299 38.9414 0.326557
643 19.7792 30.361 0.981641
644 16.8913 2.8279 1.83555
645 6.32679 9.07104 1.23084
646 13.6147 10.6703 -1.34901
647 12.4687 15.7807 -2.14227
648 26.6451 39.1793 -0.413218
649 19.5482 32.328 -3.37257
650 31.4973 7.92101 -0.506228
651 30.7456 19.4021 -2.341
652 0.877474 39.5331 -0.342576
653 11.1979 0.214029 0.234529
654 23.6791 10.7726 -1.80203
655 34.9232 37.2846 1.03129
656 13.5419 12.4813 -2.01285
657 27.5623 7.09188 -0.266669
658 4.2398 26.685 0.925185
659 26.4232 39.6337 0.076128
660 27.9618 14.9767 0.764209
661 35.2871 19.9876 -0.2192
662 24.0797 34.3755 2.54223
663 16.2923 11.1484 0.204792
664 29.8874 17.2559 2.14851
665 34.1698 0.447965 -0.117189
666 36.7729 4.10341 -0.352023
667 2.74998 31.8467 4.57881
668 39.9946 37.5609 -0.395712
669 11.0226 27.3796 -3.00949
670 36.272 29.0969 -3.06537
671 16.2705 39.6734 -0.939266
672 8.34989 22.8194 -0.0494225
673 37.5554 4.33745 -1.54383
674 16.1883 20.71 -1.28842
675 28.5296 18.3233 0.359324
676 30.3433 38.7851 3.14652
677 36.1421 7.66286 -1.63409
678 25.1404 38.0398 -3.59848
679 21.2737 13.5283 -1.87517
680 8.4576 22.4383 0.668712
681 14.1684 39.2412 0.365568
682 29.7852 2.67647 2.40144
683 31.1806 14.2946 1.67134
684 3.90606 29.3295 0.942813
685 20.2663 25.578 -1.41855
686 1.96946 2.28432 -4.849
687 27.2956 8.77487 1.12057
688 0.0556052 3.42984 2.52219
689 14.0645 36.5957 1.56299
690 15.5196 26.2269 1.281
691 10.3521 31.8764 -2.83691
692 25.122 13.8108 -1.99782
693 38.3383 18.8566 0.335335
694 28.3412 29.389 1.4989
695 13.8379 33.7099 -0.258649
696 34.4936 24.787 -2.28652
697 21.0425 10.3557 1.14486
698 37.8367 11.0807 -0.167129
699 23.1369 24.1974 2.48815
700 4.43391 0.523547 1.31729
701 30.534 7.59443 -1.22056
702 5.83168 2.18433 -2.92925
703 24.9174 15.1599 -0.451984
704 30.3148 24.6387 -2.33346
705 4.30853 0.971474 3.13956
706 0.119668 38.4599 0.159931
707 17.5419 10.0408 -2.31119
708 26.4325 19.0021 -0.0850286
709 22.8041 1.64374 0.0309249
710 18.1321 27.728 1.30488
711 34.5904 33.5032 -0.76919
712 28.2577 13.5805 1.81663
713 2.86986 8.38238 0.0331145
714 18.3679 24.6797 1.80063
715 36.3849 39.6569 -4.92208
716 25.4314 38.5459 -2.15401
717 16.4581 25.5195 2.80168
718 12.4554 29.0274 1.07969
719 11.5292 33.0713 -1.58639
720 20.806 30.6678 0.273226
721 30.9475 38.7435 2.65309
722 5.41927 3.08448 -1.29926
723 15.0161 2.9293 0.881315
724 7.89031 4.24188 -1.41796
725 28.3576 9.79046 1.59284
726 10.2258 27.6025 -4.10883
727 2.47114 29.2058 -2.60382
728 38.7854 8.09646 -1.08744
729 20.4711 3.47683 1.42192
730 24.0781 18.7084 1.95515
731 28.9701 16.8195 0.780277
732 17.3217 35.4845 1.77625
733 36.61 31.4394 1.65392
734 24.9618 16.6728 0.945795
735 17.1195 18.3877 -1.08004
736 21.2818 22.7344 -1.4867
737 38.5788 31.5526 3.97362
738 13.8432 5.67959 2.55305
739 11.6073 30.8802 -1.18442
740 28.9662 21.828 -1.66168
741 2.6777 31.3101 2.10745
742 20.0229 14.1336 0.59373
743 18.3648 23.0602 -2.46604
744 31.8142 32.1802 -0.231715
745 12.8371 24.4568 0.680449
746 18.1756 21.0858 4.11077
747 15.4741 26.2148 3.03564
748 16.5021 30.3621 -3.86425
749 3.718 3.25246 -2.02657
750 8.99331 36.5457 0.576503
751 9.61734 36.4736 -4.3611
752 1.69707 16.3058 -1.52605
753 4.98031 25.1067 -1.82726
754 36.9615 12.2777 -2.08032
755 24.1948 9.23084 1.56089
756 28.3074 8.85003 2.44936
757 20.9693 18.9727 1.81145
758 35.4442 33.376 1.67227
759 8.03872 31.0313 1.70356
760 30.8343 34.9857 -2.34815
761 18.4016 11.6234 -1.0836
762 21.8644 29.2164 -0.603254
763 20.7688 6.54811 -0.695666
764 24.997 9.0219 0.629421
765 26.0236 21.4535 0.885875
766 11.9495 16.1364 -0.292396
767 33.8615 14.0229 2.39671
768 6.38552 9.503 -1.03831
769 24.8057 31.8069 0.563717
770 10.8785 23.8233 -1.04267
771 1.47232 18.7672 -0.297519
772 16.0504 30.6004 -4.3849
773 31.6343 31.9427 -0.320365
774 0.578616 1.2728 -1.9823
775 21.4951 15.588 3.09504
776 6.08104 22.0175 0.529229
777 36.8014 17.4368 1.63034
778 25.2373 23.2725 -0.643014
779 28.9307 36.2846 0.662128
780 38.9285 3.45029 3.3659
781 30.6405 39.2365 2.34772
782 12.163 3.69796 0.316708
783 21.0027 11.2643 0.633597
784 28.2892 38.9943 -2.45465
785 22.4872 24.7004 -1.91051
786 7.67958 25.5289 0.175332
787 28.232 5.69047 -1.81399
788 0.973983 29.4636 0.283314
789 36.9166 15.9031 1.52308
790 6.68547 34.0358 3.54788
791 22.3209 16.2746 -3.16414
792 4.6458 29.5711 -0.122492
793 17.3969 39.4659 0.771313
794 19.4821 18.7429 0.103333
795 9.12433 15.3448 2.96138
796 16.6961 25.3158 2.46243
797 5.00727 33.3676 -1.27325
798 24.8961 7.69111 -2.66315
799 19.1156 32.4941 -2.99988
800 33.545 9.1245 2.76133
801 24.2425 10.6304 2.52923
802 34.2794 10.0541 -2.9128
803 8.77432 36.4302 -0.721411
804 0.259608 14.0796 2.32605
805 34.6362 22.6888 4.26011
806 7.64563 20.2742 2.66099
807 32.6405 3.49454 -1.46487
808 27.7264 26.8729 0.774562
809 12.7889 14.6552 0.00133083
810 16.2925 0.128775 1.28707
811 9.73134 26.1906 0.672699
812 13.4887 37.5258 0.649536
813 35.3961 2.76146 -0.398657
814 28.246 30.4422 -2.93711
815 28.7625 16.3239 -0.515538
816 7.79446 31.4045 -0.512324
817 11.5243 32.16 -0.226664
818 11.9112 10.5504 2.62839
819 26.3722 39.8704 -2.36279
820 39.3193 0.0262296 1.5131
821 15.9269 11.0555 -1.03487
822 7.89576 9.50307 0.634835
823 1.19952 3.14065 0.291084
824 37.3871 10.9083 0.460401
825 34.6637 28.1656 1.63631
826 5.59756 12.2844 -3.71037
827 34.2727 12.9104 3.47353
828 24.1071 9.65553 -0.192826
829 12.6123 39.8765 2.04814
830 14.161 24.1143 -2.66085
831 14.0313 35.4861 0.43597
832 34.2423 25.0016 -3.13256
833 15.4631 25.4212 2.91575
834 17.1383 3.71725 3.60889
835 4.49914 33.0847 -1.06209
836 15.0466 38.6078 -0.432681
837 37.6417 30.4606 3.46339
838 28.9564 8.70565 1.49894
839 36.2219 23.3149 1.45608
840 24.4629 21.1348 2.61098
841 27.1527 0.296391 -3.48845
842 23.9021 34.388 -2.33778
843 13.2394 0.773416 -2.52934
844 8.72136 15.3441 1.14396
845 2.74195 28.2941 -1.61577
846 16.0015 36.1584 2.34401
847 1.83102 23.3374 2.66685
848 24.3717 10.7336 -0.9437
849 5.99393 19.6327 2.84345
850 1.075 39.8804 0.750607
851 33.6149 38.8434 0.595365
852 27.7881 27.8237 -0.8397
853 33.2154 27.8145 4.0279
854 0.689778 34.6294 3.7184
855 16.1292 1.1802 1.98411
856 19.6919 30.0286 2.25409
857 6.57676 17.4534 1.16562
858 36.8045 25.5934 -1.14429
859 17.3685 0.548794 1.03335
860 26.9261 22.969 1.13609
861 1.36152 17.1531 -2.09546
862 2.13363 37.0524 0.14805
863 16.0625 21.9915 -0.330315
864 26.705 13.5914 0.302396
865 27.7723 24.5823 0.811106
866 28.5479 39.5399 -0.849799
867 12.8849 0.543053 0.638938
868 34.2862 22.5298 2.17659
869 32.1275 12.9909 -1.02289
870 4.82764 38.6183 -3.31795
871 21.3174 22.0139 0.142943
872 32.9265 21.2712 1.51367
873 14.9447 15.7147 0.385846
874 36.1393 6.62412 -1.02758
875 3.49551 8.9239 2.43335
876 0.270874 4.53145 0.906125
877 35.7536 38.8028 4.35334
878 1.71653 0.984813 -2.47195
879 3.89472 35.0653 -3.59323
880 1.22113 23.0321 0.910739
881 11.0581 20.4538 2.5432
882 19.0475 4.94244 2.36719
883 1.59669 22.5953 2.49873
884 14.9193 18.6974 0.527293
885 6.26313 14.2842 3.11908
886 13.0471 30.0748 -1.47844
887 36.4792 17.1099 3.80805
888 36.1467 35.0765 -2.90185
889 3.84433 16.2492 -1.90856
890 24.2987 14.4946 -2.19052
891 22.8754 16.4477 -3.26102
892 31.9828 8.2933 -2.01205
893 29.8199 25.7008 -1.941
894 35.0507 38.0649 1.32434
895 32.6751 17.6277 1.63525
896 13.8706 0.631082 -1.38356
897 6.14643 7.08675 0.779678
898 20.1172 14.8406 2.42838
899 9.65768 30.8306 2.40168
900 15.8955 8.21213 -1.82837
901 1.43678 38.5419 1.93311
902 1.78771 31.7672 -1.74655
903 3.76066 29.0473 0.628924
904 17.2232 1.45918 -2.50228
905 17.7979 28.5236 4.1589
906 25.3816 23.7576 1.63758
907 27.7239 26.1121 1.21356
908 30.8212 38.9559 3.18275
909 20.9559 7.26277 -0.314957
910 31.5728 14.3383 -1.66408
911 31.0552 22.9689 -0.0109356
912 19.9946 23.3475 -1.38635
913 2.95509 22.3992 -3.68055
914 8.97598 24.613 3.18741
915 31.6704 38.5005 0.832706
916 24.2465 21.7139 1.47393
917 3.61766 31.0306 2.42244
918 1.35856 38.6088 0.602603
919 29.9385 14.9504 -1.46809
920 3.29279 20.3191 -0.918182
921 35.5252 21.2189 -1.0845
922 21.3771 12.5729 -3.68318
923 8.5664 26.8104 -3.68158
924 25.236 37.9713 -2.49061
925 19.1294 4.82278 0.072988
926 23.8856 39.4521 -1.95379
927 4.97103 32.2164 4.21887
928 35.9011 39.9886 -3.83697
929 39.6398 33.1317 4.66208
930 16.3745 8.27805 -2.27076
931 21.4681 16.2183 -1.69781
932 12.7315 28.9882 0.859289
933 13.1866 6.98713 1.258
934 26.5927 28.8011 1.59462
935 1.3524 3.44663 2.32954
936 4.29988 24.3938 0.542906
937 7.5072 38.2781 0.42103
938 17.5833 22.7831 -2.61954
939 24.7925 10.4302 1.15995
940 15.5148 23.8536 1.9447
941 22.5865 22.8027 2.9788
942 3.94669 12.7254 0.189224
943 11.1686 3.39568 2.81414
944 38.264 23.8505 3.08207
945 8.08287 1.03071 0.3021
946 18.7289 22.5067 -3.5199
947 25.2454 6.87103 2.74647
948 9.85384 32.0862 -1.01576
949 9.51352 6.0531 0.765398
950 32.426 26.8434 3.3558
951 22.375 10.5498 0.116442
952 15.8952 14.1611 3.61118
953 36.5729 9.15771 -1.89076
954 1.37776 37.4421 2.4365
955 39.3517 12.1581 -0.622939
956 35.574 6.37476 0.622937
957 30.8637 12.8784 -3.59661
958 3.02506 30.367 2.81017
959 26.1808 30.1752 1.08111
960 10.9643 4.41728 2.27939
961 0.756498 33.9854 1.62615
962 13.6148 33.8702 -1.50913
963 13.0155 24.7884 2.70263
964 5.67049 12.9354 -1.71519
965 39.5458 29.412 -0.596566
966 17.2241 22.9132 -0.0478453
967 27.1843 36.9488 1.4073
968 33.9391 30.5299 1.62145
969 12.8279 39.934 0.582634
970 26.5715 39.5693 -2.54795
971 39.9208 8.94066 -0.587818
972 5.927 23.0367 3.259
973 10.3658 18.5766 -2.54316
974 28.6323 15.6752 0.174869
975 12.0521 27.719 -0.975842
976 6.99429 2.94798 -3.54112
977 7.08264 1.67231 -2.43987
978 15.9707 24.7636 2.84194
979 3.91013 34.9851 -4.57966
980 1.17222 16.349 -0.620239
981 3.35208 5.77133 1.90455
982 4.29758 2.63727 -2.4315
983 24.2608 14.1605 0.764451
984 9.27347 32.2014 -2.79362
985 4.75916 23.6173 0.185851
986 27.8928 16.5473 -3.00456
987 12.5396 4.87564 1.0956
988 1.26617 38.7936 -0.695794
989 16.3236 26.3462 2.64585
990 28.7953 22.3681 -2.08809
991 15.7389 24.5461 3.44409
992 0.185294 14.6309 0.435823
993 7.19688 20.6327 2.80479
994 30.8912 22.4167 -1.73648
995 8.52079 22.1053 1.23191
996 32.9682 16.4943 3.75078
997 38.2391 10.272 2.34394
998 36.8033 2.21568 1.32249
999 31.642 30.9345 -1.63647
