1000
Particles
0 7.68969 33.0813 1.76204
1 28.3501 29.6916 -1.30402
2 16.4446 9.10734 0.615661
3 10.5015 38.6644 -2.79703
4 19.3882 22.8255 1.47912
5 15.8292 12.8385 -1.15159
6 30.3378 1.65029 -2.74415
7 31.9874 20.2917 0.775821
8 11.4134 16.2356 -3.23261
9 1.5404 25.1792 -0.809664
10 23.9177 2.18955 -1.24922
11 10.4288 30.9025 -0.356523
12 32.2881 32.2458 0.182885
13 18.6739 2.43263 4.21676
14 25.1564 24.8888 -0.429387
15 14.9478 28.7171 -1.12345
16 26.5527 29.6434 0.13534
17 37.9296 24.9042 2.71004
18 33.4094 16.0119 0.894992
19 12.393 27.2471 3.27938
20 0.346725 8.72673 2.77148
21 0.839966 1.80877 2.21947
22 8.99664 6.65184 3.24674
23 37.0995 22.308 -0.680406
24 32.3426 11.0076 2.76275
25 3.09876 29.1962 -1.92509
26 22.3794 31.4015 -0.854073
27 16.6205 9.96001 -0.402556
28 12.6332 34.0431 -3.20446
29 31.9052 3.32267 2.78096
30 14.5768 17.9557 -0.737185
31 9.08455 10.6393 -2.12788
32 28.4321 2.92074 0.411431
33 9.00236 31.7155 -0.818293
34 25.3837 27.8069 -1.17112
35 22.8908 19.4189 2.07103
36 17.0613 3.39591 -1.63422
37 35.9817 28.6107 2.95052
38 29.9516 2.24024 -2.6441
39 38.0802 23.0815 4.10693
40 39.4816 37.6502 -1.41884
41 14.0184 12.0638 -1.23638
42 39.5113 20.662 -1.06339
43 20.9325 24.3854 0.368311
44 20.1697 24.4981 -2.41949
45 5.31044 21.2842 -1.93849
46 39.4801 8.85575 0.782555
47 27.0564 13.7531 0.085558
48 4.34293 1.00049 -0.248875
49 7.80846 35.2336 -1.13262
50 4.44244 31.0942 3.05949
51 25.0192 4.09253 0.128066
52 34.4965 8.4852 0.171708
53 19.9672 6.0168 -3.53279
54 25.0168 13.605 -3.17333
55 7.9542 14.0526 -3.98844
56 15.3462 16.2598 -3.49396
57 11.653 34.4677 -3.09797
58 29.4493 24.8116 -0.73956
59 5.81145 34.2273 -0.910497
60 9.13995 23.4559 -0.8975
61 22.5465 37.1518 -1.52072
62 1.23302 3.64396 2.2516
63 10.8341 17.4803 0.464696
64 29.5193 29.6747 -3.8118
65 9.1309 38.6497 -3.08763
66 2.26903 19.182 -1.0747
67 24.0511 22.108 -0.216723
68 2.59208 6.02233 2.05012
69 14.5486 38.7476 2.01747
70 12.2225 5.49629 2.76809
71 19.3418 17.1567 -0.66145
72 5.62002 10.7571 1.63247
73 22.3147 27.9701 -0.671144
74 9.20669 5.74821 3.47349
75 31.6454 35.8555 -1.24935
76 27.067 5.35539 -1.75596
77 8.07642 27.4847 3.72463
78 5.93061 34.695 1.77115
79 3.34874 1.2391 0.652814
80 39.1222 13.6238 0.0642167
81 15.7455 36.6118 -0.456577
82 13.4604 12.6729 -0.0790411
83 10.4974 29.0067 -1.84278
84 24.4929 9.25218 3.14238
85 0.662545 20.3467 2.32291
86 21.5404 13.6988 1.91289
87 26.9667 31.3894 -1.0691
88 6.47739 39.0163 -1.16806
89 7.48816 3.17198 1.06733
90 39.4067 33.1718 -0.807626
91 27.0441 20.8171 0.513599
92 20.266 28.9682 0.659617
93 9.9567 38.6522 -2.66758
94 16.9636 26.8841 -0.361204
95 20.2672 1.85584 -3.36354
96 7.93086 38.949 -0.0282353
97 17.5257 0.495219 1.05288
98 5.32026 20.4513 -1.69587
99 12.0606 5.42322 2.22826
100 30.8634 19.9981 1.21021
101 17.4956 25.4425 -2.28079
102 23.5329 35.2937 1.27517
103 17.9532 39.2771 3.48409
104 23.169 7.24496 1.35448
105 10.8604 38.8033 -0.974421
106 36.6615 22.001 1.35453
107 19.4594 22.6952 2.8524
108 39.5411 26.1722 0.941343
109 39.074 31.6185 -2.5535
110 1.8016 33.1874 -4.19102
111 31.1351 33.2605 1.51291
112 33.1658 4.18038 -2.22533
113 33.6143 34.0758 3.92178
114 30.8554 23.7604 -1.54877
115 26.5455 18.4932 -1.63277
116 21.9816 34.1816 3.42144
117 32.8387 30.3088 -0.784634
118 20.3262 7.18436 2.1729
119 31.5999 11.4321 0.716966
120 24.7704 31.0664 -0.263719
121 18.3361 16.7148 1.39162
122 28.8477 28.3814 -1.02426
123 6.92543 28.8982 -0.214329
124 11.8625 38.0346 -3.10935
125 23.6984 4.29339 2.3111
126 31.7236 36.0841 -3.47793
127 30.7469 6.40988 0.706058
128 28.3425 5.3762 0.103025
129 0.913668 17.4491 -2.7404
130 24.7198 11.1724 -1.01626
131 22.1052 26.201 -3.08254
132 18.1412 39.7798 1.74952
133 1.2491 1.61426 2.64323
134 7.56794 34.8388 -2.5683
135 18.2221 0.230864 2.94189
136 25.9744 4.27045 2.42329
137 20.6534 23.6446 -1.57194
138 1.88625 17.6218 -2.60509
139 16.7894 35.0877 0.842043
140 30.3701 38.595 -2.87143
141 28.2965 2.97398 1.17105
142 18.9939 15.8563 2.32185
143 20.4278 17.9711 0.274538
144 3.66138 31.7148 1.55574
145 23.2568 25.5126 -0.240877
146 30.7474 11.5782 -0.230953
147 37.2361 34.1938 0.0111156
148 30.3421 7.08219 -0.322117
149 10.6198 14.6507 -2.05563
150 11.4706 25.0402 -2.58171
151 26.6623 4.65918 4.19885
152 15.216 11.732 -2.28405
153 19.0167 9.97371 0.931191
154 26.9572 39.0351 -1.9323
155 38.368 27.3072 -1.29203
156 38.6338 25.7277 2.01108
157 20.3066 1.9894 -2.83097
158 12.307 1.47792 -0.170038
159 26.6176 30.1598 -2.29414
160 9.53717 18.6172 0.260417
161 11.7292 24.5759 0.179082
162 26.9452 21.9438 1.21741
163 10.0641 9.9483 1.3602
164 21.5242 11.2799 1.14504
165 31.5658 5.45186 -1.17869
166 34.0647 4.0542 -1.07931
167 6.53917 34.3788 -0.793976
168 38.0454 26.5885 0.707467
169 4.32439 2.36242 1.60761
170 35.526 33.4649 1.09335
171 23.8865 28.2192 -2.84169
172 7.44766 19.7491 -0.958867
173 33.9859 29.8855 -3.02011
174 20.5381 10.5764 0.616234
175 38.5304 12.406 0.403183
176 24.0862 20.5917 -0.524739
177 11.8909 5.58199 2.00665
178 32.6052 22.3313 0.0121306
179 22.7918 13.0226 -3.22697
180 18.8094 5.51563 -1.46452
181 12.5926 28.1765 3.14924
182 16.0191 21.7992 -2.26093
183 39.7979 20.8644 -2.66695
184 1.77834 1.282 2.30447
185 8.75472 8.98321 -2.81725
186 23.6255 34.6293 1.08657
187 39.4396 9.89138 2.9081
188 11.7379 12.3471 -1.78493
189 7.76358 17.8321 -2.50254
190 23.3376 22.1634 0.00560144
191 14.8604 28.1754 -1.06409
192 1.51964 1.37315 3.75296
193 22.2601 27.1177 -3.26196
194 19.7069 20.3716 4.00346
195 6.06768 19.484 1.12398
196 31.2099 5.98517 0.351411
197 11.7494 34.8834 -0.641353
198 30.067 16.2622 -0.762636
199 18.5709 12.1317 -3.0782
200 37.1742 35.9756 -1.32556
201 1.91745 14.852 -1.79057
202 10.8077 17.5354 -1.07311
203 21.1746 20.1862 2.8709
204 34.4632 25.5683 -1.58099
205 7.48279 31.0512 3.87534
206 6.93688 2.38735 2.78497
207 32.9021 1.01505 2.9935
208 33.1407 19.6774 4.3599
209 3.82683 37.0527 -0.77751
210 17.7566 20.3256 0.826548
211 34.5987 17.4762 -0.133589
212 31.1315 32.3048 3.32396
213 0.237074 0.267906 1.90764
214 28.3706 21.1714 0.297824
215 5.43156 14.5865 0.92634
216 30.2808 29.5949 -2.9825
217 12.1767 11.277 -2.12564
218 8.86247 13.3167 3.77757
219 26.0235 36.4927 3.22679
220 12.7577 2.84408 1.16957
221 17.573 20.321 0.280901
222 37.0256 32.3266 -0.640625
223 17.1167 22.9844 -1.91495
224 4.34068 27.5853 -1.30178
225 1.2376 9.17359 1.5887
226 28.6076 12.1315 2.58532
227 7.15373 7.16204 0.42414
228 16.2408 1.86084 -0.166971
229 0.492458 24.5668 1.03195
230 37.6107 38.6906 2.01536
231 16.8855 29.8858 -3.48579
232 34.1712 33.573 1.09852
233 32.4683 4.0081 0.759751
234 2.23825 7.96067 2.44641
235 1.51017 11.4366 -1.89679
236 23.1388 5.20633 2.00505
237 15.7615 20.0641 3.85726
238 11.3003 9.88497 -2.0045
239 31.7614 13.8027 -0.253514
240 16.3763 18.0051 3.00218
241 0.0805652 28.1842 0.284377
242 32.5383 38.9216 -2.02725
243 30.3396 36.5701 -3.63408
244 8.16554 5.67057 -0.912506
245 15.6416 31.8149 2.8507
246 28.5813 6.31009 0.978898
247 3.93848 2.24726 1.199
248 7.70416 27.8275 -3.22382
249 6.42715 1.59988 2.50429
250 23.4637 4.1154 0.671211
251 28.3494 5.18266 1.45095
252 28.9408 13.5819 -1.48868
253 30.6109 12.7804 -2.725
254 11.3829 35.3155 -1.43445
255 31.37 24.165 0.792185
256 2.86751 2.00802 1.30415
257 28.2246 16.2186 -0.942481
258 27.5637 2.36889 -0.902448
259 39.2983 18.758 1.98167
260 0.206646 4.97338 0.199294
261 31.6376 20.2463 1.65925
262 32.5721 39.1575 -0.954311
263 5.34471 34.5505 0.86264
264 10.7716 21.9256 -1.56936
265 2.56418 29.4266 -0.463751
266 1.58591 16.4781 -2.53527
267 10.2647 17.5081 -0.870124
268 18.2104 18.4108 -3.67134
269 37.0397 35.5576 0.855398
270 34.9159 12.6382 0.29454
271 39.2071 13.9067 2.48054
272 20.7163 17.9217 -2.53588
273 36.244 32.1256 1.25188
274 10.394 39.5525 -2.76996
275 12.2675 34.1837 -4.29673
276 32.0757 20.1926 3.22114
277 3.72749 17.7669 3.32466
278 7.74206 9.96153 -2.79322
279 16.0882 29.2282 -2.80001
280 6.40335 34.6347 1.15356
281 23.6807 21.9672 -1.75314
282 11.6189 16.5439 -3.44591
283 23.7025 4.43088 2.38995
284 33.8004 20.0112 1.09157
285 5.42 31.7014 1.27207
286 38.9511 8.23802 -2.26033
287 15.6052 15.7369 -2.73088
288 5.53679 1.72305 0.146233
289 7.23862 33.776 -2.8555
290 31.9849 28.6638 2.67425
291 12.8107 1.86502 1.57375
292 28.0976 20.7007 2.77711
293 17.3444 8.66026 2.61106
294 29.0347 29.4991 -2.26674
295 15.9155 13.9999 -2.60881
296 24.9089 26.4654 1.51885
297 39.2591 32.4845 -1.185
298 23.771 2.77302 -1.87332
299 19.1715 29.1021 4.2098
300 15.8595 16.4513 -2.45804
301 24.3729 27.1388 -0.829247
302 24.9923 1.13444 2.49385
303 1.43022 16.891 -0.750099
304 10.2545 33.1222 2.32661
305 0.884134 22.7346 0.909093
306 22.4866 18.4942 -0.291629
307 11.9103 21.1651 0.530488
308 5.06198 25.282 -0.643973
309 18.6784 38.8781 2.83673
310 15.9016 19.3726 1.76709
311 24.0877 22.9606 -0.904902
312 37.2022 26.5084 3.47095
313 24.7994 7.13316 -0.629735
314 20.3262 38.4891 0.814365
315 5.45098 37.6542 1.53493
316 32.7084 38.1327 1.60707
317 17.434 29.9859 -2.3835
318 24.996 28.6055 -0.14528
319 8.3103 8.9692 -1.43146
320 12.352 17.7006 1.69815
321 26.0221 10.5312 -0.483129
322 4.00091 0.657528 0.884816
323 2.09787 39.1714 1.18392
324 25.7307 15.0439 1.93386
325 11.1415 29.3605 1.42057
326 15.2824 9.27737 2.25565
327 11.3987 32.4313 -0.183368
328 15.0261 32.4428 2.40648
329 14.2481 18.1872 2.14141
330 1.99429 14.614 0.398932
331 24.7125 5.55404 -2.06256
332 36.6727 2.28754 -0.160144
333 31.4073 26.0602 0.324828
334 14.7433 10.9019 -1.63669
335 1.69464 36.053 -2.62885
336 23.3341 8.46975 1.37638
337 9.30088 21.855 2.40781
338 22.094 24.296 -0.431134
339 37.8601 33.369 3.76025
340 17.2562 14.4887 -0.24973
341 32.567 23.1908 0.250396
342 18.2209 11.3283 -2.81631
343 6.96613 14.7791 -0.63639
344 8.65541 2.44859 -0.896717
345 3.76096 32.5292 1.30556
346 18.4464 11.2033 -2.98382
347 9.04266 0.151572 1.30416
348 12.6236 18.2712 2.22393
349 17.3997 19.7187 0.145566
350 9.17586 11.9289 0.719011
351 38.703 26.1285 -0.353127
352 26.413 24.0927 0.61334
353 20.4412 16.3277 0.200169
354 4.93609 36.2063 3.00932
355 16.4444 18.9201 1.43442
356 1.01938 0.20752 -0.0305136
357 9.22764 12.5948 0.969995
358 10.8279 13.309 0.109318
359 20.8059 26.1095 -1.80039
360 31.0465 24.8518 1.87409
361 31.6211 30.1231 -0.759245
362 32.1109 28.9846 1.83941
363 35.3837 12.279 -0.467315
364 13.4332 11.28 -2.39823
365 0.684799 35.6579 1.12536
366 9.71199 1.33249 -1.57515
367 4.8782 36.9067 -0.336023
368 18.7081 10.435 0.421014
369 17.9589 10.5471 0.926596
370 22.6676 33.5445 3.81693
371 32.1726 16.5572 -0.955146
372 22.4952 27.6514 -0.99844
373 17.6345 17.7032 1.00727
374 9.19474 10.9149 -0.10124
375 8.47317 7.06499 1.43807
376 38.796 30.2618 0.112313
377 32.6516 8.74604 2.90625
378 18.6971 5.63669 -4.00559
379 6.67456 35.4953 0.375061
380 34.1549 36.1816 -1.08895
381 12.358 37.7371 -3.70939
382 1.83818 15.7039 1.16735
383 20.5032 28.0331 -2.95003
384 29.9856 7.66423 -2.8211
385 19.1658 28.5161 0.636779
386 26.6064 11.1762 -2.63622
387 2.07179 2.08554 3.6081
388 32.3539 29.6631 -2.30932
389 16.7922 2.91449 -2.73167
390 28.2848 9.88572 -1.10774
391 8.67249 10.6933 -2.27906
392 25.9429 19.0217 -1.5784
393 21.1857 36.5766 -2.09376
394 27.3621 8.89074 -1.0291
395 1.4289 13.9091 1.29261
396 15.5393 0.405738 -0.306974
397 8.89215 16.867 2.13124
398 30.5968 35.5788 -3.11502
399 30.5567 11.5223 -1.75065
400 6.94176 0.494585 2.04443
401 26.8094 28.9869 1.40527
402 37.0472 12.3494 -2.30286
403 10.0764 29.3613 -1.32551
404 20.5728 31.2895 0.418288
405 5.11258 24.3856 -1.70938
406 19.2873 6.99262 0.394684
407 0.317238 13.3328 1.62298
408 13.0549 5.43886 0.625373
409 30.0016 7.98245 -2.62993
410 18.1971 23.2082 1.24941
411 19.9559 32.3196 0.273641
412 3.62375 2.15855 0.729614
413 6.30319 21.7817 -0.593822
414 11.1422 5.33591 2.77616
415 10.0917 28.0813 0.322701
416 6.57507 34.1648 1.7101
417 2.75557 2.43463 0.265023
418 25.322 23.7201 -1.03107
419 24.0525 10.9141 1.0675
420 28.165 0.310643 2.9399
421 9.20841 11.4199 0.367609
422 10.5234 13.3717 0.31822
423 36.7275 9.56526 1.14365
424 25.093 19.3806 -1.57749
425 21.5634 5.3802 2.86543
426 13.3027 18.0478 0.172799
427 19.8468 24.3304 -2.41717
428 8.73733 4.2264 -1.68203
429 39.2661 4.63404 1.56954
430 10.5629 16.579 -0.850279
431 6.67421 7.0425 -0.476082
432 14.6014 31.1511 4.38286
433 26.965 23.74 0.677939
434 14.0495 19.0129 1.64098
435 2.1564 31.8119 -1.65419
436 39.2247 30.0277 2.77278
437 7.63313 2.83904 0.387164
438 0.975567 37.0383 -0.0610644
439 38.8021 20.6562 -0.128245
440 21.817 6.42783 2.17709
441 17.3508 37.879 0.716575
442 15.9321 14.2249 -0.014818
443 24.4198 25.5836 -0.215636
444 15.1641 19.7389 0.696963
445 14.0852 19.9872 0.759515
446 20.1128 7.28476 3.7942
447 12.0788 4.8836 0.0209295
448 30.7989 20.8161 1.6451
449 15.6249 17.5334 0.498613
450 5.54507 14.2456 1.78114
451 31.5465 15.2037 -1.91054
452 9.68111 10.3182 -0.788925
453 6.66782 16.5721 1.65906
454 35.6448 9.72251 3.99516
455 28.579 39.085 2.67435
456 9.23731 11.431 -0.781126
457 25.4028 12.0497 -0.124571
458 25.133 19.6974 -1.62877
459 15.3177 38.1192 4.32107
460 6.33187 1.10124 -1.09885
461 10.1683 4.53298 1.24839
462 20.5214 20.8932 3.34568
463 7.39118 34.8172 -2.91146
464 29.279 33.6248 0.634864
465 25.3798 10.7884 -1.39569
466 33.7815 25.5921 -3.07691
467 7.23452 34.2452 -3.35891
468 15.0523 31.9247 3.80035
469 27.6026 35.8943 2.28077
470 11.7597 15.0603 -2.92651
471 31.8329 29.0679 2.81978
472 19.2412 39.9455 0.777132
473 14.8389 37.0304 1.43659
474 6.07407 38.7197 1.01176
475 36.3282 37.3214 -3.79645
476 14.5492 18.6619 -0.223261
477 10.951 34.8339 -3.00363
478 29.1517 28.4031 -1.07751
479 37.8861 30.9716 3.60325
480 38.525 24.9599 -0.572844
481 33.2994 39.2285 2.91902
482 14.0263 39.0372 1.57244
483 6.6179 36.6679 0.36937
484 22.2687 0.402558 0.452012
485 2.62167 35.9356 -0.622787
486 18.4406 29.3842 3.3838
487 32.7326 30.4583 -0.747888
488 0.116424 8.06201 1.95135
489 22.3665 5.12158 3.35065
490 2.3088 5.74145 2.29787
491 18.0587 13.9109 -2.82658
492 18.7103 38.1381 -1.88241
493 0.279049 28.9151 1.90046
494 9.7445 13.4957 3.31211
495 37.5946 9.83234 -1.00947
496 27.186 24.354 1.63309
497 12.7231 38.2902 -2.77526
498 20.8455 14.5511 0.284564
499 8.31741 19.6365 0.360153
500 8.75188 9.13865 -0.602999
501 33.3325 8.36227 1.39583
502 4.77569 3.41641 -0.0315629
503 22.8912 25.6494 1.88387
504 5.19511 1.83121 1.93896
505 10.8076 7.14053 -3.15041
506 32.3769 24.7888 1.68364
507 24.1889 13.9693 -0.0253959
508 10.4228 31.9128 1.88203
509 17.9917 0.118065 3.28971
510 32.0858 11.1001 2.45169
511 22.9487 31.5177 0.267338
512 31.8073 23.8821 0.415663
513 19.4175 21.2401 -3.74699
514 4.52363 35.3775 2.89787
515 14.6443 13.2069 -3.65205
516 15.9464 34.9685 2.20391
517 13.1124 13.246 -2.73833
518 37.7249 2.90404 -1.25759
519 21.8154 21.507 1.46268
520 3.11324 2.23406 2.82477
521 39.4068 33.7392 -3.70935
522 30.0984 22.2793 -2.47884
523 13.5087 19.4419 -0.274255
524 14.7857 25.5511 0.427959
525 11.7968 15.4373 -1.30476
526 17.4975 26.0864 -0.267854
527 10.2415 2.13634 -2.94282
528 19.3312 9.08516 0.477052
529 33.7533 34.4367 3.52389
530 27.405 13.8599 1.83759
531 28.3872 0.471549 3.37572
532 20.8435 38.8995 -4.54457
533 6.16177 32.4834 0.145049
534 8.13393 26.7339 3.02468
535 31.928 6.37797 0.257886
536 38.844 16.1036 -0.37877
537 39.9067 26.4261 1.84005
538 19.7489 37.5135 -0.81687
539 20.7607 15.9862 -1.81694
540 34.7434 15.8133 2.46984
541 21.5391 24.1967 0.347165
542 31.9148 35.2523 -1.63032
543 6.51707 17.4273 -2.44907
544 37.1937 32.7823 1.19703
545 5.58177 21.5941 -0.989537
546 36.7618 38.5921 -1.25287
547 2.93962 11.3672 0.219818
548 37.5096 1.4144 0.807808
549 39.0327 30.9443 0.864908
550 39.1701 30.4736 4.11213
551 34.0745 8.17095 -1.91993
552 15.097 1.68328 -0.853836
553 9.353 32.976 2.4481
554 13.4761 6.23109 2.09006
555 34.6385 7.79485 -0.108317
556 39.3719 15.1704 0.479633
557 8.90039 10.8781 -0.989285
558 27.5586 4.788 3.9461
559 31.4013 31.1878 1.29436
560 37.1274 22.8775 -1.00142
561 39.3801 35.8273 1.28008
562 10.8028 22.321 -2.60796
563 5.94549 10.1587 -0.475653
564 9.81782 24.1468 -1.07802
565 6.06543 22.2575 0.987504
566 15.6511 38.0677 3.9391
567 27.9147 14.8101 0.268292
568 3.62282 2.91718 -0.89924
569 28.752 30.3226 -2.30808
570 4.51705 27.9429 0.319928
571 14.0463 12.2017 -0.534592
572 29.0548 29.564 -1.74675
573 23.2494 32.5404 1.86695
574 9.99959 24.7872 -2.72386
575 14.609 16.6736 -4.45361
576 3.15577 1.92576 2.42551
577 23.3774 32.9919 1.37174
578 11.7588 34.1842 -2.6684
579 16.3719 12.3916 3.37509
580 7.44188 26.8288 0.953176
581 5.90622 23.5118 -0.0259996
582 18.5499 19.0088 3.31399
583 19.9948 29.0888 1.27512
584 3.31864 11.0021 -1.6815
585 1.47049 25.9246 -2.82991
586 21.9839 23.2962 -0.739778
587 28.9541 38.0625 4.33088
588 20.1273 33.5852 1.46578
589 22.781 9.78782 -0.889383
590 3.08794 8.01475 -0.670689
591 14.2378 27.7006 1.58677
592 26.8946 24.6297 4.1755
593 4.78956 20.2187 -1.23015
594 3.48145 5.45918 1.0773
595 32.2081 29.285 2.69583
596 0.308206 1.70135 2.16495
597 25.7217 10.6702 -3.22382
598 2.33196 15.1786 0.361819
599 8.60747 38.471 -2.05437
600 0.945883 36.252 1.28222
601 17.4378 36.6524 2.81598
602 15.942 17.3932 -0.723129
603 17.5738 5.75337 -1.04142
604 33.4469 33.4392 3.31219
605 19.4874 22.6904 0.961218
606 39.1832 29.4349 2.92888
607 39.2762 13.6858 1.04292
608 6.68074 1.72071 0.442851
609 27.4941 9.89425 0.787172
610 32.339 24.6174 0.58766
611 38.5184 25.8278 2.63774
612 21.6601 7.37874 1.41412
613 17.0777 10.94 -1.20386
614 36.403 0.525353 -1.14774
615 30.9827 5.38524 -1.58172
616 32.6829 17.3448 -3.17199
617 27.4314 25.0264 1.43246
618 6.41428 1.45332 -0.111779
619 20.6856 29.6359 2.4161
620 35.9575 2.11782 0.70628
621 21.3384 19.7667 0.728861
622 31.2307 5.91406 -0.965927
623 19.3165 18.0158 -0.00763824
624 37.4876 8.71022 0.904528
625 11.975 5.84311 3.58033
626 4.14032 0.814638 2.48678
627 5.48743 0.317052 1.25645
628 17.2198 5.39046 -2.25236
629 26.5971 7.47667 2.59347
630 1.54206 3.24944 2.27789
631 30.7323 1.97547 -2.7996
632 37.1518 33.241 0.226174
633 5.27197 21.9332 -1.01277
634 36.1955 12.4332 -2.84183
635 31.1041 24.015 -0.450802
636 24.6569 13.7978 -0.179561
637 5.48982 34.0033 3.14377
638 32.885 28.9308 4.46461
639 28.7527 21.6321 1.97729
640 10.7914 17.2134 -0.523221
641 34.6975 8.581 -0.609195
642 11.6965 32.5842 1.00037
643 28.385 36.0191 3.73295
644 10.1511 2.2999 -0.180725
645 9.16518 7.00177 1.17082
646 15.5164 2.86944 0.678859
647 7.02473 4.52157 0.620564
648 30.3945 32.848 -0.448767
649 13.2865 11.8303 0.206321
650 26.9488 20.1538 1.81406
651 29.7965 19.0804 -0.188797
652 6.4404 29.9187 1.74684
653 2.27618 38.2691 1.49933
654 25.4838 20.0171 -0.518176
655 34.5316 31.8252 -0.816194
656 13.3313 10.5154 -0.885273
657 26.8329 9.65823 -2.42912
658 7.53674 24.155 2.81053
659 5.04883 1.37921 -0.200202
660 21.4568 19.441 -0.176161
661 3.68813 12.5327 0.826004
662 35.888 1.44677 -0.936429
663 3.87531 18.4061 3.32012
664 35.3327 17.3917 2.26471
665 33.9523 34.4681 1.2722
666 26.6143 4.71886 3.06422
667 34.0629 28.3925 -2.58579
668 11.0328 31.8536 2.09216
669 9.83431 31.7107 3.20276
670 35.4567 32.2457 1.46708
671 34.5782 39.8334 2.8139
672 15.7424 33.835 2.08059
673 39.0543 8.89687 0.771799
674 6.02983 19.9563 -0.342224
675 29.1593 14.7349 0.177417
676 3.70902 1.38841 1.11445
677 7.2654 17.955 -0.477842
678 24.4534 0.577629 0.749748
679 21.7028 24.4891 1.12569
680 23.8515 37.3627 -0.9567
681 15.7864 36.6749 -1.01686
682 37.2658 0.526462 -0.923997
683 20.0944 25.7873 -3.6778
684 3.77277 27.6205 -2.42881
685 21.6578 26.9174 -2.15369
686 0.580815 36.8495 1.00226
687 19.7343 16.2692 2.19128
688 26.9272 7.23294 3.11174
689 6.64686 4.58316 0.214613
690 8.11386 0.448459 2.93955
691 20.0446 32.9054 -0.506006
692 27.6365 14.6767 0.169168
693 0.462902 22.5178 2.71662
694 30.0659 17.4081 -0.474948
695 10.6266 31.1924 2.67343
696 16.8381 20.9683 2.63692
697 28.5067 3.74036 -2.5393
698 38.3626 13.1875 2.57582
699 39.9108 27.1277 -0.102206
700 7.58676 0.229362 1.21678
701 13.1839 1.60701 1.11008
702 9.55156 35.6573 2.39389
703 1.31004 12.2265 -0.643144
704 32.3096 38.8192 -2.39435
705 6.31371 21.8661 -1.55991
706 35.3479 32.2958 -0.00404943
707 20.8406 39.7413 0.188089
708 39.1257 21.5305 -1.46018
709 27.9747 14.8561 0.520178
710 19.5456 1.71379 0.773761
711 34.3541 33.8773 1.01664
712 31.1231 25.1367 0.885005
713 33.0005 16.0402 0.283094
714 27.3329 38.4394 2.86754
715 36.1648 31.237 0.0392209
716 18.3253 30.838 -4.67889
717 18.6916 30.6873 -3.22873
718 3.63188 27.4065 -2.23067
719 14.3718 32.4301 -0.883999
720 11.0283 18.782 1.76397
721 19.0799 36.3532 -0.124495
722 4.76597 2.00522 2.68013
723 4.81142 37.8497 0.00627599
724 22.7577 0.303509 -0.284346
725 29.5626 33.9253 0.876038
726 0.177002 29.7291 2.89543
727 9.93165 23.122 -1.48504
728 2.27538 32.4207 -0.524526
729 18.7829 2.53366 2.28756
730 22.3087 10.9636 1.0832
731 32.8134 16.5516 -1.11108
732 23.4059 0.491307 -2.00242
733 25.6148 30.5545 1.06276
734 35.8167 9.70994 -1.13218
735 15.6947 32.4455 3.69607
736 23.9502 23.649 -2.70692
737 1.63646 35.8733 -1.81126
738 20.2102 10.2415 0.560658
739 10.1358 22.9239 -3.20814
740 29.8522 20.8593 3.32738
741 2.72341 21.5115 -2.73692
742 17.2407 17.9184 2.03068
743 25.5713 22.7193 2.55623
744 34.9893 21.1554 1.79692
745 17.2043 39.1191 3.23637
746 17.9946 8.34558 1.26933
747 16.0211 22.8826 -1.93342
748 17.9811 31.8052 3.73666
749 8.78679 4.07254 0.302249
750 3.30334 31.5845 0.330028
751 1.80227 31.9301 -0.0240094
752 5.5092 17.5465 -4.54178
753 17.4522 20.0812 -0.607945
754 30.8696 22.6965 -2.3428
755 30.6985 7.04446 -2.45742
756 12.1914 9.14026 -1.95643
757 4.63344 33.5103 3.6317
758 0.72485 17.7669 -3.02267
759 12.0481 28.323 -0.60576
760 38.2914 29.4233 -0.831134
761 10.043 17.4337 -0.194429
762 20.0228 25.2372 -0.970121
763 6.01258 1.29797 -0.973876
764 14.9288 17.7026 -0.45478
765 39.3026 20.0258 0.655228
766 10.2053 12.6105 2.64224
767 31.1387 11.16 1.51443
768 7.78153 15.0246 -1.44796
769 14.1453 29.431 -2.02055
770 2.20151 25.4632 0.55785
771 7.9343 20.0454 0.938529
772 14.8104 31.8804 -1.7252
773 35.4478 27.5814 3.98344
774 5.83033 31.4544 3.90756
775 16.1411 9.37045 0.666275
776 8.3093 11.7616 0.996539
777 34.251 26.855 -3.30585
778 35.4401 25.6875 -3.94287
779 19.7139 5.99523 -3.64047
780 1.3531 4.24098 1.10981
781 13.2043 36.3395 1.07468
782 9.17499 4.91898 -2.31614
783 9.67596 13.0892 2.31239
784 34.6531 0.722329 4.93034
785 20.5423 8.15798 1.86979
786 5.7624 18.6274 0.541483
787 37.4819 5.19211 1.14736
788 7.12293 32.8047 -2.29945
789 1.10085 1.89856 3.39143
790 9.28706 25.4331 -1.38922
791 10.2411 21.4988 2.38336
792 11.0276 20.9476 1.04198
793 21.5647 36.8051 0.10712
794 20.438 24.4822 -1.59004
795 0.167398 2.44517 -4.08592
796 14.4664 13.9598 -4.45641
797 2.38691 29.0364 -0.488178
798 28.6945 11.3811 1.27576
799 31.0329 4.4216 -1.88037
800 32.643 12.2621 0.134484
801 18.9559 22.0489 3.00697
802 35.6396 24.7457 -1.72629
803 10.5332 0.889224 -2.85068
804 2.91204 20.4892 -2.86401
805 3.12886 24.6493 1.55723
806 4.75702 26.9433 -2.74349
807 27.4358 18.3704 -2.96494
808 20.4749 32.194 0.902641
809 29.2635 23.3811 1.01294
810 15.39 31.744 1.1306
811 36.5123 22.4611 -1.3942
812 10.7232 8.87985 -0.633976
813 6.78887 9.90373 1.82986
814 29.4898 37.3181 3.39675
815 25.4029 14.7044 2.58118
816 15.636 0.441148 -0.658884
817 18.8798 31.8987 3.99065
818 6.72548 4.28476 -0.694963
819 30.2879 4.95027 -0.188459
820 9.23301 39.9077 0.224622
821 16.0098 9.32366 -0.349822
822 5.2131 0.630444 1.09537
823 24.1306 4.97892 1.55561
824 28.0952 12.0534 2.72118
825 36.017 2.54038 -2.22802
826 6.43003 16.5563 -0.839037
827 32.4067 12.1569 2.80579
828 17.05 18.7819 1.69442
829 11.1969 32.1865 1.42505
830 9.6268 12.9757 1.78023
831 21.0702 38.5555 3.48314
832 34.2735 3.38967 -0.850653
833 13.3019 13.6396 -3.41233
834 18.8456 9.61369 -0.773301
835 5.15823 32.8442 1.95569
836 19.6518 29.8461 -2.64846
837 30.5722 36.9408 -3.23546
838 17.7616 5.54082 -2.7201
839 8.18787 10.0111 0.0900162
840 28.1255 15.4235 1.00978
841 24.8041 36.5803 -2.15053
842 21.3382 36.2224 1.04979
843 20.0236 4.34046 -0.369737
844 4.56524 23.4055 -2.7342
845 5.7406 31.218 0.692893
846 5.17215 20.7717 -1.57698
847 38.7638 25.5779 0.0779223
848 26.3792 23.914 0.96174
849 20.7358 17.3084 1.58404
850 33.4401 37.0784 4.91107
851 7.22696 3.43121 -1.00472
852 28.1419 24.9597 -2.29225
853 17.0735 17.9501 2.38816
854 5.55431 0.459924 -1.52075
855 16.113 34.4845 0.996194
856 14.368 32.4765 -4.1548
857 11.4654 33.2718 -2.25542
858 33.227 29.4928 -2.914
859 11.4009 34.4697 -2.58481
860 37.5616 17.0477 -2.13828
861 6.65302 10.7615 -0.726727
862 6.41792 25.3597 1.39413
863 13.7874 12.0083 -2.8805
864 13.6396 11.2835 -0.164704
865 22.9493 28.2553 -2.46038
866 30.0691 0.938814 4.77027
867 30.8736 22.6881 -0.94259
868 35.961 31.374 0.369782
869 1.57884 20.8743 -1.01212
870 39.9722 2.56941 -4.09471
871 17.9174 25.421 0.537005
872 33.6411 16.8477 1.61931
873 6.37642 15.0424 -1.03247
874 26.9591 13.7349 1.95426
875 31.5011 1.49503 1.77209
876 19.228 22.2545 1.09719
877 34.6587 12.3001 1.42251
878 38.585 2.01036 0.975334
879 6.59062 34.4524 0.2643
880 33.3404 23.8665 2.0988
881 14.9402 21.3008 0.834815
882 29.5843 5.82104 1.81517
883 33.8769 28.769 -0.521741
884 39.7481 15.8714 -2.55773
885 17.5244 11.5699 -2.97571
886 19.3258 20.0107 -0.29238
887 2.39687 21.2758 2.51973
888 33.8651 27.0388 -1.62355
889 38.9988 7.16907 1.64443
890 14.3081 12.0902 -3.49565
891 19.7296 23.0648 2.72077
892 24.8437 9.30599 1.07123
893 32.8871 23.2329 1.41341
894 27.6496 26.1849 -1.88688
895 36.6602 4.1167 -1.17263
896 15.2941 38.6799 0.887079
897 2.55593 14.5696 -1.70146
898 25.7274 22.0365 0.956327
899 7.37456 24.3457 1.50562
900 8.47598 39.26 1.07312
901 0.976197 0.733826 3.58415
902 5.21415 28.3111 3.46246
903 15.8651 35.3477 -0.307423
904 19.6747 36.3696 0.665839
905 33.3133 38.0445 3.40609
906 19.6002 14.1942 -1.34772
907 11.38 24.2997 -2.398
908 32.1756 38.9718 -0.406841
909 9.34409 38.0289 -2.81004
910 3.08616 23.2 -0.616893
911 33.2281 4.5701 -2.7876
912 27.7844 16.0843 0.895967
913 34.4677 33.7802 3.11687
914 38.8986 26.8021 1.52824
915 0.105723 0.937514 2.91068
916 36.2162 20.0075 -0.108204
917 16.2792 22.4919 -2.79465
918 35.0308 9.27589 -2.57344
919 27.6641 25.0003 -2.12445
920 0.63594 21.4241 -0.456534
921 30.4266 17.6461 1.03775
922 27.6513 21.5699 1.14348
923 6.62834 25.9 3.59387
924 33.8402 27.2883 -1.59409
925 18.4553 16.3077 2.81459
926 19.2799 6.94637 1.62437
927 2.53904 32.1204 4.15763
928 33.1235 1.97522 -1.01889
929 10.7052 29.3531 1.28857
930 7.26348 2.99674 0.415065
931 10.8609 23.841 -0.821265
932 30.5767 22.9319 -1.21866
933 18.962 0.713557 0.85771
934 30.3006 22.1005 -2.62575
935 9.05299 13.3751 0.996064
936 11.8029 18.4545 1.83628
937 26.4176 6.04052 -2.48127
938 14.3872 18.4971 -1.00045
939 10.4112 1.76106 -2.42791
940 12.7757 26.0236 -0.829493
941 32.6511 22.4004 -0.251791
942 6.39033 19.003 -2.20414
943 12.7545 5.04781 3.20656
944 5.99535 37.5652 2.57794
945 3.17238 7.11794 -0.738445
946 14.2936 19.6659 2.3226
947 12.8316 10.2212 -1.26611
948 17.6824 8.35624 3.56432
949 8.82646 8.55848 -1.13856
950 3.4121 24.4554 3.32089
951 11.0252 6.63917 -2.94574
952 10.3126 24.1719 -3.87542
953 36.7284 21.7451 -1.93275
954 10.8191 34.3526 -3.4788
955 8.3369 1.62484 1.26766
956 30.7776 14.2731 1.01863
957 34.3054 17.5156 -1.53185
958 6.21866 3.00463 2.66789
959 38.9898 16.6876 -2.42413
960 9.88118 33.8888 3.29256
961 6.47962 26.9238 3.0903
962 13.2952 28.2753 2.06213
963 9.60238 37.8313 1.82728
964 36.6689 9.17259 1.99114
965 0.29634 30.0894 2.63323
966 13.693 12.3628 -2.38487
967 20.3653 39.0487 1.52996
968 39.2748 14.5389 2.10429
969 15.6335 5.11977 3.92261
970 12.8157 37.8255 -0.856778
971 17.8834 18.4042 3.35215
972 12.3306 18.4692 2.28214
973 5.24472 19.3841 -1.00305
974 38.5868 26.9034 2.74969
975 9.89762 20.9713 0.469017
976 9.27831 15.8541 2.92901
977 4.25026 37.2938 -0.171549
978 10.3925 33.1099 1.69321
979 8.23534 3.06638 -2.55625
980 30.5163 14.9413 -2.34862
981 6.70649 21.2171 -1.26313
982 37.8075 36.4662 0.0791218
983 36.5529 22.0654 0.432901
984 10.0834 24.5863 -2.35367
985 39.4433 28.7738 0.52829
986 20.6298 20.9187 3.46588
987 12.4976 9.50743 -0.813907
988 7.13977 21.3504 -0.242054
989 24.9069 25.8234 -1.79993
990 21.4346 19.0556 2.77751
991 14.3782 19.6847 -1.19127
992 9.19425 10.6578 0.458817
993 12.4481 12.7311 -1.15042
994 24.7324 19.0825 -3.0675
995 11.5717 14.6875 -1.99489
996 36.444 24.6897 -3.32642
997 4.76491 13.8351 -0.405709
998 34.7565 37.0738 0.319064
999 39.7816 7.46046 4.41933
