1000
Particles
0 2.76755 32.537 -4.06461
1 37.9553 22.6702 0.609814
2 16.93 39.36 -1.2638
3 9.14916 34.1721 0.484906
4 15.1008 24.1419 -0.0792156
5 17.4502 9.1914 2.91609
6 29.5923 3.97714 -0.753209
7 37.3253 22.0492 2.12878
8 10.8533 23.8068 -0.154434
9 35.2631 21.8721 -0.144364
10 24.7645 38.541 3.15568
11 39.6538 31.3875 1.01234
12 35.6885 31.7574 -0.325228
13 7.07552 4.851 -1.22364
14 29.4 27.8267 -1.54564
15 16.7213 25.5123 -3.9949
16 25.5047 32.3649 -1.76909
17 34.2515 23.0922 0.682094
18 32.9261 9.58039 -2.14511
19 14.4407 22.7553 1.08117
20 3.32731 6.86083 -2.50445
21 1.48214 3.25577 -1.65788
22 5.78094 10.7922 -1.30482
23 35.5572 18.2594 1.8471
24 36.5596 6.47966 -2.33878
25 0.115676 31.5354 0.818492
26 15.1527 31.0444 -2.33785
27 12.4086 12.6603 4.3778
28 6.74127 30.8293 1.19882
29 30.7853 39.8561 1.60147
30 14.5838 19.6686 -4.15046
31 9.66788 15.1133 -1.07098
32 22.7752 2.22441 -0.72893
33 9.67224 35.8092 -1.54291
34 26.7121 20.6512 1.21977
35 26.6351 7.27028 1.55114
36 12.6966 0.0461195 0.0935504
37 34.6262 26.5602 3.21607
38 30.3389 1.16793 -1.61717
39 35.8979 17.4081 -0.589735
40 38.9648 32.2412 2.95116
41 12.7329 14.1826 2.17332
42 38.7455 18.8904 -0.637625
43 25.6344 29.8654 3.01735
44 17.2285 27.5206 0.0647759
45 6.2605 30.0588 1.6233
46 0.766444 5.35609 -2.03931
47 30.9667 9.86402 4.14005
48 5.1712 33.2393 2.33626
49 2.21038 34.4982 3.80264
50 39.3564 35.8533 0.733473
51 22.6893 35.1819 -0.674704
52 30.7582 9.77075 0.794517
53 10.2864 5.29583 -2.4473
54 24.5453 25.4041 3.54173
55 5.35519 13.551 0.900632
56 18.03 9.59858 1.9193
57 8.8856 36.6034 -2.91199
58 38.6466 25.3904 1.23703
59 9.0818 34.5654 -0.698554
60 7.16013 24.4548 1.66493
61 13.3841 35.0049 -1.49432
62 37.3134 39.4157 -2.1461
63 4.22969 17.5164 -4.58513
64 38.601 26.6802 -1.89157
65 3.42825 3.8469 1.1752
66 6.53992 21.9242 -3.57191
67 26.5002 23.2244 -0.728722
68 8.60118 2.07498 -1.27769
69 15.9354 5.76089 -4.53468
70 8.94427 0.643952 1.87334
71 22.7725 13.0168 1.25046
72 5.51456 12.0099 -2.38064
73 22.0078 22.6941 0.47284
74 10.0166 8.76104 -3.05698
75 0.772528 34.6885 4.14974
76 23.1959 5.00562 -0.551494
77 10.0093 25.3796 -1.02688
78 7.45858 36.1432 0.61535
79 0.643844 2.63405 -2.72517
80 30.5956 6.76582 -1.22632
81 3.53372 36.0968 1.21475
82 14.2897 15.1656 1.92763
83 15.1791 31.6257 3.44387
84 23.5594 13.7479 -3.67019
85 2.58851 18.6355 1.03399
86 21.2842 9.53037 1.3514
87 24.9387 35.8348 1.116
88 4.95648 0.32214 0.383197
89 3.90302 2.99721 -3.47248
90 1.60853 39.0234 1.29991
91 21.3261 15.5818 0.416049
92 14.7152 24.4059 1.18828
93 7.15865 1.77776 -3.22644
94 21.8217 25.4518 -1.08725
95 17.8164 0.682827 3.52211
96 9.11259 36.5297 -0.136166
97 16.9513 39.7779 -3.30984
98 1.02543 24.0043 3.31498
99 10.4574 3.98076 -3.35048
100 29.6712 21.5316 2.69501
101 20.6028 28.7126 -2.46425
102 15.5122 30.647 1.26976
103 12.0714 5.35367 -0.619941
104 24.2776 3.08082 -2.57161
105 16.476 35.4142 -4.13116
106 34.1502 18.2196 -1.46182
107 20.4315 19.0321 2.64586
108 33.246 23.7597 4.46417
109 3.13154 29.3149 2.73925
110 6.76312 1.919 -2.01298
111 36.5511 31.915 0.873193
112 28.8327 4.43063 1.91698
113 36.0743 31.7922 2.4537
114 33.3959 26.0615 3.01174
115 32.2329 20.6817 2.22738
116 21.9864 31.0495 -1.08048
117 30.2731 28.4554 -1.62154
118 26.2884 4.9042 2.66709
119 34.9772 13.5544 -1.58719
120 19.36 23.2543 1.98458
121 25.376 10.5448 -0.212069
122 35.1755 25.058 1.71986
123 7.64252 27.232 -1.26615
124 11.1807 38.8142 -3.06369
125 21.3268 37.1521 -1.76445
126 26.6104 29.4415 0.11803
127 39.6941 6.32982 2.32946
128 31.3846 4.3955 -2.06226
129 6.22948 13.8404 -0.631288
130 25.8138 9.2858 3.5942
131 27.019 25.0283 -1.20538
132 19.098 1.15729 0.909029
133 36.2725 34.7655 -0.692116
134 8.58589 35.9454 -0.336841
135 10.8032 1.86204 -2.94097
136 22.4852 4.97719 1.50799
137 24.6138 29.7916 -2.70201
138 4.13365 15.0784 3.87173
139 15.9111 0.560292 -0.49189
140 24.2531 35.4878 1.34638
141 31.4107 34.6833 2.98914
142 24.6525 11.4785 -2.66405
143 13.8878 26.1097 2.15375
144 4.57526 32.7427 -2.09763
145 21.645 26.8893 1.05343
146 30.6604 17.0069 3.1684
147 37.4516 38.6135 -0.588335
148 35.4885 9.152 -2.15206
149 8.40975 21.3906 -2.51986
150 14.0914 31.6721 0.762459
151 32.4708 4.44861 0.859641
152 13.8689 16.7603 2.29547
153 16.4615 39.892 -4.42181
154 22.5201 36.0093 -0.371148
155 34.735 22.332 -1.3722
156 36.5726 27.1244 -1.9351
157 12.3211 5.91143 -0.740454
158 10.9774 35.1705 -1.74567
159 20.8541 28.0523 -2.91601
160 38.6815 17.9982 -3.45112
161 8.44106 25.6316 -0.489329
162 23.8976 32.114 0.878105
163 6.83601 10.0895 2.28857
164 17.4197 5.33566 2.85491
165 30.8753 9.08249 0.3815
166 33.3059 6.13154 -2.0272
167 8.96005 36.3617 -1.32781
168 33.7656 25.3388 1.66521
169 2.01263 2.32261 -0.198702
170 1.7516 34.576 4.23697
171 24.8953 34.9845 2.40396
172 0.927382 16.9213 -0.737872
173 21.9922 31.2337 -2.37138
174 19.0217 4.49601 -2.92823
175 2.18494 12.2601 -2.5611
176 16.5438 21.9235 2.97345
177 11.5808 3.33678 -2.39281
178 26.2376 20.9187 2.77501
179 24.2823 9.73736 1.50791
180 13.3654 12.2771 -4.15252
181 5.82516 30.1687 -1.06291
182 14.5484 21.4876 -2.68848
183 2.23611 18.5246 -3.27423
184 38.6012 1.93648 0.0216134
185 5.19345 15.7998 1.81961
186 15.6716 38.8043 -2.49565
187 8.89118 4.1362 0.542263
188 20.2252 16.4459 -1.95109
189 9.24991 25.8483 -2.63148
190 20.5448 19.5548 1.02354
191 16.8608 29.8318 1.73832
192 36.3894 37.7253 -2.13508
193 26.0539 26.5417 -2.30638
194 17.6133 25.5263 -3.56433
195 5.78571 15.3467 -2.56077
196 30.156 35.2735 0.236119
197 15.6682 33.3344 1.77752
198 32.1945 22.7174 0.959295
199 13.9984 10.9072 -2.3362
200 33.806 38.2406 -1.66197
201 0.513104 15.9254 -1.42298
202 9.04144 20.7252 -1.29389
203 25.1565 13.9342 0.605676
204 28.6289 29.3908 1.92261
205 1.16981 33.2613 2.25582
206 15.1492 3.45368 -4.4804
207 34.9166 36.0966 4.14882
208 37.8626 23.814 0.9992
209 12.0134 37.7782 0.346721
210 13.3951 22.7803 0.131275
211 34.8191 16.6196 1.61677
212 36.1054 34.562 2.79871
213 37.8244 4.19612 -0.491364
214 28.7805 20.3079 3.94286
215 38.8218 21.3378 -4.95557
216 32.0581 25.7542 1.52126
217 6.0826 8.61688 1.50207
218 17.8672 15.5642 0.176101
219 20.9737 36.6843 -2.00564
220 9.31455 0.402485 0.851965
221 23.497 14.7163 -0.443483
222 39.4138 34.1698 2.17312
223 19.291 23.7747 0.581251
224 5.54468 27.378 0.834927
225 37.0698 9.26015 -1.52307
226 31.4654 14.8946 1.19365
227 7.01523 12.0475 2.36652
228 15.0343 3.71523 -3.82862
229 38.5361 19.4904 -1.47473
230 30.1985 5.92911 0.246447
231 16.3848 30.8197 4.81367
232 33.7597 38.4104 -0.800263
233 36.6021 7.73974 -1.1926
234 3.22326 4.60742 0.631242
235 39.6642 6.23026 3.15912
236 15.5667 39.2432 -2.34341
237 12.7788 25.2721 -0.923531
238 12.0075 12.9324 2.13931
239 34.5769 12.8629 -4.9698
240 15.47 16.5283 0.382703
241 4.89967 27.0117 0.646732
242 37.841 39.874 0.211313
243 31.975 2.77798 1.13198
244 1.61405 17.8634 -1.34177
245 20.0461 3.63059 -1.45863
246 25.6812 6.47801 -1.19074
247 3.75812 38.0863 3.22759
248 5.85311 30.6024 -0.0610067
249 11.1236 37.63 1.08038
250 16.498 2.63999 -3.43435
251 38.3531 39.5217 -0.588533
252 32.3281 15.3829 1.08299
253 32.2955 15.3509 1.61914
254 3.02628 35.9418 1.66521
255 24.2078 21.6208 2.512
256 2.1226 4.73919 -0.435712
257 32.904 21.0768 -1.84599
258 22.1508 39.7306 0.992534
259 0.911267 13.8949 -0.804022
260 1.50749 6.45314 -1.24718
261 35.7485 26.8559 -2.78293
262 32.8923 33.3069 -0.592437
263 5.40227 0.992359 -1.08113
264 13.8902 25.2467 2.66204
265 38.0873 32.9731 1.75554
266 0.520528 11.4607 0.743128
267 6.39464 29.1057 -0.673238
268 16.9467 17.5292 -3.5573
269 25.1267 34.2808 1.50132
270 1.69563 11.4992 -2.24642
271 32.3155 5.95225 -0.00115522
272 17.5585 14.8886 0.894118
273 30.4585 37.7018 -0.460904
274 9.35829 2.74756 2.65659
275 12.5336 24.5572 -1.68676
276 32.8587 21.6939 -0.616329
277 2.44232 18.6354 -2.73484
278 3.44732 14.0523 -2.31808
279 15.2848 30.6928 4.62881
280 6.85346 26.4768 -2.89301
281 25.5173 21.3257 1.92707
282 7.58879 17.0726 2.52537
283 19.7472 34.0916 -3.07974
284 29.2076 21.1782 2.34929
285 39.9951 0.313315 0.0830433
286 36.0422 4.45997 -0.588968
287 21.0471 13.7251 -0.351056
288 2.3075 3.02935 -0.625752
289 12.1814 35.2094 0.994368
290 29.8405 24.1794 -0.829632
291 11.296 2.39208 -3.72634
292 32.987 20.6849 -4.79456
293 12.2287 5.21376 0.810182
294 23.6389 26.1564 -2.98571
295 24.5151 16.1526 2.61089
296 22.6788 22.6316 -1.42174
297 4.85944 29.6569 -1.33275
298 21.2124 39.0751 2.21316
299 16.4005 28.8127 -1.05141
300 23.5124 9.53456 -0.896426
301 26.0202 23.3098 -0.555338
302 19.6653 37.1267 2.16874
303 39.489 16.9777 -0.806621
304 1.75963 34.7171 1.79767
305 38.817 17.6662 -3.99374
306 20.4226 13.1065 0.572837
307 11.1459 17.6716 -1.16671
308 5.28356 26.809 -1.78179
309 17.8975 32.89 0.43203
310 14.1778 22.3344 -0.51265
311 23.8681 11.4226 -2.54734
312 37.8856 35.6434 -2.9606
313 22.1855 39.7608 3.47627
314 15.7916 6.60272 -4.02053
315 3.93782 39.0997 2.05059
316 37.199 32.9174 -0.00710242
317 22.3148 28.6674 -0.199556
318 28.2758 32.2461 0.990052
319 6.66007 7.14306 0.500598
320 8.1279 21.5411 -0.408576
321 25.9241 3.94966 -4.17889
322 39.9321 35.4164 -1.69529
323 4.19641 36.5045 1.8934
324 31.407 19.5565 -1.78169
325 12.8584 30.6039 -2.41057
326 8.33835 15.5727 -2.82431
327 15.119 35.091 0.0306606
328 17.5268 31.067 1.60483
329 12.7591 22.8208 -0.518275
330 36.404 13.8324 -0.164436
331 19.8439 36.9761 1.66596
332 33.0927 7.76226 -0.750617
333 31.3873 23.7562 -2.27782
334 17.3535 4.62872 3.34147
335 3.57479 0.222031 -1.52693
336 18.5039 38.916 2.48273
337 7.17886 24.9097 -0.392636
338 14.39 22.6453 1.11182
339 38.6128 31.2757 1.47546
340 7.73487 23.6387 1.68141
341 32.2633 25.4399 2.04532
342 12.62 16.8283 3.78823
343 8.59148 15.8189 -1.82334
344 13.9455 39.8292 0.991027
345 33.0509 28.513 -0.9105
346 15.5246 11.1427 0.809486
347 0.227712 0.206294 -1.03122
348 14.1582 26.7896 -0.135362
349 17.6406 25.108 -1.71527
350 6.30935 14.6941 -0.0884271
351 1.19041 23.9885 4.20445
352 27.9899 28.1601 -0.0317007
353 24.1275 11.3608 -3.0967
354 5.06618 39.5343 -0.913675
355 19.7551 24.5394 -1.08244
356 35.556 36.7341 4.73651
357 7.55062 20.813 -0.68754
358 14.0693 11.4839 -0.870354
359 27.8603 24.7553 0.858677
360 33.357 24.3044 4.25675
361 30.7135 33.5258 2.76208
362 37.9528 21.9623 3.53572
363 0.0966437 11.91 -0.86324
364 7.1849 8.65028 1.41768
365 7.23994 36.8905 -0.173106
366 11.1865 2.27031 -1.92641
367 13.6041 38.4175 1.59
368 25.9759 10.1828 -0.706288
369 11.5701 2.47176 -1.22719
370 19.4714 30.735 -1.24699
371 26.3982 16.4504 3.66014
372 17.5441 28.238 -2.64945
373 17.5658 13.6745 -1.23073
374 9.76834 14.0747 -4.08848
375 11.5879 13.128 -2.04158
376 37.8891 31.3588 0.711565
377 0.213946 5.67538 -1.5823
378 11.6409 3.19707 -2.2393
379 38.6395 30.826 0.850418
380 33.7689 26.6326 2.51926
381 15.1869 37.99 -2.7903
382 3.79187 15.6072 2.65315
383 21.1485 32.742 -1.11902
384 31.0669 12.551 -1.50763
385 20.5226 26.0175 3.3493
386 26.6002 9.86698 1.2676
387 33.7796 37.1005 -3.58773
388 28.8353 31.9135 3.07778
389 10.1902 4.84368 -2.05584
390 32.6902 17.8075 4.39682
391 11.0103 17.7905 -3.16994
392 20.2674 21.4543 2.47258
393 16.6112 39.8391 -2.30956
394 24.3747 2.23686 -0.719633
395 34.735 13.3455 -4.63539
396 7.67883 36.2163 0.776458
397 8.42737 10.0908 -2.68084
398 32.1687 33.6504 1.01721
399 34.7613 16.8419 -0.477942
400 3.98896 3.05995 -0.894088
401 29.7816 26.1218 -2.58154
402 35.3277 8.01023 -1.81781
403 5.30494 30.0631 -0.345407
404 24.2468 29.1997 -2.63614
405 4.84678 20.9315 0.879658
406 21.1311 6.67134 0.997351
407 34.6196 7.66024 -1.49007
408 2.93844 5.51439 -0.127576
409 21.7353 0.225744 2.25891
410 17.9691 25.3213 -3.84056
411 15.3705 29.7686 2.04632
412 3.23409 38.2883 3.17676
413 10.1159 17.6826 -3.73232
414 6.7503 9.74745 1.82128
415 9.46762 25.6855 -1.62513
416 13.2665 38.3865 3.4831
417 2.45393 36.1652 3.80448
418 27.6851 24.6155 -0.497205
419 25.4376 3.56659 -1.18459
420 23.0213 5.03893 -0.364541
421 7.75114 15.4185 -2.56552
422 8.33197 19.1748 -0.125954
423 34.0273 6.53202 -1.3562
424 22.7014 25.4563 1.37613
425 12.2237 4.14275 2.40199
426 10.2683 22.9444 -1.86763
427 17.7397 28.3997 -2.6201
428 3.91444 7.02381 -3.03429
429 3.56721 8.73399 -1.44358
430 15.0523 14.8543 1.62116
431 7.43243 8.58146 1.90869
432 19.4259 28.8602 -2.46844
433 24.7039 22.1854 3.31269
434 12.2436 22.6795 -1.79533
435 32.1793 34.0712 0.281603
436 4.24978 29.6297 -0.224798
437 10.538 37.8657 1.04579
438 4.37671 29.9853 -2.108
439 36.7865 12.5548 3.09571
440 21.983 10.6561 -1.0907
441 6.81323 39.5384 1.1972
442 5.36888 18.4462 0.876712
443 24.9438 18.6462 0.857682
444 12.691 24.6421 -0.820027
445 10.5326 21.5968 1.82335
446 15.0794 10.2715 -0.916716
447 8.88802 1.18706 0.22738
448 31.1839 26.6125 0.702875
449 19.6923 20.0467 -0.120822
450 0.00717407 15.3465 -1.68544
451 36.6126 13.2687 1.51563
452 13.8761 17.1193 2.7369
453 4.15132 22.9841 0.864165
454 36.9509 12.2576 -3.76373
455 30.498 0.986834 -1.39467
456 10.7936 14.9301 -3.84522
457 26.8812 13.9895 1.82691
458 25.7676 15.5172 3.54615
459 12.4424 3.20346 -4.52435
460 5.73828 0.0246376 -3.0667
461 5.43935 3.85893 -0.529776
462 19.4569 17.454 -2.74611
463 6.99538 33.5677 -1.81436
464 29.6575 24.4312 -1.12353
465 26.6516 14.7114 2.38788
466 34.5112 25.7402 2.14504
467 11.353 35.9354 2.56768
468 21.3183 31.8435 -3.11774
469 19.463 36.1198 4.4159
470 12.6309 19.1654 -3.52043
471 38.7505 22.4166 2.45191
472 13.875 4.85046 3.22511
473 10.8011 35.3801 -0.253895
474 8.515 38.1119 1.45804
475 34.4055 7.00138 -0.0743721
476 10.1911 24.0512 0.263811
477 13.6976 39.032 2.81794
478 25.7122 21.7139 2.59854
479 36.7735 31.1033 0.387957
480 32.2275 18.576 2.09787
481 24.7679 1.96514 -1.76207
482 8.63097 34.0407 2.46858
483 9.178 32.7982 -1.25533
484 20.0801 32.9173 -1.1684
485 6.76061 0.333508 -0.835501
486 16.7833 29.4192 -1.32768
487 29.9999 26.8697 -1.60941
488 39.4179 5.57852 1.18435
489 26.9595 1.81068 0.0630328
490 9.72942 5.94097 -2.89493
491 19.9915 12.3587 -0.530092
492 21.1695 38.8388 1.40014
493 5.40492 26.1703 -0.61687
494 9.27751 11.8462 -0.143322
495 32.8148 8.67984 -1.48282
496 21.6034 22.8463 0.171585
497 5.24735 35.7756 -0.93658
498 18.624 15.9263 2.20666
499 13.3504 19.7294 -2.83276
500 2.0138 15.1192 -1.70563
501 32.4771 9.342 -1.23265
502 1.86189 3.43863 -0.973061
503 26.2541 24.5083 -2.64566
504 0.714767 39.05 -0.638041
505 5.39457 10.5235 -0.538492
506 26.3142 24.474 -2.16558
507 18.6858 8.05981 -2.58517
508 5.26855 30.6941 0.580537
509 17.3991 0.621352 -2.36606
510 35.3293 9.04417 -3.15759
511 24.9993 35.836 3.04998
512 29.2266 24.4766 -0.727884
513 12.6414 23.366 0.828748
514 4.41307 34.2848 0.57585
515 17.6239 16.2267 0.228947
516 16.1066 38.1499 -2.8547
517 16.3404 13.7198 -3.57304
518 3.39021 5.19075 3.11152
519 23.5079 21.1604 1.46528
520 0.772054 1.3015 0.14099
521 38.4179 33.407 1.1692
522 26.0135 21.1789 -0.522801
523 7.82232 22.508 0.480568
524 10.5326 23.8702 -0.627905
525 6.5856 12.7032 -0.696381
526 11.4484 25.3663 -1.83969
527 11.5603 2.91793 -4.03629
528 19.4897 0.779426 3.67614
529 38.0003 38.8005 -1.14064
530 28.0426 10.4823 0.393491
531 26.5301 4.51576 2.60633
532 18.7797 38.9692 2.33299
533 8.5158 34.3858 -0.549022
534 11.2242 23.2301 0.455959
535 0.553916 1.32826 0.057321
536 32.1519 13.0664 0.5701
537 3.28355 28.2982 0.893524
538 6.03293 0.634564 -0.047816
539 12.7892 5.2383 -0.0714634
540 29.925 17.7728 2.41574
541 20.1272 19.7916 0.584477
542 34.6625 33.0959 1.71941
543 9.02577 18.3795 -0.532302
544 35.076 36.495 -1.08459
545 12.3684 28.3629 -0.388997
546 0.690612 1.49827 0.263361
547 1.44708 13.7141 1.97789
548 37.5235 34.0145 0.761748
549 1.94649 28.5573 2.07575
550 3.03625 24.8376 -2.33555
551 28.3162 11.0914 -2.77962
552 5.11646 39.8572 -1.58757
553 13.6215 32.265 -1.49726
554 17.8279 9.67736 2.84037
555 38.0139 10.4625 3.1226
556 37.3432 23.384 1.20276
557 5.30685 17.2438 -2.93551
558 35.1596 7.2494 2.43731
559 29.0641 25.3398 -1.44426
560 28.9594 24.0611 -2.14251
561 0.645364 26.6015 -3.22204
562 11.3653 26.2593 -0.739466
563 6.51103 10.0482 3.59909
564 16.2168 26.3163 -1.6562
565 5.85865 21.1042 0.669071
566 13.9359 37.6458 3.37138
567 26.463 15.2521 2.94173
568 1.43631 3.45455 0.320024
569 31.4447 23.686 -2.04146
570 3.52187 29.1183 2.12016
571 12.0919 15.5702 2.65519
572 34.9839 31.7222 -0.54681
573 24.201 29.8686 -3.41284
574 12.2276 22.9604 -0.387073
575 18.9409 15.66 2.38746
576 3.19216 2.45296 -1.91759
577 20.0985 31.6214 0.629472
578 9.86377 37.3637 -2.75035
579 12.3435 12.693 1.67782
580 9.54009 28.5483 -1.10926
581 11.2365 28.6114 -0.48361
582 27.3778 16.678 0.720566
583 19.3415 36.0055 2.99687
584 36.4388 9.21472 -0.711549
585 0.232333 26.0681 -0.961886
586 20.2474 19.87 -0.693254
587 28.455 34.0223 0.98148
588 20.1651 37.3012 -4.90806
589 22.7101 14.7112 0.987606
590 2.57796 7.98571 2.68704
591 5.65338 29.8357 -0.309261
592 30.365 24.1699 -0.661314
593 10.1709 23.359 -0.787597
594 3.73921 3.76711 -3.92175
595 35.2423 21.7558 -3.22279
596 36.8372 37.0613 -2.86489
597 28.2423 11.6975 -2.65567
598 36.4818 13.1588 0.329107
599 6.87421 32.2505 -0.243122
600 10.8832 37.1835 0.991636
601 18.9936 35.5671 1.83894
602 12.5691 20.6993 -0.190304
603 15.9424 2.4621 -2.25928
604 29.486 30.6533 2.44314
605 11.0946 32.3904 -0.310414
606 35.9973 25.9218 -3.82653
607 36.6799 8.70626 -1.44104
608 2.80774 4.90556 -0.463069
609 20.655 0.33849 1.18336
610 33.4053 25.6074 0.152699
611 2.05126 24.7125 -2.58144
612 22.9594 9.3363 -0.242164
613 21.1827 12.8505 -3.35395
614 35.8625 0.955938 -2.1524
615 36.29 8.54075 -0.330585
616 34.9112 23.226 0.207858
617 23.3894 28.6974 -0.250989
618 3.25462 39.8082 -2.63816
619 20.7891 33.6958 -2.63942
620 34.6318 39.3841 -0.970722
621 24.8299 21.0987 0.889603
622 21.2328 4.69775 0.931576
623 21.2151 10.1574 -2.43052
624 30.7568 5.05536 -3.29034
625 15.652 10.5825 0.692752
626 3.27515 36.2422 1.50312
627 3.76272 33.8612 -1.49787
628 16.145 2.05599 -2.32316
629 26.6914 3.31676 -2.77222
630 2.09129 28.6278 -0.244704
631 25.7629 39.4479 -3.9623
632 32.7957 31.0484 3.24303
633 2.30733 25.9457 -3.16571
634 0.45803 6.45565 4.88033
635 25.2929 26.198 -1.81943
636 25.803 10.5298 -1.35017
637 6.50244 30.6976 0.229189
638 31.7106 25.255 2.86944
639 32.0622 15.1913 1.5346
640 7.90243 21.473 -2.15114
641 31.717 5.89108 -2.17008
642 13.0978 35.5852 1.71597
643 30.6659 32.9679 2.37958
644 10.895 3.75743 -2.68987
645 6.86597 6.70874 1.40976
646 11.5374 3.91798 2.43894
647 6.07867 13.5803 0.0826476
648 31.8856 35.0376 2.48523
649 18.1355 20.7919 1.11054
650 27.6606 17.4903 -0.0079191
651 27.4597 23.6256 -1.69491
652 9.49716 35.1209 -1.91101
653 5.7294 38.9837 -1.80209
654 22.6731 14.5454 0.702814
655 37.6041 33.4874 1.93762
656 3.998 14.872 3.27653
657 21.6851 5.09883 -1.85327
658 9.74077 26.4525 0.679801
659 3.95632 39.3558 -0.812832
660 24.3065 11.1696 -0.949301
661 0.790416 17.8967 4.00171
662 38.5683 34.7806 3.33287
663 8.58651 21.396 -1.2574
664 33.3581 16.208 0.0550722
665 35.3223 35.536 0.920382
666 21.7285 2.33265 -2.75284
667 38.4845 33.3915 4.02926
668 9.40209 37.2314 -0.666121
669 14.9625 34.6036 -0.540221
670 35.215 31.7111 -1.58564
671 30.9236 4.58939 -3.4227
672 17.0094 30.0311 -0.0126157
673 38.9388 2.38037 -1.05477
674 5.46638 20.5073 1.06855
675 33.6872 16.7281 1.76151
676 36.9315 37.5273 -0.874675
677 39.1984 18.7709 -0.344651
678 23.1972 2.73334 -2.19406
679 22.3066 18.8258 0.9788
680 19.136 35.0329 4.16064
681 4.66445 2.41518 -2.49556
682 34.7929 38.6463 -1.35357
683 23.076 27.0613 0.548379
684 4.11486 39.5802 -2.01333
685 26.5804 29.1336 3.36943
686 3.72179 0.371161 -0.828552
687 21.5716 6.53383 -2.45295
688 26.0442 4.03671 2.93677
689 8.4728 1.7663 -3.63382
690 15.8563 30.9764 2.63827
691 17.2764 30.5633 1.09033
692 31.0092 15.1051 2.9156
693 2.94126 17.9003 -2.38664
694 24.913 22.0989 -2.17296
695 15.1258 27.6382 1.81054
696 18.3007 24.4946 -2.02539
697 30.1375 5.48729 1.43046
698 31.9075 14.4796 3.94688
699 32.9745 20.9625 -1.41509
700 1.73934 2.34075 -2.60096
701 16.6485 4.03684 -3.40347
702 1.50843 35.2119 2.16862
703 0.289463 10.7339 -0.906879
704 26.2169 36.1478 1.30966
705 11.7741 36.0711 0.998999
706 38.8458 32.6364 2.18775
707 12.6369 3.79098 4.27219
708 36.7777 17.5598 -0.171644
709 22.4958 13.3518 -0.801884
710 17.1431 38.7508 4.04594
711 34.1574 25.6117 2.70634
712 33.1424 25.0389 0.805341
713 34.9259 17.5348 2.18419
714 24.6917 27.6526 1.12634
715 36.8212 37.3832 -3.35406
716 15.4589 30.3529 2.096
717 15.4434 30.2192 4.35911
718 6.72288 26.9824 -2.12261
719 9.30943 34.0454 2.29497
720 10.8979 24.0411 -1.03693
721 21.4476 38.5297 4.0696
722 3.54744 0.126219 -2.50832
723 6.40799 1.5821 -3.40073
724 19.0956 38.4721 3.11753
725 25.5129 37.1154 -3.2311
726 2.57743 27.796 1.11902
727 8.67339 25.6209 0.772528
728 39.1529 2.35652 -1.30636
729 19.4107 38.995 1.7231
730 20.9224 12.8591 -2.16911
731 33.0331 22.9738 3.93274
732 27.5143 31.571 1.35919
733 31.2615 29.8343 3.57553
734 31.3978 6.52207 0.772615
735 19.8673 29.3344 -2.11501
736 16.4197 31.833 2.08569
737 0.98475 28.9938 2.48414
738 23.0449 9.35176 -2.01483
739 10.526 22.5911 -0.495072
740 33.8002 26.7408 2.06732
741 10.8505 29.0352 1.00421
742 19.2119 15.2857 3.19957
743 23.4526 22.9467 2.53799
744 30.6548 19.8776 -1.99537
745 13.0572 39.3216 0.322782
746 16.0595 13.2913 -1.10475
747 18.3563 25.3591 -2.51842
748 19.8546 31.5032 -1.40049
749 5.48028 0.192157 -1.8486
750 4.45793 36.9578 2.01288
751 3.59895 37.3902 3.07264
752 7.72401 18.7377 0.112575
753 14.5413 23.573 1.58965
754 29.8747 23.946 -0.404807
755 26.8167 7.56133 0.855532
756 2.97443 4.04836 2.7569
757 10.8812 31.3295 0.996037
758 36.3866 19.1928 -3.36052
759 7.90345 32.6902 1.31219
760 27.8948 31.642 3.27822
761 14.1604 19.0151 -3.86166
762 22.6734 25.4016 0.294388
763 6.56092 0.664745 -1.49004
764 24.4395 10.5823 -0.0740289
765 36.2763 16.9371 -1.37705
766 7.23195 12.8171 0.233012
767 31.49 5.80986 0.288265
768 6.82732 15.4728 -3.87641
769 15.3036 31.0028 1.13154
770 3.73021 25.1525 -0.431572
771 6.15371 16.9871 -0.450723
772 13.3653 34.6179 -1.55628
773 32.3983 27.8229 0.543605
774 39.3376 39.7798 0.312586
775 15.846 10.5452 -1.67102
776 7.6079 14.4074 -1.77912
777 35.4413 26.1863 -1.21773
778 34.4907 25.2402 -0.175163
779 16.3987 39.2439 -2.75781
780 3.47026 3.62403 0.4294
781 2.08204 36.523 2.30041
782 6.2437 8.79558 1.4488
783 9.84822 10.2129 1.4011
784 37.9234 38.052 -2.03925
785 19.5369 8.743 3.49048
786 4.64684 17.1178 -2.31122
787 31.8157 3.42581 1.86657
788 4.07346 0.275127 -1.29035
789 36.5868 5.40739 -0.315454
790 14.7513 30.277 3.26983
791 12.7894 21.8473 -0.343943
792 12.9019 19.6997 -2.05517
793 18.705 35.4615 2.17028
794 19.8399 30.4487 -0.859482
795 39.4543 6.47963 1.99065
796 19.331 17.5667 -3.13191
797 1.00748 27.2605 -0.0337412
798 26.9997 10.7215 -0.470118
799 30.2491 6.57356 0.596077
800 37.9504 5.3148 0.659105
801 17.9299 10.9759 -0.0746721
802 34.478 24.9311 2.27833
803 11.7189 38.6092 -3.70543
804 1.97084 23.2501 1.8614
805 2.81002 25.3059 -0.265287
806 7.56181 28.7448 -2.50661
807 29.3354 16.9919 -0.418494
808 19.6379 26.7758 -1.1692
809 28.8008 17.3112 2.59708
810 15.4862 35.4965 0.345571
811 6.77548 24.0431 3.52186
812 7.55152 6.96479 1.33362
813 1.60878 8.09225 3.71942
814 28.9639 39.9198 2.01257
815 26.4831 15.4336 0.336491
816 16.5413 0.0824636 -1.87944
817 9.45387 36.113 -1.15736
818 4.98041 11.0014 0.603739
819 30.7815 5.06599 -3.8239
820 2.8293 2.04492 -1.1333
821 12.3199 13.6463 -2.95424
822 5.79269 1.30927 -1.51808
823 23.968 1.56073 -0.908332
824 27.3461 12.5243 -1.89357
825 1.51783 34.371 1.08718
826 4.07909 14.9249 4.52507
827 39.2802 7.2127 -1.53911
828 19.1544 16.9242 -3.69316
829 11.3719 33.7003 -0.0633783
830 8.02424 15.7045 -2.2358
831 15.8322 38.4182 -2.12609
832 32.3644 5.8259 -0.493431
833 9.74201 12.7981 -0.887973
834 18.0605 7.24796 3.58555
835 5.44614 35.6426 -0.657281
836 18.8663 31.7638 -1.38469
837 30.5334 38.2457 0.105014
838 20.0942 1.99895 -2.08015
839 5.92873 18.7722 0.954493
840 23.079 14.8216 0.501947
841 28.0791 32.415 2.98786
842 15.7788 29.9514 0.781296
843 16.4063 5.73809 -2.91185
844 7.38644 23.5536 1.60651
845 2.12379 27.557 2.90942
846 13.5078 29.7514 -0.197138
847 2.75659 28.0069 0.708346
848 26.3903 26.5282 0.0445015
849 22.218 14.3214 -0.977245
850 30.7679 34.7852 1.89792
851 5.67647 1.52797 -2.8675
852 26.8506 24.2831 -1.71397
853 19.0756 25.0811 -1.47689
854 1.42091 35.8828 2.1735
855 12.7752 37.5807 -1.46776
856 9.85575 38.5574 0.868537
857 11.3957 24.3137 -2.99381
858 0.0686786 28.2493 0.324405
859 14.4984 0.134378 2.75427
860 36.4173 19.8677 0.0312079
861 1.47682 15.7901 -0.0541677
862 4.98262 39.3875 0.25979
863 13.2321 10.4678 -2.727
864 20.6555 12.736 -1.87339
865 26.7189 35.4959 3.01579
866 26.1801 2.7776 -2.35427
867 25.9427 25.7178 -2.60164
868 31.6937 26.1877 1.70574
869 37.7845 17.2478 -0.10426
870 35.1823 1.22117 -0.15907
871 17.6891 25.0334 -2.32543
872 31.3985 21.1418 -1.4077
873 15.834 14.0948 -1.67865
874 31.3191 14.5926 2.71093
875 29.4272 1.9846 -2.57691
876 9.69116 20.3186 -1.522
877 32.5026 12.8731 -0.628957
878 2.03456 37.9417 0.485532
879 3.62793 33.9426 -1.08476
880 31.9972 23.3519 -0.314031
881 12.8179 23.7189 0.736788
882 28.845 1.42225 -1.35699
883 26.4886 29.7207 3.34292
884 7.78247 21.6641 -3.09999
885 12.7332 12.1551 4.27565
886 14.6975 21.1861 1.82436
887 2.77635 23.8506 -1.91667
888 29.2016 25.27 -2.65703
889 0.390321 5.31349 -1.9635
890 16.3295 16.7702 0.964343
891 17.7907 23.9699 -3.84871
892 13.0962 6.6481 1.38177
893 31.6304 26.1471 0.791324
894 37.1681 29.629 -1.66985
895 35.098 9.11203 -2.02318
896 18.8547 0.609751 4.11481
897 38.2305 16.4585 -0.26934
898 17.8821 17.4319 -3.39864
899 11.7499 24.8638 -2.95987
900 11.6674 1.27908 -2.8766
901 0.600789 35.2151 -0.901372
902 6.20873 32.8629 -0.019323
903 5.20678 37.4773 0.717736
904 17.0659 38.7856 -2.04995
905 33.2782 36.5977 -0.808192
906 20.8418 13.8743 0.245516
907 8.08703 25.0469 1.03043
908 35.7976 35.8076 0.500071
909 3.9735 38.1458 2.90462
910 38.3017 21.7388 1.92309
911 34.0177 32.6404 1.20469
912 24.6515 14.4957 -0.0866503
913 39.5148 34.4143 0.561317
914 35.3095 25.1604 1.52041
915 37.0263 35.7991 -1.31194
916 30.8865 19.9829 -0.0463911
917 12.8413 22.9213 -0.0474277
918 36.5849 8.04429 -0.238767
919 33.97 24.1458 3.34724
920 4.25155 23.2505 -1.28583
921 27.0627 23.9022 -1.61765
922 25.2876 17.4542 -1.49861
923 5.86412 30.9809 -0.423314
924 29.6468 28.164 -0.916711
925 22.4313 6.51395 -1.73865
926 23.5757 9.63599 2.22481
927 2.50421 28.2993 0.623029
928 35.6501 3.62716 2.58067
929 6.61184 35.6527 -1.09639
930 1.6338 5.52371 -3.37465
931 18.0291 15.7767 2.8439
932 1.26672 24.4569 1.86008
933 11.8492 2.92837 -3.8363
934 29.284 25.6611 -2.34377
935 11.1307 8.1266 -2.11878
936 13.5947 21.9643 -1.09449
937 19.3787 0.359997 3.06652
938 19.5041 19.6524 0.473288
939 11.5704 3.25249 -1.91305
940 13.0918 26.1953 3.09205
941 25.5603 21.5023 2.89092
942 10.8557 22.8481 1.48888
943 12.3439 2.83448 -1.56564
944 4.61897 37.0525 1.72569
945 1.70003 3.28507 -2.36745
946 17.1785 23.7278 -2.76876
947 11.2006 4.55733 1.1806
948 21.417 4.5566 -0.770461
949 5.61628 10.956 -1.38366
950 3.95808 30.7451 -1.23858
951 12.0458 8.78859 -1.13688
952 11.9805 25.7945 -3.94406
953 31.7282 21.7366 -0.315157
954 7.2624 39.6267 1.75373
955 6.33468 0.291846 -0.344526
956 25.526 16.243 2.78049
957 33.0464 17.4397 3.68079
958 2.88117 0.387494 -0.290796
959 27.4929 8.34621 0.811407
960 6.99754 35.5518 -0.0578101
961 1.2717 25.8031 -0.714006
962 11.0313 25.0889 -0.283069
963 15.0876 35.5113 -2.04952
964 1.72168 4.24244 -1.82689
965 34.0919 31.1011 1.19032
966 16.6935 16.3115 -0.509096
967 15.7818 38.5423 -1.03936
968 36.2278 20.4364 -2.13415
969 9.40608 1.77112 -0.534793
970 16.9923 31.5862 1.42211
971 26.3499 10.5712 -3.09246
972 12.5287 21.3188 -1.16226
973 5.61247 26.2236 -1.44258
974 28.7907 27.8727 0.109112
975 5.00311 22.7691 1.02671
976 4.84948 14.2616 0.869
977 8.1174 36.483 -0.445589
978 13.6816 36.4439 2.3992
979 6.12196 0.671713 -2.28128
980 37.6387 16.0421 -0.375853
981 2.23961 23.4902 4.09187
982 38.8257 4.40497 -3.82018
983 36.1562 17.3013 -0.0338554
984 11.7285 34.023 1.01168
985 1.72438 24.7534 -3.49889
986 21.6843 15.3251 1.46586
987 7.89614 20.7578 -1.09032
988 5.44166 27.4135 -0.960189
989 26.7181 32.1835 -2.44039
990 24.1092 16.4906 1.83362
991 12.5133 22.6607 0.653919
992 3.74147 16.8453 -2.34847
993 14.6984 16.3054 2.61263
994 23.6242 21.204 0.939307
995 15.8517 14.8001 3.96628
996 34.9518 21.0479 -1.8657
997 36.8145 17.7207 -1.12992
998 36.4662 35.1906 -0.00639409
999 35.3334 10.4144 -1.67314
