1000
Particles
0 2.78739 33.4589 -0.265691
1 35.8121 26.566 -2.09908
2 16.7572 2.37841 0.698072
3 9.90704 34.5181 0.668019
4 18.5891 23.6495 0.807134
5 16.5558 9.7939 3.42149
6 28.8815 39.9116 -1.40966
7 34.189 20.8659 3.21913
8 11.0763 24.2546 -3.58239
9 33.9138 23.1716 1.5951
10 25.0186 37.5645 2.78729
11 3.29954 31.5068 -1.70251
12 33.0647 32.9582 -1.64771
13 8.11705 6.02394 1.75702
14 27.1401 28.1328 -1.35559
15 16.2102 28.1458 1.56994
16 27.2299 31.2434 0.778582
17 33.0793 20.3649 2.38512
18 34.3259 10.2695 -0.734049
19 14.2546 22.4849 1.61528
20 4.40651 6.91873 3.17315
21 1.58259 5.23977 -0.300782
22 5.65766 8.25164 -1.15202
23 37.3105 18.6705 0.38055
24 36.8365 7.9636 -0.053226
25 3.39005 32.0097 -0.703986
26 17.5912 34.6767 0.726289
27 12.7122 8.65467 -1.54273
28 5.61821 30.3851 -3.41676
29 30.0727 39.6543 0.743704
30 15.4835 19.5894 -1.52877
31 9.13701 17.7162 3.36436
32 26.5429 2.94243 -2.14915
33 9.8065 34.8279 0.759771
34 28.2291 23.0452 0.880439
35 26.2251 7.81068 1.54238
36 14.6095 2.44561 -1.13238
37 35.444 30.6027 1.86169
38 30.9147 2.79766 -1.50174
39 35.5757 17.0194 -1.43984
40 39.639 32.949 3.65978
41 11.0472 13.0864 -3.07622
42 38.7599 16.8478 -2.76355
43 23.6237 29.6823 -3.02106
44 18.0835 28.1121 -0.171203
45 5.77072 29.3158 -1.98432
46 39.474 7.88229 1.30227
47 29.2711 10.8104 2.42325
48 7.91269 35.4293 -2.28861
49 4.24778 33.2027 1.52747
50 0.438451 38.298 1.10738
51 23.9247 36.1516 -1.64564
52 29.4436 11.3291 2.41526
53 13.7463 7.47236 -0.371774
54 22.9464 24.8815 0.459315
55 8.1602 15.0642 0.961786
56 16.9997 11.4165 -0.537156
57 10.1257 36.9054 -0.729889
58 34.1565 24.0998 -1.39656
59 8.15967 34.6051 -1.44324
60 7.58369 24.5077 -0.692777
61 12.8287 32.941 -0.244605
62 38.109 39.7322 -1.76632
63 7.04888 18.8713 -0.803365
64 38.2413 25.294 -2.59652
65 4.42352 4.15311 0.767931
66 4.67825 19.7974 1.222
67 26.8969 24.2798 0.917617
68 7.31993 4.61406 2.18484
69 14.9257 5.54279 3.41808
70 8.25759 1.93184 2.21482
71 23.2527 11.4244 -2.24463
72 5.63513 11.7966 1.07088
73 19.1374 25.4603 0.349014
74 6.74297 10.0273 -2.07413
75 37.8014 34.509 -3.45691
76 25.5123 5.95194 -0.11964
77 9.1969 25.1623 1.04543
78 7.81424 38.4741 3.10366
79 39.957 2.98901 -1.56414
80 32.5586 9.9555 -0.697371
81 1.77959 35.358 1.41088
82 14.4002 17.03 0.343414
83 15.001 31.7939 1.58422
84 27.062 12.5733 -0.221258
85 3.33919 18.7461 1.13661
86 22.0294 8.08004 3.27116
87 26.2294 35.8351 -1.17982
88 5.13825 39.4597 0.0639662
89 4.78123 4.43975 -0.235181
90 2.32942 38.4295 0.369794
91 23.3329 16.4853 -2.69405
92 15.2417 27.5607 -0.811819
93 6.78927 1.09307 -2.38549
94 17.7999 25.2449 -2.35592
95 17.866 2.75187 -0.570211
96 11.2908 33.9584 -1.57399
97 16.0686 1.03559 1.02933
98 0.285493 22.2203 -0.855197
99 9.67549 5.83086 1.38496
100 28.1848 21.1446 1.32087
101 21.0426 28.9182 2.71142
102 17.1691 34.9296 2.37842
103 12.8685 6.38681 0.439035
104 24.7456 5.46711 0.501153
105 16.3706 36.7407 0.911304
106 37.1324 18.1194 -0.304761
107 20.9018 21.1723 -1.05677
108 32.5142 21.7547 0.637245
109 39.7391 32.3011 0.701211
110 4.00556 3.64246 -1.37827
111 36.0701 33.2472 -0.470935
112 30.4152 4.99476 2.26101
113 36.032 32.8069 1.7508
114 34.2797 28.142 2.35645
115 29.7417 19.2082 3.64302
116 21.5066 33.1427 1.90484
117 32.856 28.6519 0.245827
118 24.1219 3.60489 -1.23049
119 36.8916 10.2248 -1.94812
120 17.8108 24.9707 -2.22934
121 25.2899 9.89477 1.65972
122 35.499 23.8209 1.68976
123 7.28951 25.784 -1.47427
124 9.65845 38.646 -1.20768
125 22.4219 37.5235 -2.21252
126 28.8073 29.8953 -0.923242
127 35.7451 5.3241 3.76276
128 31.9827 4.35997 1.92197
129 5.07205 13.2248 3.22645
130 27.6287 10.1465 0.198268
131 23.9333 26.637 1.74371
132 18.7102 0.788282 0.0388752
133 36.595 35.8649 -0.55521
134 10.4923 32.8271 -0.104733
135 13.1114 2.92159 0.483265
136 24.5122 5.06143 0.658435
137 21.8723 27.9115 2.47032
138 3.65872 16.1999 -1.34931
139 15.0526 4.1202 -0.0692308
140 25.4708 35.2874 1.26167
141 27.3948 37.7212 -3.43076
142 24.2469 9.6292 3.00842
143 15.1182 23.3921 0.943616
144 2.31683 34.4813 2.13491
145 22.4535 24.2437 1.76917
146 28.2576 16.2757 -0.466828
147 37.1242 37.1847 2.94968
148 34.3584 7.96107 -2.93514
149 8.44973 16.4487 -1.4743
150 12.5342 30.4096 -3.51048
151 33.0719 6.14884 -1.61899
152 14.1571 17.9477 2.99622
153 18.5054 3.71553 1.27924
154 24.7996 35.6349 1.48148
155 0.660421 22.5301 -0.455109
156 37.8602 26.906 -2.06339
157 13.5134 5.70962 3.9956
158 12.6238 34.4126 -3.1909
159 21.925 29.1514 -0.0021617
160 1.55481 17.0599 -0.189292
161 12.4478 27.937 3.85199
162 25.3012 31.5283 1.50038
163 6.70119 9.94866 -0.359015
164 19.8413 8.84678 0.00682276
165 30.8137 9.8215 -2.18557
166 35.74 8.00539 0.914256
167 12.1953 33.1797 0.0707844
168 32.2074 26.0557 -0.42551
169 0.150887 2.66387 -0.162328
170 38.2233 35.5246 -1.04007
171 24.2565 35.2502 -0.376909
172 0.866697 15.4526 3.15773
173 22.8324 32.2461 -1.32123
174 19.654 4.12018 4.48617
175 2.62719 11.2725 -1.58214
176 17.4317 20.5181 -0.183472
177 10.1004 3.69118 1.45032
178 27.3584 21.8324 -1.4797
179 25.6072 9.5989 0.898343
180 11.7674 9.32789 -1.57532
181 7.66117 31.358 0.503927
182 12.9655 19.8073 4.04335
183 4.35532 16.8879 -1.67845
184 0.271626 2.75829 0.272192
185 4.69872 15.3447 0.687378
186 19.7186 0.532155 0.252888
187 8.20107 6.35165 1.39293
188 20.0097 14.5797 2.61899
189 5.8479 23.6614 2.54535
190 20.2811 19.1367 1.36575
191 17.9866 32.9502 -3.9377
192 35.8565 39.9441 -2.00706
193 23.4183 26.8072 2.37401
194 18.2286 20.3221 0.344042
195 5.12813 14.1315 -1.35557
196 26.5435 34.2818 1.54886
197 16.898 36.3175 1.88671
198 31.9682 20.6059 0.245296
199 17.0154 9.71182 1.45687
200 36.4631 38.171 -1.27901
201 2.54668 14.8512 1.53231
202 7.35109 20.2174 -1.60841
203 24.6816 12.3082 3.10059
204 29.8692 30.8542 1.35259
205 0.302809 33.717 1.99107
206 14.254 4.1487 3.52263
207 33.6327 36.4843 3.92251
208 33.7258 23.7395 2.56561
209 13.6175 38.8134 -1.02045
210 16.339 21.195 -1.17005
211 33.228 15.1216 -0.52354
212 33.9597 33.666 2.55097
213 38.5439 2.70172 -0.9117
214 26.9466 19.7538 1.18692
215 38.6312 17.6025 -1.10275
216 33.1021 25.8171 0.560665
217 7.44886 9.25493 1.78632
218 15.9669 15.8878 -0.402411
219 23.6851 36.3274 0.163251
220 8.50825 39.6717 -2.32581
221 22.6216 16.3035 2.43762
222 38.8502 32.9486 -2.93465
223 17.0164 26.1327 4.09344
224 3.82587 25.7136 3.4273
225 34.7763 6.26498 -4.34616
226 29.2629 15.966 -0.854375
227 5.33583 10.0649 -4.08923
228 13.6408 5.29784 2.27503
229 38.5255 18.0321 -0.964373
230 33.0358 5.77822 -0.221072
231 16.6386 30.6436 -0.808799
232 33.959 38.4456 2.90649
233 35.7912 7.77253 -2.20279
234 5.62229 6.51131 3.70583
235 37.2038 8.1892 -1.0703
236 19.611 0.377295 1.17846
237 15.823 24.2403 0.435607
238 12.0836 8.79334 -0.709494
239 33.3411 14.5238 -0.143919
240 14.3798 18.0369 2.73619
241 3.19348 26.4438 1.51091
242 35.6801 39.2407 -3.4327
243 31.3537 2.59251 -0.646498
244 2.69515 13.7653 -2.27753
245 21.6273 2.86136 0.33514
246 26.0529 4.56866 -2.06908
247 2.26242 36.2366 2.37006
248 6.86279 29.2257 2.1933
249 9.48989 39.7167 -3.29845
250 16.0102 4.93473 0.288299
251 37.6475 38.9972 3.05574
252 29.8124 16.2963 1.09205
253 29.2452 14.0775 -2.23182
254 0.367359 38.225 3.47069
255 27.3319 22.8603 -0.930575
256 4.41415 4.77127 -0.480252
257 32.5376 18.8108 -1.42273
258 22.1641 2.15084 -1.07226
259 2.69271 11.0374 -1.22829
260 1.04739 6.42066 -1.71921
261 33.3817 26.3538 1.67504
262 32.615 35.2797 2.55373
263 5.74545 3.11244 1.89488
264 13.1337 28.5151 1.04893
265 38.3551 34.065 -3.29836
266 39.3913 13.4332 3.06884
267 3.96802 26.7779 -3.96708
268 16.5995 17.2132 -0.607266
269 24.6531 35.4609 1.31301
270 0.653493 9.02171 1.29697
271 34.9016 5.39129 2.45185
272 19.7392 14.765 2.10237
273 30.2625 37.9678 0.906988
274 10.0153 3.21937 1.31826
275 13.004 26.5834 2.46912
276 32.8794 21.275 1.80385
277 6.2319 18.0166 -0.567624
278 2.93369 13.7014 -2.19153
279 18.9546 29.2153 -0.00841298
280 4.64932 25.0085 -3.78527
281 25.9897 22.2847 3.35798
282 5.67632 17.0719 -2.65247
283 20.2025 34.0961 -0.935154
284 30.8136 21.4325 1.40884
285 37.75 37.3634 -1.82063
286 35.8428 3.29451 -4.00435
287 22.3908 13.4043 1.21873
288 1.03571 3.50554 -0.804283
289 12.4387 37.3225 0.0494491
290 30.0966 23.4377 0.305213
291 10.0904 2.42975 1.9958
292 31.6609 20.1311 0.144985
293 14.3165 4.96631 4.16347
294 23.0399 25.3707 0.447036
295 21.0546 15.4123 -2.80961
296 21.3797 25.0651 2.76407
297 2.16495 28.5088 -3.33382
298 21.7135 39.3359 -1.25483
299 19.2051 28.9691 -1.4105
300 25.8558 9.78232 1.88947
301 27.6462 23.5419 0.673074
302 22.0283 36.9636 1.87342
303 2.9609 15.9922 -0.467126
304 2.51068 33.5709 0.429039
305 1.8419 19.0644 0.953696
306 22.9144 12.264 -4.05445
307 11.8583 18.158 -0.553006
308 2.99317 23.7012 -4.20317
309 16.0099 34.2856 2.84597
310 16.8807 19.5917 -1.83685
311 22.0832 14.037 -1.53758
312 37.3275 34.3236 -1.31617
313 21.2519 37.1835 3.03334
314 16.7999 7.92291 0.219683
315 7.33219 37.7852 3.43077
316 37.0642 35.8551 -0.833933
317 22.1484 27.4393 1.09928
318 28.5838 33.1193 -0.0081863
319 9.04382 9.01787 2.02974
320 8.26646 17.9906 -0.50422
321 24.3954 4.8924 -0.511014
322 38.2148 37.226 -4.40731
323 4.50557 37.405 0.575216
324 28.5743 18.6776 4.34601
325 12.7605 32.6963 -1.88124
326 7.94382 14.9834 -1.84961
327 15.5139 36.864 2.64873
328 15.2029 34.2128 4.26639
329 13.4212 24.7137 2.96124
330 35.3968 13.265 1.64523
331 21.4239 37.5992 1.47527
332 34.4897 6.38369 -0.901056
333 33.0468 22.654 4.66891
334 16.1265 5.44605 0.550498
335 3.74697 39.9676 1.99027
336 19.8299 2.34853 1.4161
337 6.53482 24.2105 1.69485
338 17.3724 20.0313 -2.46474
339 39.4127 31.4109 1.80721
340 9.39436 23.0691 3.02522
341 31.1932 26.5434 2.15635
342 11.4222 15.143 1.12459
343 7.97888 12.7167 -3.84401
344 14.3064 0.582123 -0.152671
345 35.9821 30.6822 -0.215289
346 15.9691 10.6377 0.785505
347 2.02945 38.2228 -0.107441
348 15.4264 24.826 -0.625546
349 17.981 20.2977 -1.69298
350 7.35387 15.6079 -1.53867
351 0.423887 24.4827 0.580775
352 29.0472 25.86 0.949794
353 23.1708 12.2067 -3.62562
354 5.38704 0.884561 1.64658
355 20.1559 26.9181 -1.52055
356 36.9316 37.2276 0.85609
357 8.12431 16.0884 -2.79466
358 14.8637 11.4141 -2.40703
359 26.0153 26.484 1.399
360 31.8255 25.5741 2.09131
361 28.5074 32.4819 0.13371
362 35.7327 21.8317 1.00977
363 38.3953 10.8385 0.827273
364 9.74761 7.93054 -4.4533
365 8.91981 36.0291 -0.823582
366 11.1191 2.46638 0.573209
367 13.6977 38.372 -3.77161
368 25.01 10.8234 -3.52466
369 11.93 6.3306 0.76342
370 20.9882 29.4444 2.58177
371 24.7372 16.6782 -0.0278316
372 20.6188 28.8902 0.566637
373 16.3425 11.7105 1.52417
374 8.1106 11.9061 -3.48985
375 10.2051 12.1737 2.96562
376 39.8394 31.3432 0.645034
377 39.0965 4.76538 -2.71798
378 13.0932 6.72029 -2.01925
379 1.87001 32.6694 1.64563
380 34.5002 30.0438 1.99219
381 15.1874 37.5992 3.60379
382 5.12124 15.5979 -1.34606
383 19.5783 32.8307 -2.83304
384 31.6611 10.8792 -1.61811
385 17.6139 25.6369 -2.04994
386 26.5755 7.93603 -2.19662
387 33.086 38.7507 2.82662
388 29.0408 33.1612 2.37224
389 11.4241 7.74378 -2.12242
390 30.7851 14.2866 -4.15661
391 9.46547 17.4574 -2.53449
392 19.2231 19.7174 1.43424
393 18.8921 1.10573 -1.15466
394 25.2814 4.0063 -0.581752
395 34.5628 13.2279 1.4759
396 9.36598 37.1227 -0.237555
397 6.3123 9.92722 -2.7901
398 33.1703 36.3981 -4.006
399 33.966 14.7361 -3.78228
400 1.24174 4.23717 -1.07428
401 27.4065 24.3456 2.39529
402 31.8814 10.6103 -2.95719
403 6.12605 30.0571 -1.25752
404 21.7692 26.2004 1.92256
405 3.23292 21.3321 2.96976
406 22.7829 6.7752 2.12422
407 36.2244 7.05229 -0.197382
408 6.78717 5.82292 2.32985
409 24.0646 1.77822 -0.443096
410 19.2663 21.9509 -0.700637
411 18.075 31.403 0.525069
412 2.42807 39.3752 1.30436
413 7.96838 16.0468 0.172628
414 4.59558 8.50802 -2.17713
415 12.0424 25.6405 0.333586
416 12.6791 38.5866 -2.43825
417 0.158876 37.3988 1.2373
418 25.1464 24.4089 -2.79893
419 22.3425 6.72824 0.690933
420 23.8959 4.19589 -0.831311
421 6.81832 15.0432 1.02943
422 7.9855 16.6897 -1.28685
423 34.0686 6.44603 -2.90312
424 22.1114 24.7377 -0.0588177
425 13.3782 7.14647 0.582382
426 8.52928 21.6673 -0.335158
427 16.0158 26.704 1.23064
428 7.63682 5.77018 -0.160484
429 0.816816 7.70932 -3.35314
430 14.9537 15.7089 -2.55547
431 9.92709 7.68409 -3.55534
432 19.6103 28.848 1.01392
433 22.6538 23.9012 1.11399
434 14.4094 20.8437 -3.58084
435 37.0827 35.6294 -0.738904
436 2.92287 29.6817 -1.63773
437 9.11683 0.632538 3.68012
438 3.22831 30.609 -0.292542
439 35.1019 13.4999 1.28585
440 23.0727 9.28109 1.09649
441 8.52889 37.9351 0.910318
442 6.71043 18.0158 -2.21058
443 22.8938 19.5976 -1.26087
444 15.4194 21.6186 -0.654124
445 10.6212 21.1853 1.60176
446 15.4094 10.6679 2.5741
447 8.03825 5.37597 0.241881
448 32.0356 25.7143 0.403154
449 19.1587 17.5544 0.495309
450 0.797751 13.3946 0.550788
451 35.4924 11.4829 -2.09691
452 10.0561 17.787 -3.18362
453 5.26452 22.3687 0.443526
454 38.5301 9.70983 0.274236
455 31.4304 0.372878 1.199
456 11.1472 12.8826 -1.66027
457 27.2161 12.9431 -0.71263
458 23.0999 15.3915 1.85528
459 14.4519 2.2823 1.07612
460 8.17776 38.8807 2.1159
461 4.78948 4.75689 -0.908986
462 18.198 19.3733 0.345404
463 6.63259 30.6981 -3.39823
464 29.0521 25.1427 2.84431
465 27.554 14.5107 0.66932
466 36.5673 29.6336 1.88269
467 11.7583 36.9647 -2.79097
468 21.205 34.6955 -0.768278
469 21.3749 37.3405 0.887437
470 10.3343 18.3105 -3.90821
471 39.5315 22.9008 2.56423
472 14.9164 5.08188 0.937656
473 10.9959 34.5037 -1.04881
474 10.6873 37.3477 -0.719243
475 33.2895 6.16884 -2.95523
476 10.7685 21.9897 0.629958
477 13.426 38.3071 -2.34801
478 27.7802 22.6562 -0.410906
479 39.6308 30.8158 0.191396
480 32.8971 17.2307 -0.309749
481 26.7574 2.41987 -0.196566
482 10.298 32.1147 0.72433
483 6.08068 33.4245 2.23443
484 19.4366 32.4449 -3.45431
485 7.68746 0.226103 -1.28105
486 19.1185 29.3757 2.19602
487 29.3575 27.7124 0.44035
488 37.2541 5.47134 -2.09163
489 25.2608 0.56553 -1.48708
490 9.66018 6.88924 0.681859
491 21.3694 12.8264 1.72328
492 21.5311 39.3949 -4.73186
493 2.96908 23.1442 -1.53549
494 6.9155 11.2488 -1.92926
495 32.765 7.75706 1.93881
496 21.585 25.1231 2.29727
497 4.14939 36.9922 -0.680648
498 17.6776 16.2976 2.5571
499 12.0935 22.8492 -3.01796
500 2.66661 15.2962 1.55806
501 33.0994 10.1447 -0.00997496
502 2.30857 3.83954 -3.16046
503 24.8528 22.536 -1.40856
504 0.617941 39.0212 1.65739
505 5.31672 8.04419 -1.67195
506 25.1303 25.1772 -2.87912
507 19.4913 6.71987 -1.05242
508 4.36019 29.9202 2.74851
509 18.6633 2.57387 -0.550943
510 33.3896 10.6748 0.156318
511 24.0037 35.8901 0.52471
512 31.5065 21.7275 -1.3502
513 17.4859 22.3434 1.64152
514 4.729 33.686 1.75473
515 16.8948 13.198 1.34787
516 19.6565 38.4835 -2.62918
517 14.3256 15.9097 3.92132
518 5.31164 7.30379 1.44212
519 26.4025 19.8204 0.918376
520 39.2662 1.72044 -0.222692
521 33.8949 34.2265 1.78677
522 27.2897 23.9942 1.18028
523 6.64469 21.2578 -0.0662946
524 10.7123 23.9152 1.3738
525 6.43152 12.0672 2.99683
526 12.165 29.0505 2.15813
527 13.3792 6.23488 -0.509733
528 19.0749 2.2118 0.621919
529 35.4347 38.4808 -0.475937
530 28.3836 13.5959 1.63672
531 26.9354 4.18228 -1.25737
532 19.2063 0.692979 -1.50503
533 8.27492 35.3336 -1.76412
534 10.5608 18.6237 -0.71502
535 36.7766 39.8545 -0.621665
536 31.9995 14.7045 0.901896
537 1.90326 28.4076 -3.27575
538 5.81465 1.07165 0.224624
539 14.2005 7.70987 -0.389353
540 31.5137 16.5001 -2.63915
541 21.8052 19.9581 -1.44859
542 32.597 33.4299 -3.43749
543 7.61865 16.0825 -0.847822
544 36.8416 38.0772 0.445062
545 16.3732 28.8293 1.7192
546 38.8003 1.14073 -0.290748
547 2.88868 13.2059 -1.5522
548 36.7297 36.087 -1.91407
549 2.12371 31.6701 -0.760425
550 2.17618 23.547 -0.000811185
551 25.9082 10.8889 -1.86081
552 5.9579 0.888574 1.46332
553 13.5841 29.7917 -1.35274
554 16.9354 10.9483 -2.47959
555 37.5934 10.3547 -0.0936237
556 37.0537 24.3064 1.05831
557 6.76457 18.9824 -0.845451
558 34.1984 6.03307 -0.362625
559 27.5728 27.002 -0.347447
560 32.2605 21.8495 -2.11408
561 0.159173 27.8409 -3.02443
562 9.68434 26.3748 -1.44077
563 5.44486 10.7381 -2.80406
564 15.5721 24.1095 -0.140132
565 3.85416 21.3957 3.41443
566 13.9936 38.8202 -4.50071
567 27.603 13.7357 -0.0804577
568 0.900711 5.09293 1.45632
569 28.9477 21.4754 -3.12515
570 0.613795 29.0745 -3.19706
571 11.6051 13.6177 -2.11196
572 36.1496 32.7429 1.62695
573 22.6625 31.376 -1.52822
574 15.3705 22.3245 -3.59766
575 16.4563 15.3796 -3.2001
576 4.01246 2.46329 1.7382
577 22.0936 32.4237 0.100197
578 8.47784 0.948536 4.23207
579 13.0005 11.0451 -1.5244
580 11.1569 28.6523 2.09034
581 12.1187 29.3512 2.44615
582 25.4864 14.6544 -2.46275
583 21.1447 36.9469 1.09285
584 38.7975 10.5493 1.2264
585 38.8072 26.5669 -1.10039
586 19.3313 22.1622 -1.08751
587 27.6129 33.4819 3.6272
588 18.7056 36.8537 -2.48412
589 26.979 13.4193 1.29749
590 1.35146 8.65888 0.331486
591 10.9304 27.6855 0.522836
592 30.1513 23.6492 -0.604805
593 11.1303 24.3999 -3.60808
594 1.75844 4.70044 -1.26989
595 34.1814 22.3996 1.79503
596 36.7664 37.3287 1.50649
597 28.2853 13.5191 -1.06664
598 38.7772 12.0481 -3.19401
599 7.71872 32.0925 -0.874914
600 9.09732 38.7806 -3.19747
601 20.0674 37.5204 0.529489
602 17.3345 21.2415 -2.1695
603 15.7555 4.41932 1.042
604 31.5469 31.4662 -2.37061
605 12.8844 30.1044 -0.68919
606 36.9278 25.5456 -2.55091
607 39.4584 9.48413 1.00373
608 5.4718 6.14171 1.40666
609 22.1239 1.39463 -0.0822859
610 31.6895 26.6319 1.56632
611 0.117859 24.3402 -1.17969
612 24.9135 7.95751 -1.04194
613 17.6663 12.0876 1.74233
614 34.5042 0.392806 -4.23618
615 33.8703 8.52882 -3.84888
616 37.6971 22.6451 -2.16931
617 22.6895 26.7399 -1.83418
618 4.60245 39.0256 1.10057
619 20.4147 34.1988 -2.93472
620 34.7221 38.9483 -1.28916
621 24.3576 20.8469 -0.396622
622 22.4315 5.89874 1.80488
623 20.9913 10.4975 0.0159612
624 30.8927 5.82837 -1.14358
625 15.9401 9.46271 0.579288
626 2.05921 35.085 0.977195
627 2.04813 33.2339 -0.0501571
628 18.4887 2.75313 1.12685
629 24.8822 3.71122 -0.869982
630 0.324373 30.9396 -0.848234
631 26.4346 39.9778 -0.141152
632 33.6962 31.7863 -2.49115
633 3.3141 25.964 0.787449
634 38.5861 7.6168 -0.806035
635 26.5506 28.1681 -1.16346
636 27.29 9.02889 0.84889
637 6.90702 28.8579 1.7905
638 29.3274 26.7539 1.23066
639 32.4571 14.0235 -0.562901
640 7.11484 20.5418 -2.02311
641 32.799 6.06797 -2.05902
642 12.6689 33.5521 -0.785386
643 29.6269 31.96 3.3453
644 9.70324 5.97981 0.013705
645 7.72862 8.41486 4.04092
646 13.72 3.97064 1.83917
647 6.73326 10.8409 -3.30626
648 32.2618 35.294 1.79016
649 14.6906 18.8118 1.81748
650 27.5017 20.4027 0.409734
651 27.0762 22.0283 1.03121
652 8.28976 33.4534 2.89256
653 8.21642 37.6592 2.97281
654 23.1492 15.635 1.31556
655 35.2178 34.8046 -3.57866
656 5.56115 13.7399 1.30703
657 23.7024 6.81329 -0.489241
658 9.85729 27.3713 -1.23041
659 3.82188 39.1028 -0.0272863
660 24.6508 9.88294 2.30745
661 3.13381 16.3329 0.307822
662 37.2393 34.211 -1.24961
663 6.17128 19.211 -0.495622
664 33.0797 16.7228 1.88511
665 35.1721 36.9423 -0.614075
666 21.691 1.60535 1.71676
667 34.9245 33.3866 2.04276
668 11.8054 36.3913 -0.481079
669 15.1294 36.669 3.73164
670 35.1657 31.4727 2.46579
671 30.9547 2.96817 -0.272624
672 18.6738 32.0617 -0.943181
673 39.5983 2.0427 0.982335
674 4.99698 20.6766 0.924508
675 33.3171 16.9017 0.314903
676 34.5409 38.7511 -3.56302
677 2.84433 18.4493 1.00685
678 24.4385 1.88355 -2.16438
679 23.2004 19.4713 -0.34184
680 18.7379 35.2925 -2.48842
681 4.27713 3.03615 -2.02513
682 35.5573 38.585 -1.19602
683 22.5642 28.1113 2.9273
684 6.38643 35.1984 -1.40614
685 24.1618 29.3864 -2.80663
686 3.89073 37.8164 -0.641021
687 21.3357 8.35872 -3.85063
688 24.2585 5.80191 -0.635351
689 6.88499 4.44207 1.20777
690 13.243 33.4092 -0.677263
691 19.1268 30.6138 -0.340778
692 29.312 16.0602 -1.4382
693 3.75677 18.4531 -0.957174
694 23.0855 21.2284 -1.65663
695 16.5294 26.3341 0.135029
696 17.6776 23.649 2.25101
697 31.9724 6.5696 -2.14633
698 30.9699 12.7417 -3.36878
699 35.0244 19.1321 -1.69168
700 3.34095 1.68777 1.6494
701 14.4978 4.47569 3.93835
702 1.09619 37.8036 0.387202
703 38.7881 11.2228 -2.60569
704 26.6711 37.4386 1.78169
705 12.761 33.9819 -2.34044
706 39.6599 32.9531 2.94108
707 14.6919 3.39329 0.400674
708 0.0144552 16.1411 3.50465
709 22.5716 11.636 -3.13145
710 19.0851 1.97016 0.372692
711 34.0357 28.863 -0.671913
712 31.5263 26.3648 2.9605
713 34.01 18.7878 -1.88376
714 22.9152 30.0962 1.09572
715 36.2287 37.7367 -1.86138
716 17.4017 30.6994 2.41825
717 14.9291 33.0969 1.2693
718 4.83092 26.3624 -4.31733
719 11.4943 33.1252 -0.264921
720 10.1957 23.6601 -0.0812436
721 22.0628 39.2229 -2.71425
722 4.86954 38.0355 0.526251
723 7.23199 1.80482 0.449428
724 20.8667 38.4462 -0.584221
725 25.9654 37.156 3.62841
726 0.329585 25.8155 -0.457612
727 6.00837 24.3023 2.40231
728 39.3293 1.55845 -0.822223
729 19.4804 2.60784 0.8727
730 17.411 11.3768 2.39128
731 32.23 19.6093 -1.5432
732 27.0943 31.9209 1.66036
733 26.9601 29.2169 -2.14144
734 33.5251 7.60259 3.30577
735 20.1774 29.3296 3.04454
736 18.4432 30.8924 0.309767
737 2.88037 32.4466 0.124753
738 23.5821 8.39569 1.52677
739 12.1511 19.964 1.39831
740 32.8741 26.4979 4.31666
741 12.2417 29.076 1.46896
742 15.647 15.4976 -2.21188
743 21.9476 25.1927 0.432582
744 33.3128 19.6892 0.639356
745 14.8513 1.54518 0.446462
746 14.668 11.2129 -1.15908
747 18.2314 23.7282 1.79361
748 21.3036 30.9917 0.905162
749 5.94427 0.53165 -0.606626
750 1.91278 36.5293 3.14715
751 1.86382 34.3409 -0.175708
752 6.60653 16.9066 -2.29028
753 18.0988 24.6567 -0.0495932
754 33.6533 24.04 1.25009
755 30.9292 6.17314 -0.796205
756 8.07981 5.95896 -0.816253
757 10.5208 31.1176 -2.75136
758 35.7327 18.5898 -0.664054
759 7.44965 32.444 -0.886227
760 28.1045 31.0717 -0.230785
761 14.209 23.1035 0.754489
762 22.102 25.4876 0.891622
763 4.63296 38.8805 1.98297
764 24.2896 10.3127 1.69325
765 39.5912 13.314 3.82638
766 9.15822 12.5754 3.76163
767 33.1451 7.83494 2.37288
768 7.00804 15.7611 -3.02464
769 13.0071 33.3806 0.152425
770 4.29975 22.9274 2.23897
771 6.73041 16.534 -0.465426
772 11.9614 33.4625 -1.6373
773 32.9165 28.5706 1.65008
774 37.7731 38.2705 3.65872
775 15.5343 9.34848 2.64344
776 8.79734 14.9908 0.132988
777 35.486 27.7089 -3.18912
778 35.7772 27.4999 -0.150122
779 15.1683 3.76832 1.80951
780 2.5893 3.84157 -0.332418
781 0.552444 38.7112 3.035
782 6.13716 6.92338 -2.9334
783 9.14565 12.4574 3.02774
784 36.1898 38.0902 -1.22582
785 20.4157 8.43405 1.0536
786 5.94535 17.2645 -2.70839
787 32.9209 4.56217 -2.25647
788 4.90547 37.0391 -1.08352
789 35.5787 2.75768 -0.599967
790 14.8345 32.1564 1.54775
791 14.3101 23.1113 0.153159
792 11.6229 20.5879 -0.391984
793 17.8907 37.1654 -3.14066
794 21.7939 28.8412 0.451076
795 39.9358 8.73117 0.560106
796 17.6885 18.2418 -0.373524
797 0.105896 27.5269 -1.69107
798 25.5314 10.4676 -2.90575
799 31.0825 6.42148 -0.865603
800 36.4006 6.72115 -0.967651
801 20.4798 14.1184 2.45804
802 37.7176 25.8095 -0.121195
803 10.0689 39.7705 -1.75119
804 4.46982 22.2364 0.95657
805 2.37993 25.4651 2.06586
806 3.44212 27.334 -2.97471
807 28.761 17.3883 3.60014
808 17.6427 25.9198 -3.87808
809 28.1622 17.9218 1.20918
810 16.8414 36.9086 1.9836
811 2.67361 23.2826 -3.18224
812 9.7755 8.88877 3.45664
813 0.0183368 8.73818 -1.77443
814 26.9401 39.8231 -0.2911
815 24.4852 14.6069 -3.28246
816 17.9118 0.989836 -1.90063
817 11.8466 33.8182 -2.56079
818 6.11676 10.0412 -3.42659
819 31.8952 5.1922 1.23061
820 5.88813 1.26433 -0.439272
821 11.1846 13.4161 -3.78965
822 6.29339 1.63222 -0.262644
823 24.5265 2.31439 -1.64328
824 28.8721 14.1541 1.12762
825 0.699883 33.6221 4.63985
826 5.35187 13.675 2.6066
827 38.763 8.1471 0.773614
828 17.3391 18.3185 -0.378628
829 9.84089 31.8284 -1.92881
830 11.026 14.5419 0.107953
831 17.8264 37.9587 -1.8012
832 33.3875 5.10856 -2.37507
833 10.611 15.7378 0.295944
834 17.4635 7.46548 -1.94565
835 3.83307 34.0156 2.71293
836 19.3758 32.7636 -4.35951
837 31.9214 39.9269 2.72974
838 20.3271 2.10975 1.00271
839 6.72506 19.3874 -0.446117
840 25.5821 12.5355 1.19388
841 26.5194 33.5187 2.03972
842 14.8337 33.4105 -0.247509
843 16.3113 8.2855 2.37248
844 5.3054 24.0478 3.17198
845 1.97042 30.138 -4.46451
846 11.0931 29.8373 -1.47805
847 1.76957 29.4135 -4.11939
848 26.0006 30.4102 0.361064
849 21.7449 15.0547 -1.41518
850 28.3961 33.9807 2.51032
851 6.80645 5.3854 2.79222
852 25.9153 24.899 -2.26606
853 18.9959 21.3689 0.467951
854 1.01669 37.8181 0.996608
855 14.2271 37.0913 3.2556
856 10.5196 39.8393 -1.25684
857 12.6393 28.8869 3.58813
858 37.2775 28.9946 1.8682
859 14.1924 2.71888 0.593787
860 37.4496 17.0048 0.952038
861 3.59252 14.7425 -0.595773
862 8.24749 36.0695 -1.20783
863 12.3414 8.09483 -2.15446
864 18.9196 10.2974 -2.85886
865 26.0193 36.7038 3.29272
866 26.8235 2.99795 0.668762
867 24.4334 25.7427 -0.837704
868 31.6848 26.638 3.08305
869 1.21143 16.1699 -2.23073
870 34.1111 1.38627 1.07178
871 17.8539 21.104 0.0217868
872 31.8738 20.7195 0.505756
873 13.6154 16.5644 2.69897
874 28.9038 12.2404 -4.1159
875 30.8261 3.2384 2.02979
876 9.5625 19.2481 -3.62341
877 33.0907 14.1268 -0.318798
878 1.40047 37.5743 1.33612
879 4.0414 34.3243 2.26629
880 35.0292 22.4616 0.480199
881 15.0929 23.5273 0.933317
882 27.2605 4.09884 1.92151
883 28.214 30.6788 -1.56023
884 6.68787 20.911 0.353321
885 11.3492 8.62354 -1.97112
886 17.8761 20.289 -1.67394
887 4.18598 23.0503 -2.66053
888 31.0159 24.3044 -0.0991988
889 39.3972 6.66902 1.32084
890 15.7408 17.0617 -0.512849
891 18.375 20.9277 0.769125
892 14.9841 6.41205 -0.0820389
893 31.8176 26.8162 2.07359
894 35.1425 30.2463 2.87386
895 34.2726 10.7038 -0.962394
896 15.3212 2.16088 0.160863
897 0.926482 16.1246 -2.098
898 18.2857 19.6606 -0.324678
899 12.1841 28.1293 3.9068
900 10.1647 38.9784 -2.61376
901 37.8104 37.5041 -4.92032
902 6.70312 34.7792 -0.744524
903 2.73124 37.1161 3.58573
904 17.7668 37.5039 -1.24172
905 34.1252 37.2241 -3.25313
906 21.4334 13.853 2.41988
907 8.83026 23.4731 2.82818
908 36.7718 36.6201 1.52956
909 2.3362 34.5875 1.05182
910 39.0248 20.1524 2.14974
911 34.9742 36.0376 -0.530672
912 28.1179 14.329 0.928884
913 37.8884 34.5006 -3.73809
914 39.0466 23.845 0.755521
915 37.4132 36.231 1.00952
916 29.0426 20.1127 1.65293
917 18.4585 22.7012 0.969938
918 36.8094 7.60715 -1.52819
919 30.1919 24.1584 -2.76126
920 4.4587 22.9542 2.00092
921 26.6925 23.3296 -0.491734
922 21.5311 16.5887 -3.76453
923 7.2605 34.7406 -0.0679673
924 32.1435 28.9128 -1.36931
925 22.5211 7.70476 3.80622
926 25.6082 8.20732 -0.454272
927 2.42687 32.5827 -1.25792
928 38.0746 2.22373 -1.45693
929 5.11563 33.4482 3.32736
930 4.50487 6.48893 1.51655
931 16.4526 16.5053 2.55943
932 38.8013 25.5095 -2.47317
933 11.9915 3.79564 3.77303
934 27.0051 26.4704 -3.02597
935 10.6447 12.9576 1.21476
936 15.7114 19.4509 -1.11841
937 20.0704 2.34543 1.84923
938 20.2793 16.3816 -3.91466
939 8.55898 5.51464 0.684058
940 15.5332 28.9939 0.835642
941 27.4601 23.2119 0.096911
942 9.40326 22.2682 2.11982
943 12.9288 5.04533 3.39794
944 4.98648 37.2564 1.7799
945 0.772266 3.05592 -1.1213
946 17.7784 22.6822 -1.12766
947 8.39353 6.94324 2.41397
948 22.2423 7.17445 4.40554
949 4.65701 9.17311 -3.6757
950 4.17969 29.3444 1.83553
951 14.3975 7.42638 1.66
952 15.3718 26.9346 -1.85069
953 33.3924 21.5049 0.886293
954 8.76834 38.761 -1.98526
955 8.83026 37.6578 0.348484
956 24.189 15.932 -0.203205
957 32.4404 15.433 -0.0939978
958 0.95738 0.705245 -2.79418
959 29.5272 10.8107 1.22159
960 8.20185 37.7087 2.41998
961 2.01587 26.4064 -0.149172
962 13.2323 29.3985 0.520431
963 14.1775 35.7253 -0.450044
964 4.58164 6.91451 1.78048
965 35.4701 32.3885 1.40654
966 16.9092 16.674 1.71311
967 19.3514 0.226915 0.616758
968 36.661 17.2364 3.03926
969 10.2516 3.42028 1.6429
970 16.3253 35.7481 1.71063
971 25.7877 10.7791 -4.10313
972 14.801 20.4963 -2.36042
973 4.70277 25.5662 1.34827
974 31.3162 25.2425 -0.210522
975 5.45247 22.7316 0.347887
976 5.46187 14.984 0.635116
977 8.71807 36.0626 -0.722015
978 14.7907 35.8065 -0.47507
979 5.80219 39.9948 1.5101
980 38.8716 13.7375 3.71531
981 4.66981 22.6365 1.09972
982 35.3973 4.66271 3.63622
983 38.4082 17.7678 -0.881711
984 13.0638 33.3745 -2.98794
985 0.110306 24.4185 -1.33505
986 21.3899 15.4686 4.85373
987 7.4536 16.4875 -1.49966
988 3.90957 26.263 1.71392
989 25.6333 31.1413 0.0898159
990 21.4371 14.7581 4.5472
991 16.1988 20.3585 -1.73422
992 4.09382 14.7422 -0.77041
993 12.052 16.3995 -3.26129
994 23.6998 18.7804 -3.08126
995 14.024 17.4876 1.24449
996 34.3224 20.8398 1.44948
997 0.0639354 17.1005 2.44419
998 37.3768 36.843 1.45772
999 35.7505 7.46425 -1.15143
