1000
Particles
0 0.987312 35.1458 -1.67113
1 37.0021 22.6031 0.0801173
2 19.3539 39.7873 -0.593474
3 9.4705 33.1592 -2.78151
4 17.8625 22.2562 1.12213
5 19.1632 8.24499 -2.43481
6 27.6744 2.69744 -3.44422
7 35.121 20.7136 1.76204
8 10.183 27.6588 -0.219794
9 26.2592 15.9385 1.17029
10 28.1513 33.018 -0.015716
11 39.3627 36.9697 -0.728534
12 35.6369 33.5753 0.550048
13 5.26135 7.54641 0.792971
14 27.7461 22.8285 2.6482
15 19.8037 30.7015 3.70914
16 26.2003 32.5794 -0.955848
17 31.8594 16.1354 0.12643
18 34.6616 8.66087 1.60248
19 16.8741 25.7354 -0.276822
20 5.09864 6.22445 -0.442477
21 1.80456 5.89051 1.22971
22 4.4099 14.2036 -0.596169
23 33.7246 19.3148 -1.08291
24 39.2799 4.82883 -3.26967
25 39.8818 33.9494 -2.10443
26 18.4863 32.065 -2.87869
27 15.4548 12.9407 -1.09668
28 4.2359 30.3769 2.9725
29 32.1926 0.536737 -1.39609
30 19.6055 19.4266 -1.93616
31 11.322 18.6533 2.93352
32 20.882 5.44155 0.0990965
33 12.8688 3.3376 1.98045
34 24.9844 14.5281 -0.395054
35 22.2296 4.23298 2.71541
36 13.9816 0.335955 4.20903
37 35.1884 27.9852 -3.37848
38 34.6248 37.5611 -2.34007
39 30.8696 18.9907 2.012
40 38.9664 34.1683 -1.07757
41 11.001 10.7347 -2.87073
42 38.1758 15.4867 -3.96
43 28.0403 31.6869 -2.72124
44 19.7607 25.3729 2.52654
45 7.49534 30.4585 0.0988217
46 36.9625 7.3419 3.28526
47 31.5184 6.9946 1.62579
48 6.67703 34.2249 -0.432309
49 6.07175 31.4765 -3.08769
50 37.1692 39.6414 2.42863
51 19.9242 36.5868 0.159574
52 29.6864 14.7627 -0.0976323
53 11.4759 3.55118 -0.866656
54 27.6983 25.7629 -3.73972
55 0.955819 15.1157 -2.76155
56 21.145 7.12422 -2.48912
57 2.84762 39.8335 -0.604106
58 0.848381 23.8785 -3.24992
59 8.23409 33.8634 0.780776
60 10.1895 26.5736 -0.75143
61 16.6045 33.927 -0.993606
62 37.5733 39.4037 3.59968
63 7.4704 15.7789 2.33752
64 1.48858 24.4418 0.286098
65 12.7465 38.5167 -2.53114
66 7.27658 18.7594 2.99177
67 23.628 20.4185 -1.35103
68 15.3128 2.93973 0.611663
69 16.2762 4.03082 1.16469
70 8.38941 0.656198 0.197957
71 23.3531 6.73492 -1.40374
72 4.88242 14.8518 -3.08212
73 19.9292 29.6031 0.410807
74 9.89987 9.28036 0.437027
75 1.16474 35.664 3.96679
76 20.7226 1.21705 0.952129
77 10.8216 26.5431 -1.02962
78 5.53848 35.156 -2.89697
79 3.06842 7.65414 -1.82196
80 32.5272 5.79573 -4.34384
81 2.04454 29.6035 2.5893
82 16.3182 11.9945 -3.93189
83 16.8004 31.982 -2.13132
84 18.5377 15.6034 -3.96529
85 39.55 19.4574 -1.39066
86 21.8198 5.89563 1.61205
87 22.8847 37.3467 3.69656
88 39.685 38.5004 -0.0722566
89 6.984 2.1578 -2.16346
90 0.439204 39.546 0.5008
91 21.0761 14.1265 1.64333
92 16.0646 25.2692 0.29931
93 15.3877 39.9193 1.98538
94 15.6609 25.491 1.63495
95 20.8774 2.94984 3.07214
96 10.5879 33.8919 -0.300531
97 19.9776 37.0355 1.99716
98 37.8749 21.8569 -2.11809
99 11.1861 4.53245 -2.60548
100 26.5226 21.4264 1.87328
101 20.811 24.6523 0.342298
102 19.7981 30.657 0.974674
103 6.63876 4.90864 2.25588
104 22.5587 4.60814 -0.433411
105 21.5865 32.7069 -1.59334
106 30.8695 18.2784 1.73477
107 23.6789 21.9367 -0.670195
108 27.6982 14.436 -0.617939
109 1.94713 35.8632 4.25319
110 14.5456 2.91231 1.42542
111 36.9988 34.5183 0.908249
112 29.1603 3.13619 2.92001
113 36.9141 29.2405 2.67952
114 34.8783 25.8868 -1.20541
115 28.9444 24.3221 2.29889
116 24.9613 31.4328 0.451155
117 27.1539 31.0848 -2.8807
118 25.7437 3.54811 1.82779
119 35.39 14.7288 0.504065
120 23.6229 30.4227 0.522394
121 25.6763 14.5168 -0.321276
122 37.5776 21.5781 -1.56442
123 6.77443 30.3878 -1.10099
124 12.9355 0.9072 -2.21198
125 25.6458 39.9348 -0.561522
126 22.3599 30.1694 3.09715
127 37.5629 7.78386 1.96286
128 34.6507 7.86208 1.20996
129 0.544506 14.4768 -3.0483
130 31.1642 6.60291 4.92117
131 30.8735 28.0068 0.626029
132 18.8452 39.5534 -2.43475
133 38.9888 33.7592 -2.74423
134 1.69902 32.4115 0.828864
135 12.3687 7.05592 0.420186
136 24.733 4.38798 1.59789
137 26.7386 31.1127 -1.07834
138 6.82431 19.1895 1.53454
139 16.2711 3.06858 2.39966
140 26.5164 32.2921 1.00161
141 32.0318 31.4911 -2.34778
142 27.4942 9.31781 1.07594
143 16.3442 23.5243 3.0964
144 0.617777 31.9747 1.50789
145 20.9839 22.143 -1.99504
146 36.6618 10.5988 -3.41969
147 35.726 38.4752 -1.03569
148 36.0829 9.63332 -2.61879
149 11.5077 22.1666 -4.38005
150 17.8455 22.2133 0.25017
151 32.9421 38.427 -0.14684
152 17.0475 18.2649 0.904227
153 17.8336 3.78379 -4.14209
154 25.5709 0.524712 0.691052
155 34.1389 23.8635 0.278954
156 2.04485 25.7984 0.191061
157 15.7488 8.91053 0.643488
158 13.4837 38.1957 -4.21158
159 23.5916 26.8699 -2.85577
160 0.0664699 17.1815 -2.42088
161 6.05082 22.5297 0.663217
162 25.2496 31.3667 2.60088
163 7.65053 9.16362 -4.05484
164 18.3247 6.78595 4.15114
165 28.499 10.5288 -0.927893
166 32.2373 10.2057 3.53588
167 12.8421 36.4816 0.381238
168 34.1251 22.0476 -1.79963
169 39.2248 37.2254 -0.459039
170 5.7939 36.2842 0.541029
171 21.5989 38.5433 3.11253
172 1.18934 18.4975 -2.50489
173 21.399 30.9584 1.29456
174 15.4586 39.4498 2.02657
175 6.94039 6.47364 0.123737
176 16.5432 22.833 2.34569
177 15.768 8.05109 -0.117453
178 26.6874 15.259 2.87964
179 29.4134 7.85752 -4.45507
180 17.2249 9.6889 2.76723
181 39.4422 27.2886 4.13093
182 17.5905 22.4703 1.3367
183 0.693502 22.172 -1.52607
184 35.8038 6.96066 2.37925
185 7.97961 14.9018 1.31129
186 19.4165 1.67724 -2.7103
187 8.46519 2.41813 -1.68141
188 26.0205 19.9899 -1.90653
189 8.56032 23.6781 -1.57975
190 24.7219 22.7409 -0.598946
191 16.1039 29.5577 -1.21468
192 35.7959 39.7631 3.45507
193 26.9564 22.4381 1.26222
194 24.5331 22.8731 0.0336151
195 4.65975 15.072 -2.10072
196 28.6816 33.3048 -0.308962
197 16.9249 34.0504 -1.5294
198 28.6175 23.6779 2.67837
199 14.6059 9.54205 -0.475323
200 29.3274 38.6606 -2.29711
201 37.3962 18.9885 -1.96242
202 12.2241 21.1602 2.95894
203 25.186 14.1851 0.869552
204 31.9713 33.1929 -0.78847
205 0.680318 31.059 -0.99932
206 15.8465 7.39552 -0.588226
207 35.583 33.7915 -0.992137
208 34.8452 21.6016 -0.344755
209 12.865 38.5518 1.34769
210 13.9681 25.2016 2.55413
211 33.4475 18.3513 1.14139
212 39.3073 33.4095 -4.47073
213 38.6718 4.61124 -0.486516
214 27.4716 21.871 3.44292
215 34.5447 22.212 0.141224
216 27.0681 23.3887 2.24216
217 5.04618 6.34916 -0.980936
218 15.677 18.015 -0.435137
219 23.304 37.8186 0.188632
220 15.5177 2.76711 1.88687
221 22.3379 9.78241 -0.162141
222 0.827672 35.5197 -4.00279
223 19.5891 24.9387 1.20709
224 7.67558 30.5873 -0.676827
225 33.7734 11.6727 -0.521958
226 36.9881 19.9937 -1.92599
227 2.52855 12.3847 1.71766
228 18.2627 4.83624 0.47959
229 37.4978 19.744 -3.73604
230 29.5951 9.50145 -1.00178
231 17.0882 31.6489 -0.175791
232 34.1392 2.4361 0.155869
233 39.1753 4.15304 -1.45851
234 7.54225 0.200506 0.837477
235 39.6035 4.67061 -1.10872
236 15.6694 39.4914 -0.13909
237 15.5658 25.033 1.81875
238 10.31 12.0564 -1.17946
239 31.2184 8.54472 1.04065
240 15.9171 18.9393 -0.512878
241 11.8213 28.6355 1.94309
242 1.46653 2.50928 -3.66993
243 29.509 1.07352 3.13514
244 38.2144 17.0138 2.44082
245 20.5419 3.2589 0.11352
246 23.8858 5.1322 3.16981
247 5.6147 36.3904 -2.96434
248 11.0475 28.1587 2.08891
249 14.2263 1.03684 3.07754
250 19.1611 1.77358 -2.77353
251 39.4467 3.11726 -1.86642
252 32.8462 16.1886 -2.07087
253 29.3889 16.5813 2.58282
254 1.11395 37.5799 0.922877
255 26.3554 26.4945 -1.67661
256 9.75994 4.45137 0.928245
257 29.0734 19.1453 -0.294586
258 27.2793 36.2763 -2.22528
259 39.1151 15.9712 -4.52341
260 2.30639 8.88266 -2.53251
261 31.69 29.5826 2.04676
262 31.0181 31.0564 0.131441
263 2.91998 4.48195 -1.76301
264 11.0407 24.9328 -0.584837
265 0.514649 29.3406 1.83573
266 38.1151 12.9708 -2.40301
267 0.765405 28.3024 1.5301
268 13.0885 22.6828 -3.0085
269 23.9025 35.0579 0.563886
270 3.34724 12.2613 0.881818
271 33.8596 8.44896 1.37744
272 17.8093 19.2852 -0.848679
273 28.1938 35.136 -1.29862
274 13.0519 5.92632 -1.95514
275 7.20657 23.4273 -2.31305
276 27.0369 19.0448 -1.2212
277 3.18083 19.1493 -0.473096
278 2.94621 15.3331 1.66555
279 12.7194 26.8663 -0.717995
280 5.16363 26.295 -4.21043
281 23.792 19.7928 -3.64917
282 12.5415 18.5477 1.81303
283 20.0949 32.6103 1.26252
284 24.7615 19.2226 -0.984198
285 38.0621 38.8722 3.65289
286 35.3926 7.16523 3.18975
287 16.9617 11.8263 -3.01036
288 1.7562 1.25701 1.03669
289 12.692 33.9942 -0.640136
290 34.1168 24.8752 0.232138
291 13.1533 7.09672 0.424685
292 37.2891 17.899 0.294885
293 11.06 5.62144 0.542951
294 28.6245 28.1629 2.38831
295 20.4216 17.4846 0.676176
296 24.5917 22.7876 1.05335
297 0.147491 31.9224 -0.438981
298 22.3669 34.671 -1.24979
299 18.8503 27.8779 -0.173772
300 26.2952 8.1943 -0.283154
301 26.0291 26.4632 -1.63335
302 16.7057 33.5344 -1.84458
303 4.48244 20.7583 -0.207276
304 5.72719 32.4486 -3.97058
305 1.30102 18.9367 -2.89926
306 26.9545 10.6816 2.74513
307 9.24398 16.283 -0.998342
308 3.19732 24.1654 -1.25789
309 15.2648 33.6455 -0.648263
310 15.0879 23.9586 -0.115113
311 25.2591 9.10646 0.322568
312 35.3729 38.8638 0.43795
313 23.1861 38.2203 1.51953
314 15.6535 8.60744 1.34028
315 0.476605 37.2631 -0.802807
316 38.2565 32.6769 1.78875
317 21.787 28.7072 2.4872
318 28.1369 24.2063 -0.0693373
319 3.92296 4.18479 -1.17794
320 2.73016 24.0738 2.26019
321 28.2329 3.15655 -2.79247
322 2.17225 35.4304 2.78899
323 12.7485 37.0502 2.06383
324 26.9314 16.1894 0.809547
325 10.751 31.2178 1.89324
326 4.87579 16.0564 -3.69047
327 16.3276 38.1521 2.59649
328 16.5738 30.9019 0.798383
329 6.49486 24.2457 1.96752
330 36.9431 13.0947 1.92051
331 17.3399 34.7239 -0.869048
332 32.875 9.76852 -0.075425
333 29.3902 22.2954 -0.26471
334 14.3134 6.8454 -0.344236
335 5.18752 3.82402 0.933804
336 15.5874 35.0158 -2.17512
337 10.8771 23.4161 -2.14703
338 12.5731 25.6431 2.65715
339 39.8177 32.1922 0.787225
340 5.51263 22.5381 1.59112
341 32.2666 29.1793 0.941567
342 10.4784 17.5624 -1.28238
343 12.2905 19.6126 1.58154
344 13.5402 38.9272 -2.90756
345 30.5396 27.3658 0.229315
346 17.9007 9.35491 0.906572
347 0.687758 0.644939 1.25039
348 9.82837 23.8171 -0.785503
349 16.9508 26.0164 -0.735709
350 3.43613 18.3907 3.44328
351 5.37902 20.6995 3.7555
352 26.1072 26.6788 -2.00962
353 26.1114 12.3963 4.32681
354 39.6462 37.4597 -0.417764
355 15.8991 25.7839 2.65739
356 33.646 39.5395 2.71354
357 10.9052 21.5611 -4.09725
358 14.5861 12.7449 -0.478699
359 32.7918 24.4897 2.8635
360 31.8332 22.4572 -0.435035
361 30.9407 31.1264 0.0882644
362 1.66931 24.5992 -2.03908
363 39.1699 9.63407 -2.0457
364 8.15052 14.4448 2.06745
365 10.5169 34.7292 -1.92021
366 16.3377 10.676 -3.45238
367 13.7987 38.2181 -1.23976
368 27.0889 9.6804 0.85597
369 15.0241 1.91329 -0.689486
370 18.1124 29.2523 1.77086
371 25.7426 19.689 -1.58571
372 21.7441 30.1785 2.31576
373 16.3073 14.8589 2.17624
374 13.3007 13.5063 -0.517254
375 12.0424 13.1899 -3.48312
376 37.8634 31.9622 1.06685
377 6.30008 7.84575 1.49451
378 13.4371 6.81191 -1.47337
379 35.1601 32.672 -1.08457
380 32.9347 28.543 0.363834
381 14.1258 37.6233 -0.700445
382 5.13804 17.6754 -0.873663
383 22.0219 33.4234 -2.1491
384 31.7281 10.7073 1.58065
385 20.2274 22.7044 -1.29693
386 26.535 6.03363 0.154554
387 33.9421 35.8897 1.87284
388 31.197 28.9563 2.95943
389 6.91155 6.06209 1.14197
390 34.8015 21.6017 -3.22024
391 14.4911 13.3793 1.07078
392 22.1488 22.2877 0.175735
393 22.6394 4.57292 1.50722
394 24.9388 37.7469 3.35229
395 36.0431 13.8537 1.89905
396 2.43435 0.394545 0.213164
397 8.93441 3.97759 0.114537
398 35.6693 31.5859 -4.55957
399 33.8493 20.8728 -1.28402
400 7.00048 0.707641 -0.32086
401 27.7394 30.0852 -2.39693
402 36.5205 8.59743 -2.93222
403 2.45896 29.6175 2.02223
404 19.5425 28.0252 -1.94821
405 2.20989 22.3088 0.943137
406 24.1605 6.34185 3.03709
407 37.0054 9.65094 -0.546105
408 38.7444 10.4464 -0.725255
409 20.1368 0.668092 -2.1472
410 18.1793 26.7338 0.497936
411 15.5706 30.7299 0.298055
412 4.94941 39.8352 1.22918
413 9.29597 18.2337 -0.583242
414 7.72366 12.5219 -2.09176
415 11.6674 27.9486 2.14955
416 15.5524 38.3876 1.51979
417 39.7136 39.2294 -0.231487
418 26.1898 22.3977 1.90898
419 23.4264 4.23043 2.62948
420 24.4041 2.39785 0.651469
421 5.8231 18.125 -0.4461
422 9.20423 17.17 -1.24779
423 32.9955 6.20269 -2.11324
424 24.3732 27.0793 -1.75235
425 16.4265 3.25977 1.29168
426 10.3786 23.7884 -0.893674
427 16.7113 21.4698 -0.167533
428 5.32021 5.34143 1.56406
429 3.14457 8.1496 0.802134
430 16.2228 17.9132 0.0599417
431 7.63015 6.30226 3.22171
432 23.3963 34.1273 -0.823829
433 26.0782 20.6659 0.474901
434 14.3938 25.0077 1.05003
435 31.2048 31.1973 -0.237751
436 1.29906 28.7622 1.66683
437 12.2244 36.5144 2.85763
438 2.12227 30.0137 0.655343
439 32.6319 16.2892 -2.1996
440 23.401 7.36983 -1.70068
441 13.4536 0.0537922 -3.33282
442 4.22313 20.2001 1.99982
443 26.3087 15.5607 1.04841
444 13.42 19.4167 0.531062
445 12.2877 19.2272 2.67896
446 16.5244 10.9893 -1.41605
447 9.6152 5.84285 0.0636308
448 32.2967 31.1694 0.408485
449 17.6796 19.221 1.01516
450 1.69894 17.9783 -0.457751
451 32.8862 10.1148 0.343477
452 14.663 12.668 -0.611971
453 3.43335 23.2728 1.73221
454 33.6863 9.78234 -1.36477
455 33.3998 6.52886 -1.22735
456 9.48573 9.70452 0.40142
457 22.224 16.5251 -2.69567
458 32.162 18.6527 2.32104
459 14.6634 3.69502 -0.431009
460 8.74485 37.773 1.86484
461 9.3194 0.437571 1.52275
462 24.4729 17.638 1.13633
463 4.73674 34.3801 -0.527601
464 31.8267 23.375 2.41552
465 28.8916 14.4534 -0.745852
466 34.627 20.8832 -0.598746
467 14.1279 35.2045 -1.19315
468 23.9783 30.7769 1.4922
469 16.6664 35.3582 4.3345
470 7.67615 17.5197 2.18454
471 36.2918 21.9532 -1.32848
472 14.2769 7.50517 -3.05949
473 9.37987 36.6595 -2.36495
474 7.71525 39.1865 1.87597
475 32.1986 7.63988 0.853935
476 13.3108 26.8035 -0.462136
477 10.6561 37.192 -0.893754
478 25.9837 20.1732 1.62843
479 34.215 30.4644 1.71231
480 31.2916 18.599 1.42145
481 25.6615 37.8132 2.52308
482 7.69145 33.133 2.95877
483 6.78494 34.1719 1.27537
484 16.1511 35.8082 -4.39187
485 5.55659 38.187 -0.714611
486 18.3753 28.7189 0.389049
487 32.0704 28.93 0.772586
488 33.3772 8.93664 -1.21952
489 21.8446 1.51349 1.4792
490 10.2885 0.46819 -3.83291
491 16.1287 12.0915 -3.62999
492 22.6657 2.12237 0.702274
493 4.48077 23.7515 1.44275
494 9.06624 13.5767 0.483203
495 31.6908 10.0702 0.142271
496 25.2767 24.4924 0.526278
497 4.39441 31.8968 -1.82464
498 19.0036 19.1671 -4.45924
499 10.5138 24.3118 0.0335941
500 3.91564 12.6834 1.06122
501 30.1994 7.71464 -4.12574
502 3.24633 4.46438 -1.76824
503 23.9648 27.4997 -1.15594
504 39.5486 36.8792 -0.399288
505 7.26339 6.902 1.4152
506 27.7272 29.1865 -1.79798
507 20.3262 7.93565 0.542247
508 3.53771 30.8644 -1.58532
509 16.0806 1.56108 1.31644
510 36.5321 6.55263 4.08455
511 24.5047 34.7414 0.860655
512 30.9864 29.4737 1.42343
513 10.6878 25.3755 -2.39673
514 10.6197 31.9206 0.122821
515 16.6261 13.9298 3.11109
516 18.3639 39.9185 -3.00675
517 17.4981 16.6667 1.11992
518 8.22947 10.0407 -2.51433
519 24.3981 22.6309 1.00373
520 39.7248 1.28882 2.46405
521 37.9921 26.5705 -0.305834
522 20.9296 20.0552 1.84097
523 11.9983 19.7681 2.40796
524 13.3161 25.9216 3.25148
525 5.14859 14.3382 -2.12369
526 12.2551 26.4323 -1.50802
527 14.8806 6.25572 2.51867
528 21.4452 4.04256 0.755421
529 36.1122 3.22225 -0.766132
530 31.6158 9.86594 2.70977
531 29.2817 6.65624 -2.79249
532 18.3316 38.2048 1.31115
533 14.9649 29.0564 -2.7879
534 11.9647 22.648 -2.70742
535 39.7195 0.419877 1.57638
536 33.3978 15.2461 -0.178307
537 39.7533 26.8773 -3.83399
538 5.13097 3.0409 -0.827131
539 9.42545 5.37835 -1.31926
540 27.9674 18.9263 -1.01228
541 26.5711 23.2458 0.203148
542 35.4654 31.4058 -3.947
543 9.67616 17.0061 -2.65685
544 38.2723 39.2771 2.88721
545 13.626 28.2878 -2.19067
546 1.69057 0.950476 2.65194
547 6.61953 12.364 -1.33929
548 37.5909 33.5905 0.380881
549 36.7467 25.7809 -1.16468
550 5.10062 26.8504 -4.06937
551 28.8862 14.7503 -1.02399
552 2.63811 0.271251 -0.955946
553 13.9389 31.7459 -0.259709
554 19.7412 8.74478 -2.76595
555 39.2799 11.4146 -1.23488
556 34.1752 21.7382 -0.0312319
557 4.65982 20.2272 1.21059
558 37.7513 4.29618 -2.18382
559 25.9659 30.2966 -0.0299557
560 29.3365 25.1871 -2.74404
561 2.62247 22.5739 -0.96719
562 11.0109 26.1759 -0.783059
563 6.02531 11.7988 1.67897
564 18.1893 26.3531 0.132939
565 1.98758 21.1363 -2.79171
566 16.3567 37.0426 4.32119
567 30.8395 11.4269 -4.00879
568 1.70138 4.68202 3.27329
569 33.778 28.1835 1.83982
570 1.80442 25.634 -0.630263
571 14.7993 14.0979 -0.797054
572 35.3485 32.795 0.492449
573 22.0056 31.0959 2.80922
574 7.6348 22.785 -1.9447
575 20.1909 19.7425 -3.39639
576 0.465185 38.8907 0.611321
577 18.416 29.1622 2.70511
578 12.8497 38.3924 -2.10773
579 8.40365 8.99343 -0.267909
580 11.0015 31.8996 0.44034
581 10.45 28.7955 3.01269
582 28.4034 18.8396 1.20814
583 21.6126 38.1807 4.39128
584 36.5891 6.94814 1.99338
585 0.536742 21.5882 -1.43709
586 24.7745 23.1494 -0.532332
587 31.4054 34.154 0.319399
588 23.2407 34.415 -0.145114
589 27.2714 19.9237 -0.34534
590 6.14901 6.4165 1.70651
591 3.19064 26.3911 2.60212
592 33.312 27.9573 0.362155
593 11.3368 21.6635 -3.86149
594 7.27681 3.30604 -2.68139
595 28.2829 21.8598 2.14224
596 39.5807 37.2774 1.96831
597 30.3626 13.1964 1.33556
598 34.8153 13.1191 2.16673
599 9.45426 32.0927 1.964
600 8.23274 34.1647 0.321696
601 18.4719 35.2646 -1.78985
602 11.2962 24.7101 2.57656
603 17.3134 11.4723 -1.03254
604 29.7342 25.9853 -4.49179
605 10.4354 33.9087 -1.96639
606 0.313571 27.7217 -1.89179
607 38.9511 7.78128 0.347361
608 11.3872 5.55281 -2.64154
609 20.5535 0.0199913 -3.80085
610 35.058 21.4111 -0.178841
611 3.68852 24.9403 3.78918
612 27.052 9.76586 2.67425
613 23.861 10.9515 2.3101
614 3.12558 5.14349 -1.62643
615 33.3401 11.1093 -2.78532
616 32.9732 18.4141 2.53682
617 24.7088 28.4934 -3.21997
618 5.87605 0.334346 -1.27507
619 22.8061 34.8567 1.58579
620 39.5539 39.2929 2.89024
621 25.8275 16.6902 1.32217
622 23.2344 2.27375 -2.60549
623 16.537 5.80333 -3.28719
624 26.9988 6.56776 -0.162369
625 21.1999 7.00419 -0.306645
626 6.1387 38.3763 0.478786
627 6.32033 33.0078 -3.84016
628 16.0428 0.772897 1.004
629 23.7925 1.33209 -3.84721
630 37.8093 32.0167 1.74363
631 28.4616 1.00559 -1.43477
632 34.6434 32.3951 -0.484245
633 1.81534 23.6469 -1.66107
634 3.73829 5.90666 1.09421
635 25.6471 27.8444 -2.9361
636 25.5411 7.40114 1.17048
637 4.76102 27.1614 -2.41137
638 32.7706 28.0956 3.7685
639 34.3013 11.5928 3.29024
640 5.73437 23.4105 3.47674
641 26.576 7.08193 2.01745
642 16.3633 36.5053 2.04275
643 28.2923 23.237 4.48342
644 14.0492 5.38679 -2.75765
645 8.20817 11.7256 -3.32886
646 7.89982 8.48647 -0.993979
647 8.7538 15.5888 1.48991
648 30.7489 32.2846 0.814841
649 17.4144 18.9749 -0.861001
650 27.764 15.6995 4.36603
651 23.9127 21.9714 -0.315836
652 10.1776 33.4416 -2.24074
653 12.1436 1.35866 -1.02089
654 19.3781 13.7604 3.74034
655 0.4218 34.5711 2.60425
656 5.67397 10.9015 3.80939
657 23.6634 7.19101 0.0559748
658 11.0928 28.6829 1.79437
659 39.8539 38.6274 -0.272114
660 26.7082 12.669 3.20728
661 38.4905 17.2709 2.83671
662 38.5373 36.1079 0.237478
663 11.7752 20.7642 3.78586
664 32.9462 15.9218 -1.5344
665 33.8039 35.3664 2.18699
666 23.2949 38.5678 3.73445
667 37.0639 35.5306 -1.37004
668 13.0326 36.4905 -0.118078
669 15.121 33.9493 -2.54865
670 36.6247 33.4519 0.987348
671 31.362 2.22652 -0.952073
672 18.1346 32.6987 -3.33913
673 36.8323 0.394799 -4.52596
674 6.30079 19.1726 1.08327
675 33.4185 15.8752 -0.954826
676 32.6746 39.2383 0.510323
677 34.972 20.9875 0.022271
678 27.2789 2.38342 -2.7977
679 23.5587 22.0246 -1.72126
680 19.4603 30.6219 3.25511
681 9.21877 1.84165 -0.356855
682 31.4715 2.51054 -2.27497
683 22.7163 30.1629 1.52886
684 6.707 3.22083 -1.50825
685 27.3422 29.5453 -3.77541
686 39.5132 37.9423 1.63747
687 23.5784 13.3525 0.85887
688 23.5561 4.69215 2.54023
689 16.9522 3.71877 -3.51154
690 19.144 32.3782 -3.57049
691 17.684 33.9886 1.30416
692 30.9777 12.8436 3.56349
693 1.34308 18.8891 -0.517138
694 26.9775 22.5838 3.43681
695 18.0071 28.7328 1.46794
696 24.892 28.1165 -3.17859
697 30.6488 6.4719 3.81528
698 38.0735 17.0234 -0.681689
699 26.863 22.6588 0.125994
700 1.96183 2.97846 -3.23298
701 18.1096 1.35237 0.756218
702 37.2061 39.2905 4.32561
703 39.5967 11.6659 -3.65321
704 24.0027 35.004 -0.243534
705 12.387 34.783 1.09497
706 38.8059 35.7423 -0.342967
707 15.0941 9.07507 0.540561
708 31.7139 17.6801 1.88864
709 28.1955 9.57906 3.5342
710 16.0906 34.8333 -4.14247
711 35.465 25.8698 -4.31511
712 26.0668 16.0066 2.58131
713 29.2768 22.206 -0.110606
714 25.6394 30.6877 -0.353145
715 38.1625 0.551639 1.01425
716 19.2319 31.0651 3.49735
717 15.2528 28.3845 -3.57345
718 7.98338 32.0497 -2.82338
719 9.98691 33.7723 -2.74144
720 10.4661 25.4296 -1.68093
721 24.3513 37.8275 0.862547
722 39.0061 38.7295 0.632628
723 15.1613 1.02444 1.06677
724 15.6535 38.3005 -0.108451
725 23.4758 36.962 3.90739
726 6.0068 30.2355 -1.81446
727 10.4561 28.8263 1.5729
728 35.6437 4.91951 -2.54604
729 21.7021 38.6438 3.97717
730 23.7099 10.6565 3.22626
731 27.0708 20.01 -1.95665
732 28.471 32.1239 -4.26605
733 32.2302 29.9408 0.185573
734 31.6738 8.0877 0.250232
735 18.5505 28.4005 1.85986
736 17.842 33.0924 4.0341
737 38.6873 34.0865 1.24935
738 20.8741 5.02012 -1.24141
739 11.4383 24.5338 -0.986028
740 38.3035 28.1444 -4.73109
741 10.651 34.1966 -0.302943
742 21.364 10.9001 2.40386
743 24.41 23.4835 1.44561
744 35.5833 17.3549 1.45852
745 12.6193 37.809 3.35547
746 12.1979 10.4205 -2.55535
747 17.3185 22.7296 3.92483
748 18.5193 31.0032 0.822119
749 2.16875 2.58352 -2.44703
750 1.2855 39.0766 0.366006
751 10.1905 0.203994 -1.59897
752 1.3729 16.6163 0.000493753
753 15.7236 22.6316 1.88658
754 28.8544 23.1746 4.74076
755 23.1438 4.66655 2.38055
756 2.43568 2.66691 -2.8356
757 13.9953 25.1022 0.532009
758 34.4969 22.2468 -2.48393
759 9.30561 29.9995 2.38653
760 33.8851 32.7406 0.945215
761 14.085 20.6277 3.00324
762 23.7878 26.1478 4.12253
763 12.1802 37.761 0.26635
764 25.998 9.49033 -0.437383
765 34.6642 22.1101 1.39953
766 7.30752 14.8264 2.20911
767 32.215 10.7284 -0.930888
768 7.46728 13.8189 -0.690065
769 15.4785 32.3008 -2.87856
770 9.31624 24.5016 0.13385
771 4.7175 20.8385 -0.35761
772 15.372 38.7059 -1.55005
773 35.3613 28.5694 -1.48465
774 38.199 38.8306 2.3099
775 17.6272 8.14033 0.164472
776 7.17676 18.5975 3.48513
777 1.43205 22.7086 0.0620065
778 34.9446 22.7887 -1.09195
779 14.1601 37.0482 -0.921673
780 5.78122 3.87315 -2.68776
781 36.6904 0.515744 -3.85481
782 8.24389 15.1097 1.93011
783 12.891 8.61953 0.0617987
784 36.8517 2.80031 0.660147
785 20.4693 10.0577 -1.17433
786 5.07504 18.8116 1.38628
787 31.5631 2.36406 0.912278
788 39.306 39.7633 0.770614
789 33.8477 9.64809 -0.00991392
790 11.2708 25.4957 -2.67908
791 13.189 22.878 -1.38881
792 10.6947 24.9855 0.00710306
793 20.0033 35.0822 -1.83805
794 19.1374 29.4381 -0.283311
795 4.51275 7.07048 0.664839
796 22.1337 22.2967 -0.682759
797 37.5771 33.2756 0.717552
798 26.5853 10.8572 1.4831
799 23.7261 2.95613 -0.759323
800 32.5229 4.61075 -2.05709
801 19.6605 10.4534 -0.560548
802 34.8007 19.9758 1.94771
803 16.0209 3.21979 2.79482
804 1.24433 22.4766 -0.454242
805 39.7486 23.4628 0.20744
806 13.5364 30.7792 -2.53029
807 26.5878 14.3437 -1.63412
808 20.2352 24.5639 0.337126
809 29.3117 14.9894 -3.58224
810 14.0006 38.1704 -1.49778
811 3.82963 21.4551 2.19063
812 8.53157 2.94691 -0.088993
813 2.03674 10.9357 -0.545623
814 24.0072 35.8015 0.522728
815 34.4472 14.8164 -1.03683
816 20.2425 38.6466 1.01248
817 13.0855 39.091 -4.15975
818 7.29267 11.3811 -1.04576
819 26.6639 5.97883 -1.0047
820 4.20473 4.23963 -1.34061
821 11.654 17.5075 4.48766
822 10.5613 6.05818 0.741061
823 23.9751 1.16662 -3.37985
824 34.1121 16.4445 -3.05002
825 0.784074 32.5976 -2.08813
826 7.56428 15.0492 1.53277
827 2.7755 11.7666 3.07512
828 20.0631 20.4301 3.16928
829 14.023 36.6587 -2.31942
830 6.07848 19.0664 1.75041
831 12.4429 38.1147 2.59118
832 33.6336 37.1207 2.62493
833 9.23599 14.7259 0.379424
834 19.8453 9.55439 -3.08972
835 3.45064 30.2352 -0.779092
836 18.8044 32.6851 -3.46819
837 30.5981 35.6694 -0.178856
838 22.2446 4.61586 0.321818
839 3.62208 20.3575 1.74072
840 21.7062 16.8991 -2.68977
841 28.6967 29.8954 -2.07336
842 15.493 29.1745 -2.68519
843 13.2893 6.61 -1.24483
844 4.94053 22.4465 3.01018
845 2.4967 26.0592 -0.344295
846 12.3273 34.9727 -0.461986
847 2.4387 25.0802 -0.67448
848 25.725 27.4561 -3.77257
849 20.5831 17.4676 0.613172
850 33.4791 34.2446 1.16289
851 6.49723 1.80771 3.23139
852 27.2767 25.7489 -1.88969
853 24.8362 26.7756 1.6606
854 39.7752 36.7183 2.75408
855 12.0868 38.3737 4.05212
856 14.0756 39.2339 -4.20906
857 11.6093 23.5354 -4.49837
858 1.91814 27.7767 -3.25157
859 15.6962 39.0994 -1.32
860 37.79 17.3738 -0.343674
861 1.63465 15.1894 -0.44506
862 7.49767 33.8951 0.785032
863 7.73076 12.3768 -2.10771
864 21.9299 8.71287 3.36404
865 29.2192 37.0996 1.66749
866 27.4886 3.02161 -3.45455
867 25.2317 28.8219 -3.22618
868 31.8832 27.5953 0.0526166
869 33.0504 17.9132 2.65829
870 38.9096 1.67164 -1.58531
871 19.7977 23.7174 2.70619
872 29.6895 23.9912 3.44531
873 17.832 18.2184 3.6733
874 34.0113 15.8034 -1.24351
875 30.5255 7.20242 -1.80128
876 8.15883 14.2106 1.14568
877 33.2322 10.4136 -1.77696
878 6.58891 36.9289 1.61259
879 2.14122 30.6707 -0.0744628
880 35.8225 24.9542 1.24857
881 6.77471 26.4802 2.82305
882 28.9911 6.90321 -2.347
883 31.1419 27.7646 1.55882
884 11.0402 23.6856 -1.80934
885 7.74822 12.4488 -2.42913
886 19.1603 19.7573 -1.98948
887 1.88301 24.7138 -1.50175
888 32.5637 26.733 -1.48896
889 0.22208 8.58101 -0.37402
890 13.6211 17.8181 -2.24505
891 19.4309 23.6415 2.79247
892 16.3362 3.21872 0.350706
893 31.3467 28.2565 2.81106
894 33.9257 29.1478 2.31376
895 37.3695 11.8063 4.25927
896 15.7325 38.8115 -0.188551
897 38.0251 12.7802 -1.55858
898 19.2678 19.0945 -3.99219
899 10.7487 24.5336 -3.64341
900 14.2534 6.73803 -1.56395
901 2.27702 35.938 4.69247
902 38.1694 32.6566 0.253686
903 9.46206 37.191 -1.30636
904 17.2533 38.897 -3.81253
905 28.4925 38.1695 0.510606
906 20.0514 19.0894 -1.60612
907 11.8422 28.7887 -1.30981
908 33.597 33.8675 1.20352
909 15.2491 1.90048 0.287461
910 37.7717 20.8479 -0.349514
911 32.5526 30.5336 1.0368
912 23.6641 21.8969 0.183088
913 39.2882 30.3239 -4.02001
914 0.84288 21.0627 -2.41531
915 35.8916 33.2515 2.32382
916 25.8788 21.2568 0.992862
917 13.7995 23.4414 0.231071
918 36.2807 6.63177 1.3208
919 26.9342 20.1812 -1.22744
920 3.7734 24.6727 1.91334
921 25.604 21.1638 -0.583043
922 24.5002 15.9909 2.43894
923 3.21993 23.7052 1.88745
924 32.203 29.8687 0.326415
925 23.8488 4.11697 3.38386
926 26.4285 1.60001 2.17086
927 4.97475 33.9701 -1.67419
928 39.9339 0.126904 -0.398783
929 1.34381 32.0028 2.30696
930 8.62728 9.56602 -2.51133
931 17.7767 14.8476 -0.269659
932 5.89662 21.8991 0.839399
933 14.0445 5.61007 -1.01988
934 31.6331 24.2084 1.96965
935 10.9478 8.3639 1.85829
936 11.7188 21.5616 -1.82667
937 16.0801 1.88889 -0.460989
938 23.3233 24.6265 1.79502
939 16.2785 10.1447 -2.15878
940 17.0186 25.5432 1.0625
941 26.0039 17.2532 1.24701
942 9.16634 12.6018 -0.291286
943 12.2489 7.13453 -2.16614
944 4.66594 36.0655 -0.936166
945 3.82439 6.28569 -1.98436
946 19.1293 25.1345 -0.785651
947 16.0645 8.65442 -0.739751
948 20.973 4.35749 -1.54695
949 7.93263 12.9027 -0.764944
950 39.3386 35.0382 -0.599111
951 10.3368 10.1415 -2.52944
952 14.2832 24.802 2.6142
953 34.2071 23.9624 -0.867815
954 8.94988 39.9293 -0.622589
955 1.01764 3.65573 2.15885
956 29.1891 15.3987 -3.60213
957 34.2252 20.9415 -1.15384
958 3.75027 37.5414 -2.79801
959 24.5368 3.74097 2.91406
960 4.53655 39.0969 0.664898
961 2.35697 24.8685 -0.793848
962 13.5024 28.5327 -3.27628
963 12.8173 37.9066 2.35456
964 3.23365 6.88773 1.41447
965 33.9115 26.0409 1.65624
966 14.442 19.1328 -0.00471447
967 14.7173 39.5876 1.50557
968 33.7892 22.1176 -1.15561
969 11.9555 4.91921 -2.79693
970 21.8241 32.0986 -2.84662
971 28.5922 10.4508 -3.36223
972 12.6294 17.7924 2.11599
973 11.0827 27.662 0.972025
974 26.4927 22.3982 0.935605
975 10.0321 23.1818 -0.257951
976 3.30193 13.2007 2.6158
977 9.7616 36.4367 -0.894618
978 14.2177 33.1675 -2.90094
979 7.28567 1.43118 0.254836
980 37.86 15.2713 -2.70362
981 2.73448 22.5393 -0.476667
982 39.062 7.59465 1.04435
983 32.5756 16.6001 -0.365367
984 11.4288 32.5998 3.23554
985 3.13006 22.8359 -1.39517
986 19.7003 18.6298 -3.52968
987 11.0229 18.4997 2.44487
988 5.73335 25.9883 -1.92943
989 25.157 31.7438 0.365345
990 20.0101 13.065 3.66367
991 13.0942 24.9725 2.45434
992 2.64151 17.8828 0.893921
993 13.8536 18.6789 -0.921385
994 23.7593 24.0933 2.32875
995 15.2622 13.5693 1.2056
996 32.9792 21.3705 -1.68081
997 33.6992 19.2314 -0.567838
998 38.9785 38.0431 2.85188
999 33.5701 16.2548 -1.12235
