1000
Particles
0 3.64492 29.0112 2.27115
1 29.7565 29.7837 4.15715
2 16.8042 7.66996 0.0703261
3 8.92638 36.0007 -1.33204
4 19.1398 21.9522 2.72484
5 17.1752 13.4415 1.80407
6 30.1135 37.5604 1.18377
7 32.8501 22.4933 -1.7345
8 11.2969 18.244 -2.374
9 39.9015 20.7114 1.40679
10 21.3963 1.72088 0.271822
11 7.90865 30.4426 3.21431
12 30.0441 30.8026 -3.18396
13 12.7474 1.61349 -0.769718
14 29.3313 29.8762 3.14074
15 15.6185 27.8751 2.15252
16 26.373 31.7031 -0.972883
17 34.9941 21.4565 0.0990565
18 32.6784 19.2102 -4.31288
19 14.9341 27.0988 -4.06289
20 38.8839 8.25584 -3.56148
21 38.196 4.96446 -2.28001
22 8.28288 7.70687 -0.730738
23 36.1809 23.0277 0.0166928
24 33.2352 11.8807 -1.49032
25 3.08088 30.4302 1.38818
26 20.0076 31.8906 2.55364
27 13.5953 10.1818 1.42555
28 9.16101 30.6595 -0.413386
29 32.0685 0.365441 -3.41742
30 11.326 17.33 -3.73765
31 10.1142 13.3577 -3.41633
32 27.7116 4.27968 -3.20558
33 12.3306 33.8131 3.02607
34 28.632 29.2395 3.32666
35 23.5451 11.3774 2.7142
36 13.8686 2.06091 -1.88288
37 37.7373 30.6421 -0.668264
38 29.3617 39.7471 -1.10248
39 38.0544 20.4086 -1.9611
40 0.194245 34.2308 -3.15284
41 11.4232 14.0798 -4.52203
42 37.6162 21.345 -1.60705
43 21.3456 28.1825 1.78277
44 25.2623 26.8217 0.963023
45 7.18016 22.0645 2.26331
46 38.6546 7.29959 2.95458
47 25.9042 13.851 1.17434
48 3.5207 35.5477 -3.32903
49 7.84695 33.6706 -2.86481
50 3.15458 33.1474 -0.794273
51 27.4984 0.81891 -1.5796
52 30.2403 9.27891 0.106867
53 16.1802 4.45475 2.67781
54 26.4855 19.78 -0.85938
55 7.3703 14.7443 -1.15417
56 15.664 13.9709 -3.60931
57 12.1997 31.8556 -1.47956
58 28.4039 21.6533 2.93842
59 4.9061 34.0383 2.95067
60 9.50017 22.7417 1.65812
61 16.6938 34.877 0.249728
62 1.72586 2.67711 -0.856873
63 8.57985 15.1857 -0.787592
64 29.3199 28.5753 2.48482
65 5.5567 36.2665 -2.33505
66 1.33302 18.0766 4.20168
67 26.7828 22.1365 -3.88566
68 2.67894 6.53763 -1.3494
69 14.6519 35.0329 -2.41791
70 11.5552 6.04067 -1.905
71 22.1601 15.8981 -0.677366
72 4.91362 11.2648 2.72966
73 22.6348 26.8078 1.73128
74 8.26596 8.38384 -0.0530981
75 30.2482 36.5296 -2.59916
76 29.6658 7.46287 -0.0567888
77 6.3594 25.6747 -0.246861
78 5.25166 36.2248 -1.47411
79 39.9235 36.3126 1.00112
80 34.4242 14.5787 -1.28264
81 8.81904 36.874 0.387777
82 15.6707 11.4201 0.789356
83 14.8799 29.853 0.603427
84 26.8367 7.63382 1.616
85 3.15822 19.5357 3.95494
86 20.8635 12.3394 -0.959728
87 25.053 32.1028 -0.0769148
88 6.85236 38.4639 -1.7821
89 8.17536 39.9604 -2.81305
90 39.5707 34.4797 -2.55578
91 28.5705 17.0599 0.411099
92 22.1047 30.9234 -1.73781
93 8.89562 0.541162 -2.00905
94 18.6242 25.5069 -0.405746
95 17.2942 2.85657 -0.217797
96 8.14063 32.9367 -3.83178
97 14.5215 39.8148 -2.68692
98 4.20404 21.1041 -1.2022
99 11.9946 7.17773 -2.54541
100 30.3268 21.0422 2.09114
101 23.3419 26.1842 1.61746
102 22.7081 36.3066 0.904024
103 14.3877 38.0408 -2.42235
104 23.8315 5.92693 1.45108
105 10.0934 37.9875 -2.1396
106 37.393 20.0891 -0.207951
107 21.4153 22.0376 3.67221
108 35.7747 23.0121 0.252973
109 38.1005 34.2962 -2.08737
110 3.4474 32.058 -3.49405
111 33.6588 32.0537 -1.94504
112 33.3051 2.33471 1.89211
113 33.6722 32.4688 -0.523844
114 29.0094 22.9447 -2.45959
115 28.1585 19.71 -1.28883
116 20.9606 31.7021 0.585615
117 30.5125 29.7413 2.09359
118 23.2033 8.059 0.54616
119 32.1301 11.4076 2.69521
120 22.8179 27.7575 3.05749
121 22.1223 15.7154 -1.58648
122 32.4525 27.63 -3.56298
123 5.39663 28.5623 1.65899
124 9.9056 38.1444 -0.736322
125 22.7358 0.898613 2.55242
126 32.1924 32.8164 -1.28833
127 34.9942 4.35213 1.06901
128 32.5282 2.39077 -0.626863
129 6.94121 16.4053 -0.0276936
130 25.4645 11.4852 0.486229
131 25.0591 26.729 -1.17864
132 18.1088 0.35949 -0.150891
133 38.5748 37.6181 2.09165
134 11.9967 33.0603 -0.247366
135 13.7376 0.493999 -2.2244
136 24.2474 6.05945 2.25812
137 21.9636 24.1257 1.63791
138 6.57524 16.1647 1.13202
139 15.175 36.4695 -2.36317
140 29.2052 0.105719 -2.50092
141 26.7523 1.84068 -3.1894
142 18.3638 13.3628 1.63396
143 16.39 20.7147 -0.268573
144 0.53997 32.5367 3.14074
145 24.7386 25.5649 -2.39076
146 28.2375 14.5937 1.68103
147 35.4763 34.9887 -2.75063
148 31.706 6.78409 -3.16857
149 11.4621 11.6109 -0.658441
150 11.6385 27.9283 2.17277
151 29.9846 5.39379 -4.21125
152 16.0272 14.5166 -2.18804
153 18.0893 8.25101 1.93537
154 26.3436 37.7437 -1.38991
155 37.5165 29.5172 2.261
156 37.9468 23.2112 -2.10072
157 15.6887 3.74291 -0.288183
158 12.9117 0.12237 1.51101
159 24.463 31.6149 -2.41299
160 7.151 15.9107 -0.882961
161 13.3498 26.1245 -1.15513
162 25.4354 26.5955 -2.53195
163 10.6361 10.8938 -2.07836
164 20.1653 10.137 0.330905
165 31.5623 9.2364 -1.83109
166 36.1462 3.6898 -1.11258
167 7.39758 33.3455 -2.99869
168 36.7894 24.4073 -1.08749
169 4.2013 3.61194 0.224094
170 34.8885 34.7062 -2.5843
171 25.501 32.6367 1.2353
172 4.82414 18.5836 -0.612316
173 29.4298 31.5545 0.282512
174 21.2373 10.4126 -1.17997
175 1.20594 8.35442 1.66511
176 21.7919 21.3779 3.12336
177 13.2252 1.00216 -0.0640316
178 31.3519 23.707 -1.47651
179 21.8777 14.0209 1.51042
180 15.0468 3.76069 -1.37671
181 10.9756 27.906 0.147083
182 14.4593 25.1899 0.218172
183 1.02989 17.1061 3.50079
184 39.7621 37.6878 0.186447
185 5.58707 10.396 0.0802052
186 21.5747 33.3954 -3.22201
187 39.0167 8.92773 -4.34901
188 14.5582 13.1406 -3.08087
189 5.94476 23.0242 2.76928
190 20.4839 19.0372 1.86952
191 14.2867 32.6805 -0.457674
192 36.2959 3.11829 0.726959
193 21.9583 28.1896 1.6258
194 18.4684 20.5525 1.01149
195 5.57517 16.9815 3.41267
196 30.8578 1.07767 0.031804
197 9.97062 34.1044 -2.76623
198 31.5367 17.8968 -1.32404
199 19.4731 11.7275 -1.31969
200 36.491 39.957 1.80712
201 2.82133 14.0742 -0.956893
202 12.0676 20.1046 -2.9124
203 20.8504 18.6239 4.48768
204 32.9028 31.6444 -3.0548
205 3.90447 30.7689 -0.129574
206 12.2267 0.493364 0.375677
207 37.6485 1.45844 -3.45162
208 32.9583 19.0384 1.56626
209 7.93069 38.3034 -1.43236
210 19.0969 21.8387 3.33406
211 36.7107 20.0104 -2.01387
212 32.0603 33.6753 -1.44891
213 39.1015 4.59528 -0.974437
214 27.444 20.8363 0.385369
215 1.9978 15.7219 0.41043
216 33.4285 28.0474 2.63585
217 10.5255 9.1975 1.07532
218 12.4434 11.3876 4.90665
219 24.2297 37.7544 -1.13708
220 12.7204 1.44334 0.085268
221 23.5394 16.887 2.64592
222 37.7685 33.4331 1.39442
223 18.5676 28.7695 -1.06689
224 3.10726 26.6527 3.67386
225 36.0461 7.23696 -0.00515622
226 28.4444 14.7886 1.41186
227 6.26524 8.57578 2.36793
228 13.6414 1.12667 -0.0796423
229 39.0386 22.1942 4.36748
230 35.3984 0.279937 4.11479
231 18.1361 31.4784 -0.0198943
232 31.1543 36.8311 4.28354
233 32.715 6.31519 -2.43774
234 39.8907 8.39185 3.804
235 0.56182 13.6146 -2.28122
236 21.0316 3.9321 1.91275
237 15.1705 22.0685 -1.4617
238 10.8432 10.0575 2.74105
239 32.285 17.7579 -2.51436
240 16.2225 14.8633 -0.943726
241 1.35549 24.1983 -1.92916
242 33.4917 38.7227 2.7231
243 30.9877 37.1434 2.17586
244 8.14031 6.85804 -1.74213
245 17.0623 34.6288 -0.897017
246 29.2838 2.04142 -0.306526
247 38.6311 38.0306 3.30351
248 6.71171 25.3388 -0.733128
249 7.81914 39.9195 -2.83477
250 21.5035 5.84586 -0.837687
251 31.8219 3.18355 2.22278
252 28.2482 19.7808 -3.06029
253 33.0875 15.7791 2.92532
254 8.97508 35.7426 -1.89908
255 29.8716 25.3348 1.65503
256 7.09294 0.880527 -0.251443
257 29.4094 18.1307 -3.51599
258 28.4334 5.8645 0.862755
259 35.9027 16.6473 -1.2495
260 3.24063 3.23599 -1.72216
261 32.0207 22.6236 -1.93305
262 31.3636 39.9803 -2.33344
263 5.8664 36.3442 -2.82832
264 12.2344 21.5726 0.265016
265 39.6307 28.6036 -1.4987
266 36.2386 14.9624 -1.36005
267 11.6973 19.9287 -2.7618
268 15.6212 16.2748 0.0588182
269 31.2685 39.6958 -2.40842
270 36.1214 11.3576 0.98551
271 36.315 12.3713 -0.111491
272 22.0062 19.9938 -2.90805
273 31.3731 35.5215 -0.814298
274 14.0067 37.574 2.68655
275 14.5938 30.8793 1.94967
276 33.3306 20.249 1.78937
277 5.32148 16.6866 1.50899
278 4.78358 12.955 2.83714
279 17.5418 31.1179 -0.688054
280 5.26682 28.3222 0.936285
281 24.6424 20.4028 0.585431
282 8.93555 18.2605 -0.344502
283 23.0361 0.909691 3.58867
284 33.7479 20.2455 -0.369128
285 3.99575 30.2999 2.87389
286 36.1953 4.19936 -3.27067
287 20.4237 14.2253 -0.729731
288 1.00965 0.226254 -1.30738
289 11.3083 32.2743 -2.01155
290 31.201 27.2265 -3.24786
291 15.3836 37.7917 -2.3362
292 30.8101 21.0915 1.24262
293 15.9699 5.6065 1.23232
294 25.2868 25.7276 -1.4304
295 17.0686 15.62 0.286046
296 24.6056 26.8422 1.41749
297 38.4511 34.2664 -1.17287
298 19.4968 3.02638 1.57351
299 19.6039 30.9486 1.5318
300 22.2151 16.1289 -1.16011
301 26.2453 28.3149 0.684374
302 23.4855 36.7468 1.13978
303 38.8428 15.9598 0.53424
304 9.04403 33.5682 -1.05246
305 0.192688 19.6593 -3.84772
306 23.9182 15.4943 -0.513384
307 14.0146 19.7111 -2.13464
308 3.50512 25.6637 -0.766276
309 18.3661 35.9772 1.45683
310 17.3977 22.9832 -4.53478
311 21.9092 22.5114 2.57767
312 38.0581 28.8036 3.78484
313 25.8113 5.48032 -0.593872
314 19.5136 0.289432 -2.07811
315 8.14091 37.5948 -3.42613
316 34.0338 37.5063 2.49194
317 18.2294 28.9441 0.675314
318 25.8312 32.0904 1.76712
319 9.32693 10.7051 -3.96349
320 10.0409 19.2406 1.03258
321 23.4647 10.8009 1.7951
322 39.4567 35.5984 -0.861781
323 2.01137 36.4429 2.82718
324 24.4559 18.2806 0.846956
325 15.2275 29.0644 3.30453
326 13.2878 12.6213 1.28677
327 12.8884 34.2533 0.242978
328 16.7433 34.1249 -0.228395
329 12.1154 18.7672 0.759953
330 35.4767 15.0069 -0.0871044
331 26.3825 2.48205 -2.26769
332 35.8188 4.25186 -3.1488
333 34.4064 23.3817 2.57673
334 13.2029 8.61101 -0.984398
335 3.5846 38.0321 1.21215
336 20.6887 7.39035 -1.88021
337 9.12193 20.49 1.01541
338 21.1146 20.4395 3.75027
339 37.5118 33.8539 -3.44533
340 15.9297 16.3451 -1.09654
341 28.9548 26.8741 -2.82878
342 14.4557 13.3745 -0.898137
343 9.20292 15.5515 0.254795
344 10.7955 2.95563 1.05803
345 38.7811 31.4344 0.463611
346 20.2103 13.165 0.267923
347 9.63621 36.2846 -2.5121
348 11.1535 18.1532 -0.930208
349 16.5697 21.0907 -0.893135
350 10.9702 13.1548 3.35905
351 38.214 23.622 -3.69174
352 27.9264 26.146 2.53494
353 22.8885 15.7797 -1.73219
354 5.07113 36.5075 -1.58072
355 17.5348 18.8539 3.35517
356 38.5986 0.092293 3.44911
357 11.232 13.7492 1.29441
358 11.9131 13.0376 2.66196
359 24.8702 27.3596 -2.56882
360 29.633 22.731 -2.85006
361 31.2083 31.9814 -3.3001
362 34.6484 27.042 -1.39294
363 35.437 10.3686 1.78778
364 12.1064 9.08317 2.05446
365 1.92751 34.6163 -4.09682
366 9.36768 0.548569 -0.239072
367 8.63089 38.15 -2.19835
368 18.5909 13.016 2.08378
369 13.4335 9.19344 0.381835
370 20.1873 31.7453 2.48063
371 27.2102 20.1796 -1.56591
372 23.7835 28.5133 1.3259
373 20.3001 15.2177 0.381376
374 10.4627 9.50053 0.382257
375 8.9515 10.7435 -3.0945
376 39.585 31.2852 1.70766
377 35.589 5.86642 3.74469
378 14.9098 5.03717 -0.821203
379 4.29229 33.5298 2.23031
380 32.7946 32.4044 -2.39568
381 14.1736 36.5671 -4.07199
382 1.77548 18.0113 1.78925
383 21.9462 33.5794 -3.30412
384 32.0879 10.5111 0.078987
385 21.2757 29.773 0.780862
386 28.6721 10.467 1.36628
387 35.586 37.4389 -0.9379
388 31.1474 31.1884 -3.75336
389 14.2082 4.72588 1.03686
390 25.9324 11.7096 2.89646
391 6.5114 14.5846 0.195382
392 23.3845 18.7965 0.997495
393 19.4157 39.1736 0.450213
394 26.823 8.08796 1.784
395 37.8341 15.7791 1.11956
396 10.1869 37.9384 1.39281
397 6.8678 14.183 0.914715
398 31.335 36.4251 4.25763
399 32.5929 12.4305 -1.5441
400 2.94608 39.5062 0.23576
401 29.4388 27.0453 -1.62339
402 32.2068 9.42421 -0.643824
403 3.88433 28.7386 0.334329
404 24.3321 31.8373 3.77175
405 1.07198 22.6361 0.123164
406 20.3485 9.75761 1.4963
407 34.8807 11.7544 0.0424795
408 11.5623 4.2846 0.753775
409 29.062 6.31132 -0.935976
410 19.3866 25.035 -1.61339
411 20.4293 30.9323 2.21853
412 39.876 38.1028 0.765118
413 7.53142 15.0711 1.01084
414 11.2318 6.47399 -1.76342
415 10.6503 22.5747 2.98984
416 8.28517 32.4209 -4.33103
417 0.661153 38.7844 -3.30465
418 26.1903 22.6771 -3.23941
419 20.4455 12.4961 -0.166401
420 26.9772 2.81813 -3.96215
421 5.46752 14.4991 -0.263683
422 11.4627 14.6899 -4.04189
423 36.7559 5.33032 -4.46882
424 24.247 18.849 -0.106601
425 19.0642 8.74782 0.172308
426 12.1655 19.1789 0.457653
427 20.2786 25.0302 -3.96346
428 10.0397 7.19314 -1.91722
429 38.2812 5.57034 -0.63656
430 9.73723 14.2974 -4.18289
431 8.1858 9.19835 3.80259
432 15.2994 32.9806 2.74276
433 24.8057 23.78 4.08113
434 15.8126 18.9343 -3.27395
435 37.8603 34.3312 -1.07232
436 0.280957 29.7098 -0.448631
437 9.4574 2.29976 3.61189
438 1.39757 34.2089 -4.29801
439 36.5127 19.5597 -1.19924
440 21.9442 7.09241 3.17083
441 15.0403 39.7635 0.228523
442 13.3003 13.5779 3.98879
443 20.7153 21.4264 3.19406
444 16.3184 19.4837 -4.41034
445 13.2279 21.5613 -2.21406
446 17.4588 8.17477 1.90371
447 10.6205 2.98256 0.694029
448 31.8857 21.2796 0.361408
449 20.6637 15.3622 -0.612194
450 1.24386 15.7996 -0.0862049
451 31.9702 15.8938 -3.53979
452 11.0619 12.4912 -4.13061
453 9.25871 19.7707 1.54266
454 35.6107 7.21538 -0.0755598
455 30.5766 38.6457 3.83716
456 9.68591 12.9273 -3.20005
457 24.5996 11.063 2.42908
458 25.6262 19.2051 -2.90696
459 13.5718 36.7362 0.964702
460 3.52748 37.4329 2.26235
461 8.05906 1.2232 -0.417832
462 20.2919 21.874 3.47935
463 6.23187 34.703 -0.173421
464 29.0992 32.0731 2.60983
465 24.0677 10.4258 1.36546
466 36.4662 28.6792 1.0573
467 11.2905 32.423 -2.50912
468 14.4519 34.3824 -1.79119
469 26.3582 37.0104 0.429106
470 9.76583 17.2221 -3.22406
471 33.9082 24.5991 -0.841868
472 14.4464 0.50297 -1.52874
473 12.7586 34.6219 3.25929
474 7.54056 38.5076 -2.19105
475 34.7908 1.27228 -0.649901
476 12.4365 15.8082 -3.18728
477 8.85578 35.4565 -1.47455
478 28.6396 27.1953 -1.89716
479 0.97076 31.2874 -1.38082
480 36.0541 21.7549 1.39545
481 28.9106 3.54688 -2.25431
482 12.5078 31.7917 -1.59222
483 6.09232 34.9257 -1.42186
484 20.8364 34.8233 2.46192
485 6.88155 38.4374 1.43365
486 19.1098 27.4337 -2.08765
487 31.0717 32.5417 -1.12369
488 39.0422 7.41376 -1.11903
489 22.7887 1.63137 0.853655
490 6.08133 8.39807 2.46871
491 17.0693 14.5287 -3.92959
492 19.2431 38.0811 2.8913
493 2.5346 27.8458 3.57175
494 11.2603 10.3707 4.07092
495 35.1685 7.9916 1.42682
496 23.5935 27.3077 1.80483
497 10.9181 37.854 -0.545367
498 20.9977 14.0984 0.584519
499 8.84974 16.3329 2.97367
500 9.36064 10.2932 2.24375
501 34.5868 8.97169 -3.16291
502 3.63669 1.94703 -1.37972
503 22.1558 22.4599 0.807975
504 5.74833 39.3836 0.518912
505 7.29466 10.2046 2.52062
506 26.9642 21.7403 -1.99192
507 24.2264 11.7747 0.758551
508 13.8144 29.7118 -0.65695
509 17.2902 0.230098 1.14152
510 28.6772 9.76332 -1.8496
511 21.7648 32.7471 -2.4083
512 30.1252 22.5548 4.54225
513 19.1739 22.5133 1.34557
514 4.17769 31.7521 0.278596
515 15.0061 13.1295 -2.37744
516 15.4331 37.1315 -2.35418
517 11.178 16.4778 -3.58836
518 2.65406 4.10224 -4.05283
519 23.3554 19.786 -2.9025
520 1.25153 1.49437 1.3207
521 38.2348 36.4079 -0.177581
522 29.7851 21.6109 -1.20902
523 12.2141 19.3261 -0.637852
524 15.7266 26.4169 -1.88304
525 10.1458 13.3148 -3.78109
526 13.9956 25.6841 -2.38135
527 10.0004 1.92231 2.23479
528 18.0569 7.53986 2.77121
529 30.754 37.9779 -2.58627
530 31.0562 16.9708 -3.30748
531 28.8792 0.459301 -1.29079
532 18.5699 37.2244 3.43126
533 9.15565 32.5851 -2.05043
534 9.70818 22.656 1.921
535 32.8841 2.77379 0.318254
536 35.0415 15.5986 -0.0353859
537 2.88091 27.3116 3.33091
538 12.4934 0.5385 1.08457
539 18.7388 10.1092 -0.65515
540 35.3031 18.8377 -1.00724
541 21.1518 21.5037 1.74444
542 29.7406 31.2341 -4.29191
543 7.31668 16.0728 0.0995904
544 34.0329 34.2477 -2.26313
545 7.87257 24.4158 -1.93234
546 37.1523 39.8042 2.22401
547 1.70717 10.1795 2.79544
548 38.1834 39.4952 4.50601
549 0.323077 30.3085 0.656745
550 2.33436 24.663 -3.18341
551 26.2189 10.5107 1.73131
552 13.1256 1.15046 -0.626093
553 7.89402 31.5902 2.14801
554 12.2784 6.44115 0.0237733
555 32.7098 6.94983 -2.59098
556 38.485 18.3742 0.476017
557 11.1324 12.7771 -3.0259
558 27.597 0.740162 1.5137
559 31.4212 28.6528 -2.01969
560 33.867 21.7261 2.31141
561 39.6404 34.0786 -4.13381
562 12.5852 22.2618 1.39911
563 4.07617 11.9382 0.955082
564 10.8744 28.0103 1.18865
565 3.32735 18.7947 0.847133
566 11.1612 33.9402 -2.81827
567 24.836 15.2467 1.78192
568 4.51186 2.37805 3.35606
569 29.8433 29.8786 2.54926
570 1.53268 29.6692 -2.24158
571 13.1196 12.6524 -0.0318045
572 32.3163 28.0556 4.30872
573 23.2662 29.3795 4.09183
574 14.6163 26.3621 -3.04792
575 16.9354 18.7198 -1.90508
576 3.72537 0.991369 -2.01913
577 26.7131 34.0509 0.0442291
578 9.20185 32.7116 -1.4745
579 14.2288 12.1648 -0.0266733
580 6.9191 25.9864 0.664449
581 7.88943 23.4837 -4.04698
582 23.9616 16.6858 0.526801
583 23.7171 31.8277 -1.11058
584 0.356418 13.3804 -0.471951
585 2.79908 24.128 -1.48358
586 22.9038 22.0252 1.438
587 29.7611 39.706 1.01422
588 21.3425 32.3183 -2.27971
589 25.8212 11.7917 1.60301
590 0.445202 7.02491 -0.593039
591 14.3812 25.9318 0.175196
592 28.4979 28.4135 3.46386
593 5.8248 23.3201 -2.01803
594 2.03481 4.29661 -2.77469
595 32.4501 25.2864 -1.69434
596 38.4556 39.6833 2.14185
597 28.5299 11.7284 -1.54548
598 0.35521 15.7944 1.10629
599 4.88829 33.8572 4.61723
600 1.41982 35.6382 0.843111
601 18.799 36.307 -2.27392
602 17.934 21.4238 1.81808
603 15.5426 4.604 0.10645
604 32.5661 32.5747 -1.2119
605 13.8944 24.8365 -1.46877
606 36.6617 29.0946 0.755102
607 39.4056 12.3524 -0.26098
608 7.3719 1.84972 -1.25746
609 25.59 6.27009 -1.3536
610 30.3301 24.8528 -0.159191
611 39.3807 25.1481 -1.57473
612 20.7988 12.2622 0.8341
613 19.4084 13.6795 -3.13748
614 34.1911 0.614373 -2.48326
615 32.6136 7.14646 -1.41304
616 32.4028 22.234 -1.72611
617 27.6294 24.6449 -3.58688
618 6.33601 38.5994 -2.71976
619 20.663 31.2546 2.31244
620 36.7026 1.25757 -2.79327
621 25.1035 18.7145 -2.01202
622 28.3744 9.28836 -0.50265
623 22.1819 17.4818 -0.826398
624 36.8906 6.48594 -0.39605
625 12.8229 7.61976 -1.20376
626 5.81485 38.0783 2.66662
627 2.05017 36.9434 1.70269
628 17.1722 4.7444 0.576897
629 28.4169 5.63555 1.70032
630 38.507 37.8632 1.31999
631 28.7746 3.10495 -2.35066
632 33.1768 32.7062 -1.51912
633 6.11837 24.2629 3.20021
634 36.1663 10.0272 -0.321038
635 25.4844 25.7097 -2.34834
636 21.0753 12.0794 -1.39705
637 6.47773 30.8582 4.76259
638 30.8689 28.9176 -3.7385
639 30.4051 20.2628 1.36809
640 10.1817 16.3814 -2.58951
641 34.1714 5.29372 0.846546
642 13.0152 32.4977 -2.69851
643 29.8649 35.7731 -0.35926
644 10.0884 6.75256 -2.19403
645 8.69634 8.10478 -0.657418
646 13.1772 1.93377 -0.70371
647 6.08357 7.63298 1.21786
648 30.9052 33.3968 -2.92568
649 13.0093 14.3448 1.34044
650 25.1952 19.6781 -2.28018
651 28.3659 20.8461 -3.60578
652 5.17737 28.6889 3.68336
653 8.57175 37.854 -1.40048
654 25.5852 17.0622 2.17569
655 33.9036 31.7708 -2.92184
656 10.1809 9.28899 1.25471
657 24.474 9.08546 3.06656
658 9.56483 22.2297 3.32749
659 2.8176 37.8356 1.18945
660 24.0102 15.791 2.81167
661 1.59056 12.471 -0.608774
662 37.3553 39.0297 1.52234
663 7.44864 16.3199 1.81527
664 36.2492 19.4182 -1.12937
665 31.5162 38.5789 -3.52681
666 28.1865 1.35781 -1.25282
667 32.567 32.4127 -1.74008
668 13.5556 28.9799 -0.664539
669 9.91652 33.1087 -0.218137
670 36.9153 30.9413 0.465901
671 32.0515 2.32986 1.62471
672 15.1536 35.022 -2.13937
673 38.4132 6.65478 2.32542
674 1.72426 17.9168 1.47868
675 32.3763 16.305 -4.01808
676 38.2888 3.66401 -0.238323
677 5.87399 22.5872 0.0252978
678 21.6045 39.7692 -3.85358
679 24.5263 22.1565 -2.52225
680 20.9222 34.96 2.19351
681 8.31781 36.5675 0.460126
682 38.3249 39.825 3.30083
683 23.1312 25.9745 3.3212
684 2.45517 27.9637 2.02055
685 23.4305 29.6335 3.96151
686 2.90315 35.3366 -4.84357
687 17.7812 13.3035 2.50639
688 29.1911 7.44168 -0.544486
689 6.32969 5.61207 1.81691
690 9.8609 38.7818 -1.1779
691 18.2463 30.8574 -3.45876
692 28.7576 20.3065 -0.808777
693 1.52434 21.2508 -1.0735
694 25.9555 19.4424 -0.928103
695 15.3486 29.1674 1.34796
696 17.2292 23.4968 -2.94885
697 29.6825 5.4337 -1.96403
698 34.0412 9.80979 -3.64961
699 36.2826 22.875 -0.359814
700 6.27317 0.618118 2.29902
701 12.9015 37.895 -1.07168
702 8.05811 35.0309 0.244631
703 2.80995 10.6455 4.00506
704 32.0709 39.1504 -1.19529
705 6.69814 24.2069 -2.41199
706 35.7714 36.2488 -1.5278
707 20.6308 1.28249 -0.140196
708 37.857 20.0302 -3.43033
709 27.7771 18.7522 -1.63239
710 21.1946 1.63768 0.265366
711 32.5109 32.2142 -2.46643
712 29.3347 22.0918 -4.21702
713 35.1641 19.4613 -1.93049
714 25.744 33.701 -0.478997
715 36.8671 32.459 -3.0019
716 19.1625 31.7283 -0.210124
717 14.9035 31.923 -0.447081
718 2.77277 27.8223 2.60175
719 10.809 29.9545 -2.08945
720 12.4791 19.7578 -1.21203
721 18.1492 37.2188 -1.01668
722 3.46431 38.0966 0.811729
723 7.58896 39.3007 0.0264295
724 19.5384 38.4633 -0.275392
725 27.3991 34.1696 -1.74647
726 0.707028 28.5595 0.141979
727 9.86966 21.8608 3.43099
728 5.46812 36.4833 -2.95403
729 16.812 3.73091 1.99113
730 19.6961 11.6646 -1.47958
731 30.2663 18.8768 -1.99446
732 21.4888 37.684 1.61383
733 29.0745 32.2062 0.82534
734 35.3852 11.9096 1.78536
735 16.0088 34.2078 0.334462
736 21.0923 28.1711 -0.975201
737 2.88812 30.9193 -0.563888
738 21.4328 11.5323 -0.171625
739 13.9925 22.4757 -4.30446
740 32.6201 22.4312 -0.502801
741 8.72094 24.5638 -4.87121
742 16.3405 14.5581 -1.04627
743 27.0342 23.6676 -0.28648
744 32.7591 21.206 -0.607804
745 15.1283 39.4949 0.0242344
746 17.9055 11.5117 -2.50282
747 18.9435 24.5684 -1.60521
748 17.0053 34.1641 -0.667136
749 6.05814 5.22555 2.95739
750 0.912529 33.9214 -2.48324
751 3.60791 36.4218 1.55146
752 7.32335 16.6853 -0.189076
753 18.6304 19.448 -4.64643
754 31.7887 27.4839 -2.88549
755 30.6453 8.31486 0.0366971
756 11.0923 7.93405 0.414178
757 6.88172 31.3025 2.84831
758 0.528315 18.4756 2.67093
759 8.56534 29.9105 0.396995
760 34.985 30.5794 -2.83437
761 9.19014 19.2913 0.529779
762 22.3557 26.3355 2.77827
763 2.37783 38.4872 1.26125
764 16.7211 16.5526 -1.74262
765 36.6707 16.648 -0.777168
766 5.56593 10.9557 -0.19694
767 30.5924 9.37538 0.509362
768 6.64287 14.816 1.91698
769 16.4014 32.9548 1.63835
770 2.32855 23.9402 -3.15427
771 4.88654 20.6491 -1.02512
772 12.6159 31.6283 0.621492
773 32.7126 31.7039 -4.86552
774 3.6977 32.2498 -0.7233
775 12.8196 7.28721 -2.26016
776 7.67533 10.7901 0.457047
777 35.2723 30.5356 -1.88137
778 35.6427 30.2696 0.29408
779 15.7016 3.24376 -0.0138039
780 2.15561 3.61712 -0.94887
781 8.39336 36.6328 0.550569
782 9.70436 5.33045 -0.912999
783 13.3416 12.9158 0.843791
784 37.1852 2.72285 -0.191816
785 18.7103 10.9587 -3.20548
786 2.55316 17.9733 1.39708
787 34.6125 5.00958 2.018
788 7.0047 32.1064 -2.18431
789 36.8313 4.08368 -1.04117
790 11.7806 27.5499 3.09005
791 12.482 20.8205 0.150958
792 11.6165 20.4269 -0.946419
793 20.8189 33.0757 -3.33034
794 20.9826 23.442 3.27119
795 39.4161 5.85928 0.427168
796 16.9303 14.3994 -1.52886
797 1.41167 28.3454 -0.00325667
798 26.9777 11.7873 -1.00118
799 29.3515 2.64821 -2.10566
800 34.8179 9.1279 -1.37956
801 17.429 19.7564 -1.31491
802 34.9147 24.4429 -0.478074
803 10.2808 39.4083 -1.24513
804 3.51369 19.8619 3.6219
805 2.48486 23.2076 -2.38721
806 4.57928 27.6889 4.02819
807 30.7519 16.9857 -0.740323
808 16.6328 28.9293 1.14208
809 28.1348 19.8848 -2.7736
810 15.5484 35.7878 -3.63397
811 39.2759 27.7006 -1.28652
812 6.21151 12.1549 3.98957
813 2.88276 10.6485 3.95305
814 25.627 37.367 0.273729
815 28.4056 18.6422 -1.64992
816 15.0082 36.3475 2.7772
817 16.1991 33.1451 2.64057
818 8.67913 7.74029 -1.94855
819 30.9686 7.45736 -0.227313
820 8.75849 39.5193 -1.8249
821 14.5711 10.4261 -0.401925
822 5.81345 37.6226 3.5729
823 25.2593 2.0164 -2.54192
824 28.8369 15.0469 1.58368
825 37.1008 39.4343 3.44343
826 6.43088 15.4959 0.337747
827 34.9593 11.1276 0.00377257
828 13.1068 15.5266 1.38665
829 7.61308 31.0108 1.03584
830 12.1849 13.9854 -3.46925
831 18.2878 36.9141 -3.82309
832 34.8763 2.59482 -2.69255
833 11.922 13.7356 -4.24002
834 19.8191 10.314 1.25527
835 5.25408 29.7321 -2.50149
836 23.3904 32.932 -2.88441
837 30.6187 36.0824 -0.485781
838 19.9162 8.0898 -0.654236
839 4.09082 14.6271 1.9275
840 28.1895 17.8374 0.349548
841 27.4607 35.2851 -0.205147
842 18.3393 33.3578 2.38727
843 16.8234 4.26046 2.56679
844 3.51485 25.2517 -1.01691
845 3.15559 31.7589 -2.90341
846 7.05865 23.5938 -2.66645
847 38.7674 27.4278 -2.40883
848 25.4538 25.4904 -1.96058
849 19.0586 19.6397 -3.49337
850 31.3906 35.032 -3.16097
851 7.89296 6.33416 3.03259
852 28.7797 23.2215 -4.12556
853 19.2778 18.6032 -1.47266
854 38.7418 38.2694 1.72483
855 15.6027 35.9439 -4.47645
856 11.9518 32.8964 -1.39511
857 12.561 30.068 -0.466191
858 34.3397 28.7427 1.03178
859 10.2522 38.3966 -2.12585
860 37.7571 17.2096 0.852195
861 6.7217 13.96 -0.827387
862 7.26438 24.5325 -3.18491
863 13.0683 10.9293 2.20942
864 11.754 10.1304 2.52209
865 24.242 34.1979 0.124817
866 28.4775 1.26266 -3.1786
867 25.7234 25.5237 -1.79112
868 33.0234 28.435 3.4605
869 4.16399 18.3101 0.961519
870 36.7163 3.54 2.13702
871 18.8249 27.1773 0.412273
872 32.4008 18.3847 -1.27439
873 11.1225 14.0544 2.51606
874 26.4475 12.4756 1.59024
875 29.3212 0.794555 -0.210213
876 15.873 20.6708 -2.22069
877 34.961 16.9907 -0.192132
878 38.1376 39.1519 4.15735
879 5.06737 30.1952 -1.77304
880 34.4602 21.1729 3.41341
881 14.5349 20.2381 -0.440972
882 28.0423 2.06441 -2.26821
883 33.2762 31.3693 -3.22862
884 1.21722 17.9271 1.36584
885 16.0023 13.8755 1.87206
886 20.2089 22.1102 -2.42342
887 3.59632 22.6681 1.64775
888 35.0453 23.7833 1.46443
889 36.9491 5.08498 -3.9588
890 14.5937 14.3122 -3.6372
891 21.2208 20.5369 4.15623
892 19.7322 9.67452 0.410755
893 32.0421 26.383 -1.39402
894 31.2386 27.6024 -1.1071
895 33.8425 6.91592 -0.53834
896 15.5122 37.855 -0.200642
897 3.4555 14.1475 1.08542
898 20.2274 20.7317 2.18333
899 7.524 21.0775 -0.920959
900 9.27143 38.0389 -0.885133
901 1.29773 36.786 3.01405
902 3.54432 29.0831 0.612241
903 9.0734 36.343 -3.19883
904 16.1563 38.3347 -0.12048
905 34.4062 36.8791 1.01172
906 18.4308 14.4796 2.10145
907 10.3055 22.5283 1.83919
908 35.502 37.4409 -0.309859
909 8.4212 36.192 -1.42187
910 39.9984 22.2856 1.82086
911 32.1427 3.01667 1.36582
912 26.3525 15.3474 0.723344
913 35.6119 35.2085 -1.35729
914 0.100895 25.8549 -4.0312
915 37.5811 39.3617 2.76569
916 34.7214 21.0239 1.8337
917 19.6789 24.6503 -2.45711
918 38.0906 7.40945 2.18711
919 28.1169 25.1517 -4.05866
920 1.42007 17.778 1.56018
921 30.3871 20.1896 3.35126
922 24.1468 19.6989 -1.61821
923 6.90591 26.8328 -0.740347
924 31.2335 28.5748 0.338243
925 17.261 14.6447 -3.40753
926 19.5785 12.1222 -0.430364
927 0.898651 30.6286 -0.0414255
928 35.6413 3.90923 -2.7734
929 8.40861 30.7495 1.81205
930 6.53862 2.25833 -1.38166
931 13.9994 22.3243 -1.05899
932 30.257 24.0729 1.31541
933 15.594 39.3292 0.276971
934 29.899 24.6307 -0.0924937
935 9.69689 13.3825 -1.22472
936 14.7066 18.2081 3.44199
937 28.0885 4.06053 -0.420284
938 12.6441 16.2426 -0.583219
939 10.3481 2.68333 3.42302
940 13.5451 26.6493 0.0719127
941 31.3265 26.6944 -2.19644
942 11.7439 20.7257 -2.82374
943 13.625 4.56793 -2.47226
944 8.85107 37.5359 -2.89791
945 2.66385 3.58229 -3.19317
946 12.3353 17.2344 4.5602
947 10.4379 7.2939 -0.855801
948 16.786 10.6263 -0.627304
949 6.48737 8.44282 0.574723
950 7.27291 24.4913 -3.22476
951 10.2659 7.84067 -2.85049
952 13.2838 22.0357 -2.02177
953 33.9555 18.9278 1.40842
954 8.85475 35.4888 -1.35391
955 9.11269 39.0982 -3.32385
956 30.161 16.5271 4.41485
957 33.3218 17.9781 4.69465
958 4.26572 2.73714 -0.939424
959 34.2752 15.013 -1.69082
960 9.54496 36.6974 0.198207
961 6.86028 23.1426 -2.96884
962 15.0691 29.7479 2.26125
963 9.21499 39.3697 -1.38844
964 38.6818 6.48916 4.27039
965 37.392 33.5898 3.2866
966 12.3239 13.6965 3.87066
967 17.1148 37.611 -1.77896
968 38.1695 17.7401 0.939558
969 13.1684 2.48622 -0.277065
970 12.481 35.2998 -1.26475
971 22.2456 16.1377 -1.36404
972 12.9307 18.4135 3.51705
973 5.7956 23.4998 -3.88831
974 35.1533 23.9731 -0.8036
975 6.32927 21.2836 -0.393667
976 7.56722 14.1843 -0.468588
977 8.42773 37.6604 -2.22083
978 13.2042 32.8803 0.0483732
979 7.09805 5.36413 1.01874
980 33.7433 16.9044 -2.82123
981 6.81413 22.669 -4.3861
982 33.9198 39.3012 2.54617
983 38.4504 20.7432 -2.33242
984 11.246 28.9741 3.27107
985 0.845017 24.5593 -1.42964
986 21.1681 20.5699 3.32814
987 10.2261 9.6531 2.59052
988 8.64624 23.7095 -1.26555
989 25.4191 30.0854 -0.885064
990 25.2662 17.211 1.59176
991 16.8477 18.7923 -3.94819
992 5.58743 11.0492 2.62403
993 11.0121 16.1162 -0.505219
994 24.2579 19.9462 -0.509433
995 11.499 16.3025 -1.97392
996 34.9345 23.9711 0.17034
997 3.04079 15.7881 -1.23419
998 36.3171 39.9042 0.890387
999 37.4376 5.99646 0.170552
