1000
Particles
0 38.1866 3.56405 1.96476
1 32.9928 16.9366 -3.88476
2 24.0042 1.89422 -0.472417
3 7.92939 36.6956 2.37411
4 14.9246 18.1422 -3.63169
5 23.8224 38.9867 1.59706
6 33.6349 4.29733 -2.19078
7 32.534 15.9425 -2.70704
8 4.35309 32.6995 -2.38746
9 31.4449 23.9976 -0.0595518
10 29.3119 29.3635 -3.38668
11 0.68563 39.1477 0.191924
12 37.051 23.4591 -1.52385
13 39.8155 3.85437 4.12998
14 30.445 15.9873 -0.599367
15 27.0604 31.5489 2.17403
16 27.2636 37.6234 0.391715
17 36.0051 10.1118 -1.58711
18 39.6732 14.3128 -0.253772
19 18.1294 18.8762 4.39387
20 13.877 16.0155 -1.40401
21 2.41627 38.7917 -1.57555
22 35.458 24.3825 0.560517
23 32.7622 14.3668 4.70263
24 29.2588 15.1876 0.891771
25 0.744811 33.8917 2.92403
26 26.2623 30.1362 -0.759827
27 17.1882 20.2936 2.21116
28 5.70494 0.816602 2.67009
29 34.0711 8.92062 3.3128
30 10.5667 25.6737 0.946171
31 10.7471 18.3351 0.291439
32 16.1102 16.0043 0.390241
33 2.3004 37.3944 -0.969338
34 20.8696 15.5848 0.47191
35 22.9862 5.10295 0.22747
36 14.0838 0.0714786 0.700295
37 38.8961 24.4368 1.25926
38 18.741 39.5097 3.9245
39 32.2079 12.2699 -0.257977
40 30.0335 38.8431 -2.76504
41 20.2944 14.8174 1.36868
42 32.0613 15.4004 0.55449
43 23.1738 32.9566 -3.3164
44 21.1185 17.0899 -2.053
45 10.2971 25.2597 -2.29098
46 4.51192 4.96738 -0.854538
47 37.3051 3.81666 2.71552
48 39.762 31.6144 -3.33276
49 8.48938 32.0898 -1.8428
50 35.4381 39.1525 0.618655
51 15.1777 6.93318 1.33581
52 33.5101 1.75756 2.52393
53 15.3 13.5614 2.27562
54 33.3273 28.991 -0.466917
55 36.584 17.5236 1.46598
56 33.3602 7.81413 -1.40464
57 37.7673 35.2646 -2.08771
58 0.543193 8.96713 1.57066
59 2.1932 32.8372 0.865499
60 8.93774 23.6087 2.23987
61 19.2314 26.571 1.11025
62 33.3099 1.28919 3.66913
63 7.21639 19.0948 1.53007
64 38.6212 24.6581 2.67336
65 16.2779 2.38074 1.20383
66 6.17352 18.883 2.09232
67 23.1816 17.6788 3.24989
68 9.26168 1.75024 0.471366
69 18.8575 5.83927 -0.375908
70 5.32104 34.77 1.54458
71 8.15601 7.94627 -0.70635
72 6.25072 16.9717 -2.1272
73 18.7803 21.2113 -0.093325
74 12.427 35.149 0.0126701
75 4.25684 39.9172 0.411391
76 19.1233 7.42422 -0.781807
77 18.1397 23.1254 3.81475
78 36.4472 25.616 -0.0364423
79 32.0946 1.31887 0.396802
80 34.3216 7.12403 -1.47209
81 7.79743 22.9574 0.385691
82 13.4784 7.17878 1.11397
83 16.8789 21.8913 -0.49602
84 26.5894 13.4097 -1.01845
85 3.21016 11.0684 0.320717
86 21.8679 8.85063 1.6913
87 18.2588 39.5364 4.0679
88 5.69914 1.88448 1.94753
89 9.26869 27.7925 -4.40717
90 36.0482 34.3093 4.5054
91 23.4606 10.3116 2.12488
92 19.2303 15.4141 1.2207
93 16.315 11.9373 2.17893
94 6.93164 14.7404 -4.15949
95 17.0091 5.08906 1.86236
96 13.3768 31.4589 -1.9187
97 24.5873 34.0281 2.00578
98 0.140602 28.8589 0.126753
99 9.83817 31.034 -3.97388
100 28.4519 8.55989 1.26584
101 16.8991 21.2115 -1.14013
102 20.9709 34.1378 1.77311
103 15.7254 3.26207 -4.11077
104 33.572 8.34294 -1.16908
105 20.4002 29.3771 -1.53714
106 39.6616 9.32569 0.317358
107 17.9545 23.9604 0.508457
108 23.54 10.5289 -0.408789
109 35.145 31.9058 -0.211521
110 8.47681 35.7338 -1.09205
111 11.3808 31.7354 1.01925
112 34.6824 0.787848 1.39337
113 32.0685 15.318 0.806111
114 7.68667 27.1644 -1.37522
115 31.0794 21.5333 -2.47532
116 28.4429 26.8493 -2.02546
117 21.2393 31.5166 2.02764
118 19.3881 39.4554 -1.69153
119 39.2408 18.41 0.121255
120 38.4892 32.3266 1.31051
121 21.6185 14.8132 -0.658278
122 32.818 9.90987 -3.91119
123 2.6909 19.6608 1.00987
124 15.4686 0.834572 -0.41029
125 22.2828 37.2355 -1.45917
126 21.4049 20.1565 1.08575
127 0.425022 2.82037 -2.8502
128 30.2085 10.1829 -1.22129
129 3.01968 9.39698 3.33303
130 36.7056 8.00494 -0.404205
131 32.4025 29.8495 -2.85074
132 15.0442 37.8903 1.27459
133 24.65 34.961 0.424606
134 13.198 33.0337 0.897679
135 17.8922 39.9405 4.05401
136 30.0448 5.67406 1.59079
137 34.1332 0.253165 0.532104
138 6.23574 19.5517 -0.650393
139 11.1003 2.17718 -2.54065
140 18.6484 31.6985 1.22968
141 34.3916 38.8247 -0.767311
142 23.2857 1.81594 0.0156688
143 18.8461 25.3468 -0.444925
144 5.79656 25.793 1.15656
145 25.1354 24.8165 2.65168
146 37.2826 6.78222 1.05324
147 34.003 39.3561 -0.251833
148 38.3718 8.10301 2.50522
149 16.165 22.9359 -1.34602
150 8.37998 15.1956 -3.35434
151 39.7425 1.89917 2.58351
152 17.3132 14.8247 -0.941179
153 26.7021 5.28871 1.01851
154 32.8545 30.5658 -0.858204
155 29.0167 37.9644 1.86958
156 37.7093 23.9388 0.0140374
157 24.2255 13.2196 -2.44588
158 22.2414 34.3319 -0.750992
159 15.1881 28.4566 -2.97568
160 4.95683 18.6548 2.03278
161 7.72053 22.6055 -0.343222
162 26.2459 34.45 1.7775
163 11.3439 5.62741 -0.487233
164 12.6622 1.36623 0.930289
165 21.934 1.21228 -1.44892
166 37.85 2.1706 -0.950144
167 11.4602 2.49014 -4.65587
168 39.2032 19.2299 1.52389
169 0.898776 33.2658 2.13141
170 2.19316 35.616 0.420328
171 15.2422 37.813 -0.433128
172 35.5549 18.2433 1.31554
173 16.6928 26.9615 0.832797
174 5.80658 37.2328 -3.9908
175 4.26991 16.5184 0.237618
176 25.6609 25.5654 -0.858361
177 17.4361 8.27786 -2.56703
178 22.0504 15.2156 0.758619
179 23.2522 9.586 1.87197
180 11.2548 12.6157 -3.03753
181 34.5774 29.606 -0.412009
182 20.0903 13.2137 -1.64428
183 2.28822 17.2766 -2.92721
184 23.2267 37.1548 -3.66693
185 8.44002 8.79081 -0.419219
186 33.6326 9.11405 -1.84476
187 5.26777 0.929734 -1.44239
188 25.1317 14.0681 -1.42273
189 8.15335 22.8553 0.162505
190 25.1585 24.9899 1.31225
191 8.47066 33.6789 -1.66471
192 33.2632 8.31773 -1.61795
193 29.2306 19.5077 2.42448
194 8.27144 32.918 -2.90425
195 20.895 16.9607 1.90424
196 30.5002 35.2683 -2.69273
197 14.4133 1.00753 -2.53636
198 35.9538 12.217 -0.261773
199 14.5788 8.00286 3.58877
200 1.79794 2.24684 -1.14397
201 30.979 14.2582 -0.714567
202 21.1747 15.8897 -0.0506097
203 25.9187 12.3428 0.562108
204 31.8508 37.0815 -2.7858
205 2.48661 31.3869 2.79904
206 10.6916 3.63911 1.17599
207 1.3366 31.5586 3.07031
208 29.9403 26.4913 1.72287
209 15.5932 30.0432 0.672536
210 4.64991 21.9927 -1.8398
211 34.27 24.591 -3.18719
212 38.4458 32.4264 2.56253
213 3.60835 3.65914 1.70225
214 38.1454 15.2163 -1.8743
215 37.1759 15.8063 -1.15718
216 31.3573 29.2732 0.153456
217 10.1215 4.61071 -4.22611
218 23.4302 20.2246 0.932315
219 17.8874 8.97709 -2.66133
220 16.8245 5.32539 0.638821
221 26.0978 11.7854 -1.33895
222 33.2363 22.7377 2.33479
223 18.1787 39.2589 4.62175
224 13.2176 32.8116 -2.33394
225 32.5105 9.15105 -1.4993
226 5.78078 20.2493 1.47758
227 4.9623 37.3596 -3.34988
228 23.077 7.96313 1.5671
229 35.3448 18.3942 1.57553
230 28.8198 7.94635 -0.416064
231 17.508 19.9297 4.2352
232 26.835 13.1938 -0.162541
233 1.52261 7.80104 -0.429152
234 4.09503 36.1298 4.14506
235 6.92212 6.27268 1.47354
236 8.5355 37.553 3.24651
237 8.06142 26.1988 1.17066
238 15.4569 13.9029 2.86197
239 38.0097 14.4516 0.423601
240 20.8306 24.8615 -1.45846
241 14.5768 28.5651 -1.21455
242 3.75414 2.75422 -2.65302
243 24.7063 38.3914 -3.33232
244 37.295 17.6172 0.56336
245 20.5579 9.69796 -0.343933
246 27.2759 11.9699 -1.49114
247 39.5323 6.71313 0.571226
248 5.4549 23.9369 0.436746
249 18.96 32.2036 3.58733
250 4.35117 1.96399 4.88922
251 33.9557 6.47496 2.23766
252 28.5696 14.4246 -2.46662
253 23.2284 10.9846 -1.25555
254 35.2881 26.8342 -3.42142
255 32.0708 22.1478 2.67218
256 38.3948 4.03121 1.94083
257 30.9575 16.2153 1.27626
258 30.4287 36.2967 -2.04029
259 30.2733 12.0993 -3.67415
260 7.60279 3.43841 -3.78699
261 36.232 21.6767 0.179151
262 29.7704 26.7889 2.93019
263 7.54786 4.60168 2.53648
264 2.81902 35.0881 -1.06904
265 0.704031 11.6635 -0.621323
266 3.55081 7.09885 2.38333
267 12.4178 24.3458 0.615039
268 0.336676 26.2624 1.9394
269 17.0976 37.0582 2.74132
270 3.09964 10.0602 -0.0883927
271 28.412 10.6691 3.88071
272 20.9874 11.5906 -0.415548
273 1.08528 38.5498 -0.723557
274 10.9195 6.97823 1.02622
275 3.91343 17.1736 -0.56446
276 33.4283 27.6055 1.2408
277 8.59191 26.5891 -3.29086
278 8.36468 2.09346 2.82981
279 5.01098 18.288 2.35733
280 33.565 22.7768 2.39821
281 29.7081 15.5639 0.553315
282 17.7534 19.1861 3.54649
283 23.8407 38.3253 0.68538
284 31.4806 26.7867 -1.35287
285 38.3085 35.986 -3.1072
286 35.667 7.96354 1.32072
287 4.89202 18.477 1.40323
288 7.55973 37.0453 4.11411
289 12.6069 31.6537 -1.99178
290 35.1542 22.4122 4.27378
291 19.841 21.4905 0.673782
292 37.2281 25.7885 -2.35237
293 7.37378 2.84045 -0.983465
294 24.8627 33.6825 1.26853
295 10.39 11.1072 -0.718381
296 34.4219 23.7933 3.79957
297 2.17522 24.4754 1.91849
298 26.1235 24.557 -2.94439
299 17.1685 39.0884 -2.12355
300 25.9756 7.74905 1.74654
301 32.1528 18.6913 -3.70998
302 14.3977 33.9838 0.178009
303 4.50522 37.2627 -3.17408
304 14.4798 27.166 2.33104
305 2.38343 21.2753 1.23882
306 28.1668 12.7131 -1.9242
307 8.78291 23.0598 0.148577
308 3.07334 18.1874 2.85517
309 11.3598 0.98686 0.861214
310 21.069 18.7785 -0.431363
311 25.3343 5.88851 -1.75732
312 38.1968 1.64981 -1.68518
313 34.5632 0.325622 1.05109
314 23.1733 2.29628 -0.276611
315 1.58 28.8931 -2.33693
316 31.4664 0.373988 -2.01952
317 33.5668 38.797 -0.441496
318 26.0452 26.8704 2.14057
319 4.80535 35.7757 4.20214
320 1.81601 19.1478 3.29618
321 32.9283 8.00738 -0.969351
322 6.23065 34.8435 1.80274
323 19.1303 38.6817 0.0921829
324 31.3913 13.5533 -1.51006
325 5.75856 23.7883 -1.63421
326 35.2147 38.9502 -0.886417
327 11.1423 1.22148 -2.54857
328 13.5687 28.694 -1.2347
329 37.7825 17.6866 -3.0814
330 4.80445 4.49388 -1.21557
331 16.0393 31.3133 -1.49798
332 32.0527 9.45083 -2.24679
333 24.907 18.0906 0.435666
334 8.26466 14.795 -2.17215
335 8.44183 0.164407 -1.73317
336 21.3676 1.76954 -1.85476
337 5.63128 12.315 -1.22041
338 9.33381 29.3106 3.26491
339 34.9499 37.5988 -1.28118
340 10.1802 23.6188 2.64674
341 34.4415 34.2384 2.2649
342 12.2919 10.3385 -4.04741
343 8.92526 16.5811 -1.674
344 13.7633 39.9627 -0.385281
345 34.1269 26.9074 -1.29163
346 16.9141 10.0603 -0.758531
347 5.56251 29.5321 -0.906809
348 14.5211 19.2504 2.72736
349 19.4166 17.951 4.60102
350 10.1629 11.856 -1.62366
351 8.45907 22.3189 0.509957
352 30.4362 22.6146 -2.73382
353 23.9132 1.81205 -1.52607
354 1.31253 38.6927 -1.86585
355 21.3477 24.3693 3.97825
356 33.1806 32.6577 -2.04318
357 13.7957 32.1564 -0.871897
358 15.9556 21.2042 -2.67518
359 38.5523 31.4387 3.39791
360 31.532 26.2237 -0.589903
361 33.5428 30.657 -1.1908
362 34.6416 26.7763 -2.19565
363 33.6612 3.59881 0.753375
364 5.16145 2.88578 4.41067
365 2.13592 2.6553 -2.43245
366 12.0537 5.0933 1.4647
367 18.5852 33.3067 2.66261
368 21.7193 2.37168 -1.11325
369 15.1065 28.3315 -3.43202
370 22.1748 25.0977 1.006
371 23.1151 24.1718 3.20798
372 28.1333 30.3364 0.476313
373 6.55076 11.0009 0.919349
374 16.4025 18.8962 1.27087
375 13.6767 7.49204 1.93837
376 2.99469 32.1454 1.31398
377 5.52917 12.0397 -1.74206
378 11.1803 4.15745 0.736841
379 27.3102 3.19629 0.990179
380 1.51122 23.1586 3.73541
381 11.5635 31.8332 1.32229
382 34.1927 18.8325 -2.96004
383 14.6876 34.817 -1.44652
384 15.6545 2.03575 0.292438
385 23.0872 18.3126 2.76171
386 19.4121 8.99394 -1.2324
387 12.6228 2.24449 -2.70426
388 28.7024 23.4144 2.59161
389 10.2897 37.858 2.39383
390 28.7292 24.0829 2.64097
391 15.469 19.4701 1.22367
392 18.7427 23.4029 1.46023
393 24.3405 14.141 -3.28808
394 39.1 39.5632 0.0816238
395 33.1922 11.7047 -0.854708
396 2.04036 2.74541 -1.5508
397 3.54186 37.6427 0.488686
398 0.533023 25.4749 0.101191
399 38.7726 15.742 0.0926788
400 0.168668 1.97441 1.86617
401 24.5375 38.9416 3.66788
402 36.8514 8.76825 -4.13563
403 39.9225 23.0595 2.62225
404 35.106 30.1272 2.93513
405 0.15978 25.1062 2.2343
406 27.7629 0.660104 -0.673315
407 34.2434 0.52542 1.52742
408 7.32025 14.7336 -2.75559
409 10.8293 10.1319 -0.820971
410 27.9001 16.1416 2.86784
411 15.6306 26.9092 3.25216
412 0.222917 8.67222 -1.44219
413 14.6445 13.772 4.10723
414 2.88014 19.5531 2.10788
415 14.5911 29.2013 4.05193
416 26.2843 36.999 -0.928841
417 8.01346 39.8257 -3.89299
418 29.5215 25.3232 2.52774
419 25.4819 17.5553 1.22442
420 17.9447 36.9625 0.638909
421 1.85257 16.4877 0.118095
422 15.8777 9.4109 -2.9078
423 24.4215 10.88 -0.17586
424 20.8516 23.2384 4.53561
425 21.7195 3.32214 1.78567
426 3.03984 19.0889 1.73168
427 18.1141 19.2582 0.704669
428 35.0798 8.12168 3.07511
429 0.515269 7.49703 -3.4859
430 22.8535 17.1374 3.45393
431 6.75223 10.3816 -0.194367
432 14.3581 36.4486 -0.534688
433 29.5131 17.9951 -0.825145
434 5.25952 28.4388 -1.04649
435 23.3295 39.3174 3.27878
436 4.54839 22.7494 1.68088
437 12.6541 32.8269 0.589101
438 14.3879 22.1429 -3.06073
439 38.4665 20.8104 -0.532516
440 25.5713 39.6106 -1.62872
441 5.50585 39.867 -0.125433
442 13.5115 28.5856 -0.612964
443 21.5314 14.9653 -0.681399
444 8.9208 8.77405 0.142274
445 4.27018 23.2097 -0.294309
446 20.4542 14.6839 0.548227
447 4.55806 8.08051 0.102475
448 33.7527 30.5116 -0.613792
449 8.42972 19.4866 2.9665
450 14.528 14.3396 -0.00138415
451 5.10647 7.85417 0.7417
452 18.56 17.737 2.89791
453 3.3484 36.8012 -2.2161
454 3.73003 6.79631 1.74435
455 30.5142 5.01184 2.10155
456 19.2956 7.26868 -2.43152
457 22.3101 20.5255 2.06205
458 30.4688 13.9567 2.68758
459 12.5538 11.9946 2.027
460 17.1222 0.0727439 -2.17865
461 5.94788 33.4637 1.80489
462 29.4743 14.6465 1.0438
463 2.37885 32.8888 2.54875
464 30.632 16.0188 2.25406
465 31.5581 14.4569 -0.0720451
466 36.2456 23.9531 0.413719
467 2.58347 37.3937 0.571969
468 23.8084 38.531 0.933843
469 12.5537 24.2122 1.33753
470 12.6246 18.7988 -0.356025
471 1.68066 14.8606 -1.23031
472 9.15301 15.5244 0.0742683
473 20.7397 12.6946 -1.81807
474 8.61778 30.8341 -1.72559
475 32.9557 9.15639 -2.35371
476 19.6742 29.6092 -1.82415
477 11.5816 31.3845 2.60216
478 29.8912 13.4737 2.44995
479 3.4075 28.1638 2.60385
480 30.4979 14.3516 -0.403623
481 21.9905 35.6634 0.0361027
482 4.07197 32.2056 -0.569246
483 5.31082 29.2956 0.308657
484 12.6774 26.2753 2.55274
485 4.31528 37.8448 0.110674
486 16.6704 27.3956 1.67035
487 33.3036 25.4497 -3.57295
488 38.0325 8.92264 -0.0914347
489 21.7097 4.10827 -1.57471
490 9.23505 12.5917 -2.95569
491 21.2357 11.7148 -2.25775
492 24.1767 3.65663 -1.15486
493 39.2788 23.9855 0.335786
494 6.50343 15.992 2.20964
495 29.7497 10.2297 0.86779
496 35.6363 19.0418 -0.209972
497 3.07154 31.0182 -3.52325
498 24.0004 10.8051 1.25199
499 6.10945 13.3656 -0.250858
500 4.91686 15.023 -3.2504
501 31.4302 15.0481 0.498916
502 6.62173 0.936715 3.0298
503 11.4967 19.9806 0.751005
504 35.885 30.5246 1.04765
505 1.69138 7.56609 -1.91368
506 29.458 24.7832 2.15705
507 25.7661 8.53544 0.635427
508 39.0183 36.0214 1.65812
509 34.9291 2.03468 2.16981
510 31.7624 39.5439 1.89304
511 25.1144 37.192 -0.843645
512 39.538 35.33 -2.38444
513 18.0761 30.1809 -1.1867
514 12.9841 26.3089 2.54382
515 21.2463 12.136 -1.56648
516 29.0378 38.9033 -2.21609
517 12.1095 1.76052 0.909315
518 26.0784 12.7369 -0.423778
519 22.6727 9.96887 -0.472843
520 29.9983 3.70411 3.28409
521 34.1126 37.6527 -1.52214
522 17.1844 21.3678 -1.88418
523 7.81786 20.2123 -0.639434
524 35.5494 24.3267 2.2302
525 6.9172 16.1326 2.48517
526 2.58159 19.5986 2.3523
527 17.0558 9.14725 -2.43499
528 22.1568 5.09539 -1.69764
529 30.5319 39.1906 -2.65108
530 4.45147 7.94076 2.83847
531 31.4346 8.71778 -3.44401
532 18.8124 38.6397 -0.0335534
533 19.8676 24.5848 -2.92776
534 17.6971 22.3883 -2.86065
535 11.1757 7.72629 0.0197433
536 32.222 13.0367 -3.37595
537 38.0351 15.5781 -0.957515
538 37.8145 36.97 -2.49288
539 3.51873 2.2825 2.60291
540 35.6335 18.8288 -3.24153
541 24.8097 21.8119 -1.69891
542 38.0579 30.4732 -0.288681
543 7.42835 16.1662 3.07258
544 3.63191 35.7804 1.26637
545 14.9177 26.9917 1.92658
546 39.0431 36.4477 -1.19069
547 4.20456 16.4543 0.57171
548 38.0806 2.09915 -2.08875
549 5.87774 24.305 -0.589284
550 4.58883 31.4372 1.32141
551 20.0906 21.9182 1.58945
552 39.1553 14.5466 -0.263942
553 15.399 27.6329 3.91692
554 13.8935 14.2373 0.0632825
555 29.3796 14.3507 0.801317
556 31.2077 20.4385 -1.09942
557 3.08812 28.7894 3.4457
558 27.4165 1.18874 -1.16897
559 24.73 33.7632 0.301051
560 29.8365 14.812 -1.77983
561 13.6259 28.3032 -1.28904
562 5.43686 27.1682 -0.872443
563 39.3169 18.0115 -0.913873
564 17.4996 18.7329 3.85145
565 37.2413 15.8153 -0.322751
566 18.0005 39.8088 4.50907
567 24.5963 11.7923 0.243393
568 36.6625 9.19529 -1.23235
569 2.04516 19.2258 3.72514
570 2.91952 20.9209 -4.06823
571 24.6054 12.3218 1.40867
572 0.733084 34.7864 1.12398
573 16.0123 39.3383 -2.03932
574 4.26246 20.4085 3.48354
575 22.2883 17.9662 1.32088
576 4.82841 3.72634 1.96007
577 24.3183 34.4308 1.55643
578 2.84745 37.5779 2.0064
579 6.7481 4.88434 -0.589414
580 11.7366 1.994 2.84106
581 3.92717 31.2978 -4.06836
582 20.2622 26.5741 -0.209045
583 23.1637 36.375 -0.864686
584 33.964 13.6307 0.157369
585 5.09 13.429 -0.270561
586 26.5584 21.7312 2.4818
587 32.4131 33.7193 -0.863264
588 18.9085 34.2633 -3.6527
589 20.539 27.1064 0.293538
590 7.75271 7.30712 0.263338
591 5.87951 25.7904 -0.896807
592 32.7812 30.4849 -1.87967
593 15.5545 27.8637 -2.50877
594 11.4666 3.854 3.93851
595 16.0187 26.319 1.25563
596 33.9592 39.328 2.21954
597 25.7506 12.1477 -0.128771
598 31.3759 9.6469 -3.94738
599 17.6506 39.7084 -3.47881
600 4.14627 1.35359 -2.90357
601 22.8154 35.5542 -0.560505
602 0.700261 18.2529 -0.38131
603 21.0819 17.1529 -1.09684
604 39.8741 19.4484 -1.89481
605 5.41206 36.4873 -1.74673
606 1.81053 28.504 -3.85176
607 5.95109 11.3126 1.70347
608 3.59652 35.6844 1.43061
609 23.5216 37.6927 4.17402
610 35.3776 30.5603 2.14966
611 36.2465 18.6118 -1.4418
612 21.5799 7.02815 0.261226
613 26.8088 11.5798 -1.96565
614 6.58186 10.8548 -1.29473
615 28.4729 9.63422 2.1805
616 29.4049 14.9659 -1.95366
617 25.0597 31.0309 -1.60194
618 27.0835 1.25123 -0.762226
619 22.7801 36.6542 -0.279134
620 34.3436 33.0567 -0.142122
621 36.9184 14.3264 -1.37571
622 11.134 31.82 -0.278558
623 23.942 10.491 3.1463
624 39.7276 0.162227 -0.0681396
625 21.8534 9.11349 2.74928
626 7.80297 32.7999 -2.82287
627 6.86072 32.5188 2.01001
628 28.3664 8.65027 -0.748611
629 26.439 2.5804 -0.987019
630 30.3572 26.8883 -3.76502
631 30.1691 36.4727 -1.47307
632 32.9389 31.8891 -1.39851
633 29.4825 25.3229 2.22651
634 0.49198 34.5942 1.99582
635 25.5923 25.426 0.558053
636 24.11 6.60474 -2.37569
637 38.1706 20.5964 -1.67728
638 38.7127 25.4839 3.54918
639 26.2651 11.6884 -2.0527
640 6.61508 13.9512 -3.44667
641 21.867 37.6989 -0.824636
642 12.4855 39.1978 0.0413218
643 20.6013 29.591 -1.12433
644 16.518 3.13304 0.712685
645 6.7121 9.11908 -0.98001
646 12.6956 9.94088 -2.59909
647 12.742 14.8069 -1.03987
648 26.9707 38.5445 -0.944358
649 19.0399 32.8907 0.851749
650 31.3266 6.82563 -1.73292
651 30.478 20.1318 -4.39018
652 0.938588 38.3608 -1.75356
653 11.4569 0.989062 1.56282
654 23.8654 11.3277 1.75313
655 35.6912 37.0278 0.446547
656 13.7788 13.2589 0.640091
657 27.3133 8.2438 1.80439
658 4.7414 26.4127 -3.03942
659 26.7067 39.6993 -0.648759
660 27.9249 15.781 3.28245
661 35.6108 19.2757 -1.27053
662 24.8336 34.716 -0.379457
663 16.9881 12.1055 1.15303
664 29.9791 17.6013 2.04174
665 34.0762 1.39698 3.16152
666 35.9455 4.76684 1.5921
667 2.42401 32.343 2.41213
668 0.679128 37.4508 1.06996
669 10.7399 27.6525 0.257281
670 35.8201 28.7898 -0.744144
671 16.8876 39.1587 -0.341589
672 8.47053 23.5575 2.44198
673 38.1365 4.52027 2.17303
674 16.4462 20.8292 -1.89094
675 28.5375 19.311 0.53299
676 29.8281 39.3106 -3.64629
677 36.2138 8.06457 0.847117
678 24.3059 38.7567 1.70215
679 21.271 12.7707 -2.66255
680 8.28894 23.3981 1.64529
681 14.9097 39.034 0.18741
682 29.3237 2.16228 -0.786274
683 31.4922 13.6116 -0.81939
684 4.25816 30.446 1.52669
685 20.3479 25.9257 -4.32916
686 1.3728 2.14842 1.81011
687 27.8901 9.17031 -0.00642023
688 39.6618 2.54235 -2.26002
689 13.9762 37.4323 1.86656
690 15.2782 27.0519 3.09162
691 10.7702 32.7569 1.9905
692 24.9469 13.119 -3.1595
693 38.3882 18.2407 1.32773
694 27.7396 29.3919 2.90909
695 14.4456 33.1279 0.714683
696 33.6 24.9426 -3.70341
697 21.2761 10.7858 -2.15307
698 37.6869 10.4604 -3.47393
699 22.5243 23.6258 4.1108
700 4.71104 0.531706 -1.45346
701 31.1292 6.97516 -1.46758
702 4.95988 1.65061 -3.72977
703 24.8024 15.3579 3.30877
704 29.3309 24.7146 2.50148
705 3.5613 1.61199 3.64372
706 1.02861 38.4242 -0.588619
707 17.1461 9.4539 0.0129729
708 27.2461 18.2963 -1.09387
709 22.2936 0.897994 -1.79678
710 17.7193 28.0783 0.810665
711 33.8461 33.1999 -2.45745
712 28.7798 13.3545 -2.30287
713 3.42843 7.77747 -0.161012
714 18.9869 25.2506 -0.0631667
715 35.5102 0.0723942 3.43228
716 25.1393 37.6297 -3.01521
717 16.0361 26.1664 3.00352
718 12.8421 28.2269 -2.11406
719 11.1357 32.9246 -0.586558
720 20.8378 31.5029 1.79505
721 30.9736 39.1171 -1.17623
722 4.64056 2.52283 3.77413
723 14.9828 2.7935 -1.73648
724 8.88091 3.89526 -0.277829
725 28.6171 10.3378 0.539256
726 9.18332 27.5437 -2.19384
727 1.72401 28.876 -2.49423
728 37.7818 7.9479 2.91871
729 20.7829 3.37884 -0.969442
730 24.2181 19.386 0.534383
731 28.5656 16.8679 -2.38212
732 18.4068 36.0237 0.870164
733 37.6581 31.2344 0.223978
734 25.3755 17.5086 2.06348
735 17.189 19.526 1.78296
736 20.6855 23.0124 2.5113
737 37.9346 32.0157 1.52209
738 13.5112 5.57247 -0.173792
739 12.0805 30.8237 0.983081
740 27.7867 21.8993 3.41307
741 1.99329 31.9646 1.23472
742 20.2629 14.5266 -0.686755
743 17.6006 22.4182 -3.16948
744 32.38 32.2123 1.15921
745 12.7054 25.5067 2.04214
746 18.8021 20.3288 -1.20672
747 14.8841 26.5496 3.15908
748 15.7602 29.995 -1.36858
749 3.82797 2.2464 4.28718
750 8.59463 36.4633 3.9122
751 10.2316 37.2086 2.01253
752 2.0023 16.0642 -2.3128
753 5.80572 25.1795 -0.281321
754 36.3181 12.4993 1.4721
755 23.2489 9.30122 4.0976
756 29.3767 9.31296 0.34671
757 21.2062 19.5467 2.78736
758 34.5913 33.3402 -3.86406
759 7.74077 30.8561 2.39652
760 30.025 35.538 -4.33865
761 17.5347 11.3834 3.14956
762 22.4399 28.7843 1.40448
763 21.8152 6.41862 -0.552842
764 26.0609 9.07302 0.175243
765 26.3415 22.3885 1.71049
766 12.0234 15.27 -0.68712
767 33.8994 14.5936 1.90878
768 6.89562 10.0057 1.55615
769 24.056 30.9245 -2.59116
770 11.6057 24.219 0.960683
771 1.37716 18.7335 3.90236
772 15.2085 30.8526 -2.98305
773 31.4113 31.0064 -2.50915
774 0.335935 1.77473 0.642442
775 21.7639 15.572 -0.758578
776 6.84824 22.337 1.1117
777 36.4322 17.9763 0.514102
778 25.2303 24.3633 1.30956
779 28.8976 37.2852 2.39194
780 38.9245 3.96876 1.29691
781 29.7336 39.5005 -3.18459
782 11.3846 4.47099 1.97129
783 21.491 10.9173 -2.09992
784 28.6159 39.2042 1.68571
785 22.2382 24.9216 3.34335
786 8.32045 25.9448 0.970968
787 27.1999 5.48741 3.69704
788 1.53205 28.9127 -2.23584
789 37.685 16.3232 0.134069
790 5.81551 34.5741 1.81908
791 22.5913 16.3443 0.656737
792 5.201 30.4338 0.190953
793 16.9897 39.3289 -2.15983
794 18.9543 19.048 1.66974
795 8.98434 14.6914 -0.292105
796 16.2707 25.9222 0.967612
797 5.87468 33.7391 0.455252
798 24.1826 6.84978 -1.4451
799 18.9791 33.2656 0.990664
800 33.1834 8.67981 -0.989786
801 24.8868 11.1914 2.58329
802 33.6773 9.62823 -1.19248
803 8.10052 37.0038 3.76651
804 39.5365 14.3432 -2.208
805 34.4481 23.3249 0.755642
806 7.88652 21.0643 1.28546
807 32.2882 4.16447 4.08761
808 27.2039 26.4671 4.54721
809 13.8245 15.154 0.152563
810 16.7837 39.327 -2.24523
811 10.6048 26.0476 0.0198038
812 14.1033 37.9936 1.12493
813 35.5465 2.94619 1.47019
814 27.6896 31.0457 1.62795
815 28.7 15.4613 -0.854219
816 8.0524 31.8365 -1.89903
817 11.5953 32.4531 1.74099
818 12.2356 10.4023 -0.607733
819 27.1541 39.2091 -1.54199
820 38.654 0.579714 2.7242
821 16.7657 10.5534 -1.96622
822 8.55127 9.72902 2.35956
823 0.541804 2.78264 1.51558
824 37.9129 10.6923 -2.59912
825 35.0774 27.5602 -0.707589
826 5.88667 11.7709 -1.75057
827 34.1878 11.9901 -1.85508
828 23.9069 10.1795 2.33076
829 12.9156 0.726391 2.72184
830 13.8525 24.199 0.986033
831 14.3762 34.8859 -2.62154
832 33.5036 24.6748 -4.57938
833 15.8314 25.9789 0.446514
834 16.6189 4.42037 2.16022
835 4.17039 32.4752 -3.59578
836 16.005 38.792 -0.0363582
837 37.7043 31.1687 3.16085
838 28.7885 9.78946 1.6981
839 36.565 22.9222 -1.4542
840 24.936 20.7529 -1.62365
841 26.7873 39.1639 -1.77977
842 24.6428 34.4843 -0.89437
843 13.554 1.05134 -0.0547203
844 7.99266 14.5337 -2.98739
845 2.09892 28.1565 -4.41091
846 15.7889 37.2191 1.48943
847 0.834178 23.1921 4.18038
848 24.7083 11.3955 2.40706
849 6.67603 19.8776 -1.27445
850 1.73567 0.50234 0.587625
851 34.1777 39.4689 0.998475
852 27.6233 28.9514 1.41809
853 32.2045 27.5487 2.78954
854 1.2264 35.2405 0.485345
855 16.2964 1.82856 4.63711
856 19.8378 29.4564 -1.84472
857 6.41199 18.2938 2.94682
858 37.0063 25.3016 -2.99029
859 17.7825 0.472438 -0.840202
860 27.474 23.8073 0.750056
861 1.37006 16.1889 -1.58239
862 2.13512 37.2008 -1.86714
863 15.1285 21.4751 -3.06679
864 26.5985 13.3746 0.476853
865 28.0428 25.1786 2.50387
866 28.7245 39.2182 1.50649
867 12.5643 0.997557 -0.224106
868 34.2134 23.1967 3.44078
869 32.3874 12.0036 -0.825164
870 3.72112 38.7277 2.77126
871 21.6413 21.1746 -2.33813
872 33.2791 21.6062 1.49017
873 15.9487 16.2126 -0.126787
874 36.7301 7.12668 1.51629
875 3.49269 9.75286 1.69571
876 39.8348 4.79598 1.28508
877 35.3084 39.0544 -1.81652
878 1.43259 1.28103 4.24323
879 3.46239 35.6395 1.39102
880 0.486535 23.7466 2.42999
881 11.5547 20.5971 0.357472
882 18.7192 5.04586 -3.60567
883 2.13985 23.2272 2.82186
884 15.054 18.8109 0.9865
885 5.85862 14.0721 -0.82819
886 14.0187 30.0437 0.0427882
887 35.7635 16.4833 -2.58334
888 35.4926 34.9554 0.91861
889 4.88871 15.9062 -1.15575
890 24.4479 13.8161 -2.76666
891 22.9362 16.0703 1.09315
892 31.6527 7.54506 -2.46188
893 29.2475 26.0981 1.89643
894 34.6909 37.4208 -1.52568
895 31.7609 17.9544 -3.09357
896 14.3437 39.8102 -2.66319
897 6.78662 7.88581 0.169363
898 20.109 15.1901 0.0230617
899 9.18702 31.3567 -3.40296
900 14.974 8.79789 1.81132
901 1.5922 38.2471 -3.0384
902 1.95131 32.6389 0.727135
903 3.90309 29.7554 2.74868
904 16.876 2.0273 4.1518
905 18.1751 28.8491 -0.664573
906 25.6509 24.4359 0.228579
907 26.7694 26.1513 3.46406
908 29.78 38.4395 -2.61067
909 21.8088 7.12472 -0.814146
910 31.7722 14.2231 -1.01871
911 31.1196 22.1433 -0.872844
912 20.0609 23.5237 -0.540489
913 1.99945 22.4226 2.76255
914 9.06369 24.8894 -2.22839
915 31.5755 38.9051 3.60206
916 24.4827 22.4019 -0.036355
917 3.25024 30.2398 -1.4086
918 2.31509 38.4267 -0.680939
919 30.4231 15.2366 -0.836429
920 3.21654 19.7354 3.6648
921 36.0722 21.7897 1.6817
922 21.6551 12.4584 0.421313
923 9.01939 25.8356 -0.180698
924 24.6275 38.9666 1.73565
925 18.2648 4.62157 -1.43847
926 22.9119 39.3796 3.33694
927 5.66608 32.7318 2.05037
928 35.6757 39.9406 0.889818
929 39.1156 33.7991 0.785273
930 15.3202 8.29143 2.98795
931 20.9803 16.3966 2.16584
932 13.0795 28.6281 -1.92963
933 13.8371 7.56569 1.26877
934 26.5822 29.166 2.93037
935 0.343157 3.51967 -3.68615
936 4.2367 24.0198 -0.00300234
937 7.53071 38.6734 3.97643
938 16.9512 22.1888 -0.863848
939 24.8198 9.88015 3.36794
940 15.038 23.6027 1.5732
941 21.6721 22.3479 -2.51605
942 5.0886 12.3751 -0.753311
943 11.5825 4.55882 0.990966
944 38.1704 24.0771 1.75166
945 7.7586 1.08826 -3.04869
946 18.0863 21.9859 -0.848673
947 24.8397 6.41056 -2.84114
948 9.18427 32.4612 3.22707
949 9.51948 4.88503 -1.76621
950 33.0431 26.3254 0.0184773
951 23.1324 10.6293 0.586382
952 15.4776 13.8232 1.59854
953 36.3536 8.84817 3.71436
954 2.20674 36.9903 0.188066
955 39.9619 12.3116 -1.47111
956 35.5223 7.11006 2.60546
957 30.1991 13.8653 -3.9343
958 2.20974 30.286 -2.35109
959 27.2266 30.401 -0.428979
960 10.6454 4.58307 0.922165
961 0.954529 34.5307 0.461793
962 14.0073 33.2303 -1.92505
963 12.9644 25.3244 -0.546912
964 5.83062 12.5815 1.29707
965 39.4229 30.3867 1.7688
966 16.5741 22.8595 -3.2062
967 27.432 36.5868 -2.28951
968 33.9273 30.2407 -0.553737
969 13.0095 0.403038 2.58525
970 26.8321 38.6745 -0.769053
971 0.682035 8.49697 0.450793
972 5.1205 23.1369 1.5734
973 9.74299 19.3602 3.35708
974 28.4834 15.8113 1.10164
975 12.277 26.9162 -2.06102
976 6.28254 2.74541 -4.08993
977 6.53487 1.66769 0.810911
978 15.951 25.7068 0.897719
979 3.35215 35.3807 0.3187
980 1.07848 15.5106 -2.59556
981 3.03396 6.5148 3.20973
982 3.93793 2.79043 0.807315
983 23.7841 13.5621 -2.10226
984 9.98823 32.7086 0.0437526
985 4.58088 23.2929 -0.878927
986 27.208 16.2909 3.00642
987 12.2444 5.81217 1.55321
988 1.56037 37.8937 -2.28955
989 16.0562 26.9757 0.586863
990 28.0545 23.2442 1.88201
991 14.7617 24.4958 3.31113
992 0.833113 15.1557 1.55087
993 6.43778 21.2329 1.34946
994 30.3163 21.5444 -2.26882
995 8.797 22.9014 0.04736
996 31.8818 16.0237 -2.97904
997 37.9027 9.94622 -2.30503
998 37.0736 2.32921 -1.0013
999 31.6897 30.5949 0.289425
