1000
Particles
0 3.96757 34.8379 -1.53973
1 29.2095 28.9835 0.728445
2 15.261 6.30912 -1.83199
3 11.665 2.22918 -0.834745
4 23.0099 23.0505 -0.183334
5 13.1672 17.5985 3.49659
6 31.5056 2.34647 -0.134513
7 34.6804 17.3542 -2.43678
8 6.53571 17.0501 4.71791
9 3.9359 22.068 -0.512851
10 22.7194 1.86654 3.79081
11 11.6954 28.5033 0.700212
12 32.0015 34.6808 3.89738
13 19.6639 0.367063 -0.616323
14 18.5504 27.7322 -1.97694
15 17.1259 29.9639 -1.15906
16 26.5396 30.4862 3.95279
17 38.5531 25.109 1.78794
18 31.7972 16.3495 -2.70414
19 14.9322 27.4621 -0.621056
20 1.93056 10.4314 2.18601
21 0.227546 1.60667 -1.94904
22 6.60218 5.90196 -1.22728
23 37.6678 24.9182 1.16301
24 34.2047 4.6199 -3.69928
25 1.89703 28.2408 0.564284
26 22.866 31.6976 0.334888
27 13.1777 7.92845 -2.61213
28 13.4957 35.7576 -0.17756
29 31.5409 2.51165 -1.19022
30 13.8396 17.8376 1.67732
31 12.6689 11.2346 -1.54827
32 27.7978 38.5722 -3.76207
33 9.07971 33.4671 -0.884612
34 24.3645 27.2581 -0.811066
35 26.4104 19.7161 1.1478
36 18.77 2.20966 3.2558
37 31.8232 29.9946 -1.16372
38 32.2171 1.05231 -0.530547
39 34.4204 23.1791 1.37816
40 38.548 36.3065 1.81576
41 13.8761 9.72088 -1.27878
42 35.5273 15.4494 -2.00659
43 21.9694 24.0586 -1.44369
44 18.4595 25.472 -0.738243
45 39.8874 20.3884 2.93656
46 37.6742 8.87486 -0.165832
47 27.5336 15.9691 0.851732
48 4.37921 39.0605 -2.3354
49 8.17809 32.2785 0.225892
50 5.18788 30.3461 -3.28854
51 26.9601 5.99052 1.98763
52 33.0647 9.32451 -1.92862
53 15.1677 5.35235 3.32644
54 22.1497 8.46582 -0.590815
55 10.4554 10.6206 -1.39662
56 11.4499 14.8529 -3.242
57 9.82718 35.436 1.03873
58 31.7026 27.2242 -0.145101
59 5.29461 37.164 -2.68475
60 4.45391 20.8226 -1.04082
61 25.9003 35.9332 0.921809
62 1.32404 6.66762 0.28177
63 15.7536 13.8934 0.196131
64 31.2487 31.2404 2.20016
65 11.0759 39.8231 -4.13499
66 2.64724 18.2567 -1.00527
67 24.7331 23.4113 -0.29381
68 39.1654 7.81287 1.1375
69 11.0852 39.0854 -2.90818
70 11.5256 2.3839 -2.68965
71 18.1294 15.5991 -2.34511
72 6.56989 13.43 1.45967
73 24.544 29.3856 -1.13783
74 11.7117 3.54364 -4.36036
75 27.318 32.5437 0.748103
76 32.0296 0.654173 0.049542
77 8.07098 28.1102 1.41556
78 1.24184 27.3883 0.236672
79 4.54357 39.3167 -4.45612
80 36.7704 13.92 0.330001
81 15.068 36.731 3.16833
82 15.224 13.4508 2.39603
83 13.0076 28.4024 -0.818005
84 24.8208 9.30972 -1.91017
85 2.42862 17.0664 -2.59076
86 21.0825 12.868 -0.810523
87 27.4092 35.0417 -2.18084
88 11.5659 1.41298 -0.197413
89 10.2765 3.21364 -2.23627
90 36.7557 31.6554 2.9541
91 25.8766 15.2298 -4.96464
92 18.5765 26.9267 -0.171018
93 11.7596 38.9847 -3.42547
94 14.1559 26.5528 2.38236
95 14.9388 2.70153 -2.9718
96 9.80639 2.52177 0.733046
97 23.187 38.7993 0.194101
98 3.01456 20.7463 0.871674
99 13.2721 3.53593 1.16491
100 36.6519 22.8345 2.02577
101 18.0145 23.0894 -0.353775
102 24.2004 37.5198 1.91905
103 21.4614 39.4884 2.04973
104 20.0619 9.89796 -0.184338
105 12.3803 39.6539 -2.42933
106 32.6279 23.421 3.72867
107 18.3753 21.4234 -0.163761
108 39.1024 23.1481 0.229976
109 36.5302 30.6364 0.968149
110 38.3522 32.8663 2.88307
111 33.9098 31.8345 1.6416
112 34.7054 4.08139 -2.60948
113 36.4342 37.499 2.57532
114 33.075 22.0242 0.93182
115 27.452 17.4635 1.50846
116 17.7618 29.9695 -2.12011
117 32.494 32.2359 2.57154
118 21.0754 5.76453 -1.10966
119 33.7369 10.9694 -2.60012
120 29.3814 32.9431 -2.78327
121 18.6372 16.6675 -0.884162
122 29.6844 25.8917 2.34715
123 11.2819 27.2906 0.733249
124 14.7504 1.82793 -0.13172
125 22.4929 4.5513 0.424517
126 29.9272 39.0679 3.51477
127 33.386 3.72048 -2.54359
128 24.8952 5.07613 -1.43309
129 2.02321 15.8715 3.66106
130 23.1088 12.9045 0.56221
131 19.4457 26.9679 0.768709
132 15.9498 39.9576 -0.381008
133 0.517988 1.19065 -2.22085
134 10.0805 31.9724 1.82674
135 19.0134 2.86724 3.20066
136 30.3405 0.0806242 0.741142
137 24.8435 22.0589 1.80056
138 4.33055 15.6385 -2.55994
139 15.1287 36.636 3.12743
140 29.5349 0.406254 0.384351
141 26.7899 1.35106 4.44502
142 18.5511 15.4997 -1.46623
143 19.8696 19.4014 -1.10335
144 39.4889 32.2513 0.583691
145 23.7829 27.7614 0.0686506
146 35.146 13.9762 -1.15986
147 35.0402 30.2532 -3.60271
148 28.763 9.27702 3.26723
149 13.5609 16.8287 3.83716
150 10.5463 25.5601 -1.411
151 30.4339 0.414951 0.579887
152 19.2891 11.2573 1.10244
153 15.0699 7.90143 -3.51279
154 25.6064 0.548647 2.51302
155 0.0901162 23.6845 0.182507
156 39.1713 25.4106 1.11768
157 19.7283 2.46883 2.81206
158 13.8216 5.09185 1.20762
159 26.7607 31.2671 2.59776
160 10.4314 21.6433 0.678082
161 11.7443 23.6508 1.26616
162 24.3799 21.6385 -1.22691
163 13.7417 14.8883 2.81619
164 21.4858 8.53634 -0.31869
165 34.0848 3.09737 0.356162
166 36.681 2.77828 -2.51306
167 3.69654 35.4809 -3.11546
168 33.4284 29.8453 0.214026
169 3.70638 4.56387 -0.0605505
170 32.9367 37.1623 1.53009
171 22.2732 30.8018 1.03178
172 11.1055 18.81 -0.735654
173 33.0043 31.1626 2.80979
174 22.1585 8.54467 -4.11803
175 1.4096 11.7344 -4.20574
176 24.5986 21.5622 1.9458
177 11.2755 2.64365 -2.99428
178 33.7612 27.4783 0.0749012
179 21.9498 13.1456 1.35679
180 17.645 6.36653 -1.84979
181 11.5957 27.0154 1.2126
182 14.9183 27.0364 -0.502791
183 39.4773 21.5481 1.37634
184 3.22796 0.157389 2.14821
185 12.0196 10.5185 0.00152074
186 22.7177 38.3743 -1.6896
187 34.3389 8.4422 2.97819
188 14.1314 9.79413 -0.22841
189 10.0305 19.9404 -0.935436
190 26.4644 19.3407 -2.09981
191 16.9424 23.0539 -0.233001
192 2.94182 39.0371 -4.03443
193 19.7795 26.1248 -0.0468912
194 20.1066 22.9761 2.17694
195 4.95336 17.5889 -2.47647
196 33.8897 1.68694 -0.532646
197 9.768 35.9781 1.5638
198 31.0926 21.0104 0.680283
199 19.8304 12.4188 -1.70669
200 35.4765 36.6592 -3.39358
201 3.43025 12.9997 3.89627
202 10.7653 14.5116 -0.069889
203 18.3319 18.9839 1.7428
204 30.6692 23.4498 -0.963674
205 8.40843 30.994 -1.55744
206 5.36593 3.3401 -1.88984
207 33.443 1.51316 1.2365
208 37.8709 22.7821 1.14255
209 3.80168 1.76956 -2.35649
210 24.2399 21.8671 -0.515772
211 33.8474 19.1059 -0.608023
212 32.1802 34.0099 1.12448
213 37.7745 0.662755 -2.27782
214 26.9062 25.8356 -3.13691
215 2.93006 14.5325 -2.30831
216 31.2597 28.0255 -0.60827
217 13.1814 6.28073 -1.95579
218 7.2322 16.1737 -0.092228
219 27.5163 38.0894 -1.80287
220 14.7968 5.56032 1.01482
221 18.7213 22.3046 0.476249
222 38.4804 30.6033 -3.7656
223 15.546 24.6975 0.49207
224 5.12315 29.6132 -4.40204
225 0.847936 7.4951 -1.28643
226 26.9445 14.1922 -3.55403
227 10.8533 7.7966 -0.521227
228 14.3093 1.14695 -0.93109
229 5.64519 26.8155 0.462342
230 34.9524 37.7331 1.53951
231 17.6863 27.1956 0.039826
232 36.093 31.4466 1.83844
233 35.4139 3.74689 0.499047
234 38.2155 9.69064 3.14362
235 2.09992 10.4701 -0.763407
236 18.0918 7.87487 -1.98469
237 14.2727 27.3851 0.926545
238 13.6763 12.2595 -3.7813
239 36.5803 9.53383 1.35882
240 17.8467 15.7358 0.37329
241 37.0633 26.4386 2.09524
242 31.77 1.99305 2.10457
243 31.0785 32.7773 3.08158
244 4.2569 5.23132 2.85838
245 15.5346 26.9571 -0.35939
246 25.5562 7.97833 3.39709
247 3.83964 5.41047 0.204522
248 8.12018 26.456 -4.80797
249 8.127 1.72363 -1.04944
250 24.9378 5.88103 -2.13634
251 28.8934 4.20394 2.09091
252 28.0763 15.0323 -0.431077
253 32.9228 16.7355 -1.34885
254 9.90953 38.4467 1.28817
255 26.8554 21.8674 4.56216
256 3.00335 1.92905 -4.03864
257 27.835 17.3558 -0.627726
258 32.0522 1.69326 0.95366
259 37.905 19.6035 -3.65827
260 39.437 1.58539 -2.25201
261 31.4626 20.0363 -2.79653
262 28.2833 37.4501 -3.60783
263 2.49493 30.9747 -0.880695
264 11.6915 19.7709 -2.34665
265 5.40625 26.8086 -1.27526
266 3.9341 14.999 -3.48252
267 9.50852 16.7981 2.45506
268 18.3762 18.8943 2.32381
269 0.212349 34.4006 2.807
270 32.9243 16.7036 -2.72798
271 0.878035 13.7774 1.73062
272 21.0206 21.7219 -2.48913
273 35.9749 29.7037 -2.36912
274 10.1647 39.0719 0.905365
275 9.96744 30.5484 3.29645
276 31.5631 19.6088 -2.40507
277 2.19323 20.2861 0.639604
278 3.47965 14.3571 -3.58464
279 15.1257 28.7736 0.461432
280 5.20579 30.5125 -1.22738
281 24.4765 26.2291 -0.826352
282 10.8101 19.6535 0.881981
283 26.5511 5.59782 3.32822
284 32.8686 16.6334 -0.502534
285 7.70623 32.4141 2.14174
286 39.9149 7.6293 0.376586
287 11.7622 14.6644 -0.358417
288 1.99528 1.20586 1.28878
289 11.1946 34.0084 -1.37039
290 30.8658 24.4908 -1.07237
291 17.8491 2.33704 1.07785
292 28.5671 21.6958 0.896881
293 19.6521 9.91571 1.2399
294 31.5832 28.1544 -1.29808
295 17.3291 14.6697 -1.8769
296 24.5589 29.5877 -4.11793
297 38.8858 32.4552 2.39202
298 22.2141 1.82775 -2.09659
299 15.9808 26.068 1.64776
300 17.1955 13.847 -1.44769
301 21.7648 27.5557 3.88069
302 23.6166 2.74812 1.78223
303 0.585847 15.6175 -3.48832
304 11.8872 31.6339 3.96438
305 1.96641 21.7129 -2.58016
306 23.3331 19.6127 -0.838099
307 13.0188 21.3121 -0.663862
308 7.93889 28.9989 1.09025
309 23.0828 1.25185 -3.37953
310 14.6868 19.5616 1.97757
311 21.1415 26.5299 2.89687
312 38.7583 26.4144 1.06554
313 25.5151 6.57823 -3.06959
314 21.5691 0.00753824 0.418418
315 3.29217 35.9605 -3.18286
316 27.7908 38.2998 -1.98702
317 16.7082 27.2759 2.89435
318 25.716 30.9563 3.59351
319 5.56699 4.49013 -2.83078
320 12.559 18.9434 0.0973931
321 28.4376 11.4532 0.891727
322 2.92512 39.2288 -3.87193
323 0.143849 34.8236 -0.809062
324 26.5417 14.982 -2.33412
325 10.8978 30.2489 4.29163
326 13.5333 7.13356 -2.55934
327 12.1379 34.4202 -1.64892
328 12.6803 31.4706 3.89653
329 15.6323 15.6558 0.735141
330 2.34146 11.0539 -2.1701
331 21.4075 7.50909 -2.89998
332 35.9421 3.77619 2.27973
333 33.0131 28.5773 1.71157
334 13.5242 8.73108 0.756734
335 2.87178 34.1632 2.30465
336 24.5656 9.00729 1.30279
337 10.047 22.4551 0.922007
338 24.1832 25.3369 3.33435
339 3.03044 30.9981 -2.06526
340 20.0278 12.2443 -1.71064
341 31.5018 27.5641 -1.37392
342 18.2627 10.7731 2.57646
343 8.57497 15.8685 -1.91112
344 13.6381 1.37457 -0.742342
345 1.16426 32.943 0.41715
346 18.2005 11.8874 -2.05882
347 8.01508 36.9262 -0.876084
348 10.9595 15.1286 0.201599
349 21.2887 25.3661 -0.112277
350 6.21378 15.7659 0.347704
351 37.6545 25.117 2.59772
352 27.7869 21.7427 0.262686
353 22.3193 16.2912 -1.4886
354 2.10747 31.902 -2.90666
355 16.8613 20.1117 3.02916
356 2.89641 35.0489 0.992876
357 7.64059 8.33268 1.93023
358 16.8726 11.6166 -2.17097
359 25.646 22.4126 -0.787213
360 31.6511 29.2804 -1.87315
361 28.7329 32.6695 0.779683
362 30.8282 29.648 -3.37065
363 32.7323 16.4806 -3.73122
364 15.5763 12.7071 3.06404
365 39.4821 33.6329 0.780749
366 8.31224 38.4725 -0.137218
367 4.32831 39.3727 -4.18693
368 21.8586 7.17378 0.50827
369 19.9141 9.51776 -0.619424
370 25.6643 34.7586 -0.556813
371 38.9575 16.8223 -2.9091
372 22.124 25.1713 -3.72186
373 17.2887 19.9295 3.95497
374 9.85986 16.3886 3.85465
375 9.13919 10.534 1.26775
376 37.0714 29.2421 2.4996
377 33.468 9.82705 -2.40469
378 16.9592 7.07499 1.24365
379 1.06104 37.7095 3.33334
380 35.079 39.9438 3.83537
381 17.0715 39.8587 0.891539
382 1.90475 12.9736 1.48436
383 18.9125 25.5034 0.0971708
384 30.1489 6.92037 1.77794
385 18.9233 25.3996 -0.22422
386 26.9765 9.14576 -3.64353
387 2.52954 2.55828 -3.24322
388 33.9975 31.9627 0.97051
389 18.0073 36.327 2.7176
390 32.1287 6.78829 -1.95347
391 12.4444 11.8406 -1.46163
392 25.2371 15.3425 -3.59631
393 21.2746 38.9767 1.68559
394 29.1778 12.4567 2.50331
395 0.0419942 13.5953 -0.000891586
396 19.1003 39.6145 -1.56285
397 4.60943 18.4692 -3.1528
398 27.3273 32.0589 2.86645
399 29.0773 14.0399 -0.78932
400 4.26351 3.27697 -3.80865
401 30.6093 27.9296 -1.09345
402 2.10444 10.4107 -0.573929
403 8.78534 29.3771 3.11835
404 23.2034 30.6809 -0.782895
405 5.76029 22.6828 1.41319
406 17.759 10.7858 -1.68141
407 0.998439 11.59 -3.30201
408 14.0852 5.54123 1.29825
409 29.4999 10.8911 1.37966
410 18.2466 25.8822 0.119408
411 17.455 36.6266 0.793934
412 3.24914 4.83449 1.85579
413 3.52044 21.456 0.311143
414 11.5875 3.00149 -2.79528
415 9.55197 25.7498 -2.48673
416 2.8089 32.2726 -2.5238
417 3.11196 1.33002 -3.37492
418 24.3301 21.6848 1.07527
419 26.75 9.62145 -3.24569
420 25.3646 1.48066 -1.61468
421 9.85773 12.0307 2.10397
422 10.1186 15.3028 1.36598
423 0.384285 8.96876 -0.481861
424 22.199 16.826 -1.22339
425 21.2596 1.43078 -2.88004
426 10.9632 16.9764 -1.60723
427 19.9667 26.1724 0.377378
428 10.6321 2.74633 -2.28097
429 36.7834 4.79022 -1.02943
430 11.13 16.9623 -2.87792
431 5.03494 9.95423 0.876259
432 14.6478 31.1299 -0.787618
433 25.6183 21.031 -1.29184
434 15.1209 19.8993 -2.04732
435 38.3939 31.0738 -0.71354
436 34.2604 31.2699 -4.17387
437 6.34933 4.39081 -2.25582
438 0.980197 39.3897 0.661483
439 36.708 22.4655 2.02242
440 18.3907 10.3042 2.28468
441 21.9211 36.6001 -0.810749
442 17.7528 12.662 -3.63097
443 18.0833 25.9568 -1.04145
444 13.7373 23.4301 0.376099
445 14.2453 19.4261 -0.662613
446 21.5941 5.65518 0.507918
447 12.2421 10.5951 1.09044
448 30.9681 21.0749 3.53108
449 15.3104 17.006 1.38211
450 6.90296 21.8822 2.28586
451 33.5466 19.0494 2.24984
452 11.7611 7.68727 -0.903009
453 5.08699 16.9141 1.55929
454 35.1518 12.5767 -0.996762
455 24.0298 39.8451 -2.8879
456 15.8006 15.8249 2.63651
457 25.2386 13.7853 -1.0735
458 19.3421 19.4889 -4.54658
459 20.1209 39.1947 2.40299
460 7.91651 37.6682 -1.88262
461 11.4814 2.22193 -1.26246
462 24.4635 22.0842 0.475879
463 3.17989 31.9391 -2.90752
464 26.5127 35.351 -3.12244
465 32.5843 9.03546 -1.48493
466 33.289 23.2578 1.20782
467 9.64059 31.8534 2.87021
468 10.5451 31.6053 1.69466
469 26.7592 34.2236 0.939995
470 10.9287 15.5603 -3.33918
471 29.3662 29.9836 4.68648
472 16.2207 2.02398 -0.682753
473 16.3305 0.635408 1.67938
474 6.70229 37.9776 -1.72984
475 32.4941 38.1802 -3.07848
476 14.1531 17.618 1.82226
477 8.68584 35.1783 -0.550182
478 31.1969 25.7968 -0.302739
479 34.8015 30.9734 -3.73795
480 36.3228 28.4364 2.92733
481 33.2632 1.66288 -0.3596
482 12.4234 38.854 -1.03142
483 9.00144 36.0609 0.231537
484 23.7693 1.7613 2.01695
485 1.5277 35.1579 2.55711
486 15.2228 26.0474 2.75843
487 29.3349 30.8326 3.3561
488 0.998582 8.62595 -0.390735
489 20.4501 9.41278 -1.39358
490 36.7711 7.03449 -1.67841
491 17.5726 15.1502 -2.38978
492 22.2467 37.5664 -1.87701
493 38.2281 27.4622 -2.20457
494 4.98795 16.8931 -2.03128
495 37.6919 9.43223 0.389704
496 23.2695 32.2127 2.26245
497 13.4327 33.476 2.64153
498 18.8816 11.9425 4.29356
499 10.0166 17.0701 -1.1023
500 12.4964 9.24878 -0.0198964
501 34.0832 8.82143 0.628646
502 5.33066 3.66528 -0.701952
503 20.6482 26.8354 4.53218
504 3.58564 0.34841 4.71411
505 12.8272 10.2766 -1.18656
506 26.363 26.0719 -2.42525
507 21.369 10.4711 -3.22927
508 11.5594 30.3446 -1.74373
509 19.502 38.524 -1.16569
510 34.7846 8.6319 1.85241
511 24.1171 28.7178 0.666908
512 32.7663 28.8444 -0.22783
513 18.6468 24.5336 -0.680473
514 3.77214 34.14 1.10341
515 14.941 14.2483 -0.13171
516 17.6154 36.3395 1.84043
517 14.0063 16.6962 2.12304
518 38.2512 38.9825 0.377981
519 23.804 22.492 -0.45583
520 0.695433 8.01032 -0.0537069
521 39.5337 35.9368 0.81386
522 29.1131 22.3597 2.6232
523 11.3486 18.3781 -1.5725
524 15.707 20.8171 0.411768
525 12.9151 17.2068 3.98402
526 16.8545 26.1565 1.58953
527 14.1161 4.84974 2.4269
528 19.4909 7.01824 0.730576
529 33.9884 33.3804 0.165818
530 29.686 17.2358 -3.05311
531 26.65 0.207022 -3.97063
532 20.1479 39.7647 3.14163
533 2.29369 30.9824 -1.42336
534 7.28946 28.7456 3.12496
535 29.2278 8.9872 1.25527
536 34.312 14.1611 -4.57612
537 3.33768 25.0186 -1.61913
538 19.4454 38.573 1.17714
539 20.412 16.1967 2.56449
540 38.2669 17.3199 -4.04105
541 21.4565 24.2045 -2.88327
542 33.5548 36.9998 -1.19238
543 7.04961 19.8196 0.429573
544 36.6498 30.2369 3.6118
545 3.08321 18.8256 -0.505318
546 34.2814 39.9803 0.840598
547 4.49211 11.3333 4.11839
548 34.6551 35.7992 -2.26561
549 38.969 27.6584 3.76871
550 37.9149 30.01 1.11094
551 36.0708 9.22122 -0.387282
552 13.2713 1.39062 2.31632
553 10.4725 30.1765 -3.19317
554 11.4553 2.4726 -3.22894
555 33.8243 9.15694 2.73759
556 1.81641 15.2413 2.29118
557 10.5102 11.539 -0.248542
558 27.8646 5.38418 -1.45225
559 32.402 35.719 -0.74503
560 36.1317 24.041 -0.551386
561 4.06366 37.7736 -0.789064
562 10.2113 22.4314 0.702761
563 5.94619 12.332 0.0526366
564 7.72065 25.4543 3.53375
565 4.28069 19.4596 2.03898
566 20.7455 38.8607 1.43294
567 30.5955 19.1513 -0.0475436
568 3.11404 7.50317 0.403324
569 29.9223 29.9598 -4.35819
570 6.72344 29.5836 2.92311
571 13.7881 11.1725 -4.00767
572 25.1041 25.4665 3.41718
573 21.3437 30.7862 -2.17709
574 9.44712 22.5818 3.64438
575 10.1175 15.3843 -2.3841
576 3.85151 4.58956 1.79002
577 20.7873 35.2933 2.016
578 12.9665 34.3536 -4.54112
579 15.3935 15.7363 0.949382
580 7.82084 26.8078 -1.2974
581 6.46511 26.274 -2.07537
582 16.4651 22.2418 -0.387923
583 18.9836 26.5667 -0.809198
584 3.94946 14.2014 -1.92955
585 2.70087 21.9006 -3.81787
586 24.6415 21.0006 -0.816389
587 29.1609 36.6927 -0.917687
588 21.0163 38.5395 1.96266
589 22.2537 10.4441 -4.09076
590 1.20556 6.47485 -0.308922
591 11.7419 27.9263 1.05522
592 21.5001 27.2597 4.55845
593 10.4248 18.269 -0.252333
594 5.5501 6.57937 -2.85828
595 31.3291 28.2132 -1.62406
596 3.07793 38.5684 -4.03086
597 29.0277 11.7449 0.92496
598 2.10719 12.7701 3.40047
599 9.87412 1.93299 2.06509
600 38.2405 36.5293 -1.01492
601 20.1702 36.1598 3.97473
602 16.7888 15.2033 0.674297
603 17.1977 6.77007 -1.32359
604 30.485 32.8357 3.30809
605 18.4669 24.5683 -2.6817
606 38.6817 30.2596 -2.23283
607 39.9635 10.184 -0.505484
608 4.70399 4.4386 -1.33362
609 26.4941 10.3731 -2.81997
610 31.4915 30.0479 -2.9165
611 36.3437 23.7213 -0.193818
612 15.52 6.84682 -1.43399
613 16.7145 9.06044 1.9812
614 34.176 36.2473 -2.97067
615 34.0462 4.74993 -1.54474
616 34.1133 19.2764 -0.1521
617 23.8944 28.4306 -2.61542
618 3.18883 1.46264 -1.57747
619 24.249 28.8974 -1.70565
620 36.9958 2.67643 -4.33727
621 25.739 21.2947 1.414
622 30.6232 5.86666 0.299813
623 17.7598 19.0488 2.43073
624 0.87447 7.82422 -0.0293784
625 13.1999 6.25952 0.197437
626 3.49005 1.72131 -3.75289
627 8.31242 36.5078 1.90417
628 19.3211 6.84021 2.92565
629 25.3141 8.2863 0.24423
630 1.77872 5.05894 -0.147568
631 29.5822 0.498355 0.0147632
632 35.3931 31.5967 -0.154516
633 5.51043 19.7554 -3.40063
634 37.1827 10.5931 1.05462
635 26.7844 24.6178 -3.54807
636 19.867 11.6246 0.117516
637 9.0645 32.2059 1.66522
638 31.4252 32.798 2.3723
639 26.3112 24.777 -3.31882
640 4.9732 17.7911 3.11428
641 35.1487 10.1323 2.99313
642 14.3197 32.3421 1.87011
643 28.0171 36.0835 -3.31414
644 10.982 39.3514 -3.66109
645 6.82565 6.39547 -3.29233
646 13.1979 3.44618 -1.8744
647 11.6005 3.27064 -1.27506
648 26.6303 30.7896 4.09193
649 13.8831 11.0957 -1.10925
650 27.1432 22.5808 3.59952
651 29.1672 20.8603 0.15312
652 5.04418 30.0035 -1.69417
653 6.86903 37.7493 -2.54053
654 24.3112 17.9522 -4.57539
655 28.5492 32.3813 2.31843
656 14.2378 10.5562 -0.0619
657 30.8031 10.6504 -2.57644
658 7.17047 25.9679 2.43367
659 2.72044 2.63845 -1.19825
660 26.5189 20.8994 1.00771
661 4.08797 15.5343 -2.62303
662 37.9282 39.8146 3.06678
663 1.98832 19.0298 -3.35848
664 36.1012 20.117 1.35439
665 37.9387 33.3797 -0.428292
666 26.7469 0.968462 4.50833
667 31.546 29.8209 -0.731775
668 9.59393 31.7457 2.60134
669 9.86385 32.2586 1.75781
670 32.3976 31.1227 4.04662
671 37.2645 39.9442 2.18421
672 14.0093 36.9812 -1.63246
673 2.30028 11.2978 0.396832
674 4.37676 20.3304 0.251308
675 30.0575 10.8833 0.824955
676 1.11896 6.20476 2.43344
677 9.54769 17.7114 -0.230507
678 24.1637 2.12964 4.23399
679 19.933 25.4079 -1.58245
680 27.1747 35.9384 -2.72026
681 14.9239 33.9024 1.57129
682 37.4768 39.4687 2.97158
683 18.9576 25.566 -1.35077
684 7.24835 24.3915 -1.30162
685 25.2332 22.0819 0.84824
686 39.8311 33.2221 -1.32733
687 21.0166 21.4319 -2.52822
688 26.1986 10.4807 -1.88284
689 6.59128 4.16018 -0.572734
690 8.02143 5.1594 0.914831
691 17.9272 33.6649 -1.57818
692 27.7306 16.142 -2.52022
693 1.26504 22.8365 0.398742
694 30.7575 15.2325 2.65732
695 11.4832 28.2229 0.960225
696 18.2278 23.5247 -2.19062
697 23.6525 2.6581 1.96192
698 1.58344 8.7586 -1.02197
699 38.6362 27.657 -4.66362
700 7.64523 39.9091 1.27358
701 12.1365 0.621131 -1.92312
702 8.41008 35.9297 -0.796667
703 2.22289 10.9912 2.3261
704 29.4988 0.327848 2.21245
705 3.93055 21.3345 -2.71845
706 34.2705 34.0537 -2.95891
707 20.7419 39.646 0.16654
708 38.1401 25.1193 2.37228
709 28.2843 14.9258 0.347132
710 12.5439 1.07724 1.38776
711 35.1518 30.9979 -3.40383
712 31.1992 25.123 0.627027
713 39.3244 18.5096 1.98297
714 29.7 0.152451 3.11699
715 36.3735 29.5427 2.40014
716 16.1564 32.4033 3.77551
717 17.0292 29.9371 -2.45895
718 2.86132 27.7993 -0.399042
719 8.17707 29.4636 2.68567
720 18.0245 17.669 0.8447
721 20.4682 34.6827 2.58558
722 3.84102 2.82606 -3.60953
723 8.52522 36.8814 1.19391
724 21.327 1.00221 -4.76356
725 26.8802 30.6131 1.26322
726 0.796139 27.2536 -1.59181
727 13.0233 21.5515 -1.08511
728 2.02826 31.868 -2.10438
729 15.2005 2.50718 -2.30842
730 22.5729 8.79167 -1.91595
731 0.551166 18.115 3.12033
732 22.3259 0.0589946 -1.77158
733 25.3712 28.7467 3.91175
734 38.2938 8.99412 -0.580744
735 14.56 32.1719 2.09485
736 23.6781 24.8812 -3.26574
737 2.45407 32.1573 -0.749071
738 17.8062 11.6876 -3.19883
739 10.8136 17.6985 -2.12916
740 29.8278 21.6957 1.70508
741 1.88181 20.1437 0.81662
742 16.8894 21.0023 2.09041
743 26.2385 21.353 -0.603098
744 30.5037 21.65 1.16347
745 21.4755 37.0935 -0.417046
746 15.5279 9.06573 1.60135
747 15.3456 27.2764 -1.2508
748 13.4347 33.2837 2.72829
749 12.6881 1.14294 -1.49958
750 6.27454 32.8526 -0.513805
751 38.7326 32.7624 2.41507
752 10.2196 20.4479 -0.253378
753 23.9588 22.3594 1.99577
754 26.6922 25.9656 -2.20937
755 34.8727 5.95386 -2.5287
756 11.6049 10.5918 -1.54972
757 2.79129 33.6532 2.52752
758 0.123192 15.3326 -0.792224
759 8.79259 27.1886 -0.551451
760 38.206 27.3033 -2.57607
761 4.81787 14.194 -4.92676
762 18.6009 25.5646 0.865692
763 6.82488 0.0278222 2.90472
764 14.8194 16.4225 2.89478
765 38.7743 20.788 -0.334852
766 11.8956 11.8902 0.930032
767 35.6562 12.8717 -2.57264
768 9.18782 22.5218 0.679538
769 10.0658 31.6885 1.56335
770 6.96415 28.7529 1.82797
771 10.8023 18.5222 -1.17378
772 9.91292 30.4178 4.25427
773 34.3335 30.2324 -1.61828
774 39.8533 31.1391 -4.5399
775 15.234 7.00442 -1.51912
776 10.1265 11.6864 0.68799
777 34.3112 25.3643 2.89559
778 33.5138 30.2925 0.614689
779 18.3788 5.74695 1.65854
780 38.2586 6.07364 2.27447
781 13.3648 33.2345 3.86976
782 7.46969 7.67373 -1.5173
783 16.9331 14.6893 -0.818876
784 32.8548 0.284322 2.14402
785 19.5026 12.4616 1.58104
786 9.79316 16.8168 -1.00556
787 39.771 6.73814 -0.793704
788 2.90526 27.6645 -1.1699
789 2.36444 2.92506 -0.0282868
790 8.4656 24.5242 0.752107
791 7.51703 20.7336 0.729302
792 9.94259 18.273 -0.493672
793 19.0136 37.7115 0.966784
794 22.0322 25.0832 0.22655
795 2.29609 1.36977 3.58706
796 11.8573 15.3331 -1.76411
797 38.7272 32.6738 2.8677
798 35.6582 10.4892 0.620786
799 31.0525 2.23839 2.52374
800 38.8356 11.9278 -1.19147
801 18.1943 23.858 -1.00624
802 33.6729 23.7492 1.06175
803 11.2958 1.03946 2.28784
804 0.986868 20.0203 -2.10482
805 1.49099 25.8753 -0.126111
806 6.36611 30.0428 -0.692048
807 28.9773 17.6278 -2.13706
808 17.7682 30.7914 -1.27395
809 26.8335 27.5534 -3.18326
810 18.21 27.5478 1.42213
811 38.4023 24.6946 1.95737
812 7.99925 4.40353 2.04226
813 6.92118 9.36677 -4.00708
814 27.7657 37.6275 -2.51301
815 24.2968 18.077 -2.15226
816 17.6217 39.1152 -0.456948
817 17.7518 35.6694 1.19718
818 3.11621 1.05953 -4.27486
819 31.1382 8.99954 1.03589
820 11.1364 39.3223 -1.48176
821 12.901 5.61523 -0.729077
822 4.92604 36.4505 -2.67488
823 18.7314 2.50424 2.81961
824 26.0271 15.404 -2.85633
825 39.63 0.755253 -1.94248
826 2.73346 16.0833 3.2798
827 36.0006 8.81592 0.488464
828 15.4999 17.0992 1.29584
829 12.0965 33.6981 -3.15587
830 11.085 15.7558 -1.06822
831 23.4741 34.3413 -1.44391
832 32.0123 0.0344317 -2.18462
833 15.7742 16.1767 -0.396101
834 15.6195 8.5426 1.49164
835 2.68454 31.9135 -1.83
836 17.7165 28.895 -3.59876
837 28.88 36.4122 -0.386139
838 16.4019 3.08586 4.39711
839 11.0359 13.5319 -1.47182
840 24.4977 17.5073 3.88403
841 26.6796 35.8597 -2.94938
842 22.9523 34.6198 0.328799
843 21.2036 2.40095 -4.77546
844 4.91148 23.4898 -0.796108
845 7.99325 30.9017 -1.8094
846 4.31622 17.431 1.63186
847 0.737562 23.5794 0.619295
848 22.734 25.0149 -1.83627
849 19.805 19.4038 -1.85952
850 37.2168 33.3921 -1.65187
851 7.61056 0.150936 -0.755288
852 31.7942 23.8755 3.53296
853 18.1811 17.4521 -0.793464
854 7.45697 38.0918 0.506151
855 12.0212 34.7761 -4.12425
856 10.6653 30.0437 3.51074
857 10.267 31.5063 3.67253
858 30.65 30.1971 -2.84565
859 10.5921 32.3158 2.55684
860 1.29353 18.5637 -3.68479
861 4.89588 16.6429 -1.21442
862 4.42827 24.8922 -1.0321
863 18.2555 11.2812 3.12989
864 12.3004 7.47955 -4.48332
865 19.524 27.9361 2.05062
866 27.8643 39.0069 -0.494082
867 30.778 24.3498 0.383506
868 31.5793 30.8875 3.26806
869 1.86506 18.0873 -1.5352
870 38.8984 5.12125 0.711615
871 18.351 20.7407 3.30848
872 37.167 15.9052 -2.91243
873 9.42799 18.5525 0.384117
874 21.7002 11.755 -3.00006
875 32.4927 1.99511 0.163384
876 20.4366 25.7333 -1.29413
877 39.9773 14.529 0.564828
878 39.4708 3.07627 -0.613062
879 8.52979 36.0274 0.184212
880 32.3389 23.5512 2.92949
881 13.6364 22.8004 0.219395
882 26.7806 6.46984 3.41408
883 36.6984 26.8734 1.87442
884 36.1816 13.4963 -2.71393
885 14.692 7.6206 -2.15477
886 18.6248 18.3347 -0.213706
887 3.8343 20.4454 0.634307
888 31.6576 31.1471 3.87009
889 37.8892 5.24172 -0.0356907
890 14.1961 10.8258 0.392927
891 23.1208 22.4692 -0.992459
892 28.5301 12.6157 0.468555
893 33.0478 21.8155 -0.850361
894 23.2468 27.4021 -1.71572
895 33.7025 8.72239 2.33771
896 13.8124 39.3881 2.08321
897 3.6621 12.3446 2.06668
898 26.699 18.6879 -2.54304
899 9.62692 26.2056 -1.36992
900 11.2414 39.2226 -1.35695
901 2.25071 1.75292 -2.78615
902 5.24776 29.9254 -2.9873
903 18.5051 34.463 -0.412513
904 18.8527 37.4783 -1.69374
905 34.8275 34.4077 -3.5696
906 20.598 13.6961 1.3872
907 12.1969 25.9902 1.1503
908 30.204 39.7796 1.37302
909 11.2613 1.03394 0.326198
910 2.39815 24.7843 0.401324
911 37.2628 2.76187 -1.94859
912 25.2074 18.32 2.95721
913 33.1366 35.6885 -4.23449
914 37.7609 24.4912 1.31372
915 38.4271 0.333319 -2.22845
916 39.1568 17.1484 -1.64971
917 16.1882 24.7469 -2.66768
918 34.7434 7.50668 0.862315
919 23.6971 30.9849 -0.665029
920 1.53886 20.8849 -0.0872914
921 35.8977 18.3 -3.49282
922 25.0038 16.6817 4.27251
923 6.33401 25.7336 0.318106
924 32.7421 25.4026 3.68263
925 14.9061 13.9119 2.73916
926 15.8354 8.52259 1.83657
927 36.7934 30.2329 2.65122
928 33.5143 0.29627 1.75515
929 13.4967 29.259 1.24933
930 8.96902 5.04984 -0.476707
931 10.7399 24.7218 0.521672
932 33.5095 21.7653 2.06314
933 19.0876 39.6998 1.66048
934 28.9414 17.3238 -4.12211
935 7.41607 10.5048 1.26646
936 15.5557 17.4942 3.64373
937 21.721 3.21098 3.48896
938 17.6677 18.5316 1.1429
939 9.7571 3.08833 -3.10297
940 13.9145 24.4928 -1.10177
941 32.6064 24.7799 3.53251
942 3.91885 17.6317 -1.69997
943 13.8325 4.47106 4.12212
944 9.43058 5.33855 0.569215
945 3.45916 10.1995 3.6359
946 15.4813 19.3712 2.44347
947 13.0527 10.4824 0.971699
948 21.261 6.42883 -0.595946
949 8.95148 9.31747 -0.51166
950 7.65241 28.718 1.39493
951 11.3111 3.27809 -2.20157
952 11.3194 21.3362 2.44608
953 35.4237 23.0102 -1.76413
954 10.4195 31.2781 3.66125
955 5.78721 3.55773 -1.07396
956 26.1424 15.2124 -2.12487
957 38.6836 16.9833 -3.77384
958 4.42187 3.45358 -3.29388
959 37.4307 16.6691 0.071975
960 10.7188 29.9178 -1.27126
961 6.22614 28.2043 2.85013
962 13.2585 26.8028 1.25468
963 8.56042 38.4622 0.8553
964 0.239956 10.2056 0.123869
965 39.5125 30.3399 -2.95181
966 14.3749 11.4396 -1.68137
967 19.0149 38.6058 1.26036
968 37.1541 13.6291 -3.10884
969 16.9427 6.13575 -1.49354
970 14.4977 1.52458 0.105975
971 16.8434 20.9957 2.58055
972 12.8588 18.2531 1.77462
973 2.44227 18.5757 -2.77713
974 38.1619 26.6847 0.986918
975 7.07211 20.5338 2.73562
976 6.74096 15.8981 0.230834
977 4.26184 39.836 -3.9894
978 9.53534 35.7705 1.20936
979 10.4152 2.48226 -3.63048
980 30.8487 10.1795 -1.09442
981 7.34355 19.4473 -0.592665
982 3.02188 37.43 -2.88597
983 35.2159 22.2763 -2.70437
984 9.33828 29.2365 1.53864
985 38.4273 27.4828 0.99169
986 18.5004 21.6526 -2.34925
987 13.1164 11.5942 1.33377
988 11.1419 18.5625 -0.490197
989 23.6881 32.4339 2.22508
990 19.1346 20.4209 2.75184
991 14.9311 21.7563 0.70398
992 10.9556 3.39591 -2.58232
993 14.0455 11.267 -2.28914
994 22.3549 18.8766 -3.1194
995 17.9892 9.43875 0.721844
996 37.6207 21.8734 1.67819
997 4.62318 17.2843 1.14456
998 37.298 33.2259 -0.973224
999 36.5071 5.20662 -0.348828
