1000
Particles
0 39.4404 33.7129 -1.59867
1 38.3827 19.2559 -2.0999
2 19.2558 5.96472 2.10725
3 9.90244 36.614 1.26143
4 16.1778 21.3602 0.801967
5 23.5063 10.4276 1.46075
6 30.4668 2.80341 -3.86204
7 33.8328 17.9484 2.02675
8 6.79101 28.4249 0.506869
9 27.1447 17.3123 -1.58583
10 28.442 32.2941 -0.721339
11 39.7611 33.7258 -0.705211
12 33.5293 32.5711 1.26209
13 1.47969 7.25728 -1.49291
14 28.4709 22.3737 0.253276
15 21.3985 29.0628 0.572103
16 23.4548 33.9335 2.18557
17 33.3853 13.1501 -0.979951
18 34.173 10.0574 -0.422249
19 17.3674 27.7034 1.52555
20 8.1721 11.7892 0.88117
21 1.22954 5.69337 -0.0852506
22 2.07436 15.4333 -1.35186
23 30.0948 19.9557 0.00303444
24 38.9018 7.04404 -1.03978
25 2.12521 34.327 -0.734084
26 18.5828 31.1106 3.21357
27 15.7129 17.5984 2.51487
28 3.06876 32.918 2.24353
29 31.6429 5.38052 -2.2963
30 19.1875 21.7627 -3.53131
31 14.8614 13.7229 4.23419
32 22.1047 9.28946 -0.113764
33 10.2749 2.33276 0.249854
34 25.8089 12.0162 0.361904
35 22.3015 3.28432 1.88446
36 19.0135 0.464616 -0.830197
37 37.2098 25.6131 -2.82083
38 34.8538 38.1572 -0.145172
39 30.387 17.2785 -0.439448
40 36.1374 34.6827 -2.34946
41 13.4421 11.05 4.33749
42 38.1619 16.4467 2.81821
43 29.3545 32.9188 -0.147809
44 19.6336 29.0904 -2.50341
45 5.40127 31.6598 0.346833
46 0.0510327 5.73672 -0.649161
47 34.6877 7.46982 -3.92231
48 5.30899 32.6835 2.12118
49 9.17542 32.6014 3.40811
50 36.6675 3.96189 0.0838129
51 19.4421 38.2323 -0.508065
52 30.3154 14.0342 1.29985
53 14.2762 4.07454 3.22387
54 29.6883 27.3621 2.33146
55 39.9922 15.5707 -0.856306
56 23.2328 5.73261 -3.75006
57 3.40356 34.6816 2.93762
58 36.8604 26.2392 -1.77022
59 7.39347 32.5125 -2.2965
60 8.01443 28.9113 1.50446
61 15.7086 28.6562 -4.62231
62 33.7458 1.27964 0.783231
63 9.11725 15.0213 -1.94914
64 39.8441 27.5239 -1.46664
65 13.5626 37.937 -1.30793
66 10.0518 15.7278 -3.27228
67 25.8376 20.2904 2.82814
68 12.1096 2.83025 -1.03939
69 11.3666 3.4049 -3.05104
70 5.68965 38.4131 1.33083
71 24.6075 9.63414 0.403554
72 3.96413 13.5934 1.05547
73 22.2885 28.3585 1.07235
74 7.10762 7.22006 1.15316
75 3.21241 31.2844 1.6706
76 17.8759 5.17665 1.77301
77 7.9086 26.866 1.42062
78 4.67274 33.2078 2.44712
79 37.8953 4.14765 0.239634
80 35.3363 6.85309 -0.3943
81 0.972195 29.2148 -0.58982
82 11.5376 8.11624 -1.02376
83 14.2296 30.1848 1.95848
84 17.4342 15.7927 4.83428
85 38.8223 21.1426 -0.363939
86 19.3723 5.28261 3.40327
87 23.2158 36.8098 2.14013
88 1.62421 39.0121 3.64269
89 4.52178 0.619384 -2.1502
90 38.8436 36.5463 -1.74833
91 23.0157 14.4899 0.659194
92 11.9982 19.6699 1.1245
93 18.8041 2.51332 4.51923
94 15.6113 24.7228 -0.938816
95 21.092 3.54151 1.5814
96 10.1926 30.8942 0.170512
97 24.8056 34.6356 -2.32524
98 38.7747 19.6957 -0.776247
99 12.0276 3.3935 -3.2299
100 26.7587 19.4804 1.47502
101 23.0738 24.6819 0.431099
102 22.3006 30.5203 -1.44458
103 9.43965 4.32038 -0.792709
104 22.182 5.31946 -1.18654
105 20.7165 31.8256 2.33983
106 30.0008 16.6196 -2.81667
107 19.5695 21.5377 -2.17222
108 27.4382 11.0741 -0.235067
109 0.41808 34.2769 -1.53139
110 13.9512 3.02672 1.35476
111 38.3392 33.6353 0.962413
112 29.9717 38.666 3.03229
113 37.237 25.483 -1.88983
114 36.8504 25.5646 1.67074
115 32.0306 24.2648 3.60738
116 23.1348 30.9567 -0.562918
117 27.1106 34.6822 0.568676
118 23.4159 2.87862 1.00218
119 34.375 15.251 -1.9604
120 24.9308 28.6499 -1.66989
121 26.1182 12.5829 -1.44665
122 38.5783 19.2243 -0.0780918
123 5.15711 31.8124 2.14875
124 11.931 39.2473 -1.93328
125 27.2676 39.1054 3.25901
126 24.7744 24.9587 -2.55237
127 37.8536 7.63597 -0.553461
128 34.6308 11.102 0.995449
129 0.0321186 14.9473 -0.948228
130 34.2481 6.7468 -2.76982
131 34.5772 25.9969 -3.41169
132 20.8602 39.4571 2.68147
133 38.3317 33.6516 0.218435
134 3.73914 32.0878 0.81461
135 10.4359 6.46292 -3.48623
136 26.8082 6.23971 -2.54558
137 28.611 32.4881 1.19754
138 9.49653 20.2849 0.837317
139 13.0781 3.06211 -0.0555736
140 24.8827 32.9159 0.163031
141 33.2151 28.5577 -1.92139
142 26.5754 8.06237 1.7567
143 19.3588 27.5393 -0.572188
144 0.324484 31.1224 -1.12171
145 24.5279 20.6421 -1.38527
146 36.1773 8.51622 1.60056
147 33.8476 0.432484 0.574302
148 39.1111 8.1915 0.0374247
149 15.2128 25.8601 0.206502
150 18.9349 18.6235 2.23204
151 34.6317 36.9662 -2.59088
152 18.6117 15.8968 -3.15037
153 20.0261 3.99707 3.09515
154 26.1362 38.6892 -4.18656
155 32.6113 24.3202 2.89536
156 39.2082 25.6168 1.14899
157 15.7842 10.8349 -0.471107
158 14.9592 34.1612 0.593225
159 17.8539 26.8322 3.04505
160 39.7491 15.1946 0.306372
161 9.57808 23.3737 1.92576
162 24.7731 29.9858 0.0204705
163 7.96262 9.42025 -1.6004
164 16.8885 3.16479 2.10353
165 26.8624 9.36019 3.96268
166 32.799 13.4041 -1.24108
167 12.581 34.2039 0.51011
168 38.2026 22.5525 -1.66947
169 37.5338 35.3094 1.70118
170 4.47476 34.2915 -2.69117
171 24.7124 39.0364 0.590108
172 4.62557 17.7463 -2.41967
173 22.2812 34.9897 -2.65877
174 14.5942 39.7569 -0.19574
175 1.73578 5.62405 1.41803
176 18.4778 22.6547 -0.654699
177 14.0423 9.64985 0.735087
178 26.5771 17.6948 -1.68254
179 29.3165 11.8553 -2.68227
180 13.8337 11.3753 3.8062
181 37.3707 28.4116 0.401368
182 19.5524 17.9526 2.24986
183 4.0643 24.4241 -1.07778
184 37.2726 7.46267 -0.170116
185 11.1523 14.6785 0.990572
186 21.8186 3.48386 3.4634
187 9.00631 0.0550397 -1.68745
188 24.5677 17.3496 0.860927
189 8.28906 25.6268 3.65686
190 24.2177 23.5031 -3.12498
191 12.804 28.7793 -1.68241
192 37.972 3.41647 0.814135
193 29.0591 20.0069 3.30147
194 21.5478 25.4074 2.80289
195 8.47606 15.1409 -2.6235
196 27.4082 36.0407 -0.644774
197 19.9774 33.5643 -0.392195
198 29.3264 20.9931 0.136861
199 12.4066 8.25918 -1.39222
200 34.8219 35.9067 -0.384171
201 37.929 20.0299 0.722783
202 11.7269 18.8486 2.03975
203 26.6081 17.0052 -4.39301
204 31.7825 32.1348 3.42886
205 38.3913 30.3099 -3.2209
206 17.8746 4.68652 3.22646
207 38.4131 34.2151 -2.49208
208 32.0163 19.1621 -3.16486
209 12.9239 35.5963 0.0234631
210 14.2763 24.7035 -1.61685
211 35.4337 17.4218 2.09972
212 0.17483 33.3871 0.223119
213 0.586179 6.806 -1.02264
214 27.2096 18.3856 3.86574
215 32.2207 18.5839 -4.84209
216 29.3482 23.1618 -0.802952
217 8.65075 12.5103 1.90632
218 13.1107 19.1139 -2.11859
219 23.4596 37.6981 -1.57212
220 11.8378 3.61549 -0.609148
221 20.6376 10.0226 2.46833
222 39.5507 31.9445 -2.8461
223 18.5251 21.0016 -3.56621
224 5.08566 31.1529 1.49064
225 34.566 11.1699 0.999447
226 35.8338 22.2729 -4.10711
227 1.00138 12.3071 1.98182
228 16.4273 5.68653 -2.38599
229 38.6456 17.1376 1.60916
230 31.4871 11.6948 0.744327
231 16.7284 30.5111 0.563455
232 31.8441 5.55255 -2.04185
233 39.1316 6.50212 -0.689276
234 8.50749 39.5074 -2.14772
235 39.3438 6.04237 -0.164501
236 13.28 36.9178 -4.38588
237 13.2711 27.5203 -0.131482
238 12.2317 10.6956 -1.81051
239 33.2913 6.64615 4.52968
240 17.0398 19.0749 1.17509
241 9.33567 28.8425 -1.88168
242 1.09478 5.37842 -0.0518556
243 29.3932 0.746756 -0.103709
244 36.2192 19.139 1.36649
245 19.3475 5.20457 2.0861
246 28.7219 5.28483 2.05262
247 7.21939 37.4471 1.67149
248 8.29065 27.7115 0.872809
249 15.0567 37.386 3.28804
250 20.7652 3.85131 2.29546
251 0.354044 3.9316 0.513242
252 33.4446 16.6006 3.67668
253 33.4528 13.6489 -1.10557
254 0.951589 39.2206 -2.10198
255 29.6569 28.6035 2.45131
256 6.00089 5.56581 1.24408
257 28.6895 16.6424 0.66772
258 29.5693 35.4715 2.65297
259 39.756 16.6011 -1.00267
260 4.06551 10.1358 0.891839
261 31.7145 27.8089 -0.573059
262 27.1147 34.403 -2.30608
263 0.0236963 7.28637 -1.76468
264 10.7712 23.4291 -2.88908
265 37.51 28.4333 -1.89662
266 0.678783 12.7946 2.30761
267 1.82389 30.8308 2.79177
268 11.0865 27.0738 -1.29281
269 24.6944 36.7257 3.74653
270 5.52711 13.5933 1.18163
271 34.0443 10.5187 -0.00631728
272 17.9492 19.5278 1.28515
273 27.6364 36.8584 0.364898
274 13.5324 6.80045 -1.18905
275 9.20765 23.8289 2.95058
276 25.4444 17.7577 1.33843
277 1.5198 21.1909 -0.987944
278 4.2351 13.5425 -0.0339648
279 8.43145 26.4308 3.7785
280 8.09363 26.1998 4.06422
281 25.96 16.3831 -2.62664
282 13.4932 21.3034 -1.85152
283 20.6277 33.1236 -1.23375
284 25.0831 17.7642 0.222807
285 39.4712 37.346 0.554904
286 35.3292 7.12919 -0.558315
287 17.1418 14.7146 0.694321
288 3.84455 38.0935 0.830422
289 11.7219 28.8635 0.42027
290 34.901 24.1657 -1.36425
291 14.5282 8.43575 1.32462
292 39.0534 19.3601 -0.611039
293 6.10787 5.14187 1.49804
294 29.3508 27.0778 0.357138
295 19.0026 13.4931 -0.860543
296 23.4112 26.0184 -3.97341
297 37.9836 30.0174 1.84927
298 25.1289 36.2433 -3.9819
299 21.2343 26.3259 1.73578
300 25.732 4.62666 1.86258
301 26.0578 21.0984 1.76061
302 19.8536 33.4211 -0.0587064
303 7.49035 25.9534 2.62643
304 9.16457 27.866 -0.606997
305 6.8546 24.4553 -2.95131
306 29.352 10.8475 2.5238
307 9.36551 12.916 -4.14363
308 1.67621 21.6003 0.983309
309 14.2538 33.3285 1.23645
310 17.9909 20.691 1.88143
311 19.7933 5.66959 -4.83078
312 36.4903 0.233516 -0.851187
313 23.9626 36.3649 2.92571
314 19.6447 4.97652 2.15044
315 39.3901 34.0969 -2.66614
316 39.519 34.7544 -0.756128
317 21.4334 27.7205 3.72091
318 25.3613 27.0868 -4.0121
319 3.00108 0.456551 -0.466244
320 4.64348 24.6777 -4.56928
321 27.7792 3.9856 0.38756
322 4.17471 32.5331 2.60156
323 14.7429 34.9468 -0.573529
324 27.296 14.6142 -0.817121
325 10.9529 32.4387 1.85611
326 5.77001 14.6796 -1.39803
327 19.4354 37.9685 1.33858
328 15.8315 28.6624 -4.18215
329 5.92251 21.4207 4.10347
330 1.06702 12.0871 2.91518
331 20.2612 34.6594 0.724151
332 34.4986 14.3959 -1.52112
333 27.3773 17.9842 -2.68716
334 15.3326 2.69687 0.183734
335 4.6659 39.9821 -1.03101
336 17.1586 36.1551 2.97809
337 10.6342 20.4918 1.94784
338 10.6973 27.9719 2.21911
339 39.1838 31.7812 -0.855062
340 8.56868 24.1698 1.28409
341 33.9601 28.6216 -2.83812
342 10.8903 19.1793 2.47185
343 11.4564 17.414 2.02066
344 13.3249 0.237781 0.14357
345 30.858 26.3749 0.774437
346 19.2053 8.68538 -2.91851
347 3.24926 38.3799 0.832059
348 7.88618 22.2696 0.218272
349 18.87 20.9169 -4.23652
350 6.57879 19.8909 0.623647
351 6.8093 19.4044 -1.30168
352 29.2325 27.8794 -1.13731
353 26.0908 6.8166 0.811361
354 1.08504 39.7692 -2.19059
355 16.5575 24.4793 0.362377
356 30.3142 39.8301 0.365965
357 10.5693 23.4299 -4.23329
358 13.9147 14.6408 0.396915
359 36.9046 26.029 3.45099
360 28.9104 23.5677 -1.139
361 30.2552 31.4347 -2.76805
362 0.898466 25.0643 -0.674609
363 1.40625 10.683 0.189327
364 6.15874 14.9591 1.84823
365 11.6095 37.2631 -3.88678
366 16.3848 10.1177 3.66988
367 12.7604 38.4799 -2.53026
368 24.6019 5.70973 -1.5553
369 13.1629 39.5868 -0.146064
370 20.6388 30.1198 -1.48289
371 25.1503 16.6011 -3.58372
372 21.3311 28.9028 0.831549
373 16.9525 14.4469 0.315122
374 14.0658 16.5472 2.65832
375 12.5769 11.3639 3.66055
376 37.4417 31.2454 0.246175
377 5.24775 6.9658 -0.826822
378 13.811 5.35455 -2.1492
379 35.4623 26.7662 -2.68757
380 33.5344 26.9946 -0.557322
381 13.2175 35.2046 0.765531
382 3.54406 15.7057 2.17141
383 25.5357 35.7601 -4.59955
384 32.1883 12.1084 -0.443171
385 18.9723 19.8306 1.31111
386 26.4674 7.60931 3.12872
387 36.1793 39.613 -3.03499
388 34.7322 24.4671 -3.16406
389 4.42714 2.92569 1.01882
390 32.6763 21.8361 -0.768956
391 13.4723 11.3394 1.50017
392 20.8449 24.6985 0.464581
393 21.6141 7.64676 1.92732
394 25.8274 36.155 -0.484766
395 34.2177 16.0086 -3.58612
396 0.0924304 3.60166 -1.30205
397 6.40687 4.79574 1.53167
398 35.8136 32.0074 -2.68217
399 36.0902 22.3755 -0.676795
400 5.03883 38.3593 0.620895
401 26.6639 34.0089 1.10223
402 38.1278 12.5402 2.53088
403 1.42445 25.7975 -0.523554
404 21.3119 27.4573 3.14404
405 3.38 21.3148 -3.16862
406 23.429 2.54965 3.31472
407 36.4242 8.48009 1.18526
408 1.06913 12.519 3.77046
409 18.0976 3.04256 3.89011
410 18.7473 24.3025 -0.187168
411 13.6568 26.5585 1.05458
412 1.62321 0.100426 -3.07457
413 12.1316 14.1495 3.79647
414 6.79307 13.2671 0.746276
415 9.80117 27.851 0.519554
416 18.332 36.8421 -0.561782
417 0.437545 0.533775 -2.5407
418 26.1191 22.3069 0.459612
419 23.1978 3.78626 2.39079
420 22.6432 3.37896 2.12455
421 6.33825 16.9636 -3.74763
422 12.6479 12.1198 2.0236
423 29.1849 5.87131 -1.4579
424 23.3065 23.0615 4.12128
425 18.9198 5.0839 1.30123
426 7.07307 21.1244 0.823616
427 17.3329 20.5762 0.814442
428 3.7234 5.84181 0.0229113
429 1.00537 9.95958 2.60282
430 18.7182 18.7962 3.9638
431 6.65929 9.1584 2.41022
432 21.2238 31.7566 1.01812
433 28.302 21.9604 0.628542
434 10.925 23.525 2.7048
435 30.5689 34.3432 -0.835346
436 1.93445 30.9796 3.36467
437 11.6702 33.524 2.4218
438 4.33628 24.5321 1.48219
439 33.8565 16.8715 4.03207
440 22.9596 10.7736 -1.81974
441 15.1754 0.155282 0.881361
442 6.21414 22.4994 3.59866
443 26.2344 16.1894 -4.072
444 14.0222 16.2254 4.56512
445 13.4796 20.0034 -0.576658
446 15.4743 12.5978 -4.06551
447 4.46062 6.82458 -3.1572
448 29.0655 30.3443 -0.214235
449 16.4344 21.5579 1.37282
450 0.832232 19.5275 -4.25497
451 36.6196 9.57127 3.14593
452 13.6611 12.7836 0.166142
453 8.71971 25.222 1.07865
454 35.2262 9.93646 -0.988107
455 33.8201 6.54566 3.24837
456 7.59867 8.43019 1.47481
457 23.2224 17.1941 0.661668
458 32.4162 18.4374 -1.19807
459 12.5241 3.06233 -0.988555
460 9.84058 0.713614 -0.614386
461 8.0021 39.2318 -0.0068292
462 26.1817 17.4167 -1.21397
463 5.18847 32.2604 0.686439
464 29.0453 23.8449 0.793263
465 29.4998 14.3627 1.65217
466 32.1426 18.9919 -4.14767
467 11.5046 35.1715 -1.1177
468 24.7648 29.3053 -0.482618
469 15.3489 35.0853 0.00382711
470 10.6693 16.1998 0.725575
471 38.1437 20.8063 0.437756
472 11.9584 6.77162 1.75577
473 10.6327 0.302024 0.149912
474 8.81052 37.9987 -2.57236
475 33.2701 6.92435 2.34947
476 10.6834 29.3662 -2.16517
477 12.3921 36.0286 2.45628
478 22.0169 21.0037 1.11947
479 36.0143 27.6188 -3.31261
480 32.3897 18.2322 1.23861
481 25.9602 36.1562 3.65746
482 6.16692 29.8972 -3.10848
483 10.0303 31.8418 2.42425
484 15.3471 31.5657 -0.24513
485 7.92751 38.4864 -1.60867
486 16.8724 26.7946 -1.16393
487 32.6391 30.1167 -1.34048
488 36.2804 11.1604 -2.30309
489 21.2074 2.70851 0.852462
490 9.79061 39.5148 -0.427031
491 16.1292 11.0557 2.72625
492 22.1959 3.88982 1.04928
493 5.56037 25.1314 2.40553
494 11.0005 15.3001 -1.19334
495 34.1687 15.1761 -1.7091
496 28.611 22.7206 0.912409
497 2.66077 29.4505 1.55424
498 17.064 16.6592 4.63294
499 10.726 19.5483 1.93817
500 8.17319 12.7804 -1.54659
501 28.6943 9.26687 -2.79447
502 0.920328 5.00517 0.0903895
503 17.7945 27.2561 3.85232
504 37.1384 37.003 2.26545
505 7.69534 7.32277 1.89589
506 28.7897 29.5481 -3.52789
507 20.0753 11.4217 -3.26287
508 0.367909 28.7329 0.74896
509 19.5306 3.5338 3.64866
510 37.5317 3.85029 0.510228
511 25.2267 35.4997 -0.969181
512 33.4622 27.7909 -1.31937
513 9.99417 29.7783 -0.555604
514 8.86496 30.6149 -1.76605
515 15.9806 15.7445 -0.0129712
516 20.849 3.84191 0.747594
517 14.5929 13.9456 -0.616602
518 9.47479 10.7831 -0.405165
519 18.5166 23.8122 1.4906
520 0.735432 6.995 0.114133
521 35.9024 25.3217 2.88331
522 24.187 17.2919 -0.439457
523 11.5196 17.33 2.38627
524 10.4785 25.4229 0.249218
525 5.2357 14.457 0.933002
526 6.66637 26.3119 0.00208254
527 15.9876 4.8719 0.425482
528 21.3985 4.72996 2.58966
529 35.8104 5.19657 2.66548
530 34.3065 11.5934 -2.97223
531 27.1021 9.81165 3.97851
532 18.9296 39.0241 -1.95568
533 17.9631 27.7416 2.88065
534 11.5716 22.4512 -1.98981
535 0.126688 1.14193 1.84024
536 31.9992 16.5832 -0.41232
537 37.2165 23.939 2.50438
538 2.65707 4.06241 1.90533
539 2.8813 5.09611 -0.74317
540 28.9211 21.217 1.64373
541 26.6886 21.3988 4.45823
542 34.5832 28.7188 -0.605653
543 9.19395 16.2141 -3.3599
544 39.2361 1.28485 -1.64036
545 17.0981 26.675 2.97631
546 3.31883 35.2168 2.14953
547 8.57038 13.2006 -1.2767
548 34.7283 31.2189 -3.84053
549 36.8322 25.5904 -3.17922
550 4.0473 27.4721 -2.38518
551 27.1298 17.343 -0.916246
552 1.57578 0.361811 -0.0435508
553 12.4671 31.3585 -2.79602
554 19.4967 11.398 -2.53538
555 0.231753 14.569 -1.61109
556 32.5256 23.1417 3.42738
557 8.41707 23.4664 3.41933
558 0.48212 6.39911 1.29223
559 26.9697 28.151 -2.29684
560 29.4372 26.7078 1.32344
561 1.0119 23.0587 0.405183
562 7.48973 26.3125 1.20959
563 8.00689 14.2041 0.134116
564 16.2103 22.2771 -1.06627
565 0.033406 21.6987 0.807674
566 19.2543 31.9952 -0.172617
567 34.3717 12.6695 -3.13791
568 0.647355 6.66693 -0.488862
569 36.9172 23.2082 3.68174
570 1.07011 30.5222 -0.84925
571 15.3772 12.6069 -3.882
572 34.2923 27.6187 -3.67603
573 22.8818 35.8953 -4.45102
574 8.77684 23.0824 3.45587
575 22.6576 15.7779 0.441435
576 1.77573 37.3184 0.400318
577 19.3864 30.058 -4.03641
578 12.6621 38.8921 -0.292365
579 10.9885 8.83163 -1.46949
580 9.75327 29.7397 -0.449947
581 9.07748 29.3996 -2.8061
582 28.9998 20.8618 0.010907
583 21.989 36.8369 1.2292
584 38.8827 6.50403 -1.30962
585 39.4467 21.136 -0.602679
586 20.7358 21.866 -2.79682
587 30.352 31.954 -3.44243
588 22.6818 33.2491 3.2851
589 26.4155 19.2108 1.78036
590 1.80398 5.69201 0.0714084
591 3.66483 24.9435 -1.94209
592 34.8999 26.7578 -2.04959
593 12.7615 21.8806 -1.85745
594 3.24677 3.33195 2.71897
595 27.0472 17.4369 -1.54016
596 39.4885 34.0831 0.031411
597 27.8087 13.4737 -0.974178
598 36.1216 10.8691 -4.10853
599 10.3489 31.9991 0.600141
600 6.10178 38.0067 0.705237
601 20.7733 38.2936 -0.603089
602 7.55161 20.6797 1.83399
603 17.1377 14.8093 2.30304
604 30.2371 25.123 1.50434
605 9.3548 34.6121 -3.58093
606 4.74024 28.2901 4.52852
607 38.3079 7.31336 -1.09898
608 7.65658 7.58853 2.77761
609 22.5914 2.3175 3.43391
610 31.7276 19.4105 2.35115
611 1.93525 25.3766 0.39918
612 24.9919 6.88159 0.980666
613 23.7828 12.0096 0.10879
614 0.988523 4.44318 -0.969899
615 34.1821 13.789 -0.765974
616 34.848 14.1034 -1.86967
617 22.979 28.6952 2.19695
618 1.7733 39.1173 1.39624
619 25.1168 35.1492 -0.619097
620 0.046513 37.4695 0.252112
621 26.5553 16.2563 -4.22448
622 20.7466 3.73847 1.3123
623 16.2147 4.52728 2.47377
624 29.7084 7.28463 -1.12528
625 22.6347 8.59741 -1.53843
626 8.51794 39.2853 -1.60786
627 6.53065 35.6142 1.86764
628 17.7099 3.80954 2.66532
629 24.9527 38.2599 0.271984
630 35.2092 30.9257 -2.40977
631 27.0738 38.8418 -2.98123
632 33.7339 31.9666 1.49593
633 39.2454 26.1851 0.898721
634 1.13849 6.45666 -1.63509
635 25.7736 27.3404 -3.40373
636 22.3471 4.09015 2.11211
637 4.75697 25.2358 -0.0970583
638 31.4255 26.0899 -1.75292
639 37.6696 9.72041 0.812228
640 7.02356 21.407 1.21088
641 24.6874 3.88858 0.589248
642 17.7082 35.3011 2.62214
643 28.935 26.9082 1.61626
644 13.5572 5.3568 -0.864942
645 5.29795 12.4496 -2.45048
646 7.48828 7.87208 1.83112
647 12.1258 15.626 3.2021
648 31.7709 34.3249 -2.62401
649 16.2241 20.7467 1.77106
650 29.7521 13.6525 4.10807
651 23.4058 21.1441 1.06539
652 7.43245 37.3807 3.8896
653 13.5901 4.22116 2.90372
654 19.1525 14.1939 -0.107741
655 39.2289 34.3052 -1.88272
656 8.45022 11.6898 1.91654
657 22.5552 9.99918 1.1449
658 8.54577 30.6775 -4.15111
659 37.6867 36.9264 2.34503
660 27.3309 13.4923 -1.5212
661 0.289844 20.0793 -3.69061
662 37.0272 36.8183 1.94211
663 11.862 21.9593 3.84394
664 29.249 12.5914 -1.34799
665 34.5111 38.2934 2.46509
666 26.5552 38.3554 2.6694
667 37.6085 33.6216 -0.195699
668 13.79 34.2343 1.29664
669 14.3902 30.2934 2.49128
670 37.1623 26.9334 2.49321
671 32.5496 2.19836 -0.146746
672 15.3733 31.2619 1.19441
673 39.5103 2.97573 -0.393516
674 6.56408 21.4042 0.761674
675 29.0103 16.1407 1.31508
676 30.7205 36.6607 -1.23092
677 31.729 20.8054 0.336994
678 27.6164 39.8013 -1.60902
679 20.0213 21.282 -3.38558
680 23.4288 29.9658 -1.84831
681 9.5084 39.1656 -0.00288148
682 32.1756 0.921544 -3.84108
683 24.3672 25.0084 -1.24526
684 9.62093 0.939319 1.11563
685 29.0978 27.5109 1.73915
686 38.5603 2.15534 0.627686
687 22.4374 11.4989 1.6884
688 27.8978 5.1616 1.51224
689 15.6831 4.12871 2.91427
690 19.5728 31.4389 0.849876
691 20.4349 31.8648 0.637769
692 27.8812 12.8506 0.0190812
693 4.93009 21.0435 1.73
694 29.3126 26.5471 2.69618
695 17.3176 28.6003 -0.376388
696 25.1044 27.1394 -4.22798
697 35.543 4.47425 2.79004
698 38.2512 15.9593 1.78024
699 29.3043 26.3981 0.788601
700 3.48148 2.59475 -1.54853
701 20.5542 39.5675 2.88223
702 38.6611 4.40113 -0.187815
703 39.8225 11.7868 1.88469
704 26.1423 35.589 1.79507
705 7.68889 33.3637 -3.61208
706 37.6476 36.7514 0.224184
707 13.3208 9.54603 1.17469
708 31.0451 15.2599 0.277677
709 26.2734 10.4957 -1.94153
710 17.3714 30.0903 -0.523326
711 34.9596 26.6099 0.593152
712 27.5282 14.2004 0.0910275
713 27.813 17.8926 -1.60161
714 26.6595 30.457 -2.6891
715 39.3128 1.56225 -1.2424
716 21.1878 30.5141 -0.400505
717 15.9586 27.055 -2.16703
718 8.08428 29.3725 0.549721
719 8.99741 33.6353 2.68483
720 8.27213 28.7274 3.49507
721 29.3246 37.9723 2.86249
722 39.3505 38.7453 3.55659
723 19.0408 39.9111 0.724627
724 17.1448 39.0452 -0.481159
725 24.5629 36.8438 1.18598
726 6.3382 28.7631 2.00782
727 7.33555 27.9056 0.525578
728 38.2198 5.03504 -1.79133
729 22.0614 2.37423 1.61535
730 22.3274 8.74516 0.173128
731 30.8952 19.2016 -2.9068
732 26.7842 31.159 -0.773634
733 34.2691 30.8094 -3.64697
734 29.3507 11.0539 2.11548
735 16.3362 22.0488 -0.635523
736 19.6432 32.492 2.40856
737 38.3346 37.2994 -0.0352685
738 21.4025 8.18277 -1.24609
739 13.6421 27.3772 0.540118
740 39.862 24.6084 -3.41184
741 10.7412 36.771 2.5654
742 20.013 12.633 -1.69767
743 22.3776 23.2284 -1.07137
744 34.4764 16.9764 2.27086
745 13.0164 35.4224 0.287585
746 13.2222 11.0156 2.06117
747 15.1039 25.3993 -1.80738
748 17.8836 28.2055 0.24813
749 4.80018 7.50845 -1.34835
750 3.68782 34.8033 1.56738
751 8.10605 3.63953 3.33802
752 0.720498 16.6766 -0.972786
753 12.3414 20.3319 0.85662
754 25.1893 25.3145 -1.12889
755 22.6006 5.92693 -2.61823
756 1.75686 3.65508 2.03103
757 15.5871 20.4637 2.40296
758 37.8905 20.7828 -0.356568
759 7.85275 29.8482 3.01828
760 34.7154 35.3223 -1.90193
761 13.1725 21.8667 -4.01523
762 21.8381 26.2462 0.455436
763 10.0452 39.8633 -0.901212
764 27.1593 5.13115 3.69526
765 32.2716 22.6315 2.46784
766 6.32038 16.1457 2.33474
767 34.9703 12.1217 -2.0873
768 8.16091 14.9944 -4.1671
769 18.4446 30.5915 -1.11129
770 8.74078 25.5707 3.01462
771 4.31395 22.3328 4.00677
772 13.9318 34.2918 2.10233
773 35.3201 27.3833 -0.859441
774 39.0637 38.5313 2.69721
775 19.5392 10.6548 -2.03304
776 7.36784 18.0408 -1.92464
777 4.30463 23.2321 3.70786
778 35.4123 23.0545 -1.5915
779 18.0227 38.0712 -3.19643
780 6.5647 3.19037 1.33492
781 39.0296 2.8936 -0.614204
782 11.1086 12.9007 2.93672
783 12.7354 8.20335 0.183775
784 31.0881 1.0981 1.3276
785 20.206 12.4069 -4.2936
786 6.75009 22.3727 2.69545
787 32.183 2.1384 -0.863345
788 1.80515 38.6207 0.982127
789 36.7989 9.0522 4.48885
790 10.2524 29.9417 -2.10976
791 14.8813 25.2423 0.585492
792 7.3392 29.0004 2.05035
793 21.8069 37.3788 2.25782
794 21.4663 29.0237 3.11329
795 6.65904 8.83464 1.5773
796 18.8672 27.2966 0.538037
797 39.4952 31.7414 -3.6755
798 24.3511 9.85477 -1.01959
799 22.2576 8.3604 -0.988145
800 34.7071 7.45 -1.17399
801 19.3337 12.2278 0.24895
802 32.8689 19.045 3.30784
803 13.4036 0.378981 -2.68776
804 0.631692 22.1634 0.915377
805 38.868 22.9423 -4.0592
806 14.4313 28.9838 2.63849
807 23.13 10.9596 -1.4381
808 23.0497 25.1231 -3.41628
809 28.6819 11.9308 -1.40917
810 17.0362 39.0853 -1.73007
811 6.34101 23.0145 0.99995
812 9.84235 0.371718 -0.668866
813 4.0303 10.2471 2.92443
814 27.6408 35.9487 -0.688498
815 34.9435 17.8184 1.68377
816 20.039 39.3144 3.18233
817 16.4911 35.9346 3.99218
818 6.30857 13.5918 -1.19913
819 21.4319 4.16693 3.00693
820 1.36978 2.28871 3.03871
821 14.1769 13.1512 3.53406
822 8.09009 2.29405 2.9086
823 25.9865 0.562945 1.95037
824 33.9457 16.391 2.52655
825 2.91512 33.7757 3.47343
826 6.12516 15.3191 1.57291
827 1.75533 12.3563 1.67157
828 20.9658 19.3143 -0.0365901
829 16.8333 35.7108 2.53477
830 7.32031 22.7247 0.764718
831 12.1021 36.2687 2.60124
832 35.6348 35.4809 -0.515157
833 11.5309 14.5592 2.27303
834 20.6152 11.2524 1.40132
835 1.56294 30.9055 2.46122
836 19.5101 31.6702 1.18663
837 29.9452 35.0708 2.37362
838 21.5434 4.73432 1.78578
839 6.37119 22.9387 1.24853
840 21.1359 14.5459 0.880868
841 31.8674 28.4301 -1.75236
842 18.5756 29.6274 2.88439
843 10.5175 2.82087 -0.086123
844 7.73187 24.1601 0.155583
845 4.2267 32.7368 0.082904
846 10.6368 31.9483 2.07755
847 38.8315 25.8736 -1.64043
848 24.3176 25.7789 -0.517799
849 18.2877 18.8099 2.95744
850 34.8645 31.6547 -3.15255
851 1.41442 37.9696 3.40862
852 27.1855 27.3514 -3.37966
853 24.8593 23.7074 -4.27884
854 0.767886 33.1848 -3.93218
855 12.2691 39.8614 -2.25359
856 14.906 35.0774 1.60275
857 11.0508 18.8858 0.97141
858 5.12301 24.3114 0.642494
859 15.125 37.858 2.8492
860 37.6938 16.9749 2.65611
861 1.56954 18.2956 -3.62504
862 5.90895 35.1623 4.39435
863 8.99124 13.2597 -3.67044
864 23.4833 8.79515 2.58731
865 30.6121 34.4703 1.97095
866 26.6668 1.25265 1.54553
867 27.2002 33.3941 -0.761965
868 32.6123 25.5656 -0.269552
869 38.3985 16.4386 0.858135
870 39.0969 3.15031 -1.31344
871 21.773 25.169 1.0055
872 27.5499 21.9517 -0.271247
873 13.6434 20.5818 -1.98943
874 38.464 14.9907 2.41839
875 34.9321 11.7258 -1.14574
876 6.28408 15.3061 -1.08705
877 36.9072 8.82686 3.10926
878 5.33399 35.0792 -1.79082
879 2.88148 31.8211 1.81149
880 37.987 23.7561 4.64204
881 6.65388 26.8833 -0.664076
882 25.8731 7.13442 1.06548
883 33.0494 25.5596 0.665
884 9.37429 17.7688 0.627577
885 8.66128 12.3348 -2.05676
886 19.9186 21.4744 -1.82844
887 39.8852 27.3927 -1.2889
888 35.8166 25.5751 2.14078
889 6.59126 11.0218 2.64215
890 16.5286 17.7567 3.78945
891 17.8202 20.9901 0.391132
892 18.0259 2.00749 4.16512
893 31.4433 29.0177 -0.408801
894 34.9656 31.5348 -2.69816
895 35.3492 12.6071 -1.40399
896 18.0758 39.0704 -2.31594
897 36.8654 9.61729 2.6307
898 19.5506 19.1893 0.989388
899 11.2806 23.7399 1.85312
900 14.6789 8.05056 3.00264
901 2.56272 35.9948 1.20916
902 38.5448 31.5768 -2.2558
903 7.74263 34.7263 1.95123
904 19.7561 37.9229 -0.035961
905 27.0155 34.2224 -0.891113
906 22.5854 19.9003 4.25757
907 11.2918 31.1104 -1.32275
908 36.0061 33.9696 1.92263
909 16.1104 2.68104 0.990536
910 35.5019 21.0498 0.395619
911 31.5587 26.5917 -1.97943
912 26.8496 20.7513 -2.33435
913 0.289527 28.9243 2.05652
914 2.62454 21.9232 0.837577
915 35.7782 35.0279 0.0841411
916 23.995 19.8692 0.272897
917 10.2052 23.8544 4.47421
918 0.864221 6.70366 -2.20196
919 25.3792 20.782 3.36327
920 3.57602 23.2921 3.99543
921 25.3968 20.2514 4.08249
922 26.4905 16.1554 -2.06473
923 8.70168 25.407 1.82608
924 32.4668 33.364 2.06252
925 20.9234 2.69585 2.93745
926 29.8931 38.853 3.13152
927 5.89634 31.6022 1.06872
928 38.9115 2.46047 -1.13282
929 38.6248 30.9286 -2.61273
930 8.23679 9.69472 -1.83931
931 16.7812 18.3278 1.27708
932 8.50745 24.195 2.42567
933 15.1322 6.74347 1.36842
934 29.0378 24.4303 1.92718
935 9.56837 6.86108 -3.39347
936 12.0658 20.6164 1.51811
937 14.4605 2.22057 0.744187
938 22.3619 25.4713 -1.19838
939 18.2079 13.8011 0.863399
940 16.7475 25.3299 0.289047
941 26.4546 17.6296 -0.611238
942 7.16612 8.84575 -0.136726
943 10.4321 6.49103 -0.529866
944 3.93802 33.6797 3.33878
945 3.41516 7.39814 -3.68269
946 19.6872 27.041 0.845773
947 18.1738 5.86563 3.49032
948 19.6982 6.75175 0.809655
949 5.67338 14.4587 -0.0356605
950 37.7196 34.3438 2.18354
951 10.5896 8.34787 1.28569
952 16.8785 24.1317 0.21618
953 33.7018 21.9509 -2.6469
954 7.39853 1.05145 -1.79481
955 39.4273 3.42767 -2.11544
956 29.1352 13.2033 4.06339
957 31.9293 20.6473 -0.739231
958 5.73112 37.2422 0.957765
959 26.2435 1.37496 1.79117
960 3.13159 38.0764 2.14659
961 4.62546 26.7478 0.0496731
962 12.5294 28.9005 -2.10262
963 14.1832 0.581425 0.546155
964 2.15743 6.2798 1.85775
965 37.088 24.2475 4.50916
966 13.5071 16.082 2.3465
967 17.7253 37.7927 -1.90129
968 29.3849 23.4471 1.27502
969 14.6538 3.67265 0.670571
970 23.6893 35.1834 4.41616
971 31.1854 14.2323 -1.48457
972 13.0187 13.8755 -2.18574
973 10.5523 23.2232 -4.05815
974 25.8201 20.8649 2.29579
975 11.0367 18.7973 1.16179
976 6.50297 8.17463 2.08599
977 10.6026 36.7898 0.223809
978 13.0668 31.4084 -0.0211058
979 5.01835 0.781764 -1.23167
980 37.5192 11.9728 -0.991898
981 4.55823 22.4301 1.86162
982 39.5351 7.86267 0.388724
983 31.7024 16.1445 1.16891
984 11.8758 32.8594 2.49353
985 5.91732 22.3098 2.72514
986 21.2377 15.9916 -2.6244
987 11.1499 13.746 4.27628
988 4.81718 26.2607 0.785601
989 23.5371 30.2501 -0.406081
990 20.9526 15.3871 -2.69663
991 11.4546 26.5038 -1.39193
992 5.08194 16.6402 1.06849
993 16.3234 17.7972 3.41607
994 20.4896 25.2203 -1.55632
995 14.3916 14.7701 0.552761
996 31.6394 19.1078 2.67111
997 37.0558 18.5206 2.85023
998 37.2239 37.2589 0.471886
999 31.8609 17.5091 -3.27536
