1000
Particles
0 36.1266 5.06899 0.849891
1 33.5677 21.4778 0.166709
2 18.6898 36.1396 -1.94099
3 6.81603 35.6768 -0.966018
4 11.1089 15.7893 -0.821975
5 25.3663 36.7403 1.88286
6 33.8445 1.7423 -0.887691
7 37.0164 14.8017 0.0300146
8 5.45368 33.2933 -2.14575
9 30.2325 24.084 1.94994
10 32.1362 27.7426 -2.2491
11 36.0735 34.2375 1.78401
12 39.3162 26.209 0.544238
13 3.8961 8.69351 -0.881027
14 28.6634 18.6537 -1.58244
15 25.8354 30.6658 0.0641412
16 27.6562 36.101 1.49766
17 32.8033 15.5147 -2.13473
18 0.229966 16.8033 -1.38456
19 14.9621 18.6936 -2.37803
20 9.85268 14.6222 1.74354
21 38.3316 4.45471 1.22838
22 39.4772 27.6993 -1.27718
23 36.6493 16.0854 -2.72583
24 29.8205 13.6941 -2.72333
25 36.2829 32.1822 0.0713887
26 17.9915 30.3607 0.66968
27 15.2683 15.456 -0.441012
28 2.77811 2.57904 -2.92146
29 32.4953 3.36476 2.10419
30 6.23605 26.2363 -0.716999
31 10.1969 16.7272 -2.02281
32 12.7964 14.4918 1.86856
33 4.00436 36.3084 -1.23762
34 16.8909 11.8307 0.751695
35 17.7212 2.89331 -2.78303
36 12.6462 7.65039 -4.07966
37 2.77643 22.3705 1.13119
38 17.9283 37.8097 1.38385
39 35.2715 17.3987 4.17454
40 32.5553 37.6931 0.787764
41 15.0879 11.4414 2.31004
42 30.1699 23.3325 -0.0790842
43 25.1284 29.7359 -0.565447
44 20.4093 21.2377 3.40121
45 4.26841 25.0661 -1.58769
46 3.37077 5.41525 -1.9722
47 35.8807 6.80805 0.289386
48 0.511601 31.4721 0.383086
49 9.83517 31.3345 0.911824
50 35.4128 35.8353 -0.659879
51 16.455 7.59932 2.26763
52 33.828 37.3461 3.53343
53 16.6351 9.75035 1.69803
54 31.3344 28.5503 -0.681809
55 38.6321 16.5253 0.516553
56 30.1295 11.4949 0.944678
57 37.8701 35.4508 0.572469
58 38.4133 11.327 -1.70274
59 7.20946 35.0292 1.62887
60 2.10385 21.2623 2.47266
61 18.5328 24.5861 1.46675
62 33.1042 3.84678 -0.690953
63 8.15629 18.9818 -3.02688
64 39.1172 23.6679 -0.593847
65 15.1261 0.976046 1.10577
66 6.08731 20.2553 3.69988
67 32.2054 15.1898 1.49222
68 7.92726 0.565041 -3.48373
69 19.2484 7.46138 -1.56484
70 7.25339 35.173 1.32189
71 3.13169 10.3135 1.47408
72 7.87404 18.7039 -1.1484
73 20.562 21.7411 1.80242
74 11.2177 0.0850751 0.571562
75 1.79127 2.47775 -0.2382
76 17.9629 6.01638 -2.28657
77 17.7942 18.9463 -2.0975
78 27.8408 24.2787 0.106548
79 26.2287 34.3872 -3.94359
80 31.3727 5.36302 2.80824
81 9.23799 21.8277 -0.105082
82 10.0735 7.84017 1.62055
83 16.6233 18.1259 0.65645
84 27.3649 16.478 -0.555804
85 39.8034 8.49942 2.04962
86 19.8919 3.64309 1.02822
87 23.1636 1.61906 3.21723
88 5.43147 1.89472 1.21698
89 11.5185 29.151 0.884989
90 33.5838 32.2142 0.565721
91 20.0464 16.288 -2.75411
92 20.1193 15.6228 -1.58423
93 17.8181 10.2582 2.37078
94 9.6136 9.40684 0.678027
95 17.6926 2.66783 -2.59861
96 19.0311 31.7282 -1.32693
97 25.2099 31.4064 0.161346
98 1.07937 29.8657 2.21986
99 11.9664 33.4921 -1.13601
100 26.0272 1.26112 0.0847423
101 15.5618 20.8134 -2.03442
102 26.1067 33.9878 -3.79092
103 12.2946 6.79829 -3.20439
104 32.9471 8.05562 1.29307
105 20.752 30.9876 -0.901489
106 38.3208 8.29352 -1.02279
107 16.7864 27.5443 -0.130405
108 21.1007 11.7804 1.24432
109 36.6047 30.4325 4.165
110 8.71591 31.9104 -0.289396
111 12.5742 32.5615 1.57576
112 33.5793 37.855 1.80056
113 36.2985 16.0397 -3.7648
114 10.0419 28.2798 -0.211154
115 36.435 20.0115 -3.76878
116 27.4596 26.7975 0.797072
117 24.7095 29.0058 0.302817
118 18.7886 35.7963 -2.78179
119 36.6725 18.7203 0.492372
120 0.823446 34.536 -1.48476
121 19.8833 15.3243 -0.781071
122 28.8446 9.81913 1.30697
123 3.84052 18.8133 -4.04183
124 14.6403 6.60694 1.99373
125 21.9889 37.8044 1.48579
126 18.8536 18.5328 0.387792
127 39.1726 39.9884 0.0361988
128 32.5024 12.0706 -1.65235
129 6.4321 8.04449 1.4402
130 28.8767 8.42725 0.256872
131 34.7016 26.7504 -0.901558
132 13.2294 32.8892 1.30919
133 27.257 31.8386 -1.40425
134 12.3393 33.8506 -0.899472
135 23.3397 4.74534 -0.522065
136 28.8513 7.06608 -0.350028
137 34.003 35.8887 -0.765041
138 9.3397 13.1512 0.841043
139 9.01044 4.58255 -1.87907
140 17.8047 33.9284 -2.30192
141 0.0869272 37.9929 -1.60329
142 27.4216 1.90759 2.07397
143 22.0513 27.4361 -0.557819
144 0.742826 26.3788 2.13882
145 28.6667 27.6378 -1.51447
146 0.267662 4.86517 1.95106
147 37.2802 37.3734 -3.37954
148 38.3209 3.77517 -0.424266
149 18.6418 25.0511 -0.37504
150 6.18236 12.5834 -2.0767
151 37.7823 2.05145 -3.21254
152 18.3066 15.0716 -0.202008
153 23.1396 6.11624 0.77434
154 26.4553 27.8159 -2.23899
155 26.5843 32.9611 0.552739
156 38.4379 29.3784 0.139182
157 28.3072 19.1399 -0.529004
158 20.4761 36.1798 1.91041
159 17.516 28.5473 -2.76301
160 7.28804 21.4296 2.84069
161 7.70952 14.3255 -2.10951
162 27.2988 35.9975 3.58267
163 10.1247 4.58028 -1.6683
164 14.1072 2.68276 0.403429
165 22.1957 3.07507 2.64054
166 35.8421 1.492 1.67795
167 14.6903 5.49993 -0.495497
168 34.7464 23.2581 1.16345
169 1.24397 31.4737 -0.932294
170 0.18888 37.7829 0.516263
171 11.5808 34.537 -0.161327
172 38.2724 22.103 2.15369
173 14.5768 25.8213 -1.02445
174 10.5365 34.4359 1.23689
175 2.99842 16.7037 -0.120949
176 24.7431 27.4647 3.71375
177 18.4603 7.55594 -3.9761
178 22.1025 17.054 3.37997
179 25.0742 3.62895 3.27194
180 11.4579 15.1911 -2.64357
181 36.8274 28.825 1.44797
182 19.9538 9.8835 -0.432389
183 2.01177 17.9973 -1.24051
184 25.5052 35.4802 2.16559
185 9.23155 9.21858 -1.93995
186 36.621 9.43734 0.717843
187 7.4429 36.8113 1.17426
188 22.7999 17.9964 -1.1602
189 5.82543 22.5592 -2.89471
190 26.6187 21.7002 -0.640537
191 14.7454 33.6017 -1.37966
192 33.6238 11.3122 -2.45657
193 28.2322 22.0244 -0.0220481
194 6.28324 31.4355 1.3234
195 22.1355 17.8953 -1.37546
196 26.3239 36.5112 1.18916
197 15.8534 4.14165 -3.50372
198 34.3828 10.3264 4.49322
199 19.9795 3.6707 -0.984834
200 1.4602 4.47004 -0.914541
201 35.8185 15.8625 0.55926
202 17.9145 16.9819 1.41781
203 22.6582 10.8344 0.890032
204 32.5121 37.878 2.21318
205 5.54774 28.53 3.06142
206 3.70299 1.59934 -0.794615
207 0.445892 33.0082 -3.16602
208 31.3439 30.2479 0.221536
209 16.7054 27.7314 -2.97535
210 8.52875 22.4809 -0.417492
211 35.4644 26.3704 -1.01143
212 0.44036 31.7221 0.432951
213 2.79157 6.85262 1.39219
214 0.563968 17.4703 -2.72969
215 1.31421 13.9859 2.9802
216 31.0207 26.446 2.26541
217 13.0964 5.14065 1.37813
218 23.3851 19.1755 0.590863
219 18.5146 11.3094 -2.84456
220 17.6979 7.10558 -3.41487
221 30.2296 13.9599 -1.59374
222 34.4201 21.2246 4.36621
223 18.3779 1.39997 -0.542891
224 18.4014 35.1315 -2.02844
225 28.7679 13.1572 -0.167243
226 6.33959 22.0106 -1.57632
227 6.27318 34.0685 1.20256
228 26.9952 10.8248 0.0789465
229 35.4417 17.2302 1.94819
230 28.5128 8.22652 -0.591194
231 17.0486 19.8207 -2.94125
232 25.6945 15.6956 0.255107
233 38.7818 9.68578 -0.969347
234 7.20524 34.1834 -0.56896
235 2.91619 9.83834 -0.704932
236 6.62257 35.1317 2.03223
237 12.5368 22.8174 4.46806
238 17.9211 17.1898 -0.548603
239 37.481 15.4154 -1.84715
240 23.1001 26.5374 2.52184
241 12.7871 25.9009 0.409125
242 1.28832 5.43051 0.0254154
243 25.1292 4.42026 -4.28872
244 4.08652 14.7283 3.28233
245 19.9763 6.03436 -2.54776
246 25.7918 13.6321 3.1038
247 35.29 6.72407 -0.63616
248 6.08588 21.2788 3.84572
249 18.3485 33.8684 -0.295966
250 6.85403 1.26777 -0.777564
251 32.7386 0.319749 0.79911
252 27.4361 13.9141 -1.44006
253 18.5126 11.6627 -2.76909
254 39.6784 24.415 0.0274699
255 32.2926 22.7772 -0.959976
256 2.57292 6.98087 -1.0377
257 30.0195 11.7098 1.52386
258 27.6428 36.4307 3.0537
259 31.6829 11.6232 1.38912
260 5.85928 4.29307 -3.44995
261 39.118 14.7774 -2.52152
262 31.0763 25.998 2.52512
263 9.40557 4.24491 -2.52595
264 5.14816 34.9402 0.688097
265 2.81667 10.6787 2.68523
266 1.50927 5.50722 -2.09882
267 7.85491 24.9324 -4.11554
268 0.681655 24.4051 0.100616
269 19.7076 36.3098 -0.946516
270 39.2953 9.71501 1.15588
271 23.0893 10.4118 -3.47635
272 19.2989 10.4001 0.656192
273 35.3093 34.9637 1.88191
274 10.6407 5.63283 -1.78971
275 2.48556 16.8635 -0.0336605
276 33.8433 29.9638 2.04344
277 7.57001 27.7062 2.20198
278 7.32096 37.6714 -0.671634
279 2.44548 17.4081 -1.46186
280 38.4741 32.1618 -0.094779
281 29.573 18.5328 -1.90471
282 16.4796 15.9879 -3.23469
283 27.0033 37.7481 1.71144
284 35.8521 27.3507 3.73881
285 1.63576 36.3306 1.4148
286 28.1665 5.77841 -0.683819
287 8.77547 11.614 -1.01531
288 7.12206 35.1659 -1.66613
289 16.1646 36.943 -0.499594
290 32.829 24.6952 1.96425
291 16.7767 21.1837 1.32049
292 39.7132 28.5404 3.25954
293 8.17489 4.40341 3.4554
294 19.5699 29.3985 2.15585
295 13.6002 15.5302 0.884584
296 0.105725 30.2101 -2.03038
297 4.06967 24.9201 2.80139
298 24.1388 19.9638 -3.80273
299 18.2209 34.3195 -1.10387
300 29.4355 7.41883 -0.280147
301 32.8978 22.4881 -0.419161
302 12.8991 36.9967 1.52757
303 9.18737 35.0165 0.466554
304 18.8023 24.8194 -0.634827
305 5.50291 20.4182 2.20537
306 26.0339 7.96357 -3.83304
307 8.54051 21.9626 1.45134
308 7.12136 15.5353 -1.38478
309 10.7299 1.85245 0.292959
310 17.8425 20.7058 2.58712
311 25.3313 4.57158 -1.9442
312 33.1762 4.41036 -1.65416
313 37.6184 1.39796 -0.980193
314 21.8561 37.6719 -0.778985
315 4.56438 28.579 0.301422
316 31.3764 39.2771 -2.28828
317 34.4031 36.4645 -0.767441
318 31.838 27.0998 -2.91713
319 5.45041 38.1529 0.691901
320 5.78146 20.779 1.83669
321 32.5096 6.34551 2.45546
322 9.8762 34.0797 1.34973
323 15.407 34.0463 -2.0379
324 29.5759 22.1987 4.36814
325 2.97996 21.1899 3.25688
326 31.2283 35.1493 -1.15154
327 12.4004 3.79353 -2.29825
328 12.9832 30.8383 -1.2432
329 36.6539 12.1845 -0.553312
330 4.19354 4.61865 -3.30932
331 19.8678 31.7834 -0.430278
332 27.8763 13.2248 -0.750684
333 31.2817 15.006 1.79624
334 7.94954 15.2224 -0.89662
335 6.57089 36.2946 0.955183
336 21.8284 4.43674 -0.9805
337 5.0768 16.6951 -0.867001
338 9.48221 23.5974 2.6315
339 37.019 36.4168 1.94515
340 10.8992 19.9321 2.49679
341 33.3741 31.8908 -2.62509
342 13.0381 18.0785 -0.389961
343 10.4049 15.8404 -0.803263
344 8.28571 34.9489 -1.53346
345 36.579 28.7793 1.44136
346 13.8669 10.0353 -0.961411
347 6.15316 29.8636 2.16966
348 16.1012 18.0915 0.812171
349 16.8644 20.2009 -1.38698
350 7.7061 9.9065 -3.93634
351 10.9363 25.871 -0.55151
352 27.7275 21.0214 -3.94289
353 23.115 0.155597 -1.27888
354 35.6178 1.53094 2.03874
355 22.1146 28.4653 -1.63499
356 33.5517 34.3818 -1.09797
357 16.9304 33.8517 -0.261571
358 19.0169 15.643 -1.68678
359 37.7786 32.9447 0.594545
360 33.3675 28.8994 2.65729
361 32.7161 34.2888 -2.77965
362 39.8253 30.8845 -2.3564
363 27.2395 4.95841 -0.827734
364 5.68731 38.92 -1.87175
365 4.10654 4.73604 -0.897902
366 15.4472 3.30847 -2.40769
367 19.8846 28.6657 3.71452
368 21.4696 4.16886 -1.39523
369 12.4412 27.1908 0.328735
370 28.0633 27.298 -0.749928
371 27.749 24.6304 -0.129051
372 27.3071 29.7011 0.351359
373 11.5367 13.484 1.57102
374 16.9183 19.5189 -1.98904
375 18.7139 6.64455 -3.50356
376 3.08708 32.0301 3.15662
377 5.45808 13.6444 -1.72292
378 17.0896 8.60986 0.00481358
379 26.5792 6.85732 -2.3631
380 2.17201 27.6775 2.03001
381 6.41738 31.4574 1.68039
382 31.5396 25.7239 0.975501
383 14.8824 35.8186 -0.928145
384 14.9891 37.5209 0.824033
385 24.0544 16.0793 1.94929
386 18.1806 11.6526 -1.4245
387 10.5138 6.9187 0.0973365
388 29.2512 23.7202 1.29096
389 12.6935 35.5222 -2.72266
390 28.2419 24.5957 0.427211
391 15.4798 16.748 0.685881
392 22.4149 23.7889 1.52089
393 32.2108 18.8929 0.196363
394 0.662578 4.78606 -1.52517
395 33.8651 15.3535 4.66874
396 4.37158 3.45078 1.51478
397 6.14386 35.2803 -0.207801
398 1.06841 27.8756 2.48024
399 38.5747 13.9385 -2.93443
400 1.96224 39.0449 -2.4655
401 24.7024 2.71723 -0.426096
402 32.487 10.0876 0.916171
403 1.7885 22.4071 0.895922
404 0.511264 31.4051 -0.936064
405 1.47589 20.9804 0.914809
406 24.4087 6.15179 -0.546289
407 34.4918 1.05435 -1.54428
408 10.6129 11.8596 -0.57369
409 12.8343 5.77626 0.912425
410 30.6367 16.5253 -0.510505
411 17.3975 28.3827 0.189733
412 36.3759 6.42285 3.57187
413 12.9225 14.0531 -0.55384
414 7.25864 14.2762 -0.369884
415 17.3145 29.1696 -2.59327
416 27.3134 37.1054 -0.035543
417 8.22126 37.9625 0.206074
418 29.4488 24.5164 1.28781
419 25.5906 16.9796 -3.05306
420 15.6829 31.7547 1.51766
421 38.3503 18.3062 -0.358242
422 15.4804 10.7021 2.37919
423 24.7998 8.93848 -0.926719
424 23.6106 27.7046 -1.02651
425 21.0695 2.71966 3.2695
426 2.27813 21.4436 3.50798
427 19.7783 21.7375 -2.46919
428 37.126 8.27607 -1.21575
429 38.3158 11.346 -3.34283
430 22.8384 14.0564 0.404468
431 4.7318 9.5164 0.33322
432 18.0033 34.7812 -0.671553
433 29.5831 21.7442 -3.93597
434 3.82178 26.6212 1.36199
435 21.9919 39.6089 0.122325
436 3.87795 24.0617 -1.01559
437 16.9572 29.3393 0.0821888
438 15.2286 19.6336 -0.082913
439 34.1762 22.9957 -2.45058
440 22.1028 2.26643 0.986612
441 1.0372 3.61836 0.841788
442 12.1937 30.9777 0.800666
443 20.452 15.7491 -2.75966
444 9.66883 8.35053 -1.39783
445 2.67016 24.759 1.65926
446 15.7241 12.3224 -0.204245
447 3.78386 5.9243 -1.7713
448 33.2584 30.9957 2.72288
449 8.90715 22.3119 -1.10576
450 14.2227 17.8849 -1.30141
451 37.4624 5.51309 0.962054
452 20.8552 20.6834 3.92972
453 8.35135 33.9632 -1.19966
454 1.5986 8.26916 1.11209
455 35.2798 1.93925 -1.87437
456 19.5934 15.0435 -2.10698
457 25.8243 16.5719 -3.3216
458 34.9526 13.9413 1.99901
459 7.30212 9.2547 -1.19673
460 9.27336 37.4779 0.342916
461 4.92809 29.4242 1.92895
462 22.0707 9.37693 -1.58004
463 4.2353 30.6291 1.02534
464 31.7568 16.1228 -2.47794
465 34.2004 16.8887 -0.890359
466 38.4748 26.5458 -1.1762
467 33.4746 36.1285 1.24281
468 25.8344 31.018 -0.922953
469 13.7634 24.0799 -2.97276
470 17.0638 17.7146 2.02841
471 1.84884 13.8952 0.607377
472 5.17659 12.0696 0.647212
473 17.579 8.21386 0.855376
474 3.20604 29.152 3.66848
475 32.9403 8.49265 3.94158
476 24.5274 32.6825 -3.51036
477 8.64915 35.0151 1.46353
478 33.8533 17.3242 -0.539458
479 3.89841 30.3946 2.98199
480 32.7391 16.238 -1.72934
481 19.2401 32.5765 -2.77012
482 2.36087 30.8765 -0.957923
483 5.22363 31.4247 1.82071
484 15.3476 27.4769 2.12154
485 6.82846 37.8712 -1.469
486 17.9281 24.7271 2.32072
487 32.2672 25.5115 -2.28251
488 38.0538 3.17338 0.15396
489 19.3217 3.9236 2.2372
490 9.63668 15.648 1.2705
491 15.9715 11.5117 2.07468
492 20.4779 7.38982 2.5476
493 39.7598 26.9008 0.0245805
494 5.93664 12.4618 -1.50932
495 31.3148 12.1077 2.1784
496 32.9771 22.1108 -0.151692
497 5.00858 28.9433 0.371967
498 25.7831 15.3166 1.2072
499 4.78128 11.9384 2.34556
500 8.14883 10.1496 -1.92758
501 33.6554 19.1648 -4.081
502 8.63121 0.779664 -1.65725
503 10.4083 17.071 -4.00559
504 37.7473 29.3107 -2.2828
505 38.0797 8.44452 1.4216
506 30.6784 25.1134 1.17568
507 27.5488 10.9889 4.03218
508 35.3512 35.4783 -1.51886
509 33.6751 37.7033 3.69293
510 36.5723 0.492731 0.934366
511 27.2487 2.7554 2.91992
512 35.612 30.8862 -0.428322
513 21.8368 34.1134 -0.728319
514 12.3041 27.3098 1.54319
515 22.3003 16.4568 3.28086
516 28.9347 39.8052 -2.52216
517 13.5616 7.48247 -4.27781
518 31.7812 15.1063 1.90933
519 15.2651 12.7974 -1.22979
520 35.9457 0.74904 2.5486
521 29.3239 34.2549 1.66622
522 15.2406 20.8011 -1.93064
523 9.32667 14.9687 0.276949
524 0.606934 27.1161 2.4252
525 7.37505 15.1696 -1.9
526 4.37162 19.7414 3.10602
527 19.2504 14.3004 2.93079
528 19.8123 5.07972 -0.194626
529 31.9198 37.8136 -0.16352
530 5.05925 7.33658 -0.0170124
531 29.1121 11.2424 4.00251
532 13.9824 33.304 -0.925701
533 19.6005 25.5295 -0.247632
534 19.72 21.3982 -1.62375
535 7.63645 2.90925 -4.49338
536 34.9591 15.3424 0.9016
537 37.8487 15.888 -3.02902
538 37.5644 35.9172 3.09424
539 0.465994 5.27564 -1.27423
540 32.8269 16.9817 -1.68125
541 29.4239 15.6394 4.9532
542 39.7401 29.2674 4.10612
543 10.5727 14.2131 -2.30811
544 5.34711 35.4721 1.51342
545 13.7809 25.012 -1.99839
546 37.0952 33.5779 0.222157
547 3.75729 15.2647 3.87103
548 36.3182 3.51314 -1.60464
549 5.40765 26.0677 -2.97067
550 2.14587 29.926 2.21291
551 18.1701 22.0977 1.62804
552 34.8225 13.8252 2.46165
553 18.8394 28.5755 -0.681141
554 18.5709 14.4752 1.35142
555 27.7194 14.2253 -0.990404
556 29.2397 21.639 -2.3802
557 2.01716 25.2081 1.61678
558 27.1693 5.91463 -2.59608
559 24.4239 30.6287 -4.05786
560 32.4567 12.5422 -2.92655
561 12.9908 29.9472 -2.0594
562 3.60933 26.4587 1.6013
563 1.85013 18.3193 -0.504025
564 16.879 19.5405 -1.54158
565 0.493097 13.7883 3.32734
566 17.2263 0.19468 1.76901
567 21.3292 13.0648 0.0989628
568 37.2622 12.2545 -3.60061
569 8.09463 18.9009 -1.65621
570 4.90678 19.9661 0.9612
571 32.1072 13.0954 0.155315
572 2.42963 36.912 2.36836
573 14.6815 0.409656 0.386215
574 8.66544 22.6953 3.28242
575 31.7142 15.4376 4.63853
576 5.87945 2.64558 1.69259
577 24.6474 29.5548 1.09885
578 1.93458 37.3794 2.11657
579 4.55928 4.47426 -3.17639
580 10.4586 4.05838 -1.6907
581 2.67669 29.9729 1.36604
582 22.0964 27.2601 -3.18897
583 23.1723 37.7222 -0.508838
584 36.0403 14.4738 -1.00009
585 6.96224 10.1717 -0.966999
586 28.9072 17.1588 0.0933127
587 29.2646 35.5703 0.136595
588 19.0395 36.6459 -1.97657
589 14.7386 28.3014 1.11448
590 8.23672 5.22641 2.11989
591 2.39978 30.5433 2.01658
592 31.4775 34.2572 -0.72361
593 19.4039 33.1669 -3.89928
594 12.0209 4.63977 -1.01456
595 16.8946 22.5359 -1.18062
596 1.05685 35.3107 -2.53111
597 22.5276 11.9336 1.52588
598 31.2691 10.4266 3.7615
599 15.098 0.754305 1.47935
600 1.90568 37.978 0.706783
601 20.6821 36.4188 1.93256
602 1.03853 15.8597 2.3674
603 16.8252 12.1578 1.65445
604 36.202 15.7073 0.484825
605 9.26607 36.9723 -2.40992
606 3.58529 28.5311 3.95034
607 6.2936 11.2947 -0.056281
608 4.40272 36.1852 -0.749996
609 19.7605 36.2268 0.0589987
610 36.1841 29.413 1.08613
611 37.1273 19.4577 0.977553
612 24.3575 7.29139 -3.95653
613 30.785 12.1106 2.04747
614 4.45049 10.7695 -0.883419
615 26.9902 11.1714 1.44925
616 26.2284 18.7 -1.92183
617 23.2054 27.6862 -0.52532
618 27.132 38.0637 3.23043
619 21.2166 0.24537 -0.976127
620 34.2625 37.557 2.79834
621 37.292 18.8586 -4.17755
622 8.56377 30.2082 -1.01257
623 20.9615 6.21076 -1.3454
624 35.9104 35.823 -1.7629
625 21.4889 5.06887 -0.898143
626 8.83072 30.0094 1.80634
627 9.93518 30.072 0.0144575
628 24.0738 9.47495 -0.304265
629 25.623 0.993383 1.02149
630 34.245 29.773 2.64396
631 32.3267 38.5093 -1.26571
632 33.671 30.1136 1.18184
633 30.9435 26.7059 0.975537
634 0.35489 37.8726 1.87263
635 24.6383 28.892 1.51389
636 28.3506 9.31725 4.07892
637 37.5641 22.021 4.33355
638 38.1915 26.6775 -0.797736
639 31.4619 12.5207 1.71548
640 9.8619 11.4144 -1.95658
641 20.3721 36.1611 2.50213
642 11.0418 0.139806 0.792785
643 25.0399 30.7868 0.380395
644 19.1681 0.530518 -3.83134
645 8.22349 6.27928 -1.99681
646 12.3022 9.20259 0.0888384
647 10.8117 17.3924 -2.85644
648 25.2266 38.7253 -0.167166
649 13.2538 33.1946 2.2461
650 28.7052 10.5476 3.8495
651 32.633 21.0859 -0.855008
652 0.470311 1.75937 1.53298
653 10.3626 39.9782 -2.88785
654 20.962 14.4522 -2.27655
655 31.898 37.2259 -0.187316
656 14.571 12.9437 -1.40743
657 30.2582 6.96053 -0.197303
658 38.8999 27.1348 0.478576
659 23.5296 1.27867 1.95941
660 27.8422 14.559 1.62074
661 36.7619 23.5508 -0.644705
662 23.8773 30.3631 1.86465
663 12.4619 6.46818 -0.652743
664 32.1601 15.6717 -3.19552
665 35.4273 1.7652 2.92744
666 2.28615 9.56538 -1.21317
667 1.8483 34.8006 -1.85536
668 38.5615 34.6422 0.710801
669 9.60434 28.5103 -1.03173
670 0.0179136 29.3205 4.92401
671 12.1285 1.36211 4.30371
672 8.03465 23.6063 -2.66812
673 38.836 4.59879 -0.896959
674 16.5393 25.8702 -3.30676
675 28.457 18.5734 -0.819274
676 30.559 35.9184 -3.99583
677 30.9272 9.02968 2.56169
678 26.2569 38.5161 4.20597
679 22.9806 15.6274 -0.360787
680 6.31753 22.084 -1.57466
681 12.617 36.6408 -3.24531
682 27.9538 1.23531 -0.673069
683 34.8981 17.1917 3.59951
684 5.26586 33.6565 -0.271618
685 19.0962 24.5834 2.28701
686 7.04157 37.9795 0.420249
687 23.2854 11.9198 0.208584
688 1.33298 5.23633 4.1465
689 10.2404 34.2973 0.974092
690 12.8402 29.5916 -1.64159
691 13.3115 32.4567 1.30562
692 29.9394 17.6372 0.884941
693 37.6046 24.9655 -0.201723
694 31.0001 32.6412 2.39028
695 14.511 35.6353 -1.4792
696 37.3146 28.2727 1.67903
697 18.017 12.8648 -3.46282
698 35.8963 15.132 1.04332
699 23.874 23.1617 -2.26315
700 5.59335 38.1889 0.0521509
701 27.7432 11.556 1.62682
702 7.57998 38.3398 -0.64978
703 26.4164 20.8088 -1.66133
704 31.2704 25.3666 1.90144
705 3.05024 38.7535 -0.0343593
706 37.608 0.595284 -0.89007
707 17.9309 8.52204 2.00955
708 18.7592 18.4248 -2.14361
709 21.0242 0.930116 1.41422
710 15.4477 26.7238 1.53962
711 34.7915 35.3236 -0.407892
712 28.4502 13.0323 -0.205015
713 38.9092 6.02715 1.71148
714 16.7648 23.4252 0.626005
715 35.6095 2.80888 -1.53247
716 24.2854 37.719 -1.85919
717 15.4123 21.8585 -1.74654
718 10.1117 29.1885 -1.3217
719 19.1885 31.7924 -2.91346
720 23.8752 34.0974 -0.215785
721 32.8909 39.4353 3.50109
722 1.98472 3.44851 0.486473
723 12.5635 39.5818 -0.174392
724 4.82357 6.83117 -1.25885
725 24.428 13.1143 1.03392
726 5.42348 28.953 0.167868
727 1.12455 30.9061 -0.180451
728 37.2297 5.42689 0.0248017
729 19.9318 4.8308 -0.313319
730 28.782 18.9314 -1.77893
731 31.2193 15.5571 2.45502
732 18.1239 27.8233 -0.367553
733 0.521017 29.2429 2.54556
734 29.9536 13.7524 -3.0376
735 16.5239 19.4862 -1.49529
736 25.171 25.072 -3.45059
737 36.3185 31.0095 -0.968112
738 15.1569 7.13786 -3.17424
739 16.1404 29.7478 -0.968524
740 29.2632 21.0656 -1.24177
741 2.63815 34.1942 -1.3818
742 19.7989 15.6757 -1.09528
743 15.2995 21.3626 -2.15024
744 29.7146 30.2595 -0.739601
745 12.2355 26.8579 0.580206
746 16.5212 20.7398 -3.21281
747 17.1614 26.1116 -2.54623
748 18.44 29.3704 -0.271274
749 4.75389 2.07256 1.01874
750 8.72192 36.2741 1.11709
751 11.0315 36.4827 -0.283262
752 36.7783 13.0356 -1.7062
753 4.92999 26.5426 -1.78212
754 32.4748 14.7466 3.39675
755 25.2733 11.0158 -0.581638
756 27.2134 13.8659 1.09361
757 18.1062 16.6651 -0.613726
758 34.8941 32.1027 2.26132
759 10.3302 29.2468 1.10579
760 32.7159 31.381 1.69963
761 18.4547 14.2999 0.571069
762 21.9297 32.49 -2.45437
763 19.261 9.54083 1.87401
764 26.6457 9.49535 4.43756
765 21.6361 17.5787 2.59404
766 9.35877 14.7631 0.515082
767 0.300364 13.337 2.20445
768 6.85263 7.21591 -0.947279
769 26.3658 31.3311 0.927039
770 7.82013 24.6179 -3.08998
771 0.970718 20.7083 2.71991
772 15.4486 28.5092 -2.97707
773 26.9251 33.2122 -0.287913
774 3.66522 38.8856 -4.39711
775 18.6619 14.3712 0.385367
776 5.6493 25.998 -1.82792
777 0.0258926 14.4304 -1.78894
778 27.0964 21.1386 -3.34521
779 27.3016 37.5105 0.325679
780 37.789 7.51965 -0.788571
781 30.5961 33.5346 -3.32127
782 13.9518 2.72997 -1.36109
783 16.4344 13.2415 -1.53118
784 28.29 38.5827 1.4377
785 25.0984 26.3938 -0.866003
786 4.88283 27.4383 -0.684794
787 29.8201 5.03158 -3.45199
788 2.13306 28.7398 1.26617
789 0.415745 12.3938 -4.1686
790 7.36055 34.4925 -1.44891
791 18.105 13.8717 -0.710234
792 2.15476 29.998 3.69143
793 15.2824 2.18423 1.10465
794 18.3781 17.7103 1.0936
795 10.8792 12.9999 0.649343
796 12.2326 22.9225 1.32854
797 2.801 32.1848 0.205183
798 26.9215 8.26964 -2.60551
799 21.3451 36.2854 2.42448
800 27.6131 12.3992 3.07572
801 25.1717 14.9493 -0.739924
802 38.5614 15.3803 -2.7962
803 12.4736 31.9874 1.2264
804 4.31424 12.7652 3.41673
805 33.8101 25.0551 -2.22231
806 13.8193 22.2246 1.27025
807 35.8838 7.06504 -0.160109
808 28.2538 26.1841 2.54912
809 14.1146 17.7026 -2.89688
810 17.9592 35.8096 -2.4474
811 7.3474 28.1373 1.44898
812 11.091 37.1831 -1.29121
813 37.2966 4.55807 -0.617319
814 28.1011 29.9732 1.93613
815 28.5793 20.5641 -3.5316
816 5.45038 31.1626 1.5886
817 19.6575 31.3284 -3.59178
818 11.1388 7.31291 -0.0324211
819 26.5116 38.6043 1.95652
820 0.655377 39.7974 -2.48886
821 14.5725 11.181 -1.60725
822 5.81832 9.67994 -2.83768
823 0.268068 5.32526 1.80021
824 32.4174 12.4005 -1.89868
825 33.4887 27.3233 -1.00532
826 10.5709 14.9497 -1.4171
827 33.9867 14.1305 1.52936
828 25.176 7.65614 -3.55788
829 11.3367 37.6941 -0.0249547
830 13.0345 25.3814 2.03765
831 9.09098 38.4643 1.00677
832 37.6042 26.3799 1.1042
833 14.5643 27.1391 1.32
834 22.2431 0.588314 0.80578
835 1.3222 37.3715 -0.285612
836 12.3259 39.2655 0.275031
837 39.5697 31.3727 -1.04927
838 30.5736 5.57644 -0.99359
839 33.9082 25.0261 -1.84908
840 27.3482 18.4457 -1.49152
841 28.595 37.6962 -0.118784
842 24.043 33.2149 -3.83191
843 17.6833 5.32891 -1.14616
844 10.794 9.03894 -0.0290655
845 5.67212 33.2195 -1.18757
846 13.613 37.6913 0.596927
847 0.941751 27.0894 1.65929
848 24.205 11.521 2.7857
849 10.0665 22.6144 -0.77463
850 38.6458 2.72294 -3.19031
851 36.6035 0.426354 1.34641
852 29.9631 29.4882 -0.629014
853 33.1575 28.7492 2.78707
854 1.62038 36.6856 3.86998
855 10.0876 0.875366 -2.25527
856 22.1474 32.2762 -2.64868
857 8.51229 19.3832 -3.79806
858 0.787255 23.3738 -2.61085
859 18.397 1.97324 -0.302886
860 23.7261 22.3892 -0.395697
861 39.5589 20.9239 -2.94381
862 1.14555 35.293 -1.99572
863 14.0148 24.4055 -3.11504
864 25.547 13.0905 1.11181
865 26.2374 24.2199 0.751029
866 28.3878 38.6609 0.639253
867 12.0838 3.9641 1.23988
868 36.8774 24.9063 0.0157614
869 35.0586 14.5386 -0.694564
870 4.49382 2.38965 -0.891867
871 14.6756 22.1981 0.120964
872 29.3492 25.739 -2.2014
873 16.8778 17.5583 0.558317
874 36.1917 3.53372 -0.192489
875 7.63164 9.37212 -2.22396
876 0.497984 4.91208 -1.02276
877 0.455389 37.3338 -0.165563
878 1.55297 1.37299 0.336216
879 6.53822 30.8975 1.27495
880 36.0546 20.2233 0.176195
881 12.4882 17.7952 -2.89415
882 21.308 1.59557 -0.269267
883 3.84565 23.4129 -1.24642
884 14.8823 18.1706 -2.94186
885 10.628 11.3473 -1.30571
886 16.4544 28.6277 -1.55382
887 37.1515 14.7559 0.0704615
888 39.5418 38.8349 0.351267
889 7.11981 10.4905 -2.60611
890 22.3927 13.2178 0.167797
891 30.5355 15.1047 3.48113
892 28.6862 7.91053 0.418018
893 35.6249 25.1653 -0.506652
894 33.6063 38.1684 0.821367
895 39.013 16.2767 0.489201
896 13.9453 39.9633 3.21023
897 3.916 9.31587 -1.39217
898 19.7291 13.7589 1.9363
899 9.59865 31.7033 0.961305
900 13.0814 8.08461 -0.493751
901 3.14328 36.8953 -4.85044
902 4.15003 31.3647 0.86852
903 2.1619 34.8257 -2.0682
904 14.8544 2.97427 -0.60069
905 22.7476 31.9306 -2.34661
906 24.6976 26.2274 -1.04396
907 24.9643 23.1158 -1.03754
908 30.0935 39.0956 -0.978064
909 22.9241 10.5602 0.708659
910 37.4157 15.6671 -3.45445
911 29.7982 25.0392 1.88908
912 24.2943 17.8945 2.1637
913 2.576 23.1938 1.79905
914 8.44355 24.1582 -3.79255
915 31.0321 33.5053 2.60369
916 24.0291 15.6512 1.12124
917 4.21198 31.7992 1.45022
918 37.8975 0.606989 -1.29771
919 27.3866 10.3106 1.19323
920 4.77194 25.8747 -1.47806
921 38.9947 19.4416 0.880056
922 17.7021 14.606 1.95539
923 5.86216 24.8019 0.603763
924 25.7867 36.8792 0.639878
925 21.6647 2.81486 2.99722
926 23.8327 37.88 -1.94411
927 9.69512 30.714 2.34084
928 31.3691 37.188 0.480487
929 0.261604 32.5672 0.798826
930 15.4174 11.0224 3.90864
931 19.5444 16.627 0.764538
932 10.256 28.8756 0.132645
933 15.7928 7.91237 2.04679
934 27.2075 31.2786 -3.60028
935 2.12484 1.98003 -0.137959
936 4.03524 24.6547 3.79517
937 9.60783 1.15038 -1.7236
938 23.678 23.0096 -1.32693
939 25.5805 8.33794 -2.48238
940 12.4786 23.6867 1.43191
941 26.0612 18.0764 -0.442834
942 2.65025 13.4006 4.051
943 7.84215 0.434216 -1.55161
944 36.3103 24.5776 2.87348
945 7.67105 37.8958 0.816192
946 18.6395 20.5657 4.19287
947 24.6896 4.93948 -3.38472
948 6.88622 31.0808 2.39656
949 8.25929 6.59005 -1.79724
950 35.3221 30.2914 1.00324
951 19.5291 10.1284 0.78117
952 16.0092 13.4683 -0.0378762
953 37.672 4.84535 1.61111
954 0.492988 37.1107 -0.0667732
955 0.168994 9.28465 -2.26691
956 35.6496 7.69492 -2.24421
957 33.6358 12.1162 -1.35008
958 6.34269 31.0095 3.10474
959 23.1678 28.3945 -3.04855
960 13.8575 1.48695 0.097799
961 2.7145 29.1504 0.583316
962 9.90511 38.7006 1.19376
963 14.3728 27.1282 -0.641172
964 7.08764 8.71222 -2.78196
965 0.0650907 34.6207 -0.90941
966 14.1467 18.1801 -1.58799
967 29.7487 35.5764 4.05259
968 35.0335 29.249 0.22526
969 10.0864 2.40737 -2.73842
970 26.3325 2.08562 -1.27663
971 2.13183 10.9769 3.38116
972 3.85712 26.9902 -1.05658
973 9.52468 16.4024 -0.366481
974 31.0714 15.3849 3.02399
975 9.34658 29.1315 0.987517
976 8.90278 0.821788 -3.51029
977 8.79943 38.1549 0.982594
978 17.7754 28.3266 -1.69469
979 4.05714 31.21 2.4931
980 2.34337 16.1704 -2.92742
981 39.7859 6.29972 -1.4744
982 39.1435 38.3916 -1.89195
983 23.0036 15.7316 0.706913
984 8.57646 38.0101 -0.0370352
985 3.42039 21.8067 0.814217
986 29.6675 19.7619 0.0130308
987 15.6233 6.08531 -2.73189
988 33.984 36.9294 2.64899
989 13.2257 26.18 0.755953
990 30.0081 24.3103 -0.720464
991 8.92898 23.598 -3.13747
992 36.8542 12.6736 -2.51952
993 7.24279 20.4668 2.13496
994 28.7168 26.1413 -1.38571
995 7.10079 20.347 0.58425
996 35.8117 19.3853 0.550613
997 36.2911 6.04813 -2.99935
998 34.2429 39.4993 -3.85331
999 27.5115 30.3111 1.75402
