1000
Particles
0 34.9146 5.61154 1.15154
1 35.3655 15.5826 0.1529
2 21.228 39.9056 -4.04943
3 7.13434 37.6851 1.00642
4 12.4769 17.8858 1.98206
5 24.2738 0.254816 3.62323
6 34.2742 3.79402 -3.31831
7 34.4926 15.4136 0.875647
8 2.80919 31.7336 -2.60128
9 33.7103 24.0093 1.12245
10 29.1935 31.602 -2.32191
11 39.6939 35.1558 -3.81563
12 39.3671 26.1419 -2.72486
13 0.627137 4.17453 -0.326204
14 30.6147 18.761 -1.19161
15 26.3461 32.0171 3.66259
16 28.265 39.7139 -0.392581
17 34.8571 10.6927 1.59008
18 36.9913 16.1358 3.00941
19 16.7136 18.6495 -1.58581
20 11.1997 15.345 3.47814
21 0.782529 38.7166 -2.06178
22 36.7838 25.0242 -1.07141
23 36.0291 15.8278 3.29676
24 26.7158 12.4246 0.449962
25 38.8485 33.3668 -0.0124439
26 22.4914 29.2337 2.0452
27 12.976 17.6081 2.33501
28 4.77479 1.22444 -2.34411
29 33.4056 5.56039 2.39122
30 8.25445 25.3646 -1.1964
31 9.40743 19.3865 -1.5141
32 15.6782 14.0696 -0.615661
33 1.97323 35.5796 1.34847
34 21.4441 15.2738 -1.22056
35 20.4465 4.49839 0.729581
36 13.1016 5.40728 -0.554936
37 39.7135 25.5886 -2.90737
38 19.1343 38.8215 2.47024
39 33.0867 15.1346 -2.94621
40 34.2381 36.1748 1.9519
41 17.2695 10.4506 -1.09615
42 31.5942 19.9839 0.46821
43 24.2605 31.5487 -2.41498
44 19.9688 17.8076 -1.21746
45 6.64949 25.3004 -1.35236
46 0.215272 4.15894 -2.57464
47 37.9882 8.06921 -0.138567
48 0.374399 29.6219 -1.28459
49 11.2852 32.101 4.21512
50 35.7598 36.6488 2.3617
51 14.5869 6.90924 1.06325
52 34.494 38.1783 -0.0221497
53 16.1524 10.5761 -0.345702
54 32.8561 26.7523 3.25429
55 38.1377 17.498 -1.90927
56 32.878 8.41897 -0.545838
57 37.4586 34.9453 -0.797013
58 1.87605 8.93936 0.415283
59 3.3122 31.8297 -4.08797
60 6.36297 24.7397 -0.476613
61 16.7727 26.9056 -2.81058
62 34.2803 0.545778 -0.591736
63 8.25265 20.7196 -0.641327
64 0.299452 22.6611 2.48258
65 15.9773 0.312679 -1.02556
66 8.20001 20.0484 -0.220813
67 25.9114 17.5464 -4.46992
68 8.42592 1.99811 4.34216
69 17.4006 6.95092 1.17364
70 2.78356 35.9858 1.7833
71 6.49473 10.288 -1.14855
72 7.35439 17.2102 0.881832
73 19.3119 20.4249 2.19913
74 12.487 37.369 2.43788
75 2.1131 38.9279 -0.0747701
76 18.2922 7.82082 -1.24219
77 20.783 19.8559 0.595847
78 35.8393 22.9117 -1.64292
79 28.5107 37.4966 1.90616
80 32.8102 6.07673 2.80928
81 10.992 21.6903 0.768211
82 12.4137 6.06955 -1.68504
83 15.9102 21.7356 0.935198
84 25.9981 14.0788 -4.83717
85 1.12511 9.66179 0.996151
86 22.1829 5.98605 0.474985
87 22.6394 1.38621 1.87568
88 4.6941 0.256305 -2.30636
89 9.55501 29.579 -0.392493
90 36.1246 33.6467 3.27057
91 20.2474 10.4934 0.403275
92 19.428 13.6965 0.0918151
93 14.943 11.0798 1.60154
94 7.36782 13.3667 -3.89922
95 17.5749 2.92396 1.09826
96 14.3534 32.5276 1.49049
97 25.1787 32.3138 4.07137
98 38.0173 30.2896 0.422971
99 11.0797 30.238 1.68952
100 25.8121 4.9326 1.34121
101 15.5254 21.6721 2.66568
102 24.6278 33.3558 3.88107
103 13.7399 1.97055 -0.815856
104 31.8598 5.56342 -1.97915
105 20.1342 29.1603 -1.97394
106 0.152277 10.2361 1.70046
107 18.392 23.0294 1.4599
108 20.3883 13.1615 1.35214
109 34.9469 31.1075 0.132247
110 6.57625 35.804 -0.240816
111 11.4776 29.6394 -0.736019
112 34.4407 36.2835 -0.13393
113 33.6762 16.7345 -3.58199
114 9.69025 27.155 0.569699
115 34.0425 21.0009 2.8781
116 26.3161 26.5265 -1.86726
117 23.9152 31.2098 2.64351
118 18.3119 36.403 0.689522
119 37.9737 20.2631 -1.42785
120 38.0376 33.5002 1.68711
121 21.8622 15.5924 -0.585793
122 31.4381 9.31015 1.79275
123 3.31201 18.9025 0.208468
124 14.0482 2.40216 -0.860598
125 19.5243 36.5401 -2.90777
126 21.5262 22.3813 3.62768
127 1.51418 0.158852 0.373741
128 31.1611 10.6194 0.732352
129 4.8511 8.24991 -2.96076
130 32.9854 7.41246 -0.819537
131 32.8046 26.8772 2.35804
132 13.592 37.2762 2.39959
133 25.3468 33.0121 -2.61121
134 11.2817 32.5105 -1.70769
135 21.1825 1.70945 -2.65981
136 28.8594 4.57846 0.721116
137 35.2971 36.3927 3.32839
138 6.52763 17.3109 2.05644
139 10.1615 3.37157 -3.19005
140 17.6454 33.6008 0.58827
141 36.1858 37.0043 0.535147
142 23.1845 1.05279 4.18215
143 17.1744 27.6406 3.17411
144 2.85507 26.2286 0.601158
145 26.0617 26.5446 0.387349
146 37.2819 3.98373 -4.34454
147 35.0009 36.0964 3.04546
148 39.3259 8.08836 1.15407
149 16.1316 26.7049 2.68564
150 9.87887 14.6734 -1.32372
151 0.870841 38.8609 0.500384
152 18.3928 14.9023 -2.59974
153 26.6378 7.11121 -0.405226
154 30.6338 31.0586 0.287435
155 28.7061 36.4013 0.524396
156 36.7627 25.2573 -1.25398
157 26.4611 15.7438 0.635428
158 21.5069 33.1033 0.625476
159 15.6118 28.6905 1.48792
160 8.01971 20.368 -1.30147
161 7.0329 18.3372 3.65494
162 25.504 36.5161 -1.12756
163 10.0474 5.057 -1.12221
164 10.3456 0.708687 0.302667
165 21.9169 2.59188 -0.0302596
166 35.3094 2.341 -0.254632
167 10.6901 1.47018 -0.761564
168 36.8694 21.1829 -4.12551
169 1.57124 30.2039 1.75323
170 38.7458 34.112 0.653262
171 13.0771 37.5063 0.221095
172 38.1522 19.6854 1.24271
173 14.219 23.4294 -0.147885
174 6.71401 36.9079 0.508497
175 2.85076 17.5479 0.393233
176 24.855 27.0652 3.58056
177 16.404 9.13889 -1.24501
178 19.8014 17.0164 -3.40587
179 24.6654 5.25102 2.26215
180 13.5596 15.5406 4.17947
181 35.3692 27.4516 -3.94196
182 17.34 9.60646 0.0625226
183 3.16961 18.882 0.406061
184 24.9874 35.8616 -0.0366643
185 9.71735 10.061 1.98428
186 36.256 9.81115 3.99177
187 3.04236 39.2978 1.42668
188 22.8743 17.4104 -2.5803
189 7.0048 22.4984 -3.45498
190 24.5712 21.9857 1.68156
191 11.2961 32.6998 -3.97989
192 32.0237 8.80234 1.03643
193 31.1021 20.9892 -1.21393
194 8.07742 32.8885 2.1648
195 23.6088 19.6119 0.544082
196 29.2399 36.4294 3.20393
197 13.1227 2.99499 -3.57763
198 33.6346 14.0598 -0.175845
199 16.2225 7.3081 1.10987
200 1.38689 0.306294 0.195796
201 30.9843 15.4116 -4.24394
202 20.6508 17.2369 -0.759443
203 23.3614 11.65 -3.08644
204 33.8177 36.2196 1.90867
205 5.21885 31.7404 0.742073
206 6.28926 3.16899 2.82519
207 1.02819 28.9034 3.70663
208 28.8346 27.7133 -3.59313
209 16.1528 29.4037 -2.74052
210 6.44486 21.8673 2.12439
211 36.0746 23.3462 -0.6231
212 1.38057 30.2637 4.0996
213 2.0706 5.0979 -0.431384
214 37.5828 14.4532 1.1902
215 37.3308 16.5754 3.53491
216 29.719 26.9061 -1.42837
217 9.95116 3.69972 -4.39167
218 23.2322 19.9479 -1.33142
219 17.1087 9.66448 1.97672
220 16.2637 3.77775 -1.39126
221 24.2789 11.4633 -2.80201
222 34.9312 21.2107 -3.36391
223 17.5157 1.08062 -1.18851
224 14.8438 33.5465 -2.16051
225 31.8717 9.69773 0.576172
226 8.50837 20.8708 0.423328
227 5.98495 38.4414 3.68037
228 23.5033 6.55622 3.6722
229 36.6424 18.6635 1.14273
230 27.9426 7.47763 3.40921
231 18.1927 18.9374 2.89623
232 26.1275 15.0806 1.74953
233 1.44879 9.6127 0.265218
234 5.20625 37.5923 -3.60191
235 3.95549 6.74059 -2.00671
236 6.58165 37.5775 0.134531
237 8.09422 27.1572 0.219979
238 19.3899 17.6094 -1.72373
239 35.8551 15.3316 -0.857136
240 22.5111 25.7777 -0.206421
241 14.5907 29.2715 2.37644
242 3.63838 4.65864 -2.20541
243 25.3685 0.750897 1.58826
244 38.7458 16.0074 0.736435
245 21.3495 6.36622 0.0504965
246 24.8789 13.7082 1.18562
247 37.5812 7.82161 -0.483059
248 6.48408 24.6428 -1.12782
249 19.4152 33.3704 0.424167
250 6.62318 2.01913 -2.76364
251 33.2499 3.71547 -2.37813
252 28.5451 10.9511 -0.884147
253 20.6712 11.5429 0.907945
254 37.8563 25.2222 1.7426
255 35.1381 22.3951 0.963377
256 38.0163 6.4199 3.18978
257 28.594 14.8335 2.42137
258 30.906 34.4506 -3.62438
259 32.8289 14.2556 -0.322982
260 5.20116 5.17832 1.98949
261 37.0061 19.0941 3.62707
262 28.2784 27.0543 2.30711
263 8.77692 5.57477 -0.537826
264 3.59174 34.7594 0.104726
265 2.5329 11.0603 0.220201
266 1.77004 5.88025 -2.74236
267 10.9742 26.6815 -0.570348
268 1.73836 27.0884 2.83286
269 17.5939 37.7059 3.88006
270 1.80437 10.5063 3.23882
271 26.98 9.80659 -0.433212
272 17.9175 9.08138 -4.5847
273 37.7863 35.8188 -0.911771
274 9.71531 5.58344 -1.70574
275 2.6337 17.3117 -0.727768
276 33.6887 28.1038 -1.13744
277 10.0454 26.7739 -1.00251
278 8.11707 1.86395 -2.60745
279 4.09038 16.8121 0.0172575
280 35.0457 25.7322 -3.6659
281 29.1912 16.5429 -0.756264
282 16.9204 18.4448 2.51694
283 24.9955 38.0211 2.42022
284 30.7866 26.566 -1.13183
285 37.235 34.735 1.77925
286 33.5202 6.19003 0.148478
287 6.53724 14.3267 -2.28995
288 7.58612 35.9804 2.25951
289 14.834 34.5871 -0.414652
290 33.9604 22.9168 0.882102
291 18.0716 20.3838 -0.971788
292 38.7435 28.1492 0.238241
293 8.28288 3.87686 3.27514
294 23.4264 30.8473 2.28735
295 14.3045 15.3994 3.38399
296 36.1913 24.529 -2.4015
297 5.81001 24.6359 -0.702401
298 26.4361 22.8077 0.548646
299 17.9779 35.6784 2.2335
300 27.4135 6.9913 -4.34836
301 35.5674 21.2304 -2.35018
302 11.883 33.2835 2.2756
303 4.51072 37.2367 2.44006
304 17.5938 27.7777 3.50388
305 4.13558 20.5575 1.31173
306 27.1933 9.06706 3.34163
307 9.19269 21.0207 1.6551
308 5.77854 17.1539 3.19533
309 8.33002 0.998673 -1.66158
310 19.1662 17.5987 -2.07417
311 25.2536 4.83011 2.79205
312 35.3605 1.01809 -1.84985
313 35.4564 36.9069 3.17818
314 21.2517 39.6864 -1.67278
315 1.35512 29.4874 2.56176
316 30.4608 38.1924 -0.433541
317 33.5625 35.4046 1.71197
318 26.1816 25.9131 0.794879
319 5.70412 35.9486 3.07139
320 1.23929 20.7043 2.28657
321 31.8994 5.14658 -3.37914
322 7.5028 35.6833 1.80379
323 18.0338 36.5868 0.862566
324 31.4284 17.7982 -4.74333
325 6.54715 24.5309 -1.3336
326 33.7219 36.2336 0.0255982
327 8.3239 0.638621 -3.10587
328 14.5307 29.7694 1.33617
329 38.7214 14.9827 1.27839
330 3.87275 3.55697 3.10988
331 17.5931 31.4962 3.75854
332 30.021 10.0736 1.08654
333 27.2216 15.665 2.77241
334 10.1988 19.0489 -2.21022
335 6.62558 39.3365 -1.56599
336 22.4174 2.26423 -0.0318458
337 5.94062 12.6831 0.162536
338 10.8852 28.1972 -0.60567
339 35.121 36.1873 1.77881
340 10.1613 20.2147 -1.2793
341 33.9599 34.6202 3.22775
342 12.6501 11.823 -2.28944
343 10.6298 18.6924 -2.88676
344 9.97617 35.1735 4.51311
345 34.052 25.0553 -2.61753
346 13.6355 9.44555 0.772919
347 4.26056 31.1159 -2.09682
348 13.3115 17.5381 1.52047
349 19.7064 17.8749 -2.36827
350 11.5417 12.7662 0.356447
351 11.7866 21.3596 -0.867797
352 28.5028 23.6479 2.34251
353 23.6074 0.723116 1.26644
354 37.6666 0.474429 0.582971
355 23.6805 25.7162 -0.841865
356 33.2068 33.5887 -0.699445
357 12.8738 32.362 2.22031
358 15.7742 20.7121 3.06048
359 36.7768 30.7192 -1.44511
360 27.9192 27.4577 -2.76793
361 33.5998 31.6998 2.0304
362 36.643 28.1043 0.0288261
363 32.8036 5.47285 -0.341074
364 4.61617 1.17544 0.643396
365 2.07283 3.63055 -0.329379
366 12.4723 39.8825 -0.0444988
367 19.5317 32.6292 1.17064
368 23.7259 4.54791 2.05658
369 18.1159 29.3468 3.34303
370 23.9427 27.1071 3.38477
371 24.5796 23.7173 1.82387
372 27.6851 32.7024 0.953083
373 9.11158 12.9483 1.21842
374 14.3049 20.9995 3.75927
375 16.3273 7.90211 0.172749
376 2.85773 31.273 -3.61494
377 2.84966 13.7427 2.02721
378 15.1834 4.48221 -3.67058
379 26.4911 4.6258 3.54602
380 4.89369 24.3506 -2.5674
381 10.8042 30.8261 -1.37783
382 34.8367 21.9886 0.409939
383 15.2926 34.4308 -2.80875
384 16.7027 39.308 2.0641
385 27.3879 15.763 1.72364
386 18.0578 9.36217 -3.21351
387 12.7592 5.68656 -1.778
388 28.3972 23.4851 0.646588
389 9.05985 36.0511 2.76437
390 26.7397 25.8572 -0.739505
391 16.7684 18.3004 2.49795
392 19.2451 22.6515 -0.90761
393 27.1585 16.5942 4.39978
394 37.5416 0.476687 -1.90468
395 33.4188 12.8224 3.20388
396 3.82711 3.17837 4.07279
397 5.33032 37.3672 -2.16642
398 0.583968 24.2139 -4.10819
399 38.0856 13.4466 2.7873
400 0.490488 0.908525 4.71275
401 23.359 39.9986 3.54466
402 37.2901 8.35552 -1.44716
403 2.58721 21.3586 -2.41831
404 36.9788 27.0807 -2.81413
405 0.61843 24.1764 -3.88887
406 28.8264 0.033771 1.25617
407 31.7364 39.4803 0.905554
408 7.34971 13.7849 -2.18206
409 11.3291 8.32992 0.765114
410 30.7879 18.2435 -2.62564
411 20.9545 29.054 -0.750993
412 0.217132 8.03306 0.504167
413 17.8471 12.2351 -0.969699
414 7.11015 18.2035 2.79786
415 17.8347 31.218 -1.60679
416 25.7558 39.489 -0.515737
417 6.3211 39.6369 1.09587
418 31.1133 24.9717 -0.0630984
419 25.1674 16.2949 0.971737
420 19.5738 33.102 -0.234074
421 39.4361 17.9205 0.298808
422 16.827 9.92631 1.58545
423 22.333 10.944 -2.60094
424 23.7505 24.9096 -0.982356
425 20.8985 1.87575 -0.308141
426 5.79876 19.9548 -1.33416
427 17.4573 18.6012 -3.23939
428 35.4576 7.04972 -2.17267
429 2.46461 10.0218 1.0234
430 24.3831 15.7719 0.370746
431 5.29385 9.10448 0.378303
432 14.0138 37.4516 0.0624542
433 31.8506 21.2639 -0.0318114
434 3.34965 27.153 -0.057173
435 22.3041 39.804 -0.869672
436 7.26473 22.0618 -2.3702
437 12.5944 32.5233 1.42785
438 12.6519 21.3026 0.446579
439 34.6591 22.7711 0.734985
440 24.3114 4.07249 4.27333
441 1.30255 39.5316 1.12638
442 12.937 31.0855 1.28326
443 19.2983 14.3035 -0.252811
444 9.0268 7.20322 -4.40459
445 5.02105 24.6998 -0.122777
446 18.6176 11.6278 -0.449951
447 2.90624 7.98107 -0.747846
448 33.8344 32.2478 4.87472
449 12.0324 21.4402 -0.806667
450 14.4016 13.7653 -0.116495
451 3.12724 8.029 -0.139442
452 21.4272 18.0112 -2.08282
453 4.36717 37.6303 -1.78729
454 1.20489 6.8805 -3.69451
455 32.4154 3.40498 -1.02487
456 17.07 8.06103 -3.32937
457 23.0572 21.7398 2.40971
458 32.3058 16.2353 -2.69623
459 8.37187 11.2142 -0.568637
460 14.7584 38.9316 -2.30576
461 6.58933 32.1641 0.682493
462 26.7213 10.6371 -2.0938
463 1.81124 34.1261 3.58651
464 29.081 16.4941 0.803917
465 30.7749 15.1389 -2.23091
466 37.8871 25.3935 -0.0829816
467 38.0258 35.6737 0.154553
468 25.1929 32.724 3.70355
469 13.6836 26.3165 1.0168
470 14.2949 18.0324 2.45708
471 0.483719 14.3943 -0.0227606
472 9.6318 15.2118 0.589375
473 17.5242 10.6111 0.138306
474 7.98517 31.7457 2.29437
475 32.788 6.99717 -0.337481
476 21.3418 30.4106 -2.41859
477 9.1775 32.2258 1.20684
478 29.3661 14.0907 3.63941
479 3.05459 31.1402 -1.05565
480 30.0553 15.7828 -1.05491
481 18.6571 35.7325 1.37123
482 1.69856 34.1163 2.87989
483 4.72552 30.4413 -4.13289
484 13.9356 27.1442 0.743487
485 4.65259 38.4601 3.76505
486 17.1655 26.3517 -0.205397
487 34.5281 25.0538 4.59655
488 39.6697 7.54703 0.99251
489 23.1165 4.83985 -0.800726
490 9.83827 12.3046 4.61752
491 17.1125 11.407 1.26508
492 24.9248 4.89302 0.903865
493 1.44755 24.7021 -1.51898
494 7.16739 17.2381 0.442592
495 29.4851 11.4485 0.807022
496 36.5965 20.9929 1.59243
497 4.80986 31.3514 -2.06261
498 24.031 11.3481 -2.43316
499 7.53375 13.1476 -2.17118
500 7.20372 13.1432 -1.70263
501 31.4028 17.1497 -1.03809
502 5.85436 1.26523 0.179844
503 12.5988 17.4025 -1.09001
504 35.0283 28.1985 -4.06707
505 2.04628 9.69394 3.8872
506 28.9281 26.2126 -1.78636
507 26.3342 7.81938 0.279081
508 36.7509 35.7955 1.81263
509 35.1713 36.8025 3.23828
510 35.2389 36.9516 1.63473
511 25.0083 0.432035 2.09081
512 38.0166 33.524 1.57109
513 19.899 30.8287 -1.3739
514 15.0976 27.7647 4.31583
515 23.4935 14.1963 2.61228
516 29.6489 37.9108 2.31638
517 10.8615 1.58434 -3.1654
518 24.0586 16.8559 -0.741706
519 19.1123 10.6373 -2.3724
520 32.8436 1.93967 2.56518
521 31.3714 34.6567 -0.723261
522 17.599 22.6208 2.66025
523 8.89838 18.9955 -1.27425
524 35.863 24.8595 -1.74553
525 8.62408 15.9483 -0.241923
526 6.98896 17.8038 0.730599
527 17.942 11.873 -1.38014
528 18.8553 7.42436 -0.529611
529 33.8128 37.1363 1.37408
530 5.12123 7.43485 -0.0455881
531 30.7369 10.7166 -0.635492
532 13.6799 36.8702 1.40841
533 19.1654 22.6359 -0.157698
534 19.8163 21.2437 1.34472
535 8.19125 5.51198 -1.01349
536 33.186 12.5561 1.1585
537 36.2215 17.5877 1.16938
538 36.2759 35.9258 2.30058
539 2.03381 0.716266 0.914554
540 36.2629 18.7153 2.46971
541 25.3152 20.0672 -0.747207
542 38.3836 30.5708 0.633866
543 8.83115 15.4686 0.469402
544 3.64823 34.8702 0.965608
545 16.5347 26.5119 1.04701
546 38.1774 35.0237 0.550944
547 2.54206 16.782 2.39921
548 34.5359 3.88397 -1.72692
549 7.39698 26.8923 -0.443725
550 6.90379 29.9783 2.65802
551 18.6451 22.3185 -0.0999032
552 36.2679 13.3931 -0.0141933
553 17.5642 29.4139 0.289473
554 17.6563 14.7928 -3.37802
555 25.2451 13.1593 -3.80476
556 29.2782 21.976 1.97605
557 3.73247 27.1925 -2.18666
558 27.7736 4.32497 0.023871
559 25.0995 32.6386 2.89944
560 29.2648 14.5345 4.64777
561 13.0266 26.7586 -2.34568
562 5.41912 28.3472 -1.43827
563 39.0185 20.1935 1.9643
564 17.3902 17.8252 -4.03546
565 37.7358 17.3129 -2.24924
566 16.4016 36.8449 -0.578681
567 23.0708 12.9114 -0.0802963
568 37.8845 8.39723 0.110209
569 5.34622 18.0281 -1.07489
570 6.70081 21.3274 2.56958
571 23.9864 12.4296 -3.27784
572 0.130372 34.3484 -0.715663
573 14.6665 39.0964 -1.77039
574 8.43578 20.0248 -1.48832
575 24.2781 18.7429 -2.89196
576 3.98379 1.04649 -1.27582
577 24.747 32.2013 -3.27197
578 1.78147 38.2062 0.389675
579 8.26654 5.26702 -1.26495
580 10.1315 0.996107 -2.94127
581 3.61459 31.4471 -2.90431
582 17.9339 26.6446 -0.0591887
583 23.4713 37.1108 4.63274
584 35.8434 14.0743 0.535359
585 3.05175 14.0615 2.87187
586 26.7026 20.8937 -1.51958
587 32.78 33.6429 -2.0101
588 20.7141 35.4184 0.864842
589 18.5033 28.0873 1.24881
590 7.92767 5.89528 -0.382318
591 6.92822 29.5932 3.32192
592 30.5456 32.2389 -1.76143
593 18.8708 30.9755 -0.0188702
594 11.9107 0.826412 1.71419
595 17.985 25.5192 -0.74462
596 36.0076 36.1451 2.0108
597 25.6344 10.0082 -0.101436
598 31.7794 8.9491 0.0817802
599 18.722 0.102396 -1.09415
600 4.03919 0.103213 0.16927
601 22.309 33.4924 -1.27885
602 1.32185 18.7609 2.00554
603 23.1562 17.2736 0.11976
604 37.5414 19.7503 1.40148
605 6.53157 36.7156 0.366241
606 3.66763 29.6528 2.20428
607 7.46248 12.7833 -1.99012
608 1.36236 33.7689 4.35417
609 22.8577 36.6909 4.63817
610 34.7255 30.5318 -1.79555
611 37.1954 19.9498 2.57896
612 22.9048 6.56241 -2.34509
613 26.747 13.2237 1.21633
614 6.27356 11.7479 1.51102
615 27.5687 8.33813 3.24616
616 28.1931 17.873 -1.79867
617 23.3647 31.0162 3.1311
618 27.9107 39.8099 0.305366
619 22.0118 38.8151 -1.55034
620 33.9679 33.8449 -3.63272
621 37.5288 18.0519 0.788002
622 10.6796 31.5976 0.385198
623 23.4226 7.22012 -3.23285
624 37.2782 36.2904 1.91612
625 22.0686 7.9256 1.66722
626 5.80709 33.165 -1.03947
627 9.8652 32.4456 1.82292
628 24.6801 7.90704 -1.3292
629 28.5185 3.70548 -0.161021
630 29.1842 28.1622 -0.378138
631 31.481 36.9792 2.47055
632 32.6954 32.1881 0.169649
633 30.4639 24.0746 -0.566955
634 0.127916 33.9291 -0.683438
635 25.4513 28.9529 -1.20428
636 27.3733 7.11508 -1.93805
637 39.6667 21.0037 1.74853
638 38.3514 24.2363 1.30333
639 26.3115 13.2334 -2.65701
640 10.5048 12.3464 0.791268
641 19.9614 35.6658 -2.94962
642 11.677 38.494 -0.205336
643 21.3064 30.6187 -3.5898
644 17.9682 1.18825 -2.21199
645 6.48008 6.77641 -2.89006
646 11.6198 10.8392 0.901393
647 12.2456 16.0481 1.20954
648 24.5918 0.598205 0.775319
649 17.9196 35.7509 -0.564848
650 30.3418 8.46745 1.06864
651 32.3532 22.2688 -2.92
652 38.3583 0.213408 -0.783918
653 9.51232 0.155479 -2.68387
654 22.8736 11.2086 0.491903
655 33.841 35.1807 3.43593
656 14.7529 11.7719 3.58137
657 28.3185 7.31072 2.93869
658 3.31014 29.2473 -1.96612
659 23.9117 0.84396 3.53728
660 26.2688 14.2558 -2.96105
661 35.5187 19.6962 1.12141
662 25.6745 32.9182 1.46548
663 13.7608 9.30656 0.53814
664 29.3053 15.3814 -4.11784
665 35.1698 37.2534 2.64583
666 36.2423 8.23615 -2.34469
667 4.05562 32.2024 -2.85087
668 37.9006 35.2393 2.24256
669 12.1442 26.4884 -2.84778
670 37.1527 28.2794 0.0544814
671 15.0341 38.2333 -1.64488
672 8.99554 21.6541 0.198698
673 36.2582 6.54057 -2.93193
674 14.44 21.3358 2.82619
675 29.8039 18.8688 -0.322398
676 30.2051 38.1474 2.61469
677 35.8823 7.79608 -1.83904
678 25.1366 39.1035 -2.71734
679 22.4766 15.0744 1.55423
680 9.08681 21.4551 1.69484
681 12.9851 38.1328 -1.29241
682 30.1492 38.099 1.02906
683 30.1539 15.6912 -4.09022
684 2.55298 31.3153 -0.775588
685 18.5797 27.0408 2.59136
686 2.42322 39.848 0.922075
687 23.1104 10.8079 -0.0370301
688 38.2378 1.37369 0.573028
689 13.6155 37.385 -0.90669
690 14.2364 26.6746 1.53907
691 11.4791 30.8889 0.457178
692 26.8762 14.2129 -4.34749
693 38.549 21.589 -2.83439
694 29.2623 31.7552 -3.23931
695 12.2424 35.2149 -2.32022
696 35.203 25.7444 4.6049
697 19.7929 10.3834 -0.216362
698 36.158 10.8206 2.82575
699 23.3848 22.417 0.553969
700 4.04787 38.6395 3.39351
701 28.1075 8.98969 0.59149
702 6.37819 1.48801 -0.72726
703 24.5174 17.6633 -1.59084
704 29.1295 25.9938 -3.71162
705 2.62391 0.379959 1.98355
706 38.9538 38.566 -3.43538
707 17.3466 10.5986 0.881959
708 23.4536 17.5763 -1.24887
709 20.7125 0.874725 -2.16053
710 17.683 29.9878 -1.37066
711 34.2957 35.7475 3.46708
712 27.1621 8.78612 2.81912
713 2.46692 8.4224 -1.67984
714 19.0868 24.4826 3.23325
715 36.1877 0.937914 -3.80697
716 24.7914 38.7657 -1.5203
717 14.3699 22.7591 0.524776
718 12.0759 29.5218 1.00287
719 11.6839 32.6969 2.58671
720 21.8617 31.3437 -0.978945
721 31.0175 38.0323 -0.832007
722 3.64488 1.36735 -1.71987
723 15.223 0.811055 -0.833483
724 7.48156 6.27652 -0.318752
725 27.5329 9.77387 0.97542
726 9.80107 30.453 -2.88512
727 2.64718 30.0253 -2.76733
728 0.248084 7.7303 -0.583946
729 21.6954 2.39213 -1.68688
730 25.6263 17.0456 -2.59875
731 26.859 19.4444 -2.86333
732 18.0949 32.8601 0.845777
733 38.1446 32.4783 -0.886427
734 27.1405 13.6613 0.673318
735 14.8954 18.0297 2.48369
736 21.4007 22.5718 3.62104
737 0.442953 30.1801 1.08178
738 14.3754 5.55578 -0.663448
739 12.7886 31.1776 3.19097
740 30.4386 23.1473 -2.21371
741 3.25757 32.132 -3.85651
742 19.5588 14.6449 -0.116231
743 17.8128 22.8171 0.32322
744 31.5472 31.7653 0.682009
745 13.4393 26.4436 1.38924
746 18.0938 20.4483 -0.728302
747 14.4125 26.2328 0.307116
748 17.9899 31.4389 -3.73683
749 4.32374 2.84914 3.36577
750 7.76963 35.9621 2.51296
751 10.1157 33.9497 -1.58886
752 39.1629 14.1477 -0.310723
753 5.66532 27.0979 0.872574
754 35.9725 13.0992 1.22637
755 24.2032 7.38655 1.56809
756 29.2998 6.37013 0.482711
757 19.6303 19.1106 2.37229
758 36.4651 32.2855 -2.53768
759 11.4885 29.3821 -0.193882
760 31.4549 33.6372 1.19796
761 17.8981 9.15727 -4.35668
762 19.6751 30.3878 -3.29953
763 18.2069 8.63616 -1.86771
764 24.7596 6.96007 3.57603
765 24.1987 18.5711 -2.20679
766 11.9174 17.6903 1.01977
767 37.1728 16.2207 0.814319
768 6.4802 9.5581 0.0110337
769 25.2305 31.7711 -3.25774
770 8.54409 21.9558 1.84363
771 0.659386 21.6127 0.894291
772 16.6878 30.7843 -0.158547
773 30.6108 33.1763 -0.288888
774 2.00035 1.81151 1.07735
775 20.7138 16.8649 -1.7108
776 8.66059 20.8018 -1.80482
777 38.5252 17.9968 0.304244
778 25.8187 25.9483 0.976379
779 28.4924 36.3776 1.08779
780 39.0804 6.12105 1.53608
781 33.0613 35.9607 2.13766
782 12.5908 0.12361 0.71463
783 19.8135 11.6886 0.523574
784 29.2089 37.0628 0.405391
785 24.3938 25.2402 -3.78396
786 7.1072 26.3171 0.553156
787 28.9046 5.40264 -0.00292341
788 38.1107 28.6983 3.94501
789 37.9069 14.593 0.558108
790 6.05753 34.0362 0.562715
791 23.7495 17.3581 -1.80717
792 4.01339 30.7511 -1.02691
793 15.6246 39.4938 -1.15945
794 18.934 19.5291 0.311723
795 8.33778 13.7774 2.71441
796 17.114 22.6596 2.09014
797 5.40329 34.1342 1.46662
798 27.2754 7.38335 4.37838
799 20.4719 34.4115 -0.957033
800 31.7701 9.42639 0.492192
801 26.3978 9.55513 -0.75399
802 35.907 13.2723 0.520373
803 10.3532 34.3691 1.2581
804 2.23411 14.5738 2.75611
805 34.5255 23.0752 -2.00601
806 10.5886 19.4199 -0.682332
807 33.4439 1.80058 2.091
808 27.8244 27.8936 1.61019
809 14.9569 15.5123 -1.80568
810 13.7134 38.3529 1.79515
811 8.18223 27.7778 0.881042
812 10.0329 35.4608 2.66839
813 35.4689 4.1972 0.0912306
814 29.727 32.0621 -3.46188
815 27.4852 17.1673 3.93125
816 7.26832 30.5795 2.74682
817 12.078 31.6354 0.813313
818 10.6387 11.5164 1.07293
819 28.1115 38.776 1.13885
820 37.3984 35.891 -0.88479
821 14.8638 9.94635 -0.0409473
822 6.72778 9.1562 0.228715
823 38.9208 3.12475 -2.75658
824 35.5736 12.4992 -0.660594
825 34.4779 24.9597 -3.3709
826 8.69052 13.1646 3.10149
827 33.9253 12.9159 -1.089
828 24.7203 8.26056 -0.431981
829 12.4924 38.8072 -1.28592
830 15.8034 27.1968 1.08247
831 12.0487 37.7512 0.340407
832 36.7046 23.8444 -0.718467
833 13.1785 26.5241 -2.00995
834 21.2826 1.5453 -3.01028
835 2.70612 36.2855 3.5099
836 13.3582 38.7892 1.46388
837 36.9427 30.0733 -1.28699
838 30.8214 5.20136 2.34986
839 35.1721 22.8462 -0.71738
840 22.2828 21.4382 1.93541
841 29.3107 38.3109 0.560545
842 23.4631 34.503 -2.2035
843 15.7563 4.8216 -2.71875
844 9.77744 11.4966 0.729196
845 3.45864 30.0702 -2.80348
846 13.8265 37.5279 -0.215955
847 5.65022 24.326 -2.30632
848 25.8483 9.38456 1.56112
849 9.07792 19.9275 -0.18204
850 39.9049 39.4074 -0.582253
851 36.0801 36.8146 3.88611
852 29.3323 29.6997 1.02659
853 33.2758 28.75 -1.28301
854 39.7633 34.3628 -0.614974
855 14.682 39.6142 -2.24326
856 20.6826 32.4891 -0.191394
857 8.93249 20.037 -0.900472
858 0.252346 26.211 -0.504416
859 16.6747 39.5347 2.56012
860 24.2436 22.2415 3.84368
861 39.1684 19.1485 2.48958
862 39.1082 35.1077 -1.69277
863 13.5059 20.7124 0.453665
864 25.7196 14.2259 -3.86094
865 25.2473 25.3602 0.599951
866 29.4529 37.2242 -0.504412
867 8.9387 0.644119 -0.817944
868 36.962 21.5621 -1.65804
869 32.9239 16.3412 -3.33496
870 6.32314 1.09043 -1.23685
871 18.564 21.0273 -0.374509
872 34.2208 22.6324 -2.79433
873 19.1569 16.8038 -1.6941
874 35.8506 6.98441 -3.90412
875 7.56775 7.77492 0.49814
876 38.9712 4.38674 0.364494
877 37.8547 35.2547 1.11005
878 1.79777 39.3568 -0.0228793
879 3.84122 31.9521 -3.97949
880 0.274165 23.1409 0.366655
881 12.579 17.7569 2.22115
882 22.1254 3.58731 -3.93841
883 0.837743 23.696 -0.878103
884 12.6407 17.0823 0.157352
885 8.6115 12.8847 2.26912
886 14.3811 29.1602 1.46005
887 37.3695 18.7018 3.08061
888 35.8242 36.783 2.6996
889 6.33241 13.7452 -2.96755
890 22.4849 15.6651 3.60192
891 26.3726 16.0449 1.16634
892 32.6924 5.60302 -0.178914
893 33.6677 24.4321 1.95676
894 35.5011 36.2697 0.201018
895 36.9389 17.5573 -0.0671791
896 14.5675 1.75772 -0.239969
897 3.14399 7.47374 -2.07041
898 19.5902 15.2094 -1.0749
899 11.003 30.4064 0.0688922
900 16.2911 10.8601 1.69606
901 1.94642 37.3413 -2.22096
902 2.45439 32.7659 -0.567555
903 4.0345 31.3443 -1.86984
904 16.1291 2.31828 -0.157246
905 20.1835 29.9918 0.299298
906 24.4899 24.5168 -1.7849
907 28.2009 24.2184 -0.325832
908 33.62 36.5396 1.31851
909 22.6421 7.20053 3.06226
910 30.68 13.1923 -1.68673
911 30.2379 23.7202 -3.84385
912 22.3366 22.091 2.90055
913 5.48197 23.6296 0.709527
914 9.04394 23.9409 2.90526
915 31.9675 34.3675 -0.807081
916 24.7054 20.0173 -0.486166
917 4.05459 31.8406 -1.91782
918 39.9698 35.6584 -3.32205
919 27.7986 12.4312 1.68786
920 4.48877 22.6948 0.204136
921 36.0634 20.6439 2.48127
922 19.9047 14.0349 -0.782251
923 8.28144 26.7689 0.637995
924 25.4527 37.9957 1.87758
925 18.779 4.90115 1.4665
926 23.6527 39.4833 1.98308
927 6.44724 32.1976 -0.573291
928 34.4433 37.4634 1.21295
929 38.8989 33.9397 3.0235
930 15.6383 9.62307 1.66835
931 22.7282 17.1785 0.321145
932 12.9478 26.3939 -0.884411
933 13.7709 8.39219 -1.66803
934 28.5838 29.7834 -1.9698
935 0.574717 1.26048 1.43733
936 6.0594 25.0831 -3.27791
937 6.85675 1.51096 -0.942362
938 21.2064 25.2905 -0.33837
939 24.4271 7.52463 -0.222499
940 13.9315 22.9074 0.382513
941 24.2686 19.9229 -0.0488366
942 3.16164 13.6608 0.227726
943 8.51508 3.35253 1.56317
944 38.3341 22.5355 -4.00479
945 6.10157 1.39662 -3.10557
946 18.3135 20.1353 -0.767751
947 24.9173 4.23609 0.740466
948 9.7298 31.7155 0.164664
949 9.67206 9.00321 3.21315
950 34.7234 25.2255 -2.67468
951 20.6182 10.0346 -1.42776
952 18.7158 13.846 -0.932416
953 38.0046 8.25078 0.706533
954 39.7049 35.0466 -3.25652
955 1.66993 10.9942 2.67936
956 33.7819 6.1373 2.63646
957 31.1533 12.8118 -0.665414
958 3.09336 31.7361 -3.04175
959 23.5428 30.4105 -0.125292
960 11.2034 1.7685 -1.97723
961 0.556879 32.3823 0.46738
962 12.438 37.482 -1.28598
963 12.4474 25.7302 -1.30037
964 9.13046 11.3118 4.19599
965 36.9741 31.7093 -1.01321
966 15.8193 18.757 1.55636
967 26.567 35.0463 2.54086
968 33.4054 28.9264 0.553426
969 10.0593 38.9226 -1.89598
970 27.3929 0.313732 0.210908
971 0.766226 10.4634 -1.38742
972 5.87055 24.1064 -1.67946
973 12.0669 18.5328 1.416
974 26.611 16.8504 2.94199
975 11.6299 29.4012 -0.388423
976 4.87763 1.68974 -3.15326
977 8.00289 2.02205 -2.73356
978 18.2813 24.5276 1.7688
979 4.86558 32.184 -3.28284
980 39.4541 14.0531 0.976542
981 39.777 4.90561 0.534231
982 1.26776 2.06904 2.02058
983 24.9696 15.9978 1.12557
984 8.4284 33.931 -2.73605
985 5.41063 24.1017 -2.53737
986 29.8756 19.0326 -2.86538
987 14.27 4.00242 -3.09294
988 39.0898 36.7979 -1.46926
989 15.742 26.5427 1.87275
990 28.4459 23.2386 0.144425
991 13.3054 22.7185 -1.47963
992 38.6041 12.859 1.38541
993 9.16231 20.2714 -0.205227
994 30.023 25.6945 -1.51571
995 10.0087 21.1266 1.01054
996 36.3519 17.8393 -0.790839
997 39.6312 7.65514 -0.0705899
998 36.2544 39.0274 -3.39637
999 30.4681 32.563 -2.20365
