1000
Particles
0 6.13688 35.2377 -1.81681
1 25.5467 29.2076 0.454847
2 14.7419 8.43278 0.807863
3 13.2481 4.76949 -1.1276
4 21.5523 24.3394 1.36511
5 14.5641 17.9881 2.60472
6 33.3699 4.15893 -0.274491
7 33.8892 16.8867 4.32642
8 4.78094 15.1911 -1.012
9 1.16897 22.9098 -2.94862
10 22.5 2.94827 -0.896193
11 9.35621 34.7624 -4.51158
12 31.6298 32.2313 -2.67802
13 21.8641 2.195 -0.579462
14 20.5181 29.1588 -1.74098
15 17.1387 29.5847 -2.13129
16 23.2324 31.3578 -1.23126
17 2.03407 22.3509 -1.74094
18 35.8944 14.7899 -2.4018
19 17.6244 32.2616 1.11236
20 4.87516 7.38143 1.35246
21 4.74912 4.78035 -2.78152
22 5.75835 5.97916 0.977877
23 38.2672 22.71 -0.578334
24 36.3147 3.91402 -0.0722893
25 38.4244 33.3961 0.34612
26 22.9709 31.4567 -2.60109
27 12.0872 6.6781 1.41883
28 17.4378 0.109395 -0.109918
29 29.4292 5.36643 1.73696
30 13.7874 20.2011 -2.93556
31 9.23212 10.9231 1.4928
32 26.5185 37.3753 -3.77791
33 8.61083 35.8742 3.54197
34 23.0768 32.0762 -2.50461
35 25.9094 24.2615 -1.42232
36 16.8828 6.39697 -3.24977
37 31.7375 32.9054 -3.92201
38 38.1203 3.79261 1.00417
39 37.7166 22.9448 -0.444749
40 1.45027 37.6369 3.45814
41 13.5941 9.9914 3.81602
42 35.4804 14.275 1.35053
43 22.3847 23.0452 3.74024
44 17.6931 26.8569 -0.242625
45 38.982 18.8913 -2.74148
46 1.37835 6.79236 -0.584222
47 26.5697 14.6357 -1.93685
48 3.88482 39.002 0.236693
49 6.49457 38.5379 0.78656
50 4.17514 32.4086 3.35747
51 26.2673 6.38046 2.79728
52 33.3778 10.9784 -2.88158
53 14.4565 6.5164 1.75332
54 27.7405 7.92663 4.71459
55 9.09233 11.1968 1.07782
56 8.35062 11.5121 3.20505
57 11.7618 35.8328 1.86327
58 34.6221 23.7276 1.14091
59 5.23093 35.2659 -2.48514
60 7.17706 25.4016 2.74715
61 22.6735 36.639 2.05398
62 39.114 4.89544 2.18852
63 15.6245 18.1408 3.25454
64 35.3641 32.4845 0.783085
65 9.92579 1.16952 -3.93706
66 39.6785 19.1901 -2.40177
67 21.5642 24.7572 0.731443
68 39.2481 5.53093 -1.09525
69 10.3713 38.6155 -2.55327
70 10.7821 0.582629 -0.543193
71 15.8622 17.2353 1.73148
72 7.66686 10.3493 2.82149
73 20.4989 32.0119 4.05638
74 9.91217 4.52317 4.14385
75 26.4687 34.6731 0.927659
76 32.1091 0.73066 3.28446
77 9.47581 29.6649 -3.90857
78 0.491327 25.9697 0.170023
79 5.79876 1.47741 1.60777
80 36.8771 17.8026 2.10786
81 12.5656 36.6945 0.846203
82 17.2752 16.6727 -0.460518
83 14.8704 27.9892 0.667902
84 24.6227 9.19509 0.789102
85 39.0899 19.1564 -2.15828
86 18.7946 14.2756 -2.2377
87 22.5674 32.6282 -2.39525
88 13.7453 5.40887 1.22328
89 7.21563 3.14532 2.51136
90 36.9321 28.7922 -1.52041
91 24.5838 12.4695 -1.65362
92 17.5365 28.4358 -3.64726
93 11.3648 39.0939 1.39441
94 14.7539 25.5063 -0.331847
95 17.1911 4.82167 0.850543
96 8.56647 39.655 -1.16896
97 24.1792 39.8791 2.37076
98 5.31788 20.775 1.63892
99 13.1087 5.24828 1.47046
100 37.1057 23.107 -3.14199
101 13.4556 21.5231 3.95738
102 26.3302 36.5313 -2.49388
103 18.493 3.96006 -2.34582
104 20.3042 11.4786 1.85949
105 15.9252 39.4524 -0.991116
106 29.886 23.3699 -1.52532
107 17.9886 22.5038 0.239511
108 37.8833 19.9683 -2.393
109 38.6535 29.2724 1.49445
110 38.134 30.115 -0.000190465
111 31.791 39.7149 -0.685221
112 37.1917 5.99983 -3.64721
113 36.6226 33.5557 0.561044
114 33.7016 23.0435 3.21534
115 25.1105 17.4677 -4.51696
116 18.6921 32.7936 1.25416
117 26.8484 30.173 1.89437
118 21.6326 2.12319 0.301122
119 30.6545 10.5436 -1.73457
120 27.8056 31.355 2.24456
121 16.2135 20.7029 -2.45755
122 28.0585 29.632 -4.61861
123 13.1162 28.7284 2.31396
124 16.897 1.48948 0.308086
125 19.0865 5.97884 -0.567988
126 30.1598 35.2389 -0.144027
127 30.0732 7.39857 -0.954005
128 24.1003 3.90203 0.494092
129 37.7595 17.4428 -3.9179
130 24.1515 10.3922 -4.00034
131 17.198 28.3351 -2.01953
132 15.4154 38.6351 1.13482
133 1.59673 0.404187 2.56001
134 9.44463 35.1965 4.14402
135 16.0488 2.42081 -0.662867
136 26.9084 1.67572 -2.95076
137 29.4204 22.9378 2.41689
138 3.60949 19.3813 3.68759
139 16.9454 35.5527 -2.6899
140 29.8247 5.20816 2.73862
141 28.4719 3.48713 0.54884
142 18.4532 15.8488 0.668433
143 18.5635 21.6088 1.55198
144 36.6919 29.1664 -1.08722
145 22.2803 28.4124 2.49744
146 39.1379 16.1348 -2.57409
147 36.5651 29.8574 -1.46018
148 32.1382 9.64534 1.59762
149 15.0362 17.0311 0.182094
150 12.1778 23.8332 0.534149
151 29.0259 2.84351 0.467047
152 20.0967 7.97563 -0.282202
153 13.308 7.01213 0.426733
154 26.5836 0.269125 -2.57606
155 0.513152 25.3598 2.622
156 3.59726 23.1679 1.31411
157 16.6043 4.34725 -0.201091
158 13.7035 8.90412 0.0476168
159 21.8161 32.7939 -1.60344
160 10.6825 22.1814 -3.71473
161 12.0003 22.1244 -2.72973
162 26.5224 24.7653 4.37799
163 16.5232 18.3217 -0.022819
164 23.0571 10.4735 -2.90507
165 33.6158 7.64785 -0.382777
166 37.4884 2.83644 0.159124
167 3.48036 34.831 -2.58014
168 37.5974 28.4782 -1.84332
169 4.26268 6.32501 -2.16772
170 27.7825 37.9062 -2.96792
171 20.4355 29.9894 -1.47108
172 12.0439 15.5767 0.050165
173 32.8172 33.3593 -0.457132
174 24.644 6.7195 -2.14197
175 1.82728 12.1373 -0.219607
176 29.0715 22.8728 2.93734
177 11.7161 3.17111 0.237869
178 37.8042 26.0198 -1.86785
179 20.7479 16.6394 -3.25127
180 18.4825 4.7737 -0.945211
181 14.5279 27.8362 1.91192
182 15.1885 24.3613 -1.12262
183 37.9619 21.0057 0.0907296
184 1.04365 39.1843 1.21779
185 12.2308 8.24137 1.47289
186 17.7748 39.0647 1.60247
187 32.4921 3.53476 -2.58279
188 16.4822 9.17102 4.008
189 7.49943 21.216 0.942742
190 25.7498 18.2232 0.174083
191 13.7765 20.5954 -1.06736
192 6.0257 36.3891 -0.179691
193 21.6746 28.0949 0.0503406
194 20.4177 25.2104 0.777059
195 5.0079 20.5472 3.07045
196 34.1643 0.955838 -2.03604
197 12.1888 37.2014 0.293713
198 32.0016 24.7783 3.50894
199 20.8456 11.313 0.44942
200 35.662 36.1046 -2.91444
201 3.30345 14.8047 2.289
202 13.8038 15.8943 -2.84025
203 23.6822 19.1066 2.13408
204 32.7842 26.2408 -2.57658
205 7.40318 30.6306 0.678392
206 7.48115 0.971472 0.310564
207 34.2302 2.27942 -2.21445
208 34.6254 23.5659 1.66611
209 2.62552 5.12394 -3.22824
210 25.0569 25.5439 -2.71954
211 30.7295 16.6071 -0.426339
212 28.2329 37.1108 -2.97807
213 36.4571 0.220393 -4.20293
214 29.0479 26.3573 -3.74581
215 6.92438 15.1283 -0.0351447
216 31.6588 31.7284 -1.39498
217 11.6337 5.33063 -1.48725
218 7.22464 16.7455 -1.23617
219 23.9917 37.1089 1.39706
220 13.8964 6.67659 1.30115
221 21.2108 24.0618 0.309738
222 38.057 27.6167 1.73289
223 11.7958 21.8779 -3.21682
224 2.68081 30.5151 2.59219
225 4.98264 6.50807 -1.97235
226 25.4746 18.6994 -0.74628
227 9.2601 5.29884 0.809108
228 17.0939 36.6947 -1.1212
229 6.24928 26.3161 -1.41738
230 29.0958 33.0802 4.8685
231 15.8362 28.2655 0.240236
232 35.6216 31.8332 -2.94878
233 32.9525 2.768 -2.60728
234 38.0086 8.82914 4.13352
235 3.7388 12.4951 -1.31223
236 19.5187 7.34806 -1.01119
237 14.9598 25.4031 0.728057
238 12.8733 12.1417 -1.69266
239 36.0979 11.1897 -0.349717
240 17.9115 16.943 2.90161
241 39.9827 25.1952 -0.193723
242 29.7496 6.91746 0.348547
243 28.0241 33.5394 -1.32805
244 4.06217 5.26354 -2.05575
245 18.579 28.4039 -1.79572
246 23.5878 6.1684 -2.25051
247 5.51821 2.2197 1.54709
248 11.5732 22.1462 -2.0203
249 8.57553 39.6535 1.88644
250 24.0129 4.56746 1.1772
251 28.6016 2.06583 2.8005
252 28.1382 16.8783 -1.09011
253 36.5572 15.2461 -1.41838
254 9.4756 38.6952 4.04189
255 30.4137 18.9062 -2.25729
256 2.56205 0.233871 1.34652
257 26.6328 15.2082 -0.869664
258 32.7893 2.76201 -2.73011
259 32.655 23.5934 0.486223
260 1.45469 4.71918 1.04012
261 32.5715 22.1363 0.910086
262 27.186 38.8151 -0.728665
263 1.09145 25.8457 -2.30105
264 12.0625 15.5018 0.221438
265 0.834797 29.7701 2.79291
266 6.63646 19.7707 1.07168
267 5.88818 17.8383 -2.72472
268 18.2286 17.6655 -1.98256
269 39.9589 36.1556 -1.51994
270 29.0542 15.1676 1.53993
271 3.30909 14.4656 2.7071
272 23.6525 22.1407 2.87419
273 35.9181 26.586 -4.54926
274 9.32317 36.9861 -1.6911
275 9.11072 32.047 -0.862489
276 28.8515 17.1209 -1.32744
277 4.46897 22.4645 1.17886
278 3.75541 18.3902 3.5402
279 16.685 30.3459 -1.41131
280 4.65266 31.7451 1.80376
281 23.1233 27.1277 3.12106
282 8.33428 19.1905 -3.75162
283 27.8109 3.81723 -1.03343
284 32.2337 15.0283 -1.49394
285 7.89055 39.187 0.220362
286 35.6569 7.61313 3.1093
287 16.0748 16.3397 2.63111
288 1.83374 1.55739 2.55819
289 7.67347 37.0299 0.35806
290 31.4918 26.1914 0.321718
291 16.9461 5.00323 0.857205
292 30.0047 21.1864 2.24398
293 16.7421 7.14186 -3.15508
294 32.5532 30.4113 1.85999
295 16.7851 12.0165 -1.61099
296 21.8691 28.3619 -0.212433
297 38.8922 27.8875 2.80081
298 19.7816 4.006 0.94227
299 15.6749 24.9313 -0.85883
300 17.6512 11.0288 0.030599
301 23.6658 30.7346 4.23853
302 24.4941 2.03266 -1.14324
303 0.741086 16.4324 -2.20108
304 10.8628 32.6399 -0.744571
305 3.85679 26.8044 0.866328
306 26.208 20.8856 -0.403537
307 15.3501 17.4301 -0.0918305
308 11.6189 32.1489 -1.06208
309 20.4917 0.646792 -1.25805
310 14.2051 19.6715 -3.29905
311 22.021 25.1626 1.38881
312 39.5194 28.1061 0.806434
313 27.4093 6.02994 -0.000883924
314 20.3752 0.720487 -1.65067
315 39.6034 34.6936 0.40534
316 28.8828 0.0241163 -3.69426
317 17.7702 32.2997 0.287539
318 22.5138 32.7558 -2.47821
319 5.93938 3.68708 1.63484
320 11.4447 16.885 -2.64954
321 31.1668 10.113 2.14813
322 4.96439 36.7894 1.74879
323 38.7812 31.4389 0.946579
324 25.5726 15.7603 -1.9989
325 12.2758 30.1779 0.62521
326 9.74062 7.50669 -3.55798
327 10.1539 34.3447 -2.64481
328 14.9673 31.694 -0.323455
329 16.4526 20.2566 -1.54997
330 3.19454 9.13637 1.15061
331 22.4511 3.7308 -0.66421
332 36.0499 3.21463 2.57578
333 32.0292 24.9333 3.14628
334 10.5511 8.80935 -1.67451
335 4.99839 36.6309 -0.79542
336 22.9424 5.88657 -1.99255
337 11.8153 21.6034 -0.690486
338 24.0133 28.0471 -0.108652
339 0.895873 30.2287 3.19015
340 18.7648 11.5308 -1.19622
341 39.1492 26.7237 0.170028
342 19.7857 8.59822 -0.16012
343 4.86698 12.6692 2.07909
344 13.3204 4.31942 0.543001
345 39.3796 34.6407 3.26963
346 15.9485 11.7599 -1.42895
347 7.87633 38.5548 0.913594
348 9.34696 9.25497 -2.83687
349 18.1149 24.4896 2.01858
350 8.95351 14.1496 -3.38276
351 38.6607 25.3641 2.15424
352 30.2029 19.7503 -1.02281
353 22.6093 16.1123 -0.952488
354 37.8022 32.9321 2.02571
355 13.2064 21.5378 -0.844577
356 2.59435 34.4081 -2.69774
357 9.47795 6.10398 -4.37462
358 12.9344 12.3677 -2.00479
359 27.1887 22.6292 -0.918504
360 37.9717 28.0636 -1.08726
361 24.6459 32.7645 -4.4414
362 32.7085 25.8738 -3.00284
363 31.7397 13.1591 -1.40445
364 16.744 12.6111 -0.951718
365 39.8293 36.2018 1.37498
366 10.4605 0.335296 -2.7137
367 2.82187 0.629339 2.49839
368 22.2403 9.35977 -1.22441
369 17.9889 11.6317 -3.52252
370 21.8799 35.524 0.928292
371 37.316 16.3493 -1.98757
372 21.5391 26.2869 -3.12237
373 14.6244 19.0203 4.51998
374 12.6371 15.539 0.872723
375 7.94813 9.62691 -0.704131
376 36.849 29.2658 -1.63611
377 32.8239 10.8125 -1.77168
378 18.2134 7.66681 -1.18372
379 39.7623 35.5918 0.626365
380 34.0017 1.68817 -2.13073
381 18.2787 0.0173615 -0.915601
382 2.30579 12.1641 1.6367
383 15.4756 24.3919 -0.650032
384 34.2877 7.6104 -0.756906
385 20.6915 28.8986 1.24824
386 27.0611 10.4856 1.66338
387 3.58526 2.57288 0.54369
388 30.2744 34.5227 1.47666
389 18.8203 33.8148 -2.48244
390 27.3316 9.26422 1.21408
391 13.3026 11.2116 -0.891783
392 22.9353 16.878 -4.04289
393 17.3965 2.42554 1.95953
394 30.0362 11.1088 -1.30903
395 37.7225 9.35411 4.27591
396 20.874 1.92938 -2.94305
397 5.91586 19.8436 3.21437
398 25.7478 34.3172 -0.0712942
399 30.7427 13.4934 -1.90214
400 3.45027 5.38929 -3.56705
401 31.1569 25.5383 2.23419
402 5.70873 7.68378 -0.263467
403 9.44636 27.8889 1.7531
404 22.8205 31.4048 -1.33694
405 5.89 21.9127 1.1523
406 19.2298 7.8935 -0.717278
407 2.25341 12.2964 2.18189
408 10.358 7.44564 -2.86521
409 29.7475 9.43563 -0.64344
410 22.4408 29.2356 3.13443
411 18.0727 37.8172 2.65104
412 3.87702 5.05251 -1.75134
413 0.81017 21.4677 -1.36899
414 13.0215 5.59673 -0.564811
415 11.8791 23.4688 -1.21115
416 39.9902 29.1123 1.9664
417 2.93312 4.43196 -1.54545
418 28.4017 23.8619 -3.85883
419 29.1517 11.8442 -0.945222
420 24.3923 3.70122 0.763442
421 5.74962 11.8822 2.92997
422 11.5156 12.3447 -1.55236
423 1.49749 6.98979 -0.977805
424 22.7786 16.889 -1.84058
425 23.2358 38.2373 -2.21864
426 13.5399 14.0688 0.564858
427 22.8319 29.1054 4.50473
428 10.1901 39.1991 3.66994
429 36.7533 4.49644 -1.27884
430 9.4021 13.0356 -1.59903
431 7.8932 9.48737 3.21054
432 15.0118 32.2997 -1.71689
433 24.5865 19.1813 0.274239
434 13.7835 22.3591 3.27799
435 38.6 30.7997 -3.94627
436 38.7661 25.0468 0.108778
437 10.4353 3.23924 -0.892179
438 2.48082 1.76738 2.11729
439 35.7325 20.2704 3.45801
440 19.0842 7.48695 0.654748
441 21.9906 36.9214 -0.000429708
442 19.126 7.80301 -1.49901
443 15.6501 25.2948 1.35749
444 13.9336 25.3672 0.76645
445 14.5868 18.7967 1.23201
446 22.3736 4.35425 0.353689
447 11.1497 7.07676 -2.42473
448 32.0729 20.9818 -0.633002
449 17.3682 18.3414 -3.18973
450 8.91896 21.8757 0.18689
451 33.1467 22.3021 1.38527
452 12.0651 5.36141 -1.09716
453 6.12753 17.8656 -2.2765
454 31.328 10.9178 -3.72572
455 20.245 0.0377692 -2.51565
456 17.4434 18.8564 2.99809
457 25.2508 9.32946 2.43377
458 21.3883 19.9428 2.03516
459 17.7588 3.53199 1.82277
460 9.49957 39.9169 -1.95989
461 12.2633 3.89521 0.595803
462 26.5635 23.6112 -1.32468
463 0.872008 30.0382 4.80635
464 25.0727 36.7829 -1.27563
465 29.546 6.71 -1.2806
466 32.5334 23.2959 4.34592
467 8.50881 36.0576 2.87493
468 9.9477 36.6345 -4.86362
469 27.0815 35.6871 -3.01445
470 7.08576 13.4181 1.74154
471 26.4287 28.6943 -0.91427
472 14.3667 5.7463 1.60789
473 17.2487 0.642693 -1.74818
474 5.7347 36.6218 0.941686
475 29.9004 35.8666 1.62507
476 14.4763 16.3691 0.444314
477 12.8019 37.5364 1.03874
478 33.79 24.7464 0.407372
479 37.8576 28.6497 0.834002
480 39.9752 26.2999 1.40083
481 32.735 7.22906 -0.111914
482 15.2409 38.3727 0.223135
483 8.82507 36.8572 3.00257
484 19.7414 1.09013 -1.58522
485 3.79796 39.3715 -0.0941556
486 10.8151 22.0152 -2.95956
487 25.1857 28.829 -1.61939
488 1.91444 11.9675 0.068533
489 21.405 5.38682 -4.35424
490 36.3138 4.16534 -1.14545
491 16.6599 12.6239 -1.30627
492 17.7289 37.2263 -0.49925
493 0.233537 28.3461 -0.341644
494 7.69439 21.019 -0.773268
495 35.8547 8.83973 2.98689
496 22.7537 35.3828 -1.54487
497 16.0729 31.2048 -1.1449
498 17.6758 8.87311 -1.39028
499 7.65204 16.9064 1.55617
500 9.31027 6.16021 2.8425
501 33.6656 5.95714 0.964809
502 6.30686 3.56173 -1.32443
503 21.8857 26.7723 -4.11946
504 4.44218 4.49931 -1.60005
505 10.4773 6.73095 -0.721935
506 27.7744 26.505 2.79505
507 21.3891 13.8633 -1.4315
508 9.32191 30.0093 -1.10474
509 19.2128 36.9233 -3.43784
510 39.6921 6.81155 -1.46663
511 22.0667 33.2106 -0.998543
512 34.454 26.4792 -3.92612
513 14.8171 22.4015 -4.75293
514 4.9277 36.6083 0.0706755
515 14.5412 17.5208 1.89821
516 16.4653 33.5652 0.49495
517 15.5704 20.371 0.406436
518 38.1725 0.617284 0.538828
519 22.1476 23.4241 3.51351
520 5.45059 9.39976 -0.0122344
521 3.12986 0.0184397 0.734257
522 28.5817 23.3512 -3.29808
523 14.9743 17.4597 0.707389
524 15.1946 22.8082 -1.6285
525 13.5538 14.742 -2.27746
526 17.0916 26.6827 -1.35739
527 11.143 10.2574 3.58494
528 22.6374 4.83717 -0.670546
529 32.9599 33.4637 2.19052
530 32.1683 17.4194 -1.858
531 23.9094 38.9715 -0.0381068
532 19.5775 3.72382 1.73812
533 39.3268 36.0548 -0.922365
534 5.81636 29.2928 2.70402
535 27.9427 8.8779 3.39114
536 35.4879 11.6407 0.425572
537 6.56965 23.6403 1.19731
538 17.8026 0.942946 -1.98378
539 19.8988 17.5483 0.0898999
540 35.9857 19.267 3.00274
541 21.902 25.0132 0.731695
542 30.4668 33.9705 2.11654
543 7.4059 21.2529 2.01737
544 36.6572 31.9042 -1.42256
545 1.23521 21.2646 -3.9176
546 32.7412 0.371932 3.79275
547 3.67246 10.719 -0.95182
548 35.4909 35.3622 -1.61806
549 0.129754 26.1016 -2.02852
550 36.9938 29.4264 -0.389744
551 39.0102 10.7683 1.01393
552 13.9351 2.31363 4.02977
553 13.8008 31.431 -2.25619
554 12.9269 4.20034 0.526628
555 32.9843 9.33573 -0.917807
556 39.109 18.4133 -0.875869
557 13.7253 13.3652 -2.96141
558 31.1314 3.21034 -2.14392
559 35.0987 35.0199 -1.91297
560 39.0684 24.6045 0.156594
561 3.72496 35.0432 -3.67389
562 9.02757 25.8567 -0.241677
563 7.56483 9.06595 2.01095
564 5.01765 25.1972 0.461448
565 7.69972 21.9425 -0.451799
566 17.4065 2.49785 1.71826
567 33.417 17.6119 1.53918
568 1.30147 7.14913 0.740408
569 30.0673 32.0314 -0.12389
570 7.75783 30.691 0.330867
571 14.4545 9.24927 1.34345
572 29.1744 23.6327 -4.36756
573 19.9803 31.7161 0.72207
574 9.16969 26.8417 -0.0496544
575 5.00601 12.3443 3.18331
576 5.62334 5.82792 -1.31554
577 19.8806 37.263 -3.22099
578 12.376 34.9059 3.02534
579 14.8778 19.0697 4.17151
580 6.04373 27.22 0.799605
581 2.53666 30.4921 2.31836
582 15.5022 21.8702 0.559748
583 18.068 29.6241 -0.429704
584 5.37175 8.07314 -1.49239
585 2.68203 24.5932 3.60046
586 24.4702 28.3624 -0.83804
587 28.0535 34.7758 -0.545531
588 17.9577 0.589652 -2.46683
589 25.482 10.3104 2.21791
590 5.5812 5.26961 -1.11922
591 17.0076 29.4768 0.604311
592 22.623 22.0879 -0.246339
593 9.00318 18.0476 -2.43688
594 7.75454 4.6127 -0.47649
595 35.3468 27.5466 2.76546
596 2.5705 39.2916 3.54165
597 26.2639 9.78919 3.07317
598 39.2304 14.8161 -1.63902
599 12.9624 4.09383 0.255665
600 0.125657 36.897 -1.77132
601 19.2542 36.727 -3.27945
602 18.5076 18.5246 -2.0585
603 22.3883 3.2144 -1.8443
604 25.7405 29.719 -1.17324
605 17.7977 26.6925 1.16706
606 38.895 30.3281 -3.33442
607 38.1289 9.17048 3.84477
608 7.1659 2.95167 2.49557
609 24.4472 11.4747 -2.08037
610 33.57 29.9565 1.70956
611 33.2196 24.8093 1.89149
612 16.904 6.37079 -4.16705
613 18.3648 7.81891 0.0109919
614 39.9114 35.9611 -1.42305
615 37.4003 4.37712 -0.0431387
616 34.2839 21.415 -1.23817
617 22.4154 30.6423 3.14612
618 6.31325 39.0902 -1.85885
619 24.3693 28.9517 -1.6275
620 37.1149 2.5341 -0.617465
621 25.9487 23.0262 -3.11545
622 28.4387 8.80462 3.96616
623 16.372 21.3129 -0.409543
624 4.80431 11.9069 2.52711
625 10.9699 6.20434 -0.606005
626 3.04248 39.7716 2.83018
627 8.44069 37.0789 -2.46476
628 18.748 7.07087 -1.244
629 24.1859 5.33591 3.64252
630 3.90541 4.35203 -0.0691164
631 30.0776 0.0375187 -1.0828
632 31.4857 32.4255 -2.34079
633 10.0818 20.9955 -2.56574
634 1.57595 12.3822 1.10754
635 28.6222 26.1022 -2.62767
636 16.9882 16.0182 -3.20932
637 8.04705 34.2241 -3.79108
638 25.1867 30.0554 -2.53488
639 27.4324 26.5829 -1.38877
640 6.80621 22.3801 1.91966
641 37.0984 6.54347 -1.19489
642 13.1828 36.5543 1.41391
643 29.1313 37.841 -1.31505
644 9.75263 37.7336 -2.65405
645 5.6609 6.4208 -1.47051
646 14.9845 6.63945 1.30988
647 12.7014 4.65124 -0.195697
648 25.2029 34.55 0.258847
649 12.6592 12.0538 -1.64481
650 31.2646 23.3228 1.42301
651 31.3539 24.4589 0.907038
652 4.54437 31.2078 -1.01095
653 8.40257 37.7692 1.54698
654 29.3442 20.3719 0.589478
655 25.0605 30.7217 -2.92272
656 15.5096 9.73416 2.03958
657 30.3577 11.2218 0.280747
658 5.44964 24.5035 2.16305
659 0.5623 6.30212 1.83862
660 27.4819 19.3868 0.665948
661 5.8458 19.7699 0.762195
662 35.6487 0.200182 -0.891709
663 38.8318 18.5942 0.109836
664 33.1647 23.3477 3.7353
665 37.1087 28.6518 -1.47355
666 27.5286 3.56579 1.15915
667 38.0384 27.9084 1.71113
668 6.43283 35.6954 3.41734
669 7.16834 38.4588 0.285901
670 37.2549 30.3776 0.787344
671 35.8436 39.8176 -1.60373
672 17.0073 39.1414 -0.395081
673 3.6771 13.0176 -2.76119
674 11.6604 21.3365 -2.53315
675 25.705 10.2391 2.62367
676 2.87575 5.42254 -1.39266
677 6.21308 18.3375 -2.45072
678 25.729 38.5924 2.11276
679 18.9982 27.5988 0.920927
680 22.1828 35.0287 -0.845676
681 15.8669 32.3736 -3.91611
682 35.6239 0.854152 -0.167109
683 20.0232 27.4859 -2.86052
684 7.18773 24.9132 1.28077
685 29.325 22.3028 1.38476
686 37.5493 32.9111 1.81753
687 25.3672 20.6807 -1.85909
688 20.1455 12.1217 3.36127
689 6.08249 7.01349 -0.842496
690 12.0735 4.91418 -1.90481
691 15.2167 32.082 -3.73322
692 26.1229 15.3786 -3.92537
693 2.8007 25.6839 2.74203
694 28.8263 15.4144 2.72391
695 15.3402 30.7771 -2.09504
696 14.508 21.7119 -0.198134
697 21.0401 1.64825 -0.926231
698 5.17247 8.22582 -0.158005
699 38.062 30.4315 -1.84205
700 8.06148 38.4721 -0.306241
701 15.0593 3.00685 -2.2755
702 8.2509 0.0230001 1.77839
703 4.04382 6.66222 -1.25237
704 28.9592 1.43927 3.96966
705 6.29235 22.333 1.67015
706 33.3506 36.0804 2.49886
707 25.8108 39.9319 -1.38154
708 36.8905 22.373 -2.88038
709 29.3099 15.5701 3.56572
710 10.7692 0.429532 -2.66976
711 36.2325 32.3473 0.736024
712 28.2244 25.1327 1.67626
713 36.4718 18.1979 4.40009
714 26.7252 35.4213 -2.33109
715 38.5787 26.0759 -0.58292
716 18.5449 32.9007 1.35953
717 17.7149 28.8946 -1.8376
718 0.089085 26.2033 0.117034
719 7.49499 27.7671 -2.93695
720 22.2988 18.4596 -0.36017
721 21.4128 34.0211 4.5882
722 4.76676 6.97016 -0.845874
723 12.1623 36.8164 -0.144653
724 17.4047 4.80451 -1.00619
725 27.019 34.222 0.234
726 39.8189 26.5597 0.639361
727 12.4081 16.5811 -0.846711
728 0.801884 28.7894 3.87691
729 14.0144 6.1585 1.67854
730 23.5327 10.9033 -2.06683
731 38.3272 17.6838 -4.47307
732 20.2569 1.06865 0.346896
733 22.0858 31.7229 -3.43157
734 0.267818 6.75425 -2.2985
735 12.5648 36.6133 1.99912
736 24.8322 24.126 0.507562
737 6.30732 32.5384 -0.0435973
738 20.3095 9.03375 -1.81351
739 13.4938 16.0252 -1.1587
740 32.1307 22.8029 3.85848
741 3.03912 26.2135 2.5463
742 12.9697 19.7136 -0.265267
743 26.3097 24.3507 -4.16162
744 32.2111 22.6915 2.93073
745 20.6911 0.123333 -2.22505
746 21.563 9.84562 0.132665
747 18.3837 27.6625 -1.08345
748 14.2993 30.6384 -1.27645
749 12.8655 5.56381 1.51352
750 5.18057 33.5173 2.25162
751 36.307 33.0463 1.03947
752 11.5628 22.417 -2.22809
753 26.981 23.6084 -1.29294
754 27.158 26.659 -1.23045
755 33.8617 5.36988 0.257984
756 11.5192 8.14499 -1.69845
757 6.46433 33.074 2.87603
758 2.5921 16.604 -1.57524
759 15.0655 27.4509 2.77554
760 1.80313 26.2255 -1.80568
761 3.95063 13.6642 3.8622
762 21.7807 26.1077 1.97969
763 4.84003 5.28368 -0.261632
764 14.3364 19.6775 -2.00621
765 39.3877 19.3494 -3.33118
766 8.93553 8.862 -1.74946
767 35.105 11.7968 -1.48727
768 6.11849 25.6353 -0.815511
769 11.8168 34.8615 -0.569886
770 6.23147 29.5365 4.6405
771 13.2738 18.6922 -1.18812
772 9.37406 32.5272 -3.82405
773 32.3126 29.3461 4.01699
774 37.2429 30.3508 -2.18419
775 14.5364 3.74643 -1.26852
776 8.83484 10.6964 2.90299
777 36.1254 24.3285 0.186426
778 35.9586 28.6637 -1.19134
779 17.569 5.79013 -4.36159
780 37.836 8.10234 3.34912
781 15.1026 35.0592 0.447761
782 4.21025 8.11638 0.891425
783 16.9646 18.5589 1.30931
784 32.9466 2.93093 -2.66681
785 21.8861 18.0075 -1.00082
786 8.25417 18.3109 -4.67665
787 39.2679 3.85537 2.09334
788 3.13691 28.427 1.16509
789 4.63471 5.97081 -2.25893
790 14.3955 27.4097 1.04736
791 11.1142 21.1142 -0.493253
792 9.09305 20.2248 0.574485
793 16.5915 35.1353 -2.57961
794 19.3888 27.4232 2.56892
795 1.82087 1.46158 -0.0402014
796 16.1815 15.1072 1.66484
797 37.468 37.3818 1.26622
798 34.6845 11.633 -0.413361
799 28.5763 9.64657 1.84758
800 0.423346 11.1582 0.217295
801 17.3725 23.9493 0.649317
802 31.2124 25.0136 2.61215
803 12.1531 39.2617 0.352649
804 0.0901262 17.7857 -2.13454
805 0.657277 29.2239 2.48533
806 9.30174 31.5075 -1.89725
807 28.9558 16.9885 -1.55029
808 16.7326 29.7697 0.647076
809 26.1772 27.9783 -0.991898
810 18.7486 30.7808 2.82239
811 38.6465 20.7116 -4.23187
812 12.3567 3.91516 -0.974484
813 5.48005 11.3625 2.95318
814 26.3821 36.9934 -1.8081
815 27.3424 20.1283 0.596422
816 16.5147 35.9051 0.24836
817 15.7943 35.4284 -0.318887
818 1.06481 3.98452 3.20751
819 31.0517 7.34254 -0.417979
820 11.8511 38.3876 1.50624
821 14.5112 6.57847 -0.233579
822 6.5971 34.6029 -0.0842772
823 18.8724 3.87458 -0.113427
824 29.0935 13.2739 0.459636
825 39.4599 3.30016 1.4135
826 4.50042 18.2192 1.65431
827 39.9164 5.81478 -0.9374
828 17.0365 17.4116 1.49828
829 13.0446 37.0558 0.930094
830 13.6148 15.3413 -3.64461
831 22.0235 38.9161 0.957034
832 34.344 0.406784 -0.72
833 18.9899 17.8357 -0.376023
834 15.5768 7.1441 1.11402
835 38.9576 30.0962 -2.63113
836 18.2007 30.0587 -0.566512
837 29.2513 35.4124 -0.298874
838 14.4445 2.98474 -0.560916
839 13.8608 13.0518 -0.499548
840 22.2109 16.433 -2.99069
841 22.9737 36.7433 -0.699228
842 21.0697 35.8455 1.05572
843 21.2927 4.01327 -1.33402
844 4.77497 26.0959 0.912491
845 6.99171 31.9648 0.596947
846 5.42827 18.3586 -3.34145
847 2.05174 25.6512 0.735903
848 19.1087 26.9526 3.34316
849 21.6107 18.6287 1.05704
850 35.6951 32.1154 -1.80248
851 5.63671 2.10857 2.72893
852 31.3126 24.6807 0.4918
853 19.9047 18.556 -0.034287
854 8.57995 39.0306 0.607201
855 11.6259 35.7647 -0.370921
856 13.329 30.0524 1.8906
857 12.3435 34.5402 1.38114
858 30.6129 32.5106 -0.0868287
859 8.67157 36.3072 1.64772
860 38.7799 16.6223 -0.0359868
861 7.42659 18.9355 -3.48065
862 5.91982 24.1271 2.8138
863 13.4902 13.1152 -4.012
864 7.71392 5.31922 -0.0674924
865 21.6023 29.5969 0.0317733
866 30.4089 2.12776 1.06415
867 26.8057 24.7551 4.94137
868 35.5018 33.1453 -0.70493
869 37.8808 18.8886 -1.85937
870 39.0287 4.28636 3.2233
871 12.9314 22.2493 -2.29559
872 35.8471 15.6162 -3.33514
873 8.97821 17.8007 -2.78718
874 20.3059 17.294 -1.67052
875 31.3176 3.98291 -3.85312
876 22.7954 26.3277 -0.439275
877 3.02145 12.7762 -1.28331
878 38.7426 4.4012 1.01544
879 14.6857 37.4217 -0.986469
880 28.495 25.814 -3.48068
881 11.6457 22.3048 -0.365836
882 26.5692 6.64092 2.3644
883 38.7181 27.926 -0.913482
884 32.3626 13.4812 -2.00568
885 10.628 7.02659 -0.252962
886 17.5636 20.8264 -0.357188
887 7.86292 22.3582 -0.0655196
888 28.104 32.3786 0.309294
889 38.1676 8.53461 3.60655
890 15.1084 7.91482 2.0347
891 23.1483 29.5058 2.60244
892 28.6545 15.2228 2.72243
893 33.1497 21.3626 0.993501
894 22.9724 25.3645 -1.19772
895 34.408 8.77441 0.940635
896 16.7302 2.04219 1.9595
897 4.60762 18.7437 0.653425
898 25.5361 20.8035 -2.30247
899 13.4881 24.485 -0.459931
900 13.4342 39.3367 3.13903
901 2.94778 39.7224 0.415658
902 1.057 28.8943 3.12358
903 18.8944 36.4514 -3.11001
904 18.7381 36.6434 -3.5938
905 35.0155 36.0017 -3.10016
906 18.8311 8.63956 -0.513743
907 14.7191 24.7627 -1.50628
908 28.8867 2.05354 2.26382
909 11.8612 38.6313 1.18147
910 6.28141 22.1682 0.0692571
911 34.7691 0.316232 -0.551315
912 24.0912 20.5033 -0.867554
913 33.7083 34.6805 1.95898
914 38.0351 20.6237 -1.14818
915 37.5107 1.00668 -1.2256
916 39.7263 14.7293 -3.16443
917 13.2266 24.246 -3.08733
918 33.2357 3.71119 -3.32545
919 21.1247 31.0442 1.22558
920 0.593334 20.5958 -1.42179
921 33.8649 20.3297 -0.228644
922 22.5652 18.2226 -1.19025
923 6.17701 24.9516 2.31047
924 35.0106 24.4241 1.08867
925 16.228 16.5074 -1.4661
926 13.9912 6.85124 1.6611
927 39.1007 28.3979 0.250605
928 33.8813 1.6992 -1.66349
929 11.4673 28.8707 -1.74694
930 7.04054 6.24901 0.460946
931 13.8872 25.5716 1.37038
932 32.0228 22.8354 2.18047
933 19.4655 1.60872 1.57816
934 28.0836 17.8026 1.21788
935 8.55074 7.98054 -1.73506
936 17.0168 21.8022 1.48813
937 17.0439 5.39323 -2.5571
938 14.4613 21.4432 -1.86601
939 8.2818 3.6631 1.6083
940 12.235 20.1206 1.52127
941 35.0641 23.7998 -1.57518
942 5.99678 21.7806 0.608332
943 10.5212 5.63687 1.59157
944 14.8761 6.88044 1.72519
945 4.27793 11.4783 -0.227862
946 14.9088 17.2814 0.0563258
947 10.2515 7.79432 -1.96403
948 21.3185 3.92668 -1.99697
949 7.85677 10.9066 0.925617
950 11.6625 30.9143 -1.62618
951 12.9322 6.03187 1.5801
952 12.1271 20.9942 0.0196588
953 35.9473 23.9944 -0.470181
954 10.0417 30.1902 -2.11444
955 8.26284 0.812788 -0.836803
956 20.5878 16.607 -2.93952
957 36.2217 17.4568 -2.73877
958 1.3344 6.77237 -1.14723
959 36.8167 17.4541 -1.62806
960 13.4853 28.5842 0.0274821
961 1.57247 28.4912 -1.33996
962 12.6937 29.3679 2.43045
963 10.2705 37.3035 -1.43009
964 1.9818 12.1673 -0.261285
965 38.4743 29.621 -1.36656
966 12.0848 13.8326 3.77877
967 16.7954 36.8302 -0.869711
968 39.219 16.5752 0.854939
969 18.039 4.74894 -1.69448
970 17.3975 38.6007 0.922093
971 14.29 21.9493 -3.67757
972 17.2289 21.3602 0.133248
973 38.0958 17.6866 -4.15298
974 0.782301 28.5871 0.618289
975 11.8428 21.7438 -1.15868
976 7.79897 14.9513 0.379862
977 4.98904 3.92895 1.62973
978 9.4329 37.5697 2.23761
979 8.93283 1.64072 -0.507513
980 34.0076 6.71258 -0.911303
981 6.72105 22.7097 0.203217
982 0.923243 38.4266 3.53793
983 35.6152 21.1669 -0.0761618
984 12.358 30.3552 2.5939
985 1.14095 27.3651 0.121101
986 20.9171 24.5151 2.43921
987 10.7957 8.96831 1.65118
988 10.6763 18.5722 1.95301
989 22.1403 31.4619 -1.2333
990 21.4378 24.507 3.16759
991 13.4971 18.0789 -1.45188
992 10.2681 1.67175 -1.49086
993 16.483 7.2816 -4.51315
994 21.9834 20.5033 -3.49782
995 19.6767 7.63382 1.11023
996 39.0502 19.397 -1.74648
997 5.12496 17.4623 1.13299
998 36.8295 32.0747 -1.43389
999 36.7394 6.10992 -3.30799
