1000
Particles
0 1.2914 32.2187 -2.20558
1 35.5553 24.7221 -0.841846
2 16.126 1.77595 2.1375
3 10.2633 35.2638 2.10679
4 15.7323 24.1648 0.591635
5 18.5441 10.072 3.1909
6 30.2334 1.87451 -0.98546
7 34.8476 21.1943 -2.6182
8 12.1352 22.6517 0.213004
9 35.3533 21.4386 -3.4869
10 25.1404 37.9994 -0.353795
11 1.67196 31.2151 -0.658394
12 34.1753 33.3082 -3.66956
13 5.9488 5.20408 1.7085
14 28.4695 27.9224 -3.81538
15 14.4782 27.3496 1.31581
16 26.6967 30.7027 1.52314
17 33.2589 21.1268 -2.81029
18 32.3469 10.4811 2.40028
19 14.5307 21.2717 -3.14567
20 3.76544 6.30668 0.194085
21 1.81902 4.48528 0.630008
22 6.95866 9.55843 -0.852094
23 35.9638 17.7859 -1.11206
24 37.0033 7.42415 -1.19822
25 1.06665 31.8876 0.866355
26 16.7373 33.3329 -1.05934
27 12.6254 10.5606 -3.76195
28 7.9286 30.2003 -3.2467
29 30.1873 39.9704 3.77618
30 15.1016 20.2579 -0.733801
31 9.24775 16.743 1.9195
32 25.0119 1.72124 -0.145636
33 10.4689 34.9116 3.21228
34 27.4264 21.3899 -4.52873
35 25.4273 8.06426 3.83269
36 12.4745 1.57523 1.70191
37 35.4942 27.9446 0.816295
38 30.7883 1.74131 -0.248247
39 35.0537 15.9788 -3.89988
40 0.018267 32.0183 -2.45846
41 12.4285 12.6299 -3.61126
42 38.9483 17.9045 -0.181598
43 25.6075 29.1212 3.97788
44 18.6361 27.2883 2.62915
45 8.13853 29.8893 -3.35285
46 38.6926 6.11558 -4.43135
47 30.3967 10.9835 2.4672
48 7.83082 33.7864 0.301078
49 3.30973 34.6745 -1.65899
50 39.17 35.6564 1.76121
51 23.6359 36.3276 0.897472
52 30.7943 11.8253 2.15052
53 10.9892 7.29072 1.06769
54 24.5392 24.5483 1.9052
55 6.47238 15.3172 2.66039
56 17.203 11.9495 1.21728
57 9.06175 37.2282 1.60926
58 35.8653 24.2197 -2.29862
59 10.0592 34.2821 4.13003
60 8.03136 24.1166 -0.99976
61 11.8109 34.2977 -1.83846
62 37.4808 0.572271 0.135551
63 5.19398 19.1943 1.99198
64 39.4337 25.7967 1.88213
65 3.89098 3.75189 0.989582
66 4.92105 21.096 -1.95191
67 25.5938 23.7762 -0.991208
68 7.65306 2.59702 0.662866
69 16.0749 5.39214 -1.94993
70 8.07223 2.38986 1.63085
71 23.9354 12.4967 -1.57381
72 4.58706 12.0122 -0.238986
73 20.1402 24.6651 1.30055
74 8.40861 10.8073 2.94581
75 38.9379 34.0432 4.06107
76 23.3987 5.60971 -0.0551868
77 10.7717 24.828 1.92202
78 6.72121 36.9759 -0.817182
79 0.630193 2.90324 2.05882
80 31.665 9.34105 1.60502
81 1.56885 36.0249 -4.24204
82 14.4048 16.2392 -3.02318
83 16.0916 31.3039 1.509
84 25.2771 13.5114 -0.696897
85 3.96286 18.5142 0.0749953
86 20.8634 8.14102 -0.291522
87 26.091 35.3688 -1.92296
88 6.91788 39.8774 2.07591
89 4.092 4.09915 0.763332
90 2.53714 37.7263 0.189992
91 22.1793 17.1908 -0.865732
92 14.3141 26.8932 0.537903
93 5.01703 1.35956 -1.38947
94 19.9542 25.1435 2.27814
95 17.3 2.13491 0.0619173
96 11.0848 35.4813 -3.38899
97 14.6051 1.33205 0.3137
98 38.964 22.2974 1.04389
99 9.4447 4.9179 1.89568
100 29.6808 20.6568 1.36849
101 19.6358 27.9209 3.08417
102 17.25 32.5461 0.754635
103 13.8251 6.63853 -1.443
104 22.7346 4.45928 0.506383
105 15.9564 35.0115 0.862897
106 35.7487 16.7945 -1.32954
107 20.2556 20.955 3.57855
108 32.2393 23.7866 -2.38533
109 0.562776 30.7837 2.32405
110 3.6391 3.21055 3.18572
111 35.96 32.3367 2.59878
112 30.6475 3.00142 0.00777362
113 35.9021 32.4226 0.594865
114 33.751 28.3122 2.72474
115 31.804 19.3638 -2.7867
116 22.656 31.435 -0.0474192
117 30.2927 28.3731 1.50403
118 22.5701 3.89586 1.78121
119 35.454 10.8079 -3.14485
120 19.6454 25.0429 2.50253
121 25.3338 9.61472 -1.56503
122 34.711 23.2069 -1.88614
123 7.62496 25.9561 -0.345309
124 12.3986 39.2356 0.395028
125 23.4177 37.4418 0.59933
126 27.6171 30.5639 -0.20347
127 37.744 5.81979 2.41536
128 31.202 3.10771 -1.65363
129 6.24744 12.4531 -0.322205
130 28.2882 8.87875 3.07522
131 25.5436 26.2768 -4.40651
132 17.1312 0.811222 0.999206
133 35.4897 35.397 1.69394
134 9.536 34.1495 3.12604
135 11.6639 2.11658 2.38462
136 22.2403 5.50841 -1.20994
137 21.5084 28.1513 -2.49862
138 2.53709 16.4721 2.10327
139 13.9106 2.18372 1.81569
140 24.9438 36.2208 0.413355
141 29.1173 37.1757 2.71163
142 24.9301 11.3424 2.41882
143 14.7726 24.8763 0.0303201
144 1.41049 34.3169 1.34679
145 22.5664 25.5619 -1.60175
146 28.1086 16.0875 1.60627
147 39.0323 37.8456 -0.312609
148 33.0775 9.37497 -3.18021
149 8.52914 18.682 -1.74231
150 12.9908 31.6137 -2.22364
151 32.4796 6.77597 0.314715
152 14.2699 18.6466 0.0268783
153 16.6436 2.65252 0.251054
154 24.486 36.3228 -0.301793
155 38.1905 23.1123 0.229261
156 37.9158 26.9324 -0.407423
157 14.7689 5.57649 1.60162
158 12.1642 35.7939 -1.23931
159 20.0345 26.9134 3.54618
160 39.4582 16.5252 0.776463
161 10.8438 26.8818 0.475548
162 23.8735 31.6134 1.06386
163 7.14126 11.3038 -0.340129
164 17.9395 8.43752 1.87931
165 30.8353 9.56781 -1.22402
166 35.6266 7.39641 0.61191
167 11.4694 34.562 -2.12806
168 31.9469 25.5188 -3.80642
169 0.997519 1.57999 -3.77342
170 39.5447 35.0862 2.72108
171 22.8095 34.1313 -4.27237
172 0.399964 15.5705 -0.0381849
173 23.1599 31.9414 1.04587
174 20.5147 4.98677 -2.59463
175 1.58778 11.202 1.31144
176 16.5528 22.3226 0.427557
177 10.7859 4.07336 0.143836
178 27.417 20.8861 -2.79084
179 25.0982 9.30712 -0.828878
180 12.8072 10.901 -1.94519
181 7.8165 29.9324 -0.698203
182 14.5259 20.6866 -0.202078
183 3.71739 18.6045 1.41185
184 0.876776 0.880839 -1.84334
185 5.14419 15.8286 -0.376576
186 17.8296 39.977 0.0513704
187 7.3937 5.63063 1.61372
188 19.0724 14.6438 -1.621
189 8.07008 24.1068 -1.93306
190 21.0672 18.668 -0.650702
191 19.5787 30.5226 0.944645
192 36.4037 39.5427 2.47365
193 25.3686 26.4445 2.39337
194 16.3839 22.3271 -0.178233
195 4.58758 15.9438 2.5314
196 28.637 35.1727 -3.02799
197 17.1108 33.945 0.734703
198 32.4694 21.0543 -1.9578
199 15.5951 10.3437 -0.470684
200 36.4666 38.9234 0.129108
201 0.573261 15.5339 -0.481413
202 6.84857 20.2601 0.502231
203 25.4282 11.5735 2.19753
204 28.4647 30.5927 -2.6757
205 0.715563 31.8942 -1.67678
206 13.8335 2.22629 2.93904
207 34.7193 35.7532 -0.41926
208 35.547 23.8159 -2.2998
209 13.9943 38.2163 0.571623
210 15.4742 22.9527 0.486173
211 33.2433 15.2627 4.21999
212 34.3849 33.4078 -4.48187
213 37.6909 2.54038 -0.915437
214 28.0736 20.3628 -2.81683
215 38.4486 19.0653 -1.28123
216 32.4365 25.8284 -3.55376
217 8.34822 9.15569 -0.469965
218 15.8313 15.6249 -2.28929
219 21.9331 36.2614 -1.85241
220 9.60833 39.7178 -1.4377
221 24.2298 15.317 -2.58876
222 39.1644 32.8362 1.48736
223 19.0184 26.1294 2.65042
224 5.56375 27.2776 -1.43273
225 36.927 6.70181 -2.72947
226 29.5901 16.5744 -0.384718
227 7.73088 11.5256 1.89773
228 13.6074 3.26575 3.82776
229 39.1461 18.5916 0.937212
230 33.1847 7.41671 -0.332619
231 16.5075 30.4859 -0.496278
232 33.7229 38.7407 -0.470084
233 35.8997 9.45455 -0.0444048
234 6.42612 5.14213 2.78029
235 38.1852 5.60434 3.83453
236 17.4088 39.9762 0.0476215
237 14.6707 24.6425 0.017699
238 11.8421 10.4229 -3.64704
239 32.4107 14.4946 -2.45364
240 14.3182 16.865 -4.31039
241 4.98738 26.0749 -0.420769
242 37.0766 39.9307 -0.635937
243 31.8418 2.71617 -0.588686
244 1.95305 14.9355 -0.23958
245 19.4102 2.63222 0.538673
246 25.3549 5.88824 -3.08221
247 2.80764 35.8364 -2.03862
248 7.39198 28.1753 -0.188973
249 11.4187 39.1229 3.32577
250 16.7155 3.44937 1.55723
251 37.8127 39.2191 4.37522
252 29.892 16.6661 0.789389
253 31.0304 14.3654 -0.675471
254 0.888382 35.8928 -0.283473
255 25.6226 22.4739 0.751303
256 3.46693 6.01255 -0.495319
257 32.0917 19.9258 -0.552233
258 21.9763 1.7456 -4.0538
259 2.14929 12.5176 -1.98858
260 1.30548 6.88077 0.203721
261 34.7149 25.472 -3.35359
262 33.3319 34.8142 2.99213
263 5.23394 2.19368 -1.4414
264 13.8461 26.5519 2.46872
265 38.9607 32.896 0.804303
266 39.9054 13.1579 4.34839
267 5.42625 27.5075 -4.31268
268 15.7577 17.3201 4.62224
269 22.6949 34.0631 -3.615
270 0.972519 9.50709 -1.36029
271 35.3966 6.48338 0.159691
272 18.9282 14.0673 -0.413838
273 30.4624 37.581 4.68815
274 8.86288 3.60107 -0.351193
275 13.4256 26.5078 1.99186
276 32.6246 19.8238 -0.808167
277 4.05682 18.1372 -0.0484333
278 3.42696 14.7649 -0.549134
279 16.9065 30.1229 -1.56055
280 6.51578 25.0077 -1.74614
281 24.9981 21.7556 0.339799
282 6.28547 17.3816 3.9955
283 18.3792 34.7403 0.130976
284 29.4977 22.0517 3.76328
285 39.1591 39.0591 3.67888
286 37.6321 3.8861 1.21686
287 22.1735 11.2809 -2.93071
288 2.71931 4.02663 0.0306493
289 11.9782 38.0036 3.15318
290 29.3712 24.9133 -2.29497
291 10.4442 1.00846 3.22425
292 31.9629 20.2218 -2.8883
293 15.009 5.32811 0.332602
294 22.4795 26.2997 -2.24385
295 23.6912 15.4824 -2.45543
296 21.2348 23.0674 3.27016
297 3.88077 28.7813 -1.94539
298 20.9204 1.32117 -2.84283
299 19.5065 27.8688 0.404746
300 24.5857 9.82552 -4.04811
301 27.38 22.3034 0.473049
302 20.4766 37.5376 -0.321259
303 0.985067 16.3957 -3.00351
304 2.79661 34.4722 -0.837411
305 0.340447 17.4747 -0.0786808
306 22.2871 11.4066 -0.352482
307 11.7943 19.1724 2.74725
308 4.85181 24.8893 -1.43907
309 16.9866 33.09 -1.1367
310 16.0584 20.3139 -1.52453
311 22.2417 12.7227 3.10996
312 37.9742 35.077 -1.05319
313 22.2778 38.0088 -1.00121
314 16.5195 6.00101 -0.383708
315 5.46246 36.8979 -2.84302
316 35.9818 34.5388 0.817524
317 22.2967 27.2887 -0.974218
318 27.3196 32.4929 -2.18403
319 8.43892 8.34756 -2.22165
320 7.22806 19.1239 -3.07821
321 22.6775 4.11743 3.94183
322 39.0848 35.8601 1.73854
323 3.98019 36.373 -1.09993
324 30.0449 18.1652 2.3252
325 12.2393 30.8279 0.624174
326 6.61239 14.9351 3.82013
327 15.0755 35.0852 -0.594599
328 16.472 32.5882 2.10357
329 14.0561 23.1594 -0.177078
330 35.039 11.8387 -0.497121
331 20.0979 36.893 -0.292034
332 34.0908 7.63208 0.0833781
333 32.5165 23.4837 1.39629
334 16.2493 5.00428 -2.39779
335 2.76648 39.5973 -3.32759
336 18.7624 0.121664 1.37868
337 8.0346 23.7205 -1.00217
338 15.9537 21.4328 -1.11499
339 38.9686 30.431 -2.57568
340 9.99726 23.1149 1.31468
341 31.3482 25.4625 -0.409213
342 10.939 17.7745 2.54825
343 9.04799 13.4975 -2.77471
344 14.5164 0.112461 -3.32593
345 34.7415 30.0913 -1.27095
346 16.2594 11.5575 -0.66446
347 1.94201 38.5503 -1.33874
348 14.8722 26.0963 0.991699
349 18.3547 21.5442 -2.65795
350 6.86116 14.9619 2.68831
351 39.7157 23.0234 -4.71522
352 28.1506 25.9102 -4.59573
353 22.7453 11.0709 0.0855884
354 6.02922 39.8055 2.35511
355 19.7262 27.3665 2.23799
356 34.9243 36.6647 -0.160202
357 8.32086 18.0456 -0.854495
358 14.9351 12.9817 -2.0815
359 25.9253 25.9384 4.47313
360 31.3452 24.5589 -0.782105
361 27.9911 31.7085 -2.31255
362 36.1001 20.4914 -3.74572
363 39.072 11.8978 3.38079
364 9.54798 7.95886 -0.916748
365 7.10895 36.6817 -1.01696
366 11.5242 2.04678 3.49755
367 13.5413 38.7449 -0.935364
368 25.4805 10.3292 -3.6223
369 10.4332 4.4677 1.09964
370 19.99 28.9775 -0.798953
371 26.0346 16.9123 2.05933
372 19.8272 27.767 1.12152
373 17.1726 12.8078 2.13411
374 9.92558 13.2675 -3.52053
375 12.3933 10.6957 -1.30086
376 39.7288 30.4718 -2.14406
377 39.0044 4.64384 1.28491
378 11.2616 6.5486 0.163965
379 1.38377 31.5086 -1.3548
380 34.5281 28.4679 2.52728
381 16.0475 36.6737 1.67484
382 4.90627 16.6345 -0.934485
383 19.3546 33.7579 1.40172
384 31.12 12.4463 1.28494
385 19.4681 25.404 1.7219
386 25.9905 8.271 4.06836
387 33.4754 37.7533 -1.39853
388 27.4707 32.1972 -2.11043
389 10.4429 8.1192 -0.372308
390 31.5829 15.3474 -3.89817
391 11.2582 18.269 2.64831
392 20.2699 19.2593 -1.22244
393 16.6624 1.37642 1.17506
394 24.9676 2.26388 0.707097
395 33.0616 11.5361 3.11796
396 8.30841 37.7911 -3.80409
397 7.99507 10.5625 -0.282368
398 34.3272 34.4749 0.710148
399 33.7793 15.6879 3.30763
400 3.08851 3.58409 2.17988
401 27.4334 25.0456 -3.57942
402 34.0764 11.1382 1.50393
403 6.82009 29.331 -2.74951
404 21.8466 27.8106 -1.82867
405 5.2022 21.8133 -3.6144
406 21.5553 6.40161 -1.20971
407 35.4423 7.04548 1.25357
408 5.96449 4.73359 1.24392
409 23.0165 1.90932 0.0816251
410 16.428 22.5269 -2.54748
411 16.7522 30.9975 -1.4637
412 2.13828 39.5837 -3.16016
413 8.06335 17.2025 -2.67375
414 5.78834 9.95967 -3.7156
415 11.5349 25.9749 -0.585667
416 12.944 39.1614 -2.53946
417 0.094956 35.5283 3.52729
418 25.4681 23.9454 -0.122981
419 22.5133 4.60781 1.94479
420 22.5826 3.08052 -1.88275
421 6.16911 14.9799 4.55628
422 8.51409 18.7794 -2.30103
423 33.9205 7.27097 -1.73557
424 21.5978 24.0925 2.84898
425 12.289 6.05427 2.23632
426 7.97511 21.4733 1.9389
427 17.1564 26.37 -1.81351
428 5.47018 4.8414 -0.643199
429 3.11682 8.25942 0.847902
430 17.2778 16.0335 -1.07179
431 9.60559 8.89728 -1.60252
432 19.8333 27.8171 1.3669
433 21.8285 23.9249 2.56122
434 14.5031 22.3336 -1.27378
435 34.8962 35.3806 -0.389103
436 3.26987 30.6412 -3.44772
437 10.4096 0.33392 2.25927
438 4.4689 30.8967 -2.96921
439 34.1201 11.5101 2.46782
440 21.3553 8.70422 -2.76048
441 7.31893 36.9014 -3.20626
442 6.02995 19.3797 -0.847567
443 23.305 19.7552 3.1182
444 15.4215 23.5152 -0.839105
445 10.5091 21.6966 3.54282
446 16.6784 11.178 -0.167051
447 7.54811 3.25952 -0.87379
448 31.2238 25.9582 -2.36649
449 19.922 19.5557 -2.7594
450 39.7155 13.8425 2.61471
451 34.9145 10.8843 -1.6392
452 11.911 18.2492 3.44923
453 5.04028 22.4515 -0.479804
454 36.3836 10.3947 -0.130145
455 29.9747 39.4152 3.95371
456 10.6441 13.7265 -1.67372
457 26.9863 12.0581 3.7633
458 25.5841 16.5486 1.34788
459 12.641 3.4176 -1.50927
460 7.59704 37.5298 -0.689397
461 3.72549 3.46634 3.46051
462 18.1574 18.4063 2.11375
463 7.80093 31.671 -1.81322
464 30.0751 26.7878 -3.12844
465 26.2883 15.1019 -1.68483
466 36.5041 27.6654 1.54997
467 11.2636 37.9107 2.17728
468 19.7623 33.9244 0.883876
469 18.7795 36.9077 -0.686425
470 10.4834 19.2342 -2.35439
471 38.5588 22.2952 2.77531
472 14.811 3.9435 -1.0141
473 11.8304 35.8931 -3.5704
474 10.6053 38.2473 0.128225
475 34.1193 7.05168 -2.29075
476 10.775 22.7916 1.39859
477 14.055 38.9375 -1.17798
478 25.6632 21.7742 0.846288
479 38.9065 30.2046 -2.46979
480 31.6301 17.742 0.735723
481 25.6975 2.01038 -0.0819614
482 10.8002 34.1012 -3.15633
483 7.81339 32.419 1.47386
484 18.6135 33.5046 -0.0350544
485 8.68801 39.0434 -0.841392
486 18.1383 28.4276 2.36585
487 29.118 27.2272 -1.75544
488 37.9968 5.13883 2.19748
489 25.3263 1.35122 1.61657
490 9.46108 7.32859 -3.53357
491 19.51 11.8682 2.25008
492 19.4478 39.4881 -0.76438
493 4.99258 24.4016 2.12827
494 8.4635 12.5051 2.24827
495 32.5328 8.11854 2.13982
496 21.0533 22.9681 3.15489
497 4.54129 35.9248 -0.266323
498 17.7409 15.1311 -2.77565
499 12.3574 21.4981 0.838223
500 2.58873 14.1348 -2.82343
501 32.1449 10.9243 0.858208
502 2.20607 3.1025 -1.57773
503 24.2395 23.8381 2.0082
504 2.1987 38.0052 2.04049
505 6.38824 9.73275 -2.32312
506 25.0278 24.4389 -0.208915
507 19.2771 6.20023 -2.57736
508 5.03894 29.4353 -2.6263
509 16.812 1.92872 0.424111
510 33.0315 11.0299 0.612828
511 23.7719 35.8215 1.49687
512 30.8986 23.6722 0.470899
513 15.6809 22.9975 -0.455955
514 6.44538 35.0182 -3.25395
515 16.3057 14.1079 -3.9507
516 17.8273 38.8878 1.16592
517 15.2207 14.9292 0.895979
518 5.45126 7.4682 0.524978
519 24.1367 20.667 0.77654
520 39.3205 0.822476 2.74298
521 35.5014 33.5173 2.93905
522 26.4088 22.0772 0.338976
523 7.07606 21.7844 0.969994
524 12.3756 23.212 1.55054
525 7.95806 12.9819 1.98171
526 13.102 26.7528 1.16632
527 13.076 5.71795 1.23608
528 17.5156 1.67799 1.92699
529 37.6826 39.5296 -2.75286
530 29.176 11.3125 1.15403
531 26.4073 4.2317 -2.94437
532 17.3958 1.43923 2.47597
533 7.29687 33.2494 1.80357
534 10.2793 20.625 4.79363
535 37.8729 39.8919 -2.41314
536 31.33 13.3957 -3.69528
537 2.98033 28.9013 -1.88405
538 6.62162 39.5184 2.00081
539 14.578 6.32515 1.44302
540 31.5507 16.2909 -2.07534
541 21.5975 22.0151 3.1664
542 33.8518 33.5702 -4.53976
543 7.79009 17.213 -2.22562
544 34.865 36.4416 1.64264
545 14.9573 28.1829 -1.92494
546 39.4752 0.206901 0.886361
547 0.985337 14.6254 1.20537
548 36.2262 33.8877 -0.492959
549 1.59269 30.6274 0.169269
550 1.93951 23.0026 -0.594203
551 28.0739 11.3092 1.93854
552 5.77667 39.7921 2.08988
553 13.4675 31.2427 -0.172102
554 17.6156 12.0941 3.21619
555 35.7673 10.2442 0.0602515
556 36.1395 24.063 -3.10735
557 4.40248 18.8979 -2.14763
558 34.3942 6.92055 -0.944385
559 25.7728 26.4406 3.02883
560 31.0307 23.3838 -0.160624
561 1.50064 27.1565 -4.14947
562 10.181 26.6127 0.526055
563 7.49032 11.22 2.10555
564 15.112 24.2562 -1.47536
565 6.03115 21.2472 2.11816
566 13.9938 39.4751 0.845358
567 26.2408 14.1166 -1.71445
568 1.22282 3.53902 -2.68772
569 31.5339 22.7641 -0.651926
570 1.56637 30.1805 1.18326
571 11.4744 14.1733 1.15607
572 34.0717 31.4379 1.9814
573 21.9475 30.249 -1.2824
574 14.7855 23.6634 0.691523
575 17.8928 15.5501 4.6473
576 3.7887 2.33123 1.62578
577 22.4169 30.9311 -1.20027
578 9.81449 39.7861 3.03139
579 13.2073 11.8323 -2.31114
580 11.3111 28.7495 -0.543436
581 12.6005 27.6533 2.11739
582 27.0262 15.7665 3.59363
583 19.4728 36.697 2.0132
584 37.3177 9.48739 -1.61898
585 0.412477 26.315 1.65362
586 19.7317 21.5608 2.93384
587 28.2082 33.0927 1.45527
588 18.8185 36.8891 2.1799
589 25.2753 13.3378 0.122234
590 3.04534 8.28357 2.17057
591 8.49768 28.3366 -0.225845
592 30.5303 25.7229 -2.56474
593 11.636 22.8146 -0.797329
594 2.66207 4.21188 -2.69251
595 34.5646 22.401 2.07052
596 35.2883 36.1821 -1.06565
597 28.3038 11.7693 1.24786
598 36.9981 12.5026 -0.667239
599 7.68245 32.5812 1.94118
600 11.8869 38.6642 2.22292
601 18.1958 37.4821 -0.502006
602 15.8408 22.4276 -0.358272
603 15.8726 2.57779 3.15701
604 30.954 30.9943 0.178346
605 13.0012 31.4337 -1.34306
606 37.0768 26.7957 0.492605
607 38.2158 9.52564 0.543819
608 4.53325 5.6687 0.0714396
609 20.7438 0.944592 -1.16997
610 32.0147 24.5966 -3.17967
611 0.752733 25.2923 3.71874
612 22.902 8.85627 -1.58461
613 19.2715 11.0948 1.00717
614 36.6143 0.453554 0.726099
615 33.7645 9.60372 -2.50803
616 37.5484 23.2446 1.02577
617 22.7082 27.1415 -0.59072
618 4.91513 38.2401 -2.80592
619 19.7785 34.743 0.261412
620 35.7196 0.640292 -0.306755
621 23.4075 22.1687 0.22526
622 21.5668 5.60998 -0.489505
623 20.7608 9.03243 -0.623952
624 30.5246 7.26364 -0.427377
625 15.7223 10.7839 0.519817
626 1.10745 35.5297 -2.4381
627 1.25837 32.4153 -2.4716
628 16.9529 2.2064 0.953078
629 24.7385 2.71484 -1.48424
630 39.7405 30.7012 -2.7013
631 26.9622 39.9647 -1.80439
632 33.4774 31.151 -0.714167
633 4.17011 26.2426 -0.720314
634 38.0677 6.67151 -1.09821
635 25.9446 27.5436 0.121938
636 28.0673 8.83858 1.46148
637 7.15817 28.5256 -0.790049
638 30.5656 26.9605 -1.22145
639 30.9478 14.7379 -2.63714
640 6.16257 20.5833 0.461821
641 33.4722 7.23009 0.291097
642 12.6039 35.4059 -2.60469
643 29.0694 31.8421 -4.69826
644 9.85658 5.23656 -2.59261
645 7.8796 7.3259 -0.0656282
646 12.6461 3.84217 -1.86356
647 7.54137 12.2555 2.72977
648 31.9947 34.2996 -3.17327
649 16.2681 19.637 -1.65342
650 28.6982 19.9728 -1.31429
651 27.4864 21.2781 3.93956
652 9.28827 32.9588 -1.40176
653 6.52516 37.565 0.790843
654 24.4421 14.9428 -0.98133
655 35.7891 34.0473 -1.78313
656 6.03134 13.1799 -0.71715
657 22.1087 5.56064 -1.1417
658 9.22413 28.3174 2.65395
659 2.47086 38.8367 -1.65962
660 22.9323 9.64628 -1.19858
661 2.36208 17.3422 1.72858
662 38.4727 33.7855 2.38696
663 6.23469 21.2964 2.33042
664 32.697 17.4621 2.78596
665 34.9764 35.6388 -0.673453
666 20.4311 1.80739 -2.44965
667 35.7908 32.8124 1.77137
668 11.0529 37.4277 2.44204
669 15.4365 35.3777 -2.00101
670 35.1182 31.6086 3.80112
671 31.2061 4.51559 -0.61924
672 19.7652 30.8681 1.65614
673 0.040106 1.38716 -3.20764
674 5.11395 21.693 -2.54261
675 33.6967 16.3172 1.66422
676 35.5574 39.5181 -1.04481
677 1.07605 18.1452 0.267331
678 24.1818 1.92807 -1.49806
679 22.5139 19.6502 1.81047
680 18.8403 35.9191 0.675233
681 3.36597 2.48455 3.05608
682 35.6914 39.1218 0.699497
683 24.3651 27.7318 -0.0852058
684 5.28214 36.9234 -1.11445
685 26.2517 28.745 0.986425
686 3.7126 0.619736 -1.80234
687 20.7798 7.09869 0.439527
688 22.7707 4.65133 2.13276
689 6.53761 1.98564 2.47494
690 14.4931 33.7132 2.59781
691 20.175 30.6093 0.997457
692 30.2226 16.6099 -0.684842
693 4.08072 18.0172 0.510035
694 23.5921 22.8589 0.328926
695 14.654 26.7206 2.21802
696 16.3715 22.8465 -1.74639
697 31.6847 8.0811 -0.183833
698 31.0964 15.0622 -0.332002
699 34.3912 19.0754 -1.48126
700 3.41098 0.58951 -1.36476
701 14.8825 3.33174 -1.04353
702 0.469686 36.0991 0.865051
703 39.7482 12.8032 2.29806
704 26.0077 35.9474 -1.06526
705 12.6492 35.2481 -2.17885
706 0.671966 31.9879 1.37366
707 13.0317 3.79654 -1.92998
708 39.1129 16.6975 0.141925
709 22.7117 11.0219 -2.20346
710 17.3444 0.0354019 3.14334
711 34.6317 28.3821 0.680766
712 31.6483 25.1702 -3.74926
713 32.5059 17.9109 0.42562
714 24.632 28.9155 -4.27291
715 35.9376 36.7968 -0.143383
716 16.422 30.2152 0.803891
717 15.8522 32.4167 1.20236
718 6.00891 26.1337 -3.70107
719 11.0079 33.6441 -3.90962
720 11.0386 23.6805 -2.73145
721 23.188 0.847148 0.760872
722 4.73565 38.0506 -1.41259
723 5.55681 2.01968 -0.920594
724 18.9079 38.6893 -2.68444
725 27.0412 36.7133 -2.90939
726 1.25562 27.7392 -2.88303
727 8.04263 24.0871 -1.72734
728 0.565563 0.957136 -1.64747
729 17.6036 0.573696 -0.718912
730 19.8175 11.1073 3.51388
731 32.2164 20.6898 -3.04842
732 27.3713 32.6784 -0.613109
733 28.7861 28.3908 -3.99657
734 33.0144 7.93339 -0.874644
735 20.3695 27.8182 3.50517
736 17.7201 31.258 -0.207185
737 0.836208 30.8465 0.407708
738 22.356 8.64706 -3.81948
739 9.77525 20.9414 2.07095
740 32.7389 27.495 -1.01986
741 11.6614 29.3855 -1.58053
742 17.5919 15.212 3.40567
743 22.0427 23.1864 1.11866
744 31.4892 18.4724 -0.956844
745 13.0397 1.46637 1.39615
746 15.3844 13.2849 -1.82723
747 16.8112 23.109 -1.33097
748 20.2625 30.2645 -1.27321
749 6.67358 39.5042 2.82354
750 3.80468 35.802 1.35762
751 2.28009 35.6185 -2.45983
752 6.23989 18.7962 2.9468
753 16.3464 23.5876 0.289803
754 31.9798 23.4399 -2.04473
755 29.8741 7.56421 -0.104883
756 6.05994 5.55859 1.17881
757 10.7865 32.5024 3.19582
758 36.2922 17.5077 -1.87047
759 7.77461 32.3531 3.76568
760 27.0626 31.9847 -1.24697
761 13.3972 21.3445 0.643791
762 21.7043 24.0337 1.23201
763 6.81936 39.2667 2.66079
764 24.3196 8.60573 -1.45114
765 39.513 15.4091 -1.42431
766 10.2352 12.7582 -0.468084
767 32.4448 8.34174 0.381503
768 8.20054 16.3842 -0.332815
769 14.6913 33.3419 -0.0241325
770 4.82955 24.6172 0.15557
771 5.79905 18.7428 -0.792759
772 12.6495 34.8936 -0.322906
773 33.5365 28.7313 -1.29217
774 39.5099 39.1335 2.62105
775 15.4192 10.346 0.709604
776 8.42639 13.7293 -2.24978
777 36.0997 26.7329 -0.85734
778 35.8442 26.7216 -0.242829
779 14.8224 2.11523 1.2045
780 2.93476 2.92116 2.19961
781 0.83163 37.8233 -1.71183
782 6.84183 7.86403 1.40812
783 10.0085 10.6604 0.603759
784 37.4361 38.6353 3.14585
785 19.7867 8.07369 -1.49813
786 4.50499 18.1086 0.840133
787 33.0524 4.01559 -0.156477
788 5.19996 37.6795 -0.601138
789 35.7447 3.07855 1.1495
790 14.95 31.9115 0.962793
791 14.1018 21.9764 -3.81954
792 10.8046 21.382 3.00159
793 17.7784 36.1109 1.51071
794 21.1041 27.7389 -1.30572
795 39.2725 7.1899 -2.29778
796 18.601 17.7193 -4.28883
797 0.283444 26.4635 2.91925
798 26.8535 10.8938 3.35767
799 31.7116 8.27978 2.51068
800 37.6803 6.27877 -3.77768
801 19.529 12.9179 0.540666
802 36.468 26.5653 0.546443
803 11.8902 39.6372 3.56403
804 4.566 21.5809 -2.8196
805 2.34042 24.0639 -3.33199
806 5.87005 27.1631 -0.948744
807 29.0481 17.7042 0.372651
808 18.8419 25.6197 1.04479
809 30.0085 17.6162 2.0147
810 15.6294 35.4824 0.469011
811 5.12624 24.3286 3.62726
812 10.584 8.1419 -0.302006
813 0.31863 8.77588 2.3283
814 27.9024 0.349451 -0.950347
815 26.1077 15.4545 -0.409724
816 16.6707 0.76912 0.17113
817 11.6986 35.6454 -3.3674
818 6.6336 10.1798 -0.6368
819 31.6489 4.87098 -1.52587
820 4.44365 0.471553 -1.69762
821 11.2824 13.6324 0.00355369
822 5.24351 0.510046 -0.124782
823 24.3764 1.43387 1.52155
824 27.4999 12.0514 2.22015
825 1.08721 34.9071 0.765725
826 5.35221 13.4329 -0.519095
827 38.4884 6.8376 -2.53318
828 18.2348 17.4038 -2.74373
829 11.0635 33.0587 2.98662
830 10.9177 14.8131 -0.272755
831 17.0091 39.6491 1.03248
832 32.8992 6.87425 2.45724
833 10.4052 14.4901 1.00851
834 17.8305 7.43991 4.61079
835 3.91402 34.7287 -1.30334
836 18.9999 32.3775 0.606136
837 30.8598 38.5968 -2.80652
838 20.4123 0.946321 -2.24639
839 5.7666 19.4236 1.28263
840 25.5 13.2826 -0.562436
841 27.4151 33.2549 1.09571
842 15.2918 32.2872 -1.12225
843 16.7417 5.92817 -1.72738
844 6.14823 24.0966 3.24479
845 1.60948 29.9281 0.578838
846 12.773 30.1581 -4.28567
847 2.92924 29.9416 1.64191
848 25.6557 28.0982 2.92812
849 23.0918 14.4592 0.0519591
850 28.1987 33.7158 2.85856
851 6.9312 3.76313 -0.736979
852 25.8999 24.6674 1.55027
853 17.258 22.858 -0.82192
854 0.217426 35.635 1.45662
855 12.3972 38.1859 1.93636
856 10.6772 39.9543 2.31983
857 13.5137 26.7853 0.035005
858 37.5189 28.1691 1.58335
859 12.9401 1.39609 1.65645
860 36.6347 17.5407 -3.62867
861 1.53272 14.5677 -0.178303
862 6.05557 37.2689 -0.708039
863 12.7763 10.7245 -3.17173
864 19.7119 10.8634 4.39654
865 26.1853 35.0263 -0.274716
866 25.3321 1.86874 1.00218
867 24.9434 26.0453 -0.860644
868 31.9928 26.3917 -0.515036
869 0.179821 16.6025 -1.17328
870 33.4549 1.19499 1.31337
871 16.3722 22.1684 -1.97594
872 31.3811 21.1869 -1.99355
873 15.0373 15.3226 -0.504489
874 29.7198 13.3811 -1.70755
875 30.8507 3.09603 1.03747
876 8.89081 20.644 4.61419
877 32.7736 12.5256 1.05064
878 2.62885 37.2053 -0.558942
879 3.5544 34.5457 -0.691405
880 33.8242 22.8149 -0.530237
881 14.4427 23.2171 -2.4355
882 27.7802 2.70053 1.05099
883 27.9314 30.4179 -0.997495
884 6.56469 20.4169 4.09848
885 12.627 10.4457 -1.9859
886 15.6865 21.194 -2.65752
887 3.94918 22.5323 -3.05733
888 29.5812 23.5216 -3.12513
889 39.8909 4.40222 3.04658
890 15.7304 17.0857 4.3896
891 18.0322 20.9319 -1.94857
892 14.9614 7.55746 0.21456
893 32.4519 25.304 -0.754664
894 35.3911 28.2694 2.4843
895 32.7611 10.3342 2.01573
896 15.8617 1.83629 2.58521
897 39.7723 16.9521 2.36879
898 17.43 18.2387 1.385
899 11.9213 26.7816 2.69852
900 12.1108 39.5903 3.39334
901 39.3885 35.5656 1.4124
902 7.13571 33.7467 1.10125
903 3.68203 36.0911 -1.72899
904 16.7425 39.1013 2.68202
905 34.2898 37.0041 1.67008
906 22.2733 13.3105 2.59552
907 9.34712 22.3943 -0.834098
908 35.4185 34.6178 0.279882
909 2.17412 35.8107 -0.58985
910 37.9281 20.5842 0.532443
911 35.1149 34.9624 0.0519836
912 26.4279 14.9244 -1.20917
913 37.1241 32.5368 -1.40901
914 36.8895 23.8972 1.35032
915 35.0954 35.8142 1.0527
916 29.7881 18.0666 2.05279
917 15.4666 22.5904 -1.01385
918 37.5094 7.39664 -1.67393
919 31.2593 24.1435 -3.12422
920 3.89734 21.827 -3.79355
921 25.038 21.8121 -1.52228
922 22.8562 16.8957 3.42027
923 7.15888 32.8145 3.01191
924 30.7201 28.4332 1.40535
925 22.1058 7.64702 3.67077
926 24.2163 7.24635 -0.349798
927 1.05991 31.5991 2.2109
928 36.7569 1.80712 0.394979
929 5.89691 35.2467 -1.57815
930 3.17852 6.17545 -0.628579
931 16.8299 15.9955 2.57773
932 0.173807 25.9414 1.03758
933 12.4769 2.59159 -2.11907
934 26.7278 25.8664 0.754251
935 9.752 10.7345 1.03317
936 15.0984 21.2281 -2.01464
937 17.4705 1.12554 1.0609
938 21.3797 17.803 -1.85617
939 10.1065 4.50171 0.932102
940 13.5173 27.2371 0.181541
941 25.8134 22.6398 1.21139
942 11.3729 21.9156 2.92399
943 12.7578 4.31118 -1.34674
944 4.38189 36.8431 -0.666553
945 2.31522 4.11983 0.10423
946 15.8899 23.2199 -1.45103
947 9.05568 5.33651 1.46234
948 21.6025 6.27401 1.12049
949 5.35042 10.2735 -2.39482
950 4.61999 29.8138 -1.18419
951 13.1143 7.08872 -1.24479
952 13.5174 26.7997 2.04541
953 32.4958 22.6149 1.45902
954 8.10015 37.5831 -2.04083
955 7.31531 38.2811 -2.46803
956 23.6582 16.4672 2.89775
957 31.9162 15.6318 -0.499539
958 2.34743 1.49891 -4.65895
959 30.1301 10.1878 0.701127
960 8.3143 36.6655 2.88265
961 1.22381 25.699 4.28952
962 13.3013 26.592 1.03019
963 13.6786 35.9306 4.055
964 2.58886 5.69089 -2.65191
965 33.7038 31.8119 0.529609
966 17.3594 17.0318 0.261884
967 17.6515 39.7699 1.23183
968 36.1298 18.4767 0.97275
969 9.39207 3.88681 0.221037
970 17.3502 33.2873 1.42778
971 25.9081 10.79 4.07849
972 13.7205 21.3486 -5.01762
973 5.96159 25.5221 -0.072573
974 29.9338 26.7521 -1.32513
975 6.20111 23.5277 1.17174
976 5.53984 15.7031 -3.20329
977 8.6335 34.4173 -0.0127307
978 14.2869 36.9337 3.58595
979 6.84819 39.8638 1.12228
980 39.145 15.415 -2.26351
981 3.15991 21.4871 3.75698
982 38.2018 4.27341 3.22446
983 38.6409 17.6427 0.943369
984 11.9299 33.7068 -1.74706
985 0.834756 24.1919 3.20315
986 21.393 17.6331 -1.58264
987 6.3538 18.4251 -0.295493
988 5.53346 26.456 -1.57025
989 25.995 29.9678 4.29864
990 23.154 14.9497 -2.24462
991 15.5266 22.5837 -1.2165
992 2.18779 14.5633 -2.35367
993 13.5914 16.5358 -3.37541
994 24.192 19.7186 0.778605
995 15.0266 15.7946 -2.29621
996 34.548 20.8971 -3.80841
997 39.3198 17.1061 -0.152635
998 35.498 35.2412 1.70213
999 35.8277 10.0676 -1.08954
