1000
Particles
0 2.5081 31.8952 -1.27819
1 32.7662 28.9427 -2.96086
2 18.0844 5.80681 0.195544
3 7.0522 34.3899 3.39129
4 19.3489 22.5222 -0.876995
5 14.8762 8.97529 1.74013
6 29.9362 35.367 -1.4236
7 34.2452 24.0102 3.0173
8 9.497 22.719 2.91509
9 38.5761 21.9833 -1.33914
10 23.9566 39.5994 -0.872961
11 3.17483 30.6369 -0.928581
12 31.711 34.253 -0.190765
13 11.6487 6.58111 1.39231
14 30.2614 25.997 -2.10654
15 14.8994 26.9324 0.711041
16 27.5521 35.0078 2.96243
17 32.5713 18.4732 0.955097
18 33.8191 11.7622 2.939
19 13.5375 25.7081 0.394701
20 2.02208 7.31443 1.02136
21 38.2999 2.80756 2.04032
22 5.36723 8.45434 3.19464
23 36.0262 21.4858 2.78132
24 38.3229 8.43266 -0.190804
25 2.52551 31.1147 -2.27225
26 18.2516 34.0521 4.13654
27 13.9087 10.2572 -1.56261
28 8.11327 30.4223 -0.209078
29 29.277 39.9482 2.62287
30 15.4929 19.4686 -3.96641
31 8.60265 15.7333 -2.22812
32 25.3519 2.39404 -0.668413
33 12.1063 33.329 2.90844
34 27.6197 25.8842 1.60592
35 24.1289 8.83535 3.16941
36 12.0422 0.214708 1.88826
37 35.6534 29.3353 -1.91409
38 29.1633 0.723901 2.35564
39 37.1322 19.7056 0.124416
40 39.1381 33.2763 1.05788
41 12.0342 13.6907 -0.358948
42 37.539 21.3509 0.662312
43 20.3974 31.4325 -1.8897
44 23.3635 30.4192 0.514324
45 7.60601 24.1629 0.461342
46 38.5079 4.9046 0.156227
47 24.8623 13.0386 -1.69746
48 5.95969 32.7499 -1.48922
49 4.31536 33.3497 1.00505
50 3.19913 37.2913 -0.824193
51 27.0027 37.9963 0.88995
52 30.3042 9.22528 -2.42035
53 16.7288 3.73377 0.581623
54 24.9957 19.944 -1.68652
55 8.44693 14.7362 -3.04039
56 16.9359 11.5093 -0.132826
57 8.73499 37.6219 -0.626156
58 31.2183 22.4645 -2.64443
59 8.17774 31.9584 -3.67887
60 8.24598 22.9818 -0.732574
61 15.2136 33.7388 2.9607
62 39.0871 2.30453 1.18974
63 7.9597 17.2092 1.19759
64 36.6728 26.2337 1.28416
65 4.63291 39.4201 -3.79555
66 0.155644 19.5892 3.49023
67 27.3496 22.3957 -1.96824
68 5.94353 4.52167 -1.19727
69 17.4078 39.9886 0.297275
70 9.83219 4.86067 -0.700568
71 19.6782 15.8037 2.81068
72 4.64417 8.52238 4.49268
73 20.7594 25.8312 -2.04275
74 6.7256 11.249 0.379478
75 36.4058 34.8632 0.534562
76 26.8802 7.33173 1.58262
77 8.11924 26.9002 2.24229
78 5.89629 39.1766 -2.20788
79 2.86419 37.3467 -1.58406
80 31.5556 12.8179 2.02474
81 5.27645 35.1937 0.384498
82 14.5393 16.348 -2.91703
83 14.9797 29.5816 -0.315929
84 26.4246 9.87461 -2.27414
85 3.05879 18.9394 -3.37233
86 16.9783 10.8643 1.97034
87 25.6967 36.0893 4.32712
88 6.36057 0.463716 0.802567
89 4.54432 1.99434 -1.91643
90 1.85396 34.6877 -1.3008
91 25.9797 16.8948 -0.462623
92 17.9584 28.5683 0.31062
93 10.8092 1.10408 -2.18743
94 17.755 26.0158 -0.903982
95 16.9113 3.10463 1.83317
96 7.82626 35.2496 1.15182
97 15.2606 39.3759 -1.03324
98 0.521291 20.6775 3.49555
99 12.3408 7.54466 -2.52789
100 29.6418 23.2483 -4.47745
101 21.3092 25.0928 -2.98511
102 20.6816 36.2573 0.204674
103 12.9423 0.685931 1.08257
104 23.1518 5.11992 1.71453
105 13.3659 37.1724 1.54854
106 35.2605 20.9289 -1.75179
107 19.6208 23.1858 0.66213
108 32.7575 23.5596 -3.96461
109 38.7728 32.5884 1.45203
110 3.67879 37.8187 0.437654
111 36.5073 32.9436 -1.37831
112 29.8732 0.489988 2.50077
113 34.8565 33.0118 1.65637
114 32.8382 25.6859 0.51777
115 28.9427 17.538 -2.53624
116 19.7103 33.9461 0.89094
117 29.8452 28.6318 2.01919
118 24.2418 5.95911 0.374295
119 34.7036 10.1032 -2.55012
120 19.6242 28.8893 -2.00324
121 20.444 14.1302 0.0985482
122 36.4106 23.9981 -1.30596
123 6.95931 24.7034 -3.20647
124 12.035 38.7389 0.857616
125 23.2329 37.0432 3.02297
126 32.3518 31.1454 3.5483
127 34.5601 5.97424 0.974181
128 32.268 0.308297 0.299559
129 7.25204 13.5772 2.00406
130 26.2196 9.37596 0.331039
131 24.0724 28.4512 -0.776366
132 18.8182 39.6668 -1.09712
133 39.092 37.2117 1.43622
134 10.7162 34.2728 1.7762
135 11.6687 0.303415 -1.09696
136 26.4935 9.72313 1.29736
137 21.6305 24.1082 -2.07415
138 6.17748 14.4846 -1.91583
139 17.2178 0.938215 -0.623852
140 29.7722 39.7105 1.28812
141 26.7774 38.9183 -0.973115
142 19.6583 13.5065 0.404661
143 17.3876 23.548 -2.49082
144 3.72356 32.3791 0.178598
145 22.8424 26.6072 -2.37465
146 28.5339 14.8807 -1.55594
147 39.0298 36.139 3.47022
148 31.9353 9.49446 -3.56572
149 11.7926 15.6705 1.64171
150 12.9972 29.4828 2.18652
151 31.8238 4.1934 -2.25284
152 14.9638 16.5669 -0.812811
153 19.5241 7.3029 2.70821
154 26.5276 38.2629 1.07999
155 39.2494 24.5548 -2.59688
156 36.6973 29.4589 -0.0292445
157 13.7134 2.41493 0.702057
158 13.5149 38.3786 -0.363
159 21.4702 30.7535 1.15326
160 3.30971 15.8002 -2.74126
161 10.7855 27.1201 1.08659
162 26.5212 26.9906 -4.91022
163 8.97705 10.9514 2.81931
164 16.0576 9.20676 1.84185
165 30.8479 9.40439 0.786496
166 35.7367 5.93223 -0.734597
167 7.29428 32.4756 -2.24217
168 34.8991 22.9234 0.587526
169 38.8796 1.24432 0.251637
170 37.2014 32.8347 1.1243
171 22.49 33.6782 -2.88436
172 39.3186 17.4854 0.113063
173 24.3895 33.6436 1.36954
174 21.5921 7.3675 2.17983
175 3.85978 7.01915 -1.55544
176 19.368 21.0329 2.26031
177 15.7704 2.30149 3.02821
178 30.0344 24.6976 1.86636
179 22.2297 13.2888 -1.22837
180 15.2725 4.31457 -0.238251
181 6.90706 31.1053 -1.61139
182 14.455 20.7107 1.03323
183 0.760955 15.5012 -2.27918
184 3.74041 39.1127 -2.10886
185 3.54029 7.75159 -0.920729
186 21.5968 36.0399 -2.47922
187 3.68562 6.33332 -1.1418
188 15.366 17.8437 -1.6279
189 3.93492 22.5689 3.61528
190 22.1122 17.719 4.51821
191 15.1468 32.7236 1.78238
192 33.5706 0.418217 0.594634
193 20.2421 24.5935 -3.69712
194 18.4497 23.295 -0.0418768
195 5.76192 14.7818 -0.877204
196 28.5099 36.203 2.73254
197 11.6134 37.2722 -3.91595
198 30.9372 20.8444 -2.71157
199 17.4154 9.87511 -4.52219
200 35.4939 39.8621 -0.569192
201 2.06632 15.2539 -3.48858
202 7.96851 20.1241 1.80733
203 22.3596 16.4186 2.93307
204 32.2527 31.4091 1.52846
205 2.93427 32.2293 -1.20145
206 14.6987 1.51933 -4.05139
207 35.6231 2.49077 2.21368
208 32.8489 19.6527 0.897555
209 9.6858 38.9158 2.07668
210 18.3217 23.3865 -1.2473
211 36.0159 18.7632 -2.43331
212 34.0311 33.8288 -1.65274
213 36.6935 5.35522 -0.208146
214 27.3437 20.7551 -3.71779
215 38.7342 17.62 1.2521
216 35.1749 28.4323 -1.38757
217 8.22854 10.6338 0.593507
218 12.6773 14.6179 3.5439
219 26.8646 38.841 -0.799379
220 10.2142 0.489209 -1.69908
221 22.8796 16.1275 0.710508
222 36.3939 32.03 1.93283
223 16.1517 27.2099 -4.79988
224 3.96969 30.0168 -3.83278
225 34.739 6.18029 0.683692
226 28.751 16.6424 -0.877143
227 5.68042 11.3481 1.21846
228 13.1296 2.40855 -0.225568
229 36.4232 21.3267 3.16868
230 33.5657 4.04811 -1.22194
231 16.1578 33.2634 0.419747
232 31.7365 38.1891 -2.42702
233 34.9317 7.89784 1.86403
234 1.882 6.75424 -2.9756
235 38.8886 8.60015 -3.84313
236 20.7365 1.22393 2.09084
237 16.7881 23.9213 -3.40568
238 12.6745 8.69393 -3.06498
239 33.3536 15.9913 -1.45029
240 13.5978 16.4731 -3.43551
241 2.04274 23.328 -1.96405
242 35.545 38.7272 1.34276
243 31.3963 37.1682 -0.234252
244 5.30821 10.8773 -2.35061
245 17.503 39.6795 -1.54218
246 29.0921 2.41613 2.02139
247 39.6595 36.2463 3.94513
248 5.64401 27.0225 -1.12056
249 8.58762 39.5437 1.38308
250 20.9116 8.63894 1.51105
251 35.3618 0.350634 2.65905
252 29.0347 16.8437 -1.80144
253 31.1041 13.2734 2.5357
254 3.96407 37.526 -1.96987
255 29.3012 23.665 -3.40665
256 4.16038 2.47725 -0.297598
257 30.987 17.0115 -0.52375
258 21.4475 5.12994 -4.50294
259 37.7627 13.3996 2.01751
260 38.8155 3.89217 -1.02509
261 31.8982 27.0496 -3.52229
262 29.7184 35.8849 1.71996
263 4.89037 1.7787 0.401375
264 11.1049 24.1923 -3.12583
265 36.7739 30.236 -0.0771273
266 36.7241 13.4177 2.27913
267 7.87881 24.4102 -1.29567
268 13.1558 17.0755 -3.67728
269 30.3592 38.1281 -2.79118
270 36.6986 9.33192 2.03498
271 35.0189 6.33518 0.50183
272 19.55 17.5462 -0.178328
273 30.2133 34.8168 -2.99492
274 12.6646 0.0855015 1.32601
275 12.1982 26.1119 0.317743
276 31.1321 19.3523 -0.222527
277 4.44234 15.792 -0.262986
278 3.96219 12.0509 1.27804
279 16.9485 31.7232 1.96204
280 5.88086 28.916 0.369432
281 22.9458 21.1328 4.1334
282 4.6016 15.4709 -1.69048
283 22.8239 37.458 3.78226
284 31.5767 18.8548 -0.182605
285 2.22145 35.9848 -0.550162
286 35.5438 4.58999 1.56303
287 19.6244 14.6273 2.14757
288 3.00905 0.339881 -0.216827
289 8.56068 38.475 -0.72872
290 28.2554 26.3298 0.847026
291 10.9855 0.476133 -2.18551
292 29.9247 18.6631 -1.73563
293 13.642 6.35616 -1.49145
294 23.7993 26.711 -3.04372
295 16.1528 15.8528 -1.41745
296 21.5045 29.1421 1.50761
297 39.4657 33.5324 2.50685
298 18.9627 0.397775 0.191109
299 17.8078 29.9203 -0.753024
300 22.4447 15.8064 0.171743
301 27.4204 26.8835 3.19888
302 23.2582 35.9741 -4.50735
303 0.983849 15.5431 -1.81274
304 3.71957 33.0133 1.93237
305 39.6609 19.3567 2.37974
306 20.7592 13.738 -0.295328
307 12.4554 19.2168 3.41863
308 4.547 27.1236 4.66313
309 18.4265 35.427 -3.6897
310 18.7784 23.7067 -0.955756
311 23.6935 16.09 -0.285679
312 36.7965 29.928 -0.636328
313 22.6764 2.51039 -2.83346
314 16.8808 1.87092 -3.94783
315 4.93051 35.9836 0.677562
316 36.4594 35.9952 1.18398
317 18.2806 27.3209 -0.237008
318 26.0441 33.8009 1.36
319 9.59547 9.95906 -2.75846
320 8.26229 18.8055 -1.94774
321 23.6416 5.14652 -0.0696693
322 38.9991 33.1343 0.35975
323 4.37538 38.2804 -2.07898
324 25.904 17.9407 -2.69824
325 13.7487 30.6386 2.08054
326 11.589 16.0139 3.94818
327 13.4765 32.469 -0.758999
328 15.8481 35.507 -0.821674
329 9.70283 22.3437 -3.34158
330 33.0245 16.6729 -2.34966
331 24.0898 0.737183 0.169179
332 34.5431 5.45328 1.18263
333 32.4184 23.1709 -2.80053
334 14.4829 6.56609 -0.844264
335 4.70538 0.330202 -2.31334
336 20.4752 6.9951 0.977405
337 7.96538 21.5714 -0.972995
338 18.7909 19.7839 2.59699
339 37.6949 32.1379 1.85687
340 15.2545 18.1204 -1.16546
341 28.5838 26.2172 4.44175
342 13.2304 13.9293 3.35336
343 9.18085 15.5222 -2.13114
344 12.1702 39.9272 0.104995
345 38.0615 26.8626 -2.30635
346 16.8791 13.3756 1.24696
347 6.4364 35.937 0.124205
348 9.84611 22.8885 3.70587
349 17.1103 23.4575 -2.08645
350 13.9888 12.3164 -1.88463
351 38.4206 26.3211 -0.462597
352 30.2521 25.7904 -1.79036
353 21.6945 15.3248 0.180431
354 5.46479 1.46211 -1.03804
355 19.0699 22.7786 0.0433503
356 37.1861 0.589321 2.86383
357 12.9614 16.0351 2.70395
358 12.6957 13.6958 -0.0577546
359 23.344 30.0567 -1.30572
360 31.2455 22.0786 -2.06003
361 29.35 33.0771 -0.037591
362 36.1915 21.4251 1.23505
363 36.5464 7.95269 4.51138
364 7.57587 9.03514 -1.91658
365 5.53804 38.2364 -1.53428
366 10.8806 3.35558 2.3315
367 12.1585 38.7254 -1.26799
368 19.2835 12.0798 2.06912
369 13.2655 7.7058 -1.96315
370 21.2925 32.2885 -3.28587
371 26.7403 17.2436 -1.5336
372 22.1765 30.2028 1.97855
373 18.4009 13.6307 3.94627
374 9.32894 9.45611 -1.8023
375 9.46951 11.5178 3.99395
376 37.8332 29.6987 -0.817893
377 36.6089 5.48963 2.04784
378 12.1831 3.23391 -1.96004
379 3.30945 33.0794 2.34298
380 34.6543 31.0471 1.60024
381 12.9578 39.8352 0.588471
382 4.79885 14.456 -3.72869
383 20.9834 35.8542 -2.79943
384 31.0457 10.8583 -2.94303
385 15.5497 27.0757 -2.24944
386 25.8945 9.03236 -0.708749
387 33.3423 36.9288 3.53799
388 30.277 32.0963 2.64634
389 11.9687 4.54052 3.72639
390 27.407 12.3295 -3.07037
391 8.72162 16.2184 -3.59584
392 23.7574 16.6882 1.06724
393 18.1216 39.6523 0.423944
394 26.0751 6.1658 1.13642
395 38.9398 12.6403 2.37119
396 8.03347 38.0992 -1.6647
397 5.07373 13.1544 4.10575
398 33.5341 38.4645 -3.97326
399 33.7397 12.6557 -1.53375
400 0.16661 1.05424 -0.237007
401 27.8848 25.3375 2.61577
402 31.9202 12.0486 -0.586855
403 5.42949 27.6742 -3.16708
404 22.5673 31.5343 1.66216
405 39.036 21.9573 0.940315
406 17.7342 7.38131 -2.1301
407 37.2224 8.57116 3.86919
408 11.7571 5.95428 -0.545059
409 26.1491 5.30419 4.06526
410 18.7927 26.1231 -0.386898
411 17.4249 31.3208 2.04004
412 1.59294 0.0702584 0.171677
413 8.34091 14.1142 -1.71521
414 6.94572 5.04164 -0.360675
415 10.8865 24.2977 -1.19109
416 8.60196 35.8753 0.969359
417 3.8901 38.8937 -3.37144
418 26.4185 24.9386 4.2382
419 19.6957 11.9533 0.359523
420 26.8821 2.67361 -1.627
421 6.79965 13.025 -0.80309
422 9.83632 17.5147 -3.08436
423 34.4297 5.89557 -0.387269
424 20.7092 19.2611 -1.37112
425 15.2318 2.76287 1.56419
426 8.07645 20.5972 0.89438
427 19.111 28.4656 1.24921
428 10.7538 7.20133 1.73426
429 1.02025 7.09825 1.52748
430 13.7782 14.6561 1.73338
431 11.1876 10.406 -1.55489
432 17.6626 34.2426 3.20962
433 25.8206 22.0431 -4.22181
434 14.3327 22.2689 1.16802
435 36.4298 33.276 0.677333
436 0.467873 30.994 -0.164403
437 10.9202 0.964855 -3.01616
438 0.809849 34.4156 1.70902
439 36.496 18.822 0.937937
440 22.4146 7.23434 1.14841
441 10.8462 39.9539 -1.67236
442 11.9203 16.3198 -0.360661
443 20.3417 18.8011 -2.98965
444 14.236 22.4191 1.81755
445 11.3665 22.8168 2.97949
446 14.7595 8.6604 2.46523
447 11.3646 2.90719 -3.08718
448 31.2113 24.0447 -3.28876
449 15.9494 16.2894 -1.87138
450 39.8167 13.4064 -1.80007
451 34.3146 12.3307 1.33611
452 10.6478 16.4352 1.53201
453 6.37654 21.9191 -0.693621
454 36.1103 7.49336 4.60344
455 31.0191 37.596 -3.68157
456 10.1647 13.6541 3.36089
457 24.4417 13.1946 -1.54759
458 26.0479 17.1119 -3.27336
459 13.4609 39.1639 0.0871624
460 5.82462 39.1784 -1.09976
461 4.97815 2.05492 0.46334
462 18.8535 20.6398 1.8166
463 4.07528 32.2281 1.09401
464 31.0513 27.8533 2.2492
465 24.6799 13.0579 -3.76239
466 35.8974 29.2785 -1.71066
467 10.6634 35.6797 1.30094
468 18.4032 34.6798 -1.26187
469 24.5867 37.2076 -2.40464
470 8.0906 20.4194 -0.0910892
471 37.2232 24.725 -0.525309
472 15.7429 0.753226 -0.516337
473 13.7671 32.3433 -0.323496
474 10.3565 37.9929 3.76333
475 34.4925 4.25909 -0.440282
476 12.8866 20.1822 -1.66305
477 8.70499 37.5283 -3.60619
478 28.0949 26.1957 4.43662
479 37.982 29.2634 -3.04355
480 36.2493 19.5498 0.401131
481 28.4531 2.42807 2.21914
482 9.75951 33.6309 -1.1327
483 4.97712 34.4115 -2.81788
484 20.9201 35.2626 -0.894461
485 6.70347 39.4017 0.0523424
486 17.7648 27.3395 3.06315
487 32.7398 32.7609 0.846154
488 38.2772 5.40563 0.532992
489 25.1997 39.2492 0.276833
490 5.78872 8.81388 3.39572
491 19.4602 14.2448 1.25958
492 21.2837 38.8016 -0.277123
493 2.81982 26.328 1.9037
494 9.75085 15.5163 -2.17763
495 32.1488 6.5347 -0.404064
496 22.3676 26.3176 -0.906019
497 7.0036 38.7135 -1.31372
498 18.1654 18.0568 1.50369
499 8.64035 19.6598 -2.44766
500 8.67451 14.1149 -4.16424
501 29.9706 12.363 1.85104
502 2.98411 2.63367 1.94257
503 23.1356 18.0277 -3.5783
504 3.53358 2.27006 1.01137
505 8.30654 9.64055 -2.1237
506 27.1749 23.9452 -0.958248
507 21.4383 7.78762 1.72556
508 7.86722 30.0248 -2.28539
509 16.9158 39.9556 -0.932379
510 29.2398 10.8597 1.88482
511 23.5806 35.7353 -1.54895
512 30.2871 22.6929 -1.25712
513 17.2682 23.683 -0.207822
514 3.08473 31.36 -1.61352
515 15.5323 15.2739 -1.23483
516 18.1333 0.735292 1.12666
517 11.9292 18.4299 1.8738
518 7.20786 5.78053 0.31115
519 22.4989 17.7221 -2.48261
520 39.141 0.474139 -0.45728
521 35.4899 35.1346 1.03133
522 27.1639 21.5067 -2.13082
523 7.66276 20.209 1.25694
524 14.0951 22.7981 0.1443
525 8.55862 10.7981 1.1519
526 11.0366 27.9645 -2.81697
527 12.5071 39.3323 -1.56619
528 22.8104 4.61232 1.25197
529 33.9782 37.6718 -0.632647
530 32.0019 15.2315 -1.1652
531 27.686 0.868797 2.70206
532 20.98 38.4127 -1.50082
533 11.0201 35.6755 -0.288982
534 9.65591 21.2521 -2.93519
535 34.4984 3.87423 -0.870258
536 34.9576 15.3986 -2.69351
537 3.43551 31.0052 0.834054
538 11.4832 39.4382 0.216377
539 15.5058 5.58058 -0.910379
540 32.4148 15.8889 -0.205723
541 18.089 20.4188 -0.830297
542 31.7329 34.2624 2.83252
543 7.87353 16.4848 2.71692
544 34.4136 36.424 2.24398
545 11.8809 28.9645 2.94059
546 38.3258 0.328271 0.60537
547 2.39908 10.0489 0.685212
548 38.1208 36.6145 2.81569
549 39.6302 32.2256 1.37075
550 2.6646 26.6541 0.941669
551 24.6911 11.3854 -1.0904
552 7.18738 4.55003 1.90317
553 11.2831 30.8122 -4.73149
554 13.8827 7.08473 -0.821782
555 36.0875 7.69904 3.15012
556 38.1253 22.5833 -1.35515
557 9.79369 16.3918 -1.66933
558 29.8307 0.660296 2.01562
559 30.8922 27.0655 1.30811
560 31.6021 21.4423 -3.12617
561 1.83261 31.816 1.57002
562 9.26825 25.7121 1.60634
563 5.85031 11.6941 0.880254
564 14.7586 24.8895 3.80639
565 3.84228 19.2086 -4.06303
566 13.6203 35.7907 0.650604
567 24.3362 12.9874 -1.57453
568 3.00729 0.736034 -0.557624
569 27.6634 25.4622 2.52249
570 39.0508 31.4965 -0.461261
571 14.128 12.267 -1.44048
572 33.1817 28.5033 -0.979085
573 21.5976 31.4426 -0.42412
574 14.2976 24.5471 3.61074
575 15.647 15.8078 -0.232323
576 4.57538 0.911212 -2.30666
577 23.9467 33.4602 1.28626
578 11.755 38.6872 -2.16138
579 12.4737 9.85319 -0.228592
580 11.3167 29.5782 1.82398
581 9.33038 27.4341 -1.21205
582 22.3122 16.6881 -1.28334
583 21.7962 36.2016 0.0796312
584 38.7515 9.09116 1.08616
585 2.36132 26.9743 0.82938
586 19.8031 21.3317 -0.667281
587 28.2243 36.108 0.5199
588 22.4928 34.8159 0.098584
589 27.2391 11.1506 0.206844
590 1.99917 6.78912 -3.41315
591 12.9185 24.3706 1.07166
592 27.4222 25.7498 1.86095
593 8.36967 26.4916 4.20075
594 1.74363 2.70834 -0.54144
595 37.1029 24.5133 -2.10043
596 38.7216 39.4353 2.68993
597 28.9693 13.0612 1.92552
598 1.22721 11.8028 3.00386
599 7.26406 31.9766 -3.39005
600 6.67669 38.4681 -1.08781
601 21.8046 35.9472 -1.69056
602 18.011 22.6273 -2.00891
603 18.095 6.25334 -0.666065
604 30.9624 34.1535 2.06898
605 10.6805 26.544 3.14941
606 36.3309 26.8877 0.977483
607 39.1411 8.75274 -4.0043
608 3.04448 1.91855 -0.756123
609 24.167 2.77387 -1.18258
610 31.9394 28.2617 -1.45914
611 39.6301 23.5617 -0.432242
612 22.269 10.7228 2.01441
613 17.7749 13.2718 0.356756
614 33.3981 39.8916 0.294039
615 33.4251 8.25034 1.85422
616 36.2573 23.4308 1.69421
617 23.3155 25.6337 -2.07151
618 5.72803 39.0946 -1.69598
619 19.4401 33.369 3.27658
620 37.8417 3.44147 -0.683063
621 24.7858 20.5974 -0.038387
622 26.1609 9.67104 0.363701
623 19.8223 16.1581 3.05608
624 34.7274 5.41858 1.06312
625 13.1785 7.73774 -4.05223
626 4.64823 36.98 -1.20921
627 2.80932 36.0208 -0.0999134
628 17.6561 6.77294 -1.91873
629 25.9513 5.44418 3.03792
630 39.0623 35.8178 2.92722
631 24.3668 0.898954 0.114379
632 34.3348 34.417 -1.20176
633 6.11438 28.7092 1.52202
634 37.7108 6.24932 -0.803032
635 27.5782 25.5939 0.556455
636 22.6799 13.7059 -1.02885
637 8.15576 29.4703 0.349551
638 30.3534 27.0796 4.02861
639 31.1271 15.7073 -4.3983
640 7.94951 18.5367 -3.33978
641 31.3451 5.9022 -0.343244
642 12.0915 32.1476 1.5453
643 32.2424 34.7034 -3.02581
644 10.2898 8.25084 -1.54487
645 6.2039 6.72426 1.41094
646 13.2925 2.37952 1.66947
647 6.71087 11.5228 -0.524663
648 33.1422 36.4429 0.90691
649 13.7483 17.2609 -3.5876
650 24.5896 19.6862 -2.91754
651 29.5435 18.6013 -1.48099
652 7.76557 30.5286 1.31624
653 8.72881 38.199 -1.7931
654 23.0484 16.6838 -2.41137
655 36.5757 32.9657 -1.29866
656 7.72197 12.9902 -1.44124
657 25.1768 7.88843 1.99166
658 9.21195 26.409 1.31507
659 4.75515 38.9002 -1.1083
660 22.1971 15.3386 2.90298
661 4.90787 14.8991 -2.26853
662 35.8509 36.8279 0.702655
663 4.74403 17.1864 -1.75392
664 32.9879 18.0719 2.9653
665 33.7722 39.4888 1.9426
666 25.0253 1.34659 -2.16501
667 34.6822 34.0258 -1.84342
668 12.5833 32.2071 -2.48145
669 13.36 37.1429 0.512173
670 36.2798 31.1171 0.955911
671 27.2242 6.00198 1.09302
672 17.3121 34.6603 -3.17556
673 38.889 0.743245 -2.09653
674 2.71016 17.837 -0.706489
675 31.867 17.173 -1.50708
676 34.0634 0.337586 0.663256
677 3.83995 20.681 0.60329
678 25.5979 0.364311 2.23304
679 25.8575 20.8966 0.683695
680 18.6226 34.8072 -2.82828
681 6.02689 39.4057 -0.303744
682 36.6653 39.4417 0.904879
683 21.7598 28.4229 2.02123
684 6.16132 30.075 -2.21448
685 23.6951 29.4989 -2.09509
686 3.15442 36.3636 -1.02882
687 18.0395 12.415 1.8678
688 27.255 6.35779 1.32334
689 6.15214 3.06913 -2.87078
690 13.5964 36.7298 1.02402
691 17.9944 33.7767 1.42403
692 26.1926 18.8306 -0.898629
693 0.103206 20.3455 3.02986
694 24.9236 21.6384 -2.40131
695 16.2596 26.9009 -3.19629
696 17.4665 23.6784 -2.72329
697 31.7232 6.92354 -0.715899
698 31.4553 12.2041 -0.55541
699 36.4234 20.7871 0.954148
700 3.33754 1.05233 0.793901
701 10.8699 1.95669 -2.9052
702 3.41837 37.2345 -2.42912
703 0.939718 12.2778 2.9775
704 29.4642 38.1529 -3.52689
705 8.20933 28.6279 -1.84637
706 39.3294 36.0276 3.12422
707 17.1713 1.65906 -0.941532
708 39.281 18.7638 -3.93475
709 23.6954 16.0981 -0.150272
710 17.9478 0.332384 -0.770629
711 34.1256 30.0427 -0.702554
712 33.2955 24.8827 1.88702
713 35.4167 19.256 -1.28575
714 23.4491 31.9141 0.322276
715 38.4021 35.9539 2.97909
716 16.5472 30.6265 1.32278
717 15.3902 34.332 -0.0141715
718 3.50014 28.18 -1.24337
719 9.08446 29.6096 -0.318163
720 11.2334 22.7188 -1.03814
721 21.4994 39.3348 -1.68574
722 4.09221 1.05543 -2.36783
723 5.46766 0.14833 -1.63508
724 23.0156 1.47197 -0.706862
725 24.0329 36.5855 -2.09013
726 2.64242 26.6267 0.784126
727 7.25633 23.7301 0.242129
728 3.52454 1.15544 0.0275905
729 16.563 0.89868 0.575956
730 19.4104 10.2707 -4.6302
731 30.6739 16.2069 -2.42189
732 25.4721 35.6341 4.47098
733 29.3803 32.2701 1.87149
734 32.3078 9.89835 -1.71213
735 18.2666 34.8775 -2.15944
736 18.236 29.5349 0.397557
737 2.52408 32.1233 1.72042
738 23.5584 13.6502 -1.14268
739 14.0729 23.1479 1.13474
740 34.1956 25.4937 -0.182188
741 10.4767 26.7052 1.04891
742 15.657 16.109 -1.79743
743 23.5616 25.1339 -1.28563
744 30.8512 21.6522 -2.69111
745 13.4814 39.0608 -1.40981
746 15.4732 11.8118 2.52202
747 18.7681 26.2391 0.217475
748 18.4985 34.55 -4.13691
749 6.09616 2.62867 1.09155
750 2.61196 33.1699 0.40838
751 3.83612 32.5384 -0.170057
752 9.75221 16.4751 -0.636747
753 17.0173 22.5169 -0.933252
754 36.235 23.41 -2.77316
755 27.8789 8.98095 1.14922
756 9.0115 4.38159 -0.087563
757 11.2446 29.8024 2.56662
758 37.4479 20.0655 0.0863936
759 4.12184 30.3401 -3.33966
760 30.7414 30.9791 3.81272
761 9.98725 22.9115 -2.65708
762 20.0342 23.838 -2.5855
763 4.78502 0.0970524 -2.06591
764 19.0016 10.7683 -0.864005
765 39.5021 14.9174 -3.4233
766 9.08585 10.9084 3.36215
767 30.9957 7.99387 -0.0574168
768 7.94175 16.5887 2.58018
769 15.9649 35.5032 0.217732
770 2.2053 25.2232 1.23901
771 6.17941 18.4114 2.85346
772 8.84696 33.0561 0.479846
773 32.2998 28.8749 -1.98837
774 1.51526 35.4898 -3.10892
775 15.8239 5.8023 -1.78846
776 8.43997 13.901 -0.760076
777 33.9655 27.617 -1.62852
778 35.4672 30.3936 -2.25603
779 15.2247 1.806 -4.15636
780 39.9786 1.56916 -1.3026
781 3.75423 36.6256 -0.375938
782 6.43519 8.3714 -4.096
783 11.2762 11.3205 -0.559225
784 36.847 2.42289 -1.15637
785 16.2676 7.25336 -1.35306
786 4.67854 15.4443 -0.166727
787 36.1407 5.61315 0.00963623
788 5.06332 31.9081 0.104043
789 36.4526 4.14813 0.0616802
790 12.5592 31.5876 1.51487
791 11.312 24.2036 -1.57462
792 11.481 22.4062 1.26711
793 18.144 35.2034 -1.30855
794 21.3008 24.2171 -0.655125
795 38.6091 4.08901 -0.53689
796 15.4677 18.4457 -2.4141
797 2.22643 28.2917 -1.80205
798 23.7041 13.2451 -1.81792
799 29.2848 6.76669 -2.14306
800 35.4713 7.30865 3.16085
801 20.353 15.4436 0.906378
802 36.5648 28.329 3.16881
803 11.612 39.4645 0.997341
804 5.44974 19.119 3.84917
805 1.69752 25.5564 2.90987
806 3.08094 29.0962 -0.877864
807 28.3802 16.1864 -0.0826369
808 15.0034 27.0859 2.86645
809 28.6695 20.0651 2.1669
810 15.3696 38.5499 -1.2071
811 0.114473 25.2377 -1.61808
812 7.86125 12.4584 -1.94556
813 2.42509 9.96662 2.7422
814 26.0258 0.753008 0.0983375
815 26.507 17.3317 -0.132852
816 16.4926 0.402952 0.901149
817 17.0085 33.4078 0.661197
818 5.99433 10.4229 -1.28346
819 30.2066 7.40977 0.00425949
820 9.12025 0.458621 3.21947
821 14.1095 12.7639 -2.81465
822 4.74227 39.9738 -2.09493
823 24.8153 2.69275 -3.15668
824 27.575 15.7785 -0.673775
825 37.9273 35.8483 2.93173
826 6.1369 14.1924 3.10848
827 37.7035 7.30123 1.90059
828 15.2416 18.7613 -2.15279
829 8.40957 31.1137 -0.877018
830 14.0797 14.7308 1.65901
831 18.15 36.3645 -4.91702
832 33.0419 3.14675 -2.01596
833 11.8269 17.0088 -0.442355
834 16.259 9.76461 -3.06539
835 7.52561 31.591 -3.55454
836 22.0655 36.3413 -2.38433
837 32.9777 36.176 2.97526
838 21.1923 7.04302 2.6755
839 4.53928 15.0711 -2.27893
840 27.2718 16.6919 -2.47942
841 29.3193 34.8128 4.83119
842 16.8355 34.623 3.13799
843 16.6632 4.63917 -0.296106
844 3.39356 26.577 0.601549
845 0.534772 33.8513 -0.847079
846 9.54027 27.4945 0.0380513
847 0.362833 29.8234 -1.57348
848 26.1077 27.8022 -1.4038
849 20.3682 16.9159 3.23053
850 30.4093 35.2192 -3.97074
851 6.59087 5.06902 0.0315885
852 27.5783 22.7251 0.412527
853 17.5904 20.7988 0.514156
854 5.08131 38.3186 -2.13149
855 13.9662 39.3082 -0.0972401
856 12.1261 38.1171 -0.638552
857 11.7032 29.541 2.8925
858 35.9172 29.3665 -2.23868
859 11.6208 39.7041 -0.463324
860 35.7726 16.5389 2.11635
861 4.62526 13.1251 4.36009
862 6.69809 30.069 0.449355
863 11.7712 8.95285 -0.303643
864 15.7441 9.02558 1.96536
865 25.0161 35.8599 4.57421
866 29.5059 2.8817 -1.16195
867 23.4511 27.2847 -2.88422
868 31.4688 27.2251 -3.86921
869 4.82276 15.626 -0.666774
870 34.1245 0.587082 0.465605
871 17.946 25.7865 0.877039
872 32.9912 19.3235 -1.73083
873 12.3249 15.687 2.10072
874 27.4008 11.535 -1.85518
875 29.9536 1.5562 1.15529
876 13.5476 21.765 0.628236
877 33.1991 13.3078 0.603933
878 0.269911 38.1624 -3.10513
879 6.84614 31.3588 -1.4702
880 38.0521 22.438 -2.45161
881 15.3257 20.2867 -2.88342
882 29.3304 3.83627 -3.33808
883 33.1156 29.4483 -1.47452
884 2.80676 17.8495 -0.101466
885 12.9538 10.5351 1.42458
886 19.1945 20.2784 2.6757
887 3.64543 22.6012 3.73711
888 31.9274 23.0136 -2.2986
889 37.5197 7.1943 2.46606
890 13.4828 18.0912 0.0276747
891 18.2582 20.4727 0.894953
892 14.7513 5.9145 -1.22523
893 31.4721 27.7415 -3.01091
894 33.7421 28.6767 -1.48104
895 34.7113 8.52459 -1.24709
896 16.2724 39.9175 -1.41828
897 4.42308 14.5765 -1.94927
898 19.9466 19.767 -4.43717
899 8.44546 23.9237 -0.956823
900 5.665 37.4252 3.97924
901 1.5233 35.681 -1.55245
902 5.89912 30.1719 -0.405947
903 4.12816 35.5728 -1.17384
904 17.078 38.8828 -0.237865
905 35.3044 37.3818 0.434441
906 18.8268 13.1067 0.824838
907 8.31806 24.112 -2.03478
908 36.3531 35.7612 0.144939
909 4.5459 35.2784 -2.61959
910 38.6247 22.2101 -0.272937
911 33.6169 39.3114 1.12799
912 27.1601 14.8782 2.88955
913 36.3273 34.6549 3.7172
914 39.7723 24.8909 -2.86622
915 38.7673 37.1489 0.796498
916 32.916 19.7645 0.414373
917 17.8332 26.7307 0.891877
918 37.734 5.55737 1.19292
919 27.7508 23.869 -2.27574
920 4.71482 19.6817 3.44367
921 29.9367 20.3064 -2.20148
922 21.9886 18.6783 2.19666
923 5.91261 29.9036 0.741461
924 32.4106 27.5801 -0.733046
925 19.81 10.4524 -4.35928
926 20.0515 11.7454 3.82978
927 0.789372 33.6611 1.73722
928 37.2186 6.23003 0.994894
929 4.24667 32.2956 -0.134186
930 2.76006 3.69826 -0.791246
931 13.8321 22.0581 0.0898334
932 33.5304 23.9284 -1.19187
933 15.8432 1.12682 -2.07664
934 28.5634 24.0682 -1.94143
935 11.809 13.9317 2.94491
936 17.3147 19.7986 1.89117
937 23.0798 4.4732 -0.2903
938 15.7024 18.4203 -1.88276
939 10.9355 3.00296 3.82805
940 14.2232 24.8468 3.33274
941 27.9157 25.1817 3.42049
942 8.27427 24.1938 1.60789
943 12.0846 3.08594 -2.99015
944 5.9791 38.896 -1.80843
945 38.838 1.48937 -2.51329
946 15.2794 20.3894 -2.09064
947 7.32701 8.77498 -0.314863
948 15.8967 9.49363 1.72417
949 5.84034 5.58887 -0.638606
950 6.46829 29.0017 -0.545645
951 12.7841 8.13341 -1.73658
952 14.5795 22.2194 3.17962
953 35.7178 20.0951 0.114555
954 5.35128 0.0177147 -1.0891
955 10.2256 39.1757 0.889421
956 26.6165 16.7518 -1.77774
957 34.9905 17.1297 -3.29108
958 3.8326 0.178753 -2.29321
959 33.6697 12.7525 2.05622
960 5.20875 39.3392 -0.863217
961 7.36375 24.719 -0.292063
962 13.3666 29.8016 3.38559
963 13.2578 39.3707 1.34789
964 1.03406 7.09926 2.854
965 36.4091 29.9615 0.0249626
966 15.2159 15.5578 -3.07089
967 20.2451 1.08249 -1.38468
968 36.3116 17.7777 0.54852
969 11.617 4.53622 4.39014
970 14.0307 36.6571 -0.400085
971 22.9524 15.6993 1.91146
972 14.4395 22.265 3.44586
973 7.23336 24.8635 -0.615445
974 34.7171 22.7586 2.48001
975 5.19671 22.3858 -2.87691
976 4.82444 14.6566 -0.97247
977 6.91941 37.5771 2.234
978 14.3113 33.0895 2.24882
979 8.67896 0.620787 3.08685
980 33.856 16.5612 -2.84023
981 5.18823 22.7217 -3.5849
982 32.1367 0.841316 0.464532
983 37.6069 17.8949 -1.26977
984 12.0907 30.7231 3.0813
985 0.700306 24.7398 0.566457
986 20.8106 18.6546 -2.12793
987 11.5095 15.2754 -1.07787
988 7.23244 25.9274 -0.463986
989 26.9637 31.8786 2.37673
990 22.4041 17.1 1.46353
991 16.2458 20.1258 -1.87393
992 4.00039 11.5157 0.328336
993 8.6072 19.2657 -2.26648
994 22.8654 17.3875 -4.6845
995 12.0394 19.0483 3.82976
996 33.9518 22.7237 2.36535
997 2.54942 17.0195 -2.21409
998 38.477 36.9088 3.52033
999 37.1375 5.26077 0.0358904
