1000
Particles
0 5.52103 29.8919 -0.915515
1 28.1138 29.6859 -4.3274
2 14.831 7.37922 -4.27904
3 10.1241 36.0953 1.04589
4 19.5546 21.9936 1.04003
5 17.2701 12.2039 -2.33484
6 30.2986 38.2128 0.749762
7 30.5299 21.5796 2.4374
8 10.6746 16.4821 2.61782
9 0.400213 20.9322 -0.524404
10 21.4894 1.055 -0.298019
11 9.02692 29.8787 0.0986279
12 30.5684 30.4475 1.31054
13 14.7781 2.14871 1.16858
14 27.5456 27.5117 -1.31979
15 16.6453 27.4711 -0.938285
16 26.0145 31.7232 -1.36473
17 35.8457 23.4034 2.07081
18 32.9653 18.3574 -2.73366
19 14.3188 28.6884 0.139408
20 37.8339 8.7046 0.619919
21 38.906 4.08963 -0.113518
22 8.97288 6.15147 -3.09129
23 36.5647 24.0163 1.21351
24 32.1192 9.91435 -2.94512
25 2.73883 30.833 -1.37759
26 20.4474 33.5372 0.892936
27 14.5845 10.2438 -1.4746
28 10.9371 30.7107 0.111249
29 32.1332 2.12378 1.58598
30 12.7087 15.6119 0.204266
31 8.24259 11.7599 -1.51567
32 27.6193 4.78083 3.57423
33 10.6898 33.917 -0.879977
34 26.9922 28.9852 -0.558773
35 23.7294 13.3391 1.30496
36 15.1214 3.15371 -2.28626
37 37.4718 28.499 -3.81046
38 29.7635 39.714 -0.897042
39 36.3419 22.3086 2.67597
40 39.1281 36.6292 3.32429
41 10.6599 15.05 -0.485232
42 36.8289 22.5426 2.78035
43 22.6976 28.1224 3.24161
44 23.7539 26.2821 1.24452
45 6.90048 20.7847 0.405261
46 37.8293 8.4683 -0.354554
47 26.3054 13.9381 1.27299
48 1.56913 37.3002 2.39983
49 7.54594 34.4296 1.20393
50 2.98433 32.7771 2.43972
51 25.9888 1.68392 -2.85921
52 31.1582 9.98318 0.199974
53 18.3466 4.68208 -0.598271
54 26.1672 17.9975 -3.23095
55 9.2047 15.6025 -0.324567
56 15.4876 12.9922 -1.26526
57 14.234 32.849 3.60129
58 28.764 22.6553 2.0325
59 5.4708 35.4667 -2.16156
60 9.08721 23.0163 -0.960151
61 19.2817 33.4367 0.575785
62 1.44134 3.49605 -1.00948
63 8.69728 17.72 1.32336
64 30.0536 28.929 -1.46057
65 6.33448 35.6458 -2.70111
66 3.18969 19.9157 0.508622
67 26.4682 21.4162 -4.08125
68 3.76972 3.6704 -1.26272
69 13.4163 34.0815 1.81376
70 11.8547 5.99824 -1.56233
71 20.5628 16.2768 4.30184
72 4.89067 11.8116 -0.499118
73 24.331 28.4064 1.63151
74 8.63532 7.50137 -1.59917
75 30.4132 35.9122 -1.03252
76 28.8775 7.76712 3.27042
77 6.34276 27.3788 1.47604
78 6.96418 34.7618 1.33645
79 0.719738 37.1446 -0.800875
80 35.4658 14.8009 0.689002
81 10.4825 36.0942 -0.242527
82 15.8136 12.2411 -3.04676
83 13.494 31.5015 1.5976
84 27.4236 7.84795 0.868368
85 3.12741 20.5385 0.152491
86 21.9618 12.3558 1.26687
87 25.2473 32.4264 -1.45699
88 6.08489 39.0238 -1.76833
89 8.06574 39.8184 0.457941
90 0.14415 34.6512 4.20876
91 27.5627 16.6285 -1.73494
92 20.3893 29.1421 3.54735
93 10.5607 39.0329 -2.59757
94 18.4567 26.5878 3.0021
95 16.9238 1.24997 -1.06669
96 7.47835 33.5208 -1.45874
97 16.0199 38.4306 1.05211
98 4.6105 21.022 -3.09547
99 13.3799 5.44893 -2.10834
100 30.5444 19.5628 -1.58267
101 22.0879 25.7404 2.36679
102 24.434 37.4848 2.6453
103 15.9087 37.2758 -0.237083
104 23.8073 5.54187 -0.12523
105 11.7134 37.32 -0.25733
106 36.6048 19.382 0.935914
107 20.4871 22.4502 -1.55474
108 36.459 24.4756 -1.39661
109 36.6126 33.329 -2.30426
110 4.01047 33.6007 1.0649
111 33.5824 32.3286 1.12795
112 33.1176 4.4867 1.89092
113 34.7887 32.6808 1.42015
114 28.3215 23.7621 1.08074
115 26.0704 18.4368 -2.77402
116 20.2577 32.5982 0.276192
117 31.5636 29.9383 -1.05468
118 22.6754 7.46165 2.11037
119 31.2073 13.2667 -1.60134
120 23.305 28.2614 4.3799
121 20.7426 14.7505 1.63006
122 30.9662 26.268 -2.82466
123 5.19794 29.8518 -0.264385
124 11.0714 36.2232 -2.30741
125 23.3861 1.14121 0.212804
126 32.7721 31.5944 2.53508
127 32.9825 4.16596 1.45137
128 31.8223 4.06767 0.826002
129 6.21122 16.1304 2.22399
130 24.1759 12.1639 2.78009
131 24.0647 26.6497 2.34748
132 18.3924 1.05618 0.325897
133 38.6547 37.4725 -2.4877
134 10.0714 33.1453 -4.01192
135 15.1507 39.3061 0.679194
136 26.5505 6.06126 -0.483546
137 20.2257 24.6492 4.27327
138 6.19348 15.5247 1.87449
139 14.8749 36.4093 1.95068
140 28.7454 39.8647 -0.196796
141 27.4748 1.33415 -2.20854
142 17.9773 12.4849 -1.56894
143 17.1493 18.8722 -1.25083
144 0.972342 32.447 -1.17009
145 22.9353 25.8159 -1.1716
146 27.17 12.9527 -2.81772
147 35.4807 35.3325 2.05173
148 32.3889 5.5734 -0.0686301
149 11.8942 13.1364 -0.418054
150 13.787 28.4775 0.704922
151 27.5571 5.77524 -1.01014
152 15.4556 13.0571 -1.40855
153 17.8201 8.88028 2.90695
154 27.1539 36.2391 -3.98202
155 36.2601 28.6472 1.37136
156 37.1708 23.1306 0.397649
157 18.4999 4.37306 -0.555021
158 13.4954 39.6324 0.215144
159 24.0298 31.9864 -1.56869
160 7.30085 16.7981 2.32419
161 14.192 24.5067 -2.35718
162 24.1699 25.6992 0.605928
163 9.46294 10.124 -2.50021
164 19.1806 9.92773 2.59929
165 33.2731 7.91714 -2.00269
166 37.4225 3.89958 -1.37795
167 7.30275 32.953 -2.36257
168 38.5756 25.0372 0.843328
169 3.85663 4.23208 1.3697
170 35.3135 34.8821 0.370514
171 26.0149 30.6651 -3.18181
172 5.61693 18.5585 -1.42794
173 30.9248 30.0417 -0.181084
174 22.3075 10.9056 -0.983404
175 0.558961 9.27996 -2.78889
176 22.5705 21.7236 0.379612
177 12.8785 1.91258 3.39631
178 33.0259 22.9096 -0.42057
179 22.0917 12.5662 -0.282189
180 17.159 4.85421 0.242892
181 13.6674 26.9736 -0.0604873
182 15.5104 24.1614 -0.120661
183 1.86899 19.8597 1.63155
184 37.8085 39.8017 1.50914
185 7.48914 10.8682 0.0733713
186 22.0052 34.8447 -1.21079
187 38.1905 9.57761 1.3234
188 14.6737 11.7948 -1.21466
189 6.3467 20.7248 -0.932106
190 20.8558 20.1601 -0.658478
191 14.6387 32.002 3.36875
192 37.7877 2.18816 3.19473
193 24.4247 27.6797 -0.327244
194 19.6187 20.1131 -1.14159
195 5.9929 15.6671 1.42711
196 31.6673 3.9314 1.64011
197 9.97292 34.2321 0.596833
198 30.6015 17.9789 -3.21865
199 19.0569 11.2315 -3.33949
200 35.2416 39.7107 -2.97067
201 1.16639 14.2589 -1.63121
202 13.2606 18.2916 -0.194342
203 20.9256 18.2048 0.883135
204 34.7349 31.3279 -1.3564
205 4.57694 30.6312 1.08094
206 10.6207 38.8415 -2.22661
207 35.5812 2.01413 0.345294
208 32.7795 20.2202 -1.31038
209 6.13831 36.0967 -3.30849
210 18.3091 19.8213 -2.02222
211 36.1983 18.8824 2.00023
212 31.0119 32.024 -3.92566
213 38.8005 3.04634 -3.00602
214 27.0921 18.5594 -2.20831
215 1.4845 15.227 -3.17763
216 32.6107 26.9782 -0.912615
217 11.6482 11.3838 0.602194
218 11.5872 11.8544 1.29643
219 26.0696 38.6174 1.10166
220 13.6343 3.65733 1.77948
221 21.5698 17.5852 -4.16689
222 36.5768 32.746 0.717492
223 17.2198 27.2507 1.80078
224 1.93565 26.3788 -4.5987
225 37.4155 8.63859 0.996588
226 27.5657 14.033 -0.922323
227 6.1155 9.42548 -1.37259
228 15.1711 0.365491 0.682559
229 38.4777 23.3151 -2.6047
230 34.2082 39.4721 -1.176
231 18.2246 32.6308 2.94745
232 32.5687 35.7436 0.017324
233 32.7824 5.47183 0.707435
234 1.60037 7.87802 1.02891
235 0.513971 11.1288 -0.243163
236 21.188 3.99922 3.02319
237 16.4921 21.9534 -0.231508
238 9.5568 11.8564 3.30897
239 33.0346 16.3322 -3.43025
240 14.512 14.8461 0.0448677
241 39.6613 25.0045 3.31955
242 33.4594 38.9971 -2.8665
243 31.1764 37.6631 -0.418083
244 8.41405 5.46168 -2.93337
245 18.7123 33.6432 0.331614
246 29.1807 1.96553 1.38579
247 0.857672 39.2935 0.695366
248 6.50967 26.4903 1.32066
249 6.04965 0.373864 -0.726134
250 20.3009 5.54161 3.37687
251 31.2629 4.75147 0.266621
252 28.1217 18.2024 0.40849
253 33.0799 15.1422 -0.0772021
254 7.91401 35.2156 1.20731
255 30.2254 25.479 -1.34891
256 5.11042 0.384804 0.334226
257 28.8666 18.5792 3.35867
258 27.0816 5.86398 -1.93239
259 38.0691 16.0207 0.975969
260 1.42626 3.45212 -1.76467
261 31.7385 20.4321 -1.13722
262 30.6387 39.5521 -2.83909
263 6.34174 35.6673 0.207103
264 13.588 21.4553 0.126227
265 0.355545 27.709 0.422143
266 38.7476 14.3435 -0.363256
267 12.1754 19.9784 1.17974
268 14.5422 16.6133 1.89686
269 33.0692 39.1407 0.275463
270 35.7878 12.2335 -0.467868
271 35.3902 14.1374 1.60193
272 22.2672 18.654 0.390479
273 33.1455 35.2395 -0.0323614
274 12.4161 37.3311 2.27013
275 14.7399 32.9343 2.65246
276 34.139 21.5588 -1.40085
277 4.47712 14.6646 -1.46946
278 5.5123 11.5059 -1.15375
279 17.6903 31.8146 1.76207
280 5.7484 30.5348 1.60185
281 25.1535 19.9417 -1.28183
282 9.29861 18.01 0.765032
283 23.5678 2.35875 -3.13721
284 33.4978 22.1359 1.24038
285 4.17868 30.3101 1.29095
286 37.9249 4.52386 -1.00951
287 18.9991 13.4185 3.04419
288 2.34678 39.6887 -1.50564
289 9.66096 32.584 3.12938
290 30.4664 26.7479 -3.73914
291 14.3061 37.3977 -3.12222
292 29.9883 21.1991 4.38608
293 16.2996 7.30039 -4.4991
294 27.3664 25.6131 0.845385
295 15.3172 14.4578 -2.20641
296 24.3936 25.0096 -1.16718
297 37.6024 33.1037 0.050553
298 18.7883 5.18711 -0.909911
299 18.2987 31.365 1.80601
300 20.9981 15.4759 4.51375
301 26.0782 28.6639 -2.51094
302 23.6393 38.0775 2.89509
303 39.9207 16.1173 -0.0124202
304 9.52431 33.8373 0.83872
305 0.795792 19.9328 -0.818439
306 22.9079 15.6419 2.8405
307 14.6002 19.9205 0.717514
308 4.37107 26.2948 0.916831
309 18.8266 37.6524 -1.37622
310 16.252 22.1222 -0.0165855
311 22.5307 21.8385 0.718501
312 36.7084 27.8248 -3.3801
313 26.6932 5.80886 -1.6933
314 19.1061 38.7097 -1.26925
315 5.53413 36.7843 3.83101
316 33.2439 38.7107 0.521298
317 17.1823 27.7439 -1.33913
318 25.5124 31.638 -3.55016
319 7.75392 10.6618 -0.936501
320 11.5618 17.8448 -0.992312
321 22.8564 10.295 -4.83914
322 0.65595 37.2338 1.91697
323 1.33807 37.4843 2.92944
324 23.7319 17.5276 1.11883
325 13.1654 30.8134 3.36361
326 14.2689 11.8515 -0.878414
327 10.7609 33.5175 -1.79748
328 17.7704 32.599 3.68313
329 13.3045 17.453 -1.08837
330 38.0172 14.8408 0.185332
331 25.343 2.73633 1.46269
332 35.3865 3.18494 -1.90898
333 34.3501 25.3016 2.62798
334 12.1877 9.35153 2.21435
335 4.89878 37.4205 2.9628
336 22.0415 7.99639 3.86927
337 8.09176 19.4761 -2.14419
338 21.9766 20.933 -2.05345
339 37.1689 32.062 0.747261
340 14.9009 15.7982 1.76984
341 28.3275 25.3392 -0.898562
342 15.8604 12.8901 0.56791
343 9.42683 15.7213 -1.39014
344 12.0206 3.82964 0.0339999
345 38.9842 32.5242 -4.55851
346 18.9335 12.2381 -2.96838
347 10.505 35.1827 -1.67757
348 11.093 18.9022 -0.38314
349 17.4365 19.3848 -0.0836689
350 10.2718 13.2317 -0.983052
351 0.125186 23.9153 -0.0601086
352 27.4655 24.2666 4.07374
353 21.1417 14.8379 2.88989
354 4.83188 35.7363 -1.17424
355 17.3653 17.2438 -4.31184
356 37.0807 1.52434 0.23977
357 10.1989 13.8023 0.160605
358 13.6539 14.3216 -0.123205
359 24.7216 26.2387 0.12995
360 28.703 24.1196 2.12689
361 31.4074 30.621 0.235972
362 33.7861 27.0162 1.21741
363 33.7362 11.7094 -3.16622
364 12.4481 10.9527 -1.12611
365 2.33927 33.1314 -0.00258759
366 10.3867 39.4342 -3.54947
367 7.30991 37.7956 0.842752
368 17.9036 11.8674 0.0755483
369 14.1092 10.2545 1.39788
370 19.9629 33.3523 1.75378
371 27.1287 18.2839 0.0828347
372 23.3514 29.1532 3.2815
373 19.3276 15.099 -2.45293
374 9.97212 11.5773 2.55995
375 7.49211 9.76764 -1.76192
376 39.0499 31.6105 -1.65802
377 35.584 6.70765 -2.66732
378 15.5338 5.3444 -2.12996
379 5.39873 34.648 -0.228759
380 32.766 32.1467 0.476069
381 13.3806 34.4709 3.78533
382 2.23732 17.6128 -1.74105
383 22.8863 33.0208 -0.585234
384 31.396 8.88973 -2.77146
385 20.6122 29.0715 4.892
386 29.8595 11.1275 -0.409571
387 36.976 38.4154 0.748943
388 30.8491 30.2226 0.732342
389 13.9055 4.52304 4.07642
390 25.6706 13.1299 2.75524
391 6.64003 14.4362 -1.58278
392 22.7601 18.5494 0.712438
393 19.13 38.0748 -1.42345
394 24.9901 9.32231 2.35526
395 39.8028 15.1104 -1.95952
396 10.9432 36.8884 -1.70677
397 8.48167 15.5465 -0.333463
398 31.3966 36.0427 -1.09008
399 32.2705 9.99637 -0.325507
400 3.22338 39.7122 1.29374
401 28.4508 26.157 1.57931
402 34.2947 8.63364 1.25041
403 4.96814 29.4893 0.229505
404 23.6491 32.8949 -1.5331
405 0.95222 23.5724 -0.155921
406 20.004 9.22494 1.03309
407 35.2818 14.4172 1.33207
408 13.1098 5.58154 -0.119611
409 28.1826 7.37628 -0.15329
410 19.7037 23.4536 2.62893
411 20.8711 30.6688 -1.8386
412 1.26899 39.3752 1.2552
413 7.23565 16.9776 2.30259
414 11.3012 6.48514 -3.04832
415 11.3664 24.3291 0.0610863
416 9.36849 33.4306 -1.89603
417 2.36749 39.8597 -0.817283
418 24.1931 22.565 3.83454
419 21.8581 12.2378 -0.913302
420 27.4594 2.63914 4.46285
421 6.20246 12.5856 1.66934
422 12.404 14.1657 0.532668
423 38.3381 5.77794 2.11891
424 22.7572 18.9444 -2.46216
425 18.8979 8.14353 2.23275
426 14.2994 17.873 -0.570123
427 20.2276 25.2739 -2.33438
428 9.38863 5.87035 -0.688576
429 38.809 5.59743 2.3122
430 9.07695 15.0369 1.00827
431 7.93271 9.56273 0.74523
432 15.734 33.1824 2.91036
433 24.2181 24.0213 1.96378
434 14.4874 18.1674 2.64286
435 38.4914 33.0144 -0.968964
436 39.5505 29.8314 -2.90161
437 9.60118 3.41643 1.95518
438 2.14849 33.7297 0.565541
439 38.2231 17.5629 -0.0289624
440 22.3637 8.41897 2.6985
441 14.7059 37.0581 -1.41226
442 13.5031 14.8581 1.52474
443 21.705 22.7626 -0.116544
444 14.6019 17.9429 3.98568
445 15.3867 19.6393 -1.6637
446 17.2118 9.63578 -2.81947
447 12.729 3.68534 0.697986
448 31.6175 19.6415 -1.14504
449 19.8867 15.5559 -1.62465
450 1.53476 15.7893 -0.268087
451 31.4379 15.9527 1.44817
452 8.2256 11.1924 -2.67925
453 10.1988 19.5614 2.9013
454 35.5291 8.0543 0.765908
455 30.2227 39.2787 -1.24894
456 8.58723 12.8747 -0.129375
457 24.075 12.8588 1.75997
458 24.2966 19.5309 -4.17855
459 12.7148 36.7717 1.35074
460 3.66012 39.4446 -0.12104
461 9.4588 1.09359 0.514002
462 20.9564 21.7328 0.615669
463 5.93942 33.6178 0.411918
464 29.3657 31.4426 -2.13674
465 23.8142 10.8312 -3.07057
466 36.9278 26.7503 3.62624
467 10.0637 32.8033 -1.44169
468 15.7389 33.8622 3.46473
469 26.2459 35.661 -0.690078
470 9.63263 15.8281 -1.73453
471 34.1099 25.7283 4.72394
472 15.2372 39.3069 -1.10161
473 11.8481 35.4667 1.39364
474 5.62318 39.0582 -2.59372
475 33.1532 1.0115 -4.08403
476 13.3031 15.4254 0.822607
477 8.0503 34.4083 -1.05649
478 28.8121 26.1985 1.01306
479 39.632 31.2723 2.95378
480 36.1312 22.7469 1.29292
481 31.3952 2.94486 -0.73558
482 12.8523 33.4985 2.78726
483 7.05429 33.9871 -1.23598
484 21.2427 35.8624 -3.49444
485 6.03322 38.9619 -0.617137
486 18.8479 27.1972 0.508279
487 30.4348 31.4352 0.138419
488 37.9409 6.41056 -2.08424
489 21.9121 3.67924 0.861512
490 7.71128 7.95609 0.753472
491 16.4489 14.0106 -1.64445
492 20.2024 37.8838 0.39289
493 2.176 28.5779 1.82711
494 11.2432 12.4183 0.976321
495 35.1779 7.93898 -2.07596
496 24.2901 26.0699 -0.153479
497 12.055 37.5322 2.47994
498 19.953 13.687 1.48027
499 8.59345 17.6111 2.37779
500 7.90998 10.3092 1.10503
501 33.4247 7.05934 -2.18609
502 4.51729 2.30477 0.803104
503 21.7929 21.8427 -1.93826
504 4.78078 39.5206 0.343218
505 7.97016 9.02878 0.866475
506 27.962 23.4927 2.35072
507 22.8003 13.1298 3.72304
508 13.251 31.7108 2.50878
509 17.6405 37.5882 -0.919483
510 29.9579 9.52841 -1.47998
511 21.9749 32.9959 -0.607095
512 29.8987 23.3404 0.782312
513 18.146 20.8497 -0.698029
514 4.31216 32.6872 3.80427
515 16.577 12.4783 -2.56491
516 14.7787 36.0119 -0.625892
517 11.831 15.0691 -1.19129
518 0.254943 3.72213 -3.04682
519 22.0324 19.9243 -0.0424128
520 0.975839 2.17918 -0.847641
521 38.7353 36.1845 3.7622
522 29.7365 22.4054 -0.986978
523 13.5596 17.0633 -0.245566
524 15.9192 25.5158 -1.93571
525 10.3096 13.4708 0.620892
526 14.2598 24.1435 -3.54608
527 10.2603 2.39884 -2.85584
528 18.1873 8.92016 1.14899
529 32.3653 38.2608 -0.765827
530 29.8986 17.0988 -2.44988
531 28.782 0.280917 0.0150311
532 19.1225 37.2924 -1.1439
533 8.7295 33.617 2.47701
534 8.94451 22.9868 0.0366972
535 32.7039 4.56353 0.942197
536 37.5528 15.6792 -1.11768
537 1.70413 25.6364 -3.73077
538 14.7166 39.7922 -1.44383
539 19.0078 9.98039 0.870437
540 36.1157 16.8826 -1.67173
541 21.6737 21.9952 -1.01364
542 30.8005 30.7394 0.865911
543 7.12329 17.1578 1.36329
544 33.0594 35.6578 3.37338
545 6.86362 24.1137 -1.60357
546 34.9694 0.199357 -2.36581
547 0.503998 10.3326 0.318334
548 37.0629 1.40701 2.90825
549 39.9978 31.0073 4.54576
550 1.04718 26.3545 -4.3731
551 28.3544 10.0552 -1.76494
552 15.0402 0.696476 0.410547
553 8.81109 32.9112 -0.264991
554 13.0217 7.05532 0.556379
555 34.2194 5.26177 1.11762
556 39.1018 16.9354 4.11855
557 9.7281 14.0085 1.09004
558 29.1727 0.915486 1.30599
559 30.3158 28.6375 -1.07617
560 34.6401 21.6872 0.768948
561 39.3997 36.2777 1.84678
562 11.7859 20.6897 -0.172426
563 4.64519 12.5076 -0.0397824
564 11.6984 27.015 -0.736368
565 3.78489 20.9623 0.829028
566 11.6168 35.3203 -0.876742
567 25.3504 14.9944 -0.14577
568 5.29474 1.9368 -0.046417
569 29.8394 29.7232 -1.07463
570 2.6069 30.3336 -1.25702
571 13.2498 13.3982 1.51356
572 31.7265 27.1157 -1.81842
573 23.393 30.1379 3.24262
574 14.0721 26.8741 0.244068
575 15.3793 17.8928 1.85265
576 4.57197 1.36265 -0.164828
577 25.0882 36.097 2.58062
578 9.52172 31.9683 -0.740677
579 14.2752 11.188 -2.02762
580 6.84722 26.4508 4.05641
581 6.26291 22.1458 -0.423351
582 22.0305 17.0758 -3.75913
583 22.4683 32.3663 -1.14761
584 39.7124 13.7521 1.72043
585 2.69581 23.7794 -0.788725
586 23.3384 21.1537 -1.26119
587 28.775 39.6059 1.30157
588 20.7575 32.4695 2.08501
589 24.399 11.646 2.8593
590 0.396972 6.30637 -1.12195
591 15.0787 24.8173 -3.93444
592 26.948 27.97 -1.0198
593 5.49299 21.3534 -1.24758
594 1.84683 5.15253 0.721132
595 33.0305 26.7735 -3.83301
596 38.1352 1.99393 0.285381
597 28.3293 12.0708 3.28777
598 0.770023 15.3897 0.117155
599 5.29874 34.6739 -1.82806
600 0.438726 35.7635 -2.31536
601 17.0909 35.406 0.777379
602 17.6654 21.0414 -0.138941
603 16.4213 6.61763 -4.79409
604 33.2051 32.4636 1.99731
605 15.8078 23.8227 -0.959369
606 36.4424 29.5897 -0.0340687
607 37.823 14.2088 -2.81432
608 7.67444 1.13852 2.87806
609 26.8398 7.19782 2.28054
610 31.5162 24.8479 0.440925
611 39.5532 24.3724 0.22861
612 21.9045 11.7068 -1.17032
613 17.792 12.3329 -2.9663
614 32.8859 1.68108 1.02852
615 32.9485 5.42851 -1.62504
616 32.1227 19.8509 -2.15134
617 27.8352 24.2178 1.60407
618 5.87699 39.6921 -2.02365
619 20.6381 30.5486 -0.144935
620 35.8666 2.55125 -1.79478
621 24.0081 16.7907 1.51647
622 30.7327 9.55879 -0.69707
623 20.9001 15.7497 3.6984
624 36.5915 5.72578 -3.25383
625 13.9806 6.09709 -1.52031
626 5.10313 38.6538 -4.44234
627 1.97257 37.1978 1.36817
628 17.6444 6.91337 -1.62876
629 28.4638 7.38619 0.292759
630 37.3032 39.0989 3.72001
631 29.7094 2.34388 1.18695
632 34.4106 31.9446 -1.04315
633 4.7937 22.8813 -2.40486
634 36.2143 11.6148 2.6865
635 27.4167 25.3941 0.63448
636 21.9101 12.7045 0.552294
637 5.63312 31.0132 0.0142697
638 31.0695 30.0916 0.664233
639 29.1222 20.3137 1.03897
640 8.93139 16.7244 -0.284337
641 34.3385 4.9916 2.02947
642 12.1772 33.8332 0.647881
643 30.8755 35.7719 0.0990716
644 9.9358 5.48562 -0.693153
645 9.15989 8.47728 0.819795
646 13.8593 3.07077 1.54485
647 7.22082 6.50083 -0.933032
648 29.2792 31.5535 -2.50635
649 12.7035 13.9565 0.371787
650 24.0142 18.9111 -0.751066
651 27.0821 20.4725 -2.06673
652 4.80907 30.3781 1.41354
653 7.59056 37.4853 1.09466
654 24.0667 18.7337 -2.23781
655 33.5461 29.9371 -1.0675
656 10.2177 11.289 1.15773
657 24.2408 9.2135 1.34886
658 8.63612 22.8921 -0.40511
659 4.0582 38.072 3.84288
660 24.207 16.7359 1.29054
661 0.467681 11.1878 -2.22092
662 35.0237 0.255047 -4.40859
663 6.37765 16.2917 2.39062
664 36.6665 17.5029 -1.5461
665 32.1038 38.4346 -0.0912585
666 28.7358 1.5842 -0.407354
667 34.3184 31.8654 0.100139
668 13.8994 30.3671 0.293418
669 9.08188 32.0352 -4.43173
670 38.2176 31.1887 4.1168
671 32.834 1.55895 -0.986216
672 16.5798 34.2104 3.40644
673 37.9313 5.25648 0.675834
674 2.95935 19.6465 0.576679
675 30.7309 16.6603 -3.14938
676 39.2223 2.19003 3.95312
677 5.72131 21.3755 -2.87842
678 21.5646 39.5289 -4.63938
679 22.9015 20.7001 -1.94381
680 21.2479 35.1037 -1.92263
681 10.8596 35.7476 -0.592793
682 37.0299 1.81033 2.7123
683 21.8838 25.8184 0.16355
684 2.02924 26.6833 -0.913169
685 23.5653 31.3851 1.19878
686 1.81365 36.44 1.28308
687 18.7528 12.366 -4.34644
688 29.3184 9.39133 1.44965
689 7.54799 6.59546 -1.09885
690 10.7388 37.9062 -2.80829
691 18.662 32.6907 3.04933
692 27.3884 18.3267 -1.50157
693 1.34559 20.978 -0.974323
694 26.9999 18.5614 -0.997461
695 13.5911 30.7742 1.13291
696 16.4521 23.754 -1.87148
697 29.0312 5.23135 1.72934
698 34.2054 9.31089 0.17289
699 37.0913 23.6479 -0.494908
700 5.7926 39.8512 -0.777851
701 12.652 38.1372 0.775196
702 7.92776 34.4436 -1.56621
703 1.94227 11.0947 -3.30619
704 30.7969 39.0065 0.221226
705 5.63622 22.0945 0.0300722
706 36.4371 35.7412 3.25051
707 19.8909 1.88423 -2.84958
708 38.1021 18.1793 -0.413434
709 27.5125 16.1613 -3.78433
710 19.1038 0.551434 2.47359
711 31.5761 31.2304 -2.31916
712 29.0118 22.5611 2.33101
713 36.0626 18.0279 3.83113
714 27.2023 33.6984 0.473699
715 35.1673 32.3179 1.28457
716 18.7388 32.432 1.98448
717 15.6161 31.7201 -0.74587
718 2.78266 27.7992 0.523586
719 10.6673 31.6617 1.70989
720 12.3601 18.586 1.61203
721 18.2759 35.3504 -1.84631
722 4.4992 0.332187 0.532409
723 6.11166 39.4434 -1.18238
724 20.0701 38.3023 -2.32859
725 29.0038 33.4312 0.850088
726 1.80643 29.4781 2.06269
727 10.7429 23.7126 3.23953
728 5.24498 35.3805 -1.65687
729 16.6791 1.83004 -1.72336
730 20.728 10.3152 -0.732145
731 31.1401 18.5821 -0.364165
732 21.4556 38.4708 -4.43437
733 28.2434 31.0559 -3.29794
734 35.8715 11.6648 -1.39309
735 17.607 32.356 -0.393356
736 22.6415 26.4048 -1.45973
737 2.4837 32.8649 0.0550028
738 21.4882 12.2197 0.32832
739 11.4092 21.7278 -3.77384
740 31.0779 21.3439 -2.97858
741 7.14848 23.3177 -1.05179
742 15.3197 13.9685 -2.24895
743 27.2365 23.8466 4.63058
744 34.0284 21.2617 -0.350596
745 16.7218 38.2296 0.00175831
746 16.9643 9.95677 -1.67149
747 18.2637 25.2904 2.70362
748 18.1897 33.3985 -1.01935
749 6.80144 5.62524 -3.00063
750 0.140648 33.3785 -1.26637
751 2.26305 36.3618 2.67069
752 6.40226 16.8362 -0.564312
753 18.1612 19.5772 -2.91275
754 30.3902 25.4037 -1.02176
755 31.7571 7.96731 0.924221
756 11.9966 9.39333 0.343713
757 6.36049 30.9293 1.88618
758 0.921205 20.2102 -1.57965
759 10.335 30.6496 1.77233
760 35.6487 29.9504 -1.34829
761 10.2854 19.94 1.66843
762 23.2152 27.6417 1.32591
763 2.0012 38.4382 0.76379
764 15.3161 16.2821 1.39061
765 37.6796 15.7511 1.34029
766 7.886 11.6118 -0.703991
767 29.9273 8.88972 2.1913
768 7.54417 16.1413 0.120745
769 16.5808 31.3918 0.509201
770 2.93273 24.4241 -2.29077
771 6.71267 19.0216 -0.982526
772 14.3727 32.3937 2.25971
773 33.9015 29.8355 0.222886
774 3.7716 32.8514 3.69836
775 14.9508 6.58596 -4.19901
776 6.92004 11.7601 1.53824
777 35.034 29.1767 -1.73013
778 35.8669 29.6307 -0.151732
779 17.283 2.60035 -0.490735
780 0.663369 4.98657 3.44325
781 8.50765 35.0594 -0.373811
782 9.23614 5.45556 -3.89469
783 13.6901 12.9079 -0.652904
784 35.9697 2.32079 2.69582
785 17.7269 10.2396 -1.71331
786 5.17254 18.5626 0.843233
787 35.5733 3.41232 -0.344163
788 5.81512 32.8006 -1.03649
789 38.9085 3.13256 0.921634
790 13.6614 28.0451 1.70366
791 13.9832 21.0195 -0.470003
792 12.7954 18.6616 -1.08635
793 19.5092 33.5844 -0.12876
794 20.8355 23.5331 -3.70744
795 39.7985 3.24341 -1.03524
796 16.6483 12.0559 -1.78934
797 2.17488 28.5156 2.1047
798 28.539 10.7275 -0.662094
799 30.1337 2.96194 2.04196
800 35.6344 10.0601 -0.262568
801 16.1581 18.0513 2.58657
802 34.7759 24.6485 -2.93413
803 10.8543 38.6527 -1.06066
804 3.84862 20.2095 -2.09113
805 1.81246 23.0672 1.84191
806 4.19726 29.3638 -0.826989
807 29.7728 17.4363 -3.27736
808 17.2403 30.1464 2.27668
809 29.025 19.7137 3.88778
810 14.7239 33.8268 1.88199
811 38.8416 26.5778 1.7747
812 7.42566 12.6991 0.806306
813 3.16818 10.9861 -2.30161
814 27.1703 35.3736 -2.31728
815 27.6283 16.6558 -3.83211
816 15.3287 36.629 1.8965
817 17.5025 32.1459 -1.45778
818 9.85305 6.21574 -1.42641
819 32.6866 6.14521 -0.840666
820 8.4332 38.885 -0.165457
821 14.7012 10.1638 2.19771
822 4.86491 38.4128 -2.73586
823 25.6204 2.38251 1.0458
824 27.7242 13.7144 -3.98128
825 35.6249 1.47827 2.18094
826 6.92232 15.8473 0.0336466
827 34.5664 12.1663 -3.18483
828 14.5963 16.4136 0.605992
829 10.0142 30.4244 -0.838409
830 11.9493 14.1059 -0.119579
831 19.1629 36.7264 -0.166741
832 34.4565 3.78309 -2.41184
833 11.0997 14.9581 0.127007
834 19.1257 9.71081 1.86
835 4.85609 31.3619 1.42562
836 22.0298 32.1932 -3.41109
837 32.0835 36.8569 1.39066
838 19.5094 6.7288 -1.24049
839 5.48567 13.9198 -2.08894
840 27.0334 16.7181 -0.720085
841 26.5933 35.3986 0.723544
842 19.8828 34.1348 -0.654701
843 17.9264 4.83898 1.01996
844 3.14244 23.6447 -2.40997
845 4.24876 31.3165 -0.741664
846 6.19934 21.8013 -0.795086
847 38.6368 26.5028 3.28917
848 27.3026 25.5684 0.110167
849 19.7052 19.3921 -1.34999
850 32.156 36.3029 0.897776
851 9.54687 5.40671 -2.18203
852 28.6695 23.6677 1.87354
853 19.042 18.6604 -0.706081
854 39.658 39.3787 2.84401
855 15.5808 34.7833 2.83983
856 10.6923 33.1963 -1.27485
857 12.7778 32.7234 2.61052
858 33.5909 27.929 -2.06557
859 10.8167 36.2181 0.414075
860 38.5434 16.1507 0.598198
861 7.35868 12.8873 1.50683
862 6.19122 24.0968 -1.6172
863 13.3616 11.2134 -2.75942
864 11.4624 12.0898 2.59597
865 23.2075 33.5351 -2.62543
866 28.585 1.02157 1.77889
867 26.8688 24.4645 2.88085
868 31.7872 27.6336 -0.55635
869 3.73211 18.2822 4.50008
870 37.9474 3.61432 0.909121
871 20.0653 25.9804 -1.27072
872 33.3626 16.8485 -1.95078
873 9.4196 15.3047 -2.65705
874 26.9587 12.1006 -2.83927
875 29.6247 0.288089 0.578399
876 17.1469 19.5278 -0.635968
877 34.0413 15.1169 -2.53066
878 36.2677 39.6337 -2.07714
879 5.03474 30.7753 -0.463069
880 33.9618 21.9806 -0.867324
881 15.5688 21.3325 0.866302
882 29.2837 2.04131 0.76157
883 34.851 29.5446 -1.76217
884 2.02614 17.472 -0.919302
885 16.8387 13.3564 0.164834
886 19.6801 22.3223 4.60121
887 3.82585 22.3353 -0.731852
888 34.7131 24.4353 -3.3388
889 37.8074 4.72576 0.394918
890 14.3586 14.0729 -0.446438
891 21.2986 21.8928 1.39178
892 21.6779 10.4854 -0.405329
893 32.8773 23.7904 -1.73097
894 31.4513 25.8352 -0.608975
895 34.3106 4.81601 1.60019
896 14.1344 36.6708 -1.81269
897 2.43571 12.4558 -2.20473
898 21.4696 21.6319 0.610529
899 8.16752 20.8532 -1.93468
900 7.29966 37.0718 1.28252
901 0.518274 36.6724 1.9788
902 4.72092 29.8058 0.657448
903 10.6209 35.1613 -1.54481
904 17.3333 37.512 -1.17769
905 34.2764 38.7906 -2.87066
906 18.4948 13.8208 3.56403
907 10.6186 24.0553 2.141
908 35.6983 38.2293 3.07596
909 9.21957 36.3033 3.25327
910 0.462056 23.3132 1.97756
911 33.291 4.3178 0.108483
912 26.587 14.8905 -3.98383
913 36.9992 35.8754 1.31959
914 39.352 25.7675 0.944195
915 35.976 0.131884 -2.01298
916 36.0514 22.3785 -0.734837
917 19.0953 24.369 4.94338
918 37.8862 8.52746 1.68226
919 28.9108 25.0674 1.49352
920 2.86443 17.6048 -2.36091
921 28.3444 19.474 2.48404
922 22.9637 19.8244 -2.08797
923 6.28372 28.125 -2.77378
924 31.6762 29.5473 -0.586221
925 16.089 14.6387 -0.667043
926 19.5748 11.3833 -2.33761
927 1.29002 31.5719 1.07939
928 33.2775 3.12272 1.65861
929 8.31523 30.2693 0.0822222
930 8.16917 3.07411 -0.483141
931 14.9893 21.995 -1.67447
932 29.6376 24.8584 2.35111
933 16.2078 39.2398 -0.610683
934 29.6617 24.2706 0.00594033
935 9.33529 14.2283 0.722909
936 14.5618 17.6097 0.477627
937 28.2602 4.97165 3.0759
938 14.0128 16.0972 0.459931
939 11.1328 1.61661 -0.691537
940 13.8924 28.2955 1.39611
941 30.3927 25.3195 -0.131854
942 12.3275 19.0929 1.83088
943 13.2158 4.4936 -2.0621
944 7.16438 36.8131 -4.42554
945 1.34449 5.09468 0.100945
946 13.4359 16.3476 0.938568
947 11.9012 8.67358 0.698322
948 16.6449 9.36519 0.512512
949 8.07548 7.93676 -1.98052
950 5.06995 23.96 -3.1843
951 12.037 7.52958 -0.632224
952 12.3426 23.4475 -0.426577
953 35.6239 19.7406 0.999932
954 8.25471 35.3173 0.724829
955 8.82014 1.4525 1.74045
956 31.1679 15.0015 -1.32444
957 34.0984 18.068 2.50212
958 6.2259 3.45706 -0.268512
959 36.0307 15.8097 0.616777
960 11.2617 35.7214 -0.087132
961 7.04001 21.5655 1.14718
962 14.5086 30.8795 -2.36049
963 10.5813 37.7974 -2.11552
964 38.8164 4.13547 -0.444174
965 37.3819 32.2181 -0.149682
966 12.6519 12.9124 -2.32522
967 19.073 36.3179 -0.487067
968 38.9187 15.4529 -2.41106
969 15.2751 2.80375 -0.272361
970 11.8087 36.9207 2.44168
971 20.8201 15.3438 2.82823
972 12.61 18.0906 1.15161
973 4.61337 21.4657 -1.7068
974 36.9441 25.2244 -0.119433
975 6.35333 19.3316 -1.36059
976 8.38707 15.5209 -2.04625
977 6.91342 36.7332 3.70968
978 12.1813 34.3053 1.50546
979 7.90708 6.49543 -0.183226
980 34.6372 15.9691 -0.288223
981 7.02246 21.0411 -0.979589
982 33.9262 39.4436 -4.58769
983 36.7691 22.4006 -0.132405
984 11.9582 28.244 -1.90383
985 0.145518 25.2346 0.948746
986 22.1205 21.5605 0.200774
987 10.197 12.2728 2.40671
988 7.02053 24.3024 -2.70374
989 26.9493 30.0957 -1.11881
990 23.9175 16.2323 -3.10643
991 15.6498 18.0272 1.93893
992 6.80949 12.3704 1.3213
993 11.7304 15.1912 -0.227011
994 24.171 19.2192 -2.16362
995 12.5771 14.7704 0.0162765
996 37.1933 23.911 -0.911838
997 3.89354 14.2888 -0.332207
998 34.4018 39.722 -1.89338
999 38.3528 5.96312 1.70914
