1000
Particles
0 4.12322 34.8566 -4.41734
1 28.8318 29.3051 2.13262
2 15.3895 6.65492 -1.37018
3 10.2376 3.85817 1.24518
4 22.5985 23.5498 2.19718
5 13.8996 16.8591 0.113874
6 31.6124 2.71504 -1.34992
7 34.0541 18.688 -0.758601
8 7.17919 17.0673 3.70482
9 2.70285 25.1815 1.33682
10 24.4901 3.40462 -1.55399
11 11.5739 29.0928 -1.09689
12 32.0408 32.8099 0.530425
13 16.7371 2.23795 4.4186
14 18.9006 28.7787 -2.83464
15 15.9525 30.0118 0.834356
16 28.2341 29.8221 4.1106
17 38.0129 23.4973 0.0741929
18 33.8877 15.1298 -0.713188
19 15.0865 28.0452 -1.3282
20 0.0438811 10.4947 0.71551
21 39.1641 2.01638 0.161101
22 7.32993 5.25738 0.443117
23 36.2815 23.7917 1.14788
24 34.0014 6.68411 -1.93439
25 1.51168 29.3873 -3.59047
26 24.076 31.3255 -0.613448
27 15.0674 7.80435 0.160765
28 13.0922 34.9883 -3.04876
29 29.5075 2.69873 -1.34609
30 13.5571 16.5961 -0.612707
31 11.4441 11.3655 1.07576
32 30.2293 39.4243 -0.149861
33 9.10665 34.3628 3.54123
34 24.5701 28.1808 3.04134
35 24.4905 20.8207 -1.58998
36 19.071 3.38659 1.30823
37 32.9043 30.4301 3.3371
38 31.5477 2.13669 -2.63298
39 32.8958 23.5513 -3.30627
40 39.0059 38.1876 0.128042
41 13.4832 8.18656 -4.00645
42 37.7095 17.8867 -0.0282095
43 22.2647 24.1191 3.52168
44 19.3572 24.1011 2.47634
45 0.13205 22.0857 1.26465
46 37.0359 9.33618 2.26084
47 29.3227 15.9075 -0.392102
48 4.69612 0.604622 0.733948
49 6.17103 33.7697 -4.62386
50 6.16538 31.1492 -0.195203
51 27.4615 3.89207 -1.50205
52 33.5497 8.46281 1.72141
53 16.5275 3.73913 -2.96543
54 21.3022 11.6039 2.23828
55 7.49689 11.5584 -1.9599
56 12.1261 15.2905 1.51999
57 10.4782 34.5162 2.14009
58 31.094 28.451 -0.0697541
59 4.78796 35.5764 -0.651036
60 7.26099 23.0343 -2.67207
61 25.7457 33.8052 -1.62464
62 39.3262 4.11198 2.10458
63 13.7394 13.3545 3.01922
64 30.6692 29.1678 1.06375
65 11.6848 0.921127 -0.601625
66 2.41173 18.1389 0.686319
67 23.6699 22.3486 2.24649
68 38.9412 6.44532 1.79312
69 12.5615 39.9861 -1.76933
70 10.3718 4.60319 0.511668
71 18.949 17.4591 -1.86363
72 4.80365 14.6231 -1.65917
73 24.2515 29.009 2.82368
74 10.3356 4.10526 1.23034
75 28.5069 31.0617 -2.18263
76 30.7742 1.41446 2.20116
77 9.04883 27.491 -2.33634
78 2.11188 29.7574 -1.48643
79 3.42107 39.4177 -0.116442
80 36.6891 14.8468 1.40789
81 13.5863 36.9032 -2.2851
82 14.8484 14.0954 1.36557
83 12.1598 28.4509 1.4377
84 25.2951 9.05131 -1.81339
85 0.534654 17.3441 1.94873
86 20.3085 13.4236 -2.17187
87 27.5789 34.8297 -3.60359
88 10.9216 1.549 -0.740485
89 9.17882 3.53888 0.842641
90 38.9156 31.7542 1.60064
91 26.6429 15.9305 -0.134297
92 18.4094 28.0554 -2.27488
93 11.7719 0.809717 -1.26463
94 15.0054 26.7603 3.38295
95 17.765 3.98095 2.32641
96 10.3116 1.98384 -1.78761
97 21.7083 38.8863 1.38515
98 4.32078 19.6315 -3.6634
99 11.5995 4.12853 -3.78565
100 34.8863 21.4569 -0.263724
101 18.441 23.3448 -2.23959
102 24.0716 35.4325 1.99286
103 20.1743 38.0166 0.728236
104 19.859 8.97038 -2.89306
105 14.1835 39.4418 2.72341
106 33.5691 25.3025 2.1507
107 19.7076 22.1036 -0.167775
108 39.8929 23.7851 -0.354207
109 38.1806 31.5884 4.10954
110 39.5136 33.5826 -2.39682
111 33.902 31.8339 0.326793
112 33.8904 3.32591 -0.0214805
113 36.3987 35.4565 -3.40958
114 31.3731 23.7624 -0.948348
115 26.5239 16.0117 -1.36946
116 19.5834 30.9701 -2.67053
117 33.2294 30.8353 3.56341
118 18.7203 7.06721 -0.404693
119 32.3251 11.0059 -0.448321
120 27.9066 33.2177 1.57187
121 15.7586 16.6277 -0.601706
122 29.0938 27.3085 -2.48055
123 11.5426 28.5077 -0.756218
124 13.3277 3.00124 -1.15902
125 21.3418 6.02468 0.443356
126 31.9411 37.1168 -1.5293
127 32.4233 4.40907 -1.88288
128 26.3735 6.12265 -1.72813
129 1.79895 15.1952 -3.00387
130 24.6322 13.1236 1.47773
131 18.5312 27.5972 -1.19651
132 16.9834 37.4925 1.58184
133 39.5377 1.90261 1.31379
134 10.4506 33.1601 -0.852802
135 19.3176 3.1727 -0.189387
136 29.5503 39.9977 -0.889987
137 23.913 23.1892 -1.33104
138 2.9227 14.5509 -0.653166
139 14.0002 35.6683 -3.03582
140 29.6355 1.19486 2.19864
141 27.8008 0.931893 3.9471
142 20.3254 16.8492 -0.370499
143 21.6248 19.2861 -0.99287
144 39.2901 31.0771 1.0316
145 23.3039 28.8199 -2.71714
146 35.0813 13.9873 1.77809
147 36.9182 32.1656 2.75255
148 30.4464 7.71045 0.0330668
149 12.7454 15.4857 1.32018
150 11.412 25.6014 -0.00511349
151 28.8958 0.319924 -0.0552902
152 16.745 10.4739 -0.0784168
153 16.0028 9.67057 -0.8194
154 27.0055 37.5708 3.19691
155 38.4653 24.2437 -2.57881
156 39.509 24.1699 -1.45581
157 19.675 3.20664 1.71269
158 13.2801 3.34925 0.787356
159 29.0286 31.6854 -1.92284
160 8.17484 21.1063 -4.49522
161 11.5549 24.1101 -2.46055
162 24.1407 22.3568 0.0398352
163 12.5417 13.082 0.306522
164 20.3263 9.56981 -1.75863
165 32.5102 3.76027 -3.0581
166 36.7674 3.28673 3.59918
167 6.27245 36.6153 -3.30202
168 34.8283 28.2167 2.11619
169 2.9548 4.19268 -0.500863
170 34.1635 36.3137 1.1887
171 22.9266 31.0315 -1.22238
172 11.2349 19.2003 -1.29635
173 35.0715 28.4402 0.857929
174 20.8002 10.9172 2.2051
175 1.36317 12.6429 -0.238536
176 24.394 20.6836 0.0988598
177 11.1554 4.39014 0.547314
178 32.8248 25.9672 4.8459
179 20.3651 13.0932 2.78417
180 17.5971 7.46803 1.39034
181 14.7927 25.8363 2.57619
182 15.1374 25.7276 0.344494
183 38.4796 20.9601 1.55237
184 2.52414 0.710836 -0.587459
185 9.46306 9.97732 -0.12609
186 21.2319 36.7901 2.4753
187 36.1751 7.6644 -1.69254
188 13.1532 9.60162 -2.3418
189 9.66163 20.1446 -0.230179
190 24.8268 20.2517 -2.79804
191 17.0286 25.4945 -2.73166
192 2.90379 0.084319 1.95864
193 19.6883 26.2 1.0453
194 20.5093 22.5912 3.0296
195 5.9006 17.1039 3.38783
196 33.9069 2.03746 -0.879782
197 9.96734 36.152 -1.438
198 29.9717 19.4486 1.86123
199 19.3353 11.2285 0.550372
200 35.9087 36.6707 -3.26287
201 3.67974 13.0457 -2.98865
202 9.66042 14.9568 -0.42073
203 19.9491 17.8967 -1.62084
204 31.3458 24.447 -0.611024
205 7.47185 29.795 2.41719
206 7.6313 3.78985 2.09962
207 32.3546 2.29505 -0.266333
208 35.2429 21.1602 0.813449
209 4.89233 1.25824 1.04584
210 21.7451 19.9529 0.510335
211 33.7334 22.1578 -2.16487
212 29.7131 32.7681 -0.158741
213 39.0342 0.859323 -2.55175
214 27.7644 24.4687 1.2746
215 4.61357 14.9799 -2.20089
216 30.5996 28.6905 1.00031
217 11.1963 8.2944 0.189268
218 6.86873 14.6003 3.94055
219 26.9535 36.4916 3.52275
220 13.6288 3.94538 1.14389
221 19.975 22.7312 1.95
222 0.634497 30.5796 -2.55228
223 16.4585 24.1077 -3.75546
224 4.26321 28.4138 -3.75683
225 1.17966 7.56766 -2.93547
226 26.517 12.374 0.092925
227 9.9975 7.93046 -2.00498
228 13.3365 3.20453 -0.0879637
229 3.1777 26.5112 1.87807
230 36.4067 37.6105 -1.77511
231 16.0733 28.4784 -1.01961
232 37.332 32.4999 1.85946
233 34.3882 3.08 2.1103
234 39.1545 9.64406 0.267561
235 2.65661 10.4115 1.88351
236 19.4657 8.16378 -2.95015
237 15.2972 25.658 0.854513
238 13.9789 11.6222 1.42921
239 33.7798 9.75802 -0.458753
240 15.896 16.7296 -1.16351
241 38.6699 26.8298 -2.91064
242 29.1866 1.99388 1.15079
243 30.9825 32.0789 -1.21511
244 5.34658 4.94725 -0.00390406
245 15.4306 29.7822 0.612562
246 26.6034 6.32469 -1.34406
247 3.51034 4.14908 -1.83224
248 9.21388 27.8066 -3.31475
249 7.6536 1.71109 0.316283
250 26.7056 5.35423 -0.0911879
251 28.4682 3.59877 -1.18832
252 29.8545 15.4499 2.61118
253 33.7028 15.5764 -0.413002
254 10.6185 38.3648 2.26904
255 26.9866 23.6656 -0.301187
256 2.93436 1.86302 -2.01491
257 27.1045 17.6937 3.31013
258 29.528 2.79088 -3.83274
259 37.2598 19.6521 2.24992
260 38.162 3.7968 2.5797
261 32.0328 21.3726 -4.73451
262 29.5951 38.4287 0.854225
263 3.30607 34.5085 1.03813
264 11.8209 19.9303 0.248179
265 3.65873 27.6462 0.150155
266 3.76426 14.4771 -0.813018
267 8.67673 15.1114 2.35602
268 18.5228 19.9747 1.10284
269 0.601416 33.7179 -1.82405
270 33.7325 14.7288 -4.0818
271 39.2619 14.6669 -2.63368
272 21.9376 20.2001 -1.26742
273 36.7496 32.4315 0.224153
274 11.5105 39.2034 2.72006
275 10.1103 30.1977 0.16262
276 32.3704 20.7425 -4.63631
277 0.636769 21.6688 0.709517
278 5.12608 13.969 -1.75237
279 14.7047 28.5251 0.327521
280 7.06859 30.8395 3.3206
281 23.2917 26.0336 -2.24323
282 9.52256 19.2882 -2.61987
283 28.5421 5.06052 -2.0102
284 34.3065 17.2543 -0.852246
285 5.93282 32.2818 0.225978
286 39.4077 6.40014 3.67868
287 12.3589 15.9569 -2.5668
288 2.43483 1.85493 0.288866
289 10.0188 34.2724 0.113278
290 30.3625 26.1066 -2.77994
291 16.1955 1.92314 3.6096
292 28.6135 18.8683 0.861436
293 17.4321 9.9862 3.14672
294 29.7404 29.091 0.693132
295 15.0616 14.9693 0.889618
296 24.2039 28.1389 -2.00385
297 0.843038 30.8039 -3.98824
298 23.0442 3.54225 -0.398281
299 17.5537 25.9545 -2.23967
300 15.4706 14.7011 2.53521
301 20.0466 26.6974 2.51885
302 23.8407 0.988475 3.93007
303 1.33376 16.6116 0.274055
304 12.4522 31.7161 2.65407
305 2.04077 21.9768 -1.08691
306 23.1336 18.9633 1.8638
307 11.8968 19.8744 -0.509643
308 7.96593 28.8548 -0.00164763
309 21.9662 39.9293 0.0690487
310 16.1363 18.6185 0.373296
311 20.2023 25.7252 1.40987
312 37.4058 25.0184 -1.2853
313 27.8641 7.6748 -0.795643
314 21.425 37.9223 -1.09093
315 4.16922 36.1391 1.67725
316 29.1504 38.5027 1.76967
317 17.4865 28.1763 -2.0102
318 27.1236 31.0587 1.66417
319 6.66297 5.0207 2.82965
320 12.3213 17.4341 -1.50444
321 27.354 10.8045 -0.681949
322 3.01312 0.784441 -2.18629
323 1.45236 34.7082 -1.12169
324 29.0093 14.9808 1.75931
325 12.8519 30.1054 0.412482
326 16.0862 5.34593 -0.601676
327 13.2248 33.424 -0.39704
328 14.0446 31.1543 3.08355
329 12.9783 16.9061 -1.09895
330 2.92563 10.8923 -0.459666
331 21.5751 6.89633 -2.24452
332 36.1341 3.66729 1.93679
333 31.2023 29.5186 3.3451
334 15.2317 7.80636 -3.72263
335 1.89719 35.2537 -1.62816
336 23.5916 10.6859 -2.36463
337 8.67043 21.2728 -2.49168
338 26.3415 25.6849 -1.76761
339 3.35441 33.3158 0.749039
340 17.554 12.3186 2.30898
341 31.8161 28.7195 1.59637
342 16.4346 11.4929 2.31076
343 8.29923 16.3051 0.895329
344 13.0682 3.46435 0.478965
345 1.202 33.3732 -2.96296
346 18.91 11.7041 2.71837
347 7.76185 39.1823 -2.72324
348 11.0926 16.4013 -1.56868
349 21.8991 24.4187 1.85069
350 7.32778 14.2974 3.48867
351 37.7704 24.1922 -2.0236
352 26.7219 23.3527 0.383936
353 23.2718 16.8799 0.522049
354 2.82597 34.4607 -0.204056
355 16.9763 18.9439 -0.927684
356 1.51929 34.7816 -1.48991
357 7.46706 10.4664 -1.4914
358 15.2322 10.5134 1.35556
359 24.9007 24.535 -0.799808
360 30.8952 28.473 0.837551
361 30.6923 31.5225 1.43861
362 30.9784 29.8576 4.86424
363 34.9155 16.1619 1.22461
364 15.9852 12.5968 2.55236
365 37.8291 33.9547 1.58646
366 9.0411 39.1744 -0.94768
367 5.12001 39.6283 0.232473
368 19.4001 7.21025 -2.23526
369 18.9525 7.59565 2.2432
370 23.1016 34.7342 -4.96969
371 37.6421 18.1292 -0.596401
372 21.7005 26.3565 -0.874549
373 17.8594 19.1217 0.398845
374 8.72254 15.3094 0.631803
375 9.37213 9.15769 -0.221871
376 38.5895 29.8673 1.89607
377 33.327 9.86277 0.623235
378 18.4672 5.93299 1.46493
379 3.54615 38.3374 2.42725
380 34.312 38.875 -3.51663
381 15.4514 0.0381487 1.29402
382 3.41775 13.613 -3.09815
383 17.4046 27.1369 1.09567
384 27.9251 6.3361 0.209439
385 18.3311 27.3137 -1.2769
386 27.3141 10.3161 0.124778
387 1.7449 2.84073 2.18404
388 35.4222 32.939 0.0118227
389 17.1004 35.9967 -0.901089
390 31.4445 8.30745 -2.21714
391 9.21587 11.777 0.814494
392 26.9255 16.1632 -2.67798
393 19.556 37.3483 2.44856
394 29.4352 12.0499 1.1981
395 0.00230447 15.0276 -1.27643
396 16.2746 39.3968 0.143235
397 6.1498 17.7759 2.65166
398 28.9933 32.0406 -3.74737
399 29.6035 13.3435 0.328275
400 4.95168 1.46283 0.895098
401 29.108 28.4625 3.23918
402 0.0960721 10.6912 1.21328
403 10.2173 29.4283 1.89857
404 21.2993 30.5575 -1.43019
405 5.26945 24.4359 1.06288
406 16.5774 10.2379 -1.38101
407 1.81044 12.9501 0.887934
408 11.5834 4.62559 -1.57324
409 30.7181 9.4749 -0.568372
410 17.2682 23.1702 0.987868
411 17.6275 37.0408 2.54726
412 3.01379 3.85847 0.22208
413 5.38187 22.1652 -1.2041
414 10.6548 4.36398 1.2374
415 10.8367 26.337 1.20665
416 3.75953 33.8819 -1.81396
417 3.03966 2.85484 0.242984
418 25.2513 21.0998 -3.67974
419 26.6046 10.9561 1.93875
420 26.0271 0.899654 0.911426
421 7.53193 13.5326 -2.22037
422 9.47954 14.7243 0.667027
423 0.181152 10.266 1.75932
424 23.5284 18.0646 1.5796
425 21.6411 3.76261 -0.0688726
426 10.3457 16.9839 2.35285
427 19.0942 26.8973 2.55697
428 9.165 3.1105 2.78625
429 37.7038 4.27444 1.91242
430 11.8882 17.1029 0.970801
431 6.29225 9.61301 4.33182
432 14.8622 29.9065 0.984785
433 24.7125 21.4387 -2.9177
434 12.144 20.7514 0.518205
435 0.715879 30.417 -2.7339
436 36.6049 32.2802 2.57902
437 7.90093 3.58568 2.57062
438 0.919281 1.20821 0.143175
439 36.2919 20.9741 2.79949
440 19.6191 8.64479 -2.35381
441 21.3589 35.5271 1.18244
442 16.6324 11.3599 1.17929
443 18.5692 27.994 -2.01096
444 13.4136 24.174 3.36015
445 13.8351 18.4773 0.368021
446 21.9067 6.91147 1.30304
447 12.6917 8.11177 0.554069
448 32.5066 23.3862 -1.17584
449 14.24 16.0576 -2.93067
450 8.44871 19.6889 2.58977
451 33.7514 16.3581 -2.17379
452 9.71092 8.27058 -1.54235
453 6.2361 15.7733 1.52952
454 36.5037 11.3723 2.6502
455 26.8177 39.0333 2.20608
456 13.7996 13.8613 1.03064
457 26.5847 12.8241 0.285833
458 22.0928 18.1417 -2.9082
459 19.306 37.9547 0.956311
460 7.49503 0.967923 -2.2157
461 10.4182 3.49264 0.319694
462 21.3014 20.8873 2.37546
463 5.07497 34.6106 2.14452
464 27.4046 35.2175 -2.36414
465 32.3169 10.3352 1.0041
466 33.4092 24.3946 -1.95512
467 7.95644 31.9456 0.246102
468 11.3848 31.5139 -1.29019
469 25.7898 33.5788 -3.04777
470 12.0441 16.9296 -4.87896
471 30.3221 30.6234 3.07031
472 16.5641 1.69406 3.34904
473 16.2629 39.4512 0.391329
474 6.59064 0.582794 -1.65835
475 33.7195 0.97795 1.71604
476 12.92 16.3291 -2.08053
477 9.09469 34.94 3.90304
478 31.3015 26.3632 2.77164
479 36.8748 32.7061 2.04147
480 35.8289 27.0302 3.12761
481 32.2124 1.20256 0.706583
482 12.8168 0.674766 -2.02816
483 9.31857 35.3936 -2.15426
484 26.2826 39.3627 0.368101
485 1.65624 35.4703 -2.8168
486 16.5607 28.8655 -3.6606
487 31.2735 30.7326 2.70197
488 0.212392 9.75555 2.18448
489 19.7807 9.60089 -2.71456
490 38.5513 6.05012 0.926844
491 15.5605 16.0972 1.98688
492 20.635 36.6497 1.48053
493 0.681808 29.5292 -3.29671
494 6.04798 15.1919 1.20915
495 37.498 8.36211 -0.0481071
496 25.1559 29.7975 1.8023
497 15.0802 35.6466 -0.75089
498 19.3942 11.6636 1.31497
499 10.4076 18.633 0.086973
500 9.48128 7.94667 -0.59661
501 33.9281 7.86882 -0.0304424
502 5.65046 3.15707 0.909079
503 20.2551 27.5625 1.757
504 2.71425 1.27204 -1.80575
505 11.0503 8.35936 -0.205989
506 27.6281 26.344 -2.1095
507 23.5878 11.7958 -3.853
508 10.8036 31.228 -1.72336
509 17.2379 39.5479 1.08937
510 35.016 9.19408 -0.878967
511 21.8536 29.8135 -0.358059
512 31.1505 28.2407 1.22807
513 19.3244 23.3232 2.55125
514 1.74117 34.5597 -3.02371
515 14.1475 14.2132 0.713452
516 16.3112 36.2598 -1.58568
517 14.622 13.9694 2.98025
518 37.7489 38.236 -1.33129
519 22.8207 21.86 3.11015
520 39.7869 5.77514 1.0045
521 37.7736 35.0979 0.339231
522 28.889 22.8829 -0.380896
523 11.6807 20.0533 -2.45225
524 17.0262 22.5 2.58244
525 12.0773 16.4115 -1.3517
526 17.6431 25.8433 -0.811345
527 13.3554 3.57139 0.655262
528 18.1342 7.5234 0.240372
529 33.6734 33.3937 -0.190186
530 29.3527 16.9412 0.0677368
531 28.739 39.108 0.525857
532 19.6058 39.9846 -1.63971
533 2.5477 32.9581 -2.26746
534 9.19845 28.2478 -1.74041
535 31.448 7.50391 -2.72434
536 34.6502 14.5356 0.170713
537 3.25777 26.4564 -1.17556
538 19.4527 38.2922 0.782275
539 21.0128 15.5982 2.73721
540 38.8206 15.8245 -3.30762
541 22.7565 25.3861 2.51073
542 33.7335 37.6284 -0.832967
543 6.99632 18.2555 0.986151
544 38.2775 31.7198 4.45405
545 4.39523 21.0232 -2.22908
546 35.1766 39.2413 -4.87212
547 6.49095 11.7751 -0.503843
548 37.1634 37.9728 -3.65422
549 0.162179 29.5355 -4.69491
550 38.886 27.9304 -2.90421
551 33.2526 8.33496 2.917
552 12.035 1.76666 -4.48139
553 11.159 32.2307 -0.402945
554 12.6541 4.29208 -1.14063
555 34.4222 8.81122 -2.34104
556 0.752751 13.3585 0.650747
557 7.54479 13.0316 -0.673162
558 28.7636 4.38798 1.38521
559 30.8361 34.0836 1.4978
560 35.0674 22.1265 0.320039
561 1.99278 0.602523 -0.557161
562 10.8443 23.5308 -1.79228
563 6.34451 10.8735 -1.17393
564 10.0922 23.8943 -1.01986
565 5.23698 20.0362 -3.78483
566 19.1293 37.7851 0.538118
567 28.6925 18.2612 0.174374
568 1.21864 4.38262 -0.204565
569 30.4558 29.4767 0.994066
570 6.60874 27.8898 3.78689
571 15.6975 10.0379 1.38569
572 27.3234 26.9289 -2.90307
573 20.4911 31.2399 -0.0903293
574 8.00466 21.6467 -1.42414
575 11.1397 15.8938 -2.08721
576 3.89215 3.53082 0.263374
577 21.2559 33.8031 -3.5738
578 12.2188 34.0715 -0.95314
579 13.0717 14.1345 3.71573
580 8.38852 26.7125 0.318209
581 5.66295 25.3909 2.26949
582 15.4852 24.5003 -0.25028
583 19.0016 28.5335 -0.937557
584 3.91175 14.3671 -3.78982
585 2.71514 23.9478 -0.69636
586 24.4127 20.1618 -1.73094
587 30.6178 39.011 2.66468
588 17.8764 36.3708 1.90964
589 21.6193 11.161 1.2531
590 0.0520329 4.80332 2.05271
591 13.3305 26.5581 2.98066
592 23.1203 26.3423 -0.99526
593 7.85004 19.4436 -0.354183
594 4.42697 5.24249 0.971825
595 30.6653 28.2501 -0.427698
596 2.84752 0.234547 1.85946
597 29.2307 11.5595 1.14256
598 2.80937 13.7754 -0.476845
599 9.7487 39.8947 -0.419369
600 37.5456 37.2204 -2.11493
601 20.779 36.2491 2.26661
602 14.6666 16.0593 -0.655773
603 16.8756 6.86518 0.875283
604 32.7637 32.7969 0.464899
605 19.3381 23.2883 3.91311
606 39.0264 30.1892 0.867293
607 0.171282 10.6351 -1.34369
608 5.40725 4.30039 1.08728
609 27.293 11.192 0.130837
610 32.252 29.9099 1.93588
611 36.766 25.2915 -3.19342
612 16.7179 9.45649 0.670087
613 15.914 10.2198 1.32954
614 36.7208 37.1834 -3.35764
615 33.2567 5.9709 1.9914
616 34.5094 17.7003 -3.64452
617 23.1024 27.518 -4.37248
618 3.22317 2.81653 -2.69348
619 21.5432 29.1474 -3.41055
620 38.0296 3.75192 0.929607
621 26.3521 19.2067 -1.23985
622 29.8605 4.86414 2.40699
623 19.0048 19.8795 -0.897413
624 39.4832 6.75796 -0.0137036
625 11.4199 7.99735 1.64179
626 3.11894 1.99367 -1.56223
627 6.8982 38.5864 -3.00077
628 18.1769 7.28533 2.79207
629 26.1117 6.71719 -3.09151
630 0.825809 3.39717 3.2313
631 29.5922 1.56768 -0.0936548
632 36.2052 32.4828 3.62862
633 5.07628 21.0971 -1.33628
634 38.512 9.36812 3.23162
635 29.038 24.3772 0.0784515
636 20.0677 11.1221 2.17219
637 5.49073 32.3163 -0.886088
638 32.0772 29.4739 4.46611
639 28.067 24.118 2.13669
640 6.74006 16.6637 4.08652
641 36.1366 9.77837 -3.74438
642 13.4526 30.9703 2.16445
643 27.8794 37.029 0.99267
644 11.7091 1.81687 -2.38731
645 7.05575 5.2323 0.894699
646 14.1822 3.90412 -0.498307
647 10.6412 3.83566 1.20326
648 28.2579 31.0868 1.65581
649 13.5131 10.9023 3.36494
650 28.5023 20.5909 -3.07987
651 28.5868 18.8229 1.16316
652 6.56415 29.6126 3.30081
653 5.34065 0.000368331 1.19806
654 24.3026 16.8491 -0.432733
655 30.8508 31.2245 1.65069
656 13.4169 8.08398 -3.82482
657 29.5335 12.4763 0.233837
658 8.7452 23.9746 0.349984
659 1.92265 3.1948 0.756601
660 25.4527 19.613 1.61919
661 3.68475 15.0876 -0.71367
662 38.7417 0.434663 -2.65886
663 2.47926 19.7508 -0.64024
664 34.6453 18.7901 -0.761656
665 36.0486 34.3484 -1.78076
666 27.2423 39.9493 1.73547
667 31.8742 30.882 1.87827
668 9.55025 32.0093 0.381461
669 9.18175 29.9926 0.662877
670 33.6734 31.7059 -1.63331
671 36.7935 39.8262 -1.85515
672 13.5286 36.3659 2.16793
673 1.84346 10.361 -0.855018
674 3.4825 17.8992 -4.12056
675 29.6682 12.0802 0.153068
676 0.0563278 3.47934 0.421436
677 8.90155 19.2402 1.67703
678 25.996 2.71013 4.58286
679 20.4711 24.2894 3.41737
680 26.5034 36.9415 0.491111
681 15.7853 35.5559 -1.68848
682 38.4566 38.7206 0.387343
683 19.6468 26.9002 1.62705
684 6.42055 25.8876 -2.85733
685 24.9133 22.9182 -1.38076
686 0.823742 35.8208 4.16472
687 21.1146 20.3056 1.22371
688 26.8801 10.5671 -1.15038
689 8.47614 4.08597 0.623913
690 7.22935 2.45649 2.96304
691 17.1291 33.681 3.22171
692 27.7212 16.4885 1.66278
693 39.9274 23.2696 -2.96755
694 32.7548 15.527 0.96709
695 11.2621 29.519 -0.756535
696 17.5592 24.1406 1.4804
697 26.0338 3.26852 2.52371
698 0.915123 10.7225 -1.15633
699 39.275 27.7805 -3.1233
700 9.04564 0.967623 -0.378905
701 11.8806 2.70659 -3.94359
702 8.00296 38.4293 0.953181
703 2.76956 11.0051 0.255703
704 30.9143 0.935328 1.47259
705 5.32777 23.6252 2.38468
706 35.5033 32.932 -1.80299
707 20.8523 39.1304 -2.01502
708 38.7406 23.364 -3.12796
709 29.2291 14.1625 2.66924
710 12.1676 2.45763 -3.52792
711 37.2686 32.6875 0.798962
712 30.4486 25.5751 -3.24294
713 37.4308 18.8207 0.574762
714 30.1791 39.309 3.21188
715 38.0385 29.794 0.847942
716 15.7595 32.2066 -2.64573
717 17.1981 30.326 -1.27498
718 3.23267 29.051 -0.340861
719 10.2378 29.5597 -0.994699
720 17.2981 18.2574 -1.63586
721 20.971 35.1686 3.28793
722 3.58448 2.34893 -1.65593
723 8.08221 38.642 -3.1311
724 22.5099 0.287933 1.52361
725 28.6393 31.5865 -1.88667
726 1.87663 29.9419 -1.48938
727 12.3498 21.2999 -3.35392
728 1.9018 33.551 -1.83466
729 16.9683 2.89415 3.70491
730 22.1909 9.06286 -1.609
731 38.4669 17.8259 -1.19157
732 21.5796 39.1761 0.321304
733 27.3736 28.8515 1.86495
734 39.4696 9.87346 0.642233
735 13.8791 32.1325 -4.27561
736 26.3137 25.4402 0.0462569
737 1.18515 34.5526 -2.25884
738 19.6039 10.8292 2.71251
739 9.9199 19.7262 3.90397
740 32.3822 20.7362 -3.25344
741 1.3988 22.4744 1.5733
742 17.6762 20.2368 -1.12703
743 24.3604 20.7602 -2.49715
744 31.4299 21.567 -3.93645
745 18.8396 37.1873 -0.469283
746 16.3685 10.1738 -0.923223
747 15.6482 28.5632 -0.304716
748 15.7402 33.3799 0.134495
749 10.634 3.631 0.480181
750 5.56337 32.7015 1.80471
751 0.915643 31.3139 -0.656403
752 8.03345 19.1522 0.419653
753 20.9257 20.2763 -0.20857
754 27.2771 24.5789 2.55026
755 35.463 5.27222 1.61332
756 10.0117 10.8641 2.36577
757 1.36403 33.9286 -0.448398
758 39.8197 15.7945 -1.64552
759 8.6495 26.4223 1.40223
760 38.7131 28.1434 -3.19531
761 6.2959 15.9187 2.19467
762 18.0383 24.9117 1.75595
763 7.44506 1.08923 0.982812
764 13.5221 15.9789 0.921442
765 37.4048 20.328 -0.244538
766 11.2779 11.7294 2.92003
767 35.7469 11.1368 2.16499
768 8.43095 19.2143 -1.00957
769 10.8124 30.3711 0.324277
770 6.4381 26.7694 0.711341
771 10.9765 19.5829 0.0504526
772 12.7635 30.4796 2.84739
773 34.8115 30.6242 -0.782565
774 1.50445 31.3286 -1.3433
775 16.4336 8.73238 0.666266
776 7.92337 11.0375 -3.01981
777 34.2287 25.6822 -0.305011
778 32.3926 29.4192 4.30559
779 18.4234 4.94912 1.87343
780 39.0296 5.58023 3.35447
781 15.1892 35.0481 -2.06258
782 9.2753 6.89411 2.50124
783 13.4898 13.849 0.432257
784 31.3894 0.479507 -0.0921121
785 19.8578 9.64544 -1.67526
786 8.75839 15.7026 -0.803806
787 39.0876 6.48161 1.84113
788 2.60327 30.0101 -2.67046
789 1.33545 3.35905 1.55449
790 9.33065 24.9777 0.216583
791 6.88991 22.0042 2.18434
792 9.50681 20.146 1.14279
793 18.3699 37.4905 2.51361
794 23.0066 24.665 2.04266
795 2.11872 1.27497 -0.427041
796 12.1602 15.3719 0.498222
797 39.3036 31.322 1.16387
798 33.6549 9.19663 -2.81989
799 31.3279 3.01326 -3.51308
800 37.6921 11.4968 2.55122
801 18.3177 24.149 2.07668
802 34.4441 26.1917 -1.20764
803 11.5486 2.54094 -0.467106
804 0.37569 21.4499 0.443788
805 0.747083 24.774 2.17768
806 6.87065 29.4451 2.08461
807 28.9227 18.2186 1.7061
808 17.0382 32.0563 -0.589536
809 27.1817 26.9061 -2.67715
810 16.7342 28.5115 -0.377666
811 36.6308 23.3751 1.16318
812 9.04833 4.66731 0.240369
813 7.81158 10.0651 -1.05921
814 30.6179 38.4775 -0.0213385
815 23.8768 18.822 2.15522
816 16.1107 39.5158 -1.0813
817 16.4524 33.6255 0.864244
818 2.85834 2.0289 -2.78882
819 30.5616 7.15172 -0.181984
820 11.9638 39.8325 3.52338
821 13.7129 7.28127 -0.760446
822 5.86165 38.68 -0.316456
823 20.0984 3.63977 -2.04602
824 28.9157 13.7008 1.27616
825 39.3474 0.796196 -1.51496
826 2.3885 14.6886 -1.91534
827 34.7034 9.66552 -2.88772
828 13.2615 16.7965 0.436573
829 14.0488 32.8269 -4.4661
830 10.1511 14.1535 0.344982
831 24.1796 34.9778 2.36491
832 31.2687 2.49673 -3.04529
833 15.1133 13.4574 0.0154508
834 16.4917 9.57016 -2.13203
835 3.3733 34.3837 0.925348
836 17.4414 30.5332 -1.09832
837 28.8267 37.4118 3.32182
838 17.9257 3.66804 1.27792
839 12.49 13.9929 -0.311306
840 26.6996 17.9537 2.34753
841 25.1855 34.4682 -3.74659
842 22.0462 33.5809 -2.40219
843 20.9374 3.86754 -2.24719
844 3.52674 24.4448 0.331537
845 6.39275 31.2945 -1.21882
846 6.03409 15.8175 3.32218
847 1.58867 25.2456 1.74801
848 24.713 25.4466 -1.2795
849 21.7834 18.7705 0.5827
850 35.5834 34.5604 1.33658
851 8.16666 1.13936 3.68213
852 31.684 25.0148 0.556909
853 17.494 18.51 0.418179
854 7.77935 39.9281 -3.65663
855 15.1738 33.9976 1.23538
856 12.4838 30.8298 2.64952
857 11.3786 33.3197 0.708807
858 31.7923 30.0893 1.62592
859 10.5307 33.8848 3.01755
860 1.17544 17.8696 0.50931
861 4.39565 15.1316 -2.828
862 3.25228 25.048 -0.218849
863 16.1862 10.1462 1.30692
864 11.1822 7.84301 -1.56133
865 19.2166 28.4419 -1.98815
866 30.1074 39.7867 2.15698
867 30.199 23.6339 -0.513863
868 33.8815 31.0327 -0.730173
869 0.650344 17.4576 -0.828559
870 38.9114 3.60591 1.96653
871 19.3785 20.8002 0.54084
872 37.4398 16.4295 2.0785
873 7.75863 18.5786 2.00665
874 22.319 12.6008 3.58549
875 30.758 3.19968 -0.508022
876 18.7422 24.3325 4.35898
877 39.8877 12.8438 1.27386
878 37.6651 2.85406 1.89879
879 7.97652 35.5981 -4.58221
880 32.8924 24.0994 -3.36674
881 12.1009 24.0575 -3.56472
882 29.3677 4.86178 1.77873
883 37.1207 28.5711 0.0213939
884 36.3578 15.1868 -0.535231
885 15.5156 9.60795 -1.25466
886 18.8627 19.8692 -0.300361
887 2.96133 22.7759 3.46322
888 33.5976 30.1714 0.308141
889 38.2984 5.17232 2.09352
890 13.4356 8.653 -1.54227
891 22.3479 24.0014 4.06291
892 26.5545 11.8709 1.58288
893 31.8727 24.3629 -1.55526
894 20.9445 27.0586 -4.45138
895 33.8189 8.27289 2.70339
896 14.4179 37.0209 -3.47159
897 4.23899 13.1843 -1.97854
898 25.5356 20.1519 -2.18216
899 9.29032 24.378 2.52267
900 10.8103 0.412281 -3.11674
901 39.9049 2.60626 0.997407
902 5.26625 29.0187 -0.834107
903 16.6559 34.9768 0.778594
904 17.7298 38.0954 3.02207
905 35.1684 34.6554 -0.33956
906 21.1997 13.8342 4.9319
907 11.9725 26.0273 -3.22937
908 31.5935 39.4889 4.02581
909 10.5357 1.13419 -1.45747
910 3.05504 25.6171 0.237607
911 37.2745 2.42369 2.29945
912 26.9029 17.6926 3.81342
913 32.0662 34.3069 -1.27043
914 37.3542 24.2737 -2.1846
915 38.3747 1.38862 -2.51812
916 38.7896 18.3619 0.0810543
917 16.9045 25.0815 -4.33938
918 34.7725 6.55008 -1.71723
919 23.1306 30.2744 2.87046
920 0.911112 22.8535 -2.14647
921 33.3385 18.316 0.102357
922 26.7269 18.4713 1.06535
923 5.85192 25.3176 4.51208
924 32.2354 25.9688 1.53281
925 15.7321 15.7595 3.14065
926 16.1126 9.65102 -0.987828
927 39.2703 31.1192 2.84114
928 32.586 1.00314 3.3132
929 12.7142 27.764 -1.31412
930 8.47466 2.67606 1.31813
931 9.54959 22.2331 -2.55313
932 30.8995 23.6722 -1.74085
933 17.8012 39.877 0.647044
934 29.3777 18.3403 -0.420477
935 7.01729 12.1152 -0.588174
936 15.4829 18.458 -2.43048
937 21.9512 5.72217 -2.13023
938 16.3668 18.0793 -0.550524
939 10.0826 3.2861 0.463179
940 13.8661 25.9921 2.61261
941 32.78 26.1494 2.0681
942 5.95014 16.7935 1.17922
943 12.9487 4.10488 -1.585
944 8.71701 2.93413 3.12473
945 6.0964 9.60603 2.73598
946 14.4656 19.1367 -0.716683
947 12.7791 9.33787 -2.7805
948 18.6352 7.93958 0.0491915
949 8.15788 9.79519 -2.12327
950 5.68109 27.4025 -1.39661
951 9.85814 4.88176 0.61783
952 11.11 22.2624 0.424448
953 36.5926 22.5429 -3.2312
954 11.7865 33.4471 -1.70783
955 6.67533 2.44183 2.99829
956 29.6062 15.5691 3.32254
957 38.3502 18.6569 1.7949
958 5.6742 2.75009 -0.049211
959 38.4563 16.5845 0.547494
960 11.5499 30.4076 3.08443
961 8.45213 26.5586 2.74633
962 12.4386 26.6236 -2.78015
963 10.1854 38.3173 -0.584762
964 0.135387 10.6222 0.270631
965 1.02208 29.4388 -2.61211
966 15.0822 10.9217 1.34085
967 18.5843 0.590815 1.71502
968 36.857 13.7484 1.47017
969 17.424 7.03758 -0.51288
970 13.5127 2.47491 1.18999
971 16.7907 18.3441 -1.90897
972 12.3062 17.2924 -0.0432586
973 3.95483 18.8208 -0.077226
974 38.3601 26.0959 -1.84138
975 6.79006 21.0229 3.9446
976 6.61176 13.8085 -1.44774
977 6.71817 0.859994 0.59547
978 10.5738 34.166 1.94502
979 10.8413 2.64591 0.205372
980 30.2585 12.9769 -1.27749
981 5.19696 19.6422 -2.87016
982 3.38326 39.7567 0.924752
983 33.57 23.6398 -0.639074
984 10.0508 26.0362 0.822314
985 39.3572 27.2687 -1.61855
986 21.1975 22.7053 1.44451
987 10.8649 10.8926 1.96747
988 11.1381 18.919 -0.160504
989 25.1412 29.5079 0.584829
990 20.2725 18.4546 -0.287954
991 12.9039 19.5312 -0.773491
992 9.27744 3.89777 0.474599
993 15.7886 11.1901 -0.308207
994 22.505 19.8565 2.78219
995 15.6269 11.0174 2.77397
996 34.7869 21.8908 1.96306
997 5.66355 15.9826 1.41729
998 35.2055 34.1342 0.943601
999 37.0892 4.44466 0.619109
