1000
Particles
0 2.8447 33.9076 -2.03027
1 38.7196 23.9531 -2.49722
2 17.91 39.284 1.52328
3 10.6129 34.3136 0.170729
4 15.4184 23.56 -1.66561
5 18.08 8.44637 3.55665
6 29.1037 4.33756 0.726341
7 38.7354 20.0453 0.7554
8 8.94038 25.6387 -1.59417
9 31.5473 21.2701 0.99155
10 25.3169 38.5739 3.07178
11 39.9017 31.7169 -3.14234
12 36.304 29.6654 -1.10668
13 5.96177 7.33823 1.70979
14 29.0876 26.578 -0.874922
15 16.917 26.9637 -2.25128
16 24.0004 33.1656 0.321204
17 32.1973 20.9678 -0.388652
18 34.2067 6.99877 -4.78559
19 15.9663 23.0968 -1.28858
20 5.68991 8.30697 1.23922
21 39.5142 4.97117 -0.626247
22 7.22889 10.6463 -1.47307
23 35.7641 18.0886 0.656332
24 37.6869 6.137 3.5042
25 0.817497 31.7235 -2.35195
26 15.4734 31.282 -1.82204
27 15.379 13.1507 -1.18787
28 3.6637 32.6007 -2.47714
29 31.9444 0.368105 2.73624
30 16.9929 20.1105 -2.46486
31 8.74971 16.6259 -2.31895
32 20.6293 5.45546 3.25503
33 7.1554 37.861 -1.40422
34 26.6622 18.9847 1.46712
35 25.0354 5.93278 0.763536
36 14.8467 1.32423 -2.09921
37 35.8262 25.9343 -3.53643
38 30.798 1.14036 2.75734
39 35.389 17.527 -1.78257
40 38.7295 33.4603 -0.832576
41 13.0059 12.4491 -0.078756
42 37.7669 19.101 0.562534
43 25.8384 30.9172 4.08694
44 17.2219 27.5593 -1.24379
45 5.25336 28.8514 -2.75436
46 1.79025 7.08406 -0.262897
47 32.2621 7.76917 1.01644
48 6.09754 33.1606 0.414548
49 4.6372 33.3785 2.33186
50 38.1375 37.653 1.40673
51 21.4659 36.0056 -0.170834
52 29.8102 7.40412 0.553965
53 9.8546 5.84535 -1.14413
54 24.4231 27.5045 -0.297522
55 3.90111 14.6384 -1.376
56 18.4663 9.09715 2.05865
57 6.49279 36.3428 -4.14876
58 39.3958 24.9396 3.75093
59 6.79532 35.4388 -2.6791
60 7.58268 22.9257 2.81071
61 14.6162 35.2553 -3.30099
62 36.4446 2.45406 -2.12888
63 2.98973 17.3455 -2.89748
64 1.86143 26.2355 -4.16368
65 5.41918 4.60149 -2.87946
66 8.59292 20.8659 2.4074
67 23.7839 24.5408 0.631981
68 9.39464 4.54739 0.706021
69 16.6698 5.47253 -3.47948
70 8.15093 2.37594 -0.957555
71 21.0579 11.7529 2.47545
72 6.54839 11.9692 -4.79831
73 21.7601 23.8162 0.0773438
74 11.8551 8.11647 3.02955
75 1.47104 34.0476 -1.90325
76 23.1361 3.97978 -2.12406
77 8.09678 24.7972 0.236339
78 6.04483 34.4593 -0.509148
79 37.5326 4.43089 -0.946278
80 28.8391 7.8153 1.81491
81 5.41319 33.5006 2.83521
82 14.94 14.2954 -3.41858
83 14.9734 32.4566 0.573261
84 22.6148 14.1708 1.0377
85 2.73335 20.2937 -3.98801
86 21.33 9.78657 1.59562
87 26.3672 34.071 2.71463
88 1.16755 39.3159 -0.615827
89 3.97592 2.89893 -2.61113
90 39.8598 38.3315 0.678272
91 21.9416 16.4695 -2.04537
92 14.8475 24.3801 0.284871
93 8.9583 3.48479 3.59032
94 18.1356 24.1195 -2.3894
95 20.2833 2.71639 -2.8006
96 7.60281 38.3428 -4.03523
97 19.0242 0.339696 1.64672
98 2.13858 22.3456 1.88026
99 10.6375 4.59013 1.24955
100 28.5078 20.9456 -2.51755
101 21.1906 28.0121 1.89027
102 16.7687 30.2204 -0.0641592
103 9.71419 5.37796 1.88995
104 24.2527 3.83826 -1.84645
105 16.8271 35.9254 0.689814
106 33.0903 21.1597 0.638968
107 22.7142 20.1777 -4.72126
108 33.5892 21.2353 -0.253951
109 1.97583 31.0358 -3.35121
110 9.58017 4.06278 3.6308
111 35.2824 31.3083 -1.76311
112 29.2626 3.25025 1.98828
113 35.6604 29.7419 1.01019
114 33.2369 26.5915 -1.89988
115 31.6334 21.7986 -0.303787
116 22.4993 31.3602 2.4137
117 28.5437 28.2368 2.67336
118 25.552 2.40214 -1.94974
119 35.6892 15.4037 -0.795421
120 19.9494 23.3602 -2.53401
121 26.1129 13.1788 -2.55269
122 34.2135 21.9438 0.32749
123 7.98042 29.4515 0.00518382
124 9.5805 0.392847 0.651178
125 22.1782 39.3939 -2.40328
126 23.5893 29.4478 -0.0362833
127 38.4194 5.81162 2.39989
128 32.7902 2.95741 4.06882
129 3.86329 13.1398 0.852266
130 24.9874 7.0571 -0.50497
131 23.8062 27.5716 -0.455684
132 19.1478 2.14523 -0.614639
133 35.9057 35.9261 0.786863
134 6.81012 36.176 -0.777088
135 12.0442 2.05796 -0.420404
136 24.3429 3.5326 -0.132463
137 25.2656 32.6774 -1.25014
138 7.36468 18.0417 -2.24984
139 15.1297 1.8066 -2.91906
140 24.7393 33.5262 1.16266
141 33.1597 31.2215 2.30701
142 23.6708 11.6985 3.0351
143 14.8274 23.8612 -1.41683
144 5.39989 33.9335 -1.15961
145 20.8519 26.058 0.613055
146 32.0717 15.3563 1.64981
147 36.1473 1.98106 -0.331088
148 34.5174 7.83986 -0.859815
149 10.6538 23.7891 -3.60784
150 14.7437 29.0702 3.46474
151 32.5531 2.35165 0.358867
152 14.3208 15.0035 -3.25782
153 16.9049 1.92363 1.27558
154 22.1466 37.6968 -2.83921
155 33.2802 21.8526 2.66428
156 38.4466 25.9729 -1.36489
157 11.6105 7.42714 1.80556
158 10.392 37.1707 0.0447741
159 21.1795 27.1175 2.97839
160 39.1565 18.4461 -1.21969
161 6.04455 27.5314 0.908869
162 25.0079 32.4239 -0.102363
163 8.98273 9.36761 1.25718
164 18.3061 6.15347 3.19819
165 30.3352 9.13779 -3.04115
166 33.9824 6.60516 -3.55572
167 7.51397 39.5281 -1.3142
168 34.9389 23.1563 0.83339
169 0.819675 0.490657 -0.00171664
170 3.91728 36.514 -0.0440938
171 23.8077 33.7721 -1.68903
172 1.76244 17.8487 -1.9584
173 23.2196 30.6758 2.83074
174 19.5129 4.90066 2.36771
175 3.55729 10.769 -0.725038
176 17.3165 21.0763 -0.367821
177 14.7294 4.40561 -2.34851
178 26.2769 19.0162 -0.370886
179 25.1392 7.5459 -0.359058
180 15.7685 12.0568 1.39229
181 3.16388 28.6885 -3.6739
182 16.994 21.8904 1.37505
183 2.41911 19.1818 -0.964315
184 36.7672 5.6529 -1.38779
185 7.24788 15.9353 -4.32221
186 15.9884 1.11871 3.5696
187 9.72223 4.10986 3.77363
188 23.2234 16.6878 2.57685
189 7.14876 24.9489 1.61792
190 23.5527 19.4109 1.21311
191 16.1007 29.8966 -0.830826
192 36.8411 39.9314 0.336826
193 25.301 26.9059 1.43615
194 19.9043 26.4428 3.1829
195 6.27641 16.4337 -2.90553
196 30.2698 33.9821 0.574289
197 17.2463 35.7205 1.18318
198 30.5092 22.7638 1.20073
199 15.6269 12.9459 -1.07721
200 33.6195 0.758487 -1.73162
201 0.540333 17.8404 4.80717
202 9.24695 21.7569 -0.225955
203 27.0463 13.558 -1.34765
204 29.7427 31.8751 -1.50598
205 2.39598 32.3194 0.75798
206 15.2989 4.87095 -0.0524717
207 32.505 33.2412 -1.07147
208 38.8406 23.4726 -1.40581
209 10.9343 39.5259 -0.883376
210 10.2796 25.1746 -1.59253
211 33.8143 15.7284 4.01672
212 36.3426 35.2402 2.51327
213 36.6556 5.21829 -1.44781
214 29.1845 21.4593 4.72542
215 0.26524 20.1642 -1.75191
216 32.6605 27.0663 0.106802
217 6.48921 7.68888 -2.08585
218 16.3452 16.954 -0.327635
219 20.622 38.996 -3.10158
220 8.87079 2.49408 -1.04288
221 21.8469 12.7855 2.00605
222 2.48106 34.1371 -1.43308
223 20.0087 22.8706 -1.49128
224 5.35082 28.5739 -1.95969
225 38.357 9.69119 1.54841
226 33.1929 15.8779 0.477007
227 4.20185 12.4402 -0.195883
228 16.2473 5.51826 -3.66981
229 39.401 18.7996 -3.45485
230 30.5145 7.05515 0.911661
231 17.7703 31.928 -4.02277
232 33.1851 39.5927 -1.2965
233 37.0961 8.17257 1.30542
234 4.60973 3.61347 0.0928418
235 39.8239 5.5295 2.27153
236 14.4781 1.2362 1.80346
237 11.2471 25.2477 -3.84786
238 10.4309 13.6411 -0.159567
239 32.1922 11.4944 -0.229856
240 13.9367 17.76 -3.42776
241 5.5514 28.9383 -1.40582
242 37.2224 2.2093 -1.41401
243 31.7783 1.60132 1.73208
244 0.45766 17.0508 -1.16798
245 21.9951 4.77083 -3.91405
246 25.2353 6.21942 -1.90448
247 4.27962 38.3653 1.51169
248 5.71 28.9928 3.14081
249 9.31312 0.0456868 -1.49239
250 17.6864 2.82292 -2.2445
251 37.2799 2.00778 -1.68179
252 34.5921 14.3224 -1.43908
253 33.2483 16.3755 -0.885528
254 4.81468 36.3833 -1.14129
255 24.1906 19.4425 1.46786
256 3.8986 4.77664 -2.15534
257 32.2201 21.055 2.03727
258 25.0884 39.0575 2.90955
259 39.1836 12.4614 -1.14176
260 1.75081 8.28419 -1.92106
261 34.7592 27.4538 -0.997954
262 31.5056 30.0429 1.58011
263 4.68348 2.59787 1.15631
264 12.4869 24.1304 2.86923
265 37.5235 30.0229 3.27012
266 38.6958 13.9083 -1.33711
267 3.01881 30.1482 4.82159
268 15.1183 18.7647 -1.04478
269 24.5859 34.258 -2.04777
270 2.09813 11.783 -3.63374
271 31.7671 3.65507 2.01157
272 17.09 14.8623 -1.83984
273 30.1367 35.4396 -0.598074
274 10.2716 4.31485 1.33654
275 11.4497 23.6718 2.8237
276 31.2415 22.0497 2.40875
277 3.9338 19.6795 -1.00165
278 2.91014 13.9352 1.80143
279 14.1545 29.2675 -0.147795
280 6.03601 29.0523 1.90957
281 23.3541 18.5705 -1.20969
282 9.02985 18.7103 1.02526
283 19.1946 32.0496 -0.173973
284 28.968 21.6335 3.33015
285 38.8452 0.322347 3.22057
286 34.842 4.72228 -1.0172
287 19.1073 13.532 1.03843
288 0.0441636 0.412268 -1.42723
289 14.2685 34.489 -2.11263
290 29.6325 24.5394 -1.20004
291 12.0191 1.90708 -3.63123
292 32.7518 20.2107 1.91736
293 10.3868 5.17482 1.21058
294 24.0736 27.8022 1.15044
295 25.5813 13.8226 0.699373
296 23.7117 22.0792 4.36994
297 1.49355 28.1686 0.174519
298 22.9797 38.9728 -2.24609
299 17.3136 28.5485 0.366391
300 22.5207 11.0771 1.07212
301 23.8499 23.4955 -0.647477
302 16.6554 36.4107 1.05727
303 39.8337 18.1327 -3.39205
304 5.18969 33.9603 2.18883
305 39.9151 16.6047 -2.18343
306 20.819 11.161 4.38842
307 12.3354 17.0326 0.497737
308 4.66159 27.832 2.44342
309 15.258 31.2542 -0.772679
310 14.4228 22.1793 2.30301
311 22.8742 12.4445 2.66864
312 37.0674 37.4924 2.2494
313 24.0032 0.0108327 -0.400121
314 13.1911 6.74006 -3.83014
315 3.21854 39.4208 0.293365
316 35.9262 31.6266 0.0117636
317 21.4931 27.2549 2.13345
318 30.6993 29.9026 0.952538
319 3.5835 7.14198 -2.91925
320 6.74505 23.4131 1.05222
321 26.9482 2.42376 0.430897
322 0.311003 35.3245 -2.7659
323 5.16998 37.7715 0.635916
324 29.9946 21.4789 1.39005
325 11.9476 31.1472 0.994704
326 7.21495 18.3094 -1.8317
327 14.6391 35.8579 -3.69846
328 20.1249 30.5023 -3.81758
329 8.93841 24.2117 0.259806
330 38.3877 15.7731 4.11788
331 19.0729 38.1676 0.72403
332 34.654 8.8014 -1.7346
333 33.7556 26.0052 0.485396
334 17.1784 4.47202 1.47021
335 2.76603 4.28992 -2.95134
336 16.8819 36.3753 -0.533755
337 9.33656 27.3248 0.886546
338 13.9562 22.0575 0.496335
339 37.6338 30.3035 1.21727
340 6.35395 23.0799 1.58335
341 33.2742 26.3391 -1.44892
342 10.7536 15.7652 1.54802
343 9.07815 18.5221 1.75544
344 11.2981 0.32951 -0.786856
345 31.8044 28.2536 -1.04858
346 15.5173 11.3201 -0.471038
347 39.3867 0.486926 -1.68244
348 12.6278 25.2699 0.811642
349 17.5669 26.334 -2.11899
350 5.10168 18.5595 -0.309534
351 3.33664 22.3731 2.96389
352 27.4501 27.3839 -1.94034
353 22.9145 11.9393 0.703932
354 4.31088 39.2075 -1.97608
355 18.4107 24.3556 -1.15892
356 37.0014 37.4627 2.99157
357 8.78626 22.4938 1.03158
358 16.7785 11.7587 -0.169333
359 28.8524 24.2679 -0.571723
360 32.8335 22.0637 -1.1936
361 31.3356 30.6011 -0.130855
362 39.747 23.632 -1.00767
363 0.506097 10.7895 2.91246
364 8.28477 9.5448 2.75345
365 9.50058 35.2646 -2.90991
366 11.7487 2.3405 -2.16313
367 11.994 36.7404 2.03331
368 25.4963 11.9054 0.324392
369 13.5968 1.41849 1.40991
370 21.0263 30.0376 -2.05492
371 27.9551 17.348 -0.677433
372 18.0613 28.8473 -1.21124
373 16.8633 16.5562 0.972544
374 10.6328 14.913 -1.04473
375 11.1058 14.1811 -0.402243
376 0.109771 30.3421 -1.49768
377 2.66052 8.56588 -0.0209611
378 12.628 5.29748 3.30825
379 0.361591 31.0756 -0.829884
380 32.662 26.2765 -1.48649
381 15.6846 36.7569 -1.8847
382 5.99335 17.9921 -1.21003
383 18.9049 32.0438 -0.843794
384 31.3148 10.4322 3.36886
385 19.4195 23.8065 -3.55063
386 25.9235 6.84744 -3.34007
387 34.6036 37.4913 0.898277
388 29.6321 28.9512 2.87918
389 9.97128 6.06679 -2.5523
390 35.4109 19.1014 -2.24473
391 12.5261 17.6376 1.42116
392 21.2298 22.9161 2.51419
393 19.0497 2.07053 -1.97676
394 25.0427 1.44813 0.921893
395 34.2146 13.1419 4.43042
396 5.35467 36.09 2.99305
397 11.0525 7.53738 1.35956
398 32.7372 31.0196 3.09424
399 33.1812 18.3043 3.80329
400 5.28526 4.37338 -4.08526
401 28.0401 25.9282 -2.41313
402 36.337 6.80286 0.937871
403 3.61713 29.8518 -0.485777
404 23.2624 28.2493 -0.268084
405 3.834 20.9511 0.292392
406 22.4553 7.05444 -2.59523
407 35.987 7.40036 1.11296
408 3.01346 7.43479 3.1746
409 21.3175 0.606694 -2.71826
410 18.5688 27.6389 3.04096
411 15.7646 30.8335 -1.56667
412 2.51942 38.2163 1.84193
413 9.92548 17.9875 -4.44016
414 6.63518 10.5208 -0.54443
415 10.1936 28.9803 -2.63114
416 14.8781 37.2479 -0.000319899
417 4.1296 36.4426 -1.43092
418 26.6694 25.2996 -1.4997
419 25.5858 2.18745 -1.38626
420 23.6709 4.77292 0.826043
421 8.36317 17.0971 -0.131916
422 10.2994 20.1232 0.00701454
423 33.9629 6.97096 2.52831
424 22.1654 24.5621 -2.6528
425 14.7171 5.16191 -3.25425
426 11.8261 22.1508 -0.199077
427 19.076 27.2116 2.05716
428 5.24037 7.98975 3.41425
429 4.86912 9.71531 -2.93144
430 16.2825 15.2243 -2.24239
431 7.80379 4.77785 4.12552
432 20.6311 30.153 -2.62702
433 25.7629 19.7732 1.67613
434 10.308 24.5242 -2.09606
435 32.0174 33.5355 -0.307934
436 2.11783 30.5777 -1.19077
437 8.48746 39.6813 1.63425
438 1.99443 30.6734 -1.49214
439 36.0578 12.5841 1.24231
440 20.7914 10.3212 2.17999
441 7.65611 39.8152 -3.57753
442 3.10681 19.9325 -1.28622
443 26.5129 16.3124 1.03051
444 13.0238 22.6522 2.13593
445 11.3418 18.1933 2.25806
446 15.04 8.11449 0.434399
447 8.87418 1.84999 -0.253267
448 32.7713 27.4703 -2.3075
449 19.7525 19.2496 -1.21175
450 1.72987 15.1882 -0.935905
451 34.6913 10.1312 -3.83564
452 13.9468 16.8985 -3.68188
453 4.68687 22.962 -2.71064
454 38.6784 11.5059 -0.370632
455 32.3831 2.4781 3.04835
456 10.2629 14.0474 0.353259
457 26.2191 14.4788 -3.01495
458 30.1885 16.7946 4.41898
459 14.0869 4.50155 2.1894
460 6.79886 39.4774 -1.88594
461 5.51261 2.28929 0.975685
462 23.5012 17.8287 2.28436
463 5.61077 35.2757 1.48353
464 30.2608 25.6502 1.071
465 28.7919 15.2906 2.78351
466 35.3039 22.6454 2.56615
467 11.8254 35.4139 0.975614
468 23.0538 30.6504 2.79094
469 22.716 39.0548 -0.986735
470 12.259 20.2668 0.663233
471 39.6723 22.8847 -0.930692
472 15.3661 7.20289 -0.329189
473 9.38691 36.9711 -3.85456
474 6.86219 39.9434 -1.73403
475 33.7315 7.23174 1.00689
476 9.57079 24.026 -2.57118
477 14.7743 36.976 0.61709
478 24.4085 18.7886 0.945165
479 35.1145 30.5908 1.08313
480 32.5567 20.5877 1.624
481 25.7671 0.643481 -2.3195
482 10.0763 33.4876 -2.11081
483 8.02394 34.6131 -0.570579
484 19.3683 32.2224 -0.660191
485 6.78744 2.76781 1.02541
486 16.5185 28.5275 -1.1204
487 30.7048 25.6139 1.85647
488 36.8992 5.89791 -0.912524
489 26.8097 1.10096 -2.75355
490 8.45304 5.65392 0.497823
491 18.2025 10.7852 -0.162155
492 22.9573 0.599992 1.02242
493 4.68963 27.9582 0.766812
494 9.96635 10.9514 0.557971
495 33.8267 7.89865 2.10925
496 21.7356 22.8891 2.84485
497 5.87588 35.3552 1.08427
498 19.1705 16.5076 -3.93446
499 12.5697 20.9084 1.61443
500 3.34495 17.3866 -0.93138
501 33.4859 7.60739 -0.76822
502 39.6815 5.30861 2.5503
503 24.1398 24.0484 -0.702685
504 39.0769 37.7542 4.11796
505 4.63038 8.84516 3.18193
506 25.2399 27.0936 -0.839964
507 20.7191 9.89585 2.16019
508 4.31958 29.5108 -3.57002
509 17.5004 2.8769 -0.420724
510 37.0374 8.30717 0.747893
511 24.1605 34.1662 -2.63984
512 29.9997 25.8179 -0.308726
513 10.9031 23.7943 -0.401545
514 5.77126 32.2331 0.181215
515 16.1892 16.0084 -2.49757
516 15.9717 37.1708 0.161343
517 15.8531 13.6208 0.520556
518 3.91617 7.79808 -0.387209
519 24.9466 19.6196 -1.44195
520 39.4672 1.72093 -3.27805
521 37.1396 30.7132 1.79143
522 23.6291 19.0147 1.44615
523 8.75416 20.5952 0.746271
524 9.44342 24.9798 0.0298657
525 4.09735 13.0862 -1.11169
526 9.14768 24.7378 0.976807
527 13.4028 4.01083 2.68903
528 21.8787 2.213 2.11896
529 37.0495 1.36058 -1.82278
530 29.7785 11.7963 -0.0453642
531 27.391 5.2763 -1.62952
532 18.2059 38.8857 0.732835
533 10.6801 34.5325 1.14803
534 11.9183 22.8 2.90614
535 39.2163 1.37192 -2.32182
536 32.2488 12.4764 -2.9147
537 2.66865 28.0831 -1.15725
538 3.47993 1.08429 1.02365
539 10.6322 4.94803 3.82961
540 29.9078 19.9024 -0.637993
541 23.1358 20.3808 -3.63532
542 33.6912 31.5807 1.06855
543 10.656 17.7425 -3.39112
544 36.4682 36.105 2.17025
545 11.5376 29.0245 1.77952
546 39.4937 1.2662 -1.86279
547 2.39851 11.225 -3.35187
548 34.8719 34.6111 3.14472
549 2.04226 26.8543 -1.85577
550 4.66595 24.5058 -0.159251
551 29.8161 10.8074 -2.39432
552 2.3304 39.4051 0.169838
553 14.3992 32.1915 -1.17453
554 17.8319 10.0772 -2.80226
555 0.181711 8.61595 -3.17481
556 35.8468 22.396 0.0419146
557 4.23567 19.7725 1.74923
558 34.9091 5.78496 -0.678615
559 27.82 27.3513 -3.15417
560 27.1617 25.4371 0.298416
561 1.44013 24.4455 0.479384
562 10.2349 25.3046 -2.10158
563 7.8665 10.2248 -0.707764
564 16.4247 27.3582 -1.65875
565 2.5352 21.1066 0.643866
566 15.6949 36.7794 0.698553
567 29.4092 13.7979 3.10764
568 38.9901 4.50969 -0.425501
569 33.9776 25.924 -0.647156
570 1.45689 28.9737 -0.316518
571 13.7253 15.5854 -4.6019
572 34.2964 31.052 0.908694
573 26.8852 32.1379 0.720716
574 8.95641 22.9784 0.126056
575 19.6617 16.8498 1.99808
576 1.88282 0.119412 -0.869016
577 21.1307 29.8526 -1.3838
578 8.10743 38.9754 4.59206
579 12.0855 12.9633 0.625244
580 7.4502 30.3272 -2.25347
581 8.65619 29.8308 -1.15215
582 29.9492 17.1738 4.47913
583 20.9454 36.6325 1.83112
584 37.7466 10.0075 2.41045
585 0.814396 26.3356 -3.72882
586 19.8513 20.2918 -2.71271
587 29.8137 33.4969 2.76274
588 19.387 38.0881 2.93293
589 22.9693 16.7541 0.214575
590 4.00496 8.45574 2.87417
591 3.81181 29.4114 -3.68136
592 32.3039 25.2722 2.42794
593 10.5684 23.8238 -3.15504
594 4.72445 3.92372 -0.464587
595 32.9458 21.7419 -1.00778
596 38.4195 39.6501 2.51078
597 29.1895 10.3323 -0.732103
598 35.1619 9.25091 -1.44603
599 6.70029 33.3599 1.80321
600 9.95723 37.6324 -2.54758
601 19.187 31.3516 -2.86974
602 13.7949 21.7072 1.49541
603 14.1081 5.22277 -3.00916
604 29.2216 29.3596 0.332852
605 9.8157 31.1998 -3.45502
606 38.3622 26.1547 -2.99772
607 38.2445 9.88431 2.96314
608 5.58079 5.12074 -3.59948
609 22.4595 1.31225 1.92013
610 33.0896 24.6806 2.39099
611 3.27294 24.6256 -1.01243
612 22.8226 10.366 -0.229665
613 21.5647 11.4044 1.91451
614 37.6277 2.91584 -2.2077
615 34.4066 7.44776 -3.95
616 32.102 21.191 1.41836
617 24.5103 27.3048 0.482774
618 5.74939 2.52555 2.51116
619 20.61 33.3198 3.87954
620 38.015 1.14968 -4.04505
621 23.1914 17.6674 2.14829
622 22.2862 2.51171 1.92941
623 20.5055 10.6155 0.234163
624 30.1974 5.37338 -0.864269
625 15.83 10.0214 2.88498
626 4.19981 37.7015 3.45607
627 5.94235 33.0481 0.853463
628 17.5732 3.1921 -0.0739619
629 26.2115 4.81836 -1.06682
630 0.563906 30.1748 1.44696
631 25.9263 1.49962 1.33071
632 34.2484 29.8717 3.66866
633 3.4888 25.2337 -0.42299
634 39.7254 4.90491 0.477501
635 24.7616 27.0929 1.08076
636 23.6622 10.5639 1.25855
637 4.01939 32.7291 -2.94752
638 30.8697 25.4512 0.88237
639 33.8952 13.9282 1.1528
640 9.25747 23.4399 -1.10999
641 30.015 5.39168 -1.5089
642 14.7153 34.2385 -1.63084
643 32.0565 29.6139 -1.54525
644 11.3676 4.22422 2.6061
645 6.65272 7.70504 -4.34349
646 13.299 6.51755 -3.73042
647 5.47938 14.4389 -3.91953
648 33.5275 36.1486 -1.34621
649 15.9587 19.1891 -2.31037
650 27.9347 18.3908 0.532919
651 24.584 23.8635 -2.69577
652 9.4322 35.0254 -1.9601
653 5.83448 39.3373 -2.21618
654 22.8927 15.3235 1.22619
655 38.4806 32.1588 2.71235
656 4.55116 13.3879 -0.016144
657 24.1852 6.55025 0.0531682
658 9.62149 27.2744 1.37376
659 2.10848 0.154471 -1.18663
660 22.9315 13.2974 1.91726
661 0.931897 20.3143 -0.468965
662 38.1178 32.5384 1.10559
663 11.5947 21.1777 1.8405
664 31.8473 15.7227 2.76413
665 34.1693 36.2747 -0.460374
666 23.0908 1.71309 1.72965
667 39.6719 33.6918 1.15661
668 8.16223 39.0578 3.95004
669 14.6694 33.5247 -0.534446
670 35.697 32.6624 -3.02769
671 32.2262 3.77113 0.10126
672 17.0476 30.0772 -2.26878
673 38.6517 2.40179 1.36757
674 3.44702 19.9306 -3.35973
675 32.1486 16.3955 0.049156
676 36.8406 0.0157475 -1.5763
677 38.5674 19.8404 -1.4392
678 24.0982 2.23658 -4.67868
679 22.9837 17.448 -0.76227
680 18.992 31.2896 -3.45137
681 7.19182 4.50645 1.14297
682 34.1933 0.782161 -1.21057
683 22.7641 24.7408 -0.974605
684 3.78254 2.30933 -3.09555
685 23.5792 29.9572 1.28355
686 0.407329 0.393633 0.903482
687 23.5956 6.77076 -1.21536
688 26.4058 5.19117 0.358267
689 9.70084 3.85841 3.09611
690 20.8133 30.6762 -3.22448
691 17.9046 30.2713 -1.79154
692 31.1654 16.5229 1.22346
693 3.25072 19.2738 -0.627356
694 25.8807 21.7581 -1.73856
695 16.6819 27.4262 -2.73839
696 19.1678 25.7184 2.48009
697 29.347 4.41235 1.33069
698 34.6375 14.5403 -0.726822
699 31.3249 21.9248 0.258416
700 1.26332 3.50623 -2.35094
701 17.5002 4.37787 0.982369
702 1.1116 36.4901 -2.45784
703 0.0619721 11.583 3.20648
704 26.9709 34.8086 -0.996125
705 12.1645 34.0702 3.58327
706 0.662392 31.9058 -0.681405
707 15.5754 4.73698 -3.33058
708 36.9162 18.4019 0.181105
709 21.5316 12.2757 1.50739
710 17.8859 37.3122 1.62003
711 35.3299 25.9492 -3.96337
712 31.8376 22.2047 1.59334
713 33.7058 17.6004 1.25693
714 24.2358 27.6639 1.37144
715 36.9884 39.3012 0.906208
716 15.6514 30.2779 -0.12978
717 15.661 30.7155 1.41092
718 7.80493 28.5159 -1.24441
719 10.4826 35.0051 -1.46471
720 7.87128 25.0448 2.04787
721 24.2767 38.4387 0.866234
722 1.29393 39.8087 0.75358
723 8.98678 3.75277 3.58438
724 19.0448 38.9084 -0.388231
725 23.9988 37.5641 3.33923
726 4.66253 27.8415 4.41215
727 6.68277 27.8652 0.916035
728 37.1455 4.40548 -0.884596
729 20.6702 39.7041 -2.8174
730 21.1836 11.7332 2.00495
731 31.264 21.8796 1.33406
732 29.0643 32.7719 -2.46079
733 32.1905 29.211 -0.594104
734 30.8235 4.76494 -0.677586
735 22.694 29.3907 1.91566
736 16.9994 31.2506 -0.538738
737 0.0955424 32.1195 -1.67745
738 20.4692 9.34536 2.44497
739 12.4466 23.1663 3.89396
740 33.8387 25.6887 -0.460827
741 7.62272 30.1928 -1.28708
742 19.1543 13.6141 -1.70736
743 22.8708 23.4854 -3.69273
744 33.1841 19.1919 3.34649
745 12.5211 39.6464 -0.527769
746 15.5936 12.6934 -0.63393
747 19.6195 25.2696 2.70886
748 20.6755 30.7041 -2.72393
749 2.84357 0.10125 2.28868
750 4.77572 35.2454 2.06803
751 4.6469 38.1814 2.68197
752 6.66881 22.0963 3.34768
753 15.5864 22.4646 -0.971126
754 28.9549 23.1139 1.34568
755 25.0232 5.8053 -1.43168
756 2.70412 4.27142 -3.35632
757 11.9788 30.2507 1.34362
758 36.578 19.6111 3.04788
759 7.8628 30.8243 -1.01182
760 31.1228 33.0226 -1.30415
761 13.0592 19.8928 -0.975358
762 22.0867 23.7285 -2.49644
763 5.78267 1.69346 -0.899599
764 22.4803 11.6997 1.18912
765 33.4986 17.5923 2.26883
766 7.46158 11.6414 -0.941503
767 30.322 4.31158 -1.24641
768 6.41448 16.901 -2.61484
769 14.899 31.6719 -0.495385
770 6.3803 24.6581 0.662004
771 5.34516 19.3164 -2.62191
772 15.3522 35.6421 -0.894101
773 32.8713 27.9329 -0.67701
774 38.769 39.9981 2.89205
775 15.972 11.1527 -0.901702
776 7.60747 16.3483 -2.36527
777 37.948 25.8475 -4.03078
778 35.2425 23.7824 1.74762
779 14.0648 38.9107 2.12941
780 3.60916 4.49258 -2.69031
781 0.708848 36.2285 -0.752495
782 6.72881 11.2563 -2.02901
783 12.2857 8.03544 2.119
784 37.8466 1.60985 0.392089
785 20.4098 9.49647 -0.0444955
786 6.01553 18.28 -3.47077
787 31.9743 2.86928 2.21215
788 0.451677 1.08958 -0.290857
789 34.9498 6.45699 -2.75876
790 12.7927 29.0023 0.75754
791 13.0967 21.9419 1.74055
792 13.378 21.204 -0.773141
793 19.1585 31.8532 0.0141303
794 21.3393 30.2396 -2.56705
795 38.9969 7.93098 2.65413
796 20.3825 19.8783 -1.49517
797 0.909522 31.1711 0.129716
798 27.9698 10.4081 1.79524
799 25.6168 5.72955 0.934841
800 35.9738 4.91385 1.9359
801 16.5559 11.7308 1.47004
802 34.3756 22.2608 1.9731
803 10.9232 0.59879 -1.27586
804 2.66142 21.883 1.05147
805 3.4935 25.6662 -0.342205
806 7.27189 30.7746 0.645421
807 29.4461 14.8863 0.986295
808 19.3245 28.3425 1.93949
809 30.24 14.57 1.30343
810 14.5407 35.8412 -1.61602
811 7.83895 23.7651 -1.63772
812 6.87615 6.53238 2.65659
813 1.48573 8.53015 -3.45446
814 26.3103 37.4562 -1.65409
815 29.5935 15.5997 2.16146
816 17.2431 1.83516 2.4307
817 6.9772 38.3325 -0.216511
818 4.91764 9.7144 -3.94828
819 29.9508 3.19112 0.799281
820 2.47807 3.44751 -0.730202
821 14.3669 15.1686 -2.36461
822 7.89368 3.97766 0.859954
823 23.9272 1.28714 2.61226
824 28.8031 11.6527 -0.0205101
825 1.85016 33.4728 0.94984
826 6.44996 16.0604 -4.00686
827 0.667382 8.63054 -3.52794
828 19.3935 17.292 3.25366
829 11.0854 35.2896 1.77292
830 7.42154 18.2946 -0.552219
831 13.8382 0.25923 2.37216
832 33.0325 3.21737 -4.4798
833 8.19267 13.0437 1.54277
834 21.154 9.64044 -1.39854
835 5.2381 32.8488 2.63772
836 16.5687 34.4147 -1.07926
837 29.5961 39.53 -4.49803
838 20.6863 3.68603 -0.311106
839 4.36499 19.2561 -0.437291
840 23.1294 15.1135 3.13399
841 27.3197 32.2353 -0.845669
842 14.7276 29.0999 2.94535
843 17.5147 6.82819 2.36593
844 5.93032 23.4548 1.88367
845 3.64772 28.2433 -4.17767
846 12.4677 31.9931 -4.05293
847 2.97325 27.6645 -1.07773
848 25.2222 27.0456 0.178912
849 23.1542 16.3358 1.5301
850 30.9428 35.2233 0.989485
851 6.52024 2.95226 1.78875
852 26.4488 25.2845 -2.05364
853 20.6047 26.835 1.87729
854 0.232436 36.5953 -1.4661
855 11.8873 37.4659 0.713142
856 8.13053 39.2749 3.29973
857 8.86324 22.8212 0.102407
858 0.0194203 27.0831 -3.72298
859 14.391 0.388104 3.04771
860 36.9791 19.0587 2.48626
861 2.84959 16.8582 -1.91045
862 5.99441 37.3587 2.98412
863 13.0599 9.26803 2.22016
864 21.0322 10.9951 3.68032
865 28.5548 37.5306 0.418613
866 26.0514 4.17209 -0.875204
867 25.0662 26.6281 -0.286168
868 29.3502 27.1977 2.08254
869 35.5889 16.9395 -0.746658
870 33.5502 2.38907 1.03703
871 18.9207 26.1427 -1.66416
872 30.9885 23.2749 -0.392413
873 16.2349 15.2726 0.0490226
874 33.7506 14.9896 -3.79868
875 29.3271 3.5112 2.54686
876 10.0832 19.1831 0.34048
877 32.0446 12.2444 0.410795
878 1.66958 38.0948 3.8187
879 4.6227 34.7895 -0.39543
880 33.7565 24.4424 2.86179
881 10.191 24.2769 -2.11605
882 28.0971 3.91718 1.59717
883 27.2069 29.7767 1.57061
884 10.6649 22.8177 1.91095
885 11.9285 12.5512 0.273668
886 16.7611 19.807 -1.17703
887 6.29661 24.3648 0.188921
888 28.6008 24.9619 2.44887
889 2.98383 8.08286 -0.193233
890 15.1848 17.7522 -3.20981
891 19.7709 22.7532 -2.22515
892 10.8703 5.44664 0.648062
893 32.5988 26.5195 -1.07108
894 37.83 29.1451 2.90526
895 35.1646 9.54562 -2.74783
896 19.3626 3.35006 0.432294
897 39.5927 14.357 0.485304
898 19.3924 18.2992 1.08519
899 11.1275 24.4318 -1.13306
900 12.455 2.03434 -1.49533
901 39.9703 35.4492 -0.744737
902 2.70425 32.7306 -1.37205
903 7.35171 39.5968 0.51092
904 15.1723 38.7187 0.746871
905 33.7597 36.9061 -0.0103739
906 21.3923 15.4193 3.68423
907 7.94017 27.2154 -2.09286
908 32.2057 33.7416 0.327167
909 7.16863 39.7007 -1.42805
910 38.7868 19.5259 0.0458602
911 32.6431 28.9393 0.563464
912 25.2198 13.3406 -2.19861
913 39.4263 32.7287 1.97313
914 35.2698 21.8497 0.884605
915 34.1532 35.7807 -1.43278
916 30.0555 21.4581 0.770666
917 12.3312 23.934 0.590264
918 36.216 6.82326 -2.54275
919 33.0645 21.3597 0.0854009
920 5.55358 22.1313 3.4474
921 25.0145 25.8045 -0.25438
922 24.6 14.1521 0.487611
923 4.64586 27.9646 1.95878
924 27.7086 30.3608 2.83151
925 24.0859 7.57864 -1.43953
926 25.6609 6.85564 -3.98512
927 4.99967 28.6702 -1.14213
928 34.0737 2.34199 2.40395
929 5.30609 35.2375 0.189541
930 4.1943 6.52606 4.57522
931 18.0168 15.3066 -0.480558
932 2.58928 22.173 4.00571
933 14.5086 3.20104 -3.43042
934 28.0003 25.425 -3.55194
935 11.6432 7.22349 3.18959
936 14.7932 22.5956 1.73165
937 20.4568 3.12109 -2.41666
938 18.9749 20.2894 -1.66217
939 15.2421 4.87576 -0.644512
940 12.9075 25.5564 1.15974
941 25.3076 19.0337 2.68111
942 10.2659 19.4322 2.47231
943 13.9627 5.55281 0.325725
944 5.6395 37.5603 3.55227
945 39.7784 1.54697 -1.74318
946 18.0244 24.3486 -0.693693
947 11.4871 3.11555 -3.34734
948 21.651 5.13082 -2.41346
949 5.51583 11.8272 3.26211
950 2.83955 32.4177 0.986067
951 13.2276 8.86575 4.46456
952 12.6623 24.3979 0.827619
953 32.837 24.4295 3.07267
954 6.267 0.378233 -1.41784
955 3.25614 0.399249 1.10073
956 28.6255 14.6252 3.42138
957 33.9649 20.1213 0.607125
958 1.9031 38.2663 1.04982
959 26.4778 5.53553 -1.56266
960 8.2491 35.0608 -0.588534
961 39.5693 23.6252 -0.60992
962 8.6738 24.6185 -0.132508
963 15.0122 36.249 -1.51297
964 1.83089 7.17812 0.20258
965 35.138 28.2677 0.735814
966 16.0671 16.452 -2.40679
967 14.2214 0.211149 0.841727
968 34.0988 21.1258 0.170987
969 10.3116 4.64799 3.32885
970 17.6611 31.1159 -3.41635
971 27.4856 9.93764 2.78677
972 11.5715 20.3214 -0.154323
973 8.0864 27.7335 -0.858002
974 27.6436 26.0356 -2.7599
975 6.00669 21.925 2.99807
976 5.0416 13.7887 -0.590586
977 5.40682 37.3738 2.94405
978 14.8461 35.1069 -1.5886
979 6.47977 3.27081 2.22301
980 35.9447 16.8413 -1.42052
981 2.97268 23.8573 3.00891
982 38.0395 3.20039 -1.72592
983 35.7446 16.8764 -1.27024
984 7.92529 31.369 0.434572
985 4.82426 24.2613 0.309002
986 22.0728 17.4481 -1.12282
987 10.3676 19.8836 3.04032
988 6.24995 28.1921 0.242714
989 27.0184 31.8574 0.853442
990 24.6094 13.642 -0.951536
991 11.5735 24.3084 1.91071
992 3.29447 17.7342 -1.89865
993 14.3132 18.9139 -1.97021
994 23.267 19.0713 0.499297
995 15.736 15.4826 -2.33456
996 34.177 20.9507 0.217698
997 35.5129 17.9161 0.762988
998 36.6676 34.9502 2.20654
999 34.3052 9.19767 -2.14988
