1000
Particles
0 0.7023 34.0187 0.832729
1 38.4168 25.7085 2.07096
2 16.0278 1.05295 0.731714
3 9.04557 33.2324 1.44021
4 16.0671 24.4566 3.30111
5 20.1196 7.41087 -1.74933
6 30.3762 1.51693 1.31331
7 35.7803 22.9861 2.94522
8 7.71656 26.4414 -1.67346
9 29.8765 18.0337 -0.185732
10 29.4483 36.1435 2.77013
11 39.7781 34.6322 1.05201
12 35.5404 32.1291 -1.94061
13 5.95263 8.92132 -0.0215805
14 27.5713 24.5718 0.667828
15 18.5655 29.5191 2.18717
16 22.4823 32.6883 2.07904
17 30.7266 17.8476 2.5752
18 34.2138 6.09132 -3.18634
19 16.1756 26.2448 1.9357
20 5.41086 7.56948 1.95751
21 39.2651 5.76508 4.14168
22 6.63259 12.3776 0.575446
23 34.5764 18.0318 -1.07973
24 39.0101 6.24232 3.03742
25 38.9044 33.0176 0.709421
26 16.811 32.6369 -0.395607
27 16.543 13.2075 -1.36145
28 4.7656 33.4775 1.55378
29 30.7854 39.611 0.0475601
30 17.1178 20.8305 1.21268
31 10.056 19.7347 -1.54756
32 18.6713 5.47381 -0.946907
33 9.02331 0.711823 -3.2379
34 28.9995 18.0412 0.0872851
35 24.0962 4.97717 -0.509696
36 14.8546 2.32948 -0.337261
37 35.4932 26.9734 2.4513
38 32.0871 0.178486 0.945173
39 32.559 18.6467 -0.562476
40 36.8614 37.3785 -3.4304
41 12.5171 12.7977 -0.612046
42 38.1281 17.205 -0.0801712
43 24.309 30.6011 -2.81123
44 18.4446 27.7048 0.601542
45 4.35979 30.5016 0.647467
46 0.097755 8.80145 2.21189
47 28.9876 5.78347 2.14282
48 7.0682 33.4788 -0.477922
49 5.12353 31.6024 2.05367
50 38.4338 38.868 -0.781489
51 19.5633 36.7886 -0.524924
52 28.4436 10.0419 -1.68364
53 11.6542 5.07584 -1.52629
54 25.8589 26.2935 3.41037
55 0.01421 15.0759 -1.50121
56 20.5625 5.67788 2.59168
57 6.33061 36.8497 -2.79801
58 38.971 25.6668 3.27545
59 8.42549 34.8989 1.36877
60 8.30133 25.0282 -1.53191
61 12.9828 35.1883 2.0242
62 38.6323 1.60397 1.82894
63 3.4252 15.4503 4.03725
64 38.795 25.4146 3.949
65 7.84052 1.2445 1.36718
66 10.0815 17.4876 1.19097
67 21.7986 23.5135 -0.336719
68 12.4472 2.26069 3.41788
69 13.7523 4.92388 -1.14669
70 8.98336 2.67466 2.65429
71 22.9894 8.48795 3.42807
72 7.07611 13.2661 2.28117
73 20.419 26.9504 0.0929244
74 10.14 9.28026 -1.44574
75 39.8259 33.9883 -2.02752
76 22.4638 2.665 -1.96552
77 8.68109 26.367 -1.84044
78 6.30267 34.7542 -0.434622
79 39.0527 5.17157 2.0255
80 26.4908 6.61824 1.45838
81 4.99444 32.3411 0.324271
82 14.5557 12.5425 0.582414
83 17.5058 33.5407 1.4987
84 19.785 14.0141 0.712578
85 2.23436 19.8293 2.58907
86 20.653 5.6335 -0.252879
87 24.9067 37.1742 0.856216
88 0.271489 39.5117 0.589295
89 3.9127 3.26923 2.67225
90 1.58581 38.1656 -1.35886
91 21.9249 16.6538 1.08853
92 16.1652 24.7892 3.16186
93 11.6522 1.13183 -2.18247
94 15.3949 26.4728 2.92509
95 18.6348 3.71143 4.18068
96 8.87801 35.7717 0.402638
97 18.4255 39.7858 -3.18964
98 0.89001 20.6414 1.6194
99 11.2172 5.19261 -2.08784
100 28.1454 21.3392 -0.32804
101 19.2534 27.8923 2.22817
102 18.7905 29.9735 -1.97883
103 8.37375 5.80538 0.926489
104 21.0539 3.81233 3.53771
105 17.2524 34.4323 -2.44655
106 30.6106 21.3409 1.91876
107 23.893 22.2527 -2.38076
108 29.3872 18.8399 1.14786
109 1.00213 34.0163 0.470694
110 11.388 3.15043 3.31408
111 34.9374 32.4014 -1.25964
112 29.32 3.33004 1.43068
113 33.9571 29.2122 -1.66397
114 35.169 27.8147 2.73397
115 30.1246 23.0677 -1.33922
116 24.343 32.0014 -0.219148
117 26.3201 29.4659 3.90564
118 26.2336 2.7627 1.01506
119 35.1592 13.7734 -1.04969
120 22.4991 27.4564 -2.74748
121 25.0739 14.3867 1.19668
122 34.7493 19.5869 3.65839
123 9.04343 29.5755 -1.53222
124 9.16155 0.792086 -2.22955
125 21.3588 39.1561 -2.34003
126 21.9407 28.0512 -3.58878
127 38.2248 7.2319 -0.480618
128 33.1339 6.01056 1.35452
129 0.397879 12.602 -0.354115
130 26.1545 6.52889 1.50147
131 26.4422 29.6523 3.0741
132 17.1204 1.10791 -0.90474
133 35.6992 33.7995 -0.899358
134 3.55454 35.4011 -1.18974
135 12.4823 4.554 -2.45898
136 23.1872 1.75184 -2.00867
137 23.5627 33.147 -1.40473
138 9.89271 19.978 -2.21478
139 14.5891 2.21626 -0.334527
140 23.3516 35.841 1.22671
141 32.7833 30.3877 -3.9268
142 24.4811 9.87535 1.90927
143 15.8545 25.0154 4.36889
144 3.79684 34.3107 1.65712
145 21.2823 24.8948 -1.64421
146 34.2523 13.7275 -4.19793
147 38.1738 1.17974 1.9005
148 36.3165 8.48193 1.18063
149 8.55917 23.0526 -3.28025
150 16.7301 26.7417 0.611427
151 31.8095 0.00428038 2.00353
152 16.2886 14.1228 -0.744331
153 18.3264 1.01094 -3.6787
154 21.7067 38.0057 -0.462191
155 33.1528 21.5867 0.814943
156 39.6885 26.9862 2.24539
157 11.7413 6.35369 -2.01669
158 11.3673 38.4085 -2.49248
159 20.2455 27.1532 -1.06042
160 39.1986 17.9114 2.62782
161 6.90869 24.7169 1.21293
162 23.1798 32.2601 1.22303
163 8.69979 7.13886 1.8128
164 17.1831 6.29163 -3.83346
165 28.876 9.19368 -3.55091
166 34.3568 8.31533 1.52193
167 9.29371 38.5847 0.377601
168 34.0577 21.1445 -2.83433
169 0.216127 39.0305 0.912994
170 5.15558 38.4976 2.93198
171 23.9831 37.2519 1.01492
172 1.1169 17.5419 3.64172
173 22.8693 31.4176 1.20368
174 16.7967 1.68939 -0.259973
175 5.97713 7.98189 2.52664
176 17.0214 21.0688 0.531496
177 13.9099 6.92307 -2.79881
178 27.9832 18.2777 1.19971
179 26.4525 5.97083 1.97917
180 17.1854 9.33127 3.58318
181 2.26677 27.4574 1.27348
182 17.5277 21.9895 -2.45517
183 1.61045 19.4541 2.44634
184 36.7149 7.41447 -3.88271
185 6.63705 14.643 -0.975904
186 16.9046 0.865462 0.0013199
187 11.3454 2.88094 -0.434858
188 23.8153 18.6355 -1.35081
189 7.71363 23.8961 -4.19754
190 22.3152 23.4536 1.67195
191 16.1537 30.5791 -1.6286
192 36.878 0.669041 -0.0384739
193 25.4528 27.3031 2.5995
194 20.8826 26.6241 -1.0067
195 6.23929 14.3614 1.59315
196 29.4959 35.6159 0.838915
197 16.7821 35.6913 0.627336
198 30.4708 23.8487 -2.96185
199 15.3384 12.6342 -0.208909
200 30.4805 0.329904 0.557785
201 0.772174 19.2768 0.0321435
202 10.4391 19.8897 -2.9508
203 24.8824 14.962 3.18072
204 29.2798 32.7759 -2.19608
205 0.462919 30.5568 -0.821035
206 15.5939 5.90593 3.39839
207 33.1283 34.9656 1.24241
208 37.1071 23.4751 -0.342294
209 11.531 38.5154 -0.977125
210 10.9758 25.9371 -0.235409
211 33.8492 16.3083 -1.15541
212 37.512 35.3393 0.256863
213 38.624 4.00759 -0.0827335
214 28.2677 19.7557 -3.02564
215 37.9645 21.1782 0.95363
216 28.4594 26.7558 0.390487
217 9.10231 7.05794 1.37501
218 16.0034 19.0116 2.1379
219 19.5972 39.3958 4.48065
220 11.6434 1.92494 3.15928
221 23.0778 11.9584 1.60202
222 0.840018 34.0811 -0.255993
223 18.9017 25.3395 0.015573
224 8.99467 30.5182 -0.357878
225 37.789 10.8606 -0.748473
226 35.0668 15.0527 0.657927
227 1.0261 11.9241 -1.12361
228 16.6909 5.48262 0.671255
229 38.8138 19.921 -2.32918
230 29.0637 9.37777 -4.85518
231 18.6345 32.9947 0.702226
232 34.3773 39.9121 -1.72485
233 36.5799 4.31723 -3.48269
234 6.99409 3.50138 1.88563
235 0.161578 5.37886 1.19047
236 14.0912 1.21848 0.969595
237 12.9925 25.9651 -1.07519
238 9.19614 12.4544 3.18415
239 30.1234 11.278 -0.685723
240 14.9971 18.3753 0.248675
241 9.64761 30.4512 2.69883
242 39.0457 4.08376 -3.86196
243 29.8103 0.0154959 -0.12062
244 39.3269 18.0645 0.391718
245 21.0718 3.18187 1.23111
246 25.1017 3.68364 2.84004
247 7.05106 36.8785 -0.0223682
248 8.34494 29.6808 -3.0524
249 11.2427 0.320463 -2.9904
250 17.9449 1.49903 -3.65168
251 39.6115 1.75938 0.77155
252 34.6027 14.8814 2.40166
253 33.2317 16.6425 -3.15169
254 4.34502 35.7062 -1.06282
255 23.8154 22.5707 -2.27163
256 8.41386 3.11715 3.34521
257 31.3114 18.198 4.57847
258 27.2653 35.6328 0.784973
259 38.8104 13.6783 -0.927043
260 3.21837 9.43468 -0.976392
261 31.7756 26.2537 -4.04778
262 31.4526 29.2023 -0.637437
263 3.0734 2.45666 -2.02869
264 14.0958 26.0577 3.07925
265 38.287 27.5868 2.2855
266 36.4002 14.9978 2.89613
267 2.37525 30.0848 1.95765
268 14.9013 18.7012 -1.1884
269 26.3639 34.898 1.17177
270 2.21906 10.7335 1.48763
271 33.664 6.15374 -2.64287
272 19.9694 17.1514 3.86893
273 27.178 35.953 -2.59871
274 12.0961 3.24322 1.0053
275 9.63084 21.5528 1.18354
276 29.3752 19.2675 2.07664
277 5.31078 18.8062 -1.61938
278 2.45967 15.1914 -0.916997
279 12.3573 26.0929 -1.76424
280 7.00627 29.7618 -0.0965427
281 26.2375 19.6329 -1.69059
282 10.0967 20.0452 -4.16218
283 20.1324 34.9423 0.244998
284 27.1906 19.5977 0.704217
285 39.4426 39.8902 0.343881
286 35.8068 5.06153 2.79735
287 16.3254 12.2321 0.804184
288 39.2843 2.01905 -1.46094
289 12.9635 35.2588 -0.974813
290 31.7376 24.8704 -0.863358
291 14.0275 5.17032 -0.271303
292 35.6145 20.0372 0.700097
293 11.021 5.19992 -3.69703
294 25.8895 28.8799 3.25553
295 24.4386 15.9683 -0.42029
296 24.7368 22.9935 -0.978422
297 39.6256 28.2937 0.264629
298 22.3685 36.7906 4.37333
299 17.5806 26.7943 -0.0680872
300 24.9857 9.38949 2.70838
301 23.7025 23.771 1.46591
302 14.1055 35.6323 -2.48713
303 1.94913 20.1831 1.24172
304 5.22907 32.0774 0.372839
305 0.397931 16.8878 2.33746
306 22.2631 9.57999 -1.41627
307 10.7674 15.3645 0.738476
308 5.54318 25.9584 3.19595
309 15.7165 33.4857 -2.27633
310 16.4973 22.547 1.5116
311 22.5337 9.72934 -1.49852
312 35.6621 0.0136429 -1.73638
313 21.5819 37.8532 -3.0998
314 12.968 7.05815 -3.10471
315 1.10344 37.3035 -1.32591
316 37.0912 31.7369 -1.82712
317 20.7338 27.5412 1.52383
318 28.07 27.5816 -2.44256
319 7.11523 5.33612 0.123536
320 5.29751 23.398 -3.06027
321 27.4044 2.63499 -0.252201
322 1.64225 34.7104 3.59466
323 8.62685 37.6947 4.57188
324 29.5763 20.0638 2.79572
325 11.9424 28.5575 -1.91476
326 9.25188 19.7017 -4.1232
327 14.5885 37.0611 2.92881
328 18.9782 29.1149 1.90225
329 5.54636 24.5116 3.52992
330 36.605 14.39 0.114106
331 17.5575 36.582 -0.495749
332 33.9293 10.2545 1.83722
333 32.8016 23.3995 2.12034
334 16.4116 4.57376 2.97936
335 4.63757 5.79148 -0.765336
336 14.0633 35.4947 -2.89216
337 11.1597 24.685 -3.80815
338 13.7931 24.6342 0.920755
339 38.1105 28.7747 -1.95367
340 7.00023 23.3908 4.12566
341 32.3209 27.0802 4.03012
342 9.97266 15.2629 3.49958
343 10.9049 16.7734 2.24862
344 12.7663 0.464361 0.396484
345 30.214 28.3687 0.757915
346 16.2068 9.67442 -3.93971
347 39.7792 1.31646 0.999112
348 12.5793 25.3387 -1.25434
349 16.4645 27.2179 1.92757
350 5.02938 17.2847 1.4247
351 3.0935 20.482 3.15436
352 25.937 28.0948 3.39285
353 22.42 9.50511 -1.56266
354 2.06626 39.187 0.980688
355 15.3587 26.1829 -1.50826
356 37.9571 38.7722 0.552818
357 8.73556 20.7398 -3.47615
358 14.7803 11.2214 -0.950874
359 31.024 24.1334 -1.57149
360 33.584 20.658 -2.75095
361 31.3481 29.5918 0.358269
362 0.809303 25.1141 -1.38505
363 1.38399 10.1458 0.955398
364 8.60949 11.1522 -3.94674
365 8.15976 35.5751 2.01777
366 13.145 6.22602 -2.41769
367 11.5391 36.8994 -3.77928
368 25.0205 10.4643 -0.880462
369 13.6551 0.531334 1.11025
370 19.4474 28.8735 0.434361
371 26.7307 19.5234 -1.80111
372 20.3389 31.24 3.37145
373 16.7083 17.2188 -0.322944
374 10.5467 14.3714 3.92843
375 10.92 14.8653 2.39017
376 38.3593 29.6825 -2.35599
377 3.39422 8.77344 1.69505
378 11.3782 6.37582 -4.09039
379 37.7583 33.9638 0.601354
380 32.7421 25.0577 -1.98382
381 13.5357 37.3972 0.463572
382 5.74421 17.8151 -1.78282
383 21.4458 34.1895 -0.916488
384 32.5075 8.35468 -1.28122
385 20.8772 22.9701 3.37002
386 26.4044 5.36211 3.75219
387 34.1141 37.4708 2.96424
388 30.5137 28.137 1.78006
389 9.56753 6.41359 1.65332
390 35.2505 20.1602 4.47884
391 14.5213 17.8143 -1.84563
392 21.703 24.1731 2.00587
393 21.3226 2.93162 1.00724
394 23.5605 0.3851 -0.0403322
395 36.5857 14.119 1.51534
396 3.61751 35.5484 -1.28265
397 9.22425 5.82541 0.214191
398 32.5317 30.8681 -4.22935
399 33.5939 19.3521 -3.18661
400 8.07161 1.71427 1.30052
401 26.8596 28.5871 1.65549
402 35.6927 6.66065 -2.43268
403 3.29821 30.9844 -0.685325
404 21.2587 28.0769 -0.453831
405 3.96111 18.8517 0.117571
406 21.4762 5.60663 1.0232
407 35.9823 8.36176 1.57237
408 0.684055 9.19309 0.560984
409 19.5625 1.6477 2.68189
410 16.0401 27.0207 0.974491
411 16.1645 31.2131 -3.24379
412 4.48067 38.3485 -1.96452
413 11.0467 15.4234 1.61023
414 7.06335 11.1671 -3.46368
415 9.81718 29.1535 1.16123
416 14.9073 0.805452 -0.152465
417 3.24026 38.4049 -0.221311
418 24.9535 23.513 2.47431
419 23.0026 3.56649 -0.254026
420 21.4608 3.88343 1.26954
421 7.11206 18.0352 -2.2167
422 11.5196 16.3002 0.160373
423 33.4785 8.794 -0.542595
424 21.8756 25.9134 -1.08807
425 13.091 5.12739 -3.26883
426 9.04264 22.3 1.0057
427 19.307 22.7184 4.40234
428 5.33278 7.03946 2.01713
429 2.76179 9.25097 -3.24067
430 17.8941 16.5714 2.9438
431 7.98275 5.23576 -1.5145
432 21.9859 31.8858 3.93588
433 27.0449 21.2559 2.45947
434 10.8327 25.4411 -3.25295
435 31.9357 31.1676 -1.19251
436 1.32575 30.5234 2.95823
437 9.3468 36.308 2.83641
438 0.860556 32.781 2.00461
439 33.1369 13.0222 -1.19897
440 21.3812 7.83175 -2.38082
441 10.8592 0.839663 -1.91371
442 3.67837 20.2819 -1.70571
443 27.6835 18.0259 -2.0966
444 14.155 22.1651 -1.07268
445 11.8395 15.8754 -0.699845
446 14.9186 8.61562 -3.27211
447 8.84305 2.94936 3.25661
448 32.64 29.6546 -1.08178
449 18.6744 20.0566 1.00164
450 0.317436 15.3429 -1.14987
451 36.8688 9.86605 0.942767
452 12.8074 18.0197 1.2669
453 4.92711 25.0826 3.21625
454 36.3118 9.29429 1.71634
455 32.6747 4.94109 -4.3105
456 11.1509 10.0652 1.63557
457 25.5419 17.4815 2.45192
458 32.4787 18.6525 -1.14557
459 13.1963 5.11144 -0.898567
460 7.30343 38.7313 -1.75272
461 6.97286 39.894 -3.41012
462 26.2676 19.3157 -0.742845
463 6.55901 34.4599 -0.45192
464 32.7065 25.0852 1.66075
465 30.0946 16.4923 1.77012
466 34.8904 20.8162 -2.78638
467 12.07 36.1814 -2.88014
468 23.0445 30.4964 0.255867
469 20.4013 37.9187 0.876406
470 10.565 17.2344 1.74968
471 37.9729 21.8186 3.94197
472 16.4147 7.13989 1.46214
473 10.7147 37.4498 -1.50551
474 7.87409 1.32407 4.80152
475 32.405 7.25003 1.15824
476 9.20511 25.942 -3.34226
477 11.9525 37.1474 -3.18067
478 27.3436 18.8166 -1.96122
479 36.782 30.8009 -2.5254
480 33.6534 20.176 -0.638346
481 25.0865 1.06555 2.41194
482 9.20419 35.5665 0.713338
483 7.44503 33.9669 -1.10828
484 17.1084 36.3508 1.52977
485 4.43112 39.6935 -3.55634
486 18.0983 27.6633 3.56404
487 31.4066 25.4398 -2.83645
488 35.0918 7.82066 1.29143
489 24.0945 1.26014 -1.64619
490 7.41134 2.41998 -4.56001
491 16.805 11.9238 1.12329
492 20.8649 39.2718 -0.803119
493 6.59144 25.2421 1.47929
494 9.01936 10.7836 -1.84374
495 33.3056 10.601 2.89188
496 21.1381 26.0657 -4.37645
497 5.98873 34.6495 -0.291907
498 20.8437 17.3462 -0.578198
499 9.09458 22.3153 0.0461868
500 3.56259 14.2864 0.0960149
501 29.7997 5.19723 0.41396
502 2.98902 3.93353 -0.810736
503 22.5478 26.0194 -3.38085
504 38.9709 37.618 1.0743
505 4.96971 7.74301 1.79123
506 24.7286 28.7185 -3.28282
507 20.8932 8.02555 -3.14124
508 4.51872 31.511 -1.14947
509 16.2759 1.72929 0.443649
510 37.0799 7.10157 -1.70453
511 25.1637 38.4274 4.25127
512 30.6667 26.8622 3.3346
513 11.0996 24.4885 -2.05214
514 9.20356 31.1932 -2.80483
515 15.3397 16.1127 -2.41601
516 16.2527 37.7177 -2.59644
517 17.3058 16.1168 3.80952
518 6.11211 7.44289 1.46221
519 24.762 21.5265 1.49236
520 39.9472 1.22331 2.33
521 36.7207 29.4711 1.83067
522 21.6786 19.6684 -2.28838
523 9.24984 18.1871 3.96342
524 10.5337 25.39 -2.01074
525 5.598 11.6073 2.67809
526 9.23328 26.9033 -3.89765
527 13.6513 4.58229 -2.23088
528 22.0827 1.97261 -0.966792
529 38.5714 1.45932 1.14924
530 31.0722 12.0361 0.440133
531 27.6593 7.94676 -1.32109
532 18.1472 36.6815 2.63936
533 10.8872 30.6857 -0.9182
534 10.8715 24.3953 -1.40753
535 39.9518 0.659603 -0.0527316
536 31.6375 12.2637 3.57427
537 2.56276 27.6214 -1.58033
538 3.88137 3.76767 3.80945
539 9.90331 7.27336 1.75132
540 29.8985 17.4857 1.71008
541 24.7109 22.6105 1.14073
542 34.6789 31.3988 -0.751016
543 12.0819 16.647 1.2145
544 36.6198 38.5898 -2.28231
545 10.4761 27.0382 3.85238
546 39.3291 2.35323 1.05937
547 3.97179 10.3272 -2.3103
548 35.9013 33.8327 -0.248793
549 38.8169 25.7678 0.661556
550 2.29715 26.2617 2.68879
551 28.6397 12.0541 4.45994
552 3.41456 38.8867 -1.43363
553 15.4369 30.7637 1.06134
554 19.2871 9.21235 2.68639
555 38.6356 9.19819 3.62183
556 34.8889 21.2398 -0.090612
557 4.66719 19.5975 0.731581
558 34.7555 5.67608 -3.91154
559 25.9942 28.4961 2.66726
560 25.3649 27.3197 3.87382
561 2.55472 23.7026 0.391653
562 9.93213 25.2458 -1.78953
563 5.55224 11.4036 1.05734
564 16.6944 27.1607 0.553298
565 0.922561 21.7169 -1.78924
566 13.3851 38.4397 -1.72014
567 29.6017 12.8718 -2.15717
568 38.176 4.61229 -3.31302
569 33.0719 26.7263 4.03852
570 39.4353 26.5525 1.27352
571 12.8303 16.1189 -1.91592
572 35.7576 33.5998 1.38554
573 23.5094 31.7723 0.110499
574 7.43857 21.2943 1.26533
575 18.575 19.6501 0.360971
576 0.931759 39.1695 -1.11733
577 19.8032 28.6963 -0.807951
578 8.77165 0.202244 -3.60594
579 10.9235 10.1261 2.5354
580 9.98289 31.607 -0.926385
581 9.1542 29.6224 -3.67925
582 29.8675 18.4881 1.14685
583 20.6976 37.5846 -0.857101
584 37.8403 7.76838 -2.32798
585 39.5764 25.4292 1.58344
586 21.5851 23.9578 0.127258
587 30.0387 32.9705 -1.6027
588 21.4473 35.6514 -3.32014
589 24.2134 18.9213 -1.97567
590 5.3201 6.99147 0.458973
591 4.61735 29.081 1.20635
592 33.2561 25.2903 -2.4421
593 10.0725 22.442 1.28707
594 7.24482 4.74269 -0.647125
595 30.3108 22.5912 -1.99333
596 38.9726 38.094 1.15457
597 30.1595 10.382 -1.13722
598 32.9835 12.4236 -2.83213
599 9.09639 32.5415 3.47727
600 8.76349 35.9601 0.763244
601 17.7723 34.9771 -1.93829
602 14.798 23.1026 -1.68014
603 15.3661 7.39766 -1.64716
604 28.8106 27.7505 -1.86208
605 9.43946 35.0349 1.27834
606 39.0787 27.5513 1.97122
607 39.187 6.48273 1.21967
608 8.36883 2.79199 1.67922
609 19.1705 1.40766 2.63021
610 33.9444 23.729 4.60531
611 3.17657 25.158 -0.156227
612 23.6954 8.96742 0.28754
613 21.2237 9.82678 -2.03413
614 39.7491 5.18093 3.54157
615 33.0721 8.82788 -0.704867
616 30.614 18.4375 1.43928
617 24.5756 29.0904 -0.934384
618 6.12951 0.600656 2.148
619 21.7201 35.9515 -3.39699
620 39.333 39.7899 3.2835
621 25.7568 17.5264 0.71223
622 22.8385 3.25056 -2.0194
623 18.3347 8.89526 -0.246367
624 29.8507 3.77756 0.602343
625 20.2337 7.75449 -3.30451
626 6.06347 38.623 3.488
627 8.32739 30.0812 -1.28184
628 15.2186 2.95466 2.05437
629 26.3427 4.73007 0.421723
630 39.6626 29.7803 0.893938
631 25.4647 1.87894 0.791211
632 33.7445 30.818 -2.67646
633 2.67822 24.6597 1.27262
634 39.4437 5.8683 1.91676
635 23.5613 25.5857 -0.977996
636 24.1958 8.28102 0.829686
637 4.49565 31.6145 0.119647
638 31.7478 26.1363 -0.674195
639 33.9888 12.8338 -2.24041
640 7.79602 21.708 0.808948
641 28.1155 7.67819 -0.812634
642 14.8053 33.3952 -2.13103
643 30.2613 27.8531 0.803243
644 12.4803 3.07162 1.85249
645 6.78035 6.94962 2.19431
646 9.53356 6.63197 3.56403
647 8.88446 15.4379 1.77981
648 33.2892 35.1062 -1.72259
649 17.8751 20.1227 0.682948
650 27.9364 18.9351 -2.78896
651 24.551 23.5402 -4.2557
652 9.35241 35.561 2.3602
653 6.39573 39.3974 -4.50176
654 22.6948 13.9138 1.44992
655 38.5127 32.2185 2.22074
656 4.62365 10.6268 -2.81501
657 22.2143 4.41015 1.31875
658 9.6272 27.2454 -3.97808
659 1.28908 39.4999 0.959031
660 23.5343 11.182 2.17686
661 38.5431 18.69 1.35882
662 36.7865 33.7076 -0.967781
663 9.68543 22.0451 0.682859
664 33.6159 15.3919 1.22194
665 33.685 35.1732 -2.09423
666 21.3197 38.5775 -3.23381
667 36.8909 33.5986 -1.25277
668 8.76875 36.4086 3.65104
669 13.481 35.5931 -0.61136
670 37.6811 32.7584 -0.539421
671 33.7286 5.94438 -1.26334
672 17.7466 33.0858 -1.57898
673 38.8972 1.09147 1.67338
674 4.88567 19.0138 -1.11624
675 31.3895 13.3789 2.37682
676 35.5805 39.7616 -0.320326
677 38.2485 21.2567 3.29926
678 25.351 1.31316 2.99751
679 24.387 19.6112 -0.304958
680 19.4826 29.153 -2.2574
681 8.0736 2.25641 3.31141
682 35.613 39.8642 -2.35344
683 22.4379 26.5149 -1.08656
684 4.54261 3.78899 1.4713
685 26.2052 30.0528 1.218
686 39.9767 39.0436 1.36716
687 22.2669 8.4255 4.03807
688 26.9513 2.61336 -1.40202
689 12.1032 3.77049 2.86084
690 19.5964 32.3637 1.20408
691 17.622 34.5657 -1.86328
692 30.0758 13.6467 -4.43401
693 2.57677 20.5886 1.44537
694 27.5238 22.1914 1.50833
695 16.1271 27.952 2.31988
696 22.4289 27.1628 -1.5609
697 30.1427 3.72269 -0.253812
698 35.2936 15.6194 2.05886
699 30.5778 24.0762 -3.25
700 39.6904 3.10285 2.8202
701 16.6658 2.72898 1.29026
702 39.5764 37.6689 -0.855423
703 38.1193 10.7012 -0.370831
704 26.2344 35.549 -2.46966
705 11.9842 32.4034 -0.660591
706 39.7637 34.6604 -1.4464
707 14.8916 4.90351 -3.51238
708 34.6388 16.0743 1.01374
709 23.9543 9.93006 1.75673
710 17.2436 36.3666 1.42647
711 38.4307 26.475 2.52601
712 30.165 18.866 0.0407832
713 32.6986 18.8973 -1.32092
714 23.26 27.0641 -1.90718
715 39.1536 0.847656 1.94025
716 18.6387 29.2515 1.69668
717 15.6409 27.6484 3.64392
718 6.90518 30.6836 2.02327
719 9.39325 35.1221 0.255371
720 8.18672 23.7056 -1.10226
721 23.3693 38.1078 -1.83909
722 39.9166 38.4054 -1.61682
723 11.6511 2.18528 3.42916
724 16.8599 36.7374 2.31681
725 24.6231 39.2688 1.51026
726 5.60832 29.5085 2.24115
727 7.15542 26.4287 -2.07983
728 35.9915 4.07228 0.567562
729 18.8721 0.571886 2.25934
730 21.5735 9.87257 -2.90799
731 30.0382 19.0969 0.700222
732 28.3735 32.5562 1.39595
733 30.7537 28.3776 1.67527
734 31.0121 5.11989 0.402382
735 18.8299 28.878 1.15074
736 17.0715 33.0854 -1.69208
737 0.498655 33.8048 -2.02736
738 20.7513 5.71458 0.85321
739 14.4868 24.7567 -0.835392
740 35.1428 26.8872 3.76998
741 9.11773 31.4312 -3.68734
742 18.9285 12.6545 1.10008
743 23.4452 22.0454 0.57817
744 35.7848 17.0658 -2.88285
745 9.88474 39.7409 -0.889693
746 14.0105 11.923 0.684108
747 18.3489 25.2085 -0.94855
748 20.0109 32.3793 -0.409024
749 1.08188 0.824984 -2.03121
750 2.97236 34.9066 -1.20369
751 8.14678 37.138 -1.27228
752 5.47995 18.9248 1.29739
753 16.5854 23.8843 3.95865
754 30.7016 24.1534 -3.14952
755 23.2875 4.34461 -0.448207
756 4.36805 4.1205 1.71447
757 11.8357 26.6053 0.875146
758 34.6078 20.9869 0.381045
759 9.56332 31.8095 -2.04924
760 33.3338 32.3058 -1.79243
761 11.8661 19.8429 -1.70173
762 23.6191 23.5891 -0.16475
763 6.80664 38.6244 -3.42722
764 25.4293 10.1366 1.56142
765 34.0876 19.0026 -3.40251
766 8.29308 13.6398 2.25383
767 32.3316 6.87549 -1.8495
768 5.75781 14.2812 1.36473
769 14.8236 31.387 0.671706
770 8.80529 25.7092 -2.51666
771 5.74755 21.5694 -2.41171
772 14.4512 37.8223 2.10956
773 32.0162 26.6886 -2.09782
774 39.1979 39.9916 0.670756
775 16.5606 9.14958 3.59261
776 7.38099 14.49 0.170678
777 39.3755 25.3149 0.777127
778 34.8577 21.8967 0.148662
779 12.1016 37.787 -4.06645
780 6.63212 5.91168 -1.31633
781 39.4539 38.8709 0.525558
782 8.23583 14.3655 4.01751
783 11.5625 8.22339 2.3269
784 38.2652 1.75689 1.15767
785 20.1829 7.24681 -1.35184
786 5.15306 18.95 0.115467
787 31.8923 0.938766 3.21569
788 39.1441 2.14736 0.950112
789 35.6388 8.87697 0.913697
790 13.5596 26.5604 2.33069
791 12.9715 21.8039 -1.4934
792 12.5675 22.4812 -1.32983
793 18.8573 33.5533 0.750471
794 19.1276 28.9864 2.12769
795 39.3854 5.92731 1.65644
796 20.2458 22.0484 -3.7472
797 0.386454 32.8308 1.79342
798 26.2325 11.9598 -3.35602
799 25.394 5.62417 -4.32708
800 34.4906 3.31369 -2.52407
801 16.3645 9.9952 -2.86383
802 36.5914 20.0626 2.56617
803 12.5726 2.63431 0.958483
804 2.00947 21.9476 0.108754
805 0.972559 26.0525 -0.384473
806 9.00737 30.576 -3.18249
807 28.0163 17.496 0.146316
808 19.917 27.1274 1.31476
809 28.3923 13.4923 -3.94681
810 13.2101 37.8488 1.83586
811 4.70675 24.3514 -4.59024
812 8.16431 5.62326 -0.162584
813 0.627441 9.74974 2.40542
814 24.6684 39.0577 4.50782
815 29.784 14.1852 -4.33046
816 18.2305 0.458112 -3.77449
817 9.23478 1.73273 -3.73077
818 6.10596 8.13546 2.15148
819 28.1271 2.61871 0.381109
820 4.21176 4.77239 2.22652
821 12.9836 16.0195 -1.40819
822 9.33834 4.41099 -1.8199
823 22.7825 39.2268 1.28014
824 29.96 13.2934 -0.943059
825 2.40104 34.3848 1.34021
826 5.22027 13.9111 -1.83653
827 1.16091 11.502 0.826023
828 19.5888 20.7902 -1.48051
829 11.2836 36.371 -0.468877
830 6.9415 18.5693 0.432135
831 12.5843 38.7003 -2.63259
832 32.7516 39.7746 1.20647
833 9.10983 14.1232 -0.569795
834 21.1118 7.62924 -4.28616
835 5.05362 32.5823 1.22952
836 16.0443 34.4461 0.759896
837 29.6501 38.4532 2.21111
838 18.3533 2.96117 3.1398
839 4.15387 18.5604 0.37604
840 23.7077 18.1404 -2.40259
841 25.4087 31.6043 -0.590559
842 16.0593 30.6475 -4.36109
843 16.5299 5.57014 1.12711
844 6.19056 24.1012 3.64156
845 5.14212 27.5335 -0.679514
846 13.6915 31.8779 3.87458
847 3.25973 26.3191 0.804222
848 24.0144 26.8996 -0.755954
849 22.9429 17.4383 0.250162
850 29.9516 35.916 1.15955
851 4.1324 2.18664 -0.0726866
852 25.078 27.4263 3.6539
853 22.8598 27.2807 -2.87042
854 39.6424 36.6043 -4.16038
855 11.4599 37.8516 0.242565
856 11.4542 39.3158 -4.07865
857 7.88253 23.6558 -2.8222
858 39.9263 28.6006 -1.49881
859 15.7574 0.803491 -0.640778
860 36.5877 17.0417 -1.5541
861 2.47544 15.229 -3.72399
862 8.45795 36.0701 2.59271
863 9.72169 10.0903 0.356887
864 21.561 10.5653 -2.54014
865 29.2279 36.4362 4.68945
866 27.5759 3.42857 0.690337
867 22.8967 26.8892 -1.66427
868 28.0392 27.119 -0.206654
869 35.2717 15.8944 0.649054
870 34.0504 0.301803 -1.41201
871 18.8135 26.4006 0.848305
872 31.9054 23.4894 1.49336
873 19.0379 16.8577 -0.0321396
874 34.12 15.1971 0.366129
875 30.1597 4.7569 1.70289
876 9.21945 15.986 2.12985
877 33.277 10.3095 1.79241
878 4.54521 39.0423 -1.66771
879 2.5927 34.0898 1.32537
880 34.4802 23.2088 -3.70418
881 9.17154 25.3052 -0.518554
882 27.7366 4.39727 -0.0372395
883 26.7909 29.0386 1.13335
884 8.8679 21.018 3.80248
885 10.3873 12.1127 2.54399
886 18.0573 20.283 -2.25205
887 2.07388 24.0376 -1.09189
888 31.3159 24.652 2.16227
889 1.31194 8.4148 -3.11202
890 14.7488 18.0329 -0.246587
891 19.1525 23.192 1.57059
892 12.1923 4.42994 -1.58937
893 31.7838 26.3587 -3.68723
894 38.7239 29.2679 0.294263
895 37.3112 9.26556 -0.0310906
896 18.0539 3.12711 0.43585
897 37.1892 14.3685 3.55588
898 19.3233 18.6733 2.02405
899 12.7902 22.825 -2.45797
900 14.4571 5.50388 -3.21255
901 0.214969 35.389 1.27877
902 0.45238 33.0443 -0.00351083
903 7.54788 37.9988 -1.68
904 15.935 0.394332 -1.27521
905 31.7602 38.0497 -1.62051
906 21.0784 15.1187 0.631008
907 8.90791 27.8568 3.50115
908 31.8481 34.8208 1.20617
909 10.9788 1.19027 -3.46806
910 37.5717 20.9047 0.956662
911 32.2304 29.4924 -4.71445
912 23.7083 19.1844 0.465335
913 0.269953 29.7285 0.816977
914 37.6873 19.825 -1.00806
915 34.1832 35.2354 -0.991072
916 27.3773 20.7917 1.53624
917 14.313 23.0733 -0.712974
918 34.249 5.92554 -3.60829
919 28.954 21.0795 0.218023
920 6.22577 24.8579 4.06404
921 24.2427 24.136 1.31843
922 24.1414 16.0811 -1.3457
923 3.58501 25.3576 2.07084
924 29.8584 29.5265 -0.538455
925 23.4934 5.23812 -1.06737
926 25.7396 5.80014 1.62375
927 4.94569 31.528 1.73355
928 39.134 1.483 2.68612
929 2.1038 34.408 1.46283
930 6.50087 7.0073 -0.0341727
931 18.3043 14.9942 0.498014
932 5.26361 20.8919 -1.3723
933 13.8096 5.28644 -0.578154
934 32.6747 24.3254 0.103358
935 10.4697 7.87961 3.1366
936 16.3925 21.8742 1.47256
937 16.9205 2.68729 -0.0925659
938 20.7226 21.0989 -2.91726
939 14.3379 7.30904 -2.67604
940 15.7851 25.3895 3.07041
941 26.2966 17.7024 -0.599612
942 11.0133 15.6098 0.599092
943 13.5272 4.88926 -2.18886
944 5.27269 36.2289 -1.53998
945 39.7605 5.106 3.27006
946 16.5852 26.7434 2.54234
947 13.3787 5.94686 -1.53655
948 20.2935 4.71765 0.375458
949 7.64909 13.0502 2.2123
950 0.30215 33.9471 0.282001
951 10.7733 9.73392 1.57737
952 11.6614 26.5809 0.521435
953 30.6421 22.5444 -3.29669
954 7.7882 1.1764 -1.52717
955 2.91357 3.36516 -0.0519543
956 28.438 13.3552 -4.0559
957 34.3067 19.7454 -0.805137
958 2.6163 38.1248 0.78279
959 26.4904 4.14793 1.66817
960 5.83728 36.4897 0.698461
961 1.11926 25.8968 -1.83698
962 9.20899 27.1983 -2.26659
963 11.891 39.1719 -1.19216
964 3.54846 5.93416 -0.170139
965 33.3534 25.518 -1.87448
966 14.9392 18.2346 -0.710693
967 13.5124 0.100531 0.167398
968 33.7676 20.104 -2.8709
969 11.5045 4.65915 -2.83539
970 17.5094 34.6604 -2.62938
971 27.8562 10.4292 -2.0037
972 11.2268 18.1477 -3.97517
973 8.78792 28.8963 4.46214
974 26.6088 24.6985 3.00031
975 7.57847 23.3497 -4.11504
976 3.35453 13.9995 -1.11812
977 8.19928 36.1121 -0.342212
978 12.8271 35.8798 1.11735
979 8.80205 2.79257 0.982025
980 35.5442 14.6427 0.437359
981 5.23742 23.6743 -2.25888
982 39.6452 5.5972 4.02402
983 35.0014 17.0597 1.06634
984 9.82653 31.4642 -2.9736
985 3.13675 24.8989 0.396802
986 21.3398 18.0044 -4.22425
987 11.8539 16.4313 1.7567
988 6.46872 26.6127 -2.10731
989 24.247 31.8038 -0.384435
990 23.1171 14.0855 0.984955
991 11.2615 21.8341 1.28055
992 4.30594 17.5289 -1.09657
993 15.719 22.2547 1.70637
994 23.2606 21.7123 2.48531
995 16.8615 14.2676 -2.42123
996 33.4881 21.1322 0.0518197
997 34.372 18.4758 -4.45747
998 37.2993 35.1015 0.658073
999 33.6962 13.0371 -2.58655
