1000
Particles
0 0.449705 2.04941 1.47033
1 31.1366 17.6806 -2.25648
2 23.0626 5.27799 3.22577
3 10.6021 39.5309 2.38381
4 10.7197 18.1623 -3.58418
5 25.4208 5.23363 1.45542
6 28.2422 2.9871 0.68175
7 34.3825 15.3059 0.508974
8 4.77793 28.3966 0.658267
9 32.2349 23.1553 -0.646787
10 26.4328 32.0294 -0.28602
11 6.13307 33.6206 3.85416
12 37.3126 24.9496 2.50203
13 0.957501 7.53931 3.53742
14 29.8948 15.9344 -3.04413
15 32.1307 32.1591 -3.55443
16 23.8674 32.7309 1.34067
17 31.4837 11.6484 -2.02969
18 32.9926 17.6466 -4.52778
19 15.3201 19.5075 -4.16768
20 7.78068 14.3372 0.95859
21 37.3939 38.9767 1.96232
22 35.5008 22.4001 3.10348
23 29.8553 15.6528 -4.6527
24 32.4024 10.4432 -0.674933
25 4.58664 32.5279 -0.778068
26 20.7611 28.6137 -3.2048
27 13.9905 16.5563 -1.19073
28 5.97053 34.1272 1.85683
29 29.7141 9.85599 -0.000927297
30 21.8087 25.01 -2.62008
31 11.0087 18.3923 2.81241
32 19.1338 10.2939 0.327388
33 7.47987 2.18394 3.50432
34 23.0181 16.5217 -1.18405
35 26.8938 38.5976 -1.81041
36 15.5292 38.749 -0.235442
37 0.145352 25.6447 -1.87415
38 27.3845 37.023 1.4398
39 29.4539 14.4875 -1.53439
40 31.372 35.4366 -2.85784
41 18.6377 17.4765 -1.60617
42 31.6707 22.4907 -0.554405
43 28.3269 35.5242 -2.54366
44 20.9653 21.9519 -2.17423
45 5.24351 26.8658 -1.23193
46 2.09073 10.6745 3.75977
47 36.6632 4.54439 0.96246
48 2.05606 35.5148 -3.27972
49 7.97785 31.4434 0.841961
50 38.2499 2.56654 1.61894
51 14.9244 3.86056 3.9961
52 34.9527 9.01209 1.71792
53 15.2849 10.1952 -2.6346
54 37.9078 26.504 2.55249
55 36.5568 17.9474 -2.27595
56 26.6837 7.43572 -0.125481
57 4.93932 33.4608 1.0293
58 36.3848 19.5125 -0.807677
59 4.41324 32.3663 -1.07441
60 7.34045 28.3099 2.18956
61 14.8549 25.6235 1.76206
62 29.0245 3.18091 -2.21474
63 10.6281 15.2299 -0.449224
64 37.9119 27.8504 -4.69671
65 15.306 39.5824 2.60704
66 10.8845 21.3835 -0.0694778
67 23.6092 23.4155 0.0538959
68 10.4299 5.18096 0.828119
69 13.2239 2.97821 -0.970975
70 5.51862 35.5365 3.19159
71 14.3588 9.53461 -1.92504
72 6.67672 14.4113 0.936754
73 19.7723 29.0757 0.944166
74 6.4051 1.93015 2.04668
75 1.8891 34.981 -3.66006
76 20.9554 9.6522 0.964782
77 10.8498 24.1839 -3.22718
78 39.7214 28.7294 -1.46207
79 37.3528 4.68164 1.278
80 36.4064 4.58519 0.208362
81 5.79556 26.4695 0.984944
82 11.7301 8.04167 2.24162
83 16.7392 24.094 1.1763
84 21.7264 16.2377 -0.555864
85 0.0547206 18.2888 -4.42994
86 20.0076 6.45296 -2.04234
87 19.0182 38.9738 0.247683
88 39.8188 39.0997 -4.26938
89 5.47784 37.093 -0.668006
90 35.1421 34.6342 0.805042
91 21.4979 11.1032 -3.28351
92 17.8737 18.9414 2.88558
93 20.0353 10.3714 0.38686
94 14.8839 13.2951 1.49508
95 22.1834 3.76499 1.20798
96 13.4024 29.8421 0.223841
97 23.3307 33.0764 3.68031
98 0.264231 23.222 -2.28876
99 7.83492 34.1854 0.962349
100 31.4779 13.0971 3.01535
101 17.366 22.0447 -0.75692
102 22.5897 33.2038 0.639181
103 13.5781 2.00649 -2.34378
104 28.0365 3.49106 -2.77253
105 22.6002 29.197 0.476269
106 36.1863 12.8096 3.09929
107 20.0664 21.2182 -2.32395
108 23.0259 11.8183 3.15051
109 36.7019 30.3147 1.63781
110 12.7447 38.7614 -3.5542
111 6.59658 34.0518 3.65237
112 32.6626 36.5053 0.244446
113 31.2711 22.1478 2.04635
114 0.732841 25.3777 3.13095
115 30.1184 19.5311 0.264082
116 26.7174 28.2144 3.66773
117 20.7065 32.9891 3.11287
118 24.6611 0.437373 1.04787
119 36.0039 19.816 -2.63193
120 33.9567 32.6693 -0.338651
121 25.9645 12.4606 1.01122
122 37.8462 13.2085 1.74721
123 5.18462 22.0359 2.03464
124 15.0967 36.3012 -1.69572
125 25.6967 35.6334 -0.31102
126 25.0986 22.8137 -0.870441
127 0.296996 1.39238 1.40654
128 32.9788 12.3274 -3.41337
129 0.727291 12.2723 -2.40712
130 33.6121 4.2127 -2.9089
131 29.974 30.6692 -0.12006
132 22.3327 35.0988 0.35364
133 31.0572 32.3055 -1.54638
134 10.3752 32.6015 -0.0594531
135 16.4627 3.39524 -0.182297
136 28.6698 5.77398 -4.3496
137 30.9421 33.6888 -0.249576
138 11.1371 23.9032 -3.22029
139 17.1496 2.48694 -3.28872
140 18.4536 29.9636 -1.72279
141 36.0946 28.8909 1.449
142 25.803 35.5907 -1.94754
143 17.5408 26.6855 1.50143
144 7.43231 27.2487 3.94567
145 29.4325 19.6997 -0.109412
146 32.8397 9.70228 1.04234
147 35.0733 37.3208 -0.0242961
148 38.0048 9.37532 1.61624
149 17.3461 24.1865 2.18702
150 17.8236 12.3979 -0.0651876
151 35.7716 35.1718 3.17513
152 18.3912 10.6285 -1.1482
153 20.7322 1.4822 -1.76933
154 27.0372 34.6125 1.88281
155 30.6315 31.7167 -0.979281
156 37.2739 25.8198 -1.1675
157 17.2964 16.9687 -3.43351
158 18.1555 28.5386 1.83774
159 14.1213 27.2147 0.694842
160 5.54187 13.4464 -0.945888
161 12.8067 20.18 -2.72007
162 24.7398 34.8042 0.638159
163 9.37172 3.00797 1.51637
164 12.9623 39.8157 4.11023
165 25.3527 6.69808 0.52749
166 35.5334 9.51199 0.966728
167 11.8243 1.46058 2.77288
168 33.9276 22.3597 -2.933
169 2.76112 36.5042 -1.08537
170 38.1963 34.8642 3.11938
171 21.3577 36.3563 3.44955
172 35.6986 22.0116 2.88914
173 23.5592 31.7893 2.33821
174 12.0118 34.5432 -2.48094
175 3.46597 8.61109 -0.0122924
176 23.8592 24.8619 2.42764
177 17.9083 7.48281 -2.721
178 22.863 16.6254 -1.38118
179 29.7242 9.39406 1.67625
180 15.6797 11.0772 -1.0785
181 33.5729 32.3568 0.773435
182 20.1349 12.6335 2.43708
183 4.67547 19.9984 2.86932
184 26.8695 37.0659 -2.56306
185 15.715 12.2717 0.320018
186 27.1422 4.62329 -2.37456
187 8.70142 38.6876 -0.837595
188 22.0623 19.8431 -1.3275
189 11.4439 25.2988 -2.30687
190 28.2986 22.981 1.21564
191 10.2437 31.706 -1.98271
192 33.2255 4.4804 -2.01134
193 28.0521 18.1606 -0.435762
194 13.9934 27.9976 -1.86045
195 15.8341 18.7775 -2.86977
196 27.5351 34.772 1.21775
197 17.6777 37.1374 -0.629521
198 29.7549 17.543 2.38455
199 13.1374 11.8093 0.355472
200 34.8587 36.3552 -0.330046
201 34.7181 20.6367 2.9469
202 17.1464 18.9248 -2.39336
203 26.9971 15.3505 1.59595
204 31.9323 33.2327 2.52622
205 36.4243 33.1248 1.74974
206 17.0519 4.85174 -0.639469
207 39.6647 29.3913 -4.15972
208 31.7069 29.3779 0.101947
209 7.54359 34.8825 1.407
210 6.1358 25.5752 -1.7156
211 33.4958 22.7693 -2.34213
212 1.36554 33.7343 -2.93669
213 3.46198 7.45093 -0.937225
214 36.3602 24.8449 2.2936
215 36.2741 21.3972 0.669091
216 29.7105 19.8423 0.57702
217 5.40678 9.74098 3.05117
218 16.7733 18.5318 -3.08837
219 26.2664 5.15811 -2.83431
220 16.4126 4.65188 -1.17159
221 23.5677 10.1437 -0.227288
222 36.6309 27.4329 0.693884
223 17.4025 36.1467 -1.69656
224 6.96255 30.3984 3.7781
225 31.6472 11.1824 -3.17837
226 1.73748 20.862 -1.37611
227 9.37833 3.2755 1.75876
228 21.3724 9.97325 2.31508
229 35.2985 21.0507 2.99377
230 28.536 7.3792 0.762869
231 15.4565 20.1329 -1.02736
232 32.5352 11.3724 0.275247
233 38.7025 9.54422 1.23644
234 6.5861 39.7338 3.42911
235 2.8006 8.53364 -2.35742
236 8.07409 39.8419 3.71762
237 12.3515 26.0765 -2.43554
238 12.7039 10.1915 0.769967
239 36.6595 15.2971 -1.39041
240 23.2693 23.8184 1.40451
241 20.8858 28.901 -4.59261
242 39.7585 6.16951 1.07363
243 28.2847 35.6321 -1.78772
244 1.91053 19.1147 0.988333
245 18.224 5.59018 -1.50743
246 33.6546 10.9564 2.69836
247 5.69381 2.30314 -0.607139
248 1.17104 20.9207 -1.85253
249 18.0666 30.3981 -1.18864
250 11.2521 39.4748 -4.45619
251 37.908 7.8312 0.421781
252 33.4607 18.6395 -0.66711
253 28.5025 10.8985 2.68707
254 38.732 35.5729 2.81815
255 27.8082 25.5087 -2.07002
256 2.2699 7.6004 -2.41711
257 31.9164 14.8682 -1.19499
258 33.0505 34.4476 -1.3834
259 31.5832 14.6503 -4.2165
260 6.78573 9.35207 0.456113
261 25.8065 22.3801 -2.32183
262 27.1242 33.1974 -2.16939
263 39.2484 2.62252 3.23448
264 4.31072 28.3722 1.01106
265 2.00044 18.757 1.29567
266 37.4275 11.0986 -1.68016
267 4.94872 25.0749 0.518016
268 0.490689 26.525 -3.97031
269 21.804 35.4426 4.21245
270 2.0262 10.6634 0.00910667
271 32.941 11.4674 -3.34113
272 21.3398 15.3474 0.559592
273 27.5996 33.9055 3.67606
274 9.26513 3.91401 -3.10203
275 3.40573 18.0224 -1.35039
276 28.9931 19.7407 -2.52311
277 7.43728 28.0915 3.68035
278 6.76212 8.84555 1.63572
279 2.81487 20.7934 -4.44784
280 37.7799 21.2437 -2.25234
281 23.2325 14.3386 3.05275
282 12.505 18.3751 -1.78246
283 18.8512 37.9172 -1.54981
284 29.7677 22.2827 2.33755
285 35.4098 35.879 -1.02219
286 33.9817 8.41941 2.28046
287 6.63696 17.0999 -2.41368
288 7.39416 36.3226 -2.6885
289 15.2851 29.841 2.20009
290 37.3283 24.4495 3.33467
291 16.8632 14.4048 2.10477
292 39.1196 24.6412 -1.44886
293 6.8463 3.7486 1.07949
294 29.9102 30.8136 -2.04126
295 15.5869 10.8467 -0.6947
296 26.9586 24.0562 3.35474
297 0.0204988 27.5189 -1.20122
298 24.2239 32.8823 0.731757
299 16.9735 33.5577 -1.18623
300 27.3189 7.54701 0.670757
301 31.0813 23.0737 -1.22713
302 17.2568 37.3253 0.332007
303 5.31474 28.4415 -0.627287
304 12.1455 23.5592 2.77551
305 7.4822 25.1856 -0.492812
306 32.4202 11.8917 -0.26322
307 11.0159 17.0249 -1.64993
308 0.795651 17.8069 4.02533
309 13.1345 37.2134 3.41891
310 16.9724 21.4729 0.79191
311 25.5344 5.11122 0.80538
312 39.9885 36.9268 1.88028
313 33.0556 0.639704 -1.1496
314 14.5596 2.6611 -3.19638
315 39.6962 29.2018 -1.78321
316 37.2845 34.6153 -1.40465
317 32.258 33.1435 4.04839
318 22.2885 19.6779 4.60066
319 1.64683 38.4912 0.212408
320 0.137424 23.8661 -2.08666
321 31.827 5.01758 1.62123
322 2.80881 36.2527 -3.08438
323 18.9487 35.5847 1.77124
324 28.6067 13.8496 -1.20979
325 6.66995 25.6054 0.951946
326 1.25047 8.26014 1.59547
327 16.7442 38.993 1.64945
328 15.519 27.097 -0.702926
329 39.7397 21.6186 -1.03943
330 2.28822 10.4681 0.265044
331 12.8565 37.2607 3.22664
332 31.7516 14.1219 2.17503
333 18.6269 18.9847 -4.72008
334 9.23476 9.40206 -0.0620563
335 11.0459 38.281 -3.36172
336 20.1433 37.7584 -0.166648
337 3.96552 16.2131 -0.417105
338 13.2313 28.9943 -1.85216
339 1.00789 32.8179 0.351695
340 6.01769 26.5502 -3.60692
341 30.1166 32.2522 -0.732569
342 9.64118 10.8407 1.39422
343 13.928 14.0669 -2.68073
344 13.5435 37.3928 2.15109
345 38.1617 26.8299 -2.11865
346 17.0786 6.43517 -1.23787
347 6.42176 37.6983 1.76754
348 8.5954 21.8959 -3.13742
349 12.1237 18.3 -3.17161
350 10.475 11.5429 1.79257
351 7.94786 21.767 -1.21808
352 25.2576 21.4459 2.1035
353 26.0826 4.42036 0.885611
354 32.6917 0.16598 -2.37994
355 21.7735 25.6513 -0.0720077
356 27.438 30.4144 3.1201
357 13.7252 27.0489 2.68244
358 13.1606 15.2476 0.512354
359 35.205 29.107 -1.90797
360 33.4378 26.7166 -3.18945
361 29.9113 31.3415 -1.72393
362 38.3998 24.0374 2.0412
363 39.5289 6.62347 1.79837
364 8.55921 11.512 0.662791
365 5.79953 1.53937 2.32456
366 12.4025 3.92179 -4.14938
367 12.1627 36.4673 -3.12793
368 26.8612 7.21421 1.95649
369 16.4016 32.6915 -2.71352
370 18.7444 26.2249 1.68458
371 24.4366 22.0253 0.327442
372 26.5457 27.5427 3.28
373 9.74735 8.70628 -1.57061
374 13.4956 18.2625 -0.401217
375 13.8794 11.7091 0.513934
376 2.4464 31.2072 1.70177
377 4.47833 10.699 -2.09908
378 10.6205 5.20428 3.7438
379 30.8006 32.6562 0.00205188
380 36.2543 28.5029 2.64248
381 12.5786 31.4944 -2.92074
382 39.9841 14.8131 2.7352
383 16.395 36.0337 1.00282
384 24.1265 39.7026 0.688079
385 20.5977 15.032 -2.71289
386 22.2043 8.31175 1.72484
387 10.0676 2.95562 -1.01608
388 30.8915 23.4705 -0.621168
389 5.07516 6.04594 0.833425
390 29.5583 28.89 -1.42383
391 15.9989 13.6851 2.05992
392 23.4476 29.805 3.52954
393 20.3735 11.4081 -3.5578
394 30.9158 37.3595 -0.168624
395 34.1594 16.779 1.87131
396 1.26914 5.04908 2.70314
397 6.19874 1.91814 2.35845
398 3.61601 33.5686 -2.92474
399 37.3807 18.4973 -0.310135
400 3.26446 37.7431 0.107375
401 21.8021 35.9568 1.56172
402 34.4023 9.837 -3.64656
403 1.33189 27.8289 -1.8996
404 25.8523 30.7476 2.74569
405 2.33101 21.9567 -4.39785
406 25.5148 0.768839 -1.86414
407 39.245 39.1372 -1.16867
408 7.94534 13.0766 0.623912
409 15.7577 5.16726 -1.96346
410 23.6621 22.4696 -0.563561
411 21.0556 21.1826 -4.36994
412 1.71351 8.06185 2.89253
413 16.8099 11.9447 2.52605
414 3.18434 15.5675 0.248451
415 13.3763 28.6505 0.131976
416 27.7519 34.7834 2.28784
417 1.87264 4.84549 2.26903
418 31.0422 28.4337 -2.90491
419 21.9332 12.5529 -4.09223
420 19.4044 39.1266 -0.00183606
421 2.57893 15.3667 0.917104
422 12.6653 8.28189 2.18006
423 31.1708 10.6047 -2.92235
424 25.4683 20.4752 -1.0021
425 20.1162 38.9336 1.75352
426 11.4447 22.2177 3.25356
427 15.5008 20.1402 -3.01158
428 39.6616 8.85028 -0.0309265
429 5.12099 10.4155 -0.983231
430 19.9845 16.5712 -1.23807
431 9.64686 8.85354 -1.31896
432 18.3036 35.6695 3.01334
433 31.5272 25.4029 0.635882
434 4.53494 22.8458 2.94028
435 27.4591 36.0962 0.0992182
436 0.819336 21.5535 -0.0197126
437 10.6452 35.5952 0.654899
438 9.66851 21.6749 -0.238864
439 33.4173 21.1457 -3.51299
440 26.7226 39.2759 -2.34715
441 9.37949 4.45191 1.14613
442 13.9828 26.6336 2.73511
443 19.6163 17.7058 -2.71121
444 9.74209 16.4285 3.46248
445 5.00725 21.6677 1.68307
446 20.3924 10.3096 2.36056
447 1.28156 10.6269 -0.341247
448 34.0116 27.4764 -1.42856
449 13.6463 14.8783 1.02481
450 11.9372 19.6971 2.59558
451 37.4393 13.069 3.94248
452 17.768 12.7357 1.44148
453 5.17615 32.3668 -1.01048
454 35.7618 10.434 -0.377556
455 32.1633 4.14632 1.25417
456 9.17698 9.04745 -0.329186
457 22.6674 20.6368 1.51359
458 35.3269 18.5512 -2.32144
459 8.86408 9.26786 -2.61879
460 11.6738 1.7017 1.979
461 9.6528 38.4845 3.50278
462 25.8843 15.045 0.456689
463 2.6493 34.3495 -2.3626
464 33.3988 22.0329 -4.76022
465 30.8882 12.9415 1.89283
466 32.4838 23.1987 -0.0881395
467 4.45414 37.8111 1.0387
468 29.7815 37.6759 0.813997
469 16.3956 28.3866 -2.70405
470 11.0466 12.7863 -1.20998
471 37.2694 17.3291 2.32464
472 14.3721 14.2458 2.81361
473 12.0758 2.20854 3.04915
474 6.3205 36.3435 -4.13495
475 32.0947 5.29962 -1.06222
476 21.5105 30.1932 -1.83493
477 14.0485 31.23 1.26053
478 34.9251 16.4716 0.928839
479 5.68955 26.1569 -3.82441
480 33.1359 17.8641 -4.68616
481 24.2828 35.2405 -0.813483
482 4.97766 29.0774 2.62325
483 13.2708 31.3275 -1.50524
484 9.13476 34.1232 0.00177029
485 6.14195 0.398983 0.0278968
486 20.6119 27.9015 -2.02914
487 30.0541 30.8475 -2.47517
488 34.2734 9.57109 3.99883
489 18.9667 5.41822 -1.90488
490 3.37545 5.59633 2.8386
491 16.6917 14.2206 1.40731
492 24.6014 0.801116 -3.34704
493 4.66724 26.7998 -2.90285
494 7.64405 18.7756 -2.59908
495 29.7589 13.4303 1.39185
496 35 19.1103 -1.07354
497 4.14379 28.9664 2.98418
498 18.7074 17.9541 -3.5927
499 6.68489 14.7942 3.41446
500 2.70876 14.984 0.627214
501 27.829 18.4122 -2.3707
502 4.35357 1.18064 2.2828
503 14.0257 28.6084 -3.00156
504 38.5983 31.2527 -2.85129
505 6.98147 4.84798 0.169778
506 28.4024 25.3577 2.78558
507 21.891 7.42646 2.72857
508 1.16227 28.8936 -0.449164
509 30.9046 0.639888 2.31431
510 31.2173 0.965615 1.40763
511 22.2981 31.2827 0.376066
512 0.335322 34.216 -0.295024
513 18.0576 37.6954 -0.252588
514 11.8109 25.9863 -1.00944
515 17.9591 13.1123 -0.0844262
516 19.1363 2.94621 -3.2497
517 11.4421 7.56861 0.745622
518 18.6904 18.2392 -0.941881
519 19.9692 12.2662 -3.50638
520 35.0546 10.4778 -3.53866
521 36.0518 29.573 -0.318685
522 21.5961 20.608 -1.87821
523 12.7727 19.5648 1.51082
524 4.49394 22.4567 2.92819
525 9.17319 10.6328 0.195777
526 0.341941 20.5816 -1.51876
527 15.4045 5.17111 -3.2354
528 21.3727 7.70795 3.83907
529 31.4902 1.9022 0.0936257
530 37.7506 8.16807 0.871519
531 25.7677 11.3512 -4.24883
532 20.6841 34.1234 -2.99784
533 26.3804 29.5231 3.67834
534 13.3176 28.2845 -1.54208
535 8.24583 2.38206 1.72391
536 32.268 17.744 -3.30727
537 39.5109 17.5435 2.25871
538 0.362859 39.1873 4.56363
539 5.08125 2.62911 0.42823
540 31.3383 26.7788 1.76659
541 24.352 22.2343 -0.592631
542 1.13871 28.5712 -0.486693
543 13.3369 14.6014 -1.19601
544 7.79434 2.55018 2.5948
545 12.4862 23.4492 3.64362
546 39.5483 34.4788 -1.21697
547 4.90943 20.1989 1.71612
548 38.0428 32.5707 -1.4695
549 2.81253 22.895 -2.03339
550 6.82605 33.3714 3.01925
551 20.7557 18.0043 -1.03495
552 39.0799 7.99265 1.99337
553 20.8766 22.7658 0.0879873
554 17.1772 7.20316 -2.76587
555 35.9775 17.3606 0.72898
556 30.6096 17.3076 1.66994
557 7.12531 26.7283 -0.764694
558 32.5508 0.445535 -3.08409
559 24.5286 30.7766 -3.50291
560 30.3322 23.7004 -2.50005
561 11.6904 20.2144 2.29775
562 4.81159 22.3439 2.86725
563 1.15939 16.714 -0.612179
564 16.2742 22.9089 1.31044
565 37.0714 15.5463 -1.34329
566 19.0068 34.9028 0.844459
567 33.1386 12.1306 -3.25257
568 37.2016 6.28779 0.756679
569 4.39723 19.8746 2.83923
570 5.62783 24.2182 1.72402
571 20.9873 11.3655 -3.44349
572 1.59479 33.7525 -1.32757
573 18.7469 1.17419 -1.21454
574 14.831 19.5924 -2.43565
575 17.7521 19.1536 4.66175
576 38.3337 2.55159 1.23639
577 26.7978 28.6299 -2.59169
578 2.93405 37.2758 -1.14416
579 7.76387 7.39276 -0.3991
580 6.69037 31.6387 -1.01018
581 5.23834 29.3902 -1.65076
582 26.5366 27.6784 1.40171
583 24.0255 37.1589 1.28778
584 35.2509 10.6101 -0.171905
585 7.3789 15.6833 0.806681
586 26.0551 21.4146 -1.84083
587 34.691 32.2274 -0.953983
588 21.2491 36.0685 1.99116
589 26.0316 22.3419 -0.990054
590 9.24858 2.72266 4.13804
591 0.72071 21.0989 -2.02791
592 31.3723 26.6646 2.83342
593 16.6057 26.2328 -0.973711
594 10.6269 2.70553 -2.20396
595 21.6497 20.6112 -4.62593
596 34.7642 34.7912 -2.0393
597 32.184 10.4891 -1.24005
598 34.7232 12.9615 -1.50584
599 17.2253 35.4318 -3.72099
600 5.9692 0.596312 -1.27289
601 19.1669 32.7117 0.969949
602 3.77197 18.4533 -0.634025
603 16.4756 21.2738 -1.20535
604 36.9446 26.424 -2.8027
605 6.96507 0.632342 2.60742
606 3.58429 27.4342 -1.04637
607 4.19594 11.5148 -2.03174
608 5.19513 1.59379 0.478592
609 23.6698 36.6299 0.62432
610 36.9591 26.1866 -1.30152
611 0.152598 23.1324 0.291373
612 20.7488 11.4891 -3.27262
613 24.4613 12.2641 -0.365991
614 37.9574 7.8841 0.158099
615 33.0134 6.59378 -1.51199
616 34.8337 16.6777 -0.05809
617 23.5133 32.5389 1.79372
618 36.5563 4.01655 -0.815209
619 24.5146 33.0015 0.92111
620 31.3938 31.9664 0.76162
621 31.2851 13.7959 3.88362
622 10.5272 39.2159 -4.54068
623 20.8367 11.5133 -1.57518
624 32.225 38.1442 -3.57825
625 18.694 9.30291 0.991964
626 6.50284 0.581722 -0.927825
627 3.70757 34.4473 -1.84444
628 21.1705 11.6045 -3.62957
629 30.7479 0.398409 1.33389
630 35.9933 28.143 2.34029
631 30.7789 37.7476 -2.02701
632 29.6777 31.6668 -0.126176
633 31.5384 23.4205 -1.16287
634 39.0862 37.0097 3.30105
635 26.622 28.5906 2.81928
636 21.3058 8.64761 2.7162
637 0.142141 22.9414 -0.627088
638 36.8787 23.0425 -0.233248
639 31.4788 3.77611 -0.0236264
640 3.48715 18.3088 -2.31895
641 21.6557 38.0082 1.25742
642 15.233 39.4591 1.04647
643 26.6354 27.9886 3.19043
644 10.4233 5.75243 3.02776
645 4.334 8.35993 1.86274
646 9.78153 10.7252 -1.42279
647 7.54334 17.4824 -2.44367
648 34.7839 35.2269 -1.77772
649 25.5103 27.0853 3.38062
650 29.1025 12.4039 2.66719
651 26.4667 19.09 3.23141
652 39.5119 38.9334 -2.27986
653 11.8333 38.4967 -2.97702
654 21.5065 14.7091 -0.242189
655 31.2079 33.5298 1.75341
656 12.6259 13.8778 1.62979
657 19.0417 3.85185 -1.00774
658 8.42211 27.2952 0.377173
659 28.4566 1.70536 -1.08332
660 29.3502 13.2009 1.96857
661 37.9374 16.8855 2.93129
662 28.5467 31.1823 0.507451
663 16.7487 21.9926 1.71279
664 32.5562 17.3837 -3.05429
665 32.205 36.3371 3.39458
666 30.2929 0.980393 3.2498
667 36.8592 32.6476 1.73997
668 7.48157 35.3168 -2.58653
669 17.2605 28.8891 -1.32219
670 37.9718 24.3827 2.79182
671 23.8833 36.5989 2.28803
672 14.1971 28.3786 -0.0337976
673 36.689 7.63345 -1.7226
674 13.0941 18.6347 -2.76881
675 31.002 14.2768 -1.7168
676 30.6339 0.576673 1.51273
677 29.7254 15.0287 -2.34974
678 30.2048 35.4033 -0.583028
679 23.4642 17.5791 2.98962
680 14.1018 23.3461 -2.52183
681 13.8984 37.7703 1.12235
682 30.9231 36.9036 -1.13864
683 32.7303 20.7281 -1.84642
684 11.0885 35.393 0.832291
685 23.9733 27.5876 0.746991
686 4.56586 4.83113 1.51832
687 24.9627 13.9705 1.20356
688 33.9808 1.30156 -4.12874
689 11.7388 35.0568 -0.141362
690 18.1473 29.8014 1.73679
691 14.1682 31.438 1.97535
692 26.757 15.1649 -0.849083
693 37.7847 16.0732 1.9806
694 26.2287 34.9276 -1.19354
695 14.5792 29.9109 2.62207
696 34.5786 28.7415 -2.25737
697 31.428 6.41017 -1.17518
698 34.8246 14.1186 -2.84751
699 21.5064 17.8141 3.42084
700 4.19634 1.89337 1.84336
701 25.5544 1.58275 -3.44331
702 39.6187 1.90734 2.05942
703 30.6127 18.6439 0.350888
704 28.9017 27.9665 -0.473616
705 2.36522 35.654 -2.2973
706 33.0772 31.7322 -2.56031
707 12.938 8.65715 -2.98712
708 27.7412 18.3166 -2.81853
709 28.1793 4.50546 0.369512
710 19.8107 29.5319 -0.750147
711 31.844 32.4371 -0.221239
712 29.0193 14.8185 -2.05259
713 35.0122 11.4371 -2.13586
714 27.4768 25.426 -0.679443
715 0.574492 5.58823 0.79292
716 23.259 33.1311 2.29586
717 14.4497 25.5929 3.73105
718 12.9023 28.9562 1.05718
719 7.73534 34.546 1.10981
720 17.1094 22.6269 0.930209
721 31.3752 35.3625 -1.05198
722 2.01881 5.94647 0.721083
723 17.9887 38.1948 0.239164
724 12.0117 2.5756 -1.62747
725 27.7745 7.43192 0.747936
726 6.85053 28.0387 3.91655
727 3.28971 31.5536 0.160276
728 1.57147 9.7098 1.44524
729 19.5757 1.10077 -2.96608
730 17.5047 13.058 1.55429
731 29.7135 18.9806 -1.9061
732 26.5781 36.4896 1.9211
733 35.4897 26.5851 -0.196289
734 25.2789 16.3218 -0.518205
735 17.9463 22.1695 1.25953
736 24.0141 29.7099 2.40339
737 33.4915 26.9748 -1.97512
738 14.2263 8.96147 -3.75803
739 13.1814 30.6951 1.86761
740 37.826 20.8829 -0.486988
741 5.96257 35.3524 3.83474
742 25.209 16.0775 0.239894
743 18.261 28.2405 0.270608
744 31.2078 27.2408 1.97689
745 18.9192 29.9117 1.03722
746 16.8298 17.5652 -3.0988
747 16.633 23.3853 1.95299
748 12.1062 25.4971 -3.04507
749 5.18993 5.32509 2.54056
750 2.60537 29.6439 -3.3948
751 8.45526 39.8542 3.89125
752 32.8184 17.7078 -3.09971
753 8.26823 21.0357 -1.07572
754 28.5516 20.7558 -3.70379
755 23.0525 8.09169 -3.31769
756 35.0051 7.00014 0.0892821
757 16.5626 22.1276 -1.13743
758 33.5086 27.2164 0.595539
759 7.5011 30.4548 1.97494
760 30.4426 39.5781 0.00723187
761 13.6019 15.1885 1.13454
762 25.6031 25.0039 -1.62658
763 14.6669 2.71216 -0.437792
764 26.7365 1.86949 -2.46509
765 27.3659 29.2658 -2.14109
766 7.88395 14.8495 3.64313
767 35.2429 19.2337 -1.00649
768 7.11014 13.728 2.92327
769 22.4131 30.5503 -1.66623
770 11.6542 24.1763 2.76873
771 39.6523 21.8265 -0.0450877
772 15.2131 35.5339 2.12956
773 31.5587 29.468 -0.516259
774 37.0222 36.9869 -2.43291
775 18.1777 17.5059 -1.33269
776 15.5288 23.2655 -0.107013
777 38.8079 20.8551 -0.0467813
778 28.8664 22.6526 -1.32971
779 17.5689 3.43434 -2.1203
780 1.30142 5.54229 1.25007
781 30.6916 2.72443 1.64634
782 10.4143 5.72764 4.02573
783 15.0522 8.86592 -2.28217
784 31.1564 1.98161 0.091392
785 22.7608 18.5995 -1.16184
786 6.59393 26.1223 -3.3846
787 29.0939 3.56429 -1.26497
788 2.47034 34.9691 -2.52381
789 37.843 15.3669 0.705922
790 9.17186 30.8884 -0.0628084
791 18.1913 15.5059 0.859262
792 10.8893 27.5846 -1.13739
793 23.8838 38.8117 0.632978
794 24.7956 23.5622 1.26166
795 9.89177 10.3929 0.648567
796 16.1611 28.1038 -3.01042
797 4.98283 32.0831 1.31278
798 27.7682 5.19738 -0.597535
799 26.3069 38.8325 -3.50627
800 30.0231 8.82736 1.34541
801 21.9298 14.031 -0.260967
802 34.2623 16.0074 2.57421
803 8.57861 2.69597 3.93209
804 3.23282 15.0119 -1.2282
805 0.188691 21.2454 -0.480364
806 12.2511 20.1816 -0.94746
807 21.2167 7.64442 3.25868
808 25.5849 19.9078 2.46187
809 18.9136 8.95338 0.318657
810 17.0634 38.3425 1.04774
811 12.3533 28.1778 -1.10018
812 10.586 37.7818 -3.9854
813 1.73367 6.7817 -1.23518
814 27.8865 34.3691 2.69087
815 33.794 23.0023 -3.34092
816 13.4297 36.54 3.98184
817 14.8213 36.3773 -2.3661
818 9.76673 12.6645 1.37846
819 26.5038 4.52157 -1.46535
820 33.5955 0.0341651 0.0975013
821 13.4654 8.69952 -2.91073
822 7.93182 8.68496 -0.959952
823 32.722 39.7898 -1.96828
824 37.1609 15.2147 0.243554
825 34.5549 24.8348 0.643896
826 39.0853 16.312 -2.72691
827 0.546412 12.2712 -1.18786
828 23.2124 11.3337 0.540699
829 18.0481 34.0393 3.46266
830 12.903 24.6706 1.25662
831 12.228 38.7288 -3.52604
832 28.9367 27.7179 -2.0579
833 15.7013 13.4058 2.09597
834 20.6109 10.0351 2.0408
835 4.41181 27.3914 -1.66667
836 21.9838 29.1776 -1.57053
837 34.0576 26.1051 -1.44499
838 27.5846 9.49982 3.30979
839 1.16154 24.7812 3.14068
840 24.917 12.5452 2.10284
841 32.2793 34.8879 -1.31546
842 25.9874 28.0246 2.70456
843 12.4645 1.8952 2.16128
844 6.23836 15.7868 1.18654
845 4.7651 26.3195 -0.111102
846 16.3718 33.9589 0.193719
847 1.19963 22.3599 -1.14348
848 24.2411 20.1364 0.134681
849 14.8322 18.1472 -2.49516
850 3.2323 35.526 -2.48624
851 1.16137 36.2447 0.839485
852 26.4255 30.4084 3.42617
853 28.3814 23.9572 0.641999
854 0.412161 29.7075 -2.33336
855 17.6294 2.91096 -4.17219
856 16.8934 35.1102 -3.54521
857 10.5392 21.4098 -0.531548
858 3.24727 25.7773 -1.24349
859 18.4224 0.121663 0.22495
860 31.2767 22.1784 -0.261535
861 39.276 14.3843 3.03061
862 2.19254 34.84 -1.39566
863 12.5254 10.7038 0.00465771
864 26.1416 11.4475 3.56641
865 30.3275 31.6923 -0.933186
866 27.3838 0.0849352 -0.141751
867 17.4666 38.7611 0.730177
868 31.4472 26.7276 2.09503
869 37.2941 14.4689 0.587623
870 9.14237 3.19321 1.45682
871 20.4282 22.8926 -3.00639
872 29.6387 26.102 3.2472
873 21.8921 18.8877 -3.31386
874 36.0064 11.5069 -3.92807
875 36.0941 12.0975 3.47549
876 1.27833 9.75678 0.689002
877 0.828674 2.30183 2.59613
878 0.737711 36.3264 0.290671
879 2.78877 35.6958 -3.35805
880 37.4147 18.7917 -0.333065
881 4.26795 25.4851 0.237005
882 27.1887 5.67857 -1.028
883 0.0354422 25.4589 -2.46169
884 12.1884 19.9045 1.27448
885 13.3682 11.0521 1.69498
886 13.0535 27.5119 -1.5848
887 36.2016 21.3455 1.21224
888 0.309664 31.0621 -2.61079
889 6.01375 11.1711 0.0110993
890 21.2673 15.5041 0.760366
891 18.4547 21.8421 2.17647
892 26.4297 3.70036 -2.4003
893 30.3557 28.903 -1.51656
894 33.6426 31.9727 0.544442
895 34.1027 21.8731 -1.37671
896 20.0348 38.7792 -2.05754
897 0.192974 11.9868 -0.159103
898 19.1752 17.7902 -2.60704
899 7.40785 24.5027 2.4906
900 17.9733 6.11906 -0.908693
901 2.52724 38.11 0.547573
902 35.6072 31.0903 2.81506
903 7.09605 38.0312 -2.28469
904 21.1921 2.09205 -0.196529
905 24.6565 33.3817 2.65383
906 25.3301 23.9524 -0.363702
907 16.5581 28.5221 -2.3881
908 30.767 32.6937 0.324813
909 17.9786 6.67461 -0.878932
910 37.7479 22.6665 3.45709
911 30.3649 26.9414 1.32779
912 23.7122 24.7493 2.99899
913 0.821822 26.6571 -2.66593
914 3.94031 25.0696 2.87866
915 38.8802 33.5271 -0.241171
916 24.2663 20.658 0.286094
917 5.67154 28.1276 -0.988235
918 5.39693 37.9781 1.21357
919 29.6995 15.5119 -3.44868
920 3.95401 18.5979 -0.0265982
921 33.1578 21.2669 -1.53288
922 27.8244 13.9431 -3.55713
923 10.6563 26.6876 -2.5247
924 29.1879 34.6686 -2.57378
925 18.9732 37.7501 2.05691
926 29.7391 35.1838 -2.65097
927 6.93028 33.7028 3.77114
928 33.3108 1.75649 -4.29269
929 36.2106 29.1373 0.954136
930 16.9546 5.95794 -2.31277
931 16.8138 18.5616 -3.44287
932 9.71539 26.6524 0.458498
933 11.369 3.05155 -1.55773
934 30.5881 29.2196 -1.51091
935 6.33697 2.52266 -1.40236
936 12.1704 22.9305 -0.31163
937 12.8278 1.19878 0.426872
938 22.3418 24.7534 -0.237546
939 24.704 8.45938 2.40073
940 19.0362 19.6223 1.8679
941 20.8964 20.3262 -3.51911
942 2.83858 11.4714 0.68798
943 12.0708 1.4772 3.74518
944 0.467942 33.0076 1.85542
945 5.48646 38.4416 -0.590238
946 21.9821 20.5975 -2.8253
947 21.9389 6.5296 3.85764
948 10.8762 38.1165 -2.31525
949 4.49675 12.4682 -4.15434
950 32.7097 25.013 0.6921
951 17.7411 6.07323 -3.62624
952 14.9552 15.8724 -0.574576
953 35.0191 15.7566 2.63051
954 2.04018 39.6101 -2.67409
955 38.9464 6.65799 0.501785
956 32.2065 5.96435 1.94147
957 29.9422 21.6833 2.35492
958 6.30557 34.6512 2.28132
959 28.2791 38.3619 1.62488
960 4.75763 4.70925 0.692743
961 3.22408 32.8886 0.513622
962 13.8643 30.7406 0.932797
963 16.9161 36.4364 -2.15469
964 4.76663 11.3233 -0.592034
965 38.1765 28.8855 -3.80011
966 14.6269 17.5771 -2.36519
967 19.9582 1.00173 -3.45672
968 35.2662 23.3104 -2.12662
969 13.8888 38.5655 1.34423
970 26.8196 36.537 1.45007
971 30.8043 12.7693 1.6357
972 13.6351 17.6037 0.0909511
973 11.0023 22.7779 2.85001
974 28.4067 16.0034 -0.618507
975 11.7723 25.0903 -1.1176
976 2.68996 2.88437 0.909038
977 1.92158 38.5878 -1.00928
978 11.9931 24.0524 3.91052
979 6.78733 36.0687 -2.2759
980 34.0225 14.0525 -2.97884
981 6.4177 14.992 2.72724
982 39.4041 3.18029 1.00332
983 21.7177 11.0577 -0.992367
984 11.3644 37.8039 -3.38253
985 8.07693 20.5457 -2.49267
986 28.3279 13.52 -2.38966
987 7.98667 9.61713 -2.69844
988 4.73967 26.6654 -1.56827
989 23.0434 33.1136 0.563021
990 25.5143 19.7579 2.06147
991 9.53626 24.7025 -1.20277
992 0.620804 13.2918 0.244067
993 11.7617 22.6389 2.37879
994 24.2774 21.0076 0.504285
995 11.4667 23.3104 1.78906
996 35.2521 19.7509 -1.34472
997 32.5559 17.0105 -2.91952
998 37.0293 37.4607 -2.13898
999 33.2904 26.8729 -2.19133
