1000
Particles
0 36.3324 6.00376 2.53129
1 34.9586 20.032 4.27039
2 25.708 3.64434 -0.0171569
3 12.3025 35.8055 2.72059
4 13.8706 16.7358 -0.339909
5 23.9059 3.15964 2.27667
6 28.0287 4.42402 -1.32419
7 33.1942 17.2944 0.635954
8 6.20955 30.794 2.61091
9 33.4318 24.5754 -0.997291
10 29.6322 28.5528 3.69934
11 38.7289 35.7853 1.31367
12 38.5374 24.3763 1.84013
13 2.98939 5.91881 -0.76958
14 30.6883 18.9679 0.921433
15 27.7187 34.1812 1.3631
16 24.1848 37.2116 0.965556
17 33.4953 8.73434 -1.55112
18 39.2199 11.6286 -1.80666
19 16.2488 19.6023 -2.07073
20 14.2951 16.8444 2.70781
21 0.135628 0.683272 2.59754
22 36.4419 26.8475 2.56411
23 30.3562 14.3411 -2.12648
24 28.2876 15.3951 2.70555
25 0.670373 35.9478 0.544725
26 26.1431 29.3609 -1.50026
27 15.4075 16.9555 1.32309
28 7.78419 36.786 1.19376
29 33.277 9.25594 -0.604613
30 15.8306 26.2562 -0.425517
31 11.0017 19.9228 2.95423
32 16.2743 11.5855 -1.37556
33 5.24046 36.6623 1.534
34 19.9805 15.1516 2.08291
35 25.5903 2.84248 -1.87393
36 16.1067 37.2069 3.40674
37 39.4788 24.5865 -1.06227
38 22.0823 37.4423 -0.45321
39 33.3016 14.0972 0.958383
40 30.1129 38.5621 2.72841
41 20.0727 14.2285 1.17606
42 32.2964 19.8435 -0.151989
43 23.8685 34.2968 -2.23817
44 20.5962 18.4562 3.49969
45 9.14445 25.4173 0.79003
46 4.62592 6.35473 0.20642
47 36.599 3.45264 -1.22845
48 38.1065 32.4715 -0.666388
49 9.59131 31.5541 -1.26129
50 35.7324 1.29306 -1.77901
51 15.1581 4.46196 -3.32915
52 35.1748 6.11196 -0.996543
53 13.6774 11.998 0.0732944
54 34.7401 29.0974 2.4866
55 0.877148 16.6161 0.615612
56 30.9082 8.03361 -2.15523
57 38.0833 36.5798 0.0393279
58 39.8387 10.0364 0.273628
59 3.25343 33.8282 0.68534
60 10.3406 24.9368 -1.84005
61 17.0808 26.7001 -3.81853
62 30.0832 39.0621 -3.43812
63 9.45953 19.4778 0.382118
64 38.4113 23.9445 3.61133
65 16.275 4.20903 -2.85266
66 6.29296 18.4256 0.372225
67 19.3019 19.8044 2.98625
68 6.6938 4.00948 0.896081
69 19.1209 8.74268 0.790688
70 8.61071 35.2336 -0.458579
71 10.8087 11.2518 -3.40122
72 5.28194 14.3613 0.52954
73 19.6303 23.2868 -2.73834
74 11.4741 36.8701 -4.65596
75 4.97757 38.2542 0.100574
76 20.1058 8.91372 -0.298854
77 16.7811 25.0252 -3.33236
78 37.7865 28.4477 0.194305
79 32.7444 1.79737 -3.32166
80 33.4408 5.98049 -1.20514
81 9.08135 22.1368 2.33008
82 12.4777 7.11056 -0.858144
83 16.6719 23.6999 1.35592
84 23.6953 17.201 -2.51658
85 3.10559 14.2369 1.91237
86 20.4714 7.84723 2.40709
87 18.3912 39.5317 -0.593036
88 4.78916 1.52132 -3.51059
89 10.3954 31.5381 1.21131
90 35.9313 33.8156 -2.40163
91 23.3411 12.2712 0.52759
92 17.9796 15.5829 -2.09744
93 16.6182 11.3159 -0.581133
94 10.2645 15.2766 -1.16482
95 18.2079 5.41835 -1.40028
96 14.1768 29.0226 -3.00447
97 24.3344 31.474 1.45641
98 39.3009 29.4376 0.730497
99 7.07481 30.1011 -2.80207
100 31.0023 12.6126 1.48383
101 16.4659 23.4993 -0.916987
102 19.6488 35.3693 1.45477
103 14.7338 3.7563 -2.91968
104 30.8611 6.62307 3.5083
105 24.0676 27.5866 0.182771
106 37.5821 6.9995 1.4005
107 16.9158 22.9058 0.678071
108 26.6954 10.2781 1.01121
109 34.8333 32.7722 -2.08083
110 10.6231 34.7708 -3.24658
111 8.93741 31.8068 -1.20153
112 31.5746 0.286648 1.88564
113 32.079 20.0022 -3.46769
114 5.23488 26.5719 2.96337
115 32.4914 23.1501 -2.54655
116 27.6852 26.357 -2.61366
117 22.2623 31.5003 2.69831
118 22.5606 37.2169 1.09871
119 39.2189 18.1529 -0.923948
120 36.1142 33.2548 -1.73316
121 26.7827 15.6876 -2.89471
122 37.0168 9.123 2.31788
123 1.52091 21.1826 1.49584
124 16.8054 36.1771 1.76721
125 22.5199 35.7596 2.20883
126 19.6264 23.6105 -0.712342
127 38.8906 2.29359 -2.58412
128 29.714 11.9501 -2.13666
129 1.96089 9.84347 -2.59477
130 35.8042 7.91146 3.61663
131 31.9602 29.0552 0.708484
132 16.9569 36.4885 -1.70214
133 27.6489 34.7031 0.724509
134 12.3749 36.7254 1.01849
135 17.4452 3.46463 2.67041
136 26.108 5.23978 -1.96025
137 31.1858 2.54606 3.40289
138 8.75722 20.0996 -0.763081
139 14.8431 1.40876 -0.608079
140 17.3205 30.7879 -0.586276
141 36.4937 34.583 -3.45981
142 26.1088 2.63774 -0.327238
143 16.8498 25.3774 -2.55219
144 8.48235 23.2318 1.3989
145 27.8832 24.7258 0.839741
146 36.4439 6.46441 2.59929
147 32.4869 37.6568 3.25485
148 38.9931 10.0926 1.50258
149 15.5466 20.8902 2.52055
150 13.1498 13.1383 -0.994824
151 39.3571 38.2875 2.80213
152 14.1578 13.1387 1.89356
153 25.6675 3.2074 -1.66433
154 32.1714 31.182 2.16131
155 29.841 35.3887 3.34811
156 35.8575 23.6506 -2.54793
157 21.2341 14.9794 1.07578
158 18.8405 32.3741 -1.9084
159 15.7476 29.311 -1.65551
160 3.02846 17.3465 -4.63076
161 8.00456 21.1155 1.62313
162 24.4209 38.9808 3.39063
163 9.47366 9.31284 0.0399254
164 14.9515 1.56714 -0.154727
165 22.9069 1.91204 2.57062
166 36.9925 3.07808 2.15496
167 12.9623 4.26682 -0.020608
168 37.3343 19.4622 1.41911
169 0.347194 36.7694 1.09463
170 2.39306 35.7536 -1.33071
171 17.4017 36.329 1.08103
172 36.735 17.0853 -2.63866
173 20.0406 27.7561 -2.67092
174 9.13425 33.4996 -0.407064
175 2.22542 13.6118 -3.33579
176 24.5322 26.8266 -0.624524
177 16.1734 6.53656 -2.46075
178 21.8898 15.2393 3.47752
179 26.2526 9.77535 -0.0915231
180 10.3261 11.4041 -3.00978
181 36.6394 27.9391 1.59178
182 17.9246 12.4125 0.0503368
183 2.21969 18.0587 0.799211
184 23.6553 36.7733 2.64896
185 8.67606 10.789 0.430007
186 31.1001 8.88561 -2.20726
187 7.10636 38.9205 1.75368
188 26.6171 17.1865 -4.03738
189 10.0909 22.7932 -1.80458
190 25.3967 23.5815 -0.212401
191 9.49309 31.8344 0.916319
192 31.1754 8.92181 0.883879
193 31.4456 20.4516 -2.10893
194 9.98495 30.8112 -0.542439
195 18.344 17.3072 4.57479
196 29.1017 35.0096 1.98139
197 16.0747 0.378332 0.622846
198 33.4705 14.3861 3.12764
199 15.3105 10.8958 -0.0431441
200 2.00364 0.32819 -1.21121
201 31.7776 17.3644 -0.312882
202 20.0905 17.3635 -3.21035
203 24.4815 13.1279 1.59535
204 32.7179 35.9386 4.26447
205 37.861 33.7098 0.369249
206 12.087 3.12999 -0.560829
207 39.2799 32.0326 -2.52544
208 29.9423 28.9159 3.32075
209 15.1533 31.6741 -1.48023
210 4.09852 21.572 3.62412
211 35.2804 25.1551 -0.787527
212 37.5799 31.4148 -1.19729
213 3.55034 5.80976 1.85971
214 0.130404 21.2884 2.29976
215 38.0596 19.3274 2.37972
216 30.8292 25.5094 -1.89433
217 5.1231 6.82042 2.56413
218 20.2319 18.1451 1.81774
219 18.4035 8.10171 1.21483
220 17.6672 7.28767 0.167789
221 26.2738 9.73701 -2.56054
222 33.7061 22.608 -1.53696
223 17.5322 0.0283007 -3.11029
224 11.5432 32.8166 0.918435
225 35.8489 10.007 1.80966
226 4.94582 22.0758 2.52908
227 6.43551 39.0851 -0.642004
228 21.7185 7.77658 -1.72553
229 34.8769 20.1578 3.58404
230 27.2789 4.56626 -0.990323
231 17.0143 20.9639 -2.51832
232 26.9145 13.7388 -0.890827
233 2.10047 9.69954 -2.52535
234 7.68007 38.9632 0.528475
235 5.32902 7.87047 2.09386
236 8.16089 38.0764 0.080296
237 11.6226 29.6657 0.911805
238 15.549 12.1183 -3.04679
239 37.8269 14.6662 -0.643703
240 21.5149 25.5897 -3.55774
241 15.9396 28.1577 1.97865
242 3.23998 7.48554 0.656991
243 24.161 38.8407 -0.981383
244 37.9669 18.4384 0.567862
245 18.6755 10.274 -0.211923
246 30.0256 12.9389 0.302062
247 1.44136 2.01355 -4.20315
248 6.61932 23.3321 1.06782
249 18.3734 32.9211 -1.49327
250 3.8826 0.617027 1.5716
251 34.7695 7.25449 -0.135593
252 29.7346 17.8802 2.59068
253 24.9991 11.0742 2.35118
254 36.0137 27.3457 3.61568
255 32.1059 23.9123 -2.09502
256 0.380363 2.78416 1.09459
257 28.9231 17.4302 2.2557
258 30.3444 38.7542 -4.29489
259 29.9036 16.1202 3.13239
260 5.72842 5.58826 -1.3811
261 31.6281 20.0912 -1.87542
262 27.5097 28.1794 -4.00533
263 5.74643 3.25513 -0.681978
264 3.09372 35.5208 -1.98149
265 3.67987 14.4881 3.40126
266 4.50001 8.14145 -3.92119
267 8.88203 24.2552 1.67536
268 2.99982 27.6103 0.143106
269 20.338 36.787 -0.0114302
270 5.06358 11.7249 -1.54893
271 28.4495 11.1515 -3.07543
272 20.1272 11.7206 -3.29095
273 35.6979 34.0855 -3.65047
274 6.98247 8.13821 3.34861
275 0.998984 17.1089 2.96732
276 30.3745 27.6404 -1.71871
277 6.94498 28.687 -0.731241
278 8.99755 4.94395 -3.87351
279 2.724 17.7743 0.112386
280 32.1731 20.5326 -0.415506
281 28.7247 18.9757 1.19613
282 15.5735 16.1473 -1.38315
283 21.3038 38.8875 1.76533
284 32.8588 23.3986 -1.15804
285 34.4077 37.4195 0.0966817
286 35.1575 7.34371 -4.10076
287 5.85314 17.4994 1.27248
288 9.01102 33.8878 -1.20311
289 15.8783 30.619 0.762182
290 35.0397 21.266 -3.66169
291 16.5928 20.5296 -2.95419
292 38.8388 24.81 3.37387
293 6.40473 6.2208 1.26755
294 27.5218 34.1277 -1.55833
295 10.2935 9.01885 -1.58259
296 32.4287 24.0603 -2.35845
297 3.45978 25.9599 -1.01884
298 28.0736 26.2986 -2.81805
299 19.0602 35.5304 3.04377
300 24.1882 7.94465 -1.55371
301 31.5858 20.3981 0.817851
302 16.0184 32.8581 1.52186
303 7.98494 33.4502 -1.71444
304 13.9983 23.3349 -1.88076
305 3.47003 21.95 -1.23418
306 29.0631 14.1693 1.00236
307 9.78672 21.3821 -2.15118
308 1.75921 17.1675 2.80881
309 14.4283 1.70126 -1.66816
310 18.8072 20.0053 3.84921
311 27.2109 5.03891 -2.31428
312 38.3638 39.4735 -1.07955
313 36.8074 0.164795 1.59987
314 22.7549 4.22286 2.39669
315 4.74526 29.3628 -1.50661
316 33.3968 38.4277 -2.23289
317 31.6719 37.8398 3.62924
318 25.9325 26.1387 -2.76227
319 4.56267 37.8472 2.51776
320 0.920854 20.8585 0.486088
321 31.5567 8.17236 -1.35265
322 4.7556 38.0575 1.17549
323 22.1427 36.2595 -3.50979
324 32.8329 12.7333 -0.0544257
325 8.53452 22.5002 3.8155
326 37.2416 1.93825 3.31107
327 12.8252 3.81343 1.58282
328 15.4037 28.4481 0.791564
329 38.9723 21.3685 0.707624
330 5.38965 5.74675 1.39499
331 14.999 32.3631 -1.07501
332 33.9439 9.19314 -1.46535
333 22.7087 18.9154 2.46891
334 9.24002 12.0419 4.71246
335 7.85864 1.20278 -1.16157
336 19.3329 39.5973 -0.774622
337 6.83636 13.5294 -0.661726
338 11.1956 30.7977 0.423069
339 35.8409 33.7752 -3.60965
340 12.1471 22.2001 -0.229754
341 31.5842 34.2372 1.10493
342 12.0568 11.1801 -0.452618
343 10.7505 16.5614 -0.516944
344 11.639 38.164 0.944228
345 35.6233 27.6502 2.83145
346 16.9495 8.15801 -1.53974
347 9.21355 31.3707 0.723125
348 14.1265 16.8054 1.3889
349 16.7502 17.9192 0.00467211
350 10.0439 10.3973 -4.2094
351 8.86922 22.0736 3.53129
352 30.0828 22.6118 -2.27979
353 24.3161 2.07418 0.310946
354 39.1924 37.5831 1.5118
355 20.559 24.8016 -0.779029
356 30.9047 34.0197 1.81821
357 14.9791 29.923 -1.23705
358 14.0547 21.3675 -2.34975
359 39.2967 30.4289 -1.68833
360 32.8955 25.9319 1.90635
361 31.6071 29.4009 1.67021
362 35.7722 26.7015 3.83657
363 36.5398 1.14553 0.72944
364 3.93843 5.59803 1.43469
365 3.99475 0.0624634 0.465827
366 13.978 5.28462 0.125774
367 17.6994 33.6132 -3.77553
368 23.2193 2.36463 0.553638
369 15.5112 29.7163 -1.12094
370 24.3322 25.0119 -2.82101
371 25.3327 22.9225 1.5459
372 26.6182 29.6347 0.137405
373 6.97309 8.80559 2.13719
374 17.4181 16.814 -0.466246
375 13.4441 9.97838 -0.381518
376 0.674339 33.8952 2.20461
377 4.81346 8.11633 -2.10389
378 12.7513 7.06115 -1.80817
379 29.4525 2.47593 0.765858
380 38.5776 24.4241 1.88583
381 12.8473 30.8656 2.90101
382 36.9488 16.739 -0.521991
383 15.6297 33.4027 0.863614
384 21.1808 3.04819 0.0251107
385 20.1186 20.6226 1.70378
386 19.7759 8.11861 -0.178137
387 12.8157 3.77091 2.43658
388 31.8306 25.0736 1.5807
389 7.95766 38.7769 -0.0131903
390 29.125 25.8129 -2.22374
391 14.9097 17.4698 -1.65984
392 21.166 24.774 -1.16303
393 24.0351 15.2459 2.28721
394 38.8806 37.1979 -0.0627926
395 35.7436 11.5216 1.70118
396 2.59478 3.25632 -2.7825
397 6.70824 39.1356 1.10778
398 1.87955 28.4128 3.40572
399 0.283692 19.2824 -4.08806
400 0.292167 0.364614 0.483006
401 23.516 36.6551 -0.471771
402 33.1754 8.13993 -0.668738
403 35.9418 24.0178 -1.76525
404 33.2466 31.2626 -2.84019
405 3.89718 24.4837 -0.904756
406 26.3607 0.445262 2.56733
407 36.8932 1.65449 2.01136
408 10.2473 15.1301 -0.562164
409 12.5836 8.16784 -2.14931
410 27.0811 17.4684 -2.35435
411 16.268 27.2219 2.12484
412 2.7353 9.69917 -2.0818
413 11.1816 13.1291 0.691811
414 1.5146 21.0671 0.592011
415 16.1036 27.6 0.829145
416 26.055 38.3703 3.68388
417 7.75226 1.843 0.370195
418 28.2628 26.9166 -3.6395
419 26.732 16.9091 -1.16438
420 20.2461 38.14 1.7251
421 2.10699 13.4767 -1.59295
422 15.3138 10.9275 0.199261
423 24.6117 12.8114 3.19148
424 24.7298 22.7429 1.50245
425 21.8683 1.1509 2.80772
426 1.89299 20.2131 1.08086
427 17.4215 19.2069 1.09944
428 34.4309 6.6268 0.461798
429 2.76635 6.56143 2.40884
430 16.8694 15.9643 -2.97008
431 8.09112 10.5679 0.171467
432 15.2455 36.2053 1.38505
433 30.8611 20.0923 1.99137
434 5.49608 24.5207 4.66161
435 22.3738 38.0505 0.67482
436 2.25562 22.5334 -2.45386
437 10.6137 33.7623 2.21291
438 13.8349 21.1895 -3.01883
439 36.1279 21.5652 1.27573
440 27.8674 38.6586 -2.04253
441 7.61177 0.175543 0.546422
442 13.5357 26.869 -0.13792
443 22.4199 15.2843 3.24931
444 9.06429 10.2306 1.05771
445 3.37511 24.162 -1.31053
446 21.9175 12.6556 -0.296191
447 3.16833 9.13923 0.50578
448 36.1154 29.8625 -0.572272
449 10.2656 18.1208 -2.27763
450 13.6923 17.1711 1.6175
451 3.27162 11.9684 2.37506
452 16.4879 16.0751 -1.83426
453 3.78311 37.0719 -0.881688
454 4.02549 7.84352 0.292413
455 30.3511 6.96638 -0.707368
456 18.5817 7.8616 1.00625
457 22.2926 23.638 3.94814
458 34.0095 18.2067 -1.07433
459 10.0072 12.9434 1.72376
460 16.6874 3.34383 3.92725
461 6.74507 32.5862 0.204136
462 27.2293 14.4062 -0.452672
463 2.0579 31.6097 -0.742832
464 30.9433 18.2872 2.7669
465 33.534 17.1468 -0.516547
466 33.5544 23.9048 0.912062
467 3.77493 35.9516 -0.565833
468 24.6645 37.875 4.06562
469 15.3897 27.1665 -0.14947
470 13.0246 13.9581 0.619311
471 0.457335 11.6256 -3.03517
472 12.5806 14.5292 -0.0662648
473 17.0583 9.38618 -1.58713
474 9.11042 31.5644 -0.644047
475 34.3782 10.4388 -1.54094
476 23.1905 29.1113 0.419933
477 12.2041 31.8958 3.8597
478 34.8463 13.775 3.65812
479 4.5946 30.0651 -2.3678
480 33.8718 18.2927 -0.210469
481 22.9197 35.8854 4.4373
482 8.35139 32.3639 -1.15632
483 10.1685 30.3308 0.553144
484 12.2807 30.918 0.218102
485 8.47201 33.0264 -0.575181
486 19.1991 28.1005 -0.658094
487 31.0187 27.5876 -3.08678
488 37.5673 7.25772 -1.11189
489 21.4849 3.48246 -1.72844
490 5.28498 10.0231 -2.56075
491 16.9229 10.7829 -1.48402
492 25.5938 3.12558 -1.68377
493 38.2217 24.153 1.8812
494 6.36612 14.8772 4.08402
495 31.6074 12.789 1.0369
496 31.6436 19.9102 -0.00765602
497 5.41525 30.9036 -0.845659
498 23.4488 13.6583 2.49649
499 5.86983 12.8758 -2.15179
500 6.79958 13.8695 -0.579356
501 30.8835 19.6425 1.05807
502 7.7521 0.8144 -0.638959
503 15.0596 21.4603 -0.719531
504 38.3165 31.1114 1.40246
505 6.32039 9.29243 -1.22864
506 31.5955 25.0796 1.99
507 24.1771 7.55942 -3.15724
508 39.0919 32.3787 -2.18536
509 34.8306 2.45143 4.40185
510 36.6927 0.832615 2.06349
511 26.0851 35.8546 0.352332
512 39.3541 32.9276 -0.234246
513 16.3399 33.2313 0.0638264
514 11.0177 25.3865 -1.92216
515 19.7189 12.2336 -1.55746
516 26.2575 39.079 1.25156
517 11.4639 2.78631 -1.54578
518 22.6164 13.9716 -1.04739
519 25.0856 11.3483 4.20973
520 32.2798 1.36832 -1.31313
521 33.9004 33.6057 -2.7446
522 16.9273 23.1614 1.86797
523 10.4823 19.7539 2.90511
524 37.6005 26.2855 -0.923224
525 10.6292 14.3729 -0.786499
526 39.7637 21.4443 0.941785
527 15.9602 5.68689 -2.55942
528 22.78 4.76134 2.76479
529 32.1246 38.8486 3.33747
530 4.17252 7.31777 3.56605
531 30.8244 9.123 0.633148
532 22.0717 38.2168 0.329333
533 23.0799 28.029 -0.813991
534 16.6201 25.2404 -3.23848
535 6.57669 7.42203 2.40726
536 33.5374 14.0789 2.99911
537 0.564681 16.9931 1.66202
538 37.6533 39.7995 -0.587717
539 6.51294 1.34329 -1.45044
540 37.0156 23.3367 2.30557
541 26.2885 22.6711 -0.561377
542 0.0495459 30.4721 -0.687343
543 9.62138 18.8528 0.849967
544 6.90755 36.8251 2.4619
545 13.1003 23.6646 -1.67015
546 35.9953 36.7095 -0.278201
547 5.48059 14.0548 0.507839
548 37.9983 0.685503 0.99945
549 5.77559 22.6413 -0.262661
550 10.3121 30.1437 -0.512544
551 22.9487 17.1668 -1.02946
552 38.6337 11.8299 -1.33685
553 16.3113 27.7246 1.28794
554 16.0949 13.3076 -1.15803
555 32.1841 17.6281 2.71757
556 29.9044 21.252 2.18801
557 6.23829 29.2373 -2.70522
558 28.102 4.04702 -4.10235
559 25.4899 29.6499 -1.27402
560 31.1377 18.7432 2.09272
561 13.8785 21.5679 -1.3493
562 6.20132 24.1366 2.66294
563 0.348767 16.3529 0.0718845
564 15.1206 16.447 2.83334
565 37.3012 14.8129 -0.806985
566 17.4142 38.6407 -2.18132
567 26.768 13.9069 -2.54441
568 36.258 8.5392 1.02808
569 2.74733 20.1457 0.365033
570 3.57569 22.4215 -2.68063
571 24.118 13.6985 2.68841
572 1.08617 36.6939 0.36884
573 20.577 37.786 0.227594
574 9.11651 20.7103 0.403324
575 21.5884 17.717 0.594448
576 3.97633 5.99493 2.0024
577 26.5255 33.4276 3.42616
578 3.89646 0.208611 0.636678
579 6.86927 10.3995 0.56231
580 9.93239 39.9551 -3.56572
581 6.10379 32.2312 0.571837
582 24.5374 25.2733 -1.93479
583 24.0166 35.1419 -2.40427
584 36.0934 13.452 4.83626
585 4.62454 14.0584 -0.0244421
586 29.7341 21.6536 -1.24089
587 31.6559 32.835 0.0560605
588 19.6003 37.1004 0.6824
589 23.9181 27.6887 -0.643946
590 9.26286 9.1436 1.67081
591 5.35302 23.9141 3.51301
592 34.5521 28.2699 0.29889
593 15.9537 26.7521 1.63037
594 13.3217 3.84968 2.83674
595 17.7456 27.9294 0.709348
596 34.8693 33.6058 -2.88935
597 26.7728 10.492 -3.07208
598 34.913 9.60938 -1.14671
599 18.8131 36.9626 0.110699
600 3.65733 38.7303 1.48808
601 21.8465 33.5293 -1.24219
602 1.32541 18.3441 -1.61863
603 18.3264 18.7569 -1.65046
604 38.1785 23.421 0.0784426
605 7.97076 34.372 -0.979847
606 1.28886 28.0621 -1.36534
607 7.21265 10.0345 1.36483
608 4.6653 36.462 1.78657
609 22.598 37.6629 -0.863285
610 37.8094 29.8796 -0.759685
611 36.9326 21.2409 0.267064
612 20.2536 8.0118 0.993837
613 28.9074 10.1708 0.109104
614 4.17782 9.49576 -0.707256
615 27.919 9.93647 -1.44534
616 27.5771 14.2379 -2.01048
617 22.63 30.9725 4.55283
618 30.1045 3.41351 3.18032
619 24.7428 34.4176 -1.7107
620 33.4162 32.6083 -1.85854
621 36.8373 14.4007 -1.7644
622 9.59027 31.3058 2.01923
623 25.9566 15.1283 1.24081
624 39.1729 38.142 3.52399
625 21.1882 7.1594 0.348805
626 9.34246 31.7938 1.40143
627 8.27756 32.7305 -0.609599
628 29.1303 7.83887 -0.702581
629 28.892 2.33686 -0.506372
630 30.2214 28.0582 4.25857
631 28.2597 37.0673 -0.835173
632 31.8947 29.5104 1.56111
633 31.6984 24.9345 -0.599981
634 38.5305 34.9473 0.729492
635 24.572 25.3867 -2.6918
636 24.6049 6.49666 -2.1931
637 39.4482 20.998 2.37025
638 38.5791 27.8406 0.95442
639 29.0963 9.14793 -1.69455
640 5.81711 14.7573 1.54736
641 21.9266 35.8501 0.606743
642 14.8482 1.30947 1.69189
643 22.1603 26.6106 -0.430286
644 16.9551 7.43511 1.94261
645 5.55932 6.35626 3.72865
646 13.6802 11.15 -0.537399
647 14.1843 14.1702 1.83809
648 29.4951 37.7468 -1.31025
649 17.6714 30.6724 4.10119
650 29.0083 7.08943 -0.398257
651 30.6256 20.6908 -0.244568
652 1.50394 38.0006 1.75889
653 15.7207 39.5741 -0.0948564
654 23.0615 13.3646 -1.16159
655 37.5008 39.6277 1.40858
656 13.6426 12.0583 1.01302
657 25.7657 5.40169 -2.1622
658 3.7067 26.5164 -2.57871
659 25.469 2.30622 -4.15641
660 27.4965 12.578 -1.11712
661 35.5994 19.8136 3.07586
662 27.1843 32.9914 2.51109
663 17.7212 14.9536 -1.01663
664 31.0693 18.8423 1.1528
665 33.0605 0.98478 -4.06897
666 34.3705 3.70444 3.449
667 36.9991 33.9754 1.7977
668 4.00351 34.0644 0.700149
669 13.9934 27.9529 0.0339148
670 37.9407 28.7388 -0.962412
671 22.5356 38.1972 -1.52941
672 11.1158 26.5657 -0.25562
673 36.0278 5.3318 0.356411
674 16.5001 21.0447 -1.53039
675 30.214 20.2938 2.56916
676 27.4684 38.9709 -2.60709
677 36.5326 9.91229 3.88726
678 23.6688 38.746 -0.949491
679 21.936 13.2994 -2.07479
680 10.189 22.835 0.939564
681 15.8097 34.1867 0.950457
682 31.8587 0.744323 -1.90361
683 32.8104 17.573 1.42471
684 4.83177 31.1036 -4.08999
685 24.061 27.9558 0.27561
686 3.09275 2.71104 -1.57356
687 28.4362 7.92415 -1.8812
688 38.3159 39.2343 0.658063
689 11.7221 36.9925 -2.88065
690 16.0497 26.954 1.25824
691 10.71 33.3919 1.44702
692 23.9031 16.094 0.767154
693 37.9978 18.8628 0.975771
694 24.9373 29.7074 1.76384
695 14.308 32.2988 -0.015393
696 34.6104 28.1007 3.33144
697 26.2481 9.92133 -0.0952758
698 36.4244 7.02498 3.06813
699 25.1913 19.9134 1.31795
700 6.08631 0.567835 0.46211
701 30.0553 6.52302 3.18749
702 4.26309 3.20546 -1.09252
703 27.2913 16.1164 -3.94433
704 28.9855 27.3082 -2.78913
705 5.61713 39.9069 0.307434
706 37.1159 34.3551 3.28519
707 17.2282 8.70233 -0.987794
708 25.4709 17.8326 -1.40514
709 24.7586 39.6997 0.731222
710 18.482 29.9476 -3.78855
711 32.6824 32.2183 -1.54719
712 28.9306 17.9486 1.71685
713 0.4569 9.54433 1.27991
714 19.4382 29.2024 -4.09311
715 36.8198 1.42173 2.98262
716 23.5388 36.9646 1.46512
717 18.9679 28.0337 -2.17467
718 11.4178 28.1996 -3.4681
719 10.9644 33.2167 -0.391218
720 18.5876 29.3843 -2.07909
721 30.0082 39.345 -2.41769
722 4.73774 5.88718 0.791717
723 16.1043 0.573095 -0.583818
724 10.295 3.58223 -0.766689
725 32.5155 9.85213 -0.986384
726 9.02902 29.3831 -2.12397
727 2.0936 32.2688 -0.164497
728 38.2502 7.44812 -1.18772
729 20.5616 1.87119 -1.49754
730 21.7822 15.5078 3.7359
731 28.2916 18.9467 -0.574749
732 21.0588 36.8844 0.403605
733 38.3688 31.3275 3.83719
734 24.5807 18.2492 -2.19759
735 16.6389 16.0145 -1.43245
736 22.598 23.8886 2.68377
737 35.6575 31.6427 -1.7422
738 15.173 5.92748 -1.44716
739 14.5899 29.2206 -0.244882
740 31.8927 18.7613 -0.0324238
741 0.313315 34.0742 1.04829
742 22.8612 13.052 1.61813
743 17.3513 25.3361 -2.60611
744 31.4353 29.0913 1.86193
745 15.5612 26.478 1.1438
746 16.9247 20.9579 -0.609965
747 13.5181 23.0544 -1.60681
748 17.0118 31.5667 -1.93389
749 3.94855 6.90093 0.710664
750 9.53598 34.093 -1.21379
751 8.74315 37.1665 0.215669
752 0.0571802 14.6783 -1.90085
753 5.54971 22.9769 2.03036
754 34.2293 14.703 2.49355
755 23.7884 7.89381 -1.42835
756 31.6029 10.2204 -3.79434
757 17.9284 19.7543 -0.837504
758 33.6869 32.3666 0.793251
759 10.6788 30.771 -0.96278
760 29.0635 35.0461 3.38168
761 16.5754 11.5177 -1.55338
762 21.3344 30.7371 2.63129
763 22.7149 4.13701 0.0138323
764 26.0911 7.07446 -1.52447
765 28.3357 27.3686 -2.16216
766 11.2877 16.8607 -0.282654
767 33.1217 17.9075 0.309719
768 5.33423 10.6897 1.96355
769 23.812 29.345 1.56057
770 13.174 27.6797 -0.24587
771 38.3308 18.7293 -2.30262
772 15.5046 31.1114 -0.640812
773 30.6426 29.8428 -0.29857
774 39.1914 38.5948 3.45895
775 22.27 15.9827 0.801024
776 9.95086 22.8405 -1.51461
777 36.7716 20.5523 0.353378
778 29.1116 24.2728 2.46305
779 24.3429 0.271071 2.15841
780 1.79012 5.78757 -0.298888
781 27.5254 1.02503 2.05707
782 13.319 4.60875 1.42918
783 19.1989 11.2575 -0.970513
784 28.9723 1.60895 0.207958
785 23.8385 25.1916 -3.43811
786 9.76815 27.785 0.210985
787 27.7165 4.29752 -1.47863
788 0.431398 27.9142 -2.2167
789 38.5853 16.838 1.02692
790 6.08511 34.2807 2.00382
791 21.4828 16.6364 0.450393
792 10.0239 31.3351 1.52002
793 20.2207 37.1073 1.12344
794 18.942 21.4792 -2.12644
795 8.81386 12.0247 -2.26576
796 17.006 26.532 -0.0569622
797 7.2097 32.7177 -0.487076
798 25.3787 4.18198 -2.47384
799 19.8422 36.6931 1.21206
800 30.4039 9.00363 -1.80833
801 23.7377 13.3568 2.35455
802 36.3052 9.30447 -1.9815
803 8.03873 36.0567 -0.655557
804 39.8415 13.8296 0.16994
805 33.4508 20.6434 -1.87539
806 8.72469 20.9673 0.366269
807 27.8373 5.25953 -1.23886
808 28.6503 25.9751 -1.99027
809 13.9714 12.6413 2.63351
810 17.6422 36.4236 0.0198734
811 9.53089 29.4988 1.70796
812 17.5774 35.5837 -0.0832716
813 36.6664 0.702141 -0.149354
814 28.0154 33.5081 -3.33264
815 31.057 18.9011 0.593132
816 11.4734 32.3951 0.28719
817 12.5541 30.9242 0.682449
818 10.9387 9.83035 -4.72447
819 25.6946 0.514839 2.68108
820 38.0379 39.7452 -1.36541
821 16.4925 11.6573 -3.64356
822 7.76373 9.95812 -0.927441
823 37.3998 1.39577 1.62413
824 39.66 10.7257 0.885662
825 35.5383 26.6789 2.13346
826 4.21838 9.86861 -2.5068
827 34.7021 14.2213 2.82019
828 26.8024 10.3572 0.793737
829 15.0954 0.710372 -0.387347
830 13.0469 21.3887 -4.614
831 13.5135 36.3122 1.00182
832 36.2775 28.0814 0.820863
833 13.7777 22.582 -4.28799
834 19.9425 8.5315 -0.245527
835 8.68154 31.1509 -1.77272
836 20.6929 36.0957 2.45228
837 39.0631 29.0096 0.0396514
838 29.684 11.4717 -0.876174
839 36.7421 25.6745 -2.10806
840 25.3784 21.9884 0.993146
841 29.6205 38.5181 -0.36479
842 25.457 30.3706 -0.345442
843 15.2195 1.98261 1.45564
844 8.80777 12.4811 -3.02435
845 0.460934 30.2798 -0.244186
846 15.5596 34.3312 0.668897
847 39.0198 23.9334 0.218807
848 25.5776 15.0725 2.3163
849 9.7059 20.2993 0.969341
850 3.59869 38.1296 1.09091
851 37.2371 39.4483 2.2695
852 25.5487 30.5167 0.571718
853 32.3262 25.6866 1.45223
854 2.7447 34.9359 -1.00904
855 20.3859 2.32216 0.373348
856 20.2855 30.8238 0.0474524
857 6.62078 19.1462 -0.0155235
858 37.8097 26.3054 0.435845
859 18.5972 39.6592 -0.516792
860 31.0548 23.3191 -2.6065
861 1.0774 12.9678 1.04416
862 3.47621 35.08 -1.71954
863 14.1218 20.4529 -1.79196
864 25.3971 12.257 2.10308
865 28.227 27.3032 -3.75983
866 29.2536 38.94 1.59811
867 15.4764 38.8753 -0.688857
868 33.3859 24.6995 0.582365
869 35.2314 14.9398 1.68037
870 3.98742 0.345219 -0.209214
871 20.3559 20.5952 1.37207
872 32.5102 23.6257 -1.7408
873 20.0885 16.1324 0.841295
874 34.6656 7.17884 0.189324
875 3.27956 8.29407 -1.06101
876 2.94156 5.94851 0.77946
877 37.6545 0.559063 0.624447
878 3.40506 39.1442 0.596302
879 4.01331 34.1455 0.017266
880 39.6898 21.2209 2.46715
881 13.5544 21.6515 -2.38764
882 20.0243 4.62698 3.61499
883 3.13829 24.781 -2.70252
884 13.6569 17.5731 -0.337172
885 8.57929 11.7214 -2.8286
886 15.1709 27.0185 -0.125844
887 35.8878 18.6387 4.07345
888 35.8329 33.0074 -0.807577
889 5.54334 12.6621 -1.9474
890 22.6233 13.8081 -1.51831
891 23.2032 19.2686 2.19456
892 29.938 7.20818 -1.30154
893 29.465 28.5514 1.76009
894 35.4259 32.0031 -1.67635
895 30.9741 19.579 -1.46059
896 16.3462 33.8383 1.68477
897 4.9128 7.60982 -4.21524
898 17.4361 16.1587 -2.70139
899 7.51677 28.9194 -1.08749
900 16.0656 6.50414 -0.56853
901 2.67759 37.9819 -0.0247622
902 0.904389 34.1011 1.78102
903 8.11828 29.327 -0.952548
904 18.1605 4.24833 4.10784
905 20.2807 30.1476 1.9846
906 25.2639 25.0703 3.44126
907 24.4339 29.2912 1.34681
908 29.3299 38.5019 -1.36436
909 22.901 4.34194 0.312797
910 33.1927 16.945 -0.567281
911 32.512 25.1055 -0.484391
912 22.6958 26.9709 -0.635195
913 38.7631 22.6469 0.852603
914 9.93931 26.8091 -0.943542
915 36.4283 39.7023 1.50473
916 24.7725 21.3252 -0.251102
917 5.44084 30.5294 -1.97586
918 3.20766 36.6141 -3.08914
919 29.0268 17.6117 1.48331
920 0.514117 17.9681 -1.85457
921 35.2034 21.998 -4.31954
922 24.0601 11.3961 -0.53902
923 9.94127 26.7848 -1.17857
924 24.6652 37.0947 0.0750954
925 22.5786 3.22691 1.9669
926 23.5296 37.712 -0.674676
927 9.6637 32.2549 -0.0607568
928 34.9282 3.28142 2.76006
929 37.5221 30.8076 0.136622
930 14.1619 9.40921 0.366933
931 23.2604 16.8613 -3.90633
932 10.9526 24.7518 -2.9195
933 10.7856 8.21846 3.34699
934 27.3846 28.412 -0.323291
935 0.733221 5.15677 1.78288
936 3.7016 25.0647 -2.41093
937 9.22993 38.6813 -1.40754
938 19.5326 23.1579 -0.850071
939 25.1203 7.66196 -3.82557
940 16.9035 20.4032 -0.915506
941 21.9686 23.2878 4.12077
942 3.42271 9.45491 -1.15915
943 12.0889 5.33353 0.301503
944 37.392 27.3248 0.561704
945 8.53871 3.01627 -4.28069
946 19.0755 23.7584 -3.33353
947 25.7101 3.99827 -3.37219
948 9.96655 31.6075 0.0420449
949 5.78684 7.31223 3.86952
950 33.3812 20.9945 -0.775788
951 22.1295 9.7044 -2.55798
952 14.325 11.6971 1.30638
953 36.6355 10.6628 1.9537
954 3.61061 35.7424 -2.14369
955 0.588195 10.2501 1.9557
956 32.8197 7.34549 1.43327
957 32.7692 13.477 -0.0898947
958 1.94346 31.3022 -1.00656
959 29.7561 31.9448 3.13513
960 5.40559 7.2314 1.37406
961 1.65516 36.8314 1.61597
962 14.8341 31.8586 0.944054
963 15.0633 26.3009 0.349337
964 5.17242 10.8883 -2.34168
965 0.966722 31.4376 0.029652
966 16.6734 19.7724 0.752814
967 25.5986 39.1136 0.322843
968 35.1171 31.4277 -1.82881
969 13.8385 37.1531 0.906243
970 23.8797 0.60069 3.18561
971 0.363405 10.8872 2.49674
972 8.41416 20.6685 0.114198
973 11.1341 20.8512 -0.466796
974 26.9476 16.817 -3.62989
975 14.731 27.6642 0.222229
976 5.79601 4.75958 -3.06092
977 6.87078 1.42576 -0.517642
978 13.034 22.7431 -1.30888
979 3.35679 32.1728 0.407313
980 38.1462 12.5399 -1.02454
981 4.38479 6.32033 2.61862
982 4.74343 2.31316 -2.28132
983 22.2098 15.2225 2.56579
984 11.9487 33.1125 -0.210397
985 5.17394 20.047 -4.43947
986 28.2687 17.4543 1.6052
987 6.62876 7.87686 4.09564
988 2.45237 34.374 -0.481564
989 17.0024 26.1049 -2.55718
990 29.7005 22.1374 -2.08157
991 13.5559 23.2147 -3.04248
992 0.421983 13.3257 1.19581
993 8.43615 20.6016 -1.18612
994 27.1262 20.2829 -4.26606
995 8.45868 21.7292 3.15956
996 32.3389 19.0674 -3.35454
997 37.3632 9.65455 1.51297
998 38.1799 2.22708 -2.54498
999 30.7441 28.3164 3.82406
