1000
Particles
0 36.672 3.82119 -1.05249
1 33.299 15.6147 -4.02539
2 23.2561 2.26601 1.35038
3 8.46398 36.3751 2.30357
4 14.9703 17.6275 -2.23873
5 25.6557 39.0498 -2.37624
6 34.9832 5.26816 1.47195
7 33.1871 14.83 4.62423
8 2.85216 32.8112 -0.623962
9 32.0724 25.3862 0.663416
10 30.7079 29.8121 0.0101616
11 39.8234 38.5573 1.73556
12 37.0856 24.8965 -2.29886
13 1.10602 4.70938 -2.99697
14 30.4635 16.7335 4.05266
15 26.7282 31.1631 -2.18828
16 27.8433 38.0823 -0.0301502
17 35.39 10.4673 -1.68369
18 37.7235 14.1816 0.512569
19 17.6931 19.3621 0.731689
20 12.1763 16.8302 -0.574477
21 1.57215 0.735948 -0.941142
22 35.5023 25.0379 -2.97838
23 33.9772 13.6554 3.92705
24 28.45 14.3543 2.62986
25 0.739746 33.8231 -0.712352
26 24.9904 29.3348 -0.752511
27 16.3164 20.3757 -0.570009
28 6.80524 1.3505 1.65333
29 33.7494 7.36661 -0.751245
30 8.71978 25.5962 2.35825
31 9.62842 17.465 1.79508
32 15.2043 15.078 4.44682
33 2.11308 36.31 2.86993
34 21.0453 14.0914 -2.10277
35 21.6876 6.20709 -1.90485
36 13.4918 0.95946 -2.16064
37 0.327972 24.0033 -1.18252
38 18.8883 38.2454 -0.873063
39 32.3974 13.6201 -1.6574
40 31.3796 38.4843 4.34503
41 19.9986 12.9244 1.76413
42 31.4142 17.3286 3.48211
43 23.1441 32.3929 3.76864
44 20.4499 17.1456 2.16772
45 9.18862 26.7899 0.276555
46 4.08726 4.9878 -0.204946
47 37.3425 5.01026 -0.303397
48 0.894248 31.261 0.680649
49 8.39594 32.8735 2.75503
50 36.0148 38.4 1.73898
51 13.2503 6.94248 -1.31352
52 32.4712 0.535691 -0.189663
53 15.5236 12.3903 0.244116
54 34.1163 27.8737 3.632
55 36.7058 17.5165 -4.05899
56 34.531 8.37032 -1.29647
57 38.9823 35.0864 -2.50195
58 0.272192 8.75097 -3.16114
59 2.97845 33.1876 -2.54351
60 8.63718 22.9107 0.227859
61 17.9885 26.4858 -2.67818
62 33.0447 0.298598 0.923266
63 6.74893 18.6701 0.283807
64 38.9079 24.4118 0.0424011
65 16.0744 0.803608 1.04464
66 6.33544 18.1702 -4.43972
67 24.9168 17.1611 -3.38302
68 9.66246 1.62003 -0.49372
69 19.5901 6.54499 -1.46784
70 5.14897 34.6142 -1.61298
71 6.58774 7.95499 0.970303
72 6.2912 17.5878 -3.51005
73 19.1859 21.7009 2.27214
74 12.6739 35.6781 -1.54913
75 3.08497 0.906966 3.94115
76 19.8785 8.69981 3.90521
77 19.7515 22.4915 1.36623
78 36.714 24.9916 -2.489
79 31.1958 0.593516 2.80866
80 33.344 7.67548 0.170013
81 7.8117 20.9381 3.68795
82 12.0017 6.45586 -0.572926
83 16.0765 23.0644 0.799154
84 26.1369 13.8732 -0.954881
85 1.36064 10.5985 0.757018
86 21.3438 8.05862 2.4653
87 19.2052 1.1783 2.38833
88 6.61386 1.2938 -0.0035781
89 10.786 27.9981 -3.92274
90 35.9864 33.738 -2.121
91 23.3619 10.8073 -0.439971
92 19.485 13.7122 0.950535
93 15.7336 11.022 -1.2954
94 7.41854 14.8072 2.18511
95 17.98 3.65981 4.32133
96 13.0829 32.4906 -0.803889
97 23.8968 33.2462 -0.16695
98 39.8528 29.1994 -1.06685
99 11.4628 29.7007 1.68057
100 27.3066 7.56065 -0.0133989
101 16.0387 22.8701 0.157663
102 20.4825 33.1467 -2.60734
103 15.4997 1.71433 1.61163
104 33.5975 7.45101 0.910224
105 19.1522 28.8435 1.71545
106 39.7146 10.086 3.10297
107 18.0498 22.855 2.81658
108 22.9187 12.0619 -1.04644
109 34.8061 30.8823 0.311766
110 7.72223 35.6959 0.227446
111 10.833 30.4116 1.13145
112 33.6284 0.374069 1.30542
113 33.2012 16.39 -3.93667
114 8.71118 27.6969 -1.41506
115 33.2808 21.6868 -2.5489
116 28.1481 26.0561 -2.3582
117 21.4589 31.5746 -1.12783
118 20.1168 39.5225 1.45912
119 38.0774 19.3818 -1.52135
120 38.4038 32.1416 -2.73757
121 22.1751 14.1283 -1.68305
122 34.102 8.52333 1.7279
123 3.46891 19.324 -3.44461
124 14.3448 1.62165 0.717693
125 22.1965 36.9464 -0.223368
126 21.4522 20.7419 -3.50641
127 1.56771 2.24382 2.23184
128 31.4708 11.5127 3.57577
129 4.16988 8.89473 -4.01885
130 34.8367 7.92763 1.73244
131 32.7967 28.7732 -4.57752
132 14.341 38.0925 -1.58667
133 23.9268 35.6577 0.80758
134 12.0754 33.9698 -1.27676
135 19.1771 1.3176 2.08345
136 30.3889 4.63411 3.71416
137 33.9827 0.224055 1.96617
138 5.51551 18.984 2.60618
139 10.6731 2.1576 -1.22996
140 19.0471 32.4039 -1.60902
141 33.7166 38.0721 -1.85073
142 22.4277 2.01529 -0.371011
143 17.617 25.8351 -1.0226
144 5.4 25.6692 -1.61866
145 23.8768 24.5612 -1.25773
146 35.3791 6.14918 1.44167
147 33.3036 37.9196 2.08474
148 39.508 8.59562 2.33558
149 15.3522 23.7174 -0.946924
150 10.0286 14.6638 -0.84246
151 0.93682 1.06095 -2.34344
152 17.3398 15.0526 3.24711
153 27.7461 5.56207 -2.66366
154 32.1183 30.4535 1.89001
155 28.8983 37.8271 1.56758
156 35.6613 23.8416 -0.690085
157 23.7376 14.0718 -3.34765
158 21.377 34.8728 0.157158
159 16.1272 28.5631 -2.61298
160 5.36432 18.2421 2.85595
161 6.29199 21.6419 -0.162379
162 26.4212 35.475 -0.819408
163 10.5244 5.60704 1.39785
164 11.6291 39.7796 1.98965
165 21.1062 1.77586 -1.00215
166 37.594 3.26299 1.83837
167 10.5535 2.70298 0.755741
168 37.9291 19.84 0.879722
169 0.528934 32.2585 0.0764481
170 1.37193 35.1196 -3.64134
171 14.6155 37.1142 -0.516417
172 36.5066 18.5218 -3.23889
173 16.5098 24.9048 2.47051
174 7.12239 36.7965 2.74362
175 3.32045 17.1612 -1.13862
176 24.8059 26.5143 -3.08251
177 18.0365 9.78769 -4.7359
178 21.9794 13.9745 -2.70103
179 24.2515 8.57861 2.37106
180 12.9507 13.3168 -0.463963
181 34.9488 28.5179 2.16203
182 20.0735 12.7547 1.51215
183 3.49559 18.3067 -3.73208
184 24.6056 36.1804 4.25672
185 8.5017 8.80033 3.34373
186 34.728 8.51388 -2.2796
187 5.62526 0.74424 1.47865
188 23.5453 14.8981 -1.24351
189 6.57455 23.5318 -0.723728
190 24.5159 23.236 1.75363
191 8.56091 35.0154 0.467708
192 33.9429 8.64352 1.09619
193 30.3933 18.3954 -2.39388
194 8.40274 34.5305 -3.16471
195 22.7588 17.118 -3.90339
196 31.3034 36.2586 0.611266
197 14.753 0.769636 -1.04719
198 35.6231 11.6964 -1.91962
199 14.7335 8.06307 0.272129
200 2.29455 2.11153 -3.49833
201 29.7747 14.0025 2.69523
202 21.2577 14.8927 -3.58772
203 24.4427 12.9484 -0.0551502
204 32.6991 38.139 0.501042
205 4.17606 32.0836 0.123618
206 9.22748 2.2977 -2.19076
207 1.71679 31.7751 1.0778
208 29.9197 27.3642 0.810076
209 16.3979 29.4157 0.021409
210 5.17711 21.7686 0.322844
211 35.9549 24.417 -2.93935
212 39.4322 31.3003 -2.96548
213 4.05821 3.53359 2.39598
214 37.7983 14.8352 2.02655
215 35.8331 15.5625 -1.7528
216 32.2565 28.4957 -4.28529
217 8.92136 4.86436 1.24224
218 23.4057 19.6878 0.40471
219 18.971 10.4326 2.3919
220 17.3712 3.87229 1.5134
221 25.7334 13.0383 -0.739369
222 34.4541 22.054 -1.17434
223 17.5849 38.4977 -0.0664016
224 11.9765 32.8403 -2.39432
225 32.7432 10.9152 -3.29394
226 6.97407 19.1413 2.11905
227 5.26619 38.4523 -0.996893
228 22.8995 6.51864 2.06122
229 35.6173 19.1789 -2.7215
230 27.1506 8.72641 -0.234698
231 17.8479 20.2214 0.933324
232 25.8169 14.1103 -1.10983
233 1.40056 9.21074 2.9686
234 4.97901 35.815 -2.40059
235 5.99767 5.76877 -0.640137
236 8.41966 36.4852 0.165673
237 7.37337 27.0696 -2.83323
238 16.1363 14.9862 4.29522
239 36.4139 15.2023 -0.302291
240 21.3369 25.3383 -0.98783
241 15.6713 29.5051 0.14245
242 3.82987 3.74604 1.86117
243 25.7739 39.7411 -1.89357
244 37.7708 16.3675 -2.38031
245 20.8551 9.142 3.09564
246 26.3512 13.0848 -1.29059
247 39.2845 6.9116 0.098004
248 4.27814 24.1068 4.07137
249 20.3645 32.5766 -1.24358
250 6.13945 2.5468 1.27407
251 34.2508 5.13249 3.55121
252 27.8138 13.4337 1.70607
253 22.3093 11.58 -1.81424
254 36.2932 27.4548 3.27772
255 33.1703 20.8321 -2.57216
256 37.1425 4.32003 -3.03574
257 29.7397 15.5792 0.0790469
258 31.5124 36.7849 -0.734332
259 32.0295 12.4287 -1.96603
260 7.4666 4.24982 -0.400134
261 35.642 21.618 1.93734
262 29.7633 27.2966 1.57553
263 7.59954 5.37772 -1.29425
264 2.88376 35.2759 4.42196
265 39.744 12.1484 2.41035
266 2.67138 5.74938 1.4381
267 11.9557 24.4548 -2.55399
268 1.14655 25.2135 4.63046
269 16.6669 35.9179 -1.13434
270 2.58507 9.28313 -0.984585
271 27.8662 10.8183 -0.185939
272 20.1896 11.6922 0.651677
273 39.7271 38.1965 -1.0174
274 11.1105 6.07865 -0.089233
275 3.50437 18.031 -1.06831
276 34.1546 27.7208 2.87891
277 9.81406 27.0128 -0.015556
278 9.12416 1.29686 -1.47177
279 3.75783 16.7007 3.93408
280 35.1961 22.2437 -1.4862
281 29.2173 15.9396 -0.653923
282 18.0076 19.745 1.90676
283 23.9833 37.3387 0.715977
284 31.5815 27.1565 2.44447
285 38.8084 36.4859 -2.86573
286 34.6876 6.88624 0.0266299
287 4.55578 16.5395 1.37707
288 7.23794 36.4768 1.4612
289 12.1156 32.7116 -1.12472
290 35.8361 23.0289 -1.38649
291 19.5923 20.7009 3.14881
292 37.3196 25.7695 -1.21392
293 7.48815 4.43652 -2.06054
294 24.2612 32.4307 1.16725
295 11.2133 12.7626 -1.81384
296 35.6293 24.3212 -1.6338
297 3.20187 24.8092 -4.26951
298 26.8518 22.8682 0.915443
299 17.6836 37.7294 -3.95179
300 26.7456 6.20627 2.3147
301 32.8639 19.458 -1.82792
302 12.5805 33.8923 -1.95098
303 5.28552 37.9324 2.5401
304 16.1053 27.5782 -1.73309
305 2.74677 21.4155 2.84915
306 27.8698 12.3622 2.70782
307 8.48499 22.0922 1.60479
308 4.83103 18.5951 3.12348
309 10.0086 1.22072 -2.67526
310 19.5575 19.3232 -1.42699
311 26.2113 6.36224 1.22335
312 38.0313 3.00314 -0.391736
313 33.2927 39.7794 1.72638
314 21.7462 1.70952 -0.744395
315 1.56206 29.4881 -0.95271
316 30.7053 0.759509 2.94464
317 33.1476 37.74 0.965848
318 27.1389 25.8761 0.738724
319 4.94 35.2862 -1.97942
320 3.07752 19.1803 0.228474
321 32.7065 8.05613 0.71084
322 7.52668 35.0262 -1.4823
323 18.2114 38.4525 -2.64474
324 31.8304 14.3004 -1.57851
325 4.26424 24.3015 2.44165
326 34.4233 0.0175957 1.50629
327 10.3172 1.17374 -0.855855
328 13.5054 28.4536 -2.30159
329 37.9815 15.9288 -3.70284
330 4.47245 4.98892 0.120894
331 15.6451 31.5915 2.68769
332 32.2359 10.3606 0.0282429
333 24.8108 16.3297 1.40359
334 9.82692 15.7694 -1.3032
335 9.72832 39.5981 1.56569
336 20.6599 2.15522 -1.74471
337 5.28656 11.9598 4.41296
338 9.92987 28.7481 0.843149
339 35.018 38.8412 0.764256
340 10.889 22.1249 1.52174
341 35.748 34.9205 0.165132
342 12.2201 9.17372 0.243648
343 9.13606 17.6248 1.61076
344 12.0923 38.9372 0.997705
345 34.3436 27.3481 1.35751
346 15.2873 10.3717 -0.358155
347 5.25813 29.4948 -1.29183
348 14.0753 18.0804 -0.968515
349 19.1342 17.9071 1.36901
350 11.3133 12.7673 -0.614844
351 8.51476 21.467 2.67231
352 29.9811 23.2785 -0.0241659
353 23.3983 1.58057 2.11813
354 0.0145629 39.284 1.36052
355 21.1884 24.9119 0.745967
356 33.4518 33.3691 -2.5149
357 12.0322 33.6793 -1.19294
358 15.5118 22.7965 0.214683
359 39.7471 30.7916 -0.581112
360 30.7223 26.845 0.720015
361 33.1592 30.9519 -2.36197
362 35.6928 27.5145 -0.990792
363 32.9849 3.98588 0.666493
364 5.15576 3.60915 2.61178
365 3.57801 4.03586 3.20229
366 12.6289 4.00876 0.895935
367 19.5917 32.5292 -1.95001
368 21.9567 3.85198 1.63515
369 16.0888 28.3746 -2.9019
370 22.5615 25.9609 0.42845
371 23.5877 23.571 -0.64329
372 27.9459 31.1175 0.333724
373 6.33449 12.0543 -4.08672
374 16.1122 18.0965 -0.610939
375 13.1432 7.21436 -2.04068
376 3.08199 31.2081 0.119559
377 4.1876 12.6536 -2.10026
378 11.9887 3.26967 1.48161
379 28.0646 2.97633 2.30953
380 2.56507 23.1228 -2.44828
381 10.547 30.705 1.78085
382 34.4227 20.071 -0.969692
383 14.1904 34.7456 1.14532
384 16.3461 1.33017 -0.909195
385 24.6051 17.117 -3.87541
386 19.4241 9.73288 3.89216
387 13.409 3.0802 -0.334757
388 27.6019 22.9765 -1.45461
389 10.6214 37.9911 2.38314
390 27.6229 23.9366 -0.594527
391 15.6023 17.6096 -2.18161
392 20.052 23.205 0.754
393 24.4152 15.4691 -0.283296
394 39.6124 38.8362 -0.665296
395 33.4964 12.8889 4.08143
396 2.75479 2.45949 -3.26988
397 3.27 36.6153 4.33917
398 0.910174 24.0268 -2.86931
399 37.7612 15.1414 -2.20954
400 1.97872 1.25295 -3.59781
401 25.4621 39.7385 -4.2876
402 35.8795 8.82733 -0.459199
403 0.336032 21.4652 2.00935
404 35.4886 29.2466 0.439412
405 1.09624 24.2265 -4.20557
406 27.174 1.21212 3.73091
407 33.1226 0.348231 2.77968
408 7.00128 16.1719 -0.469693
409 10.8826 9.86436 2.08232
410 28.1056 16.5871 -2.30678
411 17.0493 26.9144 -3.6061
412 0.4473 9.23733 4.12195
413 15.2905 12.8338 2.75579
414 4.66505 19.1732 2.85878
415 16.2001 29.0699 -2.79119
416 25.8416 38.2832 -1.5616
417 7.97646 38.9302 3.2129
418 30.6479 25.5172 -3.34934
419 26.0617 16.7858 -4.34053
420 17.1215 35.1442 1.98542
421 2.43591 17.543 0.177427
422 16.3343 9.15875 1.64751
423 24.4652 10.1233 1.50196
424 21.2924 23.855 1.82385
425 20.7417 1.8403 0.905466
426 4.7122 18.6679 -0.818659
427 18.0447 18.4688 -0.0837362
428 34.702 7.94825 1.68727
429 0.742805 9.02347 3.95222
430 24.0089 16.065 1.96043
431 5.53775 11.3279 -2.73121
432 14.6802 36.6962 0.0176991
433 29.9213 18.2431 -2.1482
434 4.74104 29.3471 -1.52819
435 25.284 38.7603 -0.219477
436 4.4732 22.2492 0.350991
437 11.4095 33.7494 -3.22561
438 14.7403 22.8449 1.21602
439 36.9809 22.1685 -2.08818
440 25.1092 0.389977 0.210552
441 4.04428 39.2098 0.526835
442 12.0873 29.7191 -0.334178
443 21.4758 14.2557 -4.04493
444 8.94355 7.9989 -3.76349
445 4.30437 23.1219 1.21242
446 19.9568 12.8835 3.18537
447 4.13239 7.29413 -1.0887
448 33.7349 30.4239 0.332539
449 9.7311 18.4648 1.06822
450 14.6437 14.5916 -4.51086
451 4.96701 6.13923 -0.00675046
452 19.4016 18.274 -0.848243
453 3.27245 36.5276 1.07186
454 2.94627 5.96577 1.92608
455 30.8829 4.6146 2.09671
456 20.0777 6.88234 -0.0281924
457 22.2252 20.3628 -2.07145
458 31.6183 15.1216 -2.68981
459 10.9487 11.9996 1.0202
460 15.9773 39.7648 -1.08098
461 6.16865 33.2702 2.49687
462 28.5083 13.5241 -0.742016
463 3.18517 32.7604 -1.34938
464 29.2349 16.039 0.263064
465 30.7013 14.4328 2.71444
466 36.5356 24.7347 -2.04347
467 0.734886 36.6238 2.63788
468 24.2655 36.9297 1.44116
469 12.4019 23.9148 -3.13351
470 12.9381 20.1585 -2.7771
471 0.946711 14.2433 2.64756
472 9.91195 15.5084 -2.91242
473 20.1711 12.6098 0.288502
474 8.8854 31.2981 1.08123
475 33.5544 8.74637 0.863214
476 18.7124 28.8304 -1.91204
477 10.4918 32.2165 -0.849065
478 30.4282 12.465 -0.606262
479 3.54766 27.8458 0.0652308
480 29.722 14.3689 0.221304
481 20.3179 35.4893 -0.923289
482 3.09964 33.2643 -0.810411
483 4.1169 29.6607 -2.48265
484 12.694 27.2383 -1.87915
485 5.2839 37.8872 2.18099
486 17.4791 26.0621 -2.08866
487 33.3571 25.2009 0.709983
488 39.4119 8.96562 2.44289
489 22.1744 4.65202 -3.4394
490 10.1659 13.1228 1.16001
491 20.8656 11.8879 0.693151
492 23.1734 3.607 0.466201
493 0.414621 23.5406 -0.491287
494 6.70103 16.9454 -1.06056
495 30.7304 10.9704 0.941148
496 36.4937 19.9821 -0.720138
497 4.21073 30.6712 -2.59618
498 23.883 9.95133 0.55239
499 4.90974 14.2744 -2.56511
500 6.49341 14.4193 -1.59768
501 29.9461 15.4411 0.210883
502 7.16304 0.542052 0.148599
503 10.517 18.3104 0.140053
504 36.999 29.8819 2.53751
505 1.46121 8.69524 -2.45098
506 30.5672 24.8717 2.69181
507 25.1813 8.14918 -3.0542
508 38.1088 36.93 1.61221
509 34.8665 0.519511 1.28155
510 33.0117 39.1066 3.74279
511 25.7766 38.7261 -1.84316
512 39.4926 34.94 -2.68313
513 18.0927 29.6428 -2.14686
514 12.8411 28.0503 -3.61685
515 22.0742 13.5407 -1.53372
516 28.8855 0.025688 4.03189
517 11.5213 2.45206 1.50679
518 25.0225 14.3387 0.0323558
519 20.7493 9.71197 0.503826
520 31.199 2.16107 3.5674
521 33.0605 37.3891 1.11614
522 16.5376 22.5118 3.06047
523 7.63892 18.8716 1.40819
524 36.5998 25.5017 -0.792034
525 6.91706 17.3518 -2.35798
526 4.06028 20.6946 -3.22098
527 16.7937 10.4597 0.173285
528 21.0479 6.26909 -2.38245
529 32.1668 39.4401 4.35827
530 5.39088 7.12431 -1.87457
531 30.1091 9.34481 -2.48998
532 17.5249 38.0662 0.140896
533 20.284 24.4225 2.15636
534 18.9729 22.1628 4.02141
535 10.7401 6.27334 -0.0459609
536 33.4056 13.0586 3.32672
537 36.005 15.9761 -0.448961
538 36.695 37.36 1.59571
539 3.60823 2.3921 -1.84734
540 36.8721 19.374 0.557056
541 24.6921 20.9039 2.06721
542 38.1639 29.7161 1.5323
543 8.30939 17.0925 4.31924
544 2.55527 34.8284 -1.70479
545 16.349 26.5307 3.38256
546 38.1925 36.9937 1.72222
547 3.04621 16.7885 2.95987
548 37.7364 2.27827 -1.18106
549 5.25145 25.9669 0.894152
550 5.37261 30.5563 -2.6085
551 19.7369 20.8635 2.54657
552 37.7147 14.0817 0.552434
553 16.6578 27.8694 -3.15235
554 14.0631 13.527 -1.83345
555 28.203 14.1316 0.586322
556 30.1472 20.4698 -1.59953
557 3.98191 29.2707 -3.26953
558 27.7099 1.762 1.24877
559 23.2741 32.5374 1.85099
560 28.8642 15.9032 1.82159
561 13.0447 28.3578 -2.59502
562 5.14988 27.7769 3.51922
563 38.7666 19.8791 -2.66418
564 17.9091 19.5313 1.86354
565 35.3164 15.8935 -2.23932
566 17.1877 39.2814 -0.574544
567 24.0419 12.4362 -0.367223
568 38.0388 9.00843 0.0639848
569 3.9735 19.1032 -2.71937
570 3.93202 20.6773 -4.4458
571 24.1819 12.4918 0.388867
572 1.53467 33.1566 -1.1116
573 15.4026 39.879 1.10228
574 5.20488 21.1253 3.28397
575 23.0984 17.4998 2.88815
576 5.17888 3.18253 0.864595
577 22.9922 33.8534 0.363913
578 2.64417 36.8496 1.46896
579 6.86417 5.52487 -3.44379
580 12.4711 2.65873 1.63227
581 4.65821 30.3148 -0.706632
582 18.9322 25.7597 2.35751
583 22.4709 35.9534 2.60624
584 35.4517 12.8445 1.31761
585 3.78358 12.7781 -1.95282
586 25.4838 20.7128 2.45174
587 32.6292 34.9836 0.240069
588 19.5947 35.4016 -1.02443
589 19.3266 26.0959 -0.5635
590 6.20144 7.16855 2.55568
591 6.70719 27.4486 -2.5246
592 32.2168 30.8553 0.394029
593 16.8948 28.5289 -1.67787
594 11.896 2.98258 0.561935
595 16.915 25.2931 1.44301
596 33.532 39.2833 1.53391
597 24.4225 12.1757 -2.61115
598 31.9056 10.7028 -3.26194
599 18.9752 38.7935 -2.95639
600 3.36634 1.46869 -2.14587
601 22.0876 35.0956 2.16076
602 1.3076 19.1133 2.94008
603 22.3887 17.3885 3.21487
604 38.3521 18.7763 -0.495146
605 6.03245 37.3124 2.96065
606 2.51805 29.5684 -2.48137
607 6.07266 12.1154 1.35446
608 3.59436 34.8873 1.90478
609 24.0585 36.5646 1.99115
610 35.6838 30.3104 1.12003
611 36.7382 19.9131 -1.4994
612 21.3667 7.75203 2.76781
613 26.0311 13.0441 -0.270086
614 6.7917 11.2876 -1.90762
615 27.0128 9.08813 0.643917
616 29.2633 16.3704 -0.628855
617 24.5192 31.8955 1.08705
618 26.2453 0.42899 1.86316
619 22.8522 36.2914 1.27233
620 33.8665 34.1811 -1.07955
621 35.4187 15.6349 0.398519
622 9.82864 31.1223 -0.805576
623 23.4896 9.65983 0.589169
624 39.073 38.6312 -0.098635
625 23.2975 8.25326 0.0526615
626 8.27075 34.2641 -1.34352
627 6.8029 31.739 -2.80604
628 27.0816 8.00185 -0.880471
629 27.2481 3.09006 2.55124
630 30.1003 27.6202 1.79382
631 30.9051 37.1906 3.69574
632 32.8971 31.3862 0.574828
633 30.735 24.5481 1.12355
634 1.08737 33.588 -2.65182
635 25.1448 26.5002 -3.33034
636 25.0822 7.79387 -4.45557
637 37.2799 21.3943 -1.72766
638 38.071 25.2844 -2.32694
639 26.5794 13.461 -1.48106
640 8.74008 13.5623 2.0648
641 22.1298 37.0005 -0.871865
642 12.6006 38.237 2.54169
643 19.0201 29.8821 0.57771
644 16.7012 2.10236 -3.98801
645 5.89293 8.32038 2.8302
646 13.1603 10.2487 -3.57137
647 12.265 16.6771 -0.568291
648 26.2008 0.0311237 -0.768716
649 19.9722 32.7215 -0.186057
650 30.9855 8.63339 -0.486191
651 31.4134 20.3706 -1.33371
652 0.351108 39.0009 0.812932
653 10.4614 0.495185 -4.80182
654 23.6354 11.3718 -2.06331
655 34.137 36.398 0.198367
656 14.0958 13.3428 -3.39374
657 27.1537 7.25038 -1.94881
658 4.90032 26.1352 -2.44507
659 25.689 0.46355 4.01635
660 27.1564 14.9107 -0.324411
661 34.4706 20.3212 0.816047
662 24.4652 35.0933 -1.07283
663 15.4836 11.1931 1.32424
664 29.8835 16.1515 0.799284
665 33.7631 0.15224 1.09179
666 36.3781 4.8367 -2.11629
667 3.28459 32.6145 -3.62232
668 39.4288 37.5559 0.145923
669 11.5665 27.7508 -2.61819
670 36.6548 28.4911 2.65177
671 15.8814 39.9629 1.37156
672 7.74675 22.1022 2.33064
673 37.247 5.27802 -0.156117
674 16.3884 21.2098 -0.0460985
675 27.8875 17.735 -2.3501
676 31.4533 39.1141 1.55423
677 35.7052 7.77663 1.09142
678 25.9386 38.3934 -4.00998
679 21.8957 13.8328 -2.80283
680 8.1341 21.5308 2.09793
681 14.5014 38.6066 1.43614
682 30.5972 2.00418 1.69049
683 30.7842 13.6743 -0.119144
684 3.47505 29.6469 -0.653587
685 20.2374 25.2996 -1.65624
686 2.45183 1.72966 -1.63907
687 26.3438 8.96401 -0.281493
688 0.189274 2.70828 0.211235
689 13.8381 37.0152 -0.810869
690 15.7277 25.6998 0.8933
691 10.1246 31.8498 -0.79997
692 25.2562 14.9509 -1.89246
693 37.9075 19.3857 -1.41721
694 28.537 28.6609 -1.90901
695 12.7914 33.8767 -0.946221
696 34.4113 25.7328 -0.0874196
697 21.1577 9.29626 0.946979
698 37.3766 11.2354 -0.343186
699 23.3367 23.9185 -3.03555
700 4.64226 0.358745 -0.866289
701 30.2274 8.56263 -0.621177
702 6.17898 2.30246 3.12676
703 25.2878 15.8282 -2.14793
704 31.0033 24.7269 3.65569
705 4.87432 1.44348 -1.81999
706 39.4483 37.8583 -1.86692
707 18.3453 10.1725 3.05579
708 25.8167 19.3779 -0.196013
709 22.9896 1.33123 -1.26379
710 17.6749 27.3451 -1.11909
711 33.7783 34.3774 -2.40037
712 27.9736 12.6402 2.07439
713 2.95909 8.02221 -2.05735
714 19.0928 24.1319 2.97019
715 36.9706 0.122469 -2.41922
716 25.209 39.1325 -3.30071
717 16.7587 24.8548 -0.280059
718 11.9415 28.4894 -2.26946
719 11.5044 34.1519 -1.9518
720 20.3386 29.6991 1.18082
721 31.495 38.9919 3.75095
722 5.39495 3.44296 1.18278
723 14.7445 1.90611 1.34699
724 7.98069 5.24301 -2.07614
725 27.5631 9.72719 1.92566
726 11.1041 28.0057 -2.33957
727 2.72154 29.8796 -2.41189
728 39.4444 8.33004 2.98654
729 21.0188 2.72747 0.929347
730 24.0272 17.9191 -2.32527
731 27.8135 16.7767 -1.27774
732 17.3576 34.6496 0.962843
733 37.0126 31.3687 -1.91338
734 25.6251 16.1548 -1.68756
735 16.3758 19.2096 -1.94654
736 20.6436 23.6055 0.83642
737 39.481 31.2879 -2.9764
738 14.4954 4.95731 2.74352
739 11.4643 30.6366 1.8831
740 28.2508 21.8238 1.93011
741 3.18344 31.4255 -0.614286
742 19.9354 13.7171 2.61022
743 18.7028 22.8386 3.50923
744 30.7436 32.2578 3.1264
745 12.8912 23.6638 4.25062
746 18.1853 20.611 3.23364
747 15.6209 26.0939 3.93323
748 16.5839 29.8314 -2.46716
749 4.301 4.01057 2.12296
750 8.3533 36.1498 -0.00380463
751 8.97933 36.0716 1.41097
752 1.6785 16.5646 0.198508
753 5.37762 25.9085 -1.90054
754 36.2475 12.4607 -0.860916
755 24.2395 9.1007 -0.510598
756 28.3644 8.04635 -0.527997
757 21.5599 18.771 -1.16902
758 34.6796 33.0627 0.684393
759 7.68556 30.1721 3.59136
760 31.3395 34.6766 1.79986
761 18.2087 11.6704 2.45295
762 21.0098 28.8077 0.660119
763 20.694 7.60715 -1.09929
764 24.2799 8.83224 -1.37308
765 25.3183 21.13 1.48203
766 11.4916 17.0954 -0.156027
767 34.6582 13.7367 -0.483476
768 6.05293 8.83252 3.32466
769 23.7758 31.5625 -0.347052
770 10.4507 23.7725 1.09381
771 1.52414 19.5385 4.12202
772 15.7432 30.9028 0.543724
773 31.4291 32.2052 -0.323776
774 1.47748 1.57362 -3.48141
775 21.7348 15.3115 -4.02222
776 5.89268 21.0994 1.93746
777 36.4036 17.3162 -2.48968
778 24.6597 23.6959 2.71237
779 28.281 35.9866 -1.41714
780 39.6277 3.10966 -0.698848
781 31.5381 38.5118 1.76507
782 11.5959 2.75805 -0.715922
783 20.2134 10.7426 1.59607
784 28.7041 38.7855 4.38351
785 22.4702 25.4018 -1.33577
786 6.7398 25.0918 1.38144
787 28.2465 6.87165 -3.88276
788 0.468735 29.0822 -2.88203
789 36.8267 15.5022 -2.57689
790 7.26134 34.0748 -0.168902
791 22.992 16.2937 -4.37421
792 3.77753 29.8553 -2.28541
793 16.7508 38.6681 0.440576
794 19.73 19.3089 -2.60864
795 9.55474 14.9463 -1.47209
796 16.9807 24.6008 1.54929
797 5.12896 33.5564 -1.40684
798 25.0511 7.85941 -2.65068
799 19.8664 33.2612 0.704541
800 34.2663 8.3229 0.396224
801 24.9606 11.26 -3.5158
802 35.1948 10.8186 -0.735285
803 7.9622 36.4508 2.04988
804 39.932 14.4087 0.343036
805 34.509 23.1981 -2.44437
806 7.67685 19.4185 2.01944
807 32.2393 3.03923 0.804415
808 27.9879 26.2425 -2.33287
809 12.2939 13.9862 -0.169522
810 15.5629 0.00219871 0.44711
811 8.87588 26.2946 -1.04306
812 12.8067 37.2464 -0.191177
813 34.5685 2.95477 -2.37606
814 27.909 30.9007 -2.40327
815 28.2477 16.8827 0.149936
816 7.86754 30.8764 0.979428
817 11.2312 32.3241 0.0798826
818 11.2748 10.1131 1.49543
819 26.8074 0.120495 1.41719
820 39.7572 38.968 -0.542604
821 15.1418 11.1994 -0.203876
822 8.37745 8.95521 3.0858
823 1.05045 2.21533 3.77711
824 36.7974 10.5309 -1.1624
825 34.7906 27.5359 -3.82286
826 6.52149 12.4121 2.46776
827 34.8679 12.8396 3.71527
828 23.7623 8.72146 1.33276
829 13.239 39.0652 0.338829
830 14.4413 24.9488 -2.6282
831 13.0415 35.77 -1.14258
832 35.0141 25.4963 -2.38295
833 15.9801 24.8096 0.340291
834 17.7525 2.9825 1.63967
835 4.13145 33.2734 -0.784211
836 14.6544 38.4998 1.18312
837 38.0714 30.8441 -1.93396
838 29.4733 8.0193 -3.0341
839 36.0569 23.7868 -0.122214
840 24.641 20.3985 0.474151
841 27.8237 0.51583 3.85852
842 23.494 34.7317 -0.302189
843 13.5995 1.81349 -2.41795
844 9.05307 14.4925 -4.10719
845 2.90829 29.5249 -1.70834
846 15.4722 35.6458 1.56605
847 2.60163 23.8189 -4.0111
848 24.5139 11.7351 -1.50731
849 6.84669 19.6795 1.22499
850 0.915757 38.8782 -0.526557
851 33.1567 38.5231 3.64637
852 27.8682 28.1518 1.05365
853 33.7923 27.7985 3.71519
854 1.71552 34.8693 -3.42065
855 15.2656 0.727584 1.16892
856 19.6915 29.2226 2.00855
857 6.85819 17.5187 -2.23175
858 36.8006 25.8201 -4.01459
859 16.8901 0.393027 -1.14979
860 26.6888 21.9953 0.696744
861 1.57161 18.094 -1.75029
862 1.60794 36.6128 0.658786
863 16.2049 21.7834 3.02406
864 26.2021 13.4468 -0.279932
865 27.0546 24.1764 -0.0203435
866 28.2781 0.546087 2.85498
867 12.1569 0.45959 0.239788
868 35.0777 22.768 -2.81569
869 32.7343 13.4526 -0.0620768
870 5.77302 39.2007 -3.64755
871 20.1865 21.665 0.580399
872 33.7927 20.8931 0.0774307
873 15.1046 14.953 -3.44222
874 36.0254 6.43242 1.07758
875 3.50348 8.30967 -2.98637
876 39.9494 4.91697 -1.0822
877 36.6477 38.7234 2.64278
878 2.60528 1.46895 4.76451
879 4.19261 35.6472 0.179873
880 0.672653 22.4633 0.609158
881 12.0753 20.2597 0.300866
882 19.5876 3.89042 -3.76311
883 2.74475 22.2581 -0.955599
884 13.9708 18.2653 0.845251
885 6.63555 13.4242 2.02335
886 12.7334 30.501 -3.48292
887 36.9734 17.8067 -1.07707
888 36.1118 35.7786 -1.63768
889 4.15284 16.1401 1.31796
890 23.6802 14.6268 -0.273621
891 23.6416 16.4971 3.63134
892 31.3274 8.63408 0.821558
893 30.4784 25.9655 -3.21769
894 35.8847 38.1593 1.74372
895 33.4612 17.0419 -2.57339
896 13.7398 1.52646 -0.0275578
897 5.98528 6.43027 0.625976
898 21.0679 14.5844 -4.30515
899 9.06468 30.4501 0.185001
900 16.552 8.52665 -1.40324
901 1.68374 38.7572 0.752741
902 1.64749 31.1066 0.965806
903 3.43884 29.6262 -2.48779
904 17.224 1.74908 -3.88337
905 18.6797 28.5679 2.43755
906 24.9959 23.3104 3.81409
907 27.7123 25.5256 -3.10289
908 31.3787 38.2391 0.910443
909 20.6137 7.20503 3.08662
910 30.8126 14.0732 2.56741
911 29.9929 23.3699 0.919262
912 19.5418 22.8423 3.28273
913 2.97512 22.8457 -2.5002
914 9.36197 24.6532 -0.198008
915 32.1844 38.0938 2.73872
916 24.5315 21.1737 1.39081
917 4.62154 30.4346 0.553611
918 0.693875 37.8379 -1.30111
919 29.3936 15.5659 0.0912899
920 3.78409 21.1711 3.88738
921 36.1514 21.3437 3.08774
922 21.5841 13.3215 -2.13054
923 8.44052 26.4031 0.172052
924 25.5139 38.4041 -1.17368
925 19.003 4.33886 -3.4847
926 23.8123 0.290486 0.143207
927 5.92369 32.4153 2.95036
928 36.1571 39.8589 -0.54174
929 39.4584 33.533 -3.35524
930 17.1164 8.64133 0.992386
931 21.4746 15.8451 -3.85126
932 12.7652 28.0015 -1.6275
933 13.1812 6.90979 -2.11575
934 26.6425 27.7155 2.55191
935 1.65886 2.89321 1.86205
936 4.02646 24.274 -2.84811
937 7.36005 38.877 2.11
938 18.6829 23.1323 4.06557
939 24.1789 9.52887 -0.989744
940 15.1126 23.5951 0.677198
941 23.3366 22.1126 2.73291
942 3.34621 12.5898 -1.8989
943 11.0557 2.84972 -0.311533
944 38.7224 24.2011 -0.234079
945 7.87696 0.342786 0.100729
946 19.5071 21.9899 0.660482
947 25.8318 6.6218 2.26313
948 9.34289 32.4287 0.205152
949 9.5546 6.69183 -0.208749
950 32.4397 26.101 3.28048
951 21.7586 10.0949 1.22539
952 15.8771 13.9987 -1.43556
953 37.4299 9.15516 2.19379
954 1.75893 36.6565 -0.252376
955 0.0704387 12.564 2.76287
956 35.4789 6.34415 0.666979
957 31.0752 12.7425 -0.195919
958 4.21416 30.1609 -2.08541
959 25.3019 29.9801 0.856187
960 11.2639 3.7057 -0.407359
961 1.00881 33.4702 -3.75199
962 12.9513 34.4458 -0.738472
963 12.9703 25.1091 -1.5791
964 6.41134 12.7109 1.06097
965 38.6958 30.1321 -2.07027
966 17.0018 22.4332 0.669948
967 26.8785 36.2411 -3.84166
968 34.0465 29.4361 3.44851
969 12.0316 39.8705 0.773935
970 26.8534 39.9422 3.21467
971 39.984 9.0645 -4.28259
972 5.73994 22.6819 0.772078
973 9.77983 19.0068 0.931268
974 28.4196 16.0561 -0.836112
975 11.8456 28.7644 0.559619
976 7.58637 3.146 -0.305539
977 7.90367 2.15425 -3.14481
978 17.0837 24.4501 1.07434
979 4.07625 35.0145 0.37667
980 0.327752 17.1031 1.14844
981 2.82495 5.23162 1.98046
982 4.44309 2.84566 -0.820952
983 23.4051 14.229 -0.406538
984 8.79594 32.7069 -0.421132
985 4.9111 23.2436 0.472006
986 27.7032 17.1132 -0.824105
987 12.338 3.84124 1.32518
988 0.384719 38.3273 -0.0431398
989 16.3055 25.5013 3.3012
990 28.3049 22.6709 -0.596442
991 16.2092 24.2077 1.066
992 39.5296 15.0622 -0.0238442
993 7.95754 20.6906 -2.34399
994 31.2344 23.4742 -0.30922
995 8.17486 21.3799 3.51744
996 33.732 16.1582 -2.36663
997 37.9973 9.95227 1.2256
998 36.9353 1.31674 -3.00153
999 31.0154 30.9454 -1.88874
