1000
Particles
0 2.63288 33.2907 -3.01591
1 37.8325 22.9471 3.14337
2 17.6936 0.418143 0.424139
3 9.4638 35.238 -3.18503
4 14.6176 22.3319 -2.41862
5 18.9886 9.97447 1.04941
6 28.682 4.27844 0.286393
7 38.4516 21.5603 2.46902
8 10.3486 24.8024 -0.747866
9 33.6967 21.5499 0.150609
10 25.4926 39.0907 0.426703
11 0.0348261 31.2863 -3.94679
12 35.9669 29.7189 2.03916
13 5.07871 6.18026 -2.39696
14 29.4523 28.0389 1.98278
15 16.5067 26.5752 2.6728
16 24.9042 32.7776 1.40444
17 32.9582 21.7154 0.328647
18 34.3255 8.50194 2.35667
19 15.5754 21.9349 -3.7716
20 5.00475 9.20565 2.26331
21 0.623913 4.90895 0.0321549
22 6.43761 9.16635 -3.05596
23 34.8215 18.2605 -2.60547
24 36.6527 6.14825 3.6391
25 0.158376 30.8381 -3.90147
26 15.9066 31.6582 -0.617145
27 14.2896 11.9594 -3.98582
28 4.82649 32.5583 -0.409809
29 31.2209 0.569563 -4.2796
30 15.3966 19.6205 4.25232
31 8.99744 16.6196 -0.285052
32 20.5768 3.27713 -1.57309
33 8.14457 36.6765 -1.55763
34 28.1301 19.8963 -0.640379
35 26.9071 6.55488 0.318613
36 14.3474 0.362071 -2.24837
37 36.072 25.8882 -3.08465
38 30.5682 0.948035 -3.69033
39 34.9289 18.1328 0.226005
40 0.0824592 32.5506 -1.44027
41 13.7945 12.3526 -1.97101
42 37.6744 19.816 -1.78615
43 26.3576 29.2359 -1.64832
44 16.0698 27.4397 3.71687
45 4.29756 29.8225 1.111
46 1.28853 6.37712 -2.86503
47 31.9007 8.83452 0.569844
48 5.14069 33.4246 0.590921
49 3.20783 34.407 3.37162
50 37.6783 37.4113 -0.411357
51 21.7566 35.5606 -0.887896
52 29.2554 8.67565 -0.643365
53 9.5946 6.30888 -1.75828
54 24.0637 25.4598 -2.43529
55 3.4734 13.734 -1.06079
56 19.1516 9.87022 -0.601925
57 7.32913 37.2531 1.24527
58 38.6447 24.2158 4.52226
59 7.0446 35.1029 -1.60444
60 7.97666 23.9964 -0.0190354
61 13.7696 33.8976 -2.18111
62 37.2415 0.940014 -1.30094
63 1.93043 16.8068 -3.87712
64 1.56464 27.0582 4.05679
65 3.52133 4.67731 3.99756
66 8.31902 22.1559 2.32226
67 25.1521 23.6947 -0.980492
68 9.50009 4.08694 -4.03301
69 15.5754 6.08578 -2.80096
70 8.79865 1.48726 -1.40923
71 21.505 13.4954 0.95287
72 5.82467 11.8987 2.24234
73 22.2554 23.7152 -1.01387
74 11.8058 7.69487 0.175366
75 0.442302 35.1581 -3.96022
76 23.4546 4.33642 -0.430237
77 9.10906 25.9638 2.13901
78 6.26174 34.9313 0.970608
79 39.0268 4.40987 0.536117
80 28.8678 9.03141 -2.28523
81 4.3692 34.7047 0.440409
82 13.9757 15.1877 2.86231
83 15.1849 31.8644 2.62323
84 23.929 14.5863 3.33898
85 2.99219 18.9294 -3.164
86 21.9447 9.2776 -1.99545
87 25.4451 34.7018 3.58874
88 2.6702 39.818 1.08966
89 3.41884 1.9762 0.0645454
90 0.0868196 38.7898 1.02312
91 21.5828 16.9599 -0.407501
92 14.8643 22.8103 0.182035
93 7.83995 2.74468 -2.1618
94 19.7841 24.7922 0.612754
95 19.2723 2.582 -1.55257
96 7.22771 37.6895 1.58161
97 17.8663 0.87699 1.0321
98 2.15786 22.4672 0.603708
99 9.86637 5.04816 1.44708
100 28.3188 20.8713 -3.91081
101 21.6243 29.122 4.19885
102 16.3503 29.7458 -0.706197
103 10.3448 6.12374 -1.03546
104 24.5408 3.12117 2.72884
105 17.8554 36.3614 -0.066571
106 33.6911 20.7764 -0.086657
107 21.5737 19.1853 -4.31625
108 34.2068 22.7991 1.63894
109 2.8945 29.4798 -0.671573
110 8.3486 2.69665 -2.57482
111 35.8049 29.7469 3.05551
112 29.0545 3.01187 -3.23191
113 36.7628 29.874 -4.50149
114 34.178 24.7541 -0.849585
115 33.5225 21.1331 -0.236826
116 22.7005 30.5517 0.745456
117 29.2888 28.0389 3.47289
118 26.2018 2.64814 1.29108
119 36.9006 14.7418 -0.513561
120 19.4293 23.4111 -0.126486
121 26.3361 12.2215 -1.99853
122 35.3217 23.1363 1.8607
123 8.69154 28.1466 -1.2802
124 10.7669 39.5386 0.467187
125 21.1347 39.0265 -4.23566
126 24.536 29.0392 -3.47651
127 39.2786 5.81702 -0.286319
128 31.8989 4.56972 2.27893
129 4.35499 12.4124 -1.90703
130 25.4701 7.25756 1.69837
131 24.5681 26.0454 -1.94786
132 18.6034 1.7345 -2.10996
133 35.2871 34.9191 -1.45356
134 6.94664 36.1073 -1.44142
135 12.4093 0.720409 -1.98446
136 24.4077 3.85665 2.62836
137 26.4271 31.507 -3.11457
138 6.27729 16.4107 -2.03697
139 15.0301 1.54282 -0.0216102
140 25.4943 33.6627 2.49438
141 32.9815 32.9003 3.00051
142 24.8109 11.7245 -3.29419
143 13.8131 23.5556 0.505409
144 4.9057 34.025 3.89458
145 20.7954 24.824 -2.15018
146 30.304 15.526 1.98675
147 36.7019 0.712196 0.331529
148 35.3367 9.21415 0.425806
149 10.4273 21.8547 -1.41153
150 14.3648 29.6948 -0.969313
151 32.3336 2.86338 -0.647364
152 13.4694 15.7132 -0.584031
153 16.0356 1.35526 -1.61632
154 21.6559 36.8449 -0.890476
155 34.2012 22.3504 -0.136574
156 37.3666 27.0728 -3.96012
157 10.9317 5.99163 -0.933894
158 10.6655 36.3532 -1.12004
159 21.9855 28.1071 0.847321
160 39.6249 17.5077 0.875691
161 7.54857 27.4089 0.124444
162 25.4557 31.791 -2.30907
163 8.55369 9.86323 -2.66266
164 18.9389 6.71026 -1.47036
165 30.9382 8.36268 -0.594897
166 33.3953 8.29117 1.47406
167 7.61431 38.3248 -0.485974
168 34.1215 23.8209 -4.43341
169 1.92335 0.790818 1.8642
170 3.06867 35.4388 -1.1186
171 25.3768 33.9126 1.14974
172 1.51641 18.7371 3.08664
173 23.166 30.7479 1.58348
174 18.7453 3.56504 3.30354
175 3.18934 10.6049 1.39675
176 17.5499 21.3462 -1.78663
177 12.6828 4.25053 -3.37566
178 26.7468 19.63 -0.207956
179 25.8368 7.54717 3.13227
180 15.6038 12.7944 -4.45249
181 3.86405 28.9461 0.0617991
182 16.1195 20.8831 -1.17787
183 2.91592 18.4282 -2.44737
184 36.6847 3.64696 -1.2561
185 6.23373 16.4399 -3.07485
186 15.5498 0.471549 -2.53309
187 8.5706 3.36527 -3.67254
188 21.3078 16.9805 -3.93324
189 8.03166 25.8966 -1.06417
190 22.1848 19.1553 3.76346
191 15.7449 28.9617 1.19777
192 37.6062 39.687 -0.813882
193 26.9693 27.0139 -0.452606
194 19.1854 27.0398 0.0679335
195 5.90605 16.5135 -3.09482
196 29.8177 35.2214 2.06386
197 17.5339 34.3981 -0.590224
198 30.8943 22.7802 3.38286
199 15.392 11.4661 -2.43229
200 34.2448 0.393824 0.284392
201 0.823242 17.8852 2.86382
202 9.74798 21.9549 -3.53816
203 26.8807 12.7931 2.4377
204 28.5981 30.762 4.12728
205 2.55283 31.7459 -4.06765
206 15.0289 4.36518 0.533314
207 34.003 33.7059 0.271019
208 37.7081 23.1474 -0.0399091
209 12.0664 37.988 -0.122065
210 11.2532 24.0212 -0.647993
211 34.1084 14.9589 -1.01778
212 35.6883 34.9369 -0.866459
213 37.4328 3.89701 0.014237
214 28.8885 20.2601 -2.58955
215 0.065044 20.9337 0.977835
216 31.9057 25.7024 -2.08988
217 5.39296 9.24707 2.3221
218 16.8469 15.3345 -2.08899
219 21.1474 38.4546 -1.99579
220 8.39288 1.58547 -1.15426
221 21.3458 13.7744 2.64364
222 1.40529 33.5194 2.95674
223 19.4222 21.8191 0.0314531
224 5.30829 28.1908 -0.0794268
225 39.0445 9.805 0.693382
226 33.4523 14.4291 -2.48131
227 5.32691 12.7121 -1.5686
228 15.3049 5.48815 -2.41556
229 39.0103 20.6693 1.96148
230 29.2558 6.74194 -1.13872
231 17.4461 31.181 -2.28629
232 33.1788 39.6326 1.10297
233 37.9991 8.7847 1.1444
234 3.63419 4.08248 4.17687
235 0.316489 7.17205 1.26188
236 15.7443 1.61441 0.416343
237 11.484 25.1939 0.296665
238 11.3362 12.6971 -2.59844
239 34.0689 11.5218 -0.182559
240 14.7979 16.9764 -0.983766
241 3.9851 28.8024 -0.883959
242 37.0882 1.44068 -0.867347
243 30.7146 0.788144 -1.52623
244 0.0497966 17.04 -3.5296
245 20.9988 4.2908 -0.370124
246 26.2405 5.96181 -0.908327
247 4.19187 37.2722 -1.27751
248 4.29722 29.9848 1.53354
249 10.8427 38.7166 -1.62718
250 17.7078 2.17902 -2.37701
251 37.6583 1.45043 -2.32905
252 33.9756 14.3651 -3.33998
253 33.5425 14.7352 -3.36508
254 4.04188 35.4733 -0.430288
255 24.5022 20.5148 4.14425
256 3.62324 5.51323 2.67689
257 33.7631 21.422 -0.861356
258 23.5132 39.8125 2.23961
259 39.0752 12.6865 -4.33066
260 2.60323 7.11692 -1.43822
261 34.8531 28.3395 -2.08948
262 31.048 31.2216 1.46661
263 4.06039 2.29658 -1.82106
264 11.762 24.8005 -0.256218
265 38.5819 31.1845 0.393683
266 38.5047 12.2572 -0.757703
267 3.78953 29.394 0.833027
268 16.2923 18.1459 1.29499
269 24.9302 33.3668 3.05202
270 2.57239 11.8206 -0.520033
271 31.1162 5.21947 1.99178
272 17.6448 15.1935 -3.74054
273 30.7415 36.9798 1.53764
274 9.74842 3.3436 -0.173281
275 11.7805 23.6254 0.852499
276 32.5654 20.9483 -1.21244
277 3.2911 17.8916 -1.47758
278 2.55654 14.4185 -1.19011
279 14.7037 30.7613 1.11323
280 6.91363 28.0538 -1.91027
281 25.0851 19.1154 0.834315
282 8.3102 17.6642 -1.1787
283 19.5443 33.0846 2.25759
284 29.175 20.7464 -1.81086
285 38.6023 39.2365 2.41929
286 34.4962 5.96677 2.04875
287 19.9759 15.0161 0.391851
288 1.19299 1.96049 0.120651
289 13.385 33.5654 -3.25073
290 30.3584 24.3479 -3.56212
291 11.845 0.669798 -2.23226
292 33.8567 21.0118 1.40978
293 9.33519 5.22076 -1.07776
294 24.0991 26.7785 -1.80174
295 25.3477 14.8635 1.11437
296 24.0581 22.1166 -3.5874
297 2.67922 29.5287 1.37261
298 21.8844 38.327 -1.19137
299 15.7742 28.0015 2.74169
300 22.3614 10.5201 -2.85759
301 25.3598 23.0147 0.538396
302 18.3161 37.6316 1.10618
303 0.288484 16.8963 -1.04394
304 3.22549 34.1311 4.00564
305 39.3159 17.1882 0.830466
306 19.6021 12.965 1.59923
307 11.554 17.4137 -4.35258
308 4.2779 28.4449 -1.70494
309 15.626 31.9948 1.2026
310 14.7708 21.4379 -2.37129
311 22.789 12.9797 -2.53482
312 37.2047 36.9892 -0.198468
313 23.4583 1.1069 -3.18031
314 13.3724 6.20195 0.656968
315 3.71849 38.9173 -0.346034
316 37.0151 31.1512 -0.139558
317 21.8862 28.3385 1.48966
318 30.1284 31.5419 2.07257
319 4.86836 6.06359 -1.09791
320 7.86049 21.9325 -0.606694
321 25.8637 2.66944 2.00872
322 0.28045 34.5844 4.00909
323 5.43236 35.6976 -1.69447
324 31.4668 21.0031 -2.37589
325 11.3193 31.8674 -0.862214
326 6.63409 16.5714 -2.3234
327 15.4356 34.9106 -0.51189
328 19.1577 31.3594 3.10526
329 10.7081 23.7676 1.118
330 37.8681 15.0405 3.39597
331 20.5591 38.2664 3.0466
332 33.4776 9.06061 4.1677
333 32.5357 24.6719 -1.88739
334 17.7486 4.12664 -3.47674
335 3.39531 2.57695 -2.52653
336 17.771 37.7657 2.77619
337 8.53025 27.1168 -1.77627
338 14.8499 21.368 -2.08793
339 37.7584 31.074 3.57272
340 7.96521 23.4227 -0.667802
341 33.5683 25.0848 -1.87281
342 11.7669 15.9748 -1.21058
343 8.52183 17.6582 2.87017
344 12.1025 39.705 1.7696
345 32.2525 28.3009 -0.623171
346 16.4506 11.2159 1.15115
347 39.4214 39.9945 2.13491
348 12.1574 25.084 1.0324
349 17.8682 26.6 0.653959
350 6.00069 16.4456 -1.85461
351 2.76451 22.8183 3.35684
352 28.503 26.7227 -1.261
353 23.4235 12.132 3.35294
354 4.17405 38.8481 -1.96168
355 19.2528 24.3126 2.62107
356 37.086 36.9879 0.551552
357 9.67924 22.3103 -1.20313
358 16.1976 12.2582 -3.53495
359 28.7233 24.7311 1.51468
360 32.9085 22.649 0.548437
361 31.124 31.6804 0.723773
362 39.6217 23.2464 3.29817
363 38.8669 10.4894 2.80615
364 8.19612 8.39308 -1.36772
365 7.80984 35.2488 3.18718
366 12.3318 1.54455 -2.83361
367 13.3175 36.5119 0.976844
368 26.0369 12.1326 -1.38893
369 12.8523 1.70378 -3.55311
370 20.7424 30.6138 1.34388
371 27.4165 16.698 -2.11107
372 16.7291 27.7243 -4.67429
373 17.3311 15.4136 -1.18072
374 9.98909 15.8509 3.60868
375 11.3273 13.1987 -3.57509
376 38.493 29.9275 2.73138
377 2.37017 6.82599 -2.28235
378 12.3606 5.19528 -1.13118
379 38.815 30.1565 3.46787
380 33.7862 25.1087 -0.35458
381 16.2825 37.9238 0.44807
382 5.83016 16.2621 -1.94936
383 19.8757 32.4911 2.66417
384 30.8506 11.4716 3.07832
385 20.1078 24.1127 0.68297
386 26.9174 7.51143 -0.310651
387 34.8638 38.3994 -2.03612
388 29.736 30.1999 2.38445
389 9.62088 6.16029 -1.34441
390 33.7175 19.0144 4.19194
391 11.488 17.393 -2.3123
392 20.5899 21.2667 -1.55571
393 18.2658 1.6077 -2.60341
394 25.0729 2.12152 3.04413
395 34.7958 12.3891 -0.571619
396 6.51359 35.6847 0.0541989
397 9.81585 9.59498 2.08884
398 32.0406 31.8995 1.05945
399 34.2432 17.6029 1.25391
400 4.02303 2.99819 -2.29295
401 28.9563 25.9052 -0.770901
402 36.4401 8.16789 2.35146
403 3.62408 30.0018 -0.973408
404 24.1687 28.6347 -3.72998
405 4.36445 20.4761 0.195748
406 22.3991 5.43671 -2.67816
407 34.7112 8.94367 0.596565
408 4.34235 6.22877 0.159118
409 21.3782 1.56653 0.615956
410 17.9861 26.6996 -0.321763
411 15.8145 29.2284 -0.0191949
412 2.62537 38.5895 -1.66125
413 9.76365 18.2947 0.839168
414 7.41321 9.90433 -1.26098
415 8.94052 28.1059 -0.319074
416 13.7845 37.3471 -1.22436
417 3.62675 35.5507 -2.78305
418 27.3145 24.8631 1.66661
419 26.3398 2.72268 0.0643927
420 23.5596 5.02419 -0.247234
421 7.08352 17.1478 -1.84415
422 9.23942 20.2399 -2.57738
423 34.1239 8.01257 3.52127
424 23.0993 24.6656 0.654064
425 14.0001 4.18724 -0.360976
426 10.1627 22.5335 -3.15495
427 18.0324 27.5329 4.64259
428 5.01179 6.95437 0.167399
429 3.74784 10.2808 0.202665
430 14.9814 15.0012 1.43898
431 7.95009 5.71671 -1.13063
432 19.7114 30.4046 1.73894
433 26.5358 20.7561 2.82342
434 11.2261 24.052 0.270332
435 33.2051 33.022 0.720543
436 3.35334 29.8399 0.840834
437 10.0671 39.3228 0.138073
438 2.93345 29.3078 -0.26251
439 37.5711 13.3644 0.127721
440 20.4466 10.4161 -1.68898
441 7.22753 0.73432 -0.707961
442 3.01775 18.7078 -1.8304
443 25.905 18.1635 2.68009
444 12.5637 23.8239 0.364377
445 9.88878 18.9668 -2.9954
446 15.048 8.95392 2.90795
447 8.80622 2.0891 -3.42453
448 32.6831 27.0761 -1.71874
449 18.4541 19.0586 3.00527
450 0.548668 15.5249 2.96914
451 35.3825 11.4466 1.06898
452 14.3748 16.5811 -1.11494
453 4.16916 23.3812 1.22576
454 38.1666 11.1014 -1.26508
455 31.0094 1.41525 -3.43212
456 10.2167 16.0871 2.84962
457 26.7064 14.3632 0.0614612
458 28.5965 16.3119 3.58284
459 13.276 2.89198 -1.22507
460 5.70586 0.593931 1.60363
461 4.32765 2.91837 -3.53855
462 22.1938 18.8072 3.6439
463 6.58746 35.1929 1.34426
464 30.3669 25.1708 -1.971
465 27.9811 14.8727 -1.02257
466 35.3809 24.2142 2.03465
467 11.6123 36.0107 -1.10447
468 22.2561 30.294 1.4565
469 20.9634 38.2304 2.7063
470 13.395 19.7418 0.296124
471 38.5338 23.037 1.20277
472 14.5979 5.34511 -0.924135
473 10.026 36.3548 -0.883256
474 7.03171 39.0852 1.0422
475 33.8354 9.01087 2.06249
476 9.78427 25.1689 2.25634
477 13.6669 37.1882 -3.32583
478 25.5061 19.6135 1.87857
479 36.0759 30.306 -3.80393
480 32.7877 19.7449 2.79368
481 25.2928 1.66573 1.74426
482 8.81275 33.7841 1.14525
483 7.61081 33.3294 -1.09921
484 20.1514 33.3571 0.941544
485 6.89008 2.57611 -0.723351
486 15.2402 28.8003 2.47168
487 29.9389 26.6018 -1.60392
488 38.7157 5.85098 0.92971
489 25.9452 1.65418 1.99628
490 9.03438 7.06375 -0.767546
491 19.0411 11.1187 1.66685
492 22.1379 39.8123 -1.6281
493 4.38395 28.4478 -0.203964
494 10.1463 11.2943 -4.50274
495 34.6583 8.99732 1.79495
496 21.0487 21.3914 -2.84434
497 6.27851 35.3671 -0.345444
498 18.3197 15.7928 -2.42477
499 14.1781 20.0456 -0.802507
500 2.06002 16.7658 -1.02504
501 34.1168 8.657 2.44417
502 0.18487 4.48875 0.0855157
503 24.7745 24.6915 0.327092
504 38.4806 38.0623 -0.0621375
505 3.06453 9.8778 3.63649
506 25.0207 25.6935 -0.621721
507 19.8874 9.47156 -2.2385
508 4.00827 30.036 0.430159
509 18.4108 2.06141 -1.38772
510 36.7508 9.82677 4.30874
511 24.4444 34.3441 0.704812
512 29.2014 25.3746 -1.47263
513 10.9265 23.7582 -1.16313
514 5.06965 33.7982 1.31989
515 16.2448 15.1524 -2.46865
516 16.2884 38.1071 2.32505
517 16.2298 13.4082 -4.29353
518 4.58213 6.02589 -0.379028
519 24.4139 19.2126 3.35321
520 39.4184 2.03891 2.30728
521 38.3674 31.5721 1.96061
522 25.5328 18.9713 0.949501
523 8.69328 21.3519 0.764999
524 9.95796 25.3617 2.58533
525 5.27915 12.9474 -1.00529
526 10.7669 25.1714 -0.23472
527 13.3542 3.87204 -1.08403
528 19.9667 2.1871 -2.47934
529 37.7067 0.22056 -1.21635
530 28.7571 11.5431 -3.65449
531 27.3016 3.65747 -1.03124
532 19.3848 39.1706 -2.22101
533 9.97849 34.709 -1.1401
534 11.4969 22.7758 -0.305743
535 0.12221 2.12536 3.76758
536 32.7494 11.7025 1.03677
537 3.06246 28.6764 -1.25127
538 4.3155 0.984089 -0.60499
539 10.7779 5.24291 1.51242
540 30.9996 18.6083 -1.62763
541 21.1236 19.8807 -3.09632
542 33.7665 32.5265 3.61487
543 9.60125 18.1398 1.65909
544 36.0631 36.3794 0.693197
545 10.3845 29.5304 2.83023
546 0.276073 39.8704 3.35542
547 2.09188 12.114 -0.449837
548 36.0455 33.6506 0.387244
549 1.37792 27.4115 1.10758
550 4.31032 25.782 1.32841
551 28.5961 10.7875 -4.19363
552 3.49681 39.6465 -0.317102
553 15.0055 32.2065 -0.3144
554 18.6915 10.0157 1.01616
555 38.8873 9.85842 1.5897
556 37.0938 23.2126 1.50738
557 4.47309 18.3691 -0.373251
558 34.3921 6.619 2.10859
559 28.1046 27.1344 -0.0859719
560 27.9945 24.6102 1.67449
561 1.31311 25.9874 2.70597
562 10.8335 25.0435 2.66187
563 8.05833 9.76506 0.700542
564 15.3792 27.3379 3.83927
565 3.15541 20.9352 -3.9674
566 16.3857 37.1044 3.13736
567 28.8009 14.4166 -1.41274
568 39.7414 4.78794 0.33336
569 32.8692 24.5115 -2.8045
570 2.85882 28.4996 -0.248073
571 12.601 15.7038 -0.146718
572 34.4712 31.0696 1.89319
573 26.4749 31.3768 -3.43676
574 10.2863 23.7041 -0.555666
575 18.7485 15.6234 -2.1354
576 2.4072 1.13351 2.08099
577 20.264 30.8383 1.03248
578 8.52641 38.1252 -1.97572
579 12.1826 13.0007 -3.7449
580 8.29717 29.2178 0.247674
581 8.6107 28.9321 -1.01434
582 28.2241 16.8558 -3.80522
583 20.7704 35.8381 -1.51294
584 38.51 9.49912 2.93191
585 0.0673593 26.2585 -2.71885
586 18.8115 19.7974 1.10184
587 28.5888 34.5903 2.60128
588 20.9189 38.135 3.82054
589 21.5149 16.0846 -2.16394
590 4.02516 7.57018 -0.63414
591 3.31023 29.2521 -2.00042
592 31.3881 24.8504 -2.77626
593 10.2946 23.0051 -0.601945
594 3.81507 4.78311 1.9974
595 34.1381 20.9448 -0.734789
596 37.1961 38.508 -1.23935
597 29.1913 11.182 -4.46735
598 35.068 10.8865 0.421428
599 5.94849 33.2168 3.86995
600 10.6075 38.4309 -0.65422
601 19.6021 32.5775 2.03755
602 14.6033 20.8597 0.175651
603 15.0257 3.51713 0.244454
604 29.6872 30.7604 1.6287
605 10.3315 31.6756 2.6923
606 36.9666 26.5895 -2.59518
607 38.1241 10.0541 2.95318
608 4.06906 5.50456 2.92884
609 21.3029 39.5275 -3.18685
610 32.5231 23.6766 -0.404297
611 3.97996 25.719 3.14835
612 21.8918 9.62776 -1.35624
613 20.2774 12.6762 0.892124
614 37.9229 1.56962 0.031983
615 35.7514 8.60216 -0.0608668
616 32.8668 22.0523 0.844975
617 23.4635 26.7804 -3.54183
618 4.28812 2.00411 -1.3481
619 21.3048 33.4412 -2.25883
620 37.2471 0.170394 -2.82025
621 23.2172 18.6291 1.36913
622 22.5128 3.99716 0.620767
623 20.1022 10.5515 -3.27821
624 30.3641 5.46033 -0.309841
625 15.8805 10.5776 1.01342
626 4.50032 36.3617 0.165678
627 4.93545 34.3005 0.775789
628 18.1786 2.35775 -0.722641
629 27.8259 3.50085 -0.830041
630 0.921498 29.789 3.52373
631 27.117 0.795009 -2.06331
632 33.2205 30.5006 -4.35412
633 4.30154 25.946 -0.163929
634 0.737654 5.50462 3.20207
635 25.3898 25.9149 -1.59246
636 24.7846 11.2729 -3.18301
637 4.62658 32.0309 -1.37612
638 31.1922 25.7248 0.70286
639 34.4228 13.8261 -0.8745
640 9.57497 22.5288 -3.19377
641 29.9911 5.54346 -1.65713
642 13.3425 33.7086 -4.16234
643 31.2072 31.0779 1.99246
644 9.9425 4.30315 -2.08327
645 6.60179 6.52999 -1.57179
646 13.2647 5.47719 -1.98941
647 4.32672 13.2859 -2.3018
648 33.3056 34.8348 -0.391264
649 16.1876 19.2738 0.982282
650 28.046 19.4949 0.504108
651 25.4123 24.3371 1.84555
652 8.32891 35.5292 0.769412
653 5.91962 39.6367 0.0780154
654 21.9092 16.2142 -4.03434
655 38.7353 32.6938 -2.12896
656 5.58388 13.9878 2.21638
657 23.1704 5.46991 -2.31455
658 8.65147 27.8596 -0.335262
659 3.07265 0.11749 -0.597341
660 23.6495 13.37 -1.21221
661 1.7352 19.5295 3.72223
662 38.6823 33.6778 0.246946
663 10.0607 21.2184 -1.44365
664 31.8176 16.4336 -3.36813
665 33.7677 35.4724 -2.17254
666 22.2841 3.32272 2.50335
667 0.296623 33.241 1.24494
668 8.31321 37.8217 -1.84206
669 14.0933 33.392 -4.0253
670 35.8642 32.3713 3.409
671 31.5301 4.78635 3.03271
672 17.0134 28.727 -1.49811
673 39.4702 2.73467 -1.20805
674 4.39824 19.703 0.517291
675 32.4362 16.6265 -2.2712
676 36.9269 39.4361 -2.03217
677 37.697 19.939 -3.03758
678 24.7771 3.20279 1.16501
679 22.8903 18.1581 1.05168
680 19.3372 33.0781 2.12054
681 5.95685 3.88656 -0.702382
682 34.8285 39.3244 -0.13092
683 23.685 25.4474 0.961987
684 4.24783 2.02294 0.827662
685 25.0208 29.3848 -0.428744
686 2.11069 0.578905 -0.616479
687 23.1459 5.57877 -1.71834
688 27.1226 4.103 -1.1342
689 9.32907 2.31435 -0.968968
690 18.7188 30.8442 3.74307
691 17.5443 28.8145 -0.811447
692 31.8476 16.5377 -0.599214
693 2.66666 18.3002 -2.78131
694 24.946 21.4096 -1.41494
695 15.1758 27.1431 4.50648
696 18.5994 26.3288 0.91508
697 30.4706 4.05639 1.51312
698 34.196 13.77 -2.71405
699 31.7587 22.908 2.60467
700 0.470237 3.23624 -0.473184
701 17.005 3.71853 -2.83438
702 1.15548 35.2686 -1.32756
703 39.3028 11.0242 1.59678
704 27.1331 34.5478 3.3807
705 12.3304 35.4898 -1.56218
706 0.414193 31.1634 -3.09869
707 14.1822 3.83597 -2.9026
708 35.8246 19.2419 -0.925038
709 20.761 13.2532 4.19255
710 17.3375 38.7705 1.18078
711 35.8746 25.9196 -2.12274
712 33.3339 22.4537 1.20004
713 34.6469 17.1952 -2.12198
714 24.2424 26.9066 -0.586427
715 37.1406 38.5332 1.23034
716 15.3456 29.0893 -1.56092
717 15.0805 29.5296 -0.825215
718 8.01758 28.0692 -0.679281
719 9.40962 35.2987 1.62456
720 9.46262 25.8277 0.120022
721 23.1795 38.9869 3.65766
722 2.88944 39.817 -1.28053
723 7.52978 3.52962 -3.67767
724 20.0638 39.3459 -1.63116
725 25.4448 37.4317 1.11655
726 4.51525 27.6072 -1.51881
727 7.55159 27.4459 -2.682
728 38.9771 3.70199 -1.06906
729 20.0888 0.345213 -0.476745
730 19.7788 12.6946 2.1099
731 32.8237 21.6183 -0.506873
732 28.5679 31.7598 2.39107
733 32.0685 29.4093 1.57602
734 30.1644 5.66697 -0.840122
735 21.683 28.989 4.07616
736 17.7918 31.1068 -0.464202
737 0.0511703 30.8222 -2.78741
738 21.1646 9.93379 -0.262108
739 10.9046 23.2773 -0.877254
740 34.4404 25.0568 -1.02956
741 8.78856 29.4207 -1.48104
742 19.2439 15.4782 1.6149
743 24.2626 23.6527 0.121555
744 31.5196 19.0075 -0.858115
745 11.9122 39.5112 0.362349
746 15.2889 13.1092 -2.91181
747 19.6077 26.2861 1.45045
748 20.2317 31.4921 2.29001
749 3.59299 0.101931 -1.72618
750 5.17767 36.3674 0.316007
751 3.86013 37.1023 -1.17392
752 7.59917 21.0628 -1.89795
753 15.2885 21.2454 -2.62061
754 28.1105 23.7283 2.85801
755 26.0502 6.45633 -1.05265
756 2.87307 3.74899 0.793766
757 11.1668 30.5797 2.67321
758 35.63 19.143 -2.12594
759 8.09527 32.3244 3.37101
760 30.1448 32.1678 2.27345
761 14.7993 20.0079 -0.292559
762 23.1335 24.3662 1.12923
763 5.92091 1.84742 0.210868
764 22.8432 12.3528 -0.432793
765 34.7966 17.5822 -0.207044
766 6.07527 12.1813 2.61195
767 30.6092 4.69284 2.84862
768 6.13197 16.2857 -1.17046
769 15.279 31.0758 -0.628184
770 4.75338 25.7918 1.80905
771 5.35723 18.8509 0.8368
772 14.2943 35.0287 -2.4487
773 32.9551 27.5467 0.0946208
774 38.7259 39.813 -0.107196
775 15.8233 11.1173 2.5383
776 6.87743 16.1531 -2.14137
777 37.264 26.5432 -1.88657
778 34.7359 24.1532 -0.253964
779 15.9252 39.5961 1.32622
780 2.67259 3.84212 0.268894
781 1.15684 35.2122 -1.70774
782 7.26937 10.5823 0.153098
783 11.3245 9.63228 3.04619
784 37.9359 0.0644579 -2.4293
785 20.3289 9.26184 -2.75406
786 4.81215 16.7115 -2.08174
787 31.8299 2.79317 -0.794577
788 1.83077 0.423708 -1.26641
789 35.5341 6.84258 -0.0898891
790 14.0149 29.7839 -0.514168
791 13.9362 21.7929 2.02019
792 13.1072 20.8176 0.866316
793 19.2472 33.2515 1.40531
794 20.0259 30.8951 1.78524
795 39.1996 7.60819 -1.4892
796 20.9173 19.0035 -2.6461
797 0.708365 30.1117 -2.6662
798 27.2818 12.01 1.5091
799 27.3046 6.72994 0.385538
800 35.2276 5.36855 0.16753
801 17.2487 11.9384 -1.86015
802 34.9172 22.9058 3.36749
803 11.4334 39.5422 -0.677228
804 2.98358 22.861 1.58353
805 3.64461 26.3739 2.28707
806 7.78913 29.3962 -2.97293
807 29.4341 16.3767 3.3745
808 19.0922 29.0851 -0.867931
809 29.7669 16.0034 -0.072587
810 14.863 34.6782 -3.41161
811 8.47869 24.2041 3.06819
812 5.46875 6.02766 -1.40673
813 2.20574 7.45057 -2.06596
814 27.215 38.3637 0.455092
815 27.9096 16.2058 -3.56156
816 17.439 2.0466 -2.87841
817 7.6665 37.3307 -1.08348
818 3.13851 10.0007 3.61787
819 30.9939 3.84296 4.08351
820 2.50647 2.0474 -0.0554886
821 13.3504 15.9017 -0.547402
822 6.84953 3.43342 -2.26655
823 23.9884 2.26434 1.99981
824 27.3571 11.999 3.0387
825 1.86234 33.3766 0.318769
826 4.80256 15.3625 -2.41221
827 39.7385 8.54352 -0.361921
828 18.3485 17.5247 3.99985
829 10.3479 35.1467 -1.95213
830 6.95893 16.8905 -1.7411
831 14.9843 0.581031 -1.03308
832 32.3746 4.82242 3.7222
833 8.69217 14.4937 2.01054
834 20.1078 9.23913 -1.21096
835 4.89025 33.8843 2.89614
836 17.5865 32.8913 0.214327
837 29.5828 37.9918 -0.64958
838 19.5358 2.5994 -2.16584
839 4.74184 18.5738 -2.0644
840 22.0978 15.2934 -2.5742
841 27.532 31.5487 2.93289
842 15.1564 29.3005 0.611854
843 18.507 7.03672 -1.70127
844 7.90693 22.6106 -1.3542
845 3.57342 28.0705 -0.356701
846 11.7109 32.0827 -1.49544
847 3.57756 28.8242 0.862897
848 24.9481 25.88 -1.86193
849 21.3032 15.7531 -2.79295
850 32.4763 33.92 -0.604348
851 4.98186 2.67564 -1.12185
852 27.2251 25.2423 -1.59465
853 20.3533 27.0561 -1.97919
854 1.09315 35.3727 -0.426241
855 12.4536 38.0688 1.17621
856 10.1934 39.5368 -0.0372696
857 10.2918 24.0144 0.357597
858 39.2943 27.8311 1.78121
859 15.1605 0.589533 -0.457687
860 36.6596 19.9767 -2.24112
861 0.683798 16.9544 -3.61185
862 6.21804 37.5449 0.000309145
863 13.6378 9.75084 -1.10121
864 20.1839 12.1056 3.57323
865 28.0308 36.0441 -1.55019
866 27.4358 3.33658 -1.98818
867 24.624 25.2827 -3.01065
868 29.7481 26.6509 -1.45006
869 35.3497 16.8008 -3.25254
870 33.4454 3.3709 -1.56481
871 18.228 26.1923 -0.266504
872 31.5873 22.6582 4.27217
873 15.8876 14.4453 -1.73425
874 32.9878 13.7904 -3.28379
875 30.4069 2.18888 0.42438
876 9.84833 19.4917 -0.538643
877 32.9988 11.5379 1.61592
878 1.97109 37.7015 -0.798685
879 3.91838 34.4985 -1.3918
880 33.0849 24.0772 -2.61372
881 10.8037 23.3521 -0.735715
882 29.1063 2.69213 -1.89854
883 26.616 29.2395 -1.38269
884 9.97411 21.9585 -1.90233
885 12.3891 13.0622 -1.82008
886 15.4511 20.0083 1.86639
887 4.49134 24.8513 3.21616
888 28.7646 26.499 1.67653
889 2.98507 6.9237 -2.84708
890 15.4687 16.7439 -0.00581751
891 18.2517 22.8611 0.0571949
892 12.1871 5.89363 0.690988
893 31.4353 25.9542 -0.645343
894 35.9549 28.8441 -2.15689
895 35.6328 9.72948 -1.32467
896 19.2007 2.1276 -0.970293
897 38.8687 15.7191 0.280155
898 17.3333 17.9897 3.56213
899 10.6025 24.3652 1.94713
900 12.5028 0.907908 -1.65544
901 0.193181 34.4667 2.56757
902 3.42678 33.1329 -1.29259
903 6.379 38.674 -1.28023
904 16.4185 38.8871 -0.112799
905 32.9179 38.4427 1.09646
906 20.6547 15.0977 -2.66154
907 8.11364 26.5436 -1.7087
908 33.8791 34.2325 1.4916
909 6.73773 38.6375 -1.51899
910 39.0727 20.8636 1.7787
911 33.3768 29.671 -4.54597
912 24.6582 13.1612 1.17655
913 0.188177 32.7737 1.94042
914 35.79 22.7231 3.03722
915 34.9467 35.8066 -2.11823
916 30.8506 20.4727 -1.02604
917 10.8295 23.744 -0.816975
918 36.7214 8.06113 1.94303
919 33.9449 22.5041 1.74368
920 4.6433 23.491 4.40471
921 25.3309 25.0452 -1.69711
922 24.748 15.7048 1.15219
923 4.09169 29.4334 1.52385
924 28.4983 30.4662 4.1328
925 22.9718 7.97671 -1.10305
926 25.3373 7.32312 2.43281
927 3.70598 27.9108 -1.91085
928 34.6552 4.1933 0.195447
929 7.27792 35.1775 1.1303
930 3.18416 5.62223 1.27808
931 17.8516 15.6749 -2.04417
932 3.10796 24.0029 0.130982
933 13.2064 2.15704 -3.85583
934 28.9596 26.4393 0.875227
935 11.7912 7.28522 2.20269
936 14.8276 21.8158 -3.52665
937 19.4419 1.57331 -2.28156
938 18.4154 19.4996 2.92408
939 13.9668 3.7828 -2.96718
940 11.5991 25.7512 2.3656
941 25.4282 19.5535 0.941297
942 11.2785 20.5663 0.641566
943 13.6386 3.67525 -1.52347
944 6.41061 36.3136 -0.0699793
945 1.22611 2.07336 1.37917
946 18.7104 24.9909 2.78177
947 10.4106 4.50512 1.41176
948 21.6057 4.32038 -0.669834
949 3.96649 11.233 -1.97412
950 4.81809 31.29 -0.99212
951 12.329 9.16811 1.83931
952 11.9808 25.3889 -0.0822368
953 31.3531 23.6822 -1.28381
954 6.39372 1.07847 0.716435
955 3.57156 0.751166 -1.88115
956 28.2408 15.6771 -4.28369
957 33.4015 19.8318 -1.84315
958 1.96575 39.8189 0.556898
959 26.7553 6.18058 0.574496
960 7.88751 34.815 -0.874275
961 0.671055 24.5853 0.374544
962 10.4372 24.3576 -0.618292
963 15.3416 34.3926 -1.43647
964 1.85434 6.18475 -3.16794
965 35.349 29.4506 -4.22869
966 15.7689 15.8074 -3.14752
967 15.4132 0.569165 -1.41882
968 35.7052 21.1201 -0.107911
969 9.17281 3.66725 -2.64483
970 18.2141 31.4544 -4.08438
971 27.0485 11.489 4.15268
972 13.2517 20.2845 -0.0551245
973 6.78178 27.5013 -3.12717
974 27.9687 27.0809 -2.03289
975 4.57539 20.921 -1.8723
976 5.60892 13.9629 1.82977
977 6.35874 36.6151 -1.10856
978 14.1517 34.1972 -3.20719
979 6.11151 3.1847 -2.83959
980 37.1715 15.8535 -2.67535
981 3.57367 23.5339 0.843524
982 38.6432 4.19063 0.61469
983 35.2481 16.3594 -0.35735
984 8.78158 32.899 1.19978
985 3.94972 25.1644 3.63903
986 21.2062 16.8304 -0.370599
987 9.67453 21.2096 -2.79075
988 6.84372 27.4194 -0.950431
989 27.6757 32.1025 0.846019
990 25.2764 14.916 3.53184
991 10.7849 23.7243 -1.27377
992 2.37968 17.1705 -0.62176
993 15.0787 18.5171 0.671903
994 23.388 20.0945 3.87971
995 16.377 14.374 0.487421
996 34.8019 21.9782 1.34989
997 35.004 18.6291 0.53
998 35.4029 34.5567 0.6116
999 34.1697 10.8314 0.843618
