1000
Particles
0 0.343639 34.8861 1.29583
1 38.0745 23.8469 1.22942
2 17.6297 1.38179 0.406783
3 10.5355 31.8487 -2.11393
4 17.4964 23.7233 3.84032
5 19.2045 7.78476 -3.76002
6 29.8413 2.2887 0.338357
7 37.2177 21.6369 0.864177
8 8.67253 27.3563 2.75356
9 26.8555 17.3147 0.0583784
10 28.9673 34.396 1.5903
11 39.2847 37.2802 -2.22092
12 35.107 33.006 -0.704324
13 4.54814 8.51914 4.05808
14 30.0068 23.3478 -0.866649
15 20.4091 31.2033 -1.93326
16 23.4424 33.6477 4.07302
17 30.7474 17.6889 -3.23322
18 35.1759 8.61444 3.34665
19 17.1806 26.9665 -1.50826
20 5.17175 6.81566 0.0303319
21 1.38602 4.86664 -3.0622
22 4.71668 12.6075 -1.95214
23 31.9803 18.9082 -1.34624
24 39.888 5.242 0.548906
25 37.8697 32.5334 -0.968141
26 16.084 32.2221 -2.61193
27 14.1821 13.1548 2.73126
28 4.07318 31.0109 1.44949
29 30.3384 0.886101 -1.43969
30 18.8022 19.4674 0.0728711
31 11.2935 18.7824 1.23372
32 20.2167 5.51365 -2.66465
33 10.4834 1.71957 3.02715
34 27.0001 17.246 0.922721
35 23.8518 3.37817 2.12838
36 12.8197 2.32085 3.37211
37 36.0116 26.1956 0.378583
38 33.9773 38.9816 1.10319
39 30.119 20.3754 1.1239
40 36.5324 36.63 1.51499
41 11.2274 11.1611 -4.68106
42 37.6793 16.9451 -2.9259
43 27.4911 31.8051 3.92698
44 18.012 24.8078 -3.56815
45 6.54191 30.2349 -3.58795
46 37.9876 7.46148 -0.340082
47 29.9513 5.44654 -0.988335
48 6.86047 33.1555 -4.16012
49 6.23779 30.5674 -1.62336
50 35.8308 38.5728 1.36831
51 19.8423 36.8123 -0.339795
52 30.615 12.0865 3.34431
53 11.3416 3.80462 -3.23026
54 26.3708 24.5068 4.68725
55 39.8785 16.4863 -4.06444
56 21.2189 6.62455 0.483929
57 4.65444 38.6271 -2.3175
58 0.670248 23.0132 -1.53505
59 8.41227 32.7283 1.44462
60 8.9002 24.9822 -3.36059
61 13.2835 33.3462 -1.90272
62 36.4541 39.2695 0.971908
63 5.84719 16.277 -2.75814
64 39.8384 24.6058 1.42458
65 10.0222 39.4266 -3.96636
66 8.43157 17.1134 -3.74109
67 21.7465 21.663 2.27235
68 13.3201 3.64 0.939227
69 14.5996 3.7223 4.91068
70 8.76432 3.88113 0.7762
71 25.2272 8.22613 -0.218906
72 6.08571 13.8238 0.929328
73 20.0334 26.6381 -3.6228
74 9.02828 9.15225 -0.520622
75 39.6836 33.9146 -2.20208
76 23.0643 2.35991 -1.19326
77 9.66396 26.8476 -3.23858
78 6.49176 34.1507 -0.848925
79 1.94379 5.22465 -2.5964
80 29.0781 5.66021 -3.5751
81 3.602 31.3719 3.88559
82 14.0434 13.4969 0.609725
83 15.4993 32.2726 0.886919
84 17.2591 12.826 -4.53217
85 0.989192 19.7142 0.677167
86 21.7096 5.1286 4.35752
87 23.2928 35.4057 -0.84351
88 39.7176 0.262563 -2.45457
89 4.66775 3.16532 3.23152
90 1.71031 1.24733 2.43749
91 23.2648 14.1925 2.68359
92 15.4722 23.7299 -1.44581
93 12.85 0.236973 4.65333
94 14.7008 25.0851 2.49593
95 19.8406 3.80903 -4.37066
96 8.32414 33.0913 2.64247
97 18.6349 37.618 2.56239
98 39.6771 21.3407 -0.21613
99 10.2637 5.66706 -3.41514
100 27.6251 22.2722 -1.83408
101 19.6552 26.2792 -1.42153
102 18.7529 31.4997 -0.0680431
103 7.9298 6.07438 -0.941922
104 21.093 4.80074 -4.45203
105 19.8604 33.3468 0.754797
106 30.2203 20.502 -0.962804
107 24.4347 21.5133 -4.16029
108 27.6462 17.1635 3.1002
109 0.127099 34.8741 -1.82261
110 13.5338 3.33265 2.51754
111 35.2338 33.2795 -2.3705
112 29.7544 3.74359 1.48305
113 35.102 29.4257 -0.835281
114 34.6767 26.7474 -0.217676
115 30.4255 23.235 -1.41706
116 23.7516 33.5927 1.28131
117 27.2044 30.3863 -0.332352
118 26.6582 3.39756 -1.40399
119 33.903 15.2059 -2.87626
120 23.966 29.7892 -1.73052
121 27.3694 13.6457 -1.22028
122 37.4461 19.7708 -1.92975
123 8.30154 29.8356 2.65419
124 9.8163 0.9349 -2.18931
125 22.9801 0.354958 4.28643
126 22.2564 29.0918 0.379576
127 37.6619 7.54873 -1.67512
128 33.547 5.84083 -1.63871
129 0.884713 14.5314 4.47841
130 28.9458 5.04864 -2.21905
131 29.0139 29.949 -4.62826
132 17.772 1.48085 2.49211
133 36.6452 35.6132 0.0615775
134 2.50732 34.0836 1.01702
135 15.1147 5.05427 0.0781218
136 24.6397 2.00397 -1.19009
137 25.4453 32.4764 1.76102
138 7.53889 18.8695 2.22022
139 15.0092 2.12066 -1.81483
140 24.7971 34.3633 -2.81206
141 31.9609 30.2333 -1.31897
142 26.3974 8.80549 4.43888
143 17.7567 23.368 3.26514
144 0.818995 33.336 1.84246
145 22.4128 22.9852 -1.24765
146 34.2124 11.8105 -2.1851
147 35.7849 39.3921 -0.683076
148 36.0145 10.0804 -3.39436
149 9.79107 22.726 4.41812
150 16.652 24.1511 3.55314
151 32.9049 39.5523 -3.48738
152 17.4864 16.8766 -1.56215
153 18.0931 4.25259 -0.482598
154 23.1234 0.569826 2.44353
155 31.0907 22.2429 -3.24923
156 1.03893 24.2177 -1.01558
157 14.4091 8.37513 -0.489248
158 12.3164 36.5274 -0.96542
159 20.8349 26.7654 -3.26789
160 38.6442 18.2345 -0.863293
161 6.13877 22.441 0.485487
162 24.1186 33.289 1.98479
163 10.2968 8.49648 1.58356
164 17.7939 7.01468 -2.26224
165 28.9828 11.5225 1.1541
166 33.0438 8.94152 -0.782201
167 10.7672 37.9563 1.10101
168 33.8573 23.3334 0.301261
169 1.88425 39.0744 1.80207
170 6.1326 38.9237 0.0407453
171 22.6016 37.009 1.21779
172 1.03628 19.1079 -1.19595
173 21.8728 31.4563 2.85684
174 14.5956 0.846726 3.45828
175 6.08391 8.07368 -4.40269
176 17.5879 23.7277 4.41135
177 14.3949 9.20126 -2.24916
178 26.5574 17.3454 3.06937
179 28.3604 5.8112 -4.32871
180 18.0666 7.82422 -1.67383
181 0.418958 26.3485 0.187214
182 17.7188 22.8094 2.18807
183 39.4848 20.7966 -3.27939
184 36.49 7.03819 0.901294
185 6.37233 13.6486 0.76966
186 19.0153 1.50699 -3.85317
187 10.5674 3.03516 -1.07003
188 23.9875 20.1123 -2.66332
189 8.32246 22.675 1.70305
190 23.7306 24.0492 3.81211
191 17.1216 29.9813 1.55416
192 36.6337 1.00032 -0.830544
193 26.5374 24.3703 3.97925
194 23.2925 25.2918 2.849
195 4.9848 13.5538 -1.71218
196 29.428 34.3324 1.25219
197 18.0093 35.2498 -4.50659
198 29.8055 24.8551 -0.0674849
199 13.8043 11.9438 1.6993
200 30.6814 39.0208 1.62112
201 39.1002 19.0398 1.16116
202 10.6575 20.4032 -0.718838
203 26.117 14.0144 -0.00911389
204 30.7298 35.1223 0.502031
205 1.58272 32.5675 3.49996
206 16.7674 5.03088 -0.45852
207 33.4594 35.6745 -1.6102
208 36.9175 22.0213 0.549707
209 10.8689 38.4672 2.1987
210 13.0296 27.7695 1.18695
211 32.4023 18.6696 2.14318
212 37.2399 35.672 0.117837
213 37.5061 4.47635 1.43763
214 27.2724 21.4269 0.620152
215 37.4892 20.6183 -0.158643
216 26.2074 25.5748 2.10784
217 8.64691 6.82779 0.748135
218 15.6183 17.0548 0.655911
219 21.5734 39.9068 3.23982
220 12.8149 3.6415 -0.128977
221 22.6755 11.4244 -0.021285
222 0.606745 34.4582 4.72339
223 17.7622 24.447 -4.51677
224 8.70363 30.2814 2.74723
225 36.6129 12.6106 1.01021
226 35.256 17.1143 -1.61452
227 2.15151 13.4206 -3.70536
228 17.8578 5.8357 -2.10449
229 38.8384 20.1527 -3.25317
230 29.5287 9.93262 2.33218
231 18.4711 32.5975 2.03345
232 35.8464 2.03725 1.3688
233 39.022 3.40918 -3.5431
234 6.85077 1.53103 0.151554
235 1.03274 4.09484 -1.05858
236 12.9347 0.0847512 3.01603
237 12.5241 26.2104 3.22428
238 10.9171 12.3504 3.06423
239 31.0375 9.96954 0.982165
240 14.4658 19.4042 2.03477
241 11.0724 28.9963 -4.24446
242 39.9744 3.22881 -5.02113
243 27.8609 0.322381 -2.26192
244 38.3189 16.9243 -3.04365
245 21.0655 3.79084 -2.12038
246 24.5279 3.19093 0.157627
247 5.85924 37.2637 -3.30291
248 9.6935 27.8276 -2.2517
249 12.6971 0.596197 3.14582
250 18.8676 3.10268 2.81191
251 38.2098 0.414912 -0.527044
252 33.2492 13.4314 0.325563
253 32.2155 17.6815 -0.167767
254 2.45269 37.0559 1.6588
255 23.7322 25.4676 3.26922
256 9.81895 3.38236 1.38422
257 29.111 19.3447 1.1638
258 27.396 35.2072 -1.22033
259 39.769 15.8198 -2.36929
260 1.38611 9.21579 -1.65156
261 31.6832 27.6073 -1.77169
262 30.7561 30.5872 4.48282
263 2.9997 3.80479 -1.63699
264 13.1744 25.3504 2.08105
265 39.306 27.9067 -1.10683
266 36.8331 14.4349 -4.03393
267 1.89517 27.3124 -1.29025
268 13.5362 21.545 0.824096
269 24.7829 35.4969 -2.38343
270 2.44419 11.5898 -3.46124
271 33.1979 6.38182 -2.23284
272 18.0461 17.0231 -2.05608
273 28.2299 34.9746 -0.442432
274 12.7977 4.30813 -0.394333
275 7.64364 22.0125 1.90845
276 27.699 18.4647 1.59305
277 3.1414 18.5343 -0.441515
278 1.5658 16.9995 2.1726
279 13.0858 27.8581 -2.19042
280 4.3866 27.6889 1.04678
281 23.7043 20.0818 -0.703235
282 11.9364 21.2002 1.22719
283 20.8745 34.9545 3.88575
284 25.5305 18.4427 0.704571
285 36.7566 38.5522 1.72495
286 36.7711 6.8086 -0.208018
287 16.7524 11.8296 1.05752
288 0.469749 1.95013 -1.86022
289 12.5701 33.1615 -4.22292
290 33.0399 26.7141 -1.34658
291 14.5575 7.34789 0.873052
292 36.8444 18.1639 -0.472491
293 10.1179 4.50072 -1.46304
294 27.1695 26.9541 0.390933
295 22.1977 16.7431 -0.652602
296 24.8882 24.5602 1.56359
297 0.237297 29.0634 -1.20174
298 22.5656 34.4062 3.43154
299 18.5439 24.8272 -2.71629
300 26.5261 7.20135 0.317672
301 24.6184 25.4166 -2.04707
302 14.9818 34.6834 0.429425
303 2.41684 20.5371 -0.343183
304 6.58994 32.4057 -3.71426
305 1.09335 17.5403 -1.50328
306 24.9645 10.8083 -3.5754
307 9.88763 15.91 -1.81667
308 3.5326 24.5492 1.44732
309 13.3658 33.8147 -3.9262
310 15.3129 23.0191 -0.684446
311 24.7698 10.4201 -4.22041
312 35.1267 39.2224 0.0159824
313 22.9641 39.9988 -3.61777
314 14.6489 7.93549 -2.66665
315 0.779475 38.3983 2.04219
316 37.7418 33.2303 -1.42445
317 21.2369 26.0163 4.36799
318 27.0162 24.8851 3.60085
319 5.41019 4.96022 -1.23081
320 5.08616 22.5888 1.00161
321 29.2738 3.10034 2.36166
322 0.474294 34.4573 4.56631
323 10.9583 37.4253 3.30331
324 27.1375 17.9044 0.201027
325 11.8385 29.8087 -2.99699
326 7.75131 18.3642 1.08457
327 14.7521 37.7808 -3.6452
328 18.0367 29.9624 -0.0935637
329 5.96334 24.5199 -1.04933
330 36.98 14.562 -2.22989
331 18.5631 36.5344 2.36799
332 33.2117 10.2041 -2.08879
333 32.4149 23.9393 -0.545743
334 15.3506 5.80813 -2.51078
335 5.88111 5.32689 -0.895077
336 15.5677 33.794 -2.82143
337 10.6829 23.5353 2.43359
338 13.7799 22.9901 0.792851
339 37.475 31.8134 -2.37099
340 5.88306 23.0519 0.438008
341 31.9877 27.8446 -2.3093
342 11.6789 15.4988 -2.34888
343 9.1092 18.1938 -2.64375
344 11.7735 0.0160318 1.98432
345 28.9331 27.7247 -1.55143
346 17.6172 8.80658 4.23616
347 1.15654 1.53648 1.16511
348 9.95394 23.3681 1.17826
349 16.5682 26.2011 -3.15495
350 3.43301 18.6011 -0.978052
351 4.24549 20.2054 1.71564
352 26.2623 26.1937 2.14434
353 25.0365 10.2195 1.92004
354 1.17511 39.0108 2.1591
355 15.3885 25.4385 3.1504
356 35.5475 38.7601 -0.0793694
357 8.83406 19.7259 -1.46426
358 13.9466 13.002 0.501307
359 31.5174 25.4303 -2.46903
360 30.792 21.276 3.07695
361 30.6121 29.1276 -0.202413
362 1.84976 24.1986 2.13767
363 1.17481 9.71684 -0.255756
364 8.97796 13.2663 -2.19866
365 9.42651 33.3165 3.57612
366 14.6615 8.43089 -3.1638
367 11.6567 36.9764 -2.98293
368 25.6486 9.65975 1.81467
369 13.4586 0.247851 2.92724
370 18.9145 31.3925 -0.837641
371 24.1951 20.4243 -3.26345
372 22.527 32.1343 -0.262094
373 15.9862 16.1866 2.32039
374 13.4654 14.5875 1.48299
375 11.8184 12.4781 1.36941
376 36.9625 31.212 -1.79265
377 5.34228 8.4011 -4.39565
378 14.3008 7.02624 1.35316
379 34.9894 32.8835 -2.23594
380 33.696 26.9123 -0.86109
381 12.3251 36.082 -1.97439
382 5.10358 17.9211 -2.52621
383 21.7652 34.1661 2.92861
384 31.908 10.7368 1.45654
385 20.643 21.4624 0.846336
386 28.0408 5.30319 -3.07394
387 34.379 38.0494 3.40571
388 30.1826 29.2979 0.597599
389 9.00376 6.70192 -0.488136
390 36.8577 21.4401 -0.829237
391 15.0617 15.3467 0.834647
392 22.3163 22.5628 -1.74388
393 20.7684 4.83372 4.54396
394 24.6337 39.439 -0.310471
395 36.0151 15.0359 0.503369
396 2.58354 37.0513 -1.7457
397 8.82172 5.78122 -0.000524829
398 32.9866 31.726 -2.37255
399 33.1408 19.9875 2.27607
400 7.53151 0.948078 -0.297255
401 26.5766 28.256 -1.9221
402 37.1489 8.23468 0.575465
403 2.80675 31.2873 2.82524
404 18.9475 27.3876 -0.290706
405 2.04797 19.8453 -0.435609
406 21.8717 5.58584 -2.29761
407 35.1102 9.55744 3.20657
408 39.7312 10.0152 0.442326
409 20.5541 0.054657 -1.86827
410 17.6288 26.0675 4.27536
411 15.9347 31.3783 -2.37302
412 5.7095 38.4761 -0.2895
413 9.89849 16.1084 0.230033
414 7.68762 14.0148 -1.64438
415 9.92769 27.9341 -3.21921
416 13.6453 39.7784 3.4139
417 2.69558 1.68161 0.47117
418 26.8662 22.8354 2.67808
419 23.7413 2.83511 1.45589
420 23.7125 1.9965 2.36591
421 6.37917 18.1271 -1.51127
422 9.63614 15.3699 -0.747457
423 32.1309 6.77856 -2.63811
424 23.628 26.2148 2.63612
425 15.0118 3.67863 1.51
426 9.01901 22.5447 1.0642
427 18.9294 22.1578 -1.40075
428 6.57281 6.72032 -0.552656
429 3.9425 7.76288 -3.69746
430 17.3101 18.0385 -0.320985
431 10.2156 6.93086 0.525163
432 22.9162 33.3538 3.97313
433 28.0147 20.9832 -0.411918
434 12.4246 27.0414 4.13225
435 29.8282 29.2682 -1.95981
436 2.85105 29.5681 2.59973
437 10.9517 35.2122 2.9504
438 2.89168 32.1247 4.25546
439 32.3863 14.1544 -0.644666
440 23.1971 9.80587 3.52694
441 11.8995 0.720881 -1.04706
442 1.74029 21.2386 3.6503
443 26.0167 17.6998 2.14178
444 13.5049 21.6191 0.823304
445 9.84733 18.5642 -0.564702
446 15.8173 9.71695 2.80022
447 9.3927 4.45184 -0.675446
448 32.5823 30.1479 -1.002
449 18.7799 18.9614 0.980172
450 0.80426 17.5207 -0.91248
451 33.5644 10.6213 -0.573426
452 14.0908 15.5168 1.68104
453 3.70359 23.6669 3.8035
454 34.3666 10.2015 -1.30395
455 33.107 5.88114 -1.84063
456 9.92701 9.46003 2.44582
457 22.8183 16.558 -0.626326
458 31.4504 20.0194 1.31864
459 14.3881 4.97227 -1.63023
460 7.08773 38.9792 -1.01654
461 9.59683 39.1134 -3.77628
462 24.37 17.6433 3.49958
463 5.91533 33.7209 -2.01749
464 33.4166 24.7463 1.29415
465 29.715 13.7904 4.61617
466 37.0751 21.9281 -1.24866
467 12.0231 35.7515 1.62861
468 23.7232 30.1965 -3.71832
469 18.7224 37.164 1.28219
470 8.7675 16.0851 -0.347012
471 38.0405 22.3817 -2.53606
472 15.7675 7.89054 -0.0516226
473 11.0419 35.8317 0.234841
474 8.1796 39.9728 0.503373
475 31.8149 8.40044 1.65476
476 10.8391 27.7388 -1.17277
477 11.593 36.2527 1.57922
478 24.4499 19.9788 -1.13484
479 35.1617 31.2903 1.19928
480 31.2208 21.1378 -0.470279
481 25.1806 39.7957 2.38976
482 8.77621 35.6169 0.774772
483 7.21221 32.7745 -1.0463
484 17.4781 35.5332 -1.50657
485 5.49286 38.5724 -0.740779
486 16.9884 28.0323 -2.98467
487 31.2635 28.2795 -2.40476
488 33.7132 8.265 -0.419465
489 21.7483 2.3458 0.592719
490 7.74056 0.742745 -2.02249
491 16.202 11.904 -1.28888
492 22.4691 1.39134 -1.28381
493 4.68284 25.5335 1.5393
494 9.01179 13.5742 -0.423244
495 32.7583 11.1456 -0.915908
496 23.678 25.0182 3.4358
497 4.27496 31.7341 0.970734
498 18.2318 16.8023 -0.73152
499 8.65683 22.5862 3.13305
500 2.90177 13.2354 -3.3459
501 30.9662 6.40381 -0.04416
502 3.45324 3.96439 -2.08731
503 23.1095 26.4174 0.293925
504 39.1693 37.7617 -3.0246
505 5.39612 7.68117 -2.58893
506 27.1178 27.0485 -1.69612
507 19.6106 8.33156 -3.80842
508 3.1971 31.1492 3.43077
509 13.5439 0.186538 3.70743
510 37.0897 7.58108 2.56446
511 24.3414 35.5744 -3.28628
512 30.7539 28.7944 -0.612048
513 9.98216 22.7187 4.11089
514 11.2191 29.7595 -1.21287
515 16.0253 15.7532 3.14874
516 17.6073 37.3605 -1.98424
517 17.49 16.1641 -1.1507
518 7.2408 7.57891 -2.78889
519 24.1101 22.0101 -0.411501
520 38.5568 0.270736 -0.605116
521 37.6234 26.2696 3.20937
522 22.2407 19.7181 -2.04943
523 8.97175 19.3002 -2.55651
524 12.0127 27.5627 -1.22929
525 4.92317 12.7451 -0.0109096
526 11.8155 27.4629 -2.0126
527 15.1384 4.41861 -4.22447
528 20.5863 3.89304 -3.54047
529 36.8515 1.67366 -1.00813
530 31.5854 10.1798 1.61367
531 28.7138 6.2098 -4.7763
532 17.5486 36.5933 -3.24916
533 12.902 30.9277 -2.68737
534 10.3992 23.1907 2.88276
535 37.3244 0.0338928 -2.80094
536 32.482 12.5879 0.628019
537 2.25033 26.7306 0.093871
538 4.32797 3.51871 -1.80813
539 10.905 7.78908 -1.26446
540 29.2544 18.2886 0.351406
541 23.9476 25.3822 2.03744
542 36.628 31.7258 1.18033
543 10.1591 16.7514 0.0435271
544 36.4216 38.986 1.03444
545 11.4276 28.0079 -2.01094
546 0.123691 2.12613 -1.2505
547 4.13227 12.1155 -2.00999
548 37.6052 35.8111 2.07676
549 36.4115 24.2554 -1.07722
550 3.34007 25.6457 1.98149
551 29.8558 12.6635 0.0943198
552 4.57457 39.3684 0.73417
553 15.1084 31.8608 -0.165314
554 19.0128 7.71626 -0.998966
555 39.9768 10.6788 0.347446
556 34.4068 20.5042 0.523627
557 2.83123 20.3513 0.643904
558 36.6421 5.35667 1.39429
559 27.6395 28.2285 0.446149
560 26.8655 26.008 -0.574295
561 0.917825 22.7831 -0.468281
562 10.4779 25.7194 -1.47121
563 4.80518 10.1507 -2.49985
564 17.035 26.8019 -2.44625
565 0.297219 21.1611 -1.35776
566 13.8401 38.9506 -1.04396
567 30.8416 12.9409 3.37422
568 39.8775 4.49602 -2.333
569 34.9591 27.8667 1.09286
570 1.58392 24.8293 -1.09236
571 14.2202 15.3609 1.27907
572 35.6849 33.7484 -4.55064
573 23.402 32.1712 0.266882
574 7.0696 22.1062 0.375451
575 19.3651 17.6751 -2.29509
576 0.791939 39.3858 1.35958
577 18.6188 30.7762 1.35006
578 10.7575 39.1952 -2.47525
579 9.80048 9.45809 2.07252
580 11.8477 30.9887 -1.67875
581 8.54912 29.5761 2.03338
582 27.3868 18.0349 1.94624
583 21.0264 38.046 1.30281
584 37.4241 7.47631 0.607183
585 0.386277 23.1457 -0.328408
586 24.368 24.8551 3.92306
587 30.9682 34.2513 -2.47421
588 22.2556 34.1889 3.89732
589 24.9966 20.5009 -3.24432
590 5.23467 6.75457 0.209697
591 3.03383 26.4215 1.06549
592 34.5122 27.2297 -1.38767
593 10.1593 21.9216 -3.15535
594 5.01453 3.21121 2.03152
595 29.6978 23.1072 -1.43518
596 1.12215 38.8145 1.72655
597 29.4328 12.0511 2.42802
598 34.3553 12.6442 -1.26172
599 9.35096 30.9403 -1.06152
600 9.02335 35.2352 3.92377
601 18.5525 35.0027 2.48009
602 13.484 22.716 -0.396454
603 16.3521 9.80163 1.5964
604 26.7595 26.487 -1.65339
605 9.65015 33.3525 4.17906
606 39.0382 27.6626 1.06185
607 39.4975 7.45642 -3.7017
608 9.99455 4.72091 -2.06397
609 18.8463 39.5555 -1.15958
610 35.5087 23.7136 -4.84081
611 2.59056 24.8757 3.71816
612 25.6544 9.15654 3.64502
613 22.4286 10.757 0.724913
614 2.02634 4.6179 -3.20154
615 32.7685 10.627 -1.24945
616 30.1705 17.8597 -2.22316
617 24.5693 27.9988 -1.61312
618 5.05485 0.409135 -1.31143
619 22.2608 35.1414 0.799792
620 37.7142 39.5471 -1.0905
621 25.2707 16.6405 3.93054
622 23.8192 2.54149 1.04152
623 17.7747 7.0442 0.763679
624 28.8069 4.92292 -1.43274
625 21.0469 8.32547 -2.87849
626 6.48647 39.5901 -0.496836
627 7.19131 31.9105 0.673151
628 15.0885 1.26804 1.09526
629 24.1653 2.51535 0.559529
630 37.7883 31.8663 -3.53066
631 28.292 1.95671 2.00441
632 34.3038 31.8333 -1.18176
633 2.28092 23.9588 1.10708
634 1.55896 4.77281 -3.14629
635 24.706 26.4794 -3.1892
636 25.9583 6.91279 -0.00520468
637 3.19337 29.9136 0.645796
638 34.0007 27.0373 0.164118
639 34.6592 12.6379 0.27273
640 6.22516 22.7722 0.663824
641 27.9919 5.55701 -1.96921
642 16.9704 34.7247 0.319244
643 27.7813 26.1653 -0.053572
644 12.7942 4.23314 -1.79194
645 7.76906 7.99145 -1.10995
646 10.4052 8.48638 -0.00657422
647 9.55284 14.652 -0.921397
648 32.942 34.3532 0.827153
649 18.5557 17.8728 0.292016
650 27.3869 17.465 1.56374
651 24.8291 22.1088 -3.37918
652 10.042 33.189 4.08951
653 9.51509 0.110583 4.35318
654 21.7456 12.1222 -0.64582
655 39.1321 32.56 0.581414
656 4.13218 11.0989 -1.30162
657 21.9574 6.41221 -4.00388
658 9.86956 27.8748 -4.41244
659 0.42655 0.271869 -4.48225
660 25.2721 11.5136 -3.34019
661 38.3276 17.237 -2.27425
662 38.379 36.0388 -3.00434
663 9.66706 20.6833 -3.27975
664 31.8228 14.9152 -0.440665
665 32.0331 36.019 -2.4593
666 23.455 0.234065 4.38665
667 36.9046 35.946 2.63564
668 10.6081 37.6511 1.24595
669 13.0783 34.7998 2.93037
670 35.3875 33.0057 -2.35984
671 31.9693 5.38301 1.18656
672 16.7409 33.9364 -0.587136
673 37.099 0.417951 0.0529435
674 3.6258 19.1408 -2.72809
675 32.2986 13.4365 -1.78052
676 35.296 39.5085 -1.25365
677 38.0794 21.2042 0.172687
678 25.9317 1.60597 -1.03872
679 24.2401 21.0582 -2.88365
680 19.9695 30.8113 -1.70173
681 8.88301 1.83121 1.70246
682 35.6418 2.49909 -0.46424
683 22.782 29.4722 -2.73945
684 4.16025 1.84032 -2.64044
685 26.7915 27.3474 -1.71901
686 37.927 38.7291 -2.29541
687 24.6523 10.4084 -1.96071
688 26.2718 3.75662 -0.911769
689 15.0941 3.63795 2.21259
690 18.5513 32.0785 0.574598
691 19.446 34.1216 2.29991
692 30.4394 14.0646 2.69745
693 2.63084 19.4155 -0.591178
694 29.2902 23.5353 1.39181
695 17.0763 27.6662 -0.634855
696 23.8736 28.7657 -2.75598
697 29.6613 5.78445 -2.90892
698 35.7403 15.9831 -2.66509
699 29.8924 24.8137 -0.591521
700 0.126196 3.76641 4.00135
701 16.2924 1.53762 -1.51815
702 36.5635 39.3606 1.20331
703 39.3858 10.7691 -1.80866
704 24.917 35.3764 -3.5877
705 12.4287 31.834 -0.362423
706 39.2752 35.6073 -4.365
707 14.8875 7.74751 -0.848217
708 31.8838 17.4195 -0.0991411
709 26.6598 8.98412 3.25863
710 17.4619 35.4801 -3.459
711 36.5673 25.2082 -0.700074
712 27.4795 17.8166 1.32157
713 30.6416 21.3705 -0.242539
714 24.1645 28.3946 -2.52199
715 37.5686 39.7387 -2.16429
716 18.273 28.5999 -1.66404
717 16.2062 27.3583 0.717807
718 7.5834 31.307 -2.18023
719 8.17343 32.2119 -4.01521
720 9.15093 23.5882 0.978696
721 24.5873 39.2114 3.52199
722 38.9622 0.245724 -4.16795
723 12.7785 0.326524 1.93517
724 17.7578 36.4579 -0.0972596
725 25.7524 38.2195 0.961188
726 6.51604 27.9798 4.50552
727 7.66515 27.7721 -2.35489
728 36.1002 4.09447 1.2176
729 18.6343 38.8838 -0.655159
730 22.731 11.0778 2.61261
731 27.7714 19.5641 0.766907
732 27.881 32.0609 3.41495
733 30.6798 28.9623 -0.869282
734 31.5283 6.3904 -2.40973
735 17.3131 28.6954 -0.125458
736 15.9497 32.1869 -2.38899
737 39.9145 35.3012 -4.27357
738 20.8513 6.47812 -1.44962
739 14.0525 22.9811 0.17174
740 36.6813 27.6965 -1.51344
741 11.8244 32.0818 -0.211635
742 21.5449 10.2607 0.195332
743 23.8447 24.5726 3.35474
744 36.452 16.9922 1.59236
745 10.0036 39.2064 -3.18985
746 13.4175 9.71681 -1.51563
747 16.8247 23.6463 4.51893
748 19.1868 32.2797 2.68345
749 0.61604 2.24518 -1.84488
750 2.02118 37.044 -1.66079
751 9.36022 38.4423 -0.940828
752 3.17351 17.2543 0.244063
753 15.4615 22.6176 -0.68244
754 30.509 23.854 -0.056814
755 24.1207 3.75111 1.65707
756 4.47666 3.68652 -2.57379
757 13.0621 26.9868 3.65209
758 33.2164 21.5279 -2.58674
759 10.1916 31.0893 1.90472
760 34.2609 32.8587 -0.297678
761 12.3364 21.1398 -1.46401
762 24.5199 25.4065 3.61707
763 9.67237 39.2633 -2.87113
764 26.0396 9.11708 3.41519
765 36.1765 19.6003 4.05075
766 8.03014 13.3312 -2.19959
767 31.9004 9.71834 -1.05883
768 5.20147 14.1487 -0.209677
769 13.6287 31.6814 -3.20355
770 8.56815 26.2755 0.394743
771 4.01295 20.8038 0.831762
772 14.8843 39.5613 -2.36784
773 35.2128 28.1158 -1.50933
774 37.0353 38.7878 0.132291
775 17.9535 7.87759 -2.70717
776 6.68411 17.0618 3.09158
777 0.374704 22.2634 1.02033
778 34.134 23.3917 0.741652
779 12.6871 35.9703 -2.38666
780 7.01629 6.70575 -0.475567
781 37.0164 39.4584 -1.16968
782 9.63932 14.5574 0.814999
783 13.5798 7.25499 -0.227862
784 37.3079 1.71682 -1.98472
785 20.8766 8.47579 -1.73753
786 4.15415 19.816 -4.21269
787 33.4134 2.98759 -1.86732
788 39.5404 1.97281 -3.79043
789 35.1154 10.6809 1.16456
790 13.4164 26.0458 -0.0857034
791 13.0016 21.7354 -1.17609
792 13.1955 24.7913 1.19891
793 21.0741 32.7591 -2.30745
794 18.7902 29.9978 2.07953
795 1.68648 6.92352 -2.83301
796 22.6732 22.0688 -2.53909
797 38.0606 34.0573 -0.173641
798 26.4609 9.89955 -2.12385
799 23.5249 3.24579 -0.41115
800 35.023 2.74914 0.116263
801 17.6522 9.68775 4.01129
802 36.6933 19.3498 0.353285
803 14.3186 1.69939 -1.47517
804 0.425539 20.8004 0.629029
805 39.8935 24.2402 0.882784
806 11.3769 28.8121 -2.06904
807 27.987 16.5985 -1.44351
808 21.7474 25.6789 2.15021
809 29.8521 13.9298 2.31451
810 13.1172 35.648 4.44989
811 3.286 23.5576 -0.0143465
812 8.18947 4.86088 0.291515
813 1.3977 9.70659 -1.39436
814 25.6239 38.3843 -0.481261
815 32.7499 13.5002 -2.85064
816 18.9261 38.2759 -1.02613
817 12.4972 1.53802 1.69235
818 5.56376 9.41973 -1.01727
819 28.0003 5.16347 -3.17837
820 4.0281 4.14939 -1.46467
821 12.4267 16.3518 -2.41967
822 10.1243 5.08217 -1.31058
823 23.2314 0.951574 3.29028
824 32.8149 13.3829 -1.3324
825 0.898779 33.4691 1.0476
826 5.6374 14.3156 -0.412538
827 1.99255 13.17 -0.313989
828 19.2537 21.2551 0.807337
829 12.4102 36.2614 -4.46755
830 4.70302 18.177 -0.839474
831 11.7998 38.5198 0.357758
832 33.5492 39.2301 3.12708
833 9.38023 14.0997 -0.338542
834 20.1594 8.40097 -1.07351
835 4.14996 30.9825 3.41153
836 18.2988 32.8433 0.500158
837 29.8585 36.6483 2.54407
838 21.491 4.87407 1.79114
839 1.34326 20.0824 1.02747
840 23.5497 17.4004 1.02503
841 27.4268 31.9378 1.70925
842 15.7091 31.4589 0.13946
843 15.4545 6.03522 -0.902714
844 5.78522 23.4827 0.129737
845 2.8304 26.9012 1.88304
846 12.7953 32.8216 -2.53311
847 3.28554 26.2746 1.00172
848 25.0817 26.662 -1.52996
849 22.6267 17.7464 0.151265
850 32.4596 35.9333 2.95054
851 4.40594 1.05033 -1.7977
852 26.2819 25.0247 2.41541
853 25.18 26.266 -0.0994756
854 39.8861 37.5225 -2.56328
855 10.9954 36.4385 1.08517
856 13.0467 38.4294 -2.97015
857 9.02182 22.4672 4.17053
858 39.9897 28.2374 2.31651
859 14.1006 0.368594 1.08078
860 37.6312 17.4682 -0.36469
861 2.05725 15.8798 0.802143
862 10.1222 35.4719 2.26487
863 8.0632 11.9587 -0.766678
864 23.8203 10.3526 1.54742
865 29.5453 36.4499 1.26112
866 27.6115 4.71831 0.0809673
867 23.6794 28.6976 -4.35504
868 29.4927 27.761 -1.87552
869 31.4547 16.7338 -1.79917
870 36.3091 1.30138 -2.72837
871 17.7147 24.0031 -3.35926
872 31.6883 23.8657 0.935977
873 16.846 17.7621 -0.134348
874 34.2501 14.7993 -1.13876
875 30.1134 5.53241 -1.02285
876 8.65394 14.867 1.25198
877 33.0321 10.1139 -3.17327
878 5.96099 39.2137 -1.24612
879 1.5313 33.1924 2.92487
880 35.0357 24.106 -2.18181
881 7.68468 26.3232 -0.722808
882 27.7093 4.70512 -2.73577
883 28.4639 28.6049 0.729263
884 9.76405 21.3884 -0.420308
885 8.92596 11.4502 0.134451
886 18.4567 19.8374 -1.47782
887 1.73125 23.7673 2.49843
888 30.6989 25.3157 1.75827
889 0.2914 8.67906 0.911861
890 13.9249 16.7494 1.52354
891 19.0677 23.9659 -1.73613
892 14.4972 3.3285 1.08331
893 31.5172 28.8454 0.463096
894 36.1734 30.2153 -1.65079
895 37.4299 11.2753 1.62846
896 17.1002 0.900498 -0.774452
897 39.2587 15.4634 0.428369
898 19.0212 17.6598 -1.92877
899 12.7009 22.2393 -2.17268
900 15.3601 7.41297 -1.72987
901 0.385668 35.7326 2.25005
902 38.1744 34.6219 2.86105
903 6.75337 38.7022 1.84765
904 17.0992 38.3628 -3.91927
905 31.1568 39.3336 1.16468
906 20.3002 16.6704 -0.189868
907 11.4854 28.2474 -0.917373
908 32.1101 36.0627 -3.88656
909 12.7289 1.86904 -2.57071
910 37.8334 20.6932 -3.32782
911 32.0866 28.5334 -1.74362
912 23.7415 21.9901 -0.904336
913 0.383522 30.694 0.0715869
914 39.2771 20.6528 -1.25486
915 34.887 33.8657 0.102599
916 26.6364 20.8937 0.379252
917 14.0039 22.0939 -0.904914
918 35.8615 6.00465 3.7293
919 27.3987 20.4176 1.64175
920 4.26134 25.5087 0.376794
921 25.7934 23.2178 1.96606
922 23.645 16.6645 2.13705
923 3.73519 24.2972 1.91878
924 31.5259 29.5768 0.472182
925 23.9396 3.74334 -0.668099
926 24.5841 2.91105 2.4334
927 6.38367 31.9851 -0.704443
928 39.2688 2.24207 -2.85052
929 39.9858 33.3075 1.4218
930 7.10148 7.34023 -1.4288
931 17.813 15.2785 0.0987025
932 3.90598 20.5301 2.69213
933 14.1881 7.61477 2.87518
934 30.7609 24.1445 -1.05898
935 11.3488 8.26991 -0.116303
936 12.7929 21.5339 -2.11147
937 15.7416 2.67416 -3.32326
938 23.0068 22.3354 -2.75047
939 14.3875 9.29229 -0.513259
940 16.3347 26.1898 -2.49126
941 24.7376 17.6376 2.25037
942 11.2474 13.6621 -0.349459
943 13.8465 6.87444 3.19165
944 3.73669 35.4319 -1.63481
945 1.61615 5.188 -0.560502
946 18.9009 24.3811 -0.698869
947 14.672 9.59356 -1.02613
948 19.6825 5.27986 0.0730013
949 9.18242 12.6738 -1.71127
950 39.1159 34.7893 -0.197683
951 7.23422 9.16242 -2.61464
952 13.1229 27.4653 2.14794
953 31.5598 22.3275 -2.19768
954 7.19398 0.392288 -2.10704
955 0.25479 3.62914 -2.75695
956 29.9283 13.5507 0.942538
957 34.7414 20.2347 0.805244
958 2.54825 37.8304 -0.0145967
959 24.1987 2.26309 0.293977
960 3.26315 37.1541 -0.0628827
961 1.58845 25.0863 3.39122
962 12.5518 28.0841 -1.98613
963 11.6507 38.6686 -0.214582
964 2.45971 5.14036 3.65555
965 34.1795 26.6959 -1.95702
966 13.2036 18.1505 -3.69885
967 12.8332 39.2896 -3.0655
968 32.3345 21.821 -2.94125
969 13.2986 4.57566 0.560401
970 19.4318 33.2914 2.21582
971 25.8225 10.8456 -2.71125
972 11.8406 18.5475 2.45283
973 8.05723 27.4459 2.62563
974 26.7778 23.8288 1.79363
975 8.27367 22.9403 2.36909
976 2.6066 16.881 0.640923
977 9.69967 36.5729 4.58323
978 13.8273 33.5686 4.50628
979 7.23779 1.24783 -2.39526
980 35.54 15.5076 4.35166
981 3.76778 23.6208 0.133136
982 38.4303 8.05459 -0.264012
983 32.8304 17.7211 0.785417
984 12.3632 31.743 1.89167
985 3.00297 24.1742 0.625974
986 20.4667 17.7225 -0.518185
987 11.4203 17.8384 3.8169
988 5.00551 26.443 -2.41732
989 23.1173 32.3644 3.48098
990 22.4625 11.8598 -0.712199
991 11.8263 22.5328 1.34631
992 1.82845 19.1492 -1.39915
993 13.3419 20.4648 1.30026
994 23.2425 22.2463 -3.39715
995 15.6701 15.3686 4.24264
996 32.1676 20.1836 -3.97422
997 32.4807 19.1915 -1.60472
998 37.7903 36.8142 0.737189
999 33.3469 13.0185 -1.96918
