1000
Particles
0 4.42969 30.279 -1.45228
1 32.0065 27.8796 2.68626
2 16.6862 4.93687 2.31931
3 6.55625 34.4987 1.15683
4 18.732 21.276 -2.98101
5 15.3421 9.45386 -0.0543256
6 28.5961 37.6209 -1.30066
7 32.9689 23.4842 -0.928449
8 9.1779 20.6461 -0.872544
9 38.5152 21.2645 0.372894
10 21.8937 0.760142 2.81331
11 4.20014 29.9193 -2.60973
12 30.837 33.8115 -0.874657
13 11.5176 6.15183 2.24611
14 29.4194 28.6387 1.28759
15 15.5581 26.8009 -1.332
16 27.1409 32.1758 -0.896173
17 33.3438 19.5435 2.21767
18 34.4848 15.2394 -3.75653
19 13.4996 27.3385 -0.0155194
20 1.78222 8.66022 -1.69276
21 38.7723 5.60818 1.2744
22 5.50998 8.23519 2.31386
23 35.3272 20.6941 4.37834
24 36.6208 9.4922 2.84597
25 2.15592 30.3941 -2.65378
26 18.4666 31.7619 -2.78733
27 12.5876 10.5452 0.171705
28 9.16415 31.291 -2.7415
29 29.487 0.0553587 -1.79092
30 13.1849 19.5175 3.9443
31 8.15897 13.6398 -1.91619
32 23.9286 3.80298 0.170318
33 11.5799 33.8213 -2.55816
34 27.9225 29.5425 1.82052
35 22.0913 8.60748 -3.06722
36 13.5678 2.74642 -0.615486
37 38.003 28.7837 0.394102
38 28.6725 1.42982 -1.8847
39 36.9888 19.0039 -2.12625
40 0.612885 34.0881 -0.51212
41 13.0691 14.1356 1.28788
42 36.8113 18.9651 -2.98912
43 20.173 29.7882 -1.32158
44 25.564 28.5644 3.76923
45 6.12743 22.7863 -0.566127
46 1.00516 4.72522 0.0898044
47 25.707 10.679 -1.81873
48 6.73118 33.2361 1.28659
49 7.06467 33.1872 -1.24453
50 3.01965 36.3073 -1.07486
51 28.1386 39.1193 3.1918
52 28.723 9.66287 -0.902225
53 15.2023 2.53114 2.46752
54 25.7269 20.2519 1.47488
55 6.56051 14.1134 1.26861
56 17.9346 13.1764 -0.319811
57 10.4757 35.6712 -0.212261
58 31.3723 23.1111 -1.81018
59 7.09728 31.4751 2.18794
60 6.2985 22.3845 -2.07632
61 15.1032 31.8228 -0.938856
62 0.18881 3.2155 -0.452514
63 8.17777 14.1592 -1.494
64 33.9133 25.7098 -3.66564
65 4.75144 37.8635 1.35188
66 0.955639 20.3963 -0.381503
67 29.5291 22.8361 2.30699
68 2.88976 5.46156 1.84775
69 16.2329 37.7891 4.22558
70 11.1418 5.93387 0.406623
71 21.0069 17.369 2.18337
72 4.85777 7.45869 3.79523
73 21.1121 26.0614 1.5872
74 7.24826 10.3539 -4.23426
75 33.3841 35.3551 3.96269
76 27.5034 6.43546 -0.549677
77 6.96622 25.6012 -2.43439
78 4.61998 37.7646 1.75273
79 2.09081 36.7882 -1.71155
80 31.864 14.3047 -0.771749
81 6.32808 35.2913 1.84335
82 13.9897 14.0877 -0.605884
83 13.6195 29.7058 0.0874698
84 25.2622 8.27735 -2.41274
85 1.99242 20.952 -0.944768
86 18.6961 12.8501 -0.598609
87 24.0245 34.5947 -2.56025
88 6.31401 0.174999 -2.49952
89 7.29444 1.56061 -1.13651
90 1.94324 35.6954 -2.91093
91 27.5218 15.2673 1.01908
92 20.6529 29.9978 0.510992
93 10.1597 3.012 1.72595
94 18.39 25.0595 0.710346
95 16.2388 2.83596 -0.993876
96 9.26451 33.7811 0.691874
97 12.4433 38.6342 2.20514
98 2.32971 23.0465 0.51088
99 11.0898 8.12275 2.34647
100 30.6595 22.8375 -3.55152
101 22.2122 25.55 -1.08343
102 21.8363 36.6288 -2.47759
103 14.6446 39.3332 -0.723887
104 23.4217 6.98652 -0.890792
105 11.7213 37.8771 3.95672
106 36.145 19.2318 -2.07694
107 21.5946 21.4908 -1.85474
108 34.7327 23.1271 0.470023
109 39.4651 33.8186 -0.419127
110 2.76861 36.2498 -2.88083
111 36.7537 33.306 1.42666
112 32.2396 1.23059 -1.90267
113 35.9403 33.459 0.924193
114 31.5915 24.6392 -3.37942
115 28.7167 19.1544 0.798679
116 19.4876 31.893 3.94327
117 30.7404 29.1903 1.15179
118 24.0656 7.89423 4.75049
119 34.1236 11.2597 1.66635
120 20.6215 29.4851 -0.901979
121 21.8076 15.3187 1.84116
122 35.2471 24.9797 4.26963
123 6.91725 24.0104 2.56195
124 11.1593 38.0829 -1.55618
125 24.8653 37.4119 0.216294
126 31.033 32.3796 0.540283
127 36.5439 5.57865 0.278878
128 33.2462 0.159703 1.38039
129 6.00928 14.9809 -4.24566
130 25.8934 9.55993 -1.83592
131 25.0504 27.8779 -0.597109
132 19.2431 39.1342 0.831443
133 1.39156 36.7167 0.0733579
134 10.9143 34.8373 0.786306
135 12.855 2.03335 -1.66615
136 25.7237 7.25158 -1.60008
137 22.9629 23.5595 -1.31324
138 5.73348 15.5605 2.89837
139 17.4487 39.5183 -2.13456
140 28.9899 0.579191 -2.97331
141 27.8867 38.9173 2.583
142 20.2856 13.5642 -1.23002
143 14.9317 21.5335 -2.79758
144 3.55878 33.3105 4.27869
145 24.283 24.1765 -1.23688
146 28.6658 13.7302 1.20761
147 37.639 35.5496 -3.65762
148 31.5458 9.54693 3.44988
149 10.0765 13.3025 -2.19075
150 13.0032 29.651 -0.392661
151 32.6446 4.53136 -1.20781
152 14.95 15.8941 1.30232
153 18.5142 6.17144 4.48051
154 26.8589 38.5092 -2.43906
155 38.4931 26.1413 0.362418
156 36.9244 27.2732 -1.45756
157 14.7386 2.61912 0.938078
158 12.9407 38.3578 0.6737
159 21.9613 30.9894 -0.62098
160 3.08704 16.8555 0.416895
161 11.0387 26.1761 0.0458659
162 27.6444 27.493 -0.786876
163 9.60744 12.4191 -3.36556
164 17.9117 8.99503 -1.82748
165 31.4765 8.07611 -2.5487
166 35.1329 3.80279 -0.150494
167 6.55593 34.5249 3.39083
168 33.4068 24.15 -1.04471
169 39.4038 2.75363 1.15113
170 36.6636 34.6316 3.70815
171 24.2745 32.4651 1.14123
172 1.99616 19.0271 0.176497
173 26.9067 31.5713 -1.06099
174 22.0311 7.99371 -3.35152
175 2.1265 5.16464 1.54594
176 20.6012 20.8956 0.925377
177 15.0172 1.75322 1.72682
178 30.4501 24.622 -0.0123159
179 21.5683 14.0461 3.32992
180 14.2587 5.70937 0.742758
181 9.63949 28.8304 -0.716078
182 13.8964 23.1982 1.21578
183 39.2072 15.9389 3.36549
184 3.18963 0.151883 0.805707
185 3.90722 8.75913 0.900781
186 21.8489 36.0772 -1.48777
187 2.36356 7.1341 4.56102
188 16.2169 15.8696 -1.70867
189 5.15709 23.465 0.560065
190 22.1571 18.9517 3.37171
191 13.6538 32.7528 2.08262
192 35.2613 2.21468 -2.04968
193 21.2287 25.5606 -0.576839
194 18.3874 21.3213 -0.471218
195 6.44708 14.9115 1.40449
196 28.8081 38.3822 0.50909
197 10.6529 36.5897 -1.60252
198 30.1514 20.3752 2.18971
199 17.7747 11.4992 0.987383
200 35.2617 0.0399707 1.84252
201 1.97944 15.6885 -1.58213
202 10.1922 20.7897 -0.378521
203 20.9468 18.0559 3.66612
204 31.1928 31.5662 -1.91339
205 3.76377 31.0041 -3.97551
206 13.9199 2.17176 1.87437
207 36.1147 1.54945 0.927021
208 34.2097 18.6068 2.13024
209 8.30654 38.8345 -1.00905
210 18.4068 21.3384 0.0341337
211 36.0594 18.4651 -2.75908
212 32.3794 33.0847 2.68585
213 36.4215 4.83149 -0.924946
214 27.2498 19.4056 0.864321
215 1.6509 17.0797 1.08674
216 36.1211 27.9482 -0.917003
217 7.74497 9.2751 -1.32442
218 10.3058 13.4255 -3.49281
219 26.5844 38.8045 3.31684
220 11.6677 3.04188 0.0290737
221 23.4957 17.0304 -1.81548
222 37.3723 30.2788 1.24314
223 16.3973 27.9356 -2.88204
224 4.46089 27.5025 -0.244777
225 36.2951 5.71847 -2.58372
226 28.4474 16.83 3.64551
227 5.6294 9.37004 -1.36842
228 12.8556 2.81081 -1.23433
229 37.4157 22.8088 -0.544353
230 34.6206 2.31762 -0.485386
231 16.9294 32.6234 -1.63725
232 32.7646 36.3953 -0.579991
233 34.9429 9.60159 1.83951
234 1.2583 5.16887 1.90667
235 39.2674 10.58 1.73881
236 21.1781 3.54756 1.70704
237 16.7559 23.5342 -1.73085
238 10.7879 9.73743 1.36489
239 34.209 15.5902 1.46281
240 15.1264 16.6006 -1.16556
241 3.91783 25.1242 -0.0616794
242 33.7426 38.5579 -1.62968
243 31.9425 38.1133 2.02467
244 5.77147 9.43463 0.628842
245 16.5334 37.9609 4.49271
246 28.9417 2.46224 -1.26952
247 0.565255 36.7409 1.9956
248 5.06345 26.2731 -2.81467
249 7.61477 0.0617546 -1.1268
250 22.287 8.18962 -1.27365
251 34.8397 2.10839 -3.38238
252 27.9696 17.3338 2.74712
253 31.7122 13.6887 -1.71808
254 6.22502 36.084 0.277001
255 28.3861 24.1383 -1.49853
256 6.3537 1.839 -2.15739
257 30.4051 17.7586 3.42387
258 24.7698 5.42467 0.749575
259 35.8029 15.1741 -2.96052
260 0.263214 3.20414 -1.44296
261 32.02 25.8306 -2.92172
262 28.7342 39.507 2.96179
263 6.90167 0.175043 -1.14203
264 10.848 22.7173 -2.04723
265 38.9766 29.6869 -0.348127
266 36.6263 12.6693 0.22432
267 9.1846 23.4859 -0.90706
268 15.3321 16.4777 1.3907
269 29.1436 39.1324 0.729167
270 34.9492 10.4874 3.1886
271 36.0639 9.55707 0.901694
272 19.4998 19.0964 -1.98503
273 30.7809 37.3639 -2.2094
274 13.3919 1.53042 -1.14719
275 13.3277 28.1874 0.903711
276 31.4068 19.6908 2.59977
277 3.34357 16.3912 1.39964
278 4.8133 11.2522 1.79545
279 17.9778 32.2489 0.507174
280 7.02839 27.2131 -0.766778
281 24.7904 19.8722 1.23883
282 6.56854 16.5802 -0.775918
283 25.3315 36.5783 -0.224367
284 32.7577 19.5656 1.6262
285 3.55675 33.3263 0.872757
286 35.4908 3.91776 0.466811
287 19.1788 14.4276 -1.74139
288 1.93929 38.7839 2.72123
289 10.2868 36.5079 -0.379396
290 29.6727 27.8176 -0.456613
291 13.1563 1.8134 -0.948499
292 31.0363 20.1806 1.47554
293 15.4725 6.05231 -1.83251
294 25.6652 25.7976 -0.0244046
295 16.9375 15.5393 4.02652
296 22.256 26.9 -0.578272
297 39.3825 34.26 0.174469
298 18.2533 0.495775 -2.57566
299 16.7035 31.4793 0.414475
300 21.7825 18.28 0.94569
301 27.4361 28.1052 -1.61807
302 23.1736 36.0818 3.96823
303 38.7429 16.0951 3.26926
304 6.84779 33.3389 0.256297
305 39.315 19.7866 0.290697
306 22.1452 14.4047 3.7008
307 11.3048 20.1641 3.59374
308 6.29912 26.1524 -0.990473
309 18.6383 37.53 -2.27134
310 18.2558 22.6035 0.337064
311 22.6421 18.2265 1.46544
312 38.8358 30.1284 -0.125671
313 23.1334 3.26677 -0.0334985
314 16.986 0.525717 1.43472
315 6.11543 35.8619 2.09281
316 36.9918 37.3667 4.86185
317 18.6578 26.8534 -0.278078
318 26.3384 31.8069 -1.56581
319 10.283 11.1487 1.07656
320 10.2881 18.0377 0.856804
321 24.527 8.31068 1.65862
322 39.9216 33.5443 -1.20103
323 2.79758 37.9022 3.18952
324 24.7677 18.7674 1.8838
325 14.3696 28.2912 0.436987
326 10.8137 12.9982 -2.60297
327 11.9117 33.6133 -2.73965
328 16.8639 36.0008 0.292628
329 9.17045 21.0845 -1.38275
330 34.361 15.3095 -4.00958
331 24.7207 1.80147 -2.34984
332 34.8469 3.2501 -1.47144
333 32.0431 23.6447 -1.66023
334 16.7146 8.70578 1.15265
335 3.93991 0.683879 3.9421
336 20.497 8.82374 0.169982
337 7.19299 21.4053 -1.50178
338 20.6513 20.4207 -0.689178
339 38.3315 33.3454 -0.406875
340 16.7467 18.1666 1.6068
341 28.461 27.6517 -0.166151
342 13.947 14.637 1.2243
343 8.60066 14.455 2.65192
344 10.858 3.41815 1.16167
345 38.103 29.2014 1.6987
346 18.336 15.5764 0.796863
347 6.44769 36.1224 2.33802
348 9.76483 21.6671 0.990654
349 16.6231 21.8308 2.27386
350 13.2719 12.7956 -2.03524
351 36.5549 25.9618 -1.10548
352 29.8508 25.5353 -3.56172
353 21.1219 16.9629 2.56789
354 5.57449 39.4327 -0.270428
355 18.0218 20.5969 -2.00013
356 37.7026 1.82307 0.568109
357 12.3484 14.5231 1.85159
358 11.1648 14.4128 2.72798
359 25.0076 30.2056 2.65002
360 30.4673 20.8943 1.30236
361 30.7474 33.9669 0.330448
362 36.4222 24.5284 0.699483
363 36.6822 8.58765 1.41527
364 9.73529 8.77796 1.20728
365 2.8336 36.4936 -4.05409
366 10.5236 3.63464 0.101401
367 11.1608 37.9824 4.0483
368 19.4685 13.6297 -0.106413
369 11.7306 8.77829 -0.068152
370 19.7219 30.9458 -1.50365
371 27.6387 16.4782 -2.21868
372 22.9327 30.1803 -0.80686
373 18.2634 16.2095 1.18698
374 9.89274 8.94862 2.75775
375 8.34816 12.9054 0.504557
376 39.4505 30.5593 1.55168
377 38.6646 5.32298 -0.776704
378 13.3688 4.77013 1.30478
379 3.63173 34.4754 1.57206
380 33.09 31.5757 3.70396
381 14.4766 39.266 -2.01519
382 3.49278 13.8447 4.15162
383 21.9568 35.9285 -2.13034
384 29.4083 10.587 -0.811183
385 16.7931 27.9455 0.201691
386 25.7932 8.99955 2.90849
387 34.4759 37.9065 4.20975
388 30.5162 31.6737 -1.82302
389 11.2106 5.44388 2.38448
390 28.1158 11.9139 3.72872
391 8.6947 14.4426 3.80554
392 23.4806 17.4364 -2.03463
393 18.9356 38.1645 -2.64014
394 25.3084 8.507 -3.11271
395 37.8767 12.6376 0.288726
396 8.8271 35.8852 -2.03584
397 5.56851 13.6305 0.436707
398 32.8343 38.3114 1.979
399 32.6834 13.6061 0.0273888
400 1.39948 1.54072 -0.718762
401 29.3628 27.5182 -0.389428
402 32.3197 12.4746 -0.621653
403 6.52049 28.2621 1.63063
404 23.949 32.6193 0.247019
405 0.709406 22.5783 -0.866725
406 19.9551 8.00101 2.49202
407 36.3072 9.39817 2.25575
408 12.3722 5.9385 1.1607
409 26.8575 4.62464 -2.18568
410 19.5877 24.9265 -0.51761
411 18.0783 30.8334 -3.00918
412 0.00106913 39.4688 2.98351
413 6.57798 13.4824 4.30282
414 9.5699 5.02726 0.316508
415 10.3078 23.4064 -1.35441
416 9.79607 35.1679 -0.648477
417 2.30425 39.4922 3.48903
418 26.5312 24.1661 -0.616378
419 20.4919 14.1892 1.83876
420 28.2919 2.76448 -1.66126
421 5.62977 13.3226 2.11513
422 10.2597 18.0384 -1.38069
423 35.4851 3.79032 -0.931213
424 21.6017 18.8869 1.86688
425 17.6371 4.49474 0.022264
426 9.77214 19.8388 -1.36371
427 21.2585 26.7634 1.69509
428 10.8632 7.03842 0.751929
429 38.5517 7.37589 -1.29403
430 11.6816 14.6702 2.91584
431 9.85446 11.8058 -3.09158
432 14.6895 33.6764 -3.79838
433 24.7186 22.2041 4.33394
434 16.7108 20.5974 -0.296098
435 37.6297 32.9563 -1.84725
436 0.984468 30.7702 2.47832
437 11.5945 2.89817 1.98664
438 1.79782 34.8561 -0.907866
439 36.0068 17.3368 -1.24231
440 22.9153 8.48155 -3.63141
441 12.6964 0.676787 -1.56443
442 12.9291 14.5485 2.01618
443 21.0144 19.0304 -1.89687
444 17.1642 21.5198 0.724631
445 11.2849 21.6936 0.154601
446 18.3622 8.22073 0.962986
447 12.0408 2.99263 -0.622709
448 30.926 22.8257 -1.51918
449 17.0423 15.6762 3.69817
450 0.898875 14.6669 -1.50049
451 33.2866 14.8082 -3.1064
452 9.11757 14.4163 4.35657
453 6.85936 21.3617 -0.0715927
454 36.4663 8.75092 3.33928
455 31.4257 38.7938 0.159007
456 9.35744 12.7345 -3.7279
457 23.9618 10.6447 -2.2087
458 27.0242 16.2336 0.244623
459 13.2623 37.7129 0.481583
460 3.70669 37.7356 2.50929
461 6.91323 0.1031 -1.27443
462 20.26 20.1943 0.747853
463 6.59685 32.0478 -0.494161
464 29.7985 29.0028 2.19211
465 24.334 10.5066 0.858088
466 35.9136 28.4522 -1.75129
467 11.0521 34.2181 -0.948127
468 16.587 35.6734 1.08673
469 26.3872 37.9813 0.765393
470 9.86236 20.727 0.501777
471 35.1015 25.7288 0.796359
472 17.435 0.177239 1.11516
473 13.457 32.9372 1.22211
474 9.87635 38.3344 1.43227
475 35.1594 2.49739 -2.29641
476 12.5927 18.7298 -1.16477
477 8.60804 35.7057 -3.56
478 28.4676 28.0912 2.14139
479 0.695599 31.0961 0.466119
480 36.9283 17.8146 -2.47416
481 28.3628 2.19536 -1.17506
482 11.0279 33.19 0.571698
483 5.69307 34.5033 0.180623
484 20.211 33.7271 -1.78944
485 7.36966 38.522 0.191379
486 18.8855 26.5599 0.0754654
487 32.8567 33.9545 1.35801
488 39.7927 4.48423 1.15329
489 26.0113 38.7533 3.63718
490 4.97111 7.12238 -2.67311
491 21.3196 14.815 0.205499
492 20.0231 37.6531 -0.569403
493 3.96372 27.5913 -3.04285
494 9.62121 14.1638 -4.87634
495 33.7008 7.50383 -0.728341
496 21.6305 27.1118 -1.13035
497 10.0989 38.2821 0.25924
498 17.9051 16.6267 0.932011
499 11.0054 17.9809 -1.2641
500 7.70301 12.3648 -1.02583
501 31.9181 12.0174 -2.57101
502 2.97861 3.29861 2.51252
503 22.7662 18.9061 3.62105
504 6.04809 1.58467 0.613307
505 7.62939 9.63545 -3.84624
506 26.8433 24.3644 -0.119113
507 21.8687 9.3192 0.764048
508 9.56266 30.0023 -0.690932
509 17.2471 39.3582 0.355351
510 26.5478 10.1135 3.06014
511 22.7198 34.7024 -0.731013
512 31.3637 24.2211 -4.14564
513 17.8157 21.5187 -1.53055
514 3.48397 29.7583 -1.27789
515 17.08 15.8032 -1.87315
516 17.2612 39.9671 0.0818639
517 12.6849 18.1508 -1.45896
518 5.16717 6.89856 2.55711
519 21.7259 18.6052 2.98694
520 0.0591232 1.2418 1.1075
521 36.5873 34.8473 1.12309
522 27.7433 22.0868 -0.466188
523 9.9485 20.5357 -0.107736
524 15.8053 23.8682 0.955306
525 8.54508 11.9163 -2.26151
526 11.1595 26.4502 1.8224
527 11.2221 38.8894 -0.545725
528 22.6397 5.12383 3.48381
529 33.0222 38.8359 -0.403937
530 33.02 16.1089 3.98155
531 28.2045 39.9737 0.226825
532 22.4401 37.0087 -2.58125
533 10.0402 35.789 -2.52761
534 6.86802 22.231 -1.38056
535 35.0008 2.50574 -0.818948
536 34.7577 14.6498 -3.45018
537 3.55453 29.9823 -1.79822
538 12.7674 2.2709 0.590601
539 15.7709 8.5566 2.90696
540 34.0888 16.0064 1.52664
541 19.8116 20.1183 -1.07291
542 30.8372 34.0725 0.216573
543 8.51034 15.4082 3.23722
544 35.8579 35.3213 3.05201
545 10.2793 27.4449 -0.0642508
546 38.5593 0.733982 -1.72663
547 3.27744 9.02676 -0.454366
548 38.7634 38.3526 -0.352418
549 0.264275 31.3319 1.26057
550 3.93561 27.302 -1.53854
551 25.1739 9.62609 -1.50868
552 10.316 3.93408 1.06285
553 9.93893 31.4524 2.50281
554 13.4092 5.98508 3.21346
555 34.1017 9.39097 4.68215
556 37.0464 18.958 -1.88155
557 9.36127 14.479 2.8847
558 29.5323 0.893053 -2.63515
559 30.0176 29.2719 0.903532
560 31.3396 21.1185 1.48192
561 1.27979 32.9098 -3.52738
562 9.73951 23.8709 -0.298426
563 5.39881 12.3948 -0.0943147
564 12.264 27.8173 1.81671
565 1.85121 20.0561 -1.69869
566 11.6721 34.8316 0.0438177
567 25.7981 12.9174 3.06064
568 2.07591 2.18177 -0.765321
569 28.7682 28.1582 2.81274
570 0.779719 30.5199 0.877391
571 13.7247 13.058 -2.69564
572 32.9052 28.5531 3.31532
573 22.0114 30.8217 -1.82051
574 14.8704 24.8161 0.25681
575 18.5827 15.9292 -0.393189
576 3.00023 2.70755 3.06626
577 25.9584 34.1428 2.46121
578 10.8653 35.8281 0.198936
579 13.3989 10.8107 -1.06238
580 9.68644 28.238 0.527183
581 7.52832 25.2274 -1.04002
582 22.9561 17.0944 -2.86909
583 20.7364 32.4778 -1.44501
584 38.3538 10.662 2.50254
585 3.90176 27.5174 -0.000760926
586 20.7477 19.9646 -2.2437
587 28.026 38.7302 1.60846
588 20.944 33.1248 -2.74288
589 25.2767 9.74521 -3.12787
590 1.96739 5.99131 1.60397
591 11.4678 26.0726 1.65792
592 28.8816 28.2755 0.382519
593 7.85638 25.53 -1.08566
594 3.1586 3.78099 1.2752
595 35.8708 25.1063 3.13653
596 38.8302 0.334883 -3.18688
597 31.1505 12.1603 0.487448
598 38.3999 14.3401 1.62849
599 6.07058 32.4674 1.66126
600 3.05984 37.2007 -3.5437
601 22.5371 36.1426 -1.19535
602 17.7767 22.0607 1.02322
603 16.7393 4.60662 -0.920233
604 31.0321 32.8756 0.870191
605 10.6999 25.0778 -0.03351
606 37.5137 29.3513 0.889466
607 39.2932 11.061 0.248672
608 4.06434 3.90341 1.07343
609 24.2288 3.62785 3.45517
610 31.6335 26.3058 -0.111595
611 0.986469 24.1656 -0.768837
612 22.1371 10.6198 1.08052
613 18.4589 14.2048 0.126917
614 33.8677 1.11756 -1.12017
615 32.6267 10.0876 -0.0378172
616 34.5285 24.3887 3.92329
617 25.4651 25.4021 1.17627
618 6.07883 38.9003 3.61367
619 19.611 32.3324 -4.08618
620 36.2079 4.20788 0.477194
621 25.261 19.7912 -0.5692
622 25.8306 9.03856 -1.27953
623 21.6708 17.9308 1.99747
624 36.1079 5.63375 -2.67088
625 10.613 8.06065 3.17979
626 5.93892 36.8006 2.33698
627 2.94267 35.2165 -2.40284
628 18.2594 6.68897 1.34429
629 26.2225 6.43445 0.502607
630 37.4284 36.2605 -2.63197
631 26.1324 2.48041 1.35704
632 33.869 35.9098 1.27449
633 7.08982 26.7309 -1.38842
634 37.954 8.55786 0.736781
635 29.2758 26.8285 -0.824223
636 22.4709 11.6396 -1.88101
637 7.97571 32.0527 0.62457
638 29.4101 29.1589 2.79051
639 30.3821 18.1606 3.32337
640 10.3135 17.8416 2.13633
641 33.1431 5.22461 -1.19252
642 11.6088 32.7206 3.17206
643 32.6578 35.1849 1.95287
644 10.749 8.71157 1.44353
645 5.53096 8.12016 3.30655
646 13.6352 3.70059 0.782381
647 7.31315 8.37795 -1.16053
648 32.8007 35.7435 3.23217
649 14.1617 14.8044 1.49764
650 23.9607 20.3614 4.61872
651 29.6442 19.2428 2.35364
652 6.58839 29.3422 -4.2293
653 9.62082 37.4994 2.41536
654 24.0936 17.5443 -2.70365
655 35.9512 32.7778 2.34099
656 8.84899 10.39 -0.294462
657 24.2653 9.7278 1.37745
658 9.60947 23.5576 -1.12345
659 3.82107 38.8726 0.847039
660 22.7279 15.4382 -0.124553
661 4.78553 13.882 -1.35187
662 37.656 38.7312 -1.79062
663 7.65987 16.3898 -1.61259
664 33.9573 19.5047 1.37135
665 32.9805 38.1693 1.69639
666 26.5261 2.06621 0.349692
667 33.0543 32.1297 1.69814
668 11.7383 30.7184 2.77019
669 10.681 35.9697 -3.56883
670 36.9783 31.6407 -1.64822
671 29.013 5.31434 0.221256
672 14.7072 34.3654 -3.97523
673 39.8617 2.73966 -0.321414
674 1.60182 16.9224 2.35333
675 32.2764 16.2304 1.06878
676 35.3122 2.64272 -2.18413
677 4.08043 22.3948 -1.818
678 24.3276 0.20078 -3.89225
679 24.6738 22.2085 4.12293
680 19.1055 35.7618 2.09379
681 6.11013 38.9274 -2.07299
682 36.6148 0.539598 1.55882
683 23.3513 27.4742 -0.077324
684 6.56436 28.4651 -0.378009
685 25.1818 30.8767 -0.101398
686 5.43242 35.1534 -1.17233
687 18.0313 13.1851 2.50632
688 28.1156 6.36233 0.997294
689 7.56539 2.10649 0.297154
690 11.7259 38.024 3.70641
691 19.4949 30.6724 -2.73191
692 27.8459 21.3044 1.39764
693 0.963304 20.8527 -2.77441
694 23.6917 21.1035 3.89951
695 16.1918 28.5459 0.0203732
696 15.0528 23.0397 3.58509
697 31.2423 7.14064 1.42357
698 32.1596 11.2247 -2.70102
699 35.7647 20.3351 2.39408
700 5.99236 1.46438 -2.14183
701 11.1523 39.0271 -0.65318
702 5.38839 35.9908 0.0916773
703 0.561884 12.6155 1.52952
704 28.2201 39.4742 2.28216
705 9.61144 27.5081 -1.1516
706 37.3419 36.1128 -1.16889
707 17.2971 2.42589 1.72661
708 38.4071 18.0968 1.56407
709 24.2481 17.6118 0.424751
710 18.1661 0.20199 1.57703
711 33.4613 31.822 2.71115
712 31.8399 24.0221 -2.23716
713 36.2334 17.3088 -2.58221
714 26.6004 31.8688 -0.376501
715 38.1978 34.6127 -1.41685
716 16.1671 31.106 0.243317
717 15.4153 31.738 -0.880625
718 4.79613 26.812 -1.80587
719 9.03096 30.8611 -2.75347
720 10.9321 21.7643 -0.510165
721 20.517 38.3252 -3.09272
722 3.81734 0.539143 4.04297
723 6.42149 39.6347 0.115372
724 21.2445 38.4998 -1.38553
725 23.8414 34.707 -2.37865
726 2.6821 29.1972 0.875772
727 6.8297 22.8219 -3.43214
728 5.35292 1.02938 -1.79858
729 17.7211 0.203702 0.625168
730 19.9028 10.9911 2.12192
731 29.7375 18.3721 1.43202
732 24.4932 36.7011 1.643
733 30.3675 33.4249 1.17674
734 33.7825 10.49 3.64624
735 16.3736 35.8048 0.155576
736 20.2965 29.5303 -0.928822
737 4.72577 30.8166 -4.1919
738 22.3073 12.8674 3.38766
739 13.2322 25.3606 -1.01027
740 33.7401 25.5196 -2.87313
741 10.2164 25.1435 0.896152
742 16.8497 16.103 -3.15332
743 24.4906 23.0273 4.32517
744 31.1075 20.9324 -0.521987
745 11.8346 38.3216 3.67911
746 15.5001 9.58703 1.49049
747 18.975 25.5555 -2.27385
748 16.3357 35.7466 2.75179
749 7.55538 4.28531 3.48584
750 4.15072 34.6104 4.44616
751 5.92495 33.5596 -1.97015
752 8.27878 15.0428 2.0946
753 17.9567 21.6572 -0.642789
754 34.895 25.1031 2.84894
755 27.8691 7.96895 -1.11199
756 9.62722 5.57025 2.22822
757 9.45748 31.0548 -1.78368
758 39.381 19.4836 0.551189
759 4.9424 30.104 -2.82598
760 30.8358 32.1954 -0.189059
761 8.75595 21.125 0.879027
762 20.2824 24.0542 1.37199
763 3.82322 0.710317 1.97259
764 18.7846 12.9814 1.38464
765 36.949 14.9786 3.78279
766 7.70243 10.7024 -3.29858
767 28.9393 8.34259 -2.54908
768 8.43494 14.9519 -1.44677
769 15.6445 31.7198 -2.62309
770 4.67858 24.733 -1.14818
771 7.468 17.6982 -0.929519
772 10.1802 33.2083 -0.27737
773 32.0508 28.6652 3.22973
774 2.33275 35.6398 -1.12875
775 17.0795 6.7065 2.56907
776 6.75067 12.7919 -1.79152
777 34.1592 28.2087 0.486795
778 35.5337 32.0569 2.74373
779 15.5663 1.44351 -0.841393
780 0.618902 2.6038 2.82667
781 4.16006 36.0888 2.22722
782 8.3991 7.90994 -1.1042
783 10.9605 12.1339 -1.97846
784 35.2805 2.64523 -2.00041
785 17.8203 7.49739 1.57834
786 2.48804 16.4737 -4.39171
787 36.3816 5.12628 -3.03021
788 6.75881 31.2866 -0.207108
789 35.6352 3.79397 -2.52927
790 12.924 29.5792 1.28068
791 10.3868 22.8969 0.909671
792 10.7377 20.9306 2.23562
793 18.4481 35.9661 2.01604
794 22.6105 23.5071 -0.346859
795 38.5573 4.54521 -1.1184
796 16.5037 16.3931 -0.692746
797 2.2814 28.8328 1.20234
798 25.1281 11.0541 0.580181
799 29.4466 5.19558 -1.55667
800 35.7325 8.71397 3.20641
801 18.7781 17.0985 2.20244
802 37.0218 27.5267 -0.0293623
803 11.9092 0.0760509 1.36357
804 3.2201 18.6123 -3.46103
805 4.87159 24.665 -1.71024
806 4.48603 27.762 -1.82949
807 30.2828 15.8324 2.97266
808 16.0927 28.1204 -0.122131
809 28.5078 19.52 0.000680206
810 16.1015 38.5443 3.35756
811 39.0728 26.1135 2.07324
812 8.59138 12.1506 0.548898
813 4.00004 11.9818 -0.66708
814 26.3294 39.6853 3.25019
815 28.0189 16.8963 3.08328
816 15.653 39.5563 -1.35298
817 16.7356 35.5995 -0.0904265
818 7.21525 9.31908 -2.15004
819 32.7355 8.01927 0.495252
820 8.1621 1.33675 3.41339
821 14.2348 13.3964 -2.58999
822 3.22323 0.79606 2.75212
823 26.4573 2.21871 2.54918
824 28.5163 13.6868 -0.19502
825 37.2386 38.1315 3.29546
826 5.6239 14.4819 2.20492
827 36.0399 9.19374 1.85012
828 12.6023 17.9664 -1.94902
829 8.75291 30.6405 0.0152048
830 11.1862 14.2542 2.83981
831 16.9351 37.0486 -1.16897
832 34.7793 2.26661 -0.14078
833 13.9791 16.283 2.43231
834 18.5738 9.78978 0.164494
835 5.88226 31.3664 2.09104
836 22.6227 36.3598 -3.08091
837 33.0162 36.0072 3.35695
838 19.875 8.20225 3.25661
839 4.52806 15.004 -2.49583
840 27.5005 15.2061 0.756836
841 27.8704 34.2634 -4.29931
842 16.7847 33.5483 -1.47551
843 16.1518 3.64034 2.82806
844 4.77905 27.1117 -0.601854
845 2.57088 33.5452 0.981368
846 9.16992 26.0193 -0.629574
847 1.56042 29.1961 1.53074
848 27.8197 27.2468 -0.487222
849 18.924 17.9143 0.697984
850 30.3937 36.1808 2.59939
851 8.25097 5.61922 1.70492
852 29.332 23.2806 3.93672
853 18.5572 18.9751 0.763464
854 2.57476 38.2704 2.22249
855 13.67 37.896 0.466903
856 11.05 36.6012 -1.26808
857 10.402 29.8661 2.2417
858 37.0756 28.3199 -0.394097
859 13.029 0.963979 -0.71314
860 36.5559 16.7103 1.60951
861 5.5653 13.1449 -1.00535
862 7.69259 27.6558 -1.43799
863 11.7644 10.822 3.15179
864 13.1013 9.51995 3.3309
865 23.5282 36.0502 2.8818
866 29.2488 2.81867 -0.925518
867 25.1723 26.9576 2.6356
868 32.4435 26.3745 -0.237481
869 5.63472 15.5564 1.53377
870 35.2739 2.27962 0.274472
871 19.0314 24.8309 -0.478355
872 34.1436 18.5162 3.79939
873 10.5393 14.0053 -1.21426
874 27.5651 12.4131 1.11104
875 28.9907 1.04436 -4.47881
876 13.3046 21.3867 -1.30308
877 33.0486 15.7219 2.73308
878 39.0048 36.8933 -3.86035
879 7.32838 31.1065 1.34836
880 36.0507 20.0338 0.293535
881 13.169 21.4504 -3.37591
882 27.6507 3.82483 -4.62065
883 32.8413 29.4961 3.49254
884 1.52689 17.8562 2.76672
885 15.1812 12.263 1.08337
886 20.4369 20.9093 -1.08168
887 4.14127 22.7977 0.330667
888 32.1857 22.617 -0.0296895
889 37.3447 6.68394 0.275807
890 12.8628 18.1913 -1.55756
891 19.8916 20.0852 0.859402
892 15.6708 8.52051 -0.301897
893 31.1332 25.976 -0.0739338
894 32.0956 27.8895 2.92243
895 34.7771 9.38984 4.17309
896 15.2159 39.5965 -1.90012
897 2.8678 14.0196 2.30774
898 18.4832 19.0875 1.36292
899 7.28207 22.077 -2.51452
900 7.104 36.4587 -1.33842
901 2.01766 36.1268 -0.2842
902 6.4551 28.6473 0.894978
903 7.47693 36.5159 0.344578
904 15.8249 0.0858001 0.278104
905 35.198 37.975 3.91532
906 18.4133 14.8835 0.420945
907 9.08651 23.3276 0.315378
908 36.7091 37.5328 3.45755
909 6.21824 35.4785 2.36029
910 37.3628 21.2993 1.12162
911 32.8044 39.8709 1.65033
912 27.3595 14.3384 -1.57454
913 36.3355 34.1549 3.43406
914 0.928156 24.1573 -2.66959
915 37.7884 36.8832 -2.01164
916 35.1794 19.5401 -4.48657
917 19.5233 24.6427 0.378838
918 0.195032 5.78582 -0.634595
919 26.7906 24.375 0.841275
920 2.43999 18.5875 -0.288606
921 30.6095 20.4719 -0.26422
922 22.3444 18.1049 3.19441
923 7.03625 28.0338 0.761573
924 32.3016 27.1074 -4.739
925 19.3141 13.871 1.01524
926 21.2967 12.8447 -0.329657
927 1.80969 32.1344 -2.30724
928 37.0284 6.12316 -2.19539
929 6.11906 31.5185 -0.129408
930 4.27458 3.81909 -2.66308
931 13.8778 23.487 1.70543
932 33.4731 25.4053 -1.55203
933 16.2952 0.305834 -0.954581
934 28.7528 24.149 -2.14292
935 10.4614 14.2343 -2.74781
936 15.2667 19.5841 1.25973
937 24.6743 5.40903 0.34281
938 13.198 18.9134 -3.67039
939 10.5994 3.73584 1.57428
940 12.493 26.6816 -0.361359
941 30.1869 27.3076 1.46894
942 9.45201 23.0749 -0.496909
943 12.9793 4.18748 1.26119
944 7.27093 36.9376 -1.30978
945 0.0527166 2.88105 0.792204
946 13.8109 19.6981 -0.0446821
947 9.44935 8.33241 0.121542
948 15.7515 8.72152 0.525874
949 8.4676 5.25634 -0.209433
950 8.66426 26.9586 0.0133544
951 10.3892 8.295 2.97406
952 14.5656 23.6291 2.3889
953 34.8193 18.9035 -4.05387
954 5.89821 37.25 -1.76101
955 10.4726 38.9908 -0.665708
956 26.9386 17.0659 -2.74616
957 34.3905 15.8661 1.50024
958 2.95144 3.00383 2.74877
959 33.5151 14.9825 2.6792
960 5.86747 37.9076 3.84751
961 6.2571 23.6418 3.95641
962 13.6668 28.619 0.425225
963 11.6306 39.0317 3.34515
964 39.4142 6.17186 -0.735309
965 39.1513 30.3529 1.31006
966 14.3822 15.363 1.90779
967 18.2135 39.1115 -1.5601
968 37.1948 16.7737 2.54724
969 12.1015 4.63535 -0.0200668
970 12.2337 37.6551 1.67059
971 22.7109 15.2632 -1.60036
972 15.5354 21.0717 -2.17242
973 6.80996 25.1873 -2.33678
974 32.9038 23.8057 -2.09958
975 5.94869 22.3168 -0.94764
976 5.31303 13.0135 -0.548065
977 7.26255 36.4092 0.968236
978 13.5095 33.0195 1.47633
979 8.0306 1.87273 0.553727
980 34.2981 15.4089 -4.40378
981 6.56056 21.6504 -2.44787
982 34.16 0.170581 -1.25335
983 38.1781 18.6977 1.08094
984 10.5599 30.9283 3.11805
985 3.07131 24.962 0.429792
986 19.9818 19.9297 0.237703
987 10.3664 12.7031 -4.25191
988 8.48764 23.7582 -0.169344
989 27.4832 32.2949 -1.63627
990 23.1852 17.4052 -0.197614
991 15.8903 19.6894 -2.87294
992 3.79909 8.72022 -2.3091
993 10.8468 18.5383 0.930775
994 23.1202 18.6694 1.81441
995 12.4925 18.9505 -3.27032
996 32.9021 23.1547 -1.24117
997 2.24847 16.12 4.27654
998 36.9911 39.8492 0.419412
999 39.661 5.86944 0.599942
