1000
Particles
0 5.82902 36.2847 -3.9626
1 26.5522 29.7105 -2.19848
2 14.1495 8.50823 1.81412
3 11.2584 4.66901 -3.06988
4 19.4326 23.8995 1.32061
5 14.1491 18.211 -2.67294
6 33.38 5.55895 -4.75101
7 34.7606 18.7589 -1.91481
8 3.97249 14.7753 -3.12524
9 3.06231 23.1387 -2.82116
10 22.3552 4.75576 -0.419891
11 10.3433 34.3709 2.37457
12 31.9524 33.592 -0.293612
13 21.9488 4.15892 -0.395299
14 18.9566 29.4512 1.72775
15 15.9754 29.8639 2.51472
16 23.6698 32.4205 0.97629
17 1.03286 24.0626 3.06035
18 34.0234 16.1103 -0.0458229
19 17.0353 29.8257 -0.195273
20 3.44776 7.02143 -1.28844
21 3.1943 5.34542 -0.455074
22 5.41131 5.51811 -0.116164
23 36.8054 24.3787 -2.76502
24 36.7996 4.22803 -0.690756
25 39.8982 32.8979 -2.8687
26 24.4221 33.1382 1.75278
27 13.2651 7.95716 -0.284119
28 15.2676 39.4846 -2.16058
29 30.0347 2.9785 -3.47135
30 14.6869 19.367 -0.645099
31 12.017 10.4597 3.43418
32 28.1019 38.7402 -1.22632
33 9.9819 35.7511 3.01486
34 24.549 32.4599 0.880458
35 25.2123 22.5234 1.35212
36 18.08 5.42985 0.817363
37 33.8759 33.834 2.29468
38 36.4912 4.06645 -3.25994
39 36.2205 24.6851 -0.586338
40 0.700585 35.762 -0.0120702
41 15.4414 9.52549 0.278795
42 33.9521 14.3605 -0.915624
43 22.0903 22.6594 1.4271
44 15.3635 26.2505 2.32577
45 39.7564 21.2532 -3.29226
46 0.73797 7.26273 0.336355
47 26.0541 16.3167 3.83527
48 3.44554 37.172 -0.730743
49 6.83554 37.7071 1.86268
50 4.99606 32.4849 1.40914
51 27.8607 6.13798 1.19438
52 33.204 11.4815 0.856665
53 13.0966 5.73476 1.32121
54 25.7809 8.63089 -0.272844
55 9.65042 10.2972 -0.511674
56 9.95284 12.5182 -3.99492
57 11.5153 35.9633 1.22806
58 33.8879 25.1694 -1.07632
59 3.83108 37.1126 -0.0587024
60 6.81302 23.5012 -1.76006
61 22.9128 34.6463 -2.70054
62 38.9827 3.57276 -1.1504
63 14.7468 16.7339 -3.40058
64 33.8648 31.1809 0.462927
65 12.0367 39.9833 -0.877616
66 39.8108 20.1185 1.81151
67 19.7577 23.5069 -1.90718
68 39.0376 4.98235 -1.78166
69 12.4509 38.1975 2.35415
70 10.6092 3.04748 1.79959
71 14.9813 17.0704 -1.99126
72 7.56276 11.3571 -1.5001
73 21.0209 31.5473 2.08474
74 10.6296 4.73504 -0.308624
75 27.5876 35.8747 -2.08121
76 31.4301 1.03685 -3.23508
77 10.3753 28.6013 1.48339
78 38.6139 25.7954 2.36539
79 3.51306 0.506684 0.265949
80 37.0138 17.8392 0.686521
81 12.6365 34.8356 4.33841
82 14.5992 16.9799 -3.15903
83 13.7513 27.345 0.592265
84 23.8514 9.63996 2.13812
85 1.45229 19.7618 3.10375
86 20.1466 13.7959 2.69157
87 24.5149 34.0814 -1.30381
88 13.9155 4.21449 3.37963
89 8.01661 1.93194 1.42897
90 37.8235 31.4169 -0.889244
91 25.2288 14.2975 -2.71382
92 16.7095 28.255 -0.895309
93 12.5723 39.7259 -3.76419
94 14.2107 25.0589 0.718697
95 15.9731 3.57486 1.79107
96 8.45973 0.68394 3.49395
97 24.3939 38.1381 0.571192
98 5.06307 21.3938 -2.0751
99 12.2827 4.42754 2.38681
100 37.0283 24.0679 -3.90114
101 15.4304 21.8884 0.872279
102 24.8397 37.0895 -3.02359
103 18.2212 2.2428 2.73791
104 20.687 11.254 -1.79989
105 14.8293 0.149033 1.6548
106 31.0308 24.1767 1.88791
107 17.136 21.7084 1.25593
108 39.582 21.6964 -2.86168
109 36.7269 27.2261 -0.550568
110 37.1042 32.2512 -1.27109
111 32.4263 38.2003 -3.2839
112 37.7794 6.17531 0.995011
113 35.7632 35.7821 1.2017
114 34.1403 22.4725 2.05957
115 25.6864 17.2023 2.48134
116 17.3224 30.7232 0.68114
117 26.5319 31.3109 -1.70639
118 21.5571 2.99717 2.93261
119 30.9227 11.1792 -0.161085
120 27.3863 31.0967 1.25791
121 17.4431 19.8959 1.34292
122 27.9073 29.4117 -1.06075
123 12.0594 29.1805 2.21137
124 15.5931 0.618673 -0.286031
125 20.717 6.37807 -2.24784
126 30.7184 36.7167 -0.943311
127 28.3039 6.74221 1.66706
128 24.6637 3.88024 1.42973
129 39.8081 18.2501 -2.90877
130 24.3555 12.6336 0.786623
131 17.1314 27.3294 0.821044
132 13.9472 38.0617 2.76967
133 1.48983 39.192 -3.54488
134 10.4393 36.1817 4.75424
135 15.7794 2.57689 0.784591
136 29.3708 1.15466 -1.87268
137 27.4016 22.7426 1.60745
138 3.93929 17.5628 -2.91198
139 16.2764 37.853 -0.388902
140 29.2765 4.02467 3.28729
141 27.1344 4.18103 1.70113
142 19.7425 15.2677 -4.21724
143 19.6115 19.9792 2.77693
144 36.0059 28.0362 -1.41947
145 23.9988 26.9756 -0.924492
146 36.9078 15.7249 2.919
147 36.0894 28.8749 0.377214
148 30.0656 8.32123 -2.94861
149 14.227 18.0955 -1.61502
150 10.9524 25.5084 -0.192687
151 31.0364 2.34792 1.11766
152 19.215 9.98752 0.186739
153 13.378 7.72674 -0.189574
154 27.2467 0.157684 1.75323
155 1.50869 24.9486 0.279585
156 1.49708 23.4277 -0.773357
157 17.6484 3.28133 2.82447
158 12.9018 8.9971 -0.816274
159 23.066 33.7323 -1.90331
160 10.3582 23.4527 0.930699
161 12.3869 23.8477 -1.42182
162 29.0012 25.5259 1.76931
163 15.6276 18.831 0.295658
164 22.6381 10.0256 0.175137
165 33.185 8.28614 0.0709711
166 36.9827 2.49665 -3.19614
167 4.27579 34.4773 -1.50471
168 36.3061 27.2829 -0.00913325
169 3.21182 7.09842 -0.146128
170 29.0246 36.8604 -2.95567
171 19.6244 29.4791 -2.01842
172 10.2242 16.5571 -3.34398
173 32.3561 33.0624 -1.03922
174 23.761 8.58676 -0.0230053
175 1.53181 10.0068 1.03124
176 27.4716 22.033 -1.5164
177 10.3311 4.23697 1.12234
178 36.7214 25.8396 -1.06098
179 21.6779 15.0696 -0.438057
180 19.4801 5.73148 2.06427
181 15.4386 27.6458 1.06086
182 15.127 23.9046 -1.41887
183 39.8009 21.7696 -3.86446
184 2.21471 38.4253 1.67204
185 12.0613 10.0411 1.58547
186 19.9076 39.8786 2.02954
187 34.5826 5.85816 2.82134
188 16.743 8.85574 0.616536
189 6.3054 19.5422 -0.00790547
190 25.5343 18.3661 -3.89021
191 14.3238 20.773 1.45629
192 2.99863 36.6503 3.10717
193 20.7319 29.6478 3.3737
194 19.8939 25.6071 -0.674662
195 4.77858 20.8665 1.29884
196 34.2187 3.22075 -3.90391
197 12.0007 36.5252 2.81141
198 32.4494 23.4342 0.94763
199 19.6462 10.7747 -1.76284
200 36.835 35.7203 1.41046
201 3.58774 15.0133 -0.698101
202 12.145 16.4786 0.243951
203 22.1886 18.0279 4.06278
204 31.8335 28.2089 -1.58357
205 8.9798 29.9566 -1.70492
206 5.37822 1.67448 -1.05456
207 35.6669 3.1402 -0.751034
208 34.3738 23.2179 1.29885
209 1.40603 4.94127 3.18596
210 25.4012 26.7943 -3.46469
211 32.4422 18.1417 -2.63967
212 29.1454 36.6941 -2.62803
213 37.7861 39.4183 1.79951
214 29.1959 26.3016 -2.92652
215 4.34605 14.2442 0.985714
216 32.2034 31.6543 1.74044
217 11.6096 7.89045 -0.0446456
218 6.91264 15.7235 -4.50406
219 25.2556 36.0566 -1.02954
220 12.4377 5.44367 3.22531
221 20.0245 22.5113 -1.62793
222 36.1965 26.9977 -0.27971
223 12.2972 21.153 -3.90459
224 4.22565 29.0084 -2.56915
225 3.03108 6.64068 0.59375
226 25.1721 18.2988 -4.62316
227 7.75498 6.13175 3.6248
228 16.2578 38.8605 -2.32725
229 4.10491 26.9984 1.73056
230 30.0025 33.1304 -3.4944
231 16.0589 29.0373 2.39542
232 34.4402 30.0735 -2.07094
233 34.6945 3.66347 -1.59526
234 37.8195 8.73424 -2.04666
235 3.15635 13.0908 -0.162957
236 18.9203 9.14663 -0.692756
237 13.7498 24.1465 -1.22624
238 12.8991 10.8082 1.86262
239 34.5149 9.95393 0.209009
240 18.67 17.3404 1.7622
241 38.1359 25.8769 -0.315825
242 28.4377 6.73458 1.79659
243 27.8038 35.085 -2.16201
244 2.2081 5.59885 -0.561214
245 17.6446 27.1022 -0.169406
246 24.8246 6.66523 -1.31161
247 4.95684 2.52332 1.95965
248 11.8796 24.5541 -3.68058
249 8.96361 0.617755 2.83629
250 24.8722 4.37639 -0.810042
251 29.9882 0.439131 3.56123
252 28.0504 15.1649 1.7359
253 35.0615 16.2194 -1.45802
254 9.75937 38.9971 3.47672
255 30.4768 20.6018 -1.60678
256 3.18264 0.96857 0.433132
257 26.41 16.3246 2.86977
258 32.9215 4.2414 -1.71586
259 33.8812 21.9574 0.943447
260 1.15948 4.54878 1.92564
261 32.1408 21.125 1.24996
262 25.4634 37.7586 -3.97954
263 1.39939 28.4301 -0.134326
264 10.4499 16.4274 -3.28085
265 3.30561 28.5482 4.25596
266 6.54741 17.873 0.974836
267 6.72778 17.9851 1.11151
268 19.3171 18.7806 1.74657
269 39.2143 36.7302 -2.16946
270 30.3931 13.9167 2.61772
271 3.59244 14.2348 2.1775
272 24.576 21.3282 0.984014
273 35.259 26.8134 -1.41891
274 11.8433 37.0057 1.93576
275 8.72465 33.0996 3.00102
276 29.5907 19.3804 -3.81435
277 3.27582 21.1404 2.40106
278 4.13264 16.9034 -2.30608
279 15.5157 29.669 2.8218
280 4.10242 30.4519 0.326182
281 25.3441 27.342 -4.96612
282 9.27216 19.5568 1.98446
283 25.8634 4.65098 3.12479
284 32.1294 17.0408 1.57286
285 7.29781 38.1896 0.627537
286 37.1744 8.33796 -1.9517
287 15.3523 15.1846 -0.0204747
288 1.31246 1.3505 3.38735
289 7.91238 36.4185 1.8443
290 31.4796 27.811 -0.443692
291 16.4131 4.50932 -1.21197
292 29.5437 21.6852 -1.87085
293 18.3701 6.7117 1.38307
294 32.6354 29.397 1.9136
295 17.085 11.8341 -1.75462
296 21.6174 29.6647 3.5763
297 38.6597 28.5785 -2.24351
298 19.1482 2.37894 3.17522
299 15.127 24.4796 0.50771
300 16.4043 11.5053 -2.80546
301 23.3637 30.4679 0.771687
302 22.6813 3.94271 -2.43894
303 0.613734 18.3167 2.19722
304 9.13192 33.3915 1.74617
305 1.65742 27.3455 0.360337
306 25.7962 21.1727 4.21577
307 13.7452 17.8005 -2.75785
308 12.1382 31.9607 1.87312
309 20.5758 1.52805 1.7401
310 14.6355 20.1593 0.704004
311 21.8037 25.168 -1.27492
312 38.1667 27.894 -1.99704
313 24.458 5.86988 -0.128453
314 20.4403 1.16583 1.77111
315 1.1589 35.0073 -4.13492
316 29.3841 38.1829 0.113504
317 17.0538 29.496 0.215729
318 24.6185 34.201 0.207887
319 6.15724 3.22143 2.55552
320 11.5148 17.0662 1.14662
321 30.5063 10.2666 -1.01721
322 3.33768 37.5424 -0.685394
323 37.8755 32.2203 -0.202241
324 25.2374 14.4268 -2.17149
325 10.9535 30.3519 0.908468
326 12.3966 8.31088 -2.31098
327 11.423 35.029 2.51663
328 13.7667 31.4665 3.3157
329 17.5844 19.8954 1.37768
330 3.11993 9.18255 2.02142
331 22.5785 5.62757 -2.93028
332 37.0477 3.19923 -4.0195
333 33.7159 24.7103 2.82651
334 11.9419 9.62828 -1.38207
335 3.52697 37.0002 -0.437797
336 21.925 6.53877 -0.576395
337 11.3451 22.4159 -2.2559
338 24.3622 26.2897 0.012005
339 2.71407 30.752 1.86984
340 18.9305 11.7806 -2.87323
341 36.3025 26.2598 -1.09368
342 18.326 9.77086 -1.71309
343 5.24385 13.6707 -3.02428
344 12.3443 3.68762 1.72761
345 1.48763 32.9876 -3.09513
346 14.1199 11.243 3.08465
347 7.11492 38.2825 2.63564
348 11.6916 11.3239 2.78995
349 18.2507 24.0348 -0.711587
350 8.30492 13.6395 1.8611
351 37.7757 24.0561 2.87782
352 28.2389 21.5957 -0.265846
353 23.2062 16.0682 -1.49054
354 39.9737 32.5184 -1.00188
355 14.0022 21.5614 -0.418775
356 3.10851 34.9518 0.480885
357 8.38152 6.06793 4.82062
358 13.3079 10.9012 1.61487
359 27.0836 22.5452 1.82638
360 35.8569 27.6769 0.237383
361 26.5292 32.1164 -1.75722
362 31.9407 27.5199 0.0388348
363 32.3458 13.1459 0.24046
364 17.7756 13.555 0.240899
365 39.2554 34.4083 0.946996
366 11.4612 0.921482 0.826198
367 4.5936 0.61548 2.90166
368 21.5083 9.96819 2.14249
369 19.1439 12.5946 3.22616
370 22.9939 34.1746 -2.80457
371 36.3763 16.6193 -0.847115
372 22.0366 27.3857 0.964887
373 14.8319 19.2764 -0.697855
374 12.7466 15.5354 3.1139
375 8.60877 10.8458 -1.07758
376 36.8404 29.6685 0.773604
377 33.0191 12.0635 3.25502
378 18.8433 8.35232 0.562536
379 0.399648 34.4873 -1.59024
380 35.6672 3.62533 -1.45601
381 19.0994 0.97825 1.53755
382 1.89235 12.1442 1.0344
383 16.582 24.7865 -1.6647
384 32.9018 8.36362 0.332132
385 20.7272 29.268 1.94281
386 27.3946 8.24576 1.18271
387 3.10681 1.99373 3.47646
388 29.94 33.6471 -0.638434
389 21.218 35.1158 -3.03096
390 28.4055 7.30569 3.59246
391 12.6477 10.9358 2.8708
392 24.5002 15.0755 1.21449
393 18.956 1.47471 3.61148
394 30.0232 11.6424 -0.404098
395 39.5371 9.53633 2.50603
396 21.052 2.00409 4.33162
397 5.66905 19.9007 0.323277
398 25.6156 36.1562 -3.24924
399 30.9344 15.975 -1.12306
400 2.51958 6.29146 1.19294
401 31.7832 26.4445 1.21535
402 4.08926 7.83184 0.0454486
403 9.38411 28.0064 -1.38898
404 21.9511 31.6267 2.44272
405 6.79752 22.409 -4.4389
406 17.506 10.012 1.28372
407 1.9842 10.0005 2.87717
408 11.0766 7.99998 -1.79837
409 29.3102 10.5954 0.87704
410 22.5948 28.1298 -1.71545
411 18.8915 37.6466 1.7523
412 2.85946 5.49107 1.56495
413 3.11138 22.0975 3.02494
414 11.5231 4.9428 0.908334
415 11.9165 24.4234 -3.33339
416 1.0166 29.3972 -1.7753
417 1.71559 3.53332 3.63497
418 27.8605 23.3335 -0.487688
419 28.2867 13.4453 -0.0516676
420 24.6684 2.74205 -2.29703
421 7.21213 11.8442 -2.42011
422 11.2276 12.6479 -1.77502
423 1.29474 8.41276 3.86977
424 25.0177 17.4824 -3.68635
425 23.1991 0.156963 -1.37845
426 11.414 13.5583 -0.175258
427 22.0052 29.7124 2.9613
428 12.2752 39.7816 -2.76695
429 36.2775 6.32899 0.0286362
430 9.66356 13.8135 -1.87686
431 8.31809 8.29591 -0.0223373
432 14.4529 32.0108 -4.80689
433 25.644 19.1882 -4.06977
434 15.8843 22.1823 1.85813
435 38.3325 30.8029 0.768116
436 36.4368 26.0221 -1.53027
437 9.79238 4.59599 -1.35254
438 2.48003 0.985639 0.993792
439 38.0477 21.7469 3.3303
440 18.6308 9.10859 -1.09848
441 21.7788 35.9391 3.55729
442 18.1635 10.0862 -1.88164
443 16.5729 25.1387 -1.65328
444 12.122 24.5178 -3.7524
445 14.6084 19.1539 2.30542
446 22.2802 5.64433 -1.37657
447 12.4864 9.29256 -1.17234
448 32.4521 20.4043 2.65561
449 15.067 19.5501 -1.55543
450 8.77687 21.1567 -2.20492
451 32.5732 20.1834 0.944487
452 11.2098 5.35706 -1.19863
453 6.4391 17.7381 -0.23545
454 32.3414 12.0321 2.64667
455 20.7958 0.346932 1.18828
456 16.3997 19.0474 1.24512
457 26.4426 9.38556 -1.88556
458 22.1309 18.7591 1.95471
459 17.9123 1.5265 3.08382
460 9.6932 39.6424 2.62058
461 10.6206 4.50411 0.854869
462 27.2116 23.9035 -1.73249
463 1.63842 30.7742 -1.17111
464 23.8891 35.3725 1.25256
465 29.8886 6.387 2.67291
466 34.1129 23.8379 4.32954
467 9.53552 34.9502 2.32012
468 10.9217 36.2124 1.04212
469 27.9986 35.7466 -1.92596
470 9.03131 12.9792 1.96257
471 26.4041 29.2157 1.36341
472 14.6843 3.80868 2.67539
473 16.6984 0.90684 -1.00548
474 3.78754 37.1093 -0.242667
475 29.8247 36.0669 -1.9088
476 13.4949 18.2311 -1.2323
477 11.818 36.5429 1.70092
478 33.4361 25.4506 1.92309
479 36.7483 28.0826 1.77451
480 38.7833 27.6566 -3.53672
481 32.4377 7.82602 2.43967
482 13.7385 38.7723 2.42379
483 11.283 36.9548 2.79468
484 19.7805 1.1858 2.44142
485 3.98747 37.5216 1.06667
486 11.4498 24.1314 -2.16319
487 25.955 31.5346 -4.23536
488 0.891587 9.91106 -0.823458
489 20.8824 6.53103 -1.463
490 35.7492 6.6982 0.89863
491 17.6467 13.5629 -2.40073
492 18.267 37.8502 2.83375
493 0.68713 28.6689 -0.4363
494 6.3009 20.1125 -1.71014
495 36.9179 8.90299 -1.7753
496 22.1871 34.8793 -2.59926
497 17.1656 30.7021 2.07058
498 18.7989 10.1349 0.2975
499 7.38203 16.1019 -4.17795
500 10.1527 7.04132 -2.53782
501 34.4459 6.63057 -1.45342
502 6.26666 2.66594 3.58205
503 21.8738 25.4765 0.099312
504 3.9813 4.18415 3.45554
505 12.4202 8.1418 -1.96526
506 28.2137 26.1626 1.0733
507 20.0293 13.493 0.741089
508 10.6081 29.4107 0.986437
509 19.5885 38.3503 0.180829
510 37.6797 7.97828 -1.01874
511 24.4394 32.5799 3.34973
512 35.1138 27.3328 -2.54207
513 17.0992 22.4268 -4.82354
514 3.2499 37.7509 0.0675575
515 14.7614 16.2636 -2.37042
516 16.7448 34.3722 -1.10149
517 16.1655 20.2668 -1.07777
518 39.0697 39.2657 -1.56814
519 22.236 23.7781 -1.03705
520 4.1789 9.37469 1.51267
521 3.36321 39.299 -1.44043
522 29.6284 23.2923 2.61286
523 13.7791 18.1948 -2.85266
524 15.4887 22.5835 1.57552
525 14.0502 15.6553 -0.0661353
526 16.4517 27.1479 2.19767
527 12.5242 10.027 4.27561
528 21.0531 5.72815 -2.39988
529 33.5052 34.3305 3.77646
530 31.2863 20.4369 -0.829195
531 24.1772 38.725 1.44758
532 18.5768 1.86874 2.22399
533 39.2034 33.8757 3.75301
534 7.00938 27.555 0.899027
535 28.0661 7.56212 2.33942
536 35.525 11.2845 -2.19649
537 5.021 23.1352 -2.54726
538 18.3032 1.07939 2.21782
539 20.1464 18.4666 -2.07057
540 36.0986 18.8486 -0.314177
541 19.3286 23.9294 1.49059
542 31.3418 33.5446 -1.59403
543 7.02726 20.2342 2.66115
544 36.6045 34.2136 -0.288402
545 3.65556 22.0992 0.608024
546 33.2804 0.228226 -1.2568
547 2.0692 9.84665 2.77142
548 35.8951 35.6273 -0.0967631
549 39.6753 26.1809 -0.126413
550 37.0605 28.5305 1.99159
551 38.3776 11.1399 -2.67447
552 11.9513 1.54612 -0.24205
553 13.4077 32.1182 1.51191
554 13.3756 3.79512 2.02889
555 32.9508 9.55391 -3.78673
556 0.527988 18.7881 2.38041
557 13.4301 13.1994 2.4961
558 30.1291 4.21804 1.9468
559 35.8585 35.2212 -1.76048
560 37.5596 24.3904 -1.8033
561 2.69334 36.7765 0.542294
562 9.42266 24.2737 -2.95631
563 6.34025 10.8225 -2.32413
564 5.35326 24.795 -1.90046
565 5.282 21.3565 -1.09258
566 17.3632 1.06974 -1.33239
567 33.5183 18.4289 -0.556836
568 1.64701 6.76844 -0.237745
569 30.3506 30.7428 2.39752
570 9.12818 30.5158 2.03129
571 15.1995 8.67536 -0.734613
572 28.4982 23.61 1.613
573 17.7466 30.9625 3.13422
574 9.88425 26.0495 2.16876
575 7.26518 12.9406 1.59829
576 4.43158 4.68689 -0.168777
577 19.8669 38.0054 1.76551
578 12.6097 34.7203 1.20184
579 15.1749 19.2139 -1.38564
580 6.8104 28.1857 0.173183
581 3.77774 28.2197 1.99534
582 17.2765 21.8576 -3.90845
583 17.5326 29.7439 0.754667
584 5.70539 9.41421 -0.813757
585 1.6291 23.449 1.74398
586 24.9568 26.7464 0.958109
587 27.9276 35.7183 -2.09531
588 19.2728 1.00762 3.44493
589 25.559 11.1865 -1.14758
590 2.92127 6.18714 -0.593797
591 15.2449 30.0334 -0.37889
592 23.4634 23.1297 0.91539
593 10.7932 17.7694 2.76279
594 6.25435 5.1717 0.138674
595 35.6129 27.1757 -0.588565
596 1.9565 37.8506 1.86841
597 27.6565 10.1484 2.27284
598 39.2813 15.1761 2.43649
599 12.2221 2.5966 1.50939
600 0.185269 38.7249 -0.972567
601 19.1281 38.1639 3.63536
602 17.1384 18.7511 -0.41207
603 21.1037 5.68273 1.57298
604 26.9104 31.8888 3.34646
605 17.5407 26.3319 3.019
606 39.1772 30.8167 -0.522791
607 39.3855 9.35943 1.8774
608 9.27927 3.1549 -3.33581
609 24.6268 13.4205 1.60684
610 35.0219 29.7876 -0.0329884
611 33.6347 25.0686 1.98063
612 15.5901 6.63181 -0.282364
613 17.5202 8.97335 -2.41593
614 39.405 37.0215 0.230101
615 36.2047 5.45498 1.97287
616 34.4419 20.9986 -0.475326
617 22.1373 29.0417 4.45671
618 5.17543 0.979283 1.14516
619 24.3335 27.1304 1.19217
620 37.0675 2.56784 -2.53409
621 25.4324 22.2499 1.7446
622 28.4157 7.28785 3.04906
623 17.3058 21.0529 -1.75476
624 6.20855 9.82449 -0.854568
625 11.8788 7.22886 -1.83576
626 3.9129 39.7876 -0.942538
627 10.7839 36.4991 2.3307
628 18.8769 8.36975 0.889289
629 24.8628 6.0453 -0.451334
630 2.0669 6.27919 0.752921
631 32.376 0.0933854 -3.22999
632 33.4694 33.0851 2.26134
633 10.1001 22.1077 -0.582695
634 1.13694 10.6158 2.03008
635 27.9895 27.0399 -0.478305
636 19.3993 15.1008 -2.83227
637 9.31851 34.7616 -1.375
638 26.9386 31.9311 2.05842
639 28.53 26.0549 0.973301
640 5.77752 21.3241 -0.730682
641 37.2884 7.59601 -2.19096
642 12.8733 34.5954 3.45215
643 28.3714 36.3749 -3.47308
644 11.8164 37.4377 3.21564
645 4.10465 7.42885 -3.11325
646 12.5332 7.40385 -0.471765
647 10.6816 3.72161 -1.41313
648 26.0964 33.391 -3.41837
649 13.1387 10.7859 3.44607
650 30.6201 22.1386 0.496055
651 30.925 22.8166 1.72904
652 3.81181 30.2068 2.75619
653 9.29306 37.9801 0.34821
654 27.2265 22.0621 -0.514911
655 26.6677 31.4118 4.00562
656 16.1669 9.39186 0.866171
657 30.4841 11.2 2.46314
658 5.12414 23.9291 -1.77394
659 1.3289 4.80427 2.52085
660 26.4632 19.8958 -4.13087
661 6.05046 18.4809 2.37045e-05
662 36.0898 39.8547 -1.54019
663 39.6998 19.4598 2.56678
664 34.4575 22.7899 3.74079
665 36.8368 29.9963 0.35846
666 26.506 2.80297 3.39064
667 36.3788 26.7282 -0.889453
668 7.40414 36.4335 4.00749
669 6.87991 37.5595 2.36244
670 35.929 29.328 1.91045
671 35.8513 0.354512 -1.02586
672 15.277 39.3243 -1.52839
673 2.2769 12.7562 -0.522487
674 10.0941 21.7137 -1.32421
675 28.1478 10.4463 2.98626
676 1.17408 5.91694 0.350497
677 7.51127 17.2783 1.9609
678 25.5739 39.4064 -4.07926
679 18.0162 25.6548 0.544907
680 23.4757 34.0387 -0.405491
681 16.6067 31.5634 -0.503919
682 34.8491 2.33433 -2.4681
683 20.9855 29.4917 1.80052
684 8.21632 23.1335 1.73393
685 26.9819 21.8877 -0.895804
686 38.1 32.3875 0.378854
687 24.5877 20.7262 2.17103
688 21.7717 12.219 -1.70021
689 6.77336 7.13025 -4.03039
690 10.9377 5.5217 -0.438089
691 16.4786 31.911 -2.48713
692 26.1954 16.3813 3.17643
693 2.59302 25.9084 1.64223
694 31.0514 14.0791 0.0230676
695 15.7398 30.5313 0.138031
696 15.9272 21.7285 4.12878
697 21.3769 3.56407 -1.28058
698 3.58146 7.86005 -0.922017
699 38.8918 31.4944 1.34007
700 7.44509 39.1888 3.63585
701 13.8606 1.56182 1.80961
702 6.90741 39.3135 -1.43083e-05
703 3.26292 8.11613 -1.69248
704 30.5138 1.63382 3.4376
705 5.33781 23.2718 2.61367
706 35.7245 36.8966 -1.46349
707 23.9712 1.08173 -0.0838995
708 37.1895 23.6809 -2.13175
709 30.1702 14.5049 2.63738
710 11.9918 0.756501 -1.52199
711 35.2526 31.6173 -2.42608
712 30.2335 24.6758 -2.35973
713 37.0896 18.3227 -0.620495
714 26.9908 37.2315 -2.25058
715 36.5651 26.2791 0.15412
716 17.9887 31.2887 0.433966
717 16.0114 30.4878 0.670474
718 0.416455 24.9173 1.9545
719 8.85375 28.1679 -2.19094
720 21.157 19.4032 -0.134979
721 22.8266 33.9808 0.0138933
722 2.51319 7.4174 -1.58918
723 12.2944 37.6544 3.49735
724 18.3419 4.21067 2.95872
725 26.8796 35.2574 -2.36249
726 37.5145 26.6452 1.78791
727 13.7518 18.4083 -2.96873
728 1.21321 29.5794 0.553723
729 13.4904 3.98825 2.54969
730 24.8269 11.133 -0.824028
731 37.9626 18.2926 -0.608886
732 19.8821 0.473192 2.9312
733 22.8622 32.1513 2.59651
734 38.8922 7.96594 0.241591
735 12.6295 34.1901 1.24872
736 23.9683 23.6668 -1.16936
737 4.3924 31.4128 -0.110092
738 19.5681 8.05072 -1.62864
739 12.5118 17.4398 -3.13137
740 31.492 21.1286 3.20529
741 1.99238 25.8935 0.644544
742 12.2588 20.7264 -1.46814
743 26.1942 22.4357 1.13535
744 31.4186 21.2195 -0.210025
745 20.1691 39.074 -0.163738
746 19.5903 8.91635 0.262272
747 17.0061 27.1991 1.02363
748 13.4206 32.2341 2.69404
749 11.9773 4.19759 2.77944
750 5.31913 32.2369 3.28208
751 35.2725 34.3366 -2.83305
752 9.68896 23.061 0.167543
753 27.3478 23.1789 2.11473
754 26.6525 26.5879 -1.54188
755 34.5381 6.99798 -1.86231
756 11.9503 9.70533 -1.78284
757 6.80995 33.9392 -2.64368
758 2.48272 14.9595 -3.25089
759 13.0403 26.65 1.81114
760 39.9758 27.9437 -1.44812
761 4.44608 13.3976 -3.5844
762 21.7695 27.8769 0.502484
763 4.28867 4.5993 0.754076
764 15.1688 20.0542 1.61002
765 0.489696 20.9591 -2.93048
766 10.5529 9.18091 -1.49182
767 34.308 11.0938 2.55764
768 5.09131 25.9088 3.18911
769 11.6864 34.8101 3.09632
770 7.86035 29.1731 0.373492
771 11.9798 19.8254 -2.02521
772 9.54892 33.2746 1.73261
773 34.9115 29.9783 0.4626
774 37.1075 31.4199 0.472024
775 14.2624 3.52601 3.51719
776 9.48761 11.9869 3.42462
777 35.1853 24.3878 -0.230363
778 35.821 27.3411 -0.485836
779 19.4239 4.90123 0.199433
780 36.4541 7.46204 1.23589
781 14.3509 33.837 3.63059
782 3.46635 6.97433 -2.38314
783 16.1174 18.3171 0.581189
784 33.1557 3.52177 4.03218
785 21.4275 17.2168 2.00898
786 9.83297 18.3108 3.74515
787 38.7065 2.9229 -2.02267
788 1.90879 28.6704 1.63586
789 2.63312 6.44081 0.0709424
790 14.0931 26.5789 0.855141
791 9.91319 22.7287 -0.376594
792 10.2554 19.0552 3.07305
793 16.4168 35.1059 -1.36251
794 18.7971 27.3582 -2.81197
795 2.6045 39.9212 0.222898
796 14.7168 14.6763 0.879224
797 37.8656 35.2492 0.432728
798 34.9573 11.8787 -0.918551
799 28.4863 7.41241 3.29434
800 39.3945 11.2095 2.91861
801 16.703 22.1537 4.06424
802 33.277 24.0827 3.77695
803 11.9242 39.0777 -2.45654
804 0.767186 18.6049 1.38773
805 2.39753 28.2825 1.32481
806 9.92144 29.7581 1.04826
807 27.7078 18.4442 -2.29908
808 15.4703 30.3749 -0.715194
809 26.8631 28.1476 3.33378
810 18.5319 30.1632 1.55597
811 0.259345 21.8131 -3.69592
812 10.8493 3.60029 -1.09883
813 6.31421 11.4941 -2.97749
814 27.8993 38.1981 -3.0224
815 26.9988 21.3491 1.8968
816 15.2247 37.9532 2.20716
817 16.5436 35.2918 -0.891123
818 2.75752 3.15705 3.9724
819 29.8531 6.88136 1.73628
820 12.5081 38.8646 2.8987
821 12.7928 6.92306 -1.71808
822 5.85811 34.243 -3.32185
823 19.3126 5.09799 0.814718
824 27.7357 14.3163 1.85694
825 0.514861 2.2769 -0.165444
826 3.28115 16.7605 -2.47684
827 37.7423 7.8675 -2.08278
828 15.5738 19.488 2.01765
829 11.7732 35.9577 1.86433
830 12.5795 16.5293 1.91711
831 22.6371 36.9087 1.84716
832 33.8922 2.55522 -3.92841
833 19.9011 18.1073 2.27067
834 15.4016 7.42789 2.06333
835 0.89091 30.3108 -3.41287
836 15.6977 29.7173 -0.660721
837 28.8874 36.5332 -1.93838
838 14.4981 3.25324 -2.78728
839 13.1655 12.1151 0.727368
840 24.2667 16.1637 -1.26548
841 22.3899 36.6972 2.50705
842 22.1278 33.9595 -2.83021
843 20.2744 4.95083 0.411763
844 4.31863 25.6367 -3.34016
845 7.57756 30.9933 -3.42451
846 5.98529 17.1599 -0.487004
847 1.66497 24.1436 2.36749
848 20.8965 25.9152 -1.91027
849 19.8207 17.2833 0.433396
850 34.7794 30.5667 -2.49234
851 5.57897 1.7881 -0.956165
852 31.8276 23.9946 3.02401
853 19.459 19.3914 0.604348
854 7.16321 39.1147 1.42535
855 11.0128 35.7478 3.91909
856 13.9307 30.7557 0.854437
857 12.3604 34.8313 1.13571
858 30.5969 30.8593 2.04815
859 9.76149 35.6898 2.84903
860 39.2157 18.4257 -4.12528
861 7.57636 18.052 -1.10118
862 5.17584 24.0521 -2.65133
863 14.1437 11.8105 0.836394
864 7.50331 6.7379 2.03472
865 19.0221 30.4398 1.72342
866 30.3477 0.425527 3.50687
867 28.8872 25.1742 3.46331
868 34.466 32.8547 -0.0530129
869 38.386 19.5567 2.94824
870 38.7172 4.6762 -0.96386
871 15.3501 22.4052 3.57365
872 35.7073 16.6113 0.811887
873 11.2043 18.5631 3.114
874 19.1257 15.7688 -4.15345
875 33.0359 5.59191 -2.4031
876 22.1932 27.2915 -1.66827
877 1.6536 13.439 -1.21723
878 37.5348 3.23058 -1.52654
879 13.3164 36.7462 0.0597638
880 29.9769 24.6961 -3.43334
881 10.9891 23.3282 -2.38208
882 25.6134 6.35999 0.0329261
883 37.7856 26.5876 -0.558247
884 33.448 12.8987 3.54262
885 11.2695 8.02212 -0.497741
886 17.4026 19.5084 1.64971
887 6.25172 21.0755 -0.791533
888 28.0321 32.5082 3.64186
889 37.4286 9.24416 -3.01952
890 13.7011 5.39348 3.68681
891 22.9362 27.0362 0.424529
892 28.3128 14.2262 0.182617
893 32.2036 18.9588 0.837315
894 23.6037 26.6641 0.159439
895 33.4141 7.97643 -0.212103
896 14.6996 0.522379 -0.190086
897 3.04614 16.0407 0.378939
898 25.7462 19.7033 -3.37568
899 13.2289 23.5584 0.6677
900 12.9584 38.9244 1.45396
901 3.06804 38.4861 1.1917
902 3.2748 28.2819 2.01721
903 19.0517 35.3823 3.37901
904 19.2358 35.7337 3.10345
905 36.1976 36.5481 0.102967
906 18.6352 10.3576 -0.00724123
907 12.63 26.2374 3.43837
908 31.2083 1.83976 2.12047
909 12.3336 39.4739 -1.07222
910 4.51258 23.1492 1.96903
911 35.0418 0.874339 -2.20277
912 25.2713 20.9049 -4.04971
913 31.7771 35.2414 -0.220538
914 0.095317 21.5176 -4.09912
915 37.2077 1.16075 2.36784
916 1.55418 14.3679 -1.09012
917 13.3324 23.5925 0.289213
918 34.8829 4.28095 -2.46559
919 20.5591 30.97 2.8732
920 1.0498 21.298 -3.93998
921 33.206 19.3378 4.49584
922 21.9537 17.9346 2.12417
923 5.80232 26.2093 0.831836
924 33.4183 25.5437 -1.68374
925 14.7684 17.0444 -2.68868
926 13.4965 5.73648 2.67079
927 37.3489 27.6562 0.613248
928 34.8435 1.49766 -3.05105
929 11.9505 29.683 2.49969
930 6.24383 5.82702 -1.48965
931 12.8752 26.5845 1.52466
932 33.4967 22.0299 3.13669
933 20.5167 1.41761 -0.648887
934 28.2829 15.9303 1.6983
935 8.72966 9.31453 0.76758
936 16.9629 19.8043 -0.902502
937 19.1447 4.86391 1.67626
938 16.3306 21.4148 0.722316
939 7.05343 2.85895 3.49891
940 12.4822 20.997 -3.64991
941 33.4257 24.9099 4.0166
942 4.26219 21.7819 0.642069
943 12.0603 6.86235 -0.971569
944 13.0622 5.41704 1.64311
945 2.94847 11.9112 -0.846133
946 13.5531 18.5625 -2.35256
947 11.0181 8.21048 -0.842351
948 21.7207 6.31218 -1.02687
949 7.72464 11.9295 2.05482
950 12.4425 31.8851 2.56332
951 12.3376 4.26486 -0.888508
952 10.874 20.4157 3.6382
953 35.1225 24.1465 2.0689
954 11.2118 30.8773 0.950246
955 8.24876 0.672157 2.6124
956 21.69 17.6678 3.36504
957 37.1946 17.9667 -2.32662
958 1.66693 6.63715 1.80851
959 38.175 17.6982 -0.518136
960 14.3022 29.975 2.54276
961 2.5473 28.8137 -1.17621
962 11.5148 28.9456 2.05342
963 12.2513 38.1149 1.25178
964 1.64319 9.78331 3.06998
965 39.7849 31.3404 0.995989
966 13.2411 11.9345 0.871
967 17.4813 37.9256 -1.63244
968 37.9241 15.5661 1.49025
969 19.3985 5.72099 2.64256
970 15.8027 39.4001 -0.20544
971 16.342 21.6872 3.96169
972 16.3183 19.9463 -0.535953
973 39.617 18.8738 -2.12009
974 39.4026 29.0395 0.0456009
975 10.2428 22.3154 -0.114457
976 6.21999 14.3756 2.4989
977 3.59422 3.83792 2.91682
978 11.2682 37.9406 1.05966
979 8.65147 2.39093 -2.5841
980 32.5683 7.57715 0.154639
981 6.19938 23.1239 1.2816
982 1.61805 37.6891 2.57488
983 35.7223 20.7312 1.5583
984 11.4855 29.9939 2.95536
985 39.9182 27.3882 -1.32537
986 19.2268 22.8106 0.197049
987 12.157 10.9424 -0.324558
988 11.5908 18.6117 3.51258
989 23.2153 33.2761 -1.50384
990 19.752 22.8063 -1.74564
991 13.5729 20.032 2.53987
992 10.1657 4.45061 -0.93365
993 14.7127 7.97207 1.86727
994 24.4766 21.5245 3.00417
995 18.4133 8.81107 -1.94736
996 39.5024 21.8392 -1.65495
997 5.22885 17.5973 -0.618935
998 39.1106 32.4329 -3.49064
999 37.6578 7.57845 0.693305
