1000
Particles
0 0.807044 33.4394 3.02844
1 36.0291 20.6946 0.489348
2 19.9757 6.14499 1.12239
3 9.00116 35.0518 -3.67727
4 19.4632 20.1647 3.24235
5 25.0509 11.4336 -1.30256
6 29.7705 3.9271 1.56208
7 33.2606 16.423 -0.704324
8 7.82551 27.5884 -2.8865
9 27.1843 18.1385 0.0601356
10 27.2433 31.0202 -3.47855
11 38.7228 33.9088 -0.198283
12 33.0675 31.7426 -0.775318
13 1.39747 7.06704 1.99555
14 26.7289 20.9026 1.25881
15 23.4967 29.0756 -0.588853
16 22.9832 33.7035 -2.80921
17 31.9734 10.9307 -2.56649
18 35.3451 10.8172 -2.12945
19 16.5497 26.431 0.982347
20 6.17329 11.5191 1.58059
21 39.9213 4.47235 -1.05272
22 1.93772 14.0734 0.383465
23 30.3895 20.0153 -2.68703
24 37.7258 8.83979 2.52958
25 1.1277 32.9902 3.59388
26 17.1898 29.7812 0.0920754
27 14.4864 18.3759 -1.83433
28 1.54262 31.3698 -1.46054
29 33.7567 6.35301 1.15404
30 18.2718 23.1424 -2.72606
31 16.0856 16.761 -3.38429
32 18.9883 7.81811 -2.39959
33 9.8755 1.05953 1.00294
34 27.8963 14.1692 -2.7763
35 22.2402 2.16907 -1.08925
36 18.9148 1.06455 -0.705015
37 36.2204 25.6548 -0.391
38 33.638 37.7012 2.22009
39 29.6254 17.9257 2.27171
40 35.8633 35.5258 -2.08266
41 15.3157 9.88279 3.49236
42 0.289446 13.9459 -0.746821
43 24.5873 31.9462 -0.97446
44 22.7377 28.8426 -3.22327
45 3.78084 31.5101 1.73252
46 39.7448 8.053 -4.36686
47 35.0481 6.19197 -0.917215
48 4.75262 34.9601 -1.3204
49 9.99285 31.9103 -0.367969
50 37.2086 1.12334 1.11777
51 17.4874 0.811506 1.32957
52 32.6727 12.903 -2.54441
53 15.0875 5.24744 -2.50375
54 30.0366 25.6076 2.3429
55 2.82805 17.3008 -1.3252
56 24.2854 5.38603 -2.13709
57 3.0468 31.6956 1.85391
58 37.4381 24.5572 -1.02278
59 8.87753 33.9206 -3.62592
60 9.26275 28.0303 2.80132
61 14.5271 28.8166 0.856093
62 33.6979 0.84493 2.02464
63 9.2292 15.0707 0.101511
64 37.5099 26.0471 1.07918
65 14.5691 36.2898 1.39684
66 9.73188 17.5764 0.673685
67 28.9575 20.7075 -2.52565
68 10.7613 3.22285 2.6775
69 11.0906 4.85135 1.40076
70 6.60451 38.7091 2.01739
71 21.1761 8.86451 1.93377
72 5.06087 11.1837 -1.04232
73 22.6849 30.1439 0.990229
74 7.53305 4.86255 4.38513
75 4.86344 31.5187 -4.57695
76 17.6601 4.8097 -3.35228
77 7.37131 25.5964 1.91499
78 2.61472 31.92 -0.188805
79 37.3368 4.82266 1.15698
80 34.9743 6.05155 -1.27889
81 39.8092 28.6717 2.78992
82 11.2322 8.56282 4.20639
83 15.7026 28.6122 -3.10692
84 17.2385 16.2261 -0.800658
85 0.0461286 20.8117 -0.845791
86 20.5427 3.14858 0.834045
87 23.3561 36.2834 0.764003
88 4.02479 36.8316 2.08954
89 4.36996 39.4365 2.24612
90 37.0282 36.7301 0.0314691
91 22.6374 14.8824 3.58478
92 11.7202 18.8215 2.45611
93 16.9129 3.43079 -0.611629
94 14.2315 21.8572 -0.75995
95 20.7895 0.0793956 2.58927
96 12.0207 28.7802 2.02375
97 24.9606 34.0996 -2.35871
98 39.6758 20.0854 -3.25047
99 11.9513 2.73222 0.130843
100 27.1324 18.812 -0.386938
101 22.4494 22.0057 -0.308486
102 21.5227 32.902 0.62203
103 11.9468 3.57098 0.0296327
104 21.933 6.39605 3.92349
105 22.2583 32.9592 2.74982
106 28.9766 16.9773 1.5235
107 18.1482 23.4271 -0.721321
108 26.7152 9.175 -3.88832
109 39.0432 36.9934 0.263925
110 14.3952 1.1964 -2.96218
111 37.8865 29.9453 3.07927
112 30.9092 38.4179 4.44227
113 37.7457 24.0228 -3.17248
114 38.9954 24.8283 -3.31323
115 32.3494 24.0069 -0.0511272
116 23.4638 31.7924 -3.19843
117 24.6188 32.544 -0.927034
118 25.1146 2.40766 -2.06349
119 32.6222 15.3183 2.62422
120 24.3715 28.2815 -1.67027
121 24.4955 14.2905 -2.48908
122 35.3911 20.0772 3.96777
123 6.65283 30.5743 2.28393
124 14.2237 38.6094 2.48204
125 26.8744 0.515758 -1.39084
126 26.4618 24.18 2.85069
127 36.4758 5.2498 -1.808
128 36.9453 10.8926 -1.10923
129 1.20298 13.8382 1.23762
130 34.6826 6.07326 -2.48047
131 33.8941 26.8017 -2.68776
132 20.8086 39.738 1.28415
133 35.7156 31.1458 -0.407005
134 1.2257 31.0406 0.0540231
135 9.69199 7.42339 -1.28974
136 26.1919 8.81502 -0.288617
137 27.0051 31.3551 -2.21349
138 9.55542 19.8281 3.66431
139 14.1485 2.74814 1.66087
140 23.1621 32.807 -2.90753
141 32.1062 27.5637 2.16425
142 25.494 9.02693 -0.209503
143 18.2097 28.006 3.06291
144 0.987749 31.1718 2.47965
145 25.4705 18.169 -2.25505
146 34.5257 7.03974 0.533955
147 37.5959 39.1723 -0.595044
148 38.3793 10.1973 1.99105
149 13.0653 24.5799 2.66695
150 19.6799 16.836 2.43032
151 34.5684 39.9776 -2.85416
152 19.6996 16.5445 3.51994
153 20.9469 2.40075 -0.872781
154 25.1074 37.3335 -2.3318
155 35.0578 25.0459 -0.193851
156 37.7274 26.9477 1.35383
157 11.9008 9.61823 1.09052
158 16.4926 34.2015 0.0544052
159 17.2018 25.1339 -0.135909
160 1.60087 14.2353 0.937933
161 9.0139 20.724 -0.918168
162 24.1924 29.9519 3.65155
163 8.48426 8.70788 0.581207
164 16.3425 2.02907 2.0962
165 27.4646 11.8648 0.906833
166 34.0983 11.3056 -3.66352
167 10.9401 34.43 -0.128969
168 0.771369 23.1497 -1.1557
169 36.6538 32.4017 -2.16297
170 5.09386 33.4784 -0.644122
171 22.3892 38.4518 2.79571
172 3.20499 18.119 0.562711
173 23.9362 35.3998 -0.45851
174 15.6363 37.902 -0.244613
175 39.9615 3.57715 -1.28773
176 18.7135 20.5299 3.13394
177 15.5459 7.23449 4.33345
178 26.4163 18.1652 0.638288
179 31.4557 9.68907 -4.25464
180 15.9411 10.7901 4.03662
181 37.1115 29.9543 1.54557
182 20.1255 16.1746 2.84843
183 2.77283 26.1185 -1.69646
184 36.3369 5.02102 -2.3954
185 10.8591 14.4064 1.53983
186 22.6548 3.58905 1.98689
187 10.0023 1.5729 2.36994
188 24.4977 16.7083 -0.65619
189 8.82212 25.4523 2.32384
190 24.8356 21.0411 -1.92213
191 13.5009 29.0268 1.94673
192 37.7193 5.02625 -1.98979
193 29.7171 19.4762 1.31569
194 20.3028 23.7869 -0.471486
195 8.89881 16.1186 -2.23875
196 26.9922 36.8753 2.12865
197 18.7864 33.0438 -2.9035
198 29.1435 19.0479 -0.134045
199 11.2509 10.0573 1.8699
200 35.5103 37.7834 -3.16435
201 36.2691 20.4393 1.02675
202 12.7315 19.141 4.19791
203 24.8696 18.8975 -4.47667
204 32.2308 30.6996 4.20685
205 37.815 30.2506 2.53664
206 19.169 3.38638 -0.467513
207 36.2357 33.6426 0.382592
208 33.7961 21.28 -0.967308
209 12.0841 35.3731 -0.563894
210 12.7726 24.8254 -1.36722
211 35.7301 18.9509 1.14602
212 38.9929 32.9859 2.1546
213 39.2223 6.3989 -3.41368
214 29.2695 19.0469 -1.65183
215 33.6838 19.9249 -2.94018
216 28.6025 22.6064 -2.47489
217 9.81962 10.6168 1.2379
218 14.6766 21.1919 2.56348
219 21.4823 39.6967 0.980361
220 10.5819 5.3384 -1.28663
221 21.8855 8.30244 -0.854322
222 38.4902 32.7027 -0.27907
223 18.0313 24.3629 -2.31251
224 1.70337 30.6544 2.01985
225 34.3125 8.24212 0.94551
226 36.9822 22.2051 -3.00086
227 1.75768 11.5655 2.63807
228 16.9582 6.8773 -0.774227
229 39.2081 18.3205 0.684732
230 30.7478 10.2257 -3.44662
231 17.7233 27.9295 1.84133
232 33.6741 3.49493 3.47238
233 0.306109 10.3878 -1.1538
234 10.5716 39.4809 3.25464
235 38.0473 8.5939 0.202064
236 14.9013 37.9235 1.92911
237 14.15 26.4103 0.190308
238 11.6032 9.33023 3.82643
239 33.9726 6.89485 -0.698359
240 18.3683 20.398 2.49245
241 13.1884 29.3125 0.915704
242 38.535 5.62127 -0.592998
243 27.6168 3.30711 1.24869
244 35.8727 21.8795 -3.2807
245 19.8442 3.13222 -0.409306
246 29.6394 4.00704 0.251184
247 7.82336 38.1211 -0.764082
248 10.3112 28.1429 0.282009
249 16.0263 38.0142 2.38645
250 20.0016 1.96521 0.41911
251 37.9112 5.64407 -2.50549
252 33.6884 16.1284 -1.98022
253 33.3102 12.1361 -1.19635
254 1.95965 38.311 0.537824
255 29.2779 26.3925 -2.66251
256 5.19297 5.42298 3.54427
257 26.7276 16.4398 -1.6051
258 31.5382 35.8236 0.168252
259 39.4151 14.6844 -0.713985
260 2.70079 8.49014 -1.78031
261 28.305 27.2122 0.0737252
262 25.4662 34.1337 -4.01612
263 39.596 8.75179 -2.26534
264 10.1196 24.4657 -2.46737
265 38.1724 27.3927 3.40763
266 0.0999175 11.8741 -0.924928
267 0.185661 29.4856 1.42323
268 12.0767 26.8352 3.20034
269 23.3391 36.3243 1.99267
270 2.74494 13.14 0.368827
271 34.4959 11.1191 -0.588757
272 19.1402 19.7782 2.77085
273 27.4979 36.8828 3.91684
274 10.8419 7.59274 2.19754
275 8.14753 22.3059 -1.22525
276 27.5367 20.2951 2.79521
277 2.98715 20.8335 2.38221
278 4.78454 12.1641 -2.14218
279 9.83649 26.5931 0.112505
280 8.75894 26.6125 -2.68227
281 26.3387 16.3323 -1.01643
282 13.649 23.6375 3.99993
283 20.2576 34.4725 2.16242
284 25.2927 19.6219 1.94771
285 36.5038 37.2594 1.11395
286 34.7323 6.71169 -1.36995
287 13.229 13.9429 0.914452
288 2.2219 35.5784 -0.387994
289 11.3988 27.8497 3.32793
290 34.6954 22.8714 -2.50676
291 11.833 7.45878 -2.34768
292 38.743 20.7284 1.17086
293 2.63904 4.20865 0.902683
294 29.9829 25.7607 2.96158
295 16.8567 13.0187 0.19814
296 23.9471 28.2709 0.138519
297 39.882 28.7398 2.30635
298 25.1996 34.5111 -1.74709
299 20.0634 25.3857 -2.02544
300 25.082 2.50686 0.77969
301 28.9717 21.3242 -1.29345
302 19.1772 34.811 -3.18803
303 6.91638 26.5909 2.29842
304 11.1352 26.6267 3.90663
305 7.83572 23.7099 -2.71362
306 29.8785 11.9049 -2.7787
307 10.9091 11.5358 -0.675586
308 3.63599 20.6667 -0.55314
309 13.4746 31.5645 0.815123
310 18.8167 22.283 0.578281
311 21.0041 6.78729 2.70115
312 38.7209 39.3958 -0.476644
313 25.0101 38.4547 -0.350283
314 19.7998 2.44948 -0.394853
315 0.49799 33.9102 4.17423
316 38.6234 36.6394 -2.44257
317 24.4638 27.7713 -1.9284
318 26.9736 23.4261 2.87238
319 3.67739 39.6918 2.17636
320 4.10393 25.1742 -1.24996
321 27.8236 3.25032 2.56234
322 4.74063 32.03 0.876922
323 16.1952 33.9904 -0.821672
324 26.45 15.8339 0.110857
325 11.4087 29.9719 -2.17157
326 3.6456 15.3993 1.80076
327 21.0679 35.8643 1.70082
328 14.9696 26.9265 -3.02982
329 6.93942 21.4338 -0.221666
330 3.15762 10.9141 3.18894
331 18.536 36.1071 0.741234
332 34.5015 13.8704 2.30772
333 26.5003 17.0349 1.26815
334 16.1779 3.69629 0.794259
335 4.92791 39.7901 3.25017
336 18.9898 36.2863 -1.80193
337 10.0026 18.1545 0.742415
338 14.2301 26.538 -0.778369
339 0.184887 31.4232 -0.476277
340 8.17785 24.2081 -2.73026
341 33.722 28.7511 -1.07963
342 9.73141 17.5456 2.2439
343 10.5461 14.8679 0.729332
344 13.6042 2.87859 2.79117
345 32.4888 25.9379 -1.51081
346 18.7307 7.30685 -0.514631
347 2.10172 36.7817 -0.92035
348 8.26997 20.8175 -1.01326
349 18.3095 23.5401 -3.92244
350 5.79402 18.9134 -0.33554
351 4.75529 19.2458 -0.935929
352 28.2018 26.156 2.25635
353 27.7126 5.94187 -4.47226
354 39.2376 37.9591 0.220057
355 14.6237 22.0243 -2.00718
356 29.3116 36.9644 2.8836
357 9.77941 21.3736 -1.06508
358 12.4199 17.3904 2.03441
359 35.9296 26.0634 -2.51008
360 30.3352 23.0108 -1.07344
361 31.088 32.9991 0.595061
362 0.297187 23.2718 -2.18143
363 1.06508 9.75762 4.14922
364 4.98995 16.7096 -1.21168
365 13.5385 36.3773 1.64979
366 18.2644 9.67312 0.49923
367 11.8459 38.4433 -0.609578
368 24.4342 4.59286 0.20704
369 14.2427 38.5772 2.27304
370 21.6816 27.2549 1.52745
371 24.3177 17.9349 -0.107806
372 23.8283 28.3824 -0.764045
373 16.8939 13.428 -0.467745
374 13.0833 17.7 -0.323683
375 14.358 10.2432 2.98844
376 39.086 29.1755 0.953293
377 2.73377 7.01726 -1.28626
378 12.0521 4.77602 1.69236
379 36.7626 27.2701 -3.27
380 34.111 27.6595 -2.58529
381 12.6074 34.7999 0.191004
382 3.22264 15.7978 -0.773615
383 23.9333 34.2407 -3.79407
384 29.9397 9.74069 2.9785
385 19.3031 21.6037 -0.513074
386 26.9163 8.78028 -0.852894
387 39.4957 0.117066 -1.93188
388 34.9425 23.5382 -1.84522
389 2.94356 3.26184 -2.03356
390 32.5417 22.1227 -2.86007
391 15.936 9.83814 3.713
392 19.7463 24.7404 -3.32942
393 18.7329 7.0729 0.622597
394 26.6185 36.9085 2.32559
395 36.1359 16.8876 1.94728
396 38.8492 6.13255 -2.69295
397 5.85099 2.4368 1.37109
398 36.6608 31.7433 1.31276
399 37.1945 22.266 -0.508058
400 5.90767 37.175 -0.454462
401 24.0879 32.6163 0.913151
402 36.0793 9.52082 4.17154
403 1.34472 26.2335 -0.759766
404 24.5005 28.4136 0.460361
405 2.66173 22.5327 0.580051
406 24.9611 0.915167 3.56139
407 34.639 6.59165 -1.62171
408 4.6488 12.2137 -1.50313
409 18.5353 2.09946 0.416722
410 20.028 23.2929 -2.27528
411 14.19 25.5028 3.14001
412 2.59904 38.9242 -0.301402
413 12.6165 14.8705 -0.555074
414 5.96332 13.7849 0.147453
415 11.4019 27.5991 3.14705
416 20.0391 36.1612 2.33946
417 1.16998 1.21091 -0.64053
418 25.1752 21.1873 -1.14675
419 23.8322 4.42816 2.32935
420 21.3534 1.74444 1.18847
421 6.28721 18.1072 -0.69862
422 13.129 10.5526 0.126875
423 27.7224 8.70474 2.28831
424 24.7288 19.9851 0.0251551
425 18.8333 2.08168 -0.0871767
426 8.13622 20.1323 -0.191823
427 18.6774 21.0995 3.45365
428 3.15676 6.58602 1.69588
429 1.89728 7.90177 1.81338
430 20.929 19.323 0.638198
431 5.72255 9.04302 -3.36953
432 20.5048 34.2717 2.99639
433 26.2457 20.9438 0.499277
434 11.7491 25.3648 0.271362
435 32.4444 33.5859 3.75168
436 0.325629 28.9959 3.22163
437 11.4748 31.2794 -0.000272178
438 3.97922 22.9064 1.28906
439 32.9669 16.5233 -2.03648
440 21.6897 11.6416 2.65678
441 16.4704 1.50624 1.57376
442 9.21088 23.3726 -1.57761
443 26.1958 15.7781 -1.17308
444 14.4557 18.5398 -1.0481
445 11.4189 23.0504 -1.1438
446 17.5155 10.505 1.96535
447 2.70147 7.77059 0.115302
448 29.8044 31.9459 2.24874
449 17.2748 20.3584 -1.45329
450 3.95644 21.3811 -1.60682
451 37.0566 10.1271 1.64001
452 13.2378 13.5848 1.1681
453 9.48082 26.4594 -1.34121
454 35.1063 9.46613 3.22955
455 34.1341 6.28165 -0.99427
456 7.80603 5.81931 2.17251
457 23.1425 19.1219 -1.40894
458 33.1617 16.4033 -0.415469
459 10.8073 5.00481 -0.82451
460 9.12123 0.951794 2.07271
461 8.63726 1.99142 0.20164
462 25.6806 17.958 3.52359
463 1.91525 30.6069 2.74545
464 30.2312 20.2912 -3.11331
465 28.9062 15.9161 2.50524
466 32.432 18.9044 -1.62892
467 11.7552 34.6032 0.296185
468 24.6825 30.9345 -1.29195
469 15.9625 34.3162 0.321209
470 11.3836 15.5313 0.809018
471 35.7967 21.1404 3.00515
472 10.7747 5.65982 0.126964
473 12.1043 1.61904 0.0403063
474 8.12301 37.595 -1.97537
475 33.9266 7.09943 0.79895
476 13.6871 29.9004 -2.95937
477 14.311 34.7768 -3.96241
478 24.3947 21.1991 -2.8268
479 36.6362 27.4009 -2.54109
480 32.2648 16.7286 -1.57087
481 26.307 36.7796 -0.297003
482 7.02151 30.2561 1.69748
483 11.5419 29.8197 -1.99646
484 13.3379 32.2454 -0.913583
485 7.93167 39.1837 -1.27342
486 16.3939 26.038 -0.354664
487 32.6418 31.2443 1.81962
488 37.4494 10.2659 -3.27334
489 18.9627 1.38777 0.62708
490 8.75928 39.0201 0.00838527
491 17.6395 10.3913 2.18202
492 21.855 2.13154 0.16857
493 4.07557 25.787 -2.8291
494 11.6499 17.3721 -1.53402
495 33.7847 15.913 -2.09287
496 27.9169 22.7614 -0.678785
497 1.16682 28.7502 0.425923
498 17.0395 17.6872 -1.22061
499 8.6588 17.7815 0.0327625
500 6.89712 15.7508 -0.547955
501 27.9783 10.4785 1.60127
502 38.3581 5.82028 -1.1447
503 16.4383 26.2938 -0.434396
504 35.9964 34.5011 -1.72844
505 8.04969 5.19875 4.1015
506 29.0017 28.935 0.884605
507 20.6648 12.2917 2.25107
508 39.5111 27.864 2.03763
509 20.308 2.02385 -0.272728
510 36.1259 3.45596 -2.27939
511 24.1281 34.2475 -2.53912
512 32.417 28.8635 -1.07107
513 11.2712 30.2498 -2.56688
514 11.4914 30.0909 -0.0796146
515 14.8408 13.7119 -2.84314
516 20.8747 2.21775 1.65464
517 17.3162 16.6624 0.00364122
518 10.6022 9.55119 2.18555
519 17.4727 21.3149 -1.14285
520 0.405684 8.70151 -4.0544
521 35.359 22.8773 -0.650465
522 21.5003 17.2788 0.796301
523 12.0203 16.9409 -0.262676
524 11.8731 26.3019 1.68388
525 4.1112 12.8864 -1.11378
526 4.34618 25.7872 -3.0077
527 15.2621 6.13104 -3.23101
528 20.8276 3.74719 0.114745
529 35.1859 5.47908 -0.542742
530 34.8128 11.2468 -0.931656
531 26.1372 12.7385 -1.88779
532 19.2261 0.702971 0.413474
533 18.8666 27.6773 0.212765
534 11.3917 23.0923 -3.80649
535 39.908 1.62517 1.74346
536 29.8245 18.4851 -1.34903
537 39.5086 21.8255 4.51561
538 3.18264 0.313073 1.81151
539 4.03506 4.72458 -0.0399032
540 28.1176 23.1965 -1.98985
541 26.2498 21.1838 0.165701
542 34.0147 28.2528 -2.68955
543 10.8112 15.6549 2.43969
544 39.5236 0.730811 2.23927
545 17.1053 25.7158 2.50132
546 1.97431 32.4617 1.26843
547 7.58085 14.0672 0.779804
548 35.5457 29.4442 -2.29845
549 37.7685 24.1521 -2.05443
550 6.05461 28.5746 -3.84677
551 23.5469 17.5242 -1.92304
552 1.17051 2.00663 -1.26548
553 13.7597 29.8261 -0.554026
554 21.1102 8.84546 0.378513
555 1.76072 14.4851 1.34908
556 33.534 21.3185 -1.93174
557 8.72102 21.4332 -0.00138789
558 37.4153 6.57286 -1.12881
559 25.936 29.9039 -2.0463
560 31.6743 24.848 0.376661
561 1.95954 22.5702 -1.084
562 5.9467 26.0789 -4.24129
563 7.29649 14.6211 0.67632
564 15.4185 22.1684 -3.95131
565 0.890284 20.3725 -2.66552
566 20.0213 33.3572 4.22923
567 34.9762 12.9287 0.180264
568 39.3814 7.1589 -3.47786
569 39.8233 22.6488 1.58497
570 0.0822114 29.4067 2.58443
571 16.4277 11.1252 1.45964
572 34.8253 27.8838 -3.68621
573 24.1754 34.0304 -1.3806
574 9.6769 21.3312 -2.85501
575 23.739 17.4337 -2.93678
576 1.15883 36.973 -2.74672
577 23.5392 30.6939 -0.883204
578 11.1429 37.6329 2.99255
579 7.75785 9.31213 -1.41857
580 12.5279 29.3798 2.82545
581 8.02438 30.3997 -4.18985
582 29.1527 21.5284 0.164283
583 23.1171 36.3828 -0.715282
584 39.5657 8.05964 -2.91778
585 0.501896 21.3121 -2.29118
586 20.1432 20.0613 2.79626
587 29.1672 32.5583 -2.3633
588 23.089 31.3427 -3.31097
589 29.2678 18.8269 -1.6276
590 0.121874 2.89833 -2.04048
591 1.86865 26.1472 1.52067
592 34.1991 27.1347 -3.50147
593 13.8835 22.1695 -2.03702
594 3.9076 39.3735 1.44434
595 25.1343 18.0235 -0.303072
596 38.6805 34.7 0.134823
597 28.2305 13.6467 -3.3043
598 36.1353 9.64648 -0.118257
599 12.8921 30.8002 -3.66761
600 6.55817 39.386 3.15343
601 20.8193 36.347 2.13442
602 7.59132 18.3924 -1.73057
603 13.9572 13.69 1.86391
604 31.0685 23.3632 -3.07203
605 10.6372 36.1802 4.01187
606 5.52243 29.6324 -1.47746
607 38.2191 9.16807 2.46117
608 5.29834 6.11984 3.06328
609 23.8063 39.5208 3.02525
610 32.3932 21.3493 -1.35501
611 38.7845 24.6934 -0.000450423
612 21.9546 7.26221 -1.18343
613 25.4973 12.0089 -0.61916
614 38.747 5.99901 -0.126016
615 32.3501 12.0629 -1.49625
616 34.7909 13.7722 -3.46555
617 23.1557 29.8048 4.72894
618 0.674501 37.5164 -2.74169
619 24.7808 32.6139 -0.76076
620 36.8611 37.3254 0.931949
621 26.6354 15.7902 0.252234
622 19.4076 2.43141 0.196236
623 16.9758 4.82925 -1.6202
624 29.1271 6.45924 -0.0883703
625 21.4137 9.11482 -0.376349
626 9.01041 38.9883 -2.7051
627 7.29313 34.0432 3.2888
628 19.3136 3.46748 1.79218
629 25.0315 0.0772733 2.57665
630 35.0347 31.2342 0.276972
631 29.447 37.4231 3.26184
632 32.3078 31.2173 1.30667
633 38.1346 26.8041 2.74646
634 0.408012 5.06105 -0.912459
635 25.5936 27.213 -2.5195
636 23.4605 4.30204 0.735127
637 2.84174 25.4251 -3.14961
638 32.0739 24.3569 2.90189
639 36.7543 8.8884 -0.382058
640 6.84672 19.4582 -0.133303
641 23.7241 5.02738 -1.19096
642 18.7062 35.0842 -2.5065
643 28.3951 24.615 -1.1998
644 10.573 5.78098 -0.177307
645 4.90148 14.1095 1.27354
646 8.67387 6.80885 -0.919483
647 12.3655 16.7484 0.920053
648 33.8589 33.3819 1.46883
649 19.1258 20.1147 3.25461
650 29.7522 12.9447 -2.78558
651 23.4186 19.0721 1.21305
652 7.65303 38.2625 1.51269
653 13.4645 3.57595 -3.41604
654 18.7591 14.9008 1.3391
655 36.8317 36.457 -0.256898
656 7.43699 11.4162 1.29523
657 21.3871 9.83825 -0.104199
658 10.5772 28.4095 1.71447
659 35.9098 36.7883 -1.17277
660 25.7437 13.8316 -3.9437
661 0.754012 19.6075 0.00559496
662 35.1501 34.8741 -1.74411
663 13.0266 23.2512 3.68241
664 29.3532 14.1282 -2.44773
665 33.9903 39.9147 -1.44277
666 28.1564 37.3188 -3.85413
667 37.5838 32.6142 -1.65354
668 12.5322 31.7544 -1.78045
669 15.0394 27.6275 -2.44187
670 36.6787 25.9709 -0.527892
671 32.3039 2.18713 1.11416
672 14.1201 32.3393 -0.51954
673 38.0207 4.74942 0.0155705
674 8.10399 18.7949 -1.39962
675 28.3894 14.2428 -1.02312
676 29.624 36.5992 0.195846
677 29.9259 20.7426 -3.142
678 27.65 2.43999 1.69344
679 23.5632 19.5576 1.79286
680 22.1544 32.0474 1.8804
681 9.71643 38.6301 0.23714
682 31.4558 38.4484 2.3177
683 26.2808 23.8667 2.88215
684 8.78739 2.43859 0.584625
685 26.7441 27.6442 1.05501
686 38.7892 39.9134 -2.93207
687 21.9964 11.4836 0.620373
688 28.9859 6.04953 -0.644269
689 15.1132 1.73997 -2.4997
690 20.5419 30.9149 2.01766
691 22.405 33.0459 1.12116
692 27.03 13.3034 -0.853016
693 3.67127 18.0354 -0.785671
694 29.8558 25.6925 -1.80655
695 16.5326 28.7434 3.95166
696 25.4526 26.9802 -0.819962
697 34.2014 2.74024 1.45851
698 39.9826 13.3496 0.49532
699 27.311 25.347 -0.481656
700 2.15573 1.34898 0.738164
701 20.7147 0.261209 2.57814
702 38.7723 5.76854 -3.26
703 0.572765 10.1185 -1.18101
704 24.3515 32.2872 0.805558
705 7.45879 31.1666 -0.0668905
706 35.3574 34.7266 0.958203
707 13.8893 8.59376 -2.06176
708 27.8857 16.6049 -0.865579
709 27.2852 9.83281 2.17649
710 16.5763 29.186 1.7705
711 35.3564 25.658 0.947655
712 27.9301 14.2814 -3.33982
713 29.7392 18.1117 2.51814
714 26.6873 30.4527 -1.4349
715 38.4905 4.67095 -3.78121
716 21.76 32.2818 1.32571
717 17.1135 27.0784 2.86657
718 9.19642 28.9057 0.736711
719 10.8887 33.4409 0.992622
720 11.1187 27.6802 2.53927
721 29.7368 36.7956 1.12908
722 38.5229 39.0134 -2.44545
723 19.2248 39.1632 0.936728
724 14.6681 0.153791 0.362651
725 25.0094 37.5962 -2.89459
726 8.15768 28.2952 -0.667942
727 6.5497 26.1829 4.27412
728 38.2778 7.52554 3.79659
729 20.6418 1.11438 1.28832
730 19.4893 6.96133 -0.389133
731 31.8734 20.1939 -1.34944
732 25.1664 31.1124 -0.062914
733 34.858 28.4706 -2.19886
734 27.9615 9.70285 2.35535
735 14.4625 22.361 -1.30696
736 21.7939 32.9614 2.78917
737 36.9219 36.9755 -0.0324882
738 19.3854 7.05425 -2.28127
739 12.4203 28.0489 0.995988
740 1.8684 22.2767 -0.569676
741 12.7886 35.857 2.09982
742 21.8951 12.6324 -2.35782
743 21.9509 26.2433 2.98639
744 34.0352 16.6778 -2.34713
745 14.4652 34.8227 -3.32739
746 12.0311 9.24658 3.5821
747 13.545 24.5483 -0.885642
748 15.8899 27.4689 -1.58849
749 4.28573 9.35012 2.29017
750 2.14718 31.5026 1.08067
751 7.32308 2.54754 -1.40354
752 0.903653 16.962 0.107226
753 9.88459 21.3313 -1.67876
754 26.7677 24.0267 2.22528
755 21.6461 6.56605 1.24942
756 1.23439 2.40425 -3.43111
757 16.7792 19.9328 -0.576527
758 35.0949 22.3057 -1.89537
759 9.30374 28.6002 2.08974
760 34.9259 37.0591 -2.77709
761 10.9346 19.6568 1.94846
762 20.544 25.9634 -1.46688
763 10.3464 39.6211 2.37636
764 27.2645 4.74215 -1.40951
765 30.4091 23.0719 -2.20503
766 8.52894 16.8113 -0.598531
767 35.7256 13.2379 -2.08791
768 7.29759 16.6057 0.319454
769 18.8529 28.9226 0.229559
770 9.4126 24.7159 1.15358
771 1.80611 21.8018 -0.458973
772 12.508 34.324 1.44732
773 36.2316 28.8572 -1.91723
774 39.7193 37.736 2.37242
775 17.8088 11.2401 2.10504
776 8.32046 18.1128 3.26023
777 4.04428 22.6312 1.02378
778 34.4383 23.3695 -1.86967
779 17.6022 0.816795 1.0151
780 3.95965 0.4402 -0.611872
781 37.3034 3.55778 -1.74155
782 11.237 9.4136 2.32932
783 12.8828 7.36137 -0.669612
784 31.1154 38.4113 0.82467
785 23.4451 12.5145 -2.67888
786 7.66062 22.3808 -1.64781
787 32.8836 1.45089 -4.49918
788 3.91865 36.9064 1.99842
789 0.136672 9.53834 -1.45813
790 11.5555 28.5657 1.95928
791 14.0648 23.139 -3.01769
792 10.0005 28.5252 0.776163
793 22.1718 37.7714 2.50744
794 24.0078 27.2713 -4.04763
795 7.2641 7.42722 2.24252
796 18.7839 27.9107 3.11257
797 0.68369 30.8457 1.65633
798 25.4075 9.61524 1.16669
799 19.2166 6.92571 1.88086
800 34.4263 8.11012 0.0847949
801 20.0002 14.7984 -1.73836
802 34.8273 20.5425 3.41692
803 14.6572 39.8846 -0.293545
804 0.985838 19.8754 1.75855
805 0.662967 21.4714 2.44073
806 14.067 28.9851 -2.03993
807 24.9505 11.5189 -2.50736
808 25.5029 24.32 2.09414
809 26.0915 12.9572 -3.04828
810 14.8208 39.7839 1.48517
811 8.4165 23.9564 -1.67083
812 11.3111 0.70987 -0.215571
813 4.71377 10.8826 -1.00416
814 25.7387 36.891 1.46334
815 37.3717 18.5405 -0.240236
816 20.1856 38.0058 -0.59336
817 16.0099 35.1398 -1.70761
818 6.93347 15.7629 -2.8529
819 23.122 5.06299 -2.47927
820 0.145184 2.37441 0.305039
821 15.9839 10.2642 2.10093
822 8.72796 4.16191 -2.20398
823 26.6089 38.0683 3.17642
824 36.729 18.0978 -2.16069
825 1.46886 31.5007 -0.249257
826 4.22881 16.8851 -1.13827
827 2.13631 10.3918 1.51745
828 19.8481 21.5032 0.727638
829 17.981 31.9721 1.12917
830 8.45834 22.7663 1.32015
831 12.7782 35.1752 3.55937
832 33.8833 34.4388 2.11535
833 11.4605 14.1275 0.458054
834 20.278 9.34259 1.53128
835 1.62501 30.1635 0.149155
836 20.307 30.9385 0.615296
837 30.1731 33.9608 2.35933
838 22.1557 3.46434 -0.605193
839 7.35307 22.5422 -1.14005
840 19.7715 14.6032 -3.15401
841 30.5864 29.4527 0.0736942
842 19.1055 30.1807 -0.248116
843 12.0555 1.36202 -0.616862
844 7.29193 23.7054 -3.95925
845 1.76708 31.2572 1.62026
846 11.6713 30.4918 -0.433997
847 38.9559 24.1253 -3.80576
848 23.6191 26.2362 -3.25183
849 17.8838 17.4938 -1.35645
850 36.4822 32.0099 -1.80669
851 1.19392 36.7847 -2.78158
852 27.8587 28.6354 -1.14102
853 24.7571 20.3352 -0.58124
854 39.8037 32.0986 -0.440831
855 12.8463 2.4259 3.16473
856 17.3399 32.5024 4.0031
857 9.39285 18.148 2.26283
858 4.14729 24.8154 -0.0427788
859 16.1336 37.7403 3.44523
860 0.111835 18.8412 -1.19851
861 2.50014 14.9353 0.316043
862 6.65844 34.8198 2.41903
863 11.824 12.2166 -3.5608
864 24.9843 10.5097 -2.87359
865 31.0134 33.4398 0.610427
866 26.5637 1.65569 0.662132
867 24.9996 32.9825 0.391719
868 31.7428 23.91 1.98837
869 39.694 14.1916 1.42877
870 37.3809 6.46902 1.45357
871 20.057 23.7722 -1.00369
872 28.178 22.2001 0.854986
873 13.7167 21.2099 -0.50638
874 39.6146 13.3045 -1.99107
875 35.0263 12.555 0.763249
876 4.83687 15.702 -3.58429
877 36.2554 5.24388 -1.62699
878 4.31234 35.3754 -3.77581
879 1.82832 31.0194 1.13567
880 39.6323 22.0053 1.96317
881 4.56415 24.158 0.340114
882 26.033 5.55444 -2.11037
883 32.8321 24.7635 0.713427
884 8.35558 17.8007 1.4375
885 8.21631 12.6065 -2.19178
886 18.516 23.2737 -2.83812
887 38.2316 27.2033 2.20686
888 35.2427 23.256 0.431597
889 5.74223 11.7664 2.08819
890 17.6841 19.4164 -2.48691
891 20.0555 20.1427 3.50132
892 18.9603 1.69269 1.94299
893 30.8545 29.3147 0.943141
894 35.4216 34.0071 0.604659
895 35.4673 14.4798 -3.29795
896 17.5476 0.691053 2.81876
897 37.7114 10.9699 -3.14792
898 19.0943 19.3017 2.25747
899 11.1844 25.3712 -0.18034
900 15.7298 8.7779 0.0515089
901 1.39539 35.6093 0.426002
902 0.499647 31.6721 2.07081
903 9.24667 34.1673 -0.832733
904 20.7724 35.7391 2.81575
905 24.7257 32.0498 -0.409028
906 24.6862 19.0623 -3.20929
907 12.9513 29.8139 -2.82211
908 37.8112 32.6988 -2.36554
909 17.4914 1.94593 1.51512
910 35.1024 20.998 1.10119
911 32.8304 26.9402 -0.195533
912 28.0938 20.9522 -1.90048
913 38.9625 28.1547 2.57933
914 2.13501 22.252 -1.31179
915 35.3282 35.1702 -2.45951
916 24.2952 18.0972 -2.59464
917 9.91359 25.1989 -0.953907
918 2.67928 7.1002 -0.0033741
919 27.3294 17.6565 2.52228
920 3.97112 22.8151 2.51803
921 28.7762 21.0549 -1.29258
922 26.5079 16.4626 -0.290993
923 8.90015 24.5691 2.67466
924 32.0636 31.9032 -1.33451
925 20.724 39.9981 1.00978
926 30.3143 38.4173 1.42335
927 6.98062 30.9812 1.44035
928 38.3475 2.57666 -2.06698
929 39.1319 30.2038 2.39071
930 10.6402 9.65697 1.21726
931 14.5572 19.0752 -1.70939
932 9.38851 23.8241 -1.4842
933 14.856 6.1969 -1.50054
934 28.3087 22.9947 0.535622
935 8.21366 7.6804 0.389836
936 10.79 18.0327 -0.0721944
937 13.8875 2.99799 3.46522
938 22.7538 26.467 0.292262
939 17.856 10.6477 1.54929
940 16.2413 25.6779 1.20803
941 25.036 17.344 -0.236989
942 6.60287 11.1452 3.55474
943 10.4829 6.24657 -1.26688
944 4.52846 33.0562 -0.799561
945 3.81697 5.55861 1.3867
946 18.0826 25.6287 1.69044
947 17.1702 4.38113 -0.575533
948 17.9369 7.03552 -2.27274
949 4.57642 14.5672 0.721048
950 37.1606 30.4194 0.403406
951 10.3487 6.56175 -2.78796
952 17.9248 20.8196 -4.22662
953 34.9192 21.341 -0.0198159
954 9.31165 0.711757 0.761316
955 38.2167 6.77175 -2.09918
956 30.0637 12.3611 -2.1422
957 29.7746 19.8305 0.299908
958 7.07437 36.7889 0.509936
959 26.3943 39.9115 2.00473
960 2.75348 36.4117 -3.3236
961 4.15152 27.0023 0.165848
962 13.0118 29.2615 1.2256
963 14.4307 38.3224 2.43792
964 2.37125 6.78514 -0.76062
965 35.7489 23.0296 -1.14104
966 12.3413 18.2181 -0.898517
967 18.5655 0.33612 3.41498
968 30.0083 22.9091 0.0177148
969 15.9462 4.4864 -0.0882712
970 24.9044 34.9811 -2.56168
971 29.958 15.6621 -0.765177
972 13.6842 17.7598 0.457847
973 10.3331 22.0396 -0.952054
974 27.4151 20.0426 0.405833
975 12.08 19.6751 2.5657
976 5.33287 6.40077 1.78462
977 7.98813 36.8318 -1.52667
978 13.8541 29.6565 -0.151193
979 5.07123 39.6783 1.33453
980 36.2997 13.9188 -0.837033
981 4.50389 21.5097 -0.612601
982 36.2153 8.90888 -0.844304
983 27.6595 16.7427 1.1493
984 11.4933 32.2625 1.58381
985 7.06676 22.2401 -2.42149
986 22.1005 15.6727 0.0845262
987 10.0725 14.5615 1.30821
988 1.82043 26.0149 -2.86169
989 23.9773 31.9721 0.558875
990 20.4475 15.4911 -0.488069
991 10.6589 25.7392 -1.55013
992 4.58536 15.5746 -0.902412
993 14.1921 19.2387 0.701022
994 19.8133 23.3615 -1.19239
995 12.7005 17.6354 0.608431
996 31.5555 21.2649 -1.82286
997 38.2324 15.9545 0.997306
998 35.4887 37.4072 -2.01323
999 32.2654 16.7478 -0.988913
