1000
Particles
0 1.04664 34.445 -4.27424
1 36.4546 22.1062 -2.32043
2 17.6039 2.73861 0.145055
3 9.83091 35.2679 -3.73381
4 17.093 20.707 -0.135056
5 19.7065 8.71036 -3.8892
6 28.214 2.17235 -3.04886
7 35.8094 18.816 0.294851
8 8.52298 27.2555 0.273637
9 27.6079 15.2112 -1.26727
10 27.8196 32.6033 -3.99453
11 39.4812 35.3816 -1.37227
12 36.2067 31.4349 1.4964
13 4.64479 7.68685 2.91915
14 28.6289 20.3951 2.0731
15 21.0595 29.3591 -0.76311
16 23.9675 31.1682 0.574993
17 32.6268 13.802 3.64853
18 33.7702 9.98296 2.54824
19 16.7485 27.7451 -4.05746
20 5.74351 7.76385 -2.29279
21 2.24306 4.42469 -1.58828
22 3.96433 14.1371 0.484226
23 32.6516 18.9994 -1.84158
24 0.85263 4.89773 -0.963021
25 0.0976417 34.1842 0.517843
26 20.4514 33.2505 0.547522
27 16.1584 14.4818 -2.10549
28 5.42589 29.3807 -1.53373
29 31.1661 2.62147 3.93262
30 18.9412 21.0056 -1.20231
31 11.5441 16.8521 1.03075
32 19.3866 7.64676 -4.45396
33 13.3515 1.43734 -1.00075
34 24.2709 13.4888 -0.763674
35 23.4411 4.30655 0.200448
36 15.5057 0.0549168 -4.86465
37 37.8959 27.3018 0.632497
38 34.2051 39.9417 -1.55032
39 31.7465 18.8334 1.18583
40 38.0875 35.3159 -1.60308
41 11.9244 11.8354 -3.31788
42 37.7754 16.1341 -0.652674
43 28.8816 33.3513 0.343881
44 20.0441 24.899 1.52208
45 5.85234 30.2373 -0.856125
46 38.5938 6.15263 2.59641
47 33.7195 5.72692 1.13858
48 6.087 33.4408 4.7563
49 6.21732 31.5533 2.10562
50 38.4832 0.568813 -0.496177
51 19.8956 37.8966 0.189217
52 31.2332 14.123 0.553755
53 14.0229 4.56334 -3.86752
54 29.288 27.3956 -1.39482
55 0.345394 14.2795 -2.91427
56 23.6901 7.07004 2.78568
57 2.47378 37.753 -2.43366
58 38.9854 26.1068 -2.53726
59 8.3866 34.4677 0.203818
60 8.15331 28.6691 -2.26199
61 16.3973 33.8664 2.35651
62 37.0177 39.7373 -2.30278
63 7.07027 16.3119 -4.21697
64 0.203312 25.8496 -1.54465
65 12.3713 38.1308 -0.467666
66 8.44416 18.3031 -4.62917
67 23.1247 20.8332 1.01558
68 14.6668 2.02325 -2.91134
69 15.1576 1.7951 3.01771
70 6.05577 39.4902 -1.44008
71 21.8456 9.94837 3.84732
72 4.22921 14.2368 -1.21776
73 19.292 30.0448 2.80222
74 8.32516 8.10442 2.43321
75 0.887762 33.9734 -3.01207
76 18.4674 2.91486 -0.454153
77 8.9785 26.4311 -2.3451
78 4.13503 34.488 -2.29215
79 0.729144 7.28372 0.35414
80 33.32 5.66827 0.979348
81 3.10127 27.5337 -0.840986
82 14.3611 11.2958 0.643645
83 16.1329 31.8811 0.417249
84 19.3961 15.9943 1.72503
85 39.2645 18.8234 -2.87013
86 23.909 7.06816 2.68901
87 24.6074 38.1192 -0.216184
88 38.7798 39.9656 -2.83675
89 5.74621 1.6839 -0.665568
90 1.21738 36.9843 1.8767
91 20.9897 14.966 -1.19992
92 14.4274 25.3716 1.81139
93 16.5098 0.209133 -1.63504
94 15.9566 26.8827 2.0485
95 20.0415 2.26664 -1.1305
96 11.438 33.1993 -2.5324
97 22.3312 35.2404 -1.62307
98 37.2663 19.7504 1.66807
99 13.8493 4.25191 -3.01728
100 25.2711 20.2535 0.123608
101 20.9525 25.0464 1.53416
102 22.0522 30.1549 -2.09933
103 8.12925 4.23614 2.2613
104 22.8451 6.70856 -1.05843
105 21.2771 33.0736 -1.47801
106 30.6914 17.6614 -1.60626
107 22.2946 22.1086 0.71465
108 28.3488 12.8101 -0.504619
109 3.46705 35.5737 4.18062
110 15.2826 0.478561 -3.31182
111 37.3599 34.3365 0.672259
112 29.88 1.72618 0.957575
113 37.4619 26.4589 -0.636709
114 35.462 27.0753 -2.56694
115 31.7294 24.4667 -1.05477
116 24.2502 29.1633 -0.111626
117 27.3287 29.6641 -2.01702
118 25.1481 3.62158 -1.56252
119 35.9033 14.9952 0.107804
120 23.349 28.0262 -1.96702
121 24.0793 12.3919 -0.832195
122 38.8196 21.4645 1.54707
123 6.19176 31.6533 2.46619
124 12.1648 39.9387 0.173096
125 24.0569 1.12154 3.33934
126 21.5188 27.7393 2.05695
127 37.2488 7.85714 -0.569132
128 33.6574 8.92227 -1.78205
129 0.163681 14.4692 -1.69332
130 32.4295 4.79116 3.02143
131 30.5556 26.4131 -2.11869
132 18.5513 2.36389 -0.192634
133 39.0358 34.6475 -1.68644
134 1.45377 31.6395 3.32241
135 10.6426 6.40961 -1.69696
136 26.7624 4.80146 -3.05341
137 25.4142 31.3621 2.73904
138 7.71757 19.5726 3.05285
139 15.3556 1.46777 2.92225
140 24.3962 31.8938 -1.23154
141 31.9976 30.6742 2.15636
142 27.4869 9.94652 -0.571486
143 16.6505 24.6176 1.88094
144 39.0332 32.6415 -1.52841
145 21.1504 21.806 0.250551
146 35.7985 9.44253 0.556047
147 36.4234 39.9257 -1.53994
148 36.0576 7.67052 2.98902
149 12.4703 24.4777 -2.31444
150 18.801 21.8065 -1.78061
151 32.0322 36.9361 0.92992
152 17.5054 17.7077 3.56505
153 16.8497 3.23052 1.51865
154 25.1883 39.1366 -0.534005
155 33.161 25.8733 -3.66109
156 39.5251 26.3822 -2.04161
157 14.6911 10.1568 -2.78629
158 15.3945 36.1599 1.70528
159 20.929 26.5681 1.29095
160 38.9944 18.3998 0.128768
161 7.87179 21.6971 -0.408009
162 24.6875 30.6325 0.146825
163 7.40243 8.54208 0.975458
164 17.4147 5.08653 3.73805
165 27.417 11.2712 -1.12968
166 32.421 10.6283 -2.35447
167 12.322 35.7331 0.771781
168 34.8027 23.6215 0.829299
169 38.6196 36.0737 -2.91193
170 4.67178 38.0625 1.03342
171 22.2401 38.8532 -1.27461
172 2.82455 19.7775 1.12196
173 22.5759 30.7524 -1.87145
174 15.4158 38.4293 -0.974359
175 4.72993 5.0293 0.697851
176 17.4548 24.527 1.43503
177 15.539 8.47751 -2.66966
178 26.7882 14.3573 -2.20384
179 29.116 9.54767 -1.2306
180 16.5945 9.9721 0.440567
181 1.74237 28.092 -3.05475
182 17.9501 21.4589 -3.10423
183 2.3603 23.7806 -1.18988
184 35.4673 7.46142 0.781629
185 8.68336 13.8771 1.99267
186 19.4063 3.12595 -1.73944
187 7.23811 1.45393 3.28491
188 24.0929 19.6789 0.0825516
189 7.30524 26.4769 0.873154
190 24.2566 23.7744 3.83065
191 15.3516 28.945 -0.238928
192 37.0554 1.04878 -2.9775
193 29.0421 21.7353 1.3689
194 22.8698 24.1675 -1.13876
195 6.70991 14.5869 -3.15856
196 29.042 34.6413 4.72274
197 18.685 34.4935 -0.530141
198 29.0624 22.5808 3.03781
199 13.8134 10.9705 0.171287
200 31.2785 38.1124 2.22161
201 37.5157 19.4698 3.2609
202 12.7862 20.0603 -1.1488
203 23.62 14.0274 0.393016
204 32.603 33.1378 2.37844
205 37.6194 30.8401 0.480818
206 16.4467 5.74126 0.230329
207 35.7542 32.7835 3.13113
208 33.9002 21.8404 -1.52624
209 11.6123 37.7948 1.25949
210 13.4699 24.1471 -1.32764
211 33.1111 17.258 -1.19096
212 39.413 34.4577 -0.781354
213 0.028304 5.04594 2.21352
214 29.4213 20.1204 2.3946
215 34.7759 21.8745 -1.45983
216 28.8944 22.4337 3.12987
217 6.64751 8.39093 4.44529
218 14.6789 18.0083 0.788735
219 23.4409 37.1159 0.930393
220 14.7814 2.41075 3.91951
221 20.5199 11.0724 -2.00923
222 0.178369 33.6646 0.252158
223 19.6912 23.6907 0.205146
224 5.20615 30.5097 -2.52554
225 35.2631 9.99116 -0.63079
226 36.7415 18.5763 -0.862382
227 2.50498 11.182 -1.46118
228 16.0295 5.64433 -0.118184
229 37.4274 18.3367 -0.493418
230 28.7091 10.0558 -3.77216
231 15.4144 30.848 0.582787
232 33.5851 2.42408 -0.89337
233 0.885235 5.48591 -3.10325
234 7.57739 36.9032 -2.51464
235 0.948641 5.38652 -2.85041
236 14.3206 39.1227 -3.4068
237 15.6578 25.152 1.24694
238 10.2577 12.5373 -0.0627702
239 29.4614 9.31718 -2.99813
240 15.7472 18.9543 -1.84317
241 9.07916 29.8735 -0.617031
242 2.64409 3.24745 -1.83773
243 28.7941 39.6313 -0.663278
244 35.7216 16.0574 0.563811
245 19.4651 2.75441 -0.50242
246 26.7247 4.42534 -3.03241
247 6.87595 36.0189 1.26075
248 8.68117 27.9599 -0.873628
249 13.1982 39.8047 4.0679
250 17.4486 2.79458 -0.0861242
251 39.4875 1.33642 -2.68478
252 32.0483 14.1834 1.22487
253 31.5163 14.9361 1.90538
254 39.8326 38.3513 3.90411
255 28.6744 28.6369 -2.63942
256 8.93599 4.27462 3.32758
257 30.1875 20.2436 2.27982
258 28.2773 35.8298 2.11674
259 39.2972 15.6985 -4.70115
260 3.56683 9.81076 -3.69032
261 31.7643 28.2752 2.07559
262 28.8794 32.9907 4.35663
263 2.43561 4.52474 -3.13878
264 11.501 26.2092 -1.00416
265 0.777131 30.1857 0.344082
266 39.4397 14.1405 2.37542
267 1.29392 30.4327 -1.15273
268 13.4574 23.9578 0.577826
269 23.7549 34.8445 -2.82275
270 4.18523 11.6305 3.1973
271 32.9774 9.89683 -1.91685
272 15.4132 19.3397 -1.59222
273 28.2686 35.0345 2.04011
274 13.7482 5.05614 -3.36069
275 7.01855 23.7977 -2.12748
276 24.5371 20.0405 -1.74338
277 3.00978 20.8063 -2.31641
278 3.8013 14.6739 0.1182
279 9.41112 25.9501 -2.31089
280 4.90818 25.4293 -0.260841
281 23.3995 17.8234 0.257719
282 13.5898 17.913 -1.4076
283 21.4133 33.1102 -0.273708
284 23.5835 20.0261 1.27099
285 38.1107 38.8787 -3.23553
286 35.2877 6.88623 -0.654153
287 17.7599 11.8727 -3.34582
288 2.14613 39.0659 1.13604
289 10.539 32.72 1.19638
290 32.6063 26.1379 -3.40908
291 13.3417 6.09562 4.07126
292 36.3851 17.3575 1.06436
293 8.9205 5.35266 0.602204
294 30.4336 27.8017 3.78152
295 19.5788 15.6543 2.81205
296 24.5079 25.7493 2.02553
297 37.8022 30.3126 0.0951996
298 22.2365 34.0102 1.94322
299 19.3564 25.6147 -0.0340646
300 25.2535 8.67127 3.04125
301 27.7539 27.6746 -0.838836
302 19.431 33.1104 1.17444
303 3.89563 21.9487 -1.56217
304 3.99252 30.2989 3.58739
305 2.71477 20.9708 -2.87182
306 28.9644 12.6009 0.579228
307 9.10081 14.3317 1.49664
308 2.37592 25.646 0.1266
309 13.2647 34.8438 -1.39037
310 15.6588 23.4829 3.81484
311 24.882 8.3635 -0.689026
312 35.9485 38.6256 -0.21191
313 23.1782 36.5085 0.857232
314 16.7959 6.62967 3.90855
315 0.625606 36.0507 -0.836598
316 37.4854 34.418 0.528715
317 21.0386 27.3677 1.20905
318 27.72 23.8421 -2.29122
319 5.56195 3.08716 0.976949
320 3.41716 22.7298 3.75349
321 28.0215 2.39782 -1.84601
322 1.06824 33.3076 1.81019
323 12.9261 35.4765 -0.40699
324 27.8662 13.133 -2.80577
325 10.9162 31.4868 1.09352
326 7.03174 15.4629 -1.7296
327 16.6709 36.863 1.9432
328 17.0554 29.6511 1.56102
329 6.14734 23.1705 -2.37457
330 39.0636 11.1915 -3.31942
331 18.8397 35.1067 -1.50105
332 32.4454 11.3774 -1.46303
333 31.1344 20.0527 3.60331
334 13.3818 5.7211 -4.42607
335 5.28723 2.05914 0.197705
336 14.9162 36.6899 2.27338
337 11.6951 22.871 -0.655798
338 12.3526 25.3939 -3.50431
339 36.9572 29.982 0.850764
340 6.96652 22.4597 -0.794812
341 33.7054 28.1597 3.08609
342 10.5467 19.9765 0.0153175
343 11.3605 19.4238 -0.437472
344 12.3833 38.8045 -2.6051
345 31.2057 26.6664 -4.49195
346 18.2562 9.14509 -2.42673
347 1.70695 39.6026 0.129819
348 8.38994 25.4643 -1.80659
349 16.2656 26.8806 2.77781
350 3.77699 20.1911 0.424099
351 7.89414 21.6264 1.84376
352 28.8981 27.2145 -3.40935
353 23.8098 10.6271 1.38538
354 37.9272 38.8995 -3.51718
355 16.0345 26.9414 3.75047
356 34.1146 0.00674691 -0.672184
357 13.3716 23.4062 -0.657939
358 13.3496 14.386 4.44315
359 32.7846 25.3961 -1.25312
360 31.4611 23.1032 -1.73511
361 30.1451 31.3726 -1.0895
362 1.18045 25.4148 -1.24549
363 0.49305 9.08722 -2.53959
364 7.14746 15.0667 0.0131428
365 9.16823 36.0927 -0.950358
366 15.6598 11.1716 -1.84993
367 12.8197 39.2304 -3.78033
368 26.08 8.5508 1.68787
369 14.7944 0.342926 3.8523
370 17.7068 28.0301 -1.62943
371 23.5233 18.8962 3.24558
372 22.1294 27.7271 0.408748
373 17.001 15.2889 -1.38994
374 14.0151 15.4501 -3.67651
375 13.0631 14.5038 2.17236
376 37.268 29.8887 0.445224
377 5.80827 9.59455 -0.672861
378 12.9345 6.17003 3.16474
379 35.9153 29.7175 1.82835
380 33.4081 27.9638 2.93267
381 12.4958 36.9503 1.42335
382 5.092 18.3901 2.29613
383 21.5198 32.7474 -1.72917
384 30.2936 10.9247 -1.99568
385 18.9617 23.5598 0.442166
386 26.9082 6.29365 2.99273
387 36.3338 34.9009 -2.24089
388 31.462 28.1213 2.20844
389 6.6638 3.32662 0.157007
390 34.7088 21.5757 -2.12964
391 14.3276 12.0111 0.808289
392 21.3866 22.8611 2.84833
393 23.6841 4.93795 1.47753
394 26.7349 36.8983 2.91856
395 35.51 14.5836 1.92198
396 2.22215 0.415461 4.71233
397 7.5956 4.45732 3.37067
398 36.0658 29.0227 1.22686
399 33.1056 21.4856 -3.03653
400 5.75332 1.26312 -0.449871
401 27.4924 32.2287 -0.33825
402 39.8885 10.1275 -3.54414
403 3.55576 26.7862 0.732854
404 19.5444 26.693 1.31267
405 2.73968 21.0785 -1.46157
406 26.0662 4.47625 0.0537628
407 35.5571 9.86865 2.47626
408 0.0639754 10.9219 2.85462
409 18.3167 3.12795 -2.28861
410 17.7111 24.3155 3.49486
411 15.1536 30.3399 3.14514
412 4.16971 38.7868 -1.89408
413 9.55181 16.976 0.263112
414 7.40018 14.1267 -3.00845
415 9.9857 28.6339 1.43048
416 16.5695 36.7009 1.91488
417 39.4492 39.8081 0.281012
418 26.6801 24.2097 -2.81482
419 23.7737 3.84961 -0.356106
420 23.272 3.52885 0.64313
421 4.62465 19.2321 -3.3866
422 9.67329 16.5612 3.5535
423 32.1971 6.66439 -0.946788
424 22.5569 26.7469 1.38943
425 16.0324 1.74247 -4.98304
426 9.94211 24.8012 -0.255727
427 16.9744 23.2365 3.13107
428 7.11088 3.47957 -0.221105
429 1.54426 5.80842 0.319386
430 18.1651 17.6557 3.10824
431 5.44908 7.53152 -1.41756
432 22.3596 32.1431 0.452422
433 23.9032 20.9398 1.14283
434 12.7844 24.5185 -2.51655
435 28.9344 32.7904 -4.62555
436 3.77498 28.1388 4.63744
437 13.0417 33.6294 0.973986
438 4.24185 27.6177 1.17281
439 32.1203 15.2404 2.0411
440 23.8433 9.43884 2.41139
441 13.2738 39.8244 -4.94119
442 4.36924 20.286 -3.40639
443 24.7266 13.6283 -1.83464
444 13.9391 17.4009 1.61776
445 13.217 18.3543 -2.70993
446 15.8744 13.2725 3.99523
447 7.58291 5.85231 1.40616
448 31.2524 31.4844 -1.18897
449 15.5236 19.9177 -3.72333
450 2.23627 18.1678 -2.05454
451 33.2856 10.7007 -3.94111
452 13.5971 13.4904 1.10884
453 4.74152 22.7258 -2.70284
454 36.2743 9.9733 0.856095
455 32.8551 9.30401 -3.08614
456 9.14015 8.07276 1.50209
457 20.461 16.0244 1.89923
458 32.8646 19.4802 0.451171
459 14.6952 3.16443 1.66853
460 9.23067 38.8085 -0.3175
461 8.11077 39.6793 0.872912
462 25.4922 14.7694 -0.891602
463 5.63171 35.1367 -1.67556
464 31.3856 23.2973 1.15687
465 30.4741 14.7079 -0.527008
466 33.55 20.6186 -2.29386
467 12.3876 34.8947 0.66371
468 23.7958 28.9138 -0.958424
469 14.848 35.8584 -0.917328
470 7.80116 17.3441 1.94109
471 35.2635 21.7199 -2.07491
472 15.3983 8.54291 -0.785038
473 10.9124 37.2321 0.432548
474 7.69957 36.6265 -2.17205
475 31.4827 7.81956 -2.79331
476 14.2346 27.4301 -3.56098
477 11.9168 36.9205 2.42733
478 24.3164 22.1444 -1.24366
479 34.9486 29.8569 -1.64337
480 32.1485 18.5011 -2.24801
481 27.4926 38.3266 3.62487
482 7.93316 31.5969 -2.16813
483 8.77113 34.4231 1.68149
484 16.5208 35.3665 3.4496
485 5.8892 39.1906 -3.56629
486 18.7351 28.2977 -1.42066
487 33.9231 28.5344 2.71959
488 33.8443 10.2025 -2.6204
489 19.566 0.944083 0.108182
490 10.9533 39.3979 -1.04809
491 15.7046 11.7141 -1.57799
492 22.8642 1.22856 0.28846
493 4.63577 23.8427 -2.24026
494 8.29865 13.3269 1.05506
495 32.6406 10.6257 -1.29384
496 27.3375 23.739 -0.783673
497 2.9676 31.054 -0.329241
498 19.9796 16.5532 -0.116468
499 11.1103 22.2917 0.55196
500 4.82095 12.191 2.30962
501 31.5635 9.43576 4.36415
502 3.85605 5.05399 2.50021
503 21.6786 26.9086 -0.107896
504 38.8923 35.689 0.151496
505 6.88418 7.31543 4.27266
506 28.7958 28.6786 -4.25983
507 20.5087 8.64042 -3.07579
508 2.42333 30.6521 -0.158567
509 17.3422 0.616019 -3.13585
510 38.0493 5.73066 3.17685
511 24.9625 33.2996 1.10776
512 33.4139 27.4354 2.11449
513 10.9682 26.7427 0.865381
514 9.5046 31.7043 -0.973251
515 16.3966 13.9852 -3.16208
516 18.1381 2.34653 -1.9404
517 15.0303 15.9103 2.00172
518 7.71637 9.3494 0.463656
519 21.7118 23.1251 -0.477501
520 0.464317 1.60591 0.0381619
521 37.0458 25.9169 1.74254
522 22.0966 19.0483 0.628419
523 11.6759 19.4519 3.52313
524 12.1585 26.0294 -0.653829
525 6.57088 15.2542 0.86104
526 9.49935 25.9857 -0.0214866
527 15.3105 5.97418 0.433811
528 22.0597 4.0058 -1.55291
529 34.0509 4.58184 1.35712
530 32.5856 10.1467 -3.11997
531 28.3721 9.93017 -1.95268
532 18.7463 38.4049 3.19035
533 16.5674 28.531 -3.14315
534 11.349 24.446 3.89285
535 39.4501 0.816768 -0.855478
536 32.1421 15.9621 0.912058
537 39.2053 26.5423 -1.23193
538 4.48838 3.16295 2.22603
539 7.80727 5.05497 0.842419
540 29.0314 19.7649 2.28295
541 26.8247 24.6718 -3.99907
542 35.6963 29.6699 -1.14248
543 9.95272 18.1907 -1.42303
544 37.363 38.682 -1.01962
545 15.0066 27.0767 -1.84062
546 1.91352 39.3094 1.89866
547 5.21184 12.1452 4.15028
548 36.9092 31.0922 2.71851
549 36.64 26.6094 -0.821407
550 3.53153 26.5423 3.0262
551 30.4796 13.8723 -1.6234
552 2.97443 0.0765739 2.91048
553 13.4523 33.7767 1.6184
554 20.377 9.76128 0.513672
555 0.613309 11.7855 -1.75161
556 33.491 21.9902 -0.988153
557 4.6663 21.6405 4.45973
558 39.7026 4.75538 1.76567
559 25.0317 28.6208 0.438645
560 29.6133 26.7819 -1.32084
561 2.08307 22.3731 0.294873
562 8.4293 26.7514 0.248805
563 5.22561 12.0753 4.51541
564 17.8486 25.6898 -2.30349
565 3.08541 21.3223 -0.679608
566 16.9674 37.1046 4.17902
567 30.9584 12.2405 -3.32714
568 1.69493 4.38398 -3.01111
569 33.9718 25.0685 1.12413
570 1.86024 28.7495 -1.99403
571 16.6338 14.6374 -3.07959
572 36.1583 30.0223 0.714422
573 22.068 31.9081 -1.24794
574 8.92157 22.1888 4.59397
575 21.4795 18.5102 2.17305
576 0.606739 38.1515 -3.13913
577 18.5687 30.1087 -0.0942482
578 10.9786 39.5595 -2.1952
579 7.53806 9.77999 0.693957
580 9.46285 30.814 2.69225
581 8.07757 28.7461 0.73233
582 30.4445 19.4116 2.96605
583 23.0863 36.5883 2.16767
584 37.5404 5.87529 3.73773
585 39.4318 22.3119 1.3315
586 23.0353 22.609 -2.28397
587 33.6128 32.7259 4.11176
588 23.4637 32.4763 0.364821
589 25.2369 20.7666 -1.50728
590 4.47249 4.76628 0.360624
591 3.41758 25.8417 -3.40272
592 34.0482 27.3507 4.67389
593 11.6983 21.6574 3.99597
594 5.92511 2.55957 -0.0505972
595 29.8089 19.8903 0.752172
596 39.0435 35.4408 -1.96135
597 31.2353 13.6963 -0.226755
598 35.3739 14.5737 1.43461
599 9.50715 33.6503 1.34786
600 8.5529 35.6535 0.256259
601 18.16 37.5666 4.06496
602 10.6583 23.2616 -0.931632
603 18.5241 11.2729 -2.50567
604 30.7004 25.8283 -3.77875
605 9.40596 35.2421 -3.77978
606 3.08983 29.1906 2.63127
607 38.2176 5.41508 1.99351
608 8.81404 5.78148 -0.56075
609 22.9125 39.3584 -1.54249
610 35.4526 21.298 -0.120124
611 3.78892 25.8429 -1.35418
612 26.1206 8.42447 0.510254
613 23.6847 10.578 1.07223
614 3.94103 4.08176 -0.640202
615 33.0748 11.2254 -2.96555
616 34.2498 16.3472 0.8378
617 24.0876 28.5818 -0.455664
618 5.08553 39.0423 -3.53281
619 22.7084 34.0163 0.856956
620 38.9234 38.4244 -1.21003
621 24.7285 13.2105 -1.36744
622 21.5727 3.11087 3.07229
623 17.4336 6.89402 1.5906
624 25.9913 7.7866 0.621492
625 22.3693 7.27953 -0.908062
626 8.05887 37.5987 -1.31437
627 6.48895 33.4057 -0.725321
628 16.0992 0.864252 -3.1298
629 24.5791 2.95453 0.757531
630 36.3623 30.0501 0.737641
631 28.1394 39.6755 -4.03298
632 32.6233 32.1365 -2.76474
633 0.0875804 26.3434 0.672297
634 1.58247 5.84261 0.548753
635 26.8959 27.6298 1.68648
636 24.2466 7.79894 2.61283
637 4.88251 27.2191 1.20205
638 33.8 27.5311 1.4704
639 36.3255 10.2566 -2.07015
640 6.17273 21.2625 -2.29319
641 26.2176 8.40994 0.616557
642 15.3911 35.6489 -1.03854
643 29.4971 24.2666 -2.23462
644 14.0359 5.13463 -4.55405
645 8.03995 12.5171 2.61255
646 8.39259 7.79562 3.31496
647 8.03438 13.9596 -1.38071
648 29.7872 33.5974 1.28686
649 15.7872 19.5389 -0.355368
650 28.7766 14.5222 0.0782812
651 22.0702 22.0649 0.55814
652 8.38269 36.1928 -0.676885
653 11.7408 0.732902 0.279187
654 19.1987 12.0987 -3.60672
655 39.3617 34.2413 0.857711
656 7.51091 12.8175 1.68647
657 22.2333 9.04304 0.0420326
658 8.88507 28.7103 0.872976
659 0.0907395 36.8243 0.865583
660 25.5764 12.2904 2.82182
661 39.0714 16.625 -1.66089
662 36.4717 35.9014 -1.01398
663 12.8068 23.6809 -2.11994
664 31.5011 14.656 1.47979
665 36.2013 35.709 -1.03746
666 22.8275 38.7496 -3.0775
667 36.8435 35.0374 3.1447
668 12.1354 35.3126 -0.176164
669 14.4856 35.0989 0.899548
670 36.6288 30.3939 2.34261
671 30.9626 3.0386 3.80512
672 17.9036 32.997 2.0634
673 37.3668 1.19966 -3.24404
674 7.91443 19.0146 2.60299
675 32.4046 16.9289 -1.71543
676 30.9321 36.2769 1.00028
677 35.0938 19.0239 1.95871
678 26.0015 2.30269 0.0858305
679 22.3155 22.011 -3.52272
680 21.3121 29.8669 -2.22917
681 7.42855 2.29108 4.22162
682 32.4469 1.31611 -0.305285
683 21.3961 27.4778 -0.102936
684 8.15086 3.69068 3.70686
685 28.8856 29.6815 -0.948366
686 38.1327 0.357256 -2.7679
687 24.8302 11.9866 1.02427
688 26.4136 4.98396 -2.87321
689 16.5179 3.77066 0.125042
690 20.9497 32.2556 -1.57987
691 18.4766 33.4571 -0.103493
692 30.5869 13.1379 -1.34849
693 2.1298 21.3226 -1.16103
694 27.3499 23.089 -3.11264
695 18.6522 26.7574 -1.13661
696 25.3121 28.3054 1.28336
697 32.0321 4.8207 -4.60138
698 36.0889 16.1236 -1.67747
699 27.7721 23.2395 -0.967336
700 3.61775 4.19701 0.946062
701 16.9489 1.48151 -3.10192
702 38.5254 2.84608 0.0409604
703 39.1499 11.1908 -2.64855
704 24.0016 35.4149 -0.489302
705 12.0725 34.9994 1.14553
706 36.947 35.6954 -1.39033
707 16.4 8.54362 -0.990086
708 32.0668 15.6044 3.36465
709 27.22 10.0811 -1.31862
710 16.5935 32.906 0.892902
711 37.0188 25.4686 0.655715
712 28.2844 14.5506 -2.47738
713 31.084 20.1992 0.585195
714 24.5812 31.3069 2.25271
715 37.6681 1.16072 -2.31812
716 19.8417 31.9437 -1.07657
717 16.1056 28.3105 -3.33148
718 8.64026 31.0059 3.11437
719 9.20382 36.9007 0.087427
720 8.41819 28.0654 -1.97325
721 26.9759 37.6673 2.22541
722 37.3483 38.2433 -2.80371
723 16.5975 0.0768928 -0.923115
724 15.9012 37.0866 2.16323
725 24.5378 35.9194 0.545886
726 5.59153 28.9275 0.2084
727 8.34408 27.2485 -2.72996
728 37.8866 4.3896 0.131207
729 21.1382 39.4659 -2.7325
730 23.3095 10.5211 -0.726576
731 28.8372 21.0407 -0.0221142
732 27.6394 33.1171 1.93752
733 34.2972 29.8009 -2.68722
734 31.2417 9.59208 2.10093
735 18.7411 25.8306 1.29165
736 18.4853 32.3143 -0.0527426
737 38.7325 34.8217 -1.10876
738 19.6026 6.92563 -2.25343
739 11.7917 24.9793 3.92228
740 38.1508 25.6398 0.314704
741 9.06136 36.8151 -2.04164
742 19.8172 10.9498 -0.529742
743 24.0127 25.5459 0.709576
744 34.3994 16.3157 0.128381
745 15.2498 36.0395 -1.31814
746 11.5283 9.91573 -0.239952
747 16.1138 20.8858 0.638169
748 18.5744 29.9205 -1.4374
749 3.1857 3.92964 -1.0493
750 1.15875 37.817 1.48923
751 9.0209 2.81874 0.191536
752 0.63507 17.6338 -0.508357
753 14.4987 21.1953 0.927987
754 28.9421 24.5641 -0.739019
755 23.8827 4.36147 -1.02463
756 2.54307 2.5441 -2.75474
757 13.7686 24.4972 -1.92665
758 34.624 22.4685 2.35975
759 6.89468 29.008 1.14725
760 33.6497 33.3117 4.55021
761 14.5877 18.8261 -3.44896
762 24.4125 26.4086 -0.420028
763 11.2732 0.0137244 0.0803559
764 24.3952 8.98448 2.63626
765 32.9224 22.6118 -1.80948
766 7.22872 14.8228 -0.600409
767 30.4485 12.5414 -4.06563
768 4.83627 12.7797 1.38078
769 16.034 32.9526 0.149779
770 7.46493 25.9519 -1.42108
771 3.56646 21.7511 -1.92921
772 15.0417 36.5533 1.63452
773 35.1847 29.34 -1.36094
774 37.0947 39.3959 -3.15108
775 16.7016 9.85368 -1.78574
776 7.92663 17.6745 1.95276
777 1.16653 24.6258 1.36667
778 34.116 22.419 4.1127
779 15.5087 36.4991 2.31012
780 6.47607 2.97233 0.306154
781 36.5459 1.30871 -3.42159
782 8.80093 13.377 3.07796
783 14.9721 8.59846 -3.42613
784 34.6327 2.6264 0.821591
785 22.5766 11.9171 -1.40712
786 4.1626 19.9299 -1.06466
787 31.6896 1.12386 -1.71765
788 2.16719 39.9504 3.34916
789 33.7999 11.197 -2.94693
790 12.7762 27.0157 -1.64732
791 15.1202 22.9676 0.940786
792 9.15052 26.1206 -0.361036
793 20.0432 34.7127 -1.85751
794 19.0831 26.5318 -0.848066
795 5.75832 8.01199 3.93774
796 22.0793 22.4371 -1.00463
797 36.5582 30.685 3.10074
798 23.6139 10.8608 -0.00319119
799 24.0758 5.30837 1.54521
800 33.3334 4.89783 0.728192
801 17.0461 11.1069 2.98293
802 35.7459 17.6235 0.0155784
803 15.5497 2.16229 2.48752
804 1.29129 22.5921 1.14759
805 39.9164 23.1998 0.213802
806 13.5172 30.5073 -2.87136
807 24.6317 12.1316 0.727397
808 20.5214 25.2499 3.12874
809 28.5351 13.2728 -0.103842
810 14.9711 38.6922 -1.8441
811 3.81682 22.4269 -4.21148
812 7.57267 2.57267 1.68043
813 0.844614 9.71395 -3.35252
814 26.1632 35.8082 0.397271
815 33.2638 16.5456 3.29241
816 19.1765 38.4663 -2.79658
817 13.6629 38.0083 1.96192
818 5.68426 11.9846 1.87725
819 26.7789 4.98977 -0.389763
820 4.78001 2.90203 2.85121
821 11.0568 14.99 2.01372
822 7.85991 5.23082 2.84886
823 24.1016 2.77987 3.77351
824 34.1408 15.3404 1.42653
825 39.9421 32.7846 -1.70257
826 7.06997 15.0213 -2.17426
827 1.17991 13.5388 -1.97256
828 21.7258 19.4288 1.28823
829 14.265 35.1472 2.17233
830 4.8048 20.3369 -2.35839
831 13.1027 38.0032 -0.49921
832 34.4435 36.2999 0.200492
833 8.877 13.2349 2.18281
834 19.5054 10.9805 -3.62705
835 3.0024 28.7423 3.36033
836 19.9647 31.1135 -1.8681
837 31.4842 34.5223 0.731017
838 24.1487 5.38189 -0.0520619
839 5.05603 21.5708 -2.54393
840 21.1419 16.8896 2.07664
841 29.1245 29.9376 -1.11478
842 16.258 28.4115 -4.62279
843 11.6313 6.18659 1.55613
844 5.86067 20.8704 -2.22297
845 1.449 29.2249 -1.99237
846 10.4022 32.7628 2.16864
847 39.5069 27.0289 -0.0929035
848 26.9013 27.6098 0.756962
849 20.0574 17.8419 0.715421
850 34.7692 34.8091 -0.332919
851 5.73095 0.949217 -1.7047
852 27.4625 27.0093 -1.64243
853 26.5707 25.9652 -0.811329
854 39.6352 35.4352 -0.306604
855 10.9897 37.6315 0.91346
856 14.0718 38.0699 2.56957
857 11.6155 23.1853 -0.959177
858 3.84746 27.3381 3.6049
859 15.6635 0.0585577 -2.93481
860 35.2693 15.7634 -1.95444
861 0.210081 15.2887 -3.21212
862 7.84873 34.1265 2.52689
863 7.57876 14.3802 -1.43922
864 23.5508 9.36932 2.7657
865 29.0521 37.5248 2.59379
866 26.1984 1.52105 0.338429
867 26.6304 29.8207 -0.604443
868 31.1816 26.6839 4.76406
869 35.9316 17.4212 1.96761
870 38.7437 2.70092 0.345022
871 18.6095 24.3743 -0.0143527
872 30.8269 24.4607 1.3894
873 19.0761 18.6556 -1.20632
874 34.1996 16.1358 3.02285
875 31.3225 9.06267 3.09545
876 7.10399 14.2895 -3.63713
877 34.6441 9.35609 1.77932
878 6.17036 36.1948 2.23906
879 0.268582 30.2369 2.12484
880 34.745 24.5602 1.38051
881 7.62986 26.8216 -0.214292
882 27.8622 8.57953 0.259122
883 31.6975 26.3268 -3.23909
884 10.4044 22.1744 2.53281
885 9.2848 13.2005 2.35757
886 20.5392 20.3748 -1.18336
887 39.8089 26.5578 0.554214
888 34.1121 26.1527 0.253765
889 1.2517 9.52655 -3.81809
890 14.9577 16.4109 1.02282
891 18.9678 23.5349 -0.374202
892 15.7517 1.67558 -4.19161
893 33.1635 26.9767 -3.58806
894 34.4443 29.5755 -3.47008
895 36.7763 11.4024 0.0273556
896 15.8328 39.5816 3.18641
897 37.1886 12.3168 0.118801
898 19.6112 17.5898 2.64463
899 12.7171 24.136 -0.438505
900 13.7885 6.20416 3.6141
901 3.70367 35.1172 -1.19828
902 37.3135 30.8249 2.90963
903 10.488 37.2533 1.36356
904 18.2014 38.3307 4.14944
905 28.865 35.1427 2.8143
906 20.2618 19.7432 -1.22677
907 11.1442 28.4528 -1.09246
908 34.6932 35.5184 2.00428
909 15.7878 1.49871 -4.58035
910 36.8067 19.3108 2.53803
911 32.9685 30.2212 0.940018
912 22.1176 21.6919 2.23441
913 38.9448 30.9307 4.68303
914 2.54848 21.1033 -4.35508
915 35.6617 34.4879 -2.44488
916 22.6811 21.6773 1.0894
917 11.7412 25.5391 -1.28593
918 38.6968 4.59833 2.01275
919 25.4758 20.2995 -2.95642
920 4.32788 24.8909 -0.48609
921 23.1387 22.2754 -0.965916
922 24.194 13.5271 0.518511
923 4.13027 22.5072 4.5454
924 33.7953 29.5736 -2.9886
925 24.4914 2.95691 0.69722
926 28.397 38.8571 1.79772
927 5.60935 32.8002 -0.996988
928 39.5088 0.249692 -1.43272
929 0.274425 31.4463 1.52699
930 8.026 9.38921 1.47039
931 16.66 15.8426 -0.605508
932 6.6328 21.5761 -1.192
933 13.6648 6.12073 0.753351
934 32.0347 24.277 1.37334
935 10.0454 8.49284 1.43071
936 13.3422 22.9914 0.089714
937 14.5958 0.860275 -3.20289
938 22.6258 24.6495 -0.33907
939 16.6577 11.1951 2.50901
940 16.3034 26.9922 2.3035
941 25.4872 14.5346 0.239798
942 8.86501 12.4904 2.50235
943 11.6844 7.15759 -2.87175
944 4.90661 37.7196 2.07704
945 3.64172 8.72647 -1.35224
946 20.3633 24.7817 0.831861
947 16.6885 8.11163 1.93011
948 20.7356 5.92479 0.381862
949 6.27747 14.0676 -4.04518
950 37.5561 35.3757 -0.851341
951 11.0562 8.94003 2.68226
952 15.8614 24.231 -0.0406081
953 32.6331 24.2994 -2.05992
954 6.40536 39.3153 -1.89156
955 0.894575 1.69348 -1.73739
956 31.0936 13.3092 -0.0323819
957 35.3839 19.7518 -1.67814
958 5.16519 38.0805 1.29753
959 25.1544 2.54707 1.54039
960 3.39591 37.4256 0.204139
961 2.83158 26.3015 -0.0452356
962 12.2488 28.5502 1.26842
963 13.3543 37.7498 3.60835
964 2.48411 8.76451 -2.77331
965 34.0377 25.2088 -1.5838
966 14.6375 17.4205 1.91913
967 15.7799 39.7018 4.91038
968 32.7112 22.7682 0.542054
969 14.0896 4.39469 -1.38404
970 22.2624 32.3938 0.866631
971 30.3235 11.6701 -1.13996
972 11.5411 15.6257 1.63739
973 9.62644 25.9403 -1.29046
974 24.083 22.5331 -1.71817
975 10.1374 21.7842 2.80255
976 4.74129 11.305 3.10024
977 11.4154 35.4702 1.13239
978 14.3771 34.3833 2.14601
979 5.9844 0.400698 -1.21957
980 37.6292 12.9112 1.27038
981 4.54108 22.2773 -4.23264
982 38.9704 7.27473 -2.64435
983 30.4467 15.9532 3.21766
984 12.2061 33.3209 -0.522578
985 2.43514 22.8614 2.9398
986 20.5019 17.001 -0.194773
987 11.1902 15.9296 2.14836
988 6.94232 26.0589 -0.692761
989 24.443 29.0749 -1.59794
990 20.9604 14.6142 -0.26071
991 11.8655 24.7278 -2.35699
992 3.58882 18.031 -2.54016
993 15.1881 16.8991 2.12115
994 22.4743 24.7035 1.80046
995 14.3024 14.3488 1.32823
996 33.0232 21.2537 -3.00957
997 35.9481 17.9368 2.1698
998 38.507 37.0609 -2.25362
999 33.0511 18.6991 -2.57834
