1000
Particles
0 36.3387 5.51017 4.38247
1 34.0821 17.055 -2.78368
2 19.9612 37.5234 -0.592461
3 8.86037 36.0216 2.29331
4 12.9807 16.7045 -0.151199
5 25.2956 38.5693 1.23045
6 32.7524 2.2285 -1.41489
7 34.7922 15.4355 -1.46821
8 5.07162 31.6238 -1.30757
9 30.812 23.1005 4.16909
10 29.2352 29.5896 0.3948
11 36.4322 33.9689 -0.580821
12 1.33366 26.1816 -2.59394
13 3.44178 6.40013 -2.49345
14 30.0781 18.2143 -0.91497
15 24.9826 29.6914 -3.31536
16 26.41 39.0074 1.55316
17 34.237 12.4196 0.0257541
18 1.94939 16.5358 -0.246701
19 13.7509 19.4245 -0.868988
20 9.14027 15.6446 -0.548802
21 39.9871 2.29241 -3.44021
22 0.108144 27.9249 -0.0679056
23 38.8119 17.0275 -2.37307
24 28.5723 13.6228 -3.56322
25 37.3503 32.0567 -0.874617
26 21.4043 29.1785 -1.64869
27 15.7118 16.8217 -2.01591
28 3.13734 1.86277 0.183511
29 33.1092 4.49567 -2.69945
30 7.40091 25.3096 -1.46772
31 10.0448 16.1368 1.88459
32 15.2816 14.4452 1.59875
33 3.51591 34.4352 -2.02703
34 19.1014 13.2374 -1.08152
35 18.343 0.85723 0.255282
36 13.4906 5.50163 -3.31528
37 1.16829 23.0245 -2.67603
38 18.7243 38.5232 -1.80353
39 34.7118 16.329 -2.56374
40 35.8572 35.3491 -1.44744
41 17.2885 13.2373 0.917803
42 29.0411 23.5134 0.554904
43 23.1815 31.0732 1.73451
44 19.7681 20.6873 3.16118
45 3.70452 25.2059 1.24279
46 1.55569 3.5574 3.1575
47 37.7637 6.9819 -2.56335
48 1.73757 30.4326 -3.73373
49 10.9483 33.1232 1.13277
50 36.3945 35.5439 -0.403202
51 15.4664 7.97283 0.530603
52 31.8771 39.2058 0.698183
53 17.2604 9.7923 1.32773
54 31.5212 26.3025 -1.50761
55 36.5905 17.3047 4.7314
56 30.2984 9.86559 -2.00527
57 36.8266 34.9145 0.185588
58 38.6547 8.13571 -1.93989
59 7.28449 33.7478 3.07733
60 4.4628 23.089 1.79113
61 17.9626 24.5158 -2.53265
62 33.7089 3.17952 0.627641
63 7.8721 19.1626 -0.424986
64 1.2441 22.1776 -2.07483
65 15.8471 2.26687 3.60862
66 4.12697 21.4262 -1.27161
67 29.3878 15.8921 -0.327823
68 9.36495 2.89915 0.731021
69 17.6195 6.49252 0.12225
70 6.00758 34.2318 2.00246
71 4.34224 11.7016 3.2145
72 6.2365 17.2537 1.54958
73 20.4988 21.7529 -0.762378
74 11.4012 0.194875 -2.40161
75 2.44597 0.812241 -0.609538
76 19.0679 6.30084 2.61409
77 19.3257 19.6511 -2.23362
78 30.3076 23.6479 0.560017
79 25.6039 37.5476 -4.1292
80 31.9426 3.89644 -3.0988
81 8.19678 22.0176 -2.26835
82 10.3661 8.97963 0.34051
83 13.8375 19.1182 -2.16394
84 27.5848 14.492 3.05816
85 39.4323 8.43829 -2.17561
86 19.7658 6.12246 1.13923
87 22.96 2.54059 1.00361
88 4.64198 2.51705 -1.60343
89 9.4199 27.9747 -0.875315
90 35.5471 32.4482 -1.40525
91 19.6005 12.8816 -2.62703
92 21.0937 13.2467 -1.59269
93 17.5739 9.58904 3.47257
94 8.24444 11.7174 -3.1854
95 16.8449 1.74259 4.34114
96 17.3432 29.5422 2.37303
97 25.173 31.7373 -0.450726
98 0.629306 29.6801 1.26604
99 9.93092 31.1607 -2.68223
100 24.5176 1.10765 -3.13751
101 16.9554 22.9453 -0.205085
102 24.9206 35.8597 -2.85043
103 13.5971 4.63066 -1.32673
104 31.331 6.71718 3.22904
105 20.8819 29.6283 0.833726
106 39.9256 7.8297 -2.07814
107 16.0308 24.7285 -1.11034
108 20.6862 11.4846 -2.89797
109 35.2539 31.2061 -1.18852
110 7.37527 33.5539 1.88035
111 12.7967 31.8901 -0.865911
112 31.7629 38.0315 3.57683
113 36.3907 16.1573 -0.677285
114 8.96177 26.0497 -0.681099
115 34.8198 21.3762 2.86069
116 27.3162 25.044 3.19688
117 23.1842 30.696 2.23103
118 18.4143 35.5472 1.31938
119 37.7325 21.2429 -0.0906968
120 1.04162 30.689 -2.99843
121 20.0511 17.0567 1.82678
122 28.8422 9.73447 -2.94853
123 4.6328 18.3191 -0.597149
124 14.3641 5.52412 -1.73515
125 21.1412 37.8071 -0.70794
126 21.3526 19.8488 1.57928
127 39.5107 1.4403 -2.89855
128 31.6506 11.7992 2.74142
129 6.38339 8.67175 -0.560427
130 29.9378 9.59727 -4.11536
131 34.2332 25.7605 -2.63605
132 13.5696 34.8049 2.21597
133 26.5317 31.4721 2.71262
134 12.1862 33.6167 1.77574
135 23.4028 3.22384 -2.72027
136 28.4194 5.50487 -1.21944
137 36.599 36.2895 -0.889627
138 8.1443 16.066 1.79872
139 10.1307 4.86201 -1.38759
140 17.0932 34.0951 -3.15886
141 38.224 35.4396 -1.23449
142 26.4621 0.780435 4.00981
143 21.3332 27.3076 2.78246
144 1.12809 25.8022 0.0740167
145 28.1264 26.8013 -2.38351
146 0.940855 3.22876 2.71473
147 36.856 38.2889 -1.26554
148 37.9833 3.78268 -2.2
149 20.0078 27.7319 2.35823
150 7.03307 14.8895 1.61607
151 38.482 3.34514 -4.78763
152 15.7779 17.4549 -1.30584
153 22.7857 6.44718 1.63263
154 27.4746 31.1848 1.13907
155 29.0089 34.7455 2.0396
156 38.0419 28.9704 -1.11404
157 26.8808 17.0348 -1.12347
158 22.4794 33.5603 -0.123406
159 16.7969 28.068 2.28672
160 5.55082 21.566 0.0892584
161 6.61675 16.3546 1.9372
162 26.783 37.7104 1.0948
163 10.6516 4.78537 -0.577273
164 11.6444 0.916312 4.78393
165 20.1578 4.93101 0.369365
166 35.2039 1.87814 3.28085
167 12.6636 4.30467 -3.07821
168 35.9971 24.3184 -3.46519
169 1.91409 29.3188 -2.25309
170 38.148 35.275 -2.17853
171 12.5049 33.9652 0.172601
172 38.4792 21.5371 -1.20622
173 15.0603 24.4486 -2.41202
174 9.34911 36.1054 -3.56429
175 4.69069 16.6049 -0.498296
176 26.1789 27.3476 0.0812931
177 16.8132 7.50244 -1.65503
178 19.5587 16.6759 2.85881
179 23.3945 2.86847 1.74337
180 13.5359 15.336 -0.512797
181 36.1272 27.7496 -1.30546
182 19.1088 10.6485 2.66394
183 1.93522 17.9162 0.323232
184 23.9092 35.1834 4.45615
185 9.86485 10.0978 -0.367648
186 37.3111 10.6266 -0.978888
187 7.30042 37.8825 2.91437
188 21.6471 15.4234 0.654324
189 5.59615 22.4533 1.78717
190 26.182 21.32 -0.278654
191 15.8196 32.5523 -1.38534
192 31.5583 10.2372 -0.241837
193 28.6059 23.6688 3.33644
194 5.78618 32.9504 3.21105
195 22.5925 16.4095 -1.27831
196 26.3781 37.9324 -1.36647
197 15.3105 5.88496 1.0357
198 34.9843 11.4261 1.3589
199 18.4019 7.65321 -3.64013
200 1.30581 3.01411 2.692
201 34.337 15.7419 1.68303
202 18.5869 17.2832 -1.6205
203 22.9368 11.7114 2.84382
204 35.4773 37.1621 2.14475
205 6.88772 30.8949 1.87656
206 5.54833 2.72719 -0.711104
207 0.773046 30.8777 -3.55759
208 33.2978 29.2 -0.332955
209 16.032 27.9389 1.58242
210 7.33742 22.6739 3.32978
211 35.4346 25.9838 -1.91289
212 2.1536 29.5741 -4.09373
213 2.12221 5.66328 2.53732
214 1.90058 16.3508 -1.60197
215 0.047948 15.7565 4.05343
216 32.0714 26.1944 -1.62883
217 12.3925 5.65786 3.68916
218 25.6322 19.7852 4.13754
219 20.4112 10.2106 -2.75655
220 16.2889 8.15162 -3.96471
221 28.0624 13.3114 -1.85509
222 33.3884 22.2422 -4.05008
223 18.3496 38.7116 -1.90597
224 18.1536 33.7846 -1.08308
225 30.2991 10.3446 -3.34994
226 6.19602 20.3101 -2.21873
227 5.05103 35.2714 2.08695
228 24.9185 8.90347 1.71808
229 35.6133 16.1503 -0.534965
230 29.1324 8.00536 -4.29678
231 17.9528 19.6184 0.890438
232 28.9557 14.5221 -1.05661
233 38.6369 7.5384 -0.94267
234 5.34868 34.7381 1.28554
235 3.41201 7.65425 -1.42215
236 6.72023 35.9101 2.41681
237 12.2174 24.7274 -3.78611
238 17.7944 17.8223 2.15564
239 36.9588 13.6942 3.73832
240 22.5295 27.9213 4.22257
241 15.7339 27.6339 1.68364
242 1.7784 4.04407 1.61987
243 23.8541 2.40158 -1.80431
244 1.00239 12.0708 -1.59788
245 18.817 5.45687 1.99577
246 25.6032 12.1834 -2.48931
247 36.0352 6.64472 2.31403
248 4.63032 23.9501 0.873942
249 17.1301 32.6561 0.651844
250 6.03082 2.4108 -0.391593
251 32.9031 3.1059 0.543819
252 27.162 11.1488 -2.06923
253 19.7109 11.716 -0.607512
254 0.441247 23.3694 -2.0772
255 33.7628 23.7509 1.42822
256 0.974313 4.98351 -2.80543
257 29.8887 13.0022 0.357598
258 29.8185 36.0517 -3.308
259 31.7202 14.2379 1.38557
260 5.12229 3.99511 0.998438
261 39.8311 17.255 -3.80664
262 29.7914 25.4253 -2.10792
263 10.9545 5.71841 1.92999
264 3.87809 34.5665 0.425503
265 2.55882 9.89836 0.737608
266 1.87032 3.85316 1.9246
267 9.67813 25.5072 -1.8969
268 1.33589 24.9968 3.95442
269 18.6655 36.5304 2.86804
270 1.64179 9.60202 0.936619
271 24.2735 10.4977 4.42908
272 20.4172 10.8877 -2.01746
273 36.1346 33.5742 -1.35139
274 10.9201 5.78752 2.42633
275 3.81828 16.1189 3.03873
276 34.4599 29.1645 -3.55614
277 8.93822 25.9303 -0.577452
278 8.13819 0.227689 -0.0602532
279 3.89023 17.0574 2.34642
280 37.7121 28.943 -1.65239
281 30.4462 17.5995 1.18079
282 16.4645 17.2693 -1.9323
283 28.0159 38.8092 -1.03222
284 33.2768 27.7684 1.93218
285 39.0726 35.1536 -1.4185
286 31.4892 4.33791 -2.95065
287 8.20417 12.6926 2.68943
288 8.50225 33.8776 1.24953
289 16.5275 35.0117 -2.14988
290 31.2004 22.9985 -1.6682
291 17.4063 20.6977 -0.1746
292 39.4525 29.2178 3.27139
293 10.1029 4.50682 -0.0322551
294 21.6327 29.896 -0.694869
295 14.4035 15.9024 2.96683
296 37.8025 26.3966 -1.89716
297 3.49746 25.2847 -1.84649
298 25.5746 20.1641 1.97918
299 18.2601 33.4648 -2.40808
300 28.6383 7.15426 -2.86768
301 33.9851 22.4642 -3.24318
302 12.1608 35.0856 -1.32525
303 6.69164 33.5892 2.40663
304 16.8149 24.7635 -2.12424
305 4.87516 19.8292 -0.384685
306 25.1379 9.17819 -2.16946
307 8.19545 18.6762 -2.99574
308 5.59286 15.5379 0.595832
309 10.439 2.7577 -1.61819
310 19.0028 21.2738 -1.96014
311 24.7587 2.90482 -0.271645
312 35.0485 3.03144 -0.589801
313 37.0997 39.4007 -0.728594
314 22.3943 0.00641061 1.66968
315 2.25608 27.9662 -0.159524
316 30.3459 38.8509 -2.12066
317 34.4279 35.3697 -3.56076
318 27.4788 27.6226 3.71743
319 5.51202 36.8308 1.37144
320 3.60464 20.4959 -1.47667
321 32.1321 6.27898 0.726118
322 8.35325 33.5503 3.05332
323 16.7967 34.225 1.43329
324 30.6441 18.9705 0.329258
325 4.38773 23.4328 2.34653
326 31.782 33.5775 -0.470443
327 12.1993 2.46101 -1.59177
328 14.4541 31.348 2.37559
329 38.6177 10.3482 0.640347
330 2.82151 3.29732 -3.07159
331 18.7754 30.0797 3.44048
332 28.8131 10.5053 -1.10203
333 28.4177 16.1156 -3.02796
334 9.52348 16.0855 0.243512
335 7.37076 37.0496 -3.32805
336 22.9428 4.01713 -1.39586
337 5.02153 13.6419 -3.34729
338 9.58915 26.0882 -2.23863
339 38.0242 37.3064 0.13775
340 11.1534 21.1512 1.14799
341 35.7764 32.9359 -1.31645
342 11.75 15.7497 -0.498548
343 10.6215 16.6033 2.51563
344 9.50234 34.5822 2.07219
345 34.3454 27.9067 -2.32629
346 14.0549 10.4414 1.00983
347 4.69993 31.015 -2.05068
348 14.1637 18.134 2.64166
349 19.3489 20.7229 1.61077
350 9.3977 11.6428 2.28375
351 9.77016 24.5278 0.0204934
352 27.5649 22.8272 -1.05652
353 23.188 2.16662 0.55554
354 35.4472 0.661144 2.09033
355 21.6408 27.9436 3.05645
356 32.9862 33.6265 -3.49195
357 15.9557 33.4142 1.24506
358 17.8197 17.1085 -3.38128
359 38.4136 34.6377 -1.18834
360 30.936 26.846 -1.73957
361 32.7121 31.848 -0.239964
362 38.278 29.2579 -0.775209
363 29.3285 4.85253 0.158502
364 4.07147 1.25181 -3.82885
365 3.3061 3.79929 -4.13555
366 13.3156 2.35449 -1.18939
367 22.2053 31.6239 1.11772
368 21.7121 5.45353 0.772325
369 16.0677 28.3153 1.66995
370 28.5441 26.3946 -4.38692
371 26.8654 22.9777 -1.72833
372 28.7209 31.4629 2.05067
373 9.42679 15.4411 0.107607
374 15.3544 20.2033 -1.60209
375 17.8399 6.86189 -2.62213
376 2.71225 31.8939 2.16258
377 4.29319 13.605 -0.290767
378 17.2109 8.42081 3.76813
379 27.4462 5.13364 -1.52472
380 3.21233 25.9651 0.871225
381 7.08381 33.2619 0.101466
382 32.0938 23.5544 -4.20124
383 16.9506 35.3888 2.89081
384 15.9351 39.1035 0.086427
385 25.7527 15.5312 -0.511704
386 18.0012 10.9414 1.09179
387 12.0843 5.86517 3.79995
388 28.2587 23.4462 3.76901
389 11.3246 34.8624 0.933302
390 28.7198 24.5943 -3.62419
391 15.9577 17.2918 -1.23918
392 21.8418 23.4949 0.10301
393 30.3804 16.2385 -2.68795
394 0.332553 2.48295 -4.30625
395 32.3285 14.1771 1.33031
396 6.70341 4.56864 1.13898
397 6.54966 35.1294 -0.336044
398 1.32251 26.0277 -1.03993
399 38.2931 13.6508 4.04008
400 0.919837 1.25589 -1.65373
401 23.9301 1.58083 3.89613
402 34.6704 8.61797 -1.06644
403 2.31153 22.1911 -3.07181
404 1.51279 29.5525 -1.57305
405 1.74835 24.4574 3.40603
406 26.7722 3.76547 -1.90751
407 32.7043 0.0103817 1.70397
408 8.71169 12.9965 2.07113
409 14.6998 6.94543 3.36835
410 31.19 19.6621 -2.0191
411 19.0964 28.4461 2.26354
412 39.1444 6.99247 0.832229
413 16.3963 13.1906 -1.02236
414 6.0487 14.9238 2.69325
415 16.7102 27.5032 3.82778
416 25.7498 39.5841 1.37905
417 6.51966 38.4106 2.4347
418 29.449 24.7186 -3.77198
419 25.824 13.8675 -1.93486
420 17.9636 32.5677 0.213726
421 39.4253 17.2949 -1.6751
422 16.0109 8.46626 -2.20533
423 22.8047 10.1293 -2.19002
424 22.4231 28.6478 1.44128
425 19.0554 0.864689 3.50069
426 4.23471 23.0183 1.45409
427 19.8173 21.4789 -1.67746
428 37.4486 6.96217 0.470984
429 39.722 9.0124 -0.708416
430 23.1857 14.9354 0.872226
431 5.24093 8.53746 -2.71375
432 17.5821 35.4052 3.48758
433 30.8177 22.1498 0.531578
434 2.16815 28.2434 -0.714222
435 20.2114 2.0678 2.35005
436 5.23296 23.109 1.12513
437 14.9335 31.3115 0.660597
438 14.2869 21.8559 2.91974
439 34.4976 23.6388 2.68952
440 21.357 3.20982 1.10758
441 0.696177 1.9263 -0.613437
442 12.502 31.1798 -1.56561
443 19.7422 14.1618 2.03607
444 8.99431 7.34152 -4.24163
445 3.79014 25.0653 -0.990395
446 17.2195 13.1485 -0.596106
447 4.04765 6.43678 -4.0713
448 36.3023 32.9324 -0.335148
449 8.24949 21.4931 -2.11923
450 13.0502 16.5165 -2.03032
451 39.5042 7.06181 -1.39908
452 22.3846 19.4404 -1.05762
453 7.15742 34.4108 2.71569
454 2.10458 6.90295 4.5061
455 32.8338 3.30276 0.998942
456 21.4112 11.3695 -2.88198
457 24.1384 16.6675 2.45243
458 33.7136 15.0499 2.59248
459 8.1387 10.9839 -0.689576
460 12.1779 39.5068 -0.61527
461 6.25005 31.262 2.87029
462 23.642 10.1611 2.3864
463 2.70237 33.5192 1.03322
464 30.1654 16.2063 -3.35328
465 33.4608 16.2575 -2.31203
466 39.1116 24.0269 -1.76139
467 36.2014 35.0125 -0.613075
468 26.764 30.8324 3.50017
469 14.526 27.0886 0.0236605
470 16.3632 19.7634 -1.45773
471 1.43729 12.609 -2.62107
472 7.92737 14.1363 0.917919
473 17.119 9.29196 2.41285
474 4.75695 30.4043 0.709454
475 33.9086 8.47473 -1.26981
476 24.2583 32.3746 -0.774458
477 8.88698 34.4883 1.77336
478 33.4929 15.2888 4.36326
479 3.63837 32.6143 -1.81286
480 32.2664 18.3766 2.0342
481 19.5756 32.7183 0.96848
482 4.10432 33.1743 -0.550908
483 4.67308 31.4956 -3.33288
484 16.2389 28.6729 0.847414
485 6.15334 37.5988 2.79614
486 16.5319 24.9181 -1.80586
487 32.5572 27.1238 3.41657
488 38.2867 3.7609 -1.60835
489 20.1057 6.38307 0.767055
490 11.9735 15.0375 -1.70959
491 17.8072 11.3753 -4.1807
492 21.8341 5.20562 3.81375
493 2.17227 25.7839 -2.33074
494 6.07662 14.2253 2.18183
495 28.7623 12.6809 -2.88326
496 33.7818 19.2468 -0.987162
497 5.96224 31.2097 2.05762
498 27.6398 14.132 4.48907
499 7.05497 12.1695 0.992063
500 8.17035 12.7016 2.07889
501 31.9388 18.9355 1.06597
502 6.8075 2.26008 -1.812
503 11.6776 15.8653 -0.326078
504 37.0627 27.7136 -0.800321
505 1.08376 8.65893 -0.464499
506 29.5506 25.0082 -3.64503
507 26.4165 10.4363 3.47527
508 36.5588 37.0488 0.866935
509 33.1345 38.0015 0.63041
510 36.1284 38.6627 -0.874217
511 27.3284 2.81309 -3.55799
512 35.9424 32.1747 1.34513
513 21.5603 32.1088 1.89178
514 14.743 27.8443 -1.06267
515 21.2663 14.1118 -0.429278
516 30.2254 38.071 -4.37574
517 12.6224 5.29511 3.84457
518 27.7981 16.3097 -3.69005
519 17.038 13.7493 -1.08906
520 34.7165 0.322153 0.857308
521 30.4337 34.4392 -3.0903
522 15.9751 22.3377 2.35787
523 8.30824 17.1262 0.517022
524 38.9872 28.3305 4.381
525 7.85978 17.3616 1.2664
526 4.31041 18.1514 -0.685939
527 19.895 12.8346 -2.96249
528 19.4452 6.82946 0.536787
529 31.9032 36.9729 0.674535
530 5.09698 7.58305 4.08542
531 29.5359 10.9672 0.663264
532 15.784 34.7384 1.48453
533 20.815 23.5585 -0.737574
534 20.7772 22.2503 -1.27066
535 7.37033 4.82551 -0.0660653
536 33.2687 13.6398 -2.53013
537 36.2089 15.2069 -0.898176
538 37.119 35.6331 -1.16197
539 0.63664 2.70454 -2.62131
540 33.2726 17.8181 -0.881237
541 27.6492 18.1759 -2.91203
542 39.4095 29.6943 0.75143
543 9.06599 15.6683 0.113429
544 5.19869 34.6915 4.32475
545 15.1833 26.8856 2.40953
546 38.4385 34.9888 -2.76679
547 4.36828 15.1094 0.00318255
548 36.6272 4.86872 2.30346
549 5.80408 25.6216 -0.429681
550 4.31063 30.5397 -0.506336
551 17.2699 23.853 -1.9545
552 34.6225 13.6445 -3.2063
553 20.2327 28.4607 0.952075
554 18.8173 14.0851 2.35757
555 26.9738 13.662 4.02722
556 28.4316 19.838 0.730412
557 3.6393 26.2498 -0.506898
558 28.738 5.32025 0.997794
559 25.221 31.981 2.95043
560 30.6757 13.7128 1.76626
561 13.1928 28.919 -0.672732
562 2.26383 28.0909 0.589983
563 0.95379 20.0231 0.934517
564 17.5393 19.854 1.38802
565 39.4579 15.8059 1.02696
566 14.6167 37.2337 -1.64568
567 21.9876 12.6572 -2.29963
568 38.0026 8.55575 -2.34481
569 6.03856 16.2261 0.259076
570 5.05086 22.4039 -0.355232
571 29.2489 13.2877 -1.98985
572 0.56438 36.4121 -1.48956
573 14.6833 38.7843 -2.68767
574 7.24132 20.46 -3.78025
575 29.176 17.0467 -1.25377
576 4.46575 3.21089 -0.334951
577 23.067 29.8844 2.90986
578 38.71 36.4222 -3.01297
579 7.22846 5.34865 1.02326
580 11.1788 2.95673 -2.1078
581 3.66983 33.2274 0.189407
582 20.6611 27.469 2.085
583 23.4309 36.8313 -0.666188
584 36.3282 13.9154 3.57734
585 7.42888 12.2195 -3.76978
586 29.2911 18.8722 1.99884
587 31.6109 35.6316 -1.29325
588 20.2859 36.5594 1.31359
589 17.8968 27.473 -0.833757
590 6.53278 5.70373 2.69927
591 3.9702 30.6786 -0.31844
592 32.0645 31.987 -1.55054
593 20.0571 31.8905 2.55386
594 12.447 3.61341 -2.99532
595 18.5761 24.1241 -2.87159
596 38.2877 35.4645 -2.82939
597 25.0873 13.2342 0.837295
598 30.305 10.3301 -1.46895
599 17.553 0.927923 1.56613
600 2.40248 1.08077 1.25249
601 20.5443 35.5061 -2.26786
602 3.35768 16.0108 2.82846
603 18.9477 15.0968 1.06994
604 37.9606 18.8646 0.745897
605 8.11834 36.5755 -2.64311
606 1.73382 27.9156 -1.05334
607 7.93871 13.379 -0.600954
608 4.27112 34.6504 -0.226222
609 20.4636 35.5841 -1.43879
610 36.2746 28.5892 1.64207
611 39.9105 17.8537 -1.29464
612 22.4239 7.1607 -0.812854
613 29.4433 13.6371 -1.45007
614 6.03649 11.7488 1.12747
615 27.4693 7.65957 -2.55704
616 26.1757 19.5008 0.186401
617 22.3898 28.8513 3.26226
618 27.2765 39.1401 0.90859
619 21.3247 38.2515 -0.85921
620 33.6309 36.4813 -1.96491
621 38.7966 17.7159 -3.01467
622 8.16848 31.2511 -0.844356
623 21.9797 6.75215 0.00107342
624 36.2573 34.8318 -0.733503
625 20.5526 7.5768 2.9656
626 7.39691 30.3578 2.12985
627 8.7467 31.5549 1.30418
628 23.519 9.31001 -0.907611
629 25.9371 1.00307 4.40423
630 33.5287 27.4103 -1.56415
631 30.3023 39.1014 -2.83045
632 31.434 30.6275 0.746922
633 30.0369 25.3367 -1.43408
634 39.711 34.4163 -1.06396
635 23.3285 28.6032 -3.6153
636 26.9177 7.74452 -1.28615
637 39.8108 23.8592 -3.32738
638 38.2119 25.7803 -0.818999
639 29.2158 13.3145 -1.99321
640 8.69011 12.0364 -4.70353
641 20.5655 36.2597 -0.436666
642 11.23 39.9174 0.479899
643 24.9197 30.7276 0.617993
644 19.2893 0.0675561 4.565
645 6.97127 6.13138 2.21223
646 11.7752 9.63835 -1.81278
647 12.0564 16.9063 -2.60911
648 26.3699 39.1729 1.82303
649 16.1797 33.2091 1.26702
650 28.3012 7.75184 -1.85122
651 31.0089 21.6959 3.04811
652 39.4142 1.97138 -2.24517
653 10.5478 2.83592 -4.39861
654 21.5029 12.5427 -1.8606
655 32.3093 34.7421 1.85391
656 14.6265 10.863 -0.857186
657 28.9263 6.27355 -2.5559
658 2.01926 27.1447 -1.34884
659 22.7556 1.90277 3.345
660 29.2178 13.6279 -2.78266
661 36.1684 23.054 2.03539
662 25.5265 32.4582 1.3865
663 12.9278 6.84413 -0.455738
664 30.9652 16.6673 4.52717
665 35.348 39.9621 2.42935
666 39.6958 8.99475 0.587389
667 3.57314 33.3689 -1.32975
668 39.6461 34.446 -0.48087
669 9.98735 27.4396 -3.16659
670 39.821 28.9978 2.98814
671 15.0364 0.614834 -1.88802
672 7.05414 23.35 -0.794684
673 37.905 3.89418 -2.83537
674 16.0389 23.7805 -2.04614
675 29.5983 18.6293 -0.779871
676 31.606 33.8606 -0.683364
677 33.3207 9.17894 -1.67315
678 25.0102 39.6391 0.873082
679 22.5588 15.5339 0.471527
680 6.29972 19.8524 -0.000731966
681 13.5672 35.8602 2.32849
682 28.2416 39.3698 -1.21008
683 31.3573 15.6457 2.00815
684 4.22748 31.9406 -2.07809
685 17.6988 23.7166 -1.70636
686 5.78792 38.7417 -1.18544
687 21.7555 11.243 -1.21856
688 39.6956 2.60923 -2.75619
689 11.6022 35.1678 -0.860517
690 11.8274 28.1238 0.59297
691 12.5794 31.7193 -0.958211
692 29.2052 16.7116 -0.978839
693 37.9382 21.7856 4.05235
694 29.7996 31.4074 0.21659
695 15.9104 34.5422 1.80548
696 36.2424 26.7971 -2.86789
697 17.717 11.6813 -2.34848
698 35.4461 13.876 -3.48329
699 22.4241 23.9845 -0.143025
700 4.79279 37.04 1.35245
701 26.6009 9.08947 -3.17115
702 7.32004 38.5596 1.76231
703 25.8404 18.6806 -0.829242
704 31.4907 24.8029 2.66093
705 2.18601 38.5792 -0.186202
706 38.9648 38.9104 3.96238
707 17.3153 8.75395 4.27195
708 20.8898 19.8574 -0.398197
709 20.0017 0.560653 -2.82324
710 16.2664 27.5546 2.63702
711 34.8338 35.2457 -4.14798
712 27.6134 10.1682 -1.94966
713 38.9402 6.2819 0.276601
714 18.6236 23.9466 2.5157
715 34.044 2.46471 0.414355
716 24.7058 37.8695 2.06067
717 14.6147 24.3542 -2.77904
718 10.7251 29.7094 -1.92739
719 15.7299 31.6848 2.94094
720 24.6648 33.1131 -1.19006
721 30.1839 38.3305 -1.96455
722 1.99936 2.92398 0.373736
723 13.1383 0.0283535 -0.576549
724 6.78534 5.42648 2.57121
725 24.9568 11.4962 -2.9361
726 7.69204 30.4994 -0.184753
727 3.86725 31.0416 0.599927
728 38.7514 6.08845 1.0912
729 19.88 6.11871 1.75318
730 29.0112 18.6045 2.55444
731 28.3196 16.6622 -1.09505
732 17.6207 28.7075 2.20067
733 39.3609 30.6616 3.40387
734 29.3883 14.3293 -1.73033
735 14.3667 19.37 -1.27776
736 22.2678 25.9125 2.44701
737 36.8971 28.9833 1.30829
738 15.9468 6.02487 0.917931
739 17.176 29.6616 0.449017
740 29.79 21.4793 0.71216
741 4.31498 33.8804 -2.228
742 18.4509 16.4726 -3.00208
743 15.7014 24.125 -4.0488
744 30.2349 31.6026 -0.430815
745 15.0621 27.9274 0.15334
746 16.4486 20.5111 0.0374632
747 15.8819 24.5965 -2.20803
748 20.135 29.4556 2.5688
749 6.27308 4.04677 1.76706
750 9.2348 36.0041 -1.38778
751 10.3558 34.1239 1.23936
752 37.2289 11.5722 0.21708
753 3.63355 27.7784 2.23907
754 31.0839 13.869 -0.846837
755 24.4654 9.86707 2.93139
756 28.5055 10.3394 -1.10335
757 19.0961 17.7268 -2.12725
758 35.6302 32.724 1.59967
759 10.4963 30.2094 -1.71835
760 31.1542 31.0857 4.62227
761 20.9428 11.0298 -2.01217
762 22.425 31.8093 1.44852
763 20.9437 8.00685 1.94311
764 25.5634 9.38766 -1.81805
765 22.9345 16.6708 0.709311
766 10.2966 16.6304 0.576666
767 1.48066 14.9866 2.61686
768 8.09218 7.22623 -0.216888
769 26.0421 31.5543 -0.26473
770 8.20406 24.2451 -1.88275
771 3.40853 19.4312 -2.02382
772 16.9133 29.412 -0.0468298
773 30.6457 32.6328 1.00366
774 3.07153 1.98273 0.662264
775 18.5163 17.4701 -4.01881
776 6.8144 22.1497 -0.636144
777 39.781 16.5693 -0.688771
778 26.2455 24.0013 4.44532
779 26.9129 38.1781 1.50924
780 0.278632 5.94377 -2.27394
781 29.8241 32.9673 -0.481674
782 13.5027 0.457762 -3.9136
783 17.9197 13.6729 -3.89243
784 29.6761 35.8468 -2.79433
785 24.17 24.6047 3.54655
786 3.06755 27.8317 2.01361
787 29.617 4.8352 1.69058
788 0.108691 29.0039 3.12255
789 0.527386 13.6354 -2.07039
790 7.36941 34.0637 1.28015
791 19.8392 15.2298 -0.320266
792 4.2819 30.8661 0.894683
793 16.2704 2.81658 0.959165
794 19.2581 20.299 2.30151
795 9.75081 14.7752 -0.509829
796 14.5298 24.1946 0.0559469
797 4.64726 33.7118 -2.03687
798 26.8831 8.39781 -0.813283
799 20.6202 34.6982 -0.901854
800 27.6483 10.6724 -2.85244
801 25.3486 12.4463 -1.85356
802 36.0546 15.7446 -1.30616
803 12.1359 33.1064 -0.0383266
804 3.75205 11.8492 3.93522
805 33.2185 26.5641 3.14414
806 12.6201 21.1259 -1.17722
807 34.0061 5.28404 -3.84136
808 28.1068 24.7352 2.2138
809 15.384 16.9546 -3.29701
810 17.6706 35.5175 2.47993
811 8.28214 26.2372 -0.855934
812 10.122 35.3628 -2.75943
813 36.5681 4.64839 2.9061
814 29.4881 31.541 0.0870335
815 29.5724 20.5603 0.452325
816 5.19515 31.0152 -2.3247
817 15.3937 31.0263 1.81251
818 11.6279 8.02635 0.780733
819 27.7472 39.1146 -2.32344
820 39.0874 38.6993 0.859986
821 13.681 11.1535 0.772025
822 6.27464 8.41197 -2.83003
823 39.6447 3.68638 -1.13302
824 31.9022 12.822 1.82839
825 32.9351 26.0736 3.60734
826 8.7789 15.5149 2.54808
827 33.3588 14.2824 -3.6743
828 24.0031 8.76187 -0.362294
829 11.0153 39.2404 -3.66651
830 14.3397 27.0148 2.21328
831 8.16005 38.228 1.63723
832 36.8998 27.1517 -2.08782
833 13.3381 29.2961 -1.93945
834 21.321 1.80433 -2.10341
835 2.91669 36.1201 -0.824448
836 14.2667 37.9781 -1.62311
837 38.5373 30.1153 -0.247924
838 31.6292 4.26628 -2.67969
839 34.402 24.8231 2.7705
840 25.9357 19.9818 2.28028
841 28.5275 37.2261 1.8044
842 23.1308 34.4805 4.22587
843 17.0594 6.15993 -1.06444
844 10.9312 9.65492 0.931237
845 4.4494 31.8339 -3.32745
846 11.11 35.695 -0.348578
847 2.64247 27.1825 -0.802127
848 25.0792 10.0249 -2.23989
849 8.03827 23.5886 -1.30336
850 38.9543 2.19402 -1.28673
851 36.5562 38.7502 -0.802173
852 28.3095 29.1382 -1.65002
853 30.9541 29.996 -2.04485
854 39.9567 34.596 -0.0697861
855 11.8992 0.227034 2.01219
856 23.0617 31.5645 2.42018
857 7.33508 19.4401 0.312851
858 0.759178 23.8721 -4.73611
859 19.1427 39.7586 3.49871
860 25.7393 23.7263 -0.154536
861 38.8781 20.2326 1.84078
862 0.545182 34.7019 0.224971
863 14.6455 22.8896 1.73563
864 26.0861 13.911 0.446215
865 24.0638 24.4537 1.902
866 29.9085 36.9552 4.04676
867 12.2132 2.27767 -0.627798
868 39.4855 23.8444 -0.878403
869 33.0032 13.9837 2.18127
870 5.1742 2.53282 -1.60812
871 15.5448 23.9042 -1.63805
872 30.5976 24.7851 1.81517
873 16.2175 18.1145 -2.9762
874 38.4727 3.6678 -2.81936
875 7.58937 6.86189 -1.7306
876 38.9726 4.62553 -3.71505
877 39.4774 35.734 -2.48089
878 0.662548 1.53534 -2.03604
879 6.5225 32.5373 1.15528
880 36.5627 23.1687 0.94741
881 12.5927 16.1796 2.99936
882 20.6741 2.93154 4.75068
883 2.51862 23.2906 -2.69993
884 15.1641 17.5165 -4.00645
885 9.29517 11.6868 2.99975
886 17.3359 29.0945 0.70086
887 37.2227 15.1104 2.13364
888 38.2408 38.6717 4.41746
889 8.33195 13.1107 1.12911
890 23.4469 13.6592 -1.42411
891 28.0138 16.9095 -4.1658
892 29.3281 7.95136 -1.44913
893 34.0104 25.5547 4.78567
894 35.3424 38.8895 -0.896062
895 0.0290492 17.463 -2.64397
896 15.3076 39.0966 2.4327
897 3.89635 6.99342 -1.31064
898 19.5931 14.5578 2.32972
899 9.9618 31.6959 -2.69114
900 13.1792 10.7885 2.47913
901 2.83234 36.9657 -2.20844
902 3.67143 33.3608 1.18125
903 3.41467 34.0056 1.43902
904 13.8435 3.46088 -2.9786
905 22.9064 31.5384 1.24078
906 22.6732 27.483 1.20566
907 26.706 24.1381 -0.99563
908 31.9016 36.4782 0.22327
909 24.5733 9.3576 -2.78991
910 33.9718 14.6405 2.3273
911 28.9568 24.4406 0.666296
912 25.0946 19.0431 2.31112
913 3.24685 23.3249 -0.758584
914 6.97089 23.3279 3.76859
915 30.5027 32.9258 -2.17452
916 25.084 19.018 2.20593
917 3.32098 32.9799 -1.65417
918 36.2302 36.5226 -1.02213
919 26.6622 10.0753 -3.16856
920 2.33922 24.4553 3.47273
921 38.707 21.4413 -2.878
922 17.433 16.4078 -1.10168
923 6.11239 23.0462 0.0186851
924 25.8012 38.0439 0.121635
925 18.2038 3.10251 1.13785
926 22.8629 39.5712 0.5654
927 8.62847 31.5389 0.519959
928 32.5323 36.4481 1.83183
929 1.36339 30.1516 -3.16879
930 14.308 10.1442 0.234027
931 22.0962 15.9258 -0.34563
932 11.0628 27.03 -0.103048
933 14.1879 9.39662 -1.92803
934 26.4697 31.793 2.64589
935 2.47118 2.19976 4.29164
936 3.70288 23.8305 -1.17846
937 6.97692 1.70225 -2.61815
938 21.2011 24.9697 2.95041
939 24.4883 9.09479 -0.738916
940 12.0774 23.8451 -2.67247
941 26.1111 18.9765 1.28645
942 2.22459 13.3858 -0.828067
943 7.2286 1.21434 0.318953
944 37.2085 26.446 -2.22659
945 8.38764 38.8243 1.30017
946 18.9739 22.6768 -1.59355
947 24.6061 3.33098 2.61041
948 7.40801 32.1267 2.05001
949 7.04514 6.44423 -0.534683
950 35.1598 28.9412 -1.38018
951 20.3556 11.4562 -1.66898
952 16.8037 15.8529 -2.87953
953 37.8489 4.33871 -2.79392
954 38.7647 35.9685 0.205032
955 1.08388 9.47907 1.94961
956 34.2869 5.7483 -2.79754
957 30.7745 12.588 0.0278703
958 6.51272 33.0277 1.07967
959 22.6081 29.9613 3.14838
960 13.1702 0.121386 -3.30226
961 2.52936 30.4454 2.65102
962 11.7142 39.2871 -1.86402
963 14.2752 27.9339 -1.08754
964 8.14864 7.87993 0.304587
965 38.3231 33.8123 -3.16892
966 14.5028 18.7557 1.20666
967 30.7498 34.564 -2.3788
968 33.2097 28.5171 -3.23727
969 11.477 0.84079 -3.58175
970 25.7197 0.120013 1.13422
971 2.33251 10.2595 3.06371
972 3.03599 26.4294 -1.17819
973 10.33 16.2072 0.399219
974 29.3242 16.325 -2.2449
975 10.6126 26.6785 -0.195932
976 6.76241 2.79285 -2.40096
977 9.08084 39.887 3.06886
978 16.2471 26.0062 -4.51794
979 4.3785 32.8261 0.412025
980 0.85779 13.1934 -3.48387
981 0.955081 4.91253 -1.49896
982 39.9609 38.9047 -1.72738
983 23.0737 15.3803 0.749081
984 8.88909 36.2486 -1.55319
985 3.3591 23.0343 0.27344
986 31.2102 20.2695 -0.186742
987 17.1242 5.82398 0.246105
988 36.5133 36.5657 0.207546
989 15.3691 27.0019 0.647992
990 29.3135 24.3443 -2.24342
991 9.52885 23.8736 -2.12066
992 38.125 12.879 3.57562
993 6.2311 20.2375 -1.98309
994 30.3669 25.4638 3.16875
995 6.40959 18.7832 0.477218
996 35.1119 18.9521 -2.92333
997 37.9012 6.55613 0.810228
998 35.7592 0.0618786 0.353325
999 28.9546 32.0072 1.79632
