1000
Particles
0 6.97914 31.6293 1.03698
1 27.9914 30.3467 3.43214
2 17.5518 7.16643 -1.74942
3 10.7683 37.719 1.26986
4 19.2445 24.0747 0.592788
5 15.8993 12.8989 0.981444
6 30.33 1.70878 0.942218
7 30.5023 20.1662 -2.5077
8 11.3519 18.2634 0.953063
9 1.07225 22.2599 2.19748
10 21.1485 2.29159 -0.603496
11 10.4524 29.5959 0.10864
12 30.0264 30.7094 -2.72549
13 17.3495 3.26831 -0.823397
14 27.651 26.2505 -1.33021
15 15.9679 26.7863 1.86244
16 25.8716 31.7433 1.12325
17 37.7367 24.6302 -0.822781
18 32.5339 16.3347 -0.147843
19 12.7649 28.5338 -2.46551
20 38.487 7.44066 0.500899
21 38.4124 2.35214 -2.28891
22 9.0731 5.60019 -0.167818
23 37.4016 25.255 1.16816
24 34.0259 10.3978 -2.38957
25 3.79185 29.4068 -1.20171
26 21.3291 34.7459 -0.939767
27 14.9632 10.6989 0.530448
28 12.5256 31.3046 2.52374
29 32.6871 4.95308 1.83138
30 14.2704 16.7786 2.93637
31 6.85833 11.5679 2.93298
32 26.8278 2.37257 -1.52972
33 9.42757 32.3741 3.44341
34 26.328 28.4894 -2.85663
35 22.7398 15.3334 3.64723
36 16.6812 2.79052 -1.01889
37 36.8259 26.7965 -0.150878
38 30.9659 1.53347 1.1741
39 38.5119 22.5193 1.12607
40 38.4084 35.9756 1.25155
41 13.1493 13.4883 -0.062331
42 38.6457 22.0457 -0.406552
43 21.1246 26.3986 -3.99086
44 22.01 26.8161 2.21888
45 6.25858 22.4611 2.9221
46 37.3475 8.06612 1.165
47 26.3294 14.6635 1.87878
48 1.4467 39.4859 1.70641
49 7.73991 33.4749 2.58757
50 4.91567 31.4034 1.31926
51 24.3069 3.4814 2.35898
52 31.0483 9.54709 -1.35743
53 20.1986 5.56051 0.927824
54 26.0902 16.194 -3.26501
55 7.84308 14.5992 1.87067
56 18.1334 13.8626 -0.222119
57 12.2429 33.8249 1.46323
58 29.1112 25.304 0.631075
59 7.6365 34.0147 -0.575003
60 9.94429 23.5739 2.05614
61 19.3879 36.1821 1.87366
62 39.5575 2.89049 3.79846
63 9.29039 18.5773 1.77986
64 30.5368 29.6564 0.326675
65 7.37388 36.0095 1.80906
66 3.09473 18.7442 -3.63093
67 25.618 22.2572 2.11168
68 4.368 4.69834 1.70632
69 13.8326 35.7204 1.48117
70 10.9947 4.12656 -3.70424
71 19.2993 15.1934 1.26046
72 5.46032 11.1485 -0.45864
73 22.9435 29.2032 -3.72531
74 9.84998 6.93846 -1.50082
75 30.0784 35.1693 2.24467
76 28.4681 6.7993 -1.11486
77 8.55967 28.2211 0.717549
78 7.62753 34.6156 1.96193
79 2.06939 39.3367 1.96068
80 36.6101 13.5414 -0.921761
81 12.9285 35.551 2.54889
82 14.9708 12.1462 2.98743
83 11.9589 30.7068 1.9085
84 25.883 7.12092 2.3771
85 2.43564 19.156 -2.97998
86 21.538 13.27 2.85892
87 25.8252 32.3174 -1.13891
88 4.34849 37.8034 2.42014
89 6.56078 39.9636 1.78967
90 0.862894 34.2004 -1.02707
91 27.4153 18.6932 1.50989
92 20.3955 29.3102 0.376966
93 10.5266 38.8061 2.37257
94 17.0687 27.9515 -2.45983
95 18.5128 1.07335 0.23584
96 8.26465 35.1125 1.91267
97 16.7645 37.9246 3.47295
98 5.85204 20.7747 -3.16368
99 14.2168 6.14932 0.470796
100 29.8369 18.3457 0.234172
101 20.4304 26.0721 2.59
102 23.5591 36.3707 1.26049
103 16.249 37.69 2.11548
104 23.2927 7.80037 1.60894
105 12.0319 38.5704 2.28317
106 34.8962 20.795 -4.5825
107 21.7818 22.8529 1.19104
108 37.8134 25.3739 -0.894754
109 39.5529 32.7121 -0.824519
110 3.11342 34.1321 -0.902493
111 32.4798 32.558 -1.83108
112 34.5029 5.5188 1.14481
113 35.1916 32.583 -1.42309
114 28.9807 25.2335 1.7578
115 26.4898 18.1695 2.29877
116 21.6042 33.5069 -0.404744
117 31.566 29.1803 -0.706864
118 21.4457 8.58778 2.63855
119 29.8564 12.3312 1.03725
120 24.2407 29.3019 1.47661
121 19.1642 14.118 1.9866
122 31.2883 27.6054 2.43185
123 7.23146 29.0401 3.08707
124 12.3675 37.6711 1.49646
125 24.5584 0.92345 0.587218
126 31.3524 33.5889 3.89525
127 31.539 6.66142 3.41338
128 30.2963 3.70325 4.096
129 5.14181 18.1007 -1.80523
130 24.9271 10.7494 -1.74523
131 23.1807 26.9315 2.58334
132 17.7851 0.0642692 -0.960842
133 39.0902 0.109531 2.52692
134 10.641 33.0177 1.0138
135 17.8359 39.1848 -0.554405
136 27.2231 3.01823 -1.6453
137 21.2384 25.0884 -1.62428
138 4.54982 17.0099 -1.87945
139 15.8053 36.55 0.754271
140 29.9197 39.4148 -0.320644
141 25.5921 0.982046 -3.63973
142 17.9642 13.257 1.01703
143 19.7912 18.0567 -1.3169
144 3.83188 30.6353 -0.571721
145 22.8408 24.0433 -3.65022
146 28.5335 13.0726 0.225455
147 36.4679 34.29 -1.01405
148 31.2673 6.92742 2.68326
149 10.0717 13.8638 3.11681
150 12.3688 28.1488 -2.62256
151 27.3253 2.96849 -1.6847
152 15.1685 12.3857 1.43093
153 19.0339 8.80222 0.220152
154 26.5254 36.6933 -1.57535
155 38.0933 30.0709 -1.36934
156 38.959 23.757 3.20552
157 19.3656 3.72607 1.62904
158 14.5066 0.895935 0.854753
159 25.1021 31.2433 -1.54722
160 8.27472 18.4038 1.86803
161 14.6226 25.2662 2.80224
162 26.3077 24.5631 -1.02076
163 8.36821 10.5125 -0.313392
164 19.4851 12.1278 -0.753168
165 31.3025 7.87525 -1.7772
166 36.7608 5.75865 3.65924
167 9.22704 33.256 1.30608
168 39.2048 24.6457 -0.859131
169 4.91176 2.37901 -2.02418
170 34.9886 33.4758 -2.81933
171 26.2145 28.8928 -1.73974
172 8.17131 19.143 -0.0684487
173 32.3882 29.0753 -1.64807
174 21.2348 10.0073 -3.97676
175 0.547666 10.8991 1.77956
176 24.056 22.0811 0.450499
177 12.7341 2.90946 0.200998
178 31.0718 20.9152 -3.24718
179 24.3546 14.5619 1.07283
180 18.9755 5.69124 2.7549
181 14.3174 28.1744 1.86899
182 16.7811 23.8395 0.823229
183 1.97532 18.8899 -0.302096
184 0.310539 1.47653 0.245496
185 7.29541 9.98385 -0.806821
186 22.2335 35.0171 -2.00389
187 38.4631 7.65321 -2.70906
188 15.2856 13.303 2.11353
189 7.67348 20.3158 0.673062
190 23.1067 21.4749 1.50398
191 15.1385 30.0558 2.02997
192 38.0492 2.79167 -0.235757
193 23.7631 29.2059 0.690998
194 20.5369 20.0161 0.988643
195 3.72718 17.9946 -3.57985
196 31.068 4.47651 2.34474
197 11.456 35.764 3.29286
198 30.0076 17.3659 -0.338352
199 19.5104 12.0798 0.446014
200 34.6048 38.907 -1.52019
201 0.394029 14.5115 2.91415
202 12.5344 20.2914 4.21782
203 22.4069 18.4034 -0.39125
204 35.7252 29.3498 2.59227
205 6.83723 31.8121 0.0278543
206 8.68632 39.9858 2.38672
207 35.1187 2.21339 2.65486
208 31.9931 19.7608 -2.28283
209 7.28976 37.3656 1.48244
210 20.0818 19.0691 -0.106695
211 33.7321 19.1423 -3.05053
212 30.7664 30.8177 0.123447
213 38.6149 1.40262 -0.586237
214 28.7032 18.3686 -1.62417
215 3.41486 14.7371 0.0502244
216 32.0877 27.7797 -2.82389
217 11.5758 11.6388 -0.31711
218 9.41723 13.7161 2.05531
219 26.5034 38.6845 0.0445382
220 14.2533 2.90465 -0.51991
221 20.9333 19.0242 -4.21335
222 36.8 33.8016 0.127343
223 18.5212 26.1301 -1.42445
224 2.9262 27.4514 -0.442872
225 39.8843 9.5647 -0.694124
226 28.3546 12.9275 -2.55476
227 5.37703 7.39283 -1.80107
228 15.9498 1.71108 -0.586641
229 0.253914 23.2676 0.501914
230 35.156 38.7691 -2.77603
231 17.839 33.8608 -0.0789593
232 34.2215 34.3367 0.0511285
233 33.4988 6.04022 -1.00527
234 39.6579 7.99369 -0.739401
235 0.0135071 12.3044 3.43004
236 22.0901 3.13099 2.00445
237 17.0391 20.1243 -1.85568
238 8.84912 10.7318 1.208
239 32.3396 14.5134 -1.09632
240 16.0666 16.8905 -0.680923
241 39.6945 27.4211 0.802973
242 33.6099 39.2853 -1.40307
243 30.9494 38.0683 -1.20219
244 6.96799 5.96019 -3.27148
245 17.2238 34.4123 -0.177711
246 28.6382 4.78659 0.629253
247 3.37638 0.0809448 4.35513
248 8.73763 27.5999 -1.22213
249 6.18826 0.387476 4.02241
250 20.286 5.36012 1.66555
251 30.7712 4.57917 2.48456
252 28.3285 16.8909 -0.84757
253 32.7852 12.358 3.26312
254 9.75793 36.7953 0.468757
255 31.7395 25.2372 0.524157
256 5.11914 1.92957 -4.05311
257 29.3764 17.0843 0.29898
258 26.6728 3.45092 -1.78315
259 38.2138 18.277 0.606321
260 39.0995 3.97136 -2.2137
261 30.6314 20.6754 -3.42301
262 31.3642 1.54493 1.22255
263 7.1039 34.3155 2.12404
264 12.7468 22.0408 -3.68058
265 1.58052 28.1607 1.74709
266 1.05208 16.3058 -0.717608
267 9.78967 19.3568 -3.09717
268 17.9112 17.9738 1.14503
269 34.1452 37.4953 -1.25338
270 34.7219 12.3665 -3.59914
271 37.6787 13.7612 -1.89409
272 22.4939 17.9399 0.715776
273 34.8109 32.7984 -2.69781
274 12.5158 38.08 1.27907
275 13.3478 32.408 0.219289
276 32.881 21.205 3.09634
277 3.44059 14.3517 -0.138621
278 6.39638 9.86851 -1.89783
279 16.8458 30.9892 1.04867
280 7.14083 32.8476 0.595249
281 25.6425 21.3308 2.56355
282 11.3085 17.5374 -0.0870589
283 22.3838 3.16629 1.85032
284 31.4877 20.7994 -0.184027
285 4.60665 29.6183 -2.47993
286 37.9037 6.95245 1.8773
287 18.8726 15.4247 0.859693
288 3.00582 38.3454 0.179307
289 9.67524 32.6133 2.90471
290 32.1737 27.3531 -2.73128
291 13.7142 0.175558 2.28548
292 30.0429 20.9623 -1.80776
293 18.9174 7.43525 -0.719127
294 30.7528 26.9582 0.300315
295 15.5918 14.288 0.861863
296 25.966 25.7978 1.10011
297 0.778292 34.0041 1.73188
298 21.3602 3.76596 -0.748873
299 18.0012 30.1347 0.830292
300 19.1431 15.599 3.60435
301 24.8195 29.1229 2.70906
302 24.043 39.0932 1.61803
303 1.20367 16.1714 1.00684
304 10.8604 32.7285 0.618079
305 1.96592 21.9451 2.04537
306 22.5684 15.4056 2.67914
307 12.6302 21.5624 -4.32152
308 5.98647 24.9474 -0.398839
309 19.0958 36.6643 -0.386269
310 16.6189 20.7554 -3.52432
311 24.5619 22.7206 -0.512335
312 37.0038 27.0528 -1.81115
313 24.8007 6.04498 -2.45829
314 18.4334 39.0347 2.32761
315 3.90055 36.9462 4.07517
316 33.1137 38.9791 -3.52479
317 15.8514 29.6863 2.87153
318 25.5413 30.9622 0.128716
319 6.41505 9.08311 -1.40718
320 11.3783 18.4043 1.08045
321 25.5385 9.99279 -0.323326
322 0.860835 39.8767 2.58823
323 1.50286 39.4394 0.305838
324 25.9383 16.6787 -2.06058
325 12.1036 30.6744 2.4723
326 14.0854 11.4519 -2.95906
327 11.0897 32.5281 1.03903
328 16.9088 34.0844 -0.17113
329 14.5633 17.446 -1.88173
330 0.992139 15.6443 2.00259
331 24.3457 4.23564 2.76754
332 35.433 1.48275 2.70058
333 32.4 26.7341 -2.09673
334 14.184 11.0228 -1.9473
335 2.99186 37.4961 -2.40529
336 21.1973 9.35034 1.09575
337 7.6909 20.443 -2.20861
338 23.2546 21.7844 1.5138
339 39.4974 32.6894 1.2474
340 17.3119 16.7463 -1.53609
341 30.328 25.5442 -0.365987
342 16.9556 12.9898 2.87094
343 9.28541 16.6088 1.57957
344 9.95486 4.87055 -3.05303
345 0.721638 30.8914 -2.17724
346 17.8933 12.2694 3.7885
347 10.67 37.6458 2.72816
348 11.6722 18.2418 0.336331
349 19.7738 18.7225 1.18198
350 8.50201 13.4394 2.92863
351 0.772701 24.6375 4.63748
352 27.437 25.9012 2.42109
353 18.6308 13.3551 2.92297
354 5.30468 35.8591 4.59413
355 19.1173 17.0796 -0.480716
356 37.2806 0.411559 -0.774814
357 9.24311 14.4625 1.6682
358 12.7131 12.4889 -0.961642
359 22.3359 26.2207 1.79862
360 30.7004 26.3597 0.363315
361 32.128 29.8447 -2.58939
362 32.3019 26.5401 -0.943915
363 33.6496 12.0415 1.90437
364 12.3074 11.2255 0.610212
365 2.99738 36.1993 2.82794
366 9.55223 1.10721 1.54398
367 8.00093 38.9635 2.41501
368 17.1184 11.3043 0.451816
369 15.5345 10.825 -1.34997
370 21.8889 35.1259 1.70536
371 29.0849 18.3959 -1.28059
372 24.4812 29.0673 1.11791
373 19.3761 13.2866 1.54324
374 8.32263 13.3188 0.658011
375 6.85461 9.23969 -2.15213
376 39.5825 31.9732 -0.00911395
377 35.4688 8.81408 3.55336
378 17.751 4.57913 0.727049
379 6.90271 34.6527 1.78049
380 31.5395 33.61 1.66929
381 13.1992 35.8755 2.92054
382 0.40921 17.9864 -2.36351
383 21.6653 30.9631 1.57588
384 31.1376 7.60269 -0.991117
385 20.5588 26.3482 -1.80122
386 27.5941 11.2601 2.94361
387 38.9897 0.755478 -0.611957
388 31.4113 32.3683 3.14268
389 15.2255 3.14829 -0.495254
390 25.5152 10.9746 -0.559097
391 6.54309 13.65 -1.66783
392 24.9977 18.6174 -0.95669
393 19.6907 37.1341 0.0721938
394 27.4193 9.70488 1.34143
395 0.639197 13.6996 0.483329
396 12.5718 38.1345 1.89585
397 9.31451 15.4367 1.17893
398 30.1229 35.4832 1.61894
399 32.3944 10.8692 1.61787
400 4.67505 39.1477 -0.329886
401 27.9245 29.2273 1.98903
402 36.2133 9.68894 0.569305
403 7.80198 31.8703 0.192037
404 22.1217 31.6319 0.812734
405 2.16975 23.4097 0.0690364
406 20.41 8.45246 -1.48487
407 37.8971 14.1033 0.412255
408 13.7312 6.14238 -0.226757
409 28.4613 7.16801 0.867294
410 18.4412 24.448 -0.687796
411 20.0208 30.1837 -1.5022
412 2.89948 0.596788 1.77542
413 7.34965 19.428 1.31779
414 12.1173 6.45922 0.122358
415 12.9816 26.9224 0.950807
416 10.0294 33.4559 1.80506
417 2.60884 0.877021 1.79626
418 25.9784 22.7396 3.38584
419 23.1872 11.2155 -0.138359
420 27.8545 0.553921 -0.617601
421 7.17083 13.6455 0.613869
422 11.5288 12.3073 -3.09962
423 39.7182 7.04962 2.5281
424 24.7215 18.7218 -0.422801
425 20.9515 6.93998 -1.3616
426 13.0929 18.1316 -1.39353
427 20.9682 25.562 -4.06149
428 7.47121 6.48591 1.69753
429 38.2651 4.83608 3.16627
430 8.60853 15.5383 -2.19197
431 5.75143 7.92622 3.82039
432 16.4549 32.8138 -1.19558
433 25.8603 24.5651 -1.27776
434 13.325 18.5945 -1.27777
435 0.658314 31.5143 -1.46891
436 39.1333 30.5788 2.53
437 7.93795 2.21115 1.79339
438 2.56864 35.1361 3.5334
439 37.3777 20.9336 3.05515
440 22.0289 8.32792 0.191314
441 15.7068 37.7262 0.393085
442 16.9134 14.7303 -1.09314
443 22.9346 22.6211 0.78055
444 14.3756 19.2894 -0.905593
445 14.5242 20.2746 -3.62058
446 20.3657 8.06788 -0.108133
447 11.682 3.36126 3.82067
448 30.9376 18.5201 -0.955741
449 18.6153 15.1678 2.06928
450 3.11413 14.8894 1.97855
451 30.3898 15.4985 1.77833
452 7.11677 9.54867 -1.05465
453 9.10139 18.1492 2.40016
454 36.3431 8.90889 0.527409
455 30.6243 0.580009 -0.179583
456 8.3193 12.4107 2.32894
457 24.8612 14.189 -0.0676558
458 25.6909 19.7145 -0.20725
459 13.3855 36.7228 3.00496
460 4.69547 0.730516 -0.737461
461 9.42707 2.41537 1.21462
462 21.6139 20.9676 2.73616
463 7.8995 34.0359 0.419581
464 28.4935 32.3124 2.73488
465 24.9574 10.9989 -3.43822
466 37.3226 25.7108 -2.05043
467 9.29439 32.2652 2.13662
468 16.9321 33.732 -0.191694
469 26.8872 35.1856 0.690287
470 12.0504 16.5954 0.414842
471 32.8837 25.8236 -1.62899
472 17.138 39.3264 -1.61409
473 13.5593 35.9156 2.66778
474 3.75376 38.3673 0.0990986
475 34.5358 38.7503 -2.30299
476 14.4376 17.4686 -3.17053
477 8.96064 34.4779 0.475447
478 30.6178 26.9838 2.11181
479 38.7466 31.5864 0.00645504
480 38.2135 24.9463 0.732561
481 33.3511 1.44538 0.187426
482 13.1987 36.403 2.79261
483 7.99412 34.579 0.837444
484 20.4367 37.4764 1.89218
485 3.63028 36.6144 -1.61228
486 19.9815 28.5146 -1.08942
487 31.3957 29.6982 -0.8628
488 39.3682 6.73863 0.560484
489 22.062 5.86847 4.45929
490 5.58979 6.99743 -3.09874
491 18.1384 13.8552 2.034
492 18.7315 38.9349 2.98057
493 2.13528 28.8166 -3.30628
494 10.1701 13.8779 2.16671
495 36.7575 10.0386 -0.160381
496 25.4158 24.8136 0.167687
497 13.3768 37.8263 -0.464864
498 19.8684 12.675 1.67562
499 9.08895 19.583 -1.29004
500 6.84116 9.53735 0.441988
501 33.3451 6.83622 -0.405308
502 5.26777 2.31219 -3.52823
503 22.5054 22.2894 2.6341
504 5.42031 0.249964 -3.0499
505 9.28751 8.85274 0.347916
506 29.0318 24.4147 -0.941082
507 21.8332 13.7665 1.02302
508 11.4584 30.1434 -2.26445
509 16.0778 38.0041 0.524453
510 30.3023 9.00716 0.390567
511 21.3501 31.8825 1.03356
512 29.4716 24.1714 1.56751
513 16.8711 20.0813 -0.835615
514 4.6867 32.8083 0.647679
515 15.0691 13.2526 2.07658
516 15.1551 37.1805 1.63487
517 13.4175 13.7044 0.550249
518 38.6818 3.57846 -2.20914
519 24.1657 20.3451 0.672494
520 1.5238 0.234861 -0.903014
521 39.1153 35.0841 -2.72896
522 29.8539 22.5413 -0.262237
523 13.6844 17.8208 3.36023
524 15.6575 25.816 0.726097
525 8.79517 14.5142 2.56435
526 16.1819 25.9462 -0.147801
527 10.1521 2.93537 0.399357
528 19.5097 7.72468 -0.97303
529 33.8811 36.9221 -2.90772
530 28.2126 16.3733 -3.5417
531 28.6977 1.03192 0.853853
532 19.7794 36.8505 2.51125
533 9.62634 32.7078 0.709696
534 8.29531 23.6025 -0.918791
535 34.3349 5.62016 1.09136
536 38.5202 15.3514 -0.23616
537 1.43477 26.8314 2.10144
538 17.3091 39.6915 -1.91776
539 19.3838 12.3425 1.49103
540 34.6719 15.2408 -2.45851
541 23.3263 22.6179 3.19304
542 31.0044 33.1107 0.80319
543 8.26212 18.9078 -0.621196
544 35.1156 34.22 0.471879
545 5.64212 22.7915 1.88559
546 36.5927 39.4877 -1.48591
547 3.15319 10.7664 -1.10957
548 37.2369 1.35921 -1.77573
549 0.419211 30.6552 -2.09216
550 0.132452 29.6006 -0.0245608
551 30.274 9.60583 0.876088
552 14.6377 2.13553 1.48342
553 9.43971 32.6153 3.71287
554 13.8016 6.7224 0.0538288
555 35.1448 5.43317 -0.950087
556 38.9589 17.0504 0.00255182
557 8.61145 13.5839 -0.672432
558 29.4377 3.43131 0.320066
559 30.9411 28.0943 2.53507
560 34.9751 21.847 1.81096
561 39.5685 35.0602 -2.76307
562 11.4626 21.1436 0.0561749
563 4.41679 12.1111 2.83911
564 9.52698 25.7044 -1.957
565 5.11572 21.1713 0.935574
566 14.2754 36.8785 1.27348
567 26.412 15.7914 -4.67155
568 4.25341 2.26235 -3.98034
569 30.1004 29.1116 -0.00600275
570 3.82426 28.2536 3.0824
571 13.3091 12.3985 -0.136708
572 30.9991 27.805 2.60208
573 23.0895 30.9118 0.972981
574 12.3901 27.4263 -2.76042
575 15.1755 18.6294 3.09141
576 5.23987 1.78729 -1.64345
577 22.7915 33.8534 -1.61927
578 12.0997 31.9247 -1.13868
579 15.9038 13.0145 1.79984
580 7.80869 26.4833 2.12554
581 4.54588 23.3189 4.05613
582 22.3076 17.4548 0.732536
583 22.0616 31.3807 2.04544
584 1.12613 14.1745 0.24513
585 1.84252 24.3975 -3.22771
586 22.8421 21.832 0.760226
587 29.4978 39.9056 -1.24203
588 19.6525 31.2863 2.34623
589 21.7538 10.9983 -4.34152
590 0.825043 6.81406 1.39852
591 15.4846 26.8085 -0.426128
592 26.8226 26.3575 -1.43029
593 4.75548 20.9045 2.22163
594 3.3637 4.16436 -0.680189
595 31.8367 27.2655 -0.892582
596 37.8352 2.73764 -1.15705
597 27.5015 12.0372 1.20903
598 1.72112 15.0663 -0.7094
599 8.2382 35.6142 0.0940836
600 0.923742 34.8474 0.602296
601 16.2874 36.428 2.93877
602 16.6809 18.9239 4.3566
603 17.7725 7.39962 1.31163
604 33.3792 32.6673 -1.31167
605 18.7427 21.9355 -0.242459
606 38.2301 29.7442 -2.27339
607 38.3277 13.0468 -0.150468
608 6.76837 1.0216 1.36068
609 26.2791 7.14887 2.23518
610 34.1747 23.8286 -0.0700178
611 38.908 23.9191 2.79224
612 21.9816 9.90952 -2.5515
613 16.2643 11.431 -0.709146
614 34.7538 0.75015 -0.696927
615 31.9573 5.52706 -2.02697
616 30.9031 19.4852 -0.0457433
617 28.2491 25.6805 -1.7259
618 4.96309 1.09351 -3.91772
619 20.6648 30.0103 2.23972
620 36.0202 2.06295 1.69233
621 23.0219 17.7882 0.225316
622 30.9641 7.17104 1.65892
623 19.2126 15.1837 2.61651
624 37.104 5.72639 0.935847
625 13.0374 5.7539 1.23653
626 3.27616 37.9902 -2.45249
627 2.41687 38.7645 -0.0324011
628 17.9698 6.61607 0.0888899
629 27.9785 8.44647 1.94878
630 38.9125 0.647555 2.83488
631 31.0558 1.74157 -2.03982
632 35.0897 33.3891 -0.374262
633 3.0959 21.778 2.94505
634 34.8371 12.7879 -2.33493
635 30.5152 25.9633 -0.412378
636 23.2467 14.0588 2.67333
637 7.17391 33.0173 1.01975
638 31.7642 29.2996 -1.55338
639 29.5468 21.0037 -0.825454
640 8.34668 15.7446 -1.62675
641 35.7868 6.74779 3.6396
642 10.8755 33.5115 -2.71914
643 29.9826 33.7245 -2.23273
644 9.73536 4.7706 -1.37659
645 10.9007 7.43223 -0.318584
646 14.5614 3.60808 2.31504
647 5.87029 6.62456 -2.31781
648 28.9012 32.3943 0.326396
649 12.2983 12.1331 -1.75478
650 26.9803 18.4822 -0.0156271
651 28.0971 18.965 0.718547
652 7.07375 28.9721 2.68548
653 4.60351 36.5179 2.74396
654 25.0558 19.7975 0.869611
655 33.2558 30.7951 3.47699
656 11.6367 11.5794 2.09193
657 26.6519 8.84135 1.1268
658 9.52964 23.5342 1.57076
659 3.13226 38.4505 0.731894
660 22.3899 16.9082 -1.3403
661 3.83436 11.4026 1.86073
662 35.0878 1.09016 0.301335
663 4.62839 18.1624 -1.44839
664 36.6667 17.6757 0.702266
665 33.8136 37.206 -3.0799
666 28.1751 4.72701 1.58993
667 35.5309 29.161 2.35009
668 12.2068 30.3971 -4.20206
669 10.1415 31.9536 2.77896
670 36.0935 31.8768 2.91161
671 35.0808 1.0589 0.96775
672 16.9478 34.3181 -0.727732
673 38.4921 7.19425 2.27286
674 3.43122 19.1797 -1.25962
675 28.3175 15.314 -1.96666
676 0.571317 0.782179 0.94386
677 7.37903 20.4766 1.22623
678 21.9181 2.30838 2.39731
679 23.3988 22.0308 2.43872
680 21.7553 37.7836 1.76944
681 12.4078 37.7515 1.14088
682 36.9713 0.717079 -0.472497
683 21.0328 26.5316 -4.61772
684 2.5788 27.8586 0.504032
685 22.5919 30.6689 3.04575
686 39.7159 35.6599 -1.8712
687 18.4428 12.9197 4.47515
688 28.1097 9.1997 2.37692
689 7.24633 4.97034 -1.07376
690 9.30074 39.609 0.497032
691 19.0068 33.622 0.849143
692 29.051 17.1114 -0.198973
693 1.29505 21.474 2.41261
694 28.8867 17.6234 -1.30547
695 12.0764 30.1629 -3.55058
696 16.8332 22.8035 2.81443
697 27.537 3.27905 -0.544263
698 36.1998 10.4768 1.52684
699 38.5445 25.2313 1.36968
700 6.09301 38.5232 -2.80989
701 13.2859 39.0013 0.255808
702 8.74274 34.8929 -0.458439
703 1.00287 13.165 -1.71691
704 32.4651 0.0849087 -1.30161
705 5.11034 22.1029 2.10021
706 36.055 34.3914 -1.59249
707 20.2483 39.852 -1.19185
708 38.7049 21.6608 2.78505
709 26.921 15.6894 -4.21014
710 18.8834 1.26423 -1.38791
711 33.1434 32.1881 0.544422
712 29.2651 24.0422 0.91698
713 34.8166 15.5552 -1.73614
714 27.4451 35.1759 2.80003
715 35.4438 31.3351 -1.00775
716 17.7945 33.5865 0.552389
717 16.4254 31.0958 -0.429772
718 3.0509 28.0093 -0.445592
719 12.4644 31.6036 -1.20853
720 10.8634 19.112 -1.48095
721 18.1068 38.0597 3.10948
722 5.28854 1.19525 -1.90548
723 6.11794 38.0002 -1.00662
724 20.1922 38.4957 -0.430552
725 28.6156 32.4812 -0.077682
726 1.16477 30.2929 -0.451045
727 9.66937 23.4871 3.21419
728 4.90773 35.1074 -3.63795
729 19.9673 2.8126 -0.50875
730 20.4373 11.963 0.395129
731 31.278 18.4466 -0.599389
732 22.302 0.448906 -0.464214
733 26.6553 30.7696 -0.167629
734 35.2125 11.3489 -2.14323
735 17.3396 33.8988 -0.870117
736 23.1148 25.1657 -2.29043
737 3.2651 34.8422 -0.687025
738 21.4759 10.134 -1.67312
739 11.3486 21.6576 3.32627
740 30.9795 21.1667 -0.830406
741 4.14219 21.5861 3.16076
742 17.7706 14.6137 1.24606
743 26.3684 23.2414 3.17008
744 33.417 21.1825 3.2601
745 16.3892 38.917 1.35611
746 18.4962 7.47877 -1.40612
747 17.5117 24.468 0.515375
748 17.5494 34.0731 0.378273
749 8.11284 6.59792 4.09128
750 3.3797 32.2093 -1.59037
751 1.62774 34.1042 -0.132091
752 8.13449 18.8084 1.90102
753 20.193 18.015 -1.39213
754 29.6166 23.922 1.46493
755 30.9966 7.43673 -0.405042
756 11.6218 10.6129 -1.45909
757 6.40648 32.8439 -1.37166
758 2.34747 18.4478 -1.50614
759 11.9779 28.6192 -1.34505
760 36.7278 29.8839 -1.0433
761 9.82582 20.1435 -2.17845
762 21.2153 26.6381 3.48051
763 3.8209 0.29208 2.06341
764 15.4161 17.8366 0.781945
765 38.2903 18.9392 1.17669
766 8.52668 11.159 -0.029897
767 29.9954 10.5065 1.98274
768 7.94343 15.9432 -2.21968
769 16.1761 31.6933 1.92224
770 2.09898 25.2132 -4.42633
771 9.04581 19.336 -0.600585
772 12.0477 32.1741 -1.68572
773 36.4981 29.2751 1.63954
774 4.55952 30.7841 -0.912991
775 16.193 6.83088 1.61719
776 6.12781 12.7124 -2.3563
777 36.0299 29.0124 2.78514
778 35.7389 27.827 -2.93343
779 19.2705 4.02609 1.17219
780 2.49212 4.98441 -1.62697
781 10.0886 34.4715 -0.26514
782 9.70557 5.5911 -1.19244
783 11.5797 12.6077 -3.07154
784 33.596 2.34443 3.32265
785 20.3079 8.44695 -2.66783
786 4.70203 19.5144 2.62431
787 35.3883 3.96109 -1.69799
788 8.08497 33.4502 -0.603439
789 38.8319 2.233 -0.600657
790 11.8809 27.3146 -1.96305
791 12.0783 21.1948 1.05713
792 11.861 18.8373 1.29433
793 20.2615 36.257 1.89436
794 22.3981 23.0399 4.2773
795 39.5946 4.32586 4.62622
796 16.6578 13.2925 0.803437
797 2.77371 28.4413 0.402292
798 30.4594 9.38804 1.24428
799 32.7681 3.56374 1.69375
800 34.4359 11.2204 -1.28875
801 17.2196 19.0258 4.64277
802 35.2024 25.3573 0.148627
803 12.384 38.6701 -0.322294
804 3.77581 18.6564 -3.69701
805 3.08331 22.9864 -0.222732
806 4.48213 27.2566 -0.0904902
807 28.5748 17.2007 1.07855
808 17.8347 30.9574 0.798426
809 28.7249 20.78 0.300325
810 16.4166 33.3461 -2.27049
811 37.2215 26.4072 -1.60567
812 9.07997 11.4255 0.0542013
813 4.72362 11.1656 0.633622
814 29.1747 35.4193 0.61146
815 25.7781 16.3643 -2.35214
816 14.8551 37.4141 3.42733
817 17.2638 33.1448 -2.05524
818 7.58102 6.37498 4.42064
819 31.2252 6.25692 4.43709
820 8.37275 37.7952 4.15242
821 15.7797 10.9581 0.696844
822 4.38676 37.4195 4.89678
823 24.2593 3.61046 0.946818
824 28.5458 13.0413 -1.7432
825 36.7725 0.885981 0.990752
826 8.1469 16.0681 -0.549164
827 33.2473 11.6578 2.44897
828 16.3866 17.6829 1.46488
829 11.7263 30.7066 -4.13951
830 10.0237 14.2 2.52606
831 20.458 38.0906 1.71214
832 34.4339 4.38914 -2.79929
833 14.4362 14.3392 0.0844491
834 20.1394 9.14134 -2.49794
835 4.76144 30.778 1.8364
836 20.5677 30.18 -3.16151
837 31.8585 37.4242 -1.55679
838 18.4545 5.15702 -0.0418701
839 6.26393 13.15 -0.866484
840 27.5197 17.0392 -2.75171
841 25.1958 33.9441 -1.97412
842 20.8427 36.3126 -0.0334978
843 17.928 4.40809 -0.545048
844 3.85233 22.2466 0.624264
845 5.10863 29.5485 0.39651
846 6.02599 21.3144 -1.25161
847 37.5466 25.8597 -1.99949
848 27.5516 26.645 -2.26338
849 20.0947 18.1934 1.98989
850 30.9161 34.6374 2.67637
851 8.48793 4.90393 0.410069
852 29.2009 26.1312 1.25801
853 20.1398 17.2934 1.61436
854 2.14969 39.0764 -1.25963
855 16.0631 35.8815 1.53227
856 12.0229 32.3655 0.954434
857 11.3973 33.4317 -4.40808
858 33.1131 28.3724 3.70386
859 12.2938 36.5286 2.03042
860 38.7381 17.9817 0.0790629
861 6.31553 13.0798 -1.45425
862 5.84886 25.2538 2.42037
863 14.035 11.7201 -3.22
864 11.4245 11.5774 1.31776
865 22.5752 32.2213 0.0277466
866 29.1916 2.0221 0.587684
867 28.6281 24.8869 -0.167885
868 33.424 28.939 1.88102
869 3.35261 17.5652 -3.61715
870 37.9346 2.14598 -1.28146
871 19.827 25.4291 4.32484
872 34.1272 15.6286 -0.994483
873 7.9033 14.9858 3.40183
874 27.3088 14.1784 1.44276
875 29.3793 0.695955 -0.217592
876 19.3762 18.9173 1.67862
877 33.9691 12.7059 -1.25781
878 38.5019 1.1809 -0.957718
879 6.65712 33.1225 1.63579
880 33.788 21.4634 0.968979
881 15.5066 20.8373 -3.72294
882 29.9992 2.50372 1.96393
883 34.6504 29.1896 0.680438
884 0.547995 17.8629 -2.53154
885 16.1564 12.1675 3.6068
886 17.6331 20.6568 -2.90372
887 3.31557 22.4338 1.49901
888 33.8157 25.528 2.69442
889 37.8881 6.24276 1.3317
890 14.046 12.8554 -0.757277
891 22.151 21.7676 0.464112
892 23.3202 9.14293 -0.125523
893 32.3625 21.9338 2.1158
894 31.0317 27.134 2.6867
895 36.4156 6.13992 2.97422
896 12.7529 37.9377 0.0869464
897 3.08505 14.057 0.289625
898 23.9914 20.9268 -1.04626
899 9.71339 23.0322 2.9837
900 7.71463 38.2819 3.57504
901 39.9364 39.444 2.09189
902 5.20882 27.0772 -1.00639
903 13.5312 35.6351 0.893643
904 16.8271 37.6862 2.68422
905 34.4927 39.2388 -1.00466
906 17.6345 13.3238 2.82131
907 12.3833 24.7801 1.43443
908 33.4378 38.5524 -3.29118
909 9.4436 36.859 1.93633
910 1.18612 23.074 0.0824707
911 33.8374 5.7386 0.655385
912 26.7207 15.6707 -2.14476
913 36.9339 35.3207 0.828112
914 39.5506 27.6025 0.755965
915 38.6327 0.544232 -0.0323081
916 36.3682 21.7789 3.66301
917 18.0007 24.3211 -2.28415
918 36.7611 6.88882 -2.33514
919 29.1821 26.9717 3.30214
920 2.31222 18.0039 -2.47494
921 28.3816 18.7999 -1.35887
922 25.3768 19.4806 0.0738607
923 7.24387 27.5401 -2.57763
924 32.2756 27.9679 -2.02026
925 18.053 14.2969 2.57551
926 20.3105 8.53653 -2.45608
927 3.55583 31.0465 1.33133
928 33.8816 4.7448 0.365877
929 10.0916 29.4611 1.19433
930 7.83503 2.53143 1.47504
931 11.925 23.7748 2.4444
932 28.5323 23.9066 2.50973
933 18.5492 0.2804 0.493363
934 31.2008 23.195 -1.08371
935 8.02414 15.0843 1.7668
936 13.6845 19.9892 -2.93051
937 27.6506 5.25481 1.64677
938 14.4623 17.8337 -3.05668
939 10.0711 2.04227 -0.0411705
940 12.4021 27.5923 -1.36426
941 33.0095 22.6692 -1.41967
942 10.6249 19.3576 -3.6265
943 12.0049 5.39501 1.21469
944 7.71613 38.9911 2.42515
945 0.528808 6.40464 3.56356
946 14.3904 18.2155 -3.98598
947 12.4513 10.2013 2.31528
948 18.6819 7.97433 0.135551
949 6.74994 7.10173 -0.659355
950 3.64963 24.4378 3.33916
951 13.6042 7.34781 2.51562
952 12.2041 24.0094 3.64833
953 35.0784 21.1357 4.36434
954 10.2615 34.4382 -1.133
955 8.18548 1.72553 1.50299
956 29.3863 14.8144 3.15339
957 33.5169 17.5426 3.6184
958 7.66645 2.31677 1.42732
959 36.979 16.7292 2.96457
960 10.6808 33.6758 3.17747
961 7.6026 24.4557 1.32774
962 14.1121 29.7068 2.78616
963 9.69749 37.0457 1.2267
964 37.4696 4.96545 4.17686
965 0.0510442 31.2023 -0.489196
966 14.0982 13.2624 -2.29299
967 19.4682 36.7188 -1.05871
968 0.206744 17.3173 -0.674395
969 16.0077 3.9244 1.40589
970 12.8606 38.121 -0.169341
971 19.8122 15.2877 1.53146
972 13.4372 20.6399 -3.65735
973 4.45558 20.0532 3.51593
974 39.8553 25.1679 0.307809
975 10.0801 19.2003 -1.52056
976 8.50504 15.4213 0.0543122
977 4.8468 37.0235 3.17704
978 10.6399 32.9828 0.851201
979 7.65769 6.40902 1.39568
980 33.3918 15.4001 -2.03952
981 6.44508 21.5287 -4.18506
982 36.8343 37.9011 -1.38113
983 35.5065 21.6904 3.73956
984 11.3604 26.9312 0.459706
985 0.50289 26.1802 2.25107
986 23.8663 20.6657 0.131304
987 11.1295 10.9951 -0.522484
988 5.91438 23.8706 -0.619604
989 26.1778 28.2515 -1.06473
990 22.7721 17.1264 0.233009
991 15.2712 19.7316 -3.45798
992 6.33771 13.3976 -2.2927
993 13.8988 13.0918 -0.430611
994 26.1019 16.9576 -3.44255
995 14.0092 16.6737 4.01609
996 37.4178 25.6662 -1.87937
997 2.8453 13.8022 2.92547
998 33.7663 39.0856 -1.45112
999 0.173548 7.12405 1.82877
