1000
Particles
0 3.11053 32.9178 -0.77267
1 37.778 22.4137 -0.967463
2 17.6997 39.1428 -1.96137
3 8.78493 33.5981 -2.38625
4 14.6361 23.3652 1.03824
5 18.14 9.40821 -3.16645
6 28.7732 3.65942 -3.63721
7 37.1987 21.483 -4.72825
8 11.1275 24.4453 1.7465
9 34.7295 22.494 1.49608
10 25.3868 38.757 3.69179
11 39.4941 30.6048 0.616986
12 36.002 31.5714 1.596
13 6.25585 4.70065 -0.28293
14 29.2925 28.6608 -1.61512
15 17.7178 25.6801 -0.654844
16 25.0418 33.1248 -0.409922
17 33.4791 22.8547 0.694901
18 33.786 9.8789 1.69822
19 13.9833 22.2172 1.5627
20 4.07895 7.4992 -1.97859
21 1.01432 3.80538 -0.665452
22 5.16243 10.2929 2.17693
23 34.9832 18.2555 -0.530345
24 37.3663 7.09516 1.33284
25 39.8571 30.5176 0.0768412
26 16.0071 30.9529 3.98774
27 13.1688 13.2702 3.42488
28 6.2693 30.8493 -0.926072
29 29.9146 39.3093 -1.91252
30 15.2179 20.0336 3.97297
31 9.78558 15.7872 -0.820281
32 21.9986 2.65466 1.32749
33 9.17082 35.9364 2.02566
34 27.1832 19.8509 1.14102
35 27.2482 6.84529 2.87518
36 13.0703 39.7069 -1.15751
37 35.0644 25.6789 3.42565
38 30.7393 2.07575 -1.58308
39 35.6323 17.204 0.483707
40 39.4859 32.0431 3.61158
41 13.2639 13.7028 2.63189
42 38.1569 19.6215 0.563241
43 25.8688 29.728 2.69037
44 16.2804 27.6686 1.52098
45 5.89428 30.2779 -0.295494
46 1.41158 5.92665 -0.716614
47 30.8708 10.2123 2.18226
48 4.57369 33.3542 -0.994927
49 2.65803 34.4392 -4.15382
50 38.9979 35.7811 -0.961615
51 22.2741 35.8521 -0.497221
52 30.8257 8.75498 0.262856
53 10.6326 6.21782 -0.0778768
54 25.5749 24.9859 0.434743
55 4.79727 12.9756 0.45646
56 18.4304 9.11573 -2.73026
57 8.42655 36.5256 -1.71189
58 39.1386 24.5734 1.87303
59 7.96548 34.7323 0.0280924
60 7.41875 23.6481 1.51554
61 13.1584 34.6032 1.01251
62 36.7563 39.2072 -0.724558
63 3.7986 16.8908 0.480021
64 39.4803 27.0168 -3.31636
65 3.18513 4.00916 -1.22607
66 7.27384 22.086 4.30698
67 25.5894 23.6638 -1.20969
68 8.97613 2.82424 -2.47588
69 16.0252 5.40293 1.24073
70 8.65458 0.157485 -0.597103
71 22.0331 13.2307 -0.73074
72 5.09597 12.2774 2.362
73 21.0231 22.6189 3.53594
74 11.1263 9.19103 -3.28102
75 0.216842 34.4718 1.36132
76 23.5961 4.78984 -3.58605
77 10.2906 26.0258 -2.13727
78 6.42612 35.5977 1.97002
79 0.41809 3.5237 -0.639647
80 30.1423 7.49807 -1.03749
81 3.70511 34.9193 -4.57155
82 14.3566 15.3403 2.01129
83 15.7445 31.8293 -2.80616
84 24.2053 13.7846 -2.4142
85 2.82599 18.0672 3.20528
86 21.1003 8.53531 -0.448257
87 25.4321 35.7039 2.29853
88 4.51232 0.215381 0.183297
89 3.9137 3.23815 -0.412276
90 1.47686 38.0852 0.205105
91 20.9897 16.195 0.713967
92 14.4603 23.9091 1.99768
93 6.94799 2.21621 -3.20956
94 21.0656 25.3355 0.821118
95 18.0646 0.9827 -2.77236
96 8.02853 36.6735 0.611292
97 17.6873 39.6946 -0.845093
98 1.89273 23.6398 -2.57839
99 11.0134 4.18947 -0.990845
100 29.3362 20.8932 0.474853
101 21.0677 29.4319 -2.40111
102 15.8814 29.9646 -2.32265
103 11.5603 5.85754 -0.954849
104 24.0711 3.43255 -2.57123
105 16.8783 36.0665 -1.8262
106 33.8373 19.2246 -2.59655
107 20.8809 18.6973 2.96545
108 33.3989 23.4144 -0.495848
109 3.15086 29.4967 -3.43861
110 7.33084 2.84046 -0.409225
111 36.6025 31.2581 1.21956
112 28.5034 3.74251 -4.44245
113 36.6004 30.9134 1.76825
114 33.6948 25.5045 1.46705
115 32.9091 21.0233 3.6144
116 22.4981 31.6838 3.04806
117 30.245 29.0906 3.01395
118 26.669 4.70799 2.01063
119 35.88 13.8498 -3.29368
120 19.8639 22.2251 -0.43395
121 25.4683 11.2081 -1.82203
122 35.7315 24.3965 1.51694
123 7.6995 28.3498 2.88784
124 11.2457 38.5234 -0.693752
125 21.0551 37.3582 -1.01656
126 25.6842 29.2277 -0.636776
127 0.265309 6.2414 -3.08232
128 31.8934 4.94081 2.19695
129 5.50053 13.5612 1.3499
130 25.9941 8.71508 2.01309
131 26.1043 25.4277 -0.438387
132 18.7609 1.07573 0.309527
133 36.4631 34.4958 -1.66318
134 8.15361 36.1683 -0.271789
135 11.9925 1.95897 1.4486
136 23.0661 4.64524 -4.88719
137 25.1258 30.7715 -0.0718377
138 4.77728 15.5763 -2.41466
139 15.7828 0.503201 -0.0142091
140 25.0243 35.3643 2.76912
141 31.7178 33.959 1.56853
142 24.6729 11.8752 0.721613
143 13.9155 25.4717 2.55918
144 4.83809 33.8128 -1.28476
145 21.4491 26.2056 0.257118
146 31.2525 16.973 1.36602
147 36.9468 39.2781 -0.0616466
148 35.4941 9.95569 -1.16256
149 9.26527 21.9696 -3.8785
150 14.5957 31.146 3.23899
151 32.4124 4.12935 1.54671
152 14.3299 15.6432 4.36495
153 16.5565 0.409239 -1.49672
154 21.8608 36.578 -2.37254
155 34.2689 22.6666 -2.02688
156 36.5553 28.0123 4.04971
157 11.8469 6.01777 1.0736
158 10.5709 35.6997 2.02132
159 21.016 28.1288 -0.0165929
160 39.2457 18.4869 -1.78874
161 7.58626 25.9905 0.159579
162 23.4924 31.995 3.9176
163 7.51496 9.32653 2.00702
164 17.9178 5.20164 -2.73833
165 31.1671 8.74438 3.21568
166 33.5696 7.1798 -2.85804
167 8.37931 37.0097 -1.30109
168 33.2624 24.4831 1.66118
169 2.31238 1.85665 1.94165
170 2.63002 34.6048 4.7196
171 25.5975 34.6538 1.53013
172 1.34637 17.8199 3.61676
173 22.4025 31.4969 3.12576
174 19.4598 4.27275 0.731585
175 3.01435 12.4144 2.17918
176 16.9796 21.5491 -0.930922
177 12.3382 3.94336 -1.49412
178 26.4541 20.5609 0.239909
179 24.6704 8.86335 1.97919
180 14.159 12.2001 -2.95295
181 4.92824 30.6169 1.23359
182 15.0966 20.9739 2.56735
183 2.13688 17.8622 3.83906
184 37.541 2.0107 -0.199771
185 5.88685 15.579 -2.61834
186 16.04 39.2792 0.430168
187 7.94033 3.6938 -0.851693
188 20.4724 16.7139 0.408296
189 8.92222 26.2126 -0.286959
190 21.3383 19.3024 1.58763
191 16.2243 29.4909 4.27242
192 36.8281 38.7305 -0.530964
193 26.9337 27.0215 2.85121
194 17.8794 26.1397 -2.6017
195 6.63731 15.2721 -0.70478
196 29.774 34.4736 -0.591642
197 16.0988 33.3722 -1.77253
198 31.2304 22.2803 -0.892154
199 14.3782 11.9667 -3.94124
200 33.3093 38.8561 -1.30462
201 1.04942 16.5278 -1.81546
202 8.71002 21.763 -2.30632
203 25.2511 13.5652 -2.2169
204 29.1414 29.2131 -0.987812
205 0.876008 32.3649 1.5035
206 15.6452 4.08713 -3.36531
207 34.8012 35.6264 1.46313
208 37.2942 24.1184 -3.07807
209 12.5133 38.0877 -2.10439
210 12.6953 23.5501 -0.643414
211 35.0672 15.8741 0.588288
212 37.1218 34.4856 0.834729
213 37.5262 4.10121 -0.815668
214 29.3114 20.2536 0.329025
215 39.3304 20.8815 -1.68829
216 32.1153 24.9723 2.50989
217 5.51184 8.68592 1.51323
218 17.2595 15.0285 0.968739
219 21.0668 37.3427 -0.787537
220 8.29123 0.34075 -0.602429
221 22.4809 14.3642 1.57763
222 0.370318 33.7247 0.49663
223 18.9971 22.9137 2.03536
224 4.72477 27.2339 -3.60221
225 37.1975 9.58257 -3.44471
226 32.2342 14.4907 1.71923
227 6.47888 11.6831 -1.34134
228 15.9483 3.84257 -0.73304
229 38.2303 20.222 -1.86193
230 29.775 6.36617 -1.48493
231 17.0541 31.0146 -3.26054
232 33.1986 39.3462 -0.686837
233 37.1454 8.14564 -3.20461
234 2.36979 4.35909 -3.56525
235 39.7072 6.94798 -1.64693
236 15.8612 0.152077 0.621828
237 12.6472 25.4454 2.42352
238 12.26 12.3085 -0.393559
239 35.0981 12.0337 -0.739866
240 14.865 16.9177 -2.16572
241 4.6353 27.63 -1.07605
242 37.0488 0.144374 -2.72065
243 31.7185 1.78098 0.571696
244 0.839174 17.6775 -0.546413
245 20.3791 4.58685 -1.61412
246 25.8943 6.4317 3.09162
247 4.47445 37.7096 3.31749
248 5.58553 30.8435 0.81915
249 11.3384 37.4979 -2.28647
250 16.718 3.05463 -0.883158
251 37.9035 39.5107 -1.26688
252 32.9146 14.9343 3.38895
253 33.0292 15.1476 2.83845
254 3.61732 35.9766 3.52409
255 24.2843 21.8676 1.52614
256 2.4873 5.50578 -0.590688
257 33.3362 21.3805 4.10695
258 22.6414 39.1546 3.78155
259 0.159017 13.661 2.22612
260 1.92112 6.51517 -3.55337
261 35.8587 27.7072 -0.639106
262 32.2487 32.981 1.39791
263 4.51864 1.34937 -0.316013
264 13.4569 24.6957 -0.17907
265 37.9517 32.0856 1.84732
266 39.7603 11.7351 0.113373
267 5.48225 29.6615 0.731566
268 17.2546 17.1442 0.938636
269 25.7848 33.8809 2.66957
270 2.43927 12.0606 2.10684
271 31.397 6.57463 2.97994
272 17.3344 13.8098 0.91418
273 29.7458 37.3291 -3.80827
274 9.16466 2.82036 -3.70589
275 13.4321 24.9399 0.237239
276 32.1484 22.2636 2.71169
277 3.43062 18.1912 2.16229
278 3.28784 14.5356 -0.705134
279 15.4411 30.5123 -1.56709
280 6.70723 26.6826 -2.01464
281 25.0902 20.6419 2.71888
282 8.51531 16.8898 -2.53514
283 20.3818 34.3606 1.25379
284 29.3305 20.3153 0.736742
285 39.2708 39.5319 0.483776
286 35.6572 5.52209 -1.65154
287 20.1628 13.9985 -1.24423
288 1.39075 2.8569 -1.49516
289 11.5888 34.4773 2.246
290 30.5835 24.651 -0.856491
291 12.1463 1.93786 1.09786
292 33.6339 20.5071 0.855016
293 11.4309 5.25475 0.199156
294 23.9074 26.4248 0.554501
295 25.244 15.7864 -2.43796
296 22.8448 22.5677 -2.62093
297 4.49093 30.1804 0.177576
298 21.7604 38.4302 3.05213
299 16.3394 28.3717 0.752316
300 23.3347 10.5104 0.845634
301 25.9688 23.8509 -0.256723
302 19.7297 37.2217 -3.61716
303 0.0222313 16.5225 -3.15241
304 2.52859 34.6873 -3.13179
305 38.8732 18.3369 -1.05095
306 19.5155 13.1925 -3.65207
307 10.9775 17.6568 1.41548
308 4.8753 26.9475 -0.00420421
309 16.9124 33.0542 1.24515
310 13.793 22.2553 3.34558
311 23.7348 11.8427 -0.664464
312 38.1429 35.6728 -1.01619
313 23.034 39.7149 -1.15054
314 15.4579 6.6444 0.120272
315 4.29599 38.5218 -0.495148
316 37.1358 32.7528 0.427783
317 21.2934 28.4875 -1.05738
318 28.6114 31.2949 -1.51027
319 5.89413 7.52118 1.02892
320 7.9109 21.6233 -1.64002
321 26.6396 3.73035 0.932813
322 39.5315 35.4965 0.0529115
323 4.61488 35.7623 3.30307
324 30.9921 19.8428 1.82946
325 12.4922 31.3855 0.458829
326 8.67721 15.9646 -0.898678
327 14.3614 35.0537 2.7456
328 17.7709 30.791 -1.50792
329 12.0288 23.2579 -1.36455
330 36.7276 13.8491 -3.53735
331 20.4897 37.356 -1.32994
332 32.4549 8.69071 0.749163
333 30.9738 24.0397 -2.22488
334 18.4484 4.67804 -1.88237
335 3.90158 1.03876 -0.38524
336 18.8912 38.5892 0.498584
337 6.92989 25.961 -2.96167
338 13.9756 22.3031 2.06761
339 37.9082 30.9729 3.77601
340 7.7811 22.9499 0.747042
341 32.3133 24.7843 1.31626
342 12.3971 16.3889 0.732781
343 9.01978 16.8312 -1.31674
344 13.4566 39.5206 -0.347798
345 32.9084 29.0719 2.33938
346 15.3014 11.6306 -3.63492
347 39.1596 0.450904 1.10704
348 13.5545 26.1633 0.716003
349 18.4306 25.6069 -0.281796
350 6.72437 15.007 -1.83188
351 1.80289 23.8357 3.37115
352 28.049 28.5748 2.12951
353 24.1861 11.8623 -2.07474
354 4.63341 38.9647 2.82293
355 19.6999 24.9854 1.04477
356 36.3534 37.2843 0.211806
357 7.52567 21.7844 4.46411
358 14.5896 12.0749 -3.13278
359 27.994 25.1314 -1.99006
360 33.9326 23.9898 0.581206
361 31.401 32.8204 2.04774
362 38.8124 21.8641 -1.62212
363 39.9507 11.6587 -0.718616
364 6.4602 8.12969 2.13221
365 6.83591 36.2271 2.15281
366 12.0333 2.11365 4.0297
367 14.171 37.7583 0.0540706
368 26.0467 11.2283 0.174923
369 11.831 2.50666 2.98252
370 19.4552 31.2338 -1.52502
371 26.794 16.0946 2.30426
372 17.1391 28.4589 0.412758
373 18.3123 14.2137 -1.39652
374 10.0578 14.6735 -1.16142
375 12.3209 13.8162 1.10481
376 37.1156 30.6259 1.60718
377 0.584774 6.34786 -3.36484
378 11.8139 3.8618 -3.58802
379 37.7162 30.853 1.983
380 34.2264 25.9798 1.65132
381 15.2284 38.7412 0.0449346
382 4.4721 15.5885 4.81679
383 20.8534 33.5701 0.307587
384 30.1374 12.6412 0.385652
385 20.8699 25.5512 1.85564
386 27.1709 9.05202 1.55824
387 34.1868 37.6649 -1.60609
388 29.8835 31.8997 2.39695
389 10.5506 5.77762 0.76389
390 33.3239 18.4968 -0.134434
391 11.6402 17.1994 0.430074
392 20.5819 21.689 0.265758
393 17.5574 0.168706 -2.87836
394 24.785 3.03048 3.16034
395 35.1785 12.8849 2.74236
396 6.8265 35.741 1.53312
397 8.47023 10.3756 0.965441
398 31.5376 32.9284 3.98233
399 35.255 16.721 1.60538
400 3.55852 3.4251 -0.300266
401 30.2378 26.6642 -4.1832
402 35.796 8.64823 -2.12658
403 4.56848 30.6807 -0.437891
404 25.0702 29.2673 2.47042
405 4.22087 20.1204 1.23852
406 21.5391 6.06938 4.10271
407 34.1495 8.5222 0.59821
408 2.76083 6.34037 -2.65769
409 22.208 0.836625 -1.9477
410 18.4923 25.5978 -0.556222
411 15.904 29.7418 4.51813
412 3.49007 38.2586 -1.27724
413 9.80398 17.8654 -0.225595
414 7.40405 9.31779 3.70244
415 9.09751 26.6384 -0.756928
416 14.4121 38.1383 -0.181152
417 3.27658 35.8588 3.77849
418 27.1493 24.7375 -0.0913437
419 25.9213 4.09763 2.34636
420 23.3659 4.81474 -2.33607
421 8.10766 15.9927 -0.533978
422 7.69725 19.5328 -2.66573
423 34.1813 6.97782 -1.69843
424 22.9024 25.1413 -2.71468
425 13.0499 4.05819 -4.73302
426 10.1138 22.9103 0.521464
427 17.5813 28.9748 3.32554
428 4.44788 7.61928 -3.76536
429 4.07395 9.79632 -1.01895
430 14.3562 14.8292 3.74595
431 7.74196 7.37328 1.95654
432 19.9946 29.2907 -0.731745
433 25.6274 21.8657 1.65363
434 11.8849 22.9745 -1.87428
435 31.6289 33.1106 1.02395
436 4.24968 30.3861 -0.305731
437 10.119 38.0476 -2.02439
438 4.04572 30.5684 -0.282449
439 37.5163 12.8677 0.863324
440 20.9612 10.9467 1.6227
441 6.6692 39.9549 -3.07556
442 4.61506 17.9444 -0.8279
443 24.6368 18.846 -3.17301
444 12.9945 24.955 1.28644
445 10.0614 20.8454 1.00583
446 14.176 9.98113 2.19495
447 8.13919 0.84656 -2.9533
448 31.2434 26.6271 -4.50373
449 19.1564 20.3924 -1.86906
450 39.9395 15.6604 0.28247
451 36.1502 12.3304 0.767534
452 13.8295 16.7037 2.09993
453 3.85995 23.0871 1.54609
454 37.4756 12.455 1.96374
455 30.6138 2.00994 -2.0809
456 10.6606 15.5571 -0.527551
457 26.4603 13.6663 -1.00883
458 26.5849 15.5522 3.18121
459 12.651 2.95392 2.28387
460 5.84561 0.890404 1.07865
461 4.56923 4.25255 0.408206
462 20.4067 17.8664 -1.9085
463 6.24138 34.3815 -0.358287
464 29.6608 25.2022 -2.43859
465 26.1339 14.2383 -1.76897
466 35.4874 25.1841 0.661648
467 11.3101 35.3088 0.163814
468 22.3013 31.6805 0.57874
469 19.8324 36.7246 -2.03071
470 12.9642 19.784 -2.45574
471 38.7221 22.1106 -0.887752
472 13.5458 4.34677 3.39769
473 10.3737 36.1649 0.317949
474 7.6884 37.6012 -2.03718
475 34.4525 7.79429 -1.17491
476 10.2525 24.6879 -1.67703
477 14.2119 38.4549 2.68638
478 25.5593 20.8849 1.96917
479 36.1446 30.5775 0.825687
480 32.7373 18.9315 -1.42918
481 24.4395 3.08324 0.0286311
482 8.34761 34.152 0.438306
483 8.82337 32.568 0.550153
484 20.1497 33.9348 -1.58406
485 6.61976 0.8325 -2.3986
486 16.139 29.6333 -4.71383
487 30.6575 27.2416 0.562328
488 39.5434 5.01755 -1.58171
489 26.4252 1.21635 0.671248
490 9.45519 6.78921 0.0285979
491 19.4829 11.6725 3.50203
492 21.9336 38.7557 3.77789
493 4.89186 27.0798 -0.167651
494 9.0177 11.0511 0.998526
495 32.9865 9.23326 1.64616
496 21.0484 22.3489 0.0581912
497 4.76516 35.4741 -3.10359
498 19.3699 15.2687 -1.8394
499 13.5759 20.1744 -2.2521
500 2.18623 15.9326 3.65227
501 33.1997 9.6955 2.8888
502 1.49077 4.24419 -0.693641
503 25.8774 24.9318 0.804917
504 39.7443 38.8495 1.64699
505 4.51109 10.9314 0.587778
506 26.4102 24.8314 -1.72058
507 19.5258 8.67394 3.7528
508 4.66583 30.6245 -1.14283
509 18.1752 1.38307 -1.34191
510 35.1959 9.89639 -3.42186
511 25.2454 35.1535 2.09916
512 28.4542 25.3618 -2.73091
513 12.4088 23.9073 1.28926
514 4.74383 34.4425 -2.64644
515 16.8869 15.9008 0.368978
516 17.0779 38.1424 -3.3132
517 16.0107 13.4356 -0.691693
518 3.82924 5.78619 -1.57865
519 23.3089 20.0096 3.45729
520 0.53209 1.80744 -0.477663
521 37.7183 32.4584 1.05748
522 26.4207 20.6077 0.742465
523 7.30848 22.3568 1.71297
524 10.5275 24.6736 -2.77389
525 6.11406 12.8279 -3.35381
526 12.0949 25.6978 1.59441
527 12.1527 3.02005 3.94718
528 20.2531 0.767197 -2.8082
529 37.2996 39.5238 0.278649
530 27.6913 10.8929 -3.57438
531 26.9963 4.19983 2.59367
532 19.4159 37.941 -3.29579
533 8.4463 34.0998 -1.36631
534 10.5444 22.6807 2.79663
535 0.257581 2.11721 -3.12868
536 31.9595 12.7245 2.03334
537 3.67698 27.6957 -2.65209
538 5.36829 1.13918 -1.38084
539 11.9674 4.9982 -0.471577
540 30.216 18.0787 0.0187893
541 20.0695 20.0356 -3.98762
542 34.324 32.6681 1.30768
543 8.48165 19.0769 2.39765
544 35.6503 37.0241 3.28854
545 11.6655 28.5152 0.876013
546 0.177002 1.15523 -0.532023
547 1.7918 12.9961 1.12393
548 37.1319 33.8303 1.38387
549 1.3204 28.5984 -1.00011
550 3.13401 25.4669 -2.00166
551 29.2461 11.2316 2.90855
552 4.65312 0.426091 -0.0228696
553 13.4304 33.2183 -3.99223
554 18.6502 9.4615 -3.53491
555 38.0708 10.5147 -0.899119
556 36.801 23.0356 -1.80885
557 5.54207 18.1469 0.859122
558 35.059 6.65995 2.32888
559 28.8117 25.9357 -1.47614
560 28.5658 24.9514 -2.63212
561 0.762804 26.9209 2.48291
562 11.8099 26.1733 1.65609
563 7.14147 9.47168 -4.33621
564 15.606 27.0439 -1.08444
565 4.85992 21.1328 0.0882785
566 14.8624 37.6838 3.13091
567 27.2572 15.4159 1.93849
568 0.603268 3.9036 0.137733
569 31.4945 24.6809 1.08564
570 2.7678 28.5917 1.02229
571 11.9314 15.0589 1.13884
572 34.2846 31.6302 4.25155
573 25.1337 30.1039 -1.85577
574 11.5291 23.5632 -0.702612
575 19.464 15.7186 -2.53657
576 2.71276 2.23352 2.63255
577 19.8873 31.8716 -3.80635
578 9.30488 37.7049 4.64335
579 12.896 12.419 -0.377226
580 8.87067 29.1832 0.35455
581 10.3952 28.5257 -0.301734
582 27.2517 16.2499 1.00037
583 19.7857 35.3087 1.07017
584 36.8563 9.86034 -3.71465
585 0.729116 26.6249 2.35234
586 19.1731 20.2359 -0.527407
587 28.0134 33.4527 -1.22414
588 20.5221 37.0961 -2.21128
589 22.2402 14.7883 -0.355306
590 3.35559 8.1243 -1.39948
591 4.94863 30.0869 0.945944
592 30.2395 24.4549 -2.28996
593 9.55228 23.4352 1.19633
594 3.45345 3.72882 -1.40309
595 35.7046 21.8924 -0.789792
596 37.1002 37.5416 -1.10332
597 28.8466 12.1753 0.321213
598 35.8574 12.2573 1.20139
599 6.49279 31.8585 -1.07283
600 10.6851 36.8205 -2.90448
601 19.0642 34.4995 2.09828
602 12.9201 21.1936 -2.18235
603 15.8531 3.03954 -0.663788
604 29.7109 29.8609 2.2103
605 10.4871 32.5941 -0.372129
606 36.2283 26.4566 4.33183
607 36.8784 9.53518 -2.92278
608 2.82437 5.00008 -1.39098
609 20.969 39.2996 2.55323
610 32.9783 24.9129 0.549341
611 2.86149 25.4209 -2.98973
612 22.1851 9.33823 1.42926
613 21.1594 13.0254 1.08392
614 36.7145 0.998878 -3.92634
615 35.5953 9.27432 -1.54531
616 33.9177 22.9047 0.00734091
617 23.3636 28.0145 2.49979
618 3.31987 0.616467 0.185626
619 20.6811 33.9968 -2.27566
620 35.1014 39.786 -3.54714
621 24.2414 20.2493 1.24782
622 21.441 4.91896 1.29786
623 21.3763 10.8202 0.801801
624 31.0821 5.60961 -1.19119
625 14.7315 10.9359 -2.129
626 3.52914 35.4865 3.75212
627 3.88056 34.8292 -2.05573
628 16.5243 2.65337 2.10757
629 27.2558 2.86717 0.676161
630 1.3661 28.8953 -0.163542
631 25.8121 39.7231 2.51131
632 33.8887 30.8893 0.584722
633 2.77471 26.7603 -4.74933
634 0.951755 5.90941 -2.47786
635 25.9705 27.1075 3.91832
636 25.3408 11.4144 -0.260066
637 5.84409 31.1863 -1.13123
638 31.154 24.9737 -1.2536
639 32.7103 14.365 2.68992
640 8.29658 21.6741 -1.3588
641 31.1956 6.49172 0.0321482
642 12.3304 35.067 1.93886
643 31.0713 32.3246 1.11071
644 11.6771 3.8702 -0.0472625
645 6.68928 5.96138 2.45772
646 11.9713 4.11194 -2.01993
647 5.26988 13.1232 -0.601135
648 32.002 34.4257 1.84258
649 17.6946 20.1011 1.119
650 27.8782 17.9788 -0.949292
651 26.6903 23.5422 -0.214767
652 9.27746 35.3742 1.9968
653 5.80655 0.0437538 -0.484599
654 22.3384 14.3505 -1.11774
655 38.0906 33.5672 -1.9906
656 4.74222 15.1132 2.16846
657 22.2979 6.12082 1.75739
658 8.93539 26.7675 0.155912
659 3.39997 39.9587 -1.79763
660 23.7059 11.7548 -2.39531
661 1.04835 19.0422 -2.24716
662 38.8823 34.583 2.43239
663 8.99685 21.7946 -1.25459
664 32.708 16.0454 0.228108
665 34.393 35.632 -1.09145
666 22.0556 2.69791 1.69592
667 38.8146 33.9486 1.74568
668 9.15081 38.1511 2.37726
669 14.3499 34.9815 0.146153
670 35.2399 31.5808 1.49085
671 31.6789 5.14803 -1.03035
672 16.4097 29.4044 -4.54012
673 39.3041 2.75172 -3.81456
674 4.60548 19.7591 2.23408
675 32.8129 16.2538 0.124254
676 36.4301 38.4476 -0.263246
677 38.6908 19.5823 -0.874604
678 24.0191 3.56086 -0.573041
679 21.9126 17.7916 3.10728
680 19.6477 34.8103 0.139284
681 5.574 2.74567 -3.64573
682 34.5239 38.5711 -4.11967
683 23.4268 26.4956 3.20419
684 3.78215 0.562094 -2.19026
685 26.3666 28.6935 0.312632
686 3.041 1.27364 -2.16992
687 21.8762 6.66807 1.7564
688 26.726 3.52892 -0.805138
689 9.21346 1.83204 -2.53817
690 16.6942 31.0962 -3.20263
691 17.1454 29.6853 4.20828
692 32.1054 15.5309 -1.1984
693 3.80634 18.1157 2.19918
694 25.512 21.7614 -0.891703
695 14.3594 27.1164 -1.27811
696 18.5914 25.1264 -1.66065
697 30.3658 5.37091 -1.35454
698 32.4698 14.0937 1.21528
699 32.7505 21.9986 0.112632
700 1.65391 3.3753 0.721594
701 16.9935 4.23224 -0.975478
702 2.12515 35.0451 2.15052
703 39.5309 11.2204 -1.96286
704 26.7372 35.4897 1.22694
705 12.0576 35.575 0.816423
706 39.0511 31.6497 3.0392
707 13.2619 3.40946 1.74664
708 36.007 17.9739 2.76271
709 21.9968 13.4919 0.471234
710 17.4102 38.5161 -2.71774
711 34.8939 25.7032 2.59726
712 33.3313 24.2249 1.32299
713 35.2151 16.9817 3.62376
714 24.051 27.0886 1.96642
715 36.5854 37.3916 4.84716
716 15.8484 29.4104 -3.92787
717 15.7469 29.8118 -3.5059
718 6.66067 27.4825 -1.31987
719 8.69908 33.8138 -0.734685
720 10.8547 25.0684 -0.773874
721 22.4422 38.7672 2.60606
722 3.26462 0.146258 -3.17452
723 6.81544 2.28142 -1.91995
724 19.8166 38.4917 -0.760576
725 25.9262 37.3257 -3.42011
726 3.15265 26.9979 -4.19849
727 7.63095 25.9419 0.315262
728 39.3276 2.73527 -3.34849
729 19.612 38.7526 -3.00771
730 20.8349 12.9866 0.348686
731 33.2707 22.7832 -0.395045
732 27.7409 31.088 3.94657
733 31.6274 29.6677 0.923904
734 30.7829 6.94027 1.51355
735 20.3765 29.9974 4.47014
736 16.6491 30.9754 -1.1798
737 0.392054 28.9483 -0.289591
738 22.722 9.75472 0.971539
739 10.3048 22.3714 3.10478
740 34.151 25.8037 3.02295
741 10.2018 28.5589 -0.450279
742 20.0835 15.3828 -1.46567
743 24.1611 22.5176 -1.02168
744 30.4423 19.8856 1.4698
745 12.9362 38.8738 -2.06054
746 16.0814 13.2888 -0.00854683
747 18.6312 26.0333 -3.06893
748 20.6198 32.2181 -1.20629
749 4.93858 0.693614 -1.51562
750 4.68994 36.8044 -4.30965
751 3.98293 38.1328 0.870487
752 7.16554 19.6217 -1.36592
753 13.9091 22.5623 4.14405
754 29.4158 24.4495 0.224208
755 26.8097 6.56235 0.205152
756 2.5015 3.85617 -2.35839
757 11.2842 30.8267 -2.55986
758 36.9731 18.7576 -1.84813
759 8.55822 32.1527 3.55833
760 28.9468 31.7198 1.60633
761 14.4599 19.4353 3.64001
762 23.0006 25.0108 -1.5657
763 6.35535 1.21012 -1.43638
764 23.8054 11.2089 -0.886227
765 35.8871 16.9061 3.1838
766 6.97007 12.1995 -0.164669
767 31.168 6.05216 1.32175
768 7.28351 15.4634 0.452129
769 15.8201 30.6524 -2.77497
770 3.80444 25.8845 -1.54874
771 6.10697 17.595 -2.17247
772 12.7329 34.7759 3.00331
773 31.7088 28.4757 3.03023
774 38.8239 39.0057 -0.98879
775 15.4324 11.6239 -1.31456
776 7.93228 15.3107 0.00985264
777 35.7994 26.5241 0.541581
778 34.7963 24.744 0.0332433
779 17.0924 39.6693 -1.63871
780 2.67031 3.37745 -1.42841
781 2.27845 35.7752 2.91663
782 6.24267 9.02526 -1.596
783 10.0237 9.68969 -1.14874
784 37.7163 38.9236 -1.62975
785 19.638 8.32517 2.29509
786 4.72122 17.4418 0.0338885
787 31.7833 2.7576 0.465509
788 3.19317 1.07953 0.588377
789 36.3382 5.72052 1.318
790 14.5268 30.6926 0.385334
791 12.9755 22.7377 1.29588
792 13.3809 20.7217 -2.13648
793 19.5669 34.8464 1.75115
794 19.4438 30.8351 -2.48952
795 0.00831604 6.64361 -1.59016
796 20.2473 17.8223 -0.844023
797 1.03131 28.1386 -2.74954
798 26.1823 11.2998 -0.704771
799 29.1786 6.58868 0.737462
800 36.9805 5.00843 1.00993
801 16.8514 11.185 0.0633371
802 34.9529 24.2369 2.21481
803 12.2397 39.0409 -1.59118
804 2.69477 23.2213 1.3423
805 2.95455 26.0615 3.28611
806 7.85674 29.7562 -0.928314
807 28.8131 16.1919 0.717048
808 19.2739 27.634 -3.72835
809 28.8656 16.6656 1.19478
810 14.887 35.6048 1.99723
811 7.04261 23.452 2.76623
812 6.7849 6.20722 2.49696
813 1.74734 7.53147 1.61695
814 28.6339 39.4681 0.155485
815 26.4329 15.3029 3.12907
816 16.8777 0.541737 -2.46953
817 8.92799 36.5025 -1.93164
818 4.59501 10.8304 0.0615141
819 31.1215 5.01609 -1.14072
820 2.42403 2.65851 1.35227
821 12.9413 14.2804 4.43233
822 6.46183 2.20769 -0.739451
823 23.952 2.48029 1.49702
824 27.6247 12.4713 -4.95656
825 2.00317 33.813 -3.89476
826 4.37213 15.1584 -1.95256
827 39.0817 8.14611 3.25403
828 19.2218 16.9705 0.363981
829 10.7098 34.1089 -0.259458
830 8.15755 16.1315 -0.46604
831 16.122 39.0359 -0.806358
832 32.6223 5.93085 1.8311
833 9.42914 13.3956 -0.894412
834 19.162 7.76184 -4.59746
835 5.01276 35.1124 -1.31
836 18.0701 32.373 0.333648
837 29.6042 38.6204 -1.40355
838 19.7656 1.76892 0.940513
839 4.88715 18.495 2.21653
840 22.958 15.4709 -0.642027
841 28.0546 31.5084 -4.4343
842 15.8299 28.909 1.56149
843 17.5927 5.67891 -2.04855
844 7.59598 22.6026 3.39638
845 3.12762 27.134 4.68194
846 12.7035 30.6051 -0.873555
847 3.26247 27.4942 -2.38186
848 25.8494 25.9308 0.345554
849 21.2615 14.9361 1.67945
850 30.8869 33.9446 3.41234
851 5.80652 1.58071 -1.2693
852 27.473 25.295 -0.714161
853 19.4438 26.1891 -2.01952
854 1.71164 35.2269 3.38195
855 12.7368 38.2002 -0.565876
856 10.241 38.8236 -4.01118
857 11.8585 24.6727 1.67973
858 39.074 28.3329 0.207386
859 14.2753 39.3153 -0.22484
860 36.6395 20.3582 -1.43363
861 1.19285 16.5905 -3.05221
862 4.93015 38.3951 -4.07267
863 14.2587 11.0445 -3.54387
864 20.7168 12.4694 -2.76154
865 27.3108 34.6528 1.06611
866 26.6805 2.68932 2.27559
867 25.795 25.3202 2.04229
868 31.0393 25.5539 -1.76767
869 36.5657 17.1956 -0.284765
870 34.453 1.85513 -2.06886
871 17.9023 25.8882 -3.72115
872 31.9133 22.1987 -0.657526
873 16.1937 14.6124 0.123009
874 31.6094 14.3931 2.24273
875 29.2741 2.65828 -2.12701
876 9.82903 20.091 -0.581767
877 32.5594 12.8566 4.61955
878 1.29407 37.6094 0.627331
879 3.92669 33.9253 -2.28441
880 31.7231 24.122 2.26341
881 11.9844 24.1198 -0.561235
882 28.8234 2.63425 -1.00809
883 26.2461 29.815 0.637288
884 8.50999 21.8105 -1.95725
885 13.2162 12.4198 1.58735
886 15.1913 20.2758 2.12756
887 3.09044 24.5529 -2.38321
888 29.6051 26.2042 -1.01494
889 1.27869 5.79073 -2.93231
890 15.4595 16.6025 -1.68533
891 17.6835 24.1384 2.01406
892 12.5868 5.64753 1.60907
893 30.8154 26.1375 -4.20601
894 36.4338 29.7575 1.74794
895 35.318 9.59077 -4.52014
896 19.0419 1.18344 -0.372117
897 38.5234 16.1025 2.66506
898 18.7463 17.3683 0.136602
899 12.2144 25.1125 1.19932
900 12.0218 1.94057 1.37066
901 0.759331 35.0512 -0.192259
902 5.3396 32.4096 -0.0141036
903 5.62255 37.0335 2.07587
904 17.2753 39.091 -1.76387
905 33.4187 36.804 0.326375
906 19.8371 14.034 -0.421668
907 7.82107 24.4881 -1.42288
908 35.039 35.0676 -0.215417
909 5.11044 37.8019 -1.6768
910 38.6884 21.2588 -3.58225
911 34.0219 31.6958 1.3798
912 23.8801 13.8114 -4.45739
913 39.3372 33.5373 3.88757
914 35.8996 24.4622 1.1452
915 36.3194 35.6864 1.29276
916 30.4527 19.8113 2.51824
917 11.8632 23.191 -2.43256
918 36.5354 8.50179 -2.01903
919 34.6305 23.809 0.935122
920 3.60852 23.8363 1.37767
921 26.6547 24.9578 1.4572
922 25.2812 17.5627 1.79383
923 4.87811 31.2197 1.1775
924 29.3727 28.8995 -1.25604
925 22.3666 6.84041 3.00637
926 24.3767 8.8826 1.97335
927 2.73802 27.3751 -3.83309
928 35.6759 2.73396 -2.70876
929 6.83683 35.6045 2.5484
930 2.7239 5.86211 -1.82082
931 18.9202 15.1077 -1.98607
932 1.81203 23.889 2.81847
933 12.7682 2.7809 3.24785
934 30.2223 25.9743 -0.99535
935 11.9614 8.38083 2.84316
936 14.1122 22.3576 3.32193
937 19.7394 39.8557 -2.23951
938 18.7818 20.0874 0.0950475
939 12.4132 3.55082 -2.79631
940 13.182 25.6809 1.82024
941 25.7805 20.8634 2.90879
942 10.4408 22.4236 2.2518
943 12.911 3.29617 3.38308
944 4.85709 36.7586 -3.95124
945 1.87119 3.53603 0.415493
946 17.7097 24.6117 2.97637
947 11.6549 4.76194 -2.66282
948 21.0213 5.30922 -2.35879
949 4.8266 11.3862 1.19641
950 3.75867 31.1871 -1.32933
951 12.672 9.15681 -2.25879
952 12.9114 25.592 2.33958
953 31.0186 22.2466 -1.66755
954 6.68115 39.7531 -1.00871
955 5.59882 0.792208 1.16019
956 26.3962 15.7903 2.53606
957 33.3703 18.1959 -2.55263
958 2.60685 0.978729 -0.603736
959 27.7536 7.46772 1.82941
960 7.05261 35.1553 0.202223
961 1.13561 25.1759 1.66137
962 11.1522 25.0403 2.65094
963 14.6106 35.1759 0.576495
964 1.53177 5.04141 -3.91393
965 34.1886 30.1003 2.20958
966 15.9828 15.614 0.530504
967 15.8617 38.7668 -2.08967
968 36.445 21.0116 -2.91655
969 9.22517 2.25131 -1.60221
970 17.5261 31.3162 -1.88835
971 26.8594 11.3747 -2.70374
972 12.8566 21.5252 -4.08493
973 5.503 27.2593 -1.29985
974 28.4784 28.6303 2.00862
975 5.06878 22.2622 0.448695
976 4.96094 14.5334 4.89451
977 7.50332 36.2241 0.318183
978 13.7631 35.5566 0.0930602
979 5.78111 1.52564 -2.18782
980 36.572 16.6255 0.598455
981 2.68944 23.7594 -2.78427
982 39.2207 3.73889 -1.85087
983 35.4058 17.0643 2.28948
984 10.801 33.6064 1.29467
985 2.24457 24.723 -2.04108
986 21.2106 15.3422 -0.8832
987 8.12542 21.4107 -3.53752
988 5.19445 27.8209 -2.68426
989 27.2772 32.1557 -0.721037
990 24.5206 15.7321 -3.74906
991 12.1113 23.057 -1.15628
992 3.2193 16.7514 0.973907
993 15.3581 16.8789 -2.04003
994 23.8207 20.3157 4.20246
995 16.4348 14.691 0.298925
996 35.0024 21.8331 -0.906281
997 35.981 18.3215 -0.292491
998 35.8358 34.6216 1.06582
999 34.6548 10.8989 1.55362
