1000
Particles
0 38.3286 4.37956 2.50589
1 33.0911 17.2037 -0.446313
2 25.0818 1.89803 -0.337392
3 7.62103 36.4527 -0.308379
4 14.0952 18.5726 -2.8962
5 23.5719 0.0726642 1.4226
6 33.6792 5.25557 1.07914
7 33.1138 16.4598 -0.890063
8 5.38817 32.587 -0.329225
9 31.6943 24.6941 3.20005
10 28.5728 28.5817 -1.23168
11 0.907188 38.3658 -1.50474
12 37.9333 23.0755 0.692561
13 39.6556 4.68209 1.02486
14 31.3691 15.986 1.22196
15 27.8878 32.2154 0.49703
16 27.6571 36.8533 3.72255
17 35.632 9.56212 3.61129
18 39.3378 13.3482 -1.31206
19 17.3016 19.6039 -3.53003
20 14.2132 16.6326 2.52046
21 2.30787 38.1705 -3.13078
22 35.6097 25.2277 0.504189
23 32.9857 13.7538 0.437417
24 29.8392 15.8793 1.95136
25 1.28651 34.5259 1.94267
26 26.464 31.0998 2.27008
27 16.7184 19.8095 -2.69394
28 5.09337 0.307591 -2.6115
29 34.0831 8.24922 -3.02052
30 10.9036 25.2611 -4.25007
31 11.5382 18.9139 0.156069
32 16.7392 16.1334 -0.354362
33 2.48131 36.5056 -2.10136
34 21.6877 16.1304 -0.0854111
35 23.4761 4.79226 -2.55859
36 14.2001 39.7107 1.45071
37 38.2513 25.1319 1.22025
38 18.7883 38.7965 0.296315
39 32.8344 12.6814 -0.630824
40 29.8116 39.407 -4.52701
41 21.2565 15.1871 0.285755
42 32.0282 15.931 1.85836
43 23.4386 32.9618 -2.07462
44 20.3115 17.547 1.60004
45 10.8985 24.5432 -2.12018
46 5.22492 4.256 0.00793932
47 36.3538 3.36029 -3.44563
48 38.9349 32.0937 2.9485
49 8.23484 32.1159 1.77644
50 36.118 39.2004 0.522391
51 16.2243 6.75463 -0.64511
52 33.0115 2.32565 2.67046
53 15.194 12.5311 -0.531402
54 34.487 28.8826 -0.344877
55 37.4975 18.1453 -0.259294
56 32.9948 7.80943 1.19307
57 37.1219 34.4378 -1.88189
58 1.39088 8.70601 -0.788396
59 2.00793 33.4886 0.899405
60 9.94447 23.8412 0.828472
61 18.8059 26.185 -1.68579
62 32.6329 1.65687 3.84686
63 7.69681 19.7937 0.729276
64 37.949 24.9885 4.25913
65 16.9671 2.89614 1.04344
66 6.98409 19.0429 -0.917954
67 22.5125 16.7695 -2.0308
68 8.65494 1.90955 4.71299
69 18.5854 6.3066 3.61791
70 5.81045 35.3244 -0.394532
71 8.73418 8.30697 0.295102
72 7.05701 16.7337 -1.21691
73 19.3479 20.5691 -0.041678
74 12.8289 35.8692 -0.173629
75 4.42822 39.7636 -2.91914
76 18.1351 7.09016 3.50566
77 18.7208 22.6018 -0.324964
78 36.2577 25.0125 1.48569
79 31.7741 1.25587 3.66046
80 34.0641 6.80754 -2.29749
81 8.53504 23.1369 -0.871493
82 13.1053 7.35395 3.84099
83 17.7025 21.1844 -0.805749
84 25.9851 13.2159 -4.07448
85 2.63702 11.7252 -3.10297
86 22.1001 9.04095 -2.7206
87 18.3336 39.6272 -0.0697933
88 5.4541 1.42176 0.35746
89 8.54691 27.8856 3.18835
90 35.8871 34.1711 0.394142
91 23.9426 10.5558 2.26544
92 20.2202 15.9801 0.882091
93 16.1119 11.7905 3.30635
94 7.28966 14.9745 0.490835
95 17.1858 5.77989 0.572048
96 12.433 31.3699 2.59182
97 24.6571 33.6317 -0.0577085
98 0.514179 28.7811 -0.556574
99 9.77991 31.7674 0.835384
100 29.1532 8.76321 -0.755428
101 17.3458 21.0508 0.436553
102 20.4188 34.3698 -2.90035
103 15.3742 4.24784 2.32628
104 33.3159 7.73315 2.43435
105 20.5651 29.4581 1.72829
106 39.3073 8.79009 -1.7868
107 18.0349 23.5167 0.573105
108 23.6652 11.0634 1.08903
109 34.8912 31.5676 -1.77601
110 8.37609 34.6851 -2.47236
111 10.8412 32.3105 3.74309
112 34.1526 1.4659 -4.14806
113 32.521 16.1457 0.257657
114 7.44996 26.4062 -2.02783
115 30.5843 21.8528 3.03589
116 27.5591 26.3495 -2.0506
117 21.0123 32.1517 2.83258
118 19.2891 38.3621 -1.20553
119 39.8622 17.4814 -1.45265
120 37.7652 31.5997 -1.17003
121 22.6658 14.9083 0.610091
122 33.0909 10.6372 0.900086
123 2.26398 20.3616 2.06148
124 15.2066 0.0131635 -2.701
125 23.071 36.8034 0.739138
126 20.7664 20.0038 -3.4346
127 39.8454 2.40246 -3.02013
128 31.1903 9.96273 0.955203
129 3.91712 9.78854 -0.406927
130 35.9308 8.57878 1.63099
131 31.694 29.675 3.53596
132 15.6339 38.3917 0.864851
133 25.1655 34.4732 -1.55467
134 13.2714 34.0571 0.951506
135 17.9563 0.521431 0.676867
136 29.5953 5.58584 -0.893143
137 33.5932 0.944249 2.73825
138 6.49098 19.4697 1.87307
139 10.8246 1.65002 -1.71615
140 17.8757 31.8243 -2.75123
141 35.2243 38.1919 -0.101046
142 23.3168 1.31549 -3.70629
143 18.2855 25.5243 -4.31454
144 6.47252 25.3771 -0.157622
145 25.6537 25.2007 1.16376
146 37.862 7.64036 1.96909
147 34.8169 39.0129 0.964404
148 39.1465 8.36485 -0.79927
149 16.0791 21.9923 -1.15185
150 8.02522 15.4272 2.89657
151 39.2328 1.69413 -1.51191
152 16.2844 14.9145 2.60449
153 25.5721 5.20277 -3.30612
154 32.7071 30.5753 1.10205
155 29.1914 37.2636 -0.52335
156 37.7001 23.7518 -2.84867
157 23.1935 12.8007 3.85616
158 21.4146 33.8269 -1.39595
159 15.2701 29.0508 -0.246113
160 4.37819 18.55 -3.11195
161 7.67038 23.1718 2.03778
162 26.7372 35.3954 0.493441
163 11.1589 6.35215 1.91166
164 12.9164 0.835813 -0.795343
165 21.3631 2.10682 -4.18192
166 38.0454 1.1868 -0.977801
167 11.221 2.14509 -3.2004
168 39.1297 19.8102 2.63331
169 0.602184 33.3083 -1.56497
170 1.93387 35.8467 0.317492
171 15.2655 38.2763 2.10193
172 35.4252 17.3675 -3.40535
173 17.1591 27.2322 -0.175969
174 5.66494 37.7376 -0.0745305
175 5.38556 16.0035 -0.682014
176 25.4535 26.5606 1.86239
177 16.7431 7.63062 -2.72044
178 22.5556 14.7492 0.722121
179 24.0621 10.3017 1.18524
180 11.4616 12.1658 1.74757
181 35.6325 29.8805 1.20409
182 19.9146 12.6618 -0.9412
183 1.68617 16.3671 -3.16573
184 23.7406 36.4006 -0.521082
185 9.02129 8.45662 1.22154
186 33.7509 8.50197 -0.752053
187 5.43104 0.0535866 -2.6782
188 24.8983 15.0814 1.89123
189 8.39411 23.9834 0.917554
190 25.7041 25.5827 0.839241
191 7.83612 33.5939 -2.08292
192 32.8303 8.21229 1.61809
193 30.2526 19.4436 -0.768072
194 7.41954 32.3732 -2.09742
195 20.0504 17.1175 3.97762
196 30.1065 34.656 -2.37709
197 14.6647 0.663577 -2.99452
198 36.9156 12.4316 0.470137
199 14.3024 9.14585 1.82808
200 2.26632 2.42125 0.733232
201 31.8721 14.3611 -0.0351081
202 21.1512 15.9235 0.901005
203 25.343 12.1579 2.08222
204 32.4963 36.1506 -0.744879
205 1.85044 31.5085 3.97544
206 10.1212 3.62197 -1.92075
207 1.89117 32.3777 1.02902
208 29.0963 26.4959 3.73315
209 15.9849 29.5946 -0.149045
210 4.58653 21.6946 -3.10886
211 33.9606 25.2854 0.973404
212 38.9471 33.2626 1.67594
213 3.04381 3.67084 2.15388
214 38.6315 16.0641 0.0844283
215 36.9144 16.8289 1.52021
216 31.3201 28.8881 0.160746
217 10.3459 5.61308 0.565294
218 23.5019 19.3777 -2.18279
219 18.0027 7.94045 -1.14883
220 16.762 6.26858 1.8327
221 25.8933 11.2841 -0.910409
222 32.8328 23.094 -3.53076
223 18.6938 38.3029 -1.5825
224 13.8279 33.2957 1.50193
225 33.0191 8.53581 -0.227718
226 5.3968 20.3427 -1.77925
227 5.19266 38.4889 1.7507
228 22.2427 7.4172 -3.20708
229 35.9087 17.441 -1.01733
230 29.5434 8.54993 1.46997
231 17.9535 20.9195 1.40691
232 27.0348 12.195 -0.9271
233 2.03079 7.25952 1.24213
234 4.21241 36.4084 0.407619
235 6.00641 6.53988 4.40051
236 8.43544 38.0233 -0.665544
237 9.03773 26.1047 0.487872
238 14.7794 13.3102 -1.43291
239 38.0065 14.8336 2.87136
240 20.2455 24.752 -1.29606
241 14.3631 28.8226 1.42324
242 3.24853 3.11066 2.55275
243 25.3685 38.1717 -1.21217
244 37.7072 18.5579 0.748469
245 21.5461 10.4427 0.898901
246 28.0368 11.9798 -0.422834
247 0.372749 5.90007 -1.03863
248 6.00934 23.495 -0.341878
249 18.2853 31.9406 -2.41384
250 3.91752 1.16758 -1.4127
251 34.0737 6.01038 1.70357
252 28.9429 15.4513 0.609475
253 23.7219 11.5151 3.10095
254 35.5811 26.1204 -1.51113
255 31.2433 22.2552 3.27614
256 38.909 4.61912 1.89432
257 31.2534 16.2373 0.611554
258 30.225 36.581 1.34889
259 29.7767 12.1759 -0.660164
260 7.42931 2.89635 0.311796
261 36.8649 21.5041 -2.15241
262 29.2538 26.8956 1.00485
263 7.72654 5.09742 2.70465
264 2.58553 35.6424 -0.976523
265 0.74622 10.8728 0.00707341
266 2.85149 6.72744 -2.08904
267 11.52 24.7968 -4.59047
268 0.0747209 27.045 2.43825
269 16.3985 36.3287 -1.62892
270 2.66524 10.7347 -3.1429
271 29.1936 10.7975 -1.58823
272 21.4782 10.9877 -0.504399
273 39.9668 38.1868 -2.92161
274 11.5812 7.84577 1.21202
275 4.45307 16.5781 -2.2427
276 33.0726 27.1784 2.91408
277 9.07682 26.5901 0.42593
278 7.77398 1.97497 -2.32209
279 4.47254 17.9685 -1.70791
280 33.1673 23.2493 -1.39997
281 29.7384 16.6175 1.57351
282 16.853 19.1833 -3.24802
283 23.099 38.6906 3.63019
284 30.9793 26.1896 -2.73632
285 37.8545 36.4612 1.0618
286 35.3655 7.97288 -1.16829
287 4.58548 18.7596 -1.10946
288 7.04993 36.8935 -2.2956
289 12.2919 32.006 0.049831
290 34.5929 21.6271 -2.87458
291 19.5788 20.7114 -2.92887
292 37.5028 25.4002 3.4297
293 7.52099 1.80906 -0.988687
294 25.5897 34.325 1.66678
295 10.8194 10.1829 -2.41152
296 33.3549 24.2122 2.62824
297 2.52662 25.2503 1.14314
298 26.5571 24.4477 -1.03963
299 17.2272 38.8358 -1.5526
300 26.7947 7.52823 1.2652
301 31.5885 18.3108 2.38067
302 15.0494 34.0496 -0.104173
303 5.20881 38.1591 0.819226
304 14.7726 26.4092 -0.553379
305 2.86525 21.6723 1.03416
306 27.9476 13.175 -0.33798
307 9.56626 23.4821 0.623939
308 3.06468 17.9075 0.0612691
309 11.3988 0.664128 0.162714
310 20.4705 18.344 -1.67014
311 25.1298 5.73072 -4.61853
312 37.9146 1.6016 -1.85005
313 33.8204 0.315185 -3.2739
314 23.5877 2.19591 -3.76861
315 1.52532 29.7124 -0.059313
316 31.8649 39.6483 -1.24937
317 34.3649 38.7684 -1.54244
318 25.5105 27.1046 3.96292
319 4.33169 36.7652 1.85075
320 0.992831 19.1993 -3.018
321 32.4584 7.67103 4.58948
322 6.22312 35.5468 1.93527
323 19.5261 38.3429 -2.8452
324 31.8148 13.5248 -0.462921
325 6.26666 23.1603 -0.574837
326 36.1229 38.9316 1.28032
327 10.2924 1.94207 -3.75332
328 14.0283 29.173 1.69793
329 37.4586 18.567 2.36823
330 5.53664 3.97558 -1.10586
331 15.5685 32.0012 1.13057
332 31.8929 10.1595 1.88767
333 23.928 17.5323 -2.68808
334 7.85817 14.5064 2.47168
335 7.97477 0.757458 1.77515
336 20.6354 1.85878 3.0615
337 6.61633 12.2692 0.57488
338 8.78311 29.4074 1.9912
339 34.8107 37.2734 1.88435
340 10.2671 23.8603 1.7329
341 33.5856 34.3339 2.23069
342 11.5999 11.1512 2.58379
343 8.70413 16.5105 0.270058
344 14.3453 39.9045 -0.792051
345 33.4741 26.8827 2.25375
346 17.1041 9.55474 -1.28333
347 6.47737 29.6306 -0.580678
348 14.1949 19.5034 -1.80322
349 18.5993 18.0708 -4.59966
350 10.7281 11.3354 -1.10469
351 9.05202 23.0218 0.889282
352 30.4487 22.0505 2.33924
353 24.1068 1.04887 -1.06963
354 0.725773 38.1808 -1.0027
355 20.2238 24.2221 -2.92265
356 32.5757 32.2 -1.80812
357 14.0172 32.6871 1.4168
358 14.9266 20.8245 -2.64749
359 38.3138 31.2139 -1.67508
360 32.2166 25.577 -1.66562
361 32.5406 30.6396 2.85099
362 34.1452 26.6078 1.50069
363 34.104 2.98623 -1.86108
364 5.79831 2.29188 0.265117
365 1.44923 3.19286 0.629593
366 12.0125 5.86067 1.29594
367 18.0456 33.9263 -3.17379
368 21.4828 1.56652 4.12003
369 14.934 29.1661 0.0206763
370 21.6884 25.6545 4.38559
371 22.6502 23.2353 -1.73592
372 28.3633 30.1141 -1.90897
373 7.01349 9.99262 -1.17244
374 16.7568 18.991 -3.95912
375 13.5441 8.37586 1.01062
376 3.47424 32.8987 0.196051
377 6.21021 11.5845 -0.454546
378 11.4386 4.93566 2.48668
379 27.5241 3.80139 -0.593828
380 0.742855 23.7804 3.2561
381 11.4074 32.8528 2.06959
382 34.2166 18.6023 0.674786
383 14.5426 35.0123 0.915944
384 16.2271 3.03656 0.544202
385 22.0848 17.6646 3.73619
386 19.871 8.33886 -1.14241
387 11.6275 2.74852 -4.3366
388 27.8085 22.8363 3.99805
389 9.59461 38.6166 -3.6575
390 28.1017 23.8343 3.32165
391 14.5578 19.5474 1.86801
392 19.2755 23.0531 0.471902
393 23.8962 14.5266 0.87907
394 39.0375 38.9677 -3.99196
395 33.7763 11.0821 0.91234
396 1.81206 2.93234 1.03975
397 4.21417 38.1786 0.908699
398 0.832014 26.4365 1.28889
399 38.758 16.2224 2.04153
400 0.0830283 1.49617 -0.402629
401 24.9556 39.4009 0.227355
402 36.0477 8.46897 2.79506
403 38.9426 22.9459 -2.45792
404 34.7041 30.5548 3.49006
405 0.376182 25.5098 -0.807257
406 28.3745 0.263199 1.22019
407 33.8032 0.841409 3.23025
408 7.94193 15.283 0.750924
409 11.054 9.75321 -3.45757
410 27.4354 16.6881 2.16353
411 15.3054 27.4455 -4.25571
412 0.735269 9.62129 0.673605
413 13.5031 13.9494 -3.55375
414 2.13887 19.9491 2.50591
415 14.4087 29.0758 3.47644
416 26.6815 37.373 -1.14547
417 7.32188 0.551679 -4.76406
418 29.1728 26.2986 1.72734
419 25.2461 17.0097 -2.96896
420 17.6583 36.6128 -1.30689
421 1.63842 15.5846 -0.660677
422 15.8179 9.79582 -0.143919
423 24.7714 11.6277 0.320117
424 21.4608 22.4856 -1.0727
425 22.1033 2.57761 -1.93088
426 2.29275 19.2992 -2.45502
427 17.3134 19.7162 3.7854
428 34.6412 8.62534 -4.01442
429 1.37851 7.70698 0.290929
430 22.3823 17.1173 -1.94932
431 7.78594 10.3931 0.564757
432 14.6065 36.5418 -0.600892
433 28.864 18.3891 -1.77759
434 6.01518 27.964 1.04548
435 23.1989 39.6427 3.45232
436 4.41768 22.4483 -2.18672
437 13.2287 32.9082 0.356165
438 14.2992 22.2253 -0.735728
439 38.0357 20.4605 1.78122
440 26.216 39.4075 1.02165
441 6.68413 39.6517 0.350236
442 13.3601 27.8579 -2.73084
443 21.9038 14.2531 -1.10181
444 9.4535 8.13922 -1.91236
445 4.59529 23.2161 -2.37798
446 21.1697 14.8818 -0.988433
447 4.22464 9.14494 1.97127
448 34.4938 29.8893 -1.01856
449 8.19364 18.6719 -1.24479
450 13.7179 14.3235 3.78975
451 4.4486 8.44714 2.15508
452 18.0155 17.9433 -2.71264
453 3.67699 36.2169 -1.25616
454 2.75607 6.47847 -2.12147
455 31.1792 5.51447 1.73741
456 18.5299 7.40193 3.10843
457 21.9922 19.9091 -0.431891
458 31.0503 14.4281 1.62585
459 12.9928 12.8005 0.0106524
460 16.7603 0.792343 2.68766
461 6.89003 33.39 -0.936478
462 29.3948 15.2129 1.89069
463 2.62829 33.22 2.20954
464 31.4502 15.3298 -0.366489
465 31.7285 15.3765 0.464722
466 36.0865 24.385 0.57953
467 3.08645 36.5222 -1.739
468 24.8192 38.2092 -0.782882
469 11.5965 24.7951 -4.35953
470 12.2704 18.3001 -2.03905
471 0.964166 14.1368 -2.76684
472 9.25889 14.8668 -3.75245
473 20.2162 11.8652 -1.75235
474 8.23205 31.5179 3.82019
475 32.7121 8.82985 1.90155
476 19.0964 29.4027 2.85111
477 11.5421 32.5233 1.31701
478 30.3864 12.8054 -1.06168
479 3.6951 28.5228 0.486037
480 31.3408 14.7986 -0.711875
481 22.7264 35.3153 0.898334
482 4.61402 32.8325 1.32013
483 6.3421 29.3552 0.318499
484 11.9174 26.0033 -2.28969
485 4.80742 37.6005 -1.31787
486 17.2971 27.9321 1.37716
487 32.8319 25.5256 4.09267
488 38.6671 9.37975 -0.687535
489 20.8997 3.6038 -1.85359
490 8.70105 12.9752 2.11179
491 22.128 11.177 -0.209818
492 25.1561 3.77293 1.03816
493 38.4277 23.3781 -2.46055
494 6.59751 15.7879 0.419517
495 30.6791 9.77234 0.475995
496 35.6382 20.1322 1.93578
497 2.38257 31.4085 3.597
498 24.0054 11.758 1.03231
499 6.73112 13.9719 -0.532907
500 5.76188 15.2845 0.75821
501 31.6092 15.492 1.89936
502 6.27628 0.380925 -2.42654
503 12.4481 20.338 -0.603684
504 36.0606 31.1351 1.88864
505 1.48834 6.8183 -2.65451
506 29.4402 25.4267 1.1136
507 24.8777 8.94758 3.4043
508 39.4771 35.3907 -0.192966
509 34.5859 2.14192 2.00152
510 32.5365 39.2391 -0.812883
511 24.5747 36.1652 -1.44007
512 39.749 34.471 -1.76597
513 17.5458 30.5702 1.7751
514 12.4367 25.6923 -3.8996
515 21.1221 11.404 -1.90781
516 28.0629 39.062 -3.42326
517 11.2187 2.07911 -3.47092
518 25.3141 12.6503 3.06754
519 22.7819 10.9982 2.09441
520 29.8727 2.64068 -0.785476
521 33.3483 37.0087 3.94724
522 17.2609 21.3854 -1.80952
523 8.60968 19.9676 0.0209133
524 35.6973 24.3905 3.15441
525 7.60814 16.8238 0.789952
526 2.06647 19.1353 -3.26101
527 16.7102 8.42816 -1.00919
528 22.7075 4.33166 -1.07821
529 31.0605 38.3804 -0.241388
530 4.06074 8.32919 3.4959
531 30.7153 8.33592 -2.02693
532 18.5424 37.8309 -1.80794
533 18.9626 24.742 -3.38203
534 18.2908 21.566 -0.508459
535 11.5479 7.50591 2.66469
536 33.1971 13.4023 0.32427
537 38.9073 16.3715 1.10672
538 37.3617 37.0629 -1.34966
539 3.12139 2.98635 1.77819
540 36.1315 19.1676 1.77927
541 24.9088 21.0325 -1.20423
542 38.998 29.8869 -1.49994
543 7.7395 16.9247 0.893812
544 4.48594 36.3025 -0.451143
545 13.8632 26.9526 -3.72011
546 38.5741 36.0684 2.68714
547 4.74635 16.2218 -2.00923
548 38.3018 1.5965 0.312267
549 6.47215 24.6095 0.780624
550 5.50849 31.7242 -0.0397057
551 21.0389 21.7044 -0.205612
552 38.9967 13.7884 -3.0353
553 14.7674 28.2028 3.44766
554 13.5174 14.6606 1.537
555 29.7791 14.4761 -0.204969
556 30.3753 21.0633 -3.85061
557 3.66844 28.7666 0.0153413
558 28.0141 0.655508 0.517853
559 25.2869 33.2526 -1.88451
560 30.4487 15.6933 0.182514
561 13.7211 27.6407 -1.5668
562 6.11632 26.8591 -1.89756
563 39.8481 17.6075 -1.80241
564 16.8617 18.7683 -1.71082
565 37.5615 16.6086 1.29741
566 18.3132 39.6363 -0.243694
567 24.5085 12.485 1.47381
568 36.0435 9.59692 3.10622
569 1.65101 19.1896 -4.32777
570 3.03847 21.2789 -2.36244
571 24.1186 12.3349 2.59651
572 1.29971 35.3051 2.13249
573 16.7365 39.3666 1.52595
574 4.35494 19.6661 -3.66331
575 21.3431 18.1893 3.48685
576 4.61597 3.09295 -1.4894
577 24.9238 33.6467 -0.644527
578 3.15982 37.2172 -1.19434
579 6.13932 5.72663 -4.81685
580 11.1158 1.72964 -1.01253
581 3.24214 31.6704 3.82196
582 20.9805 26.953 1.44512
583 24.2253 36.7635 0.701091
584 33.9233 13.9665 0.194095
585 5.17504 13.4286 3.55363
586 26.936 21.6464 -0.101072
587 32.4079 33.0731 -1.29417
588 18.1307 34.0286 -3.15917
589 21.2571 26.6546 -1.33093
590 8.5453 7.12808 -1.39664
591 6.74884 25.8014 -1.01709
592 32.0597 30.0777 3.93974
593 15.6958 28.1177 3.51093
594 12.1156 4.48497 0.46422
595 16.0206 26.9719 0.970041
596 34.8248 39.0643 -0.111473
597 26.0625 12.2593 0.934009
598 31.536 9.67574 -0.553316
599 17.9495 39.6181 -1.80132
600 3.90387 0.688052 -1.18523
601 23.4667 35.1939 -0.315045
602 0.499874 17.7474 -1.694
603 20.6453 17.3812 1.49702
604 0.313432 20.3956 1.43245
605 4.92461 37.0948 2.32422
606 1.28514 28.6677 -3.56417
607 6.69171 10.7718 -1.11101
608 4.22877 35.6068 -2.41221
609 22.7578 38.1752 2.53057
610 34.7681 31.1043 -2.06848
611 36.2231 19.4029 2.15374
612 21.7868 6.74182 -1.34647
613 27.0065 11.4842 2.32781
614 7.30602 10.6353 -0.758852
615 29.0328 9.51271 0.0540837
616 29.6041 15.9852 2.21729
617 24.5473 30.9554 2.57666
618 27.9326 0.927625 0.768456
619 23.7178 36.1985 -0.625928
620 34.1463 33.5633 3.79783
621 37.0845 13.6115 -0.44325
622 10.7679 32.7948 1.63384
623 24.1827 11.5671 1.42049
624 0.607556 39.6644 0.443131
625 22.5468 9.15891 0.495638
626 6.89562 32.2963 -1.74172
627 6.41988 32.8092 -2.79035
628 28.9071 8.72328 -0.645249
629 27.2969 3.16741 0.676853
630 30.1879 27.5937 0.500848
631 29.5129 36.2651 3.16229
632 32.3053 32.0544 -4.40746
633 29.7904 26.1477 2.57107
634 0.69708 35.1478 2.01059
635 26.5303 25.6882 0.694899
636 23.8392 6.69247 -2.38924
637 37.8475 20.8674 2.07867
638 38.0282 26.2178 3.46511
639 25.9947 11.092 -3.85081
640 7.74144 14.2769 0.091236
641 21.6371 36.7006 -1.92532
642 12.5287 0.245338 0.995195
643 20.7046 29.2978 2.70597
644 17.2235 4.01249 1.30366
645 7.37448 8.61421 -2.01267
646 11.8587 10.1799 -2.81428
647 13.429 15.0653 0.824601
648 27.6461 38.1968 -0.467711
649 18.8661 32.7026 -1.01378
650 32.1111 6.67463 -0.698338
651 29.9121 20.152 -1.18955
652 1.38945 37.5811 -0.20315
653 11.2845 0.71824 -0.18713
654 23.5518 12.2658 0.839193
655 36.7664 37.5209 0.078533
656 13.9943 12.6692 -1.4053
657 27.3656 7.94786 0.249393
658 5.30437 27.1048 -0.349664
659 26.6656 39.3442 0.871853
660 27.7538 16.1936 0.694537
661 35.4786 19.9314 0.320858
662 25.2299 33.895 0.223043
663 16.375 11.9972 1.46155
664 29.9193 17.2436 -2.7362
665 33.1709 1.25937 2.43454
666 36.508 4.01958 -1.60399
667 2.29826 32.7542 -0.242523
668 1.24889 36.9363 0.049869
669 10.947 27.8262 1.06945
670 36.8016 28.4536 -1.47321
671 17.7695 39.2998 0.331927
672 8.53815 24.1352 0.707022
673 37.6224 4.68922 4.48362
674 17.3606 20.8066 -0.214703
675 29.3985 19.4054 1.38379
676 29.4196 39.0929 4.11833
677 35.4478 8.79844 -4.0532
678 23.6781 39.4039 2.19482
679 21.4541 13.1993 1.54181
680 8.79114 23.9886 1.34137
681 15.4824 38.9798 -1.98785
682 29.5303 2.07073 -0.114684
683 31.7341 14.4785 1.8913
684 4.41578 30.2024 -1.16841
685 20.8788 26.3405 -0.693018
686 1.4885 2.44327 1.19439
687 28.9441 8.5899 -0.813597
688 0.00894709 1.65385 -1.29965
689 14.4703 37.193 -1.75689
690 14.7638 26.8053 -1.70433
691 10.8025 33.2391 1.97929
692 24.0321 12.8657 2.02463
693 38.4774 19.0409 0.73909
694 26.9101 29.0943 3.50862
695 14.9659 33.2288 0.0605209
696 33.6972 25.9809 0.75256
697 22.2309 10.4034 0.593165
698 37.4078 9.56855 -2.59274
699 22.5296 22.8275 -0.790837
700 5.34172 39.7279 0.13043
701 31.5555 6.20433 -0.88371
702 5.66911 1.45802 0.532178
703 24.756 16.0467 1.52414
704 28.8926 25.35 1.19813
705 3.26916 0.634642 -2.07312
706 0.663648 37.4807 -1.49967
707 16.7565 9.22361 -2.50024
708 27.3703 17.4249 -2.6013
709 21.5754 1.73351 1.51412
710 18.392 27.9405 -2.01281
711 33.4801 33.5472 2.59153
712 28.885 13.5541 -0.516246
713 3.34541 8.68827 0.842889
714 18.535 25.3294 -3.59943
715 35.9069 0.799378 1.47717
716 25.3533 37.4662 -0.640371
717 16.4933 27.1873 1.96225
718 12.026 27.5405 3.1995
719 10.0846 32.9157 2.39533
720 20.2888 32.1945 -4.85045
721 30.7729 38.6029 -2.69369
722 5.6536 1.85864 -0.358258
723 15.3964 3.22341 0.226219
724 9.27794 3.06564 -1.86276
725 29.477 10.1724 -0.512292
726 8.68584 28.1571 1.39525
727 1.3998 29.1082 3.15607
728 38.0688 8.48697 -1.39134
729 21.4557 2.64766 -2.08632
730 24.9191 19.1762 1.85634
731 28.6092 17.1308 3.85007
732 18.014 35.9482 0.000628388
733 37.4256 30.4836 -0.727517
734 25.039 16.7999 -1.05927
735 16.402 19.527 -3.98966
736 21.3894 23.2344 0.950666
737 37.3313 31.0321 -2.65232
738 14.4753 5.71607 0.157213
739 11.836 31.3942 0.111022
740 27.242 21.0697 -1.62758
741 1.84586 32.4303 3.59621
742 21.1944 14.1211 -0.794644
743 18.1741 21.9936 -0.0747123
744 32.0276 32.2441 -3.43661
745 11.7544 25.4205 -1.77161
746 19.8222 20.0248 -1.28044
747 14.5745 26.3456 -2.55981
748 16.3662 29.4591 -1.42687
749 3.31895 3.147 1.58298
750 7.72848 36.0518 -2.02803
751 9.70972 36.5711 -1.14643
752 1.50378 15.1463 -1.92705
753 6.65691 24.9588 0.190268
754 37.1326 12.301 1.35763
755 23.7404 9.48973 0.361615
756 30.0541 8.89426 -0.55534
757 20.9521 19.1802 -2.24365
758 33.8958 34.0268 3.13407
759 7.10487 31.1557 -3.77652
760 29.1759 35.3125 -1.14621
761 17.0771 12.372 1.63523
762 22.0342 29.2855 -0.242872
763 21.1334 5.6229 4.28204
764 25.4985 9.9719 1.38817
765 26.0583 23.2128 0.123528
766 12.94 14.7692 -0.294251
767 34.5482 15.225 1.33171
768 7.45152 9.87151 1.11356
769 23.812 30.3217 0.531349
770 11.1487 24.8401 -3.68468
771 0.654986 18.7571 -4.2905
772 14.3432 31.3059 2.39285
773 30.4196 30.3831 -2.62352
774 1.01728 1.51292 -1.21033
775 22.695 15.447 -0.0519763
776 7.6149 22.9841 0.605594
777 36.5615 18.917 1.67769
778 26.3177 24.5773 -0.23657
779 28.1301 36.7668 -2.75382
780 38.9995 4.84805 2.34922
781 29.2324 39.8472 2.01858
782 11.6137 5.41511 1.41422
783 22.4046 11.1385 -0.892427
784 28.8096 39.7359 4.41281
785 21.9972 25.4427 1.42698
786 8.3204 25.1802 -1.18653
787 26.7681 6.02849 4.22102
788 0.527032 28.7331 -4.18759
789 38.1961 17.2652 0.574852
790 5.92236 35.6422 2.10314
791 21.7655 16.7735 3.26188
792 6.13175 30.2949 -1.02238
793 16.959 39.6697 -1.46523
794 19.5717 19.2925 -0.851054
795 8.78705 14.7314 0.775559
796 16.3683 26.7903 0.910792
797 6.35917 34.6 -0.133063
798 23.206 7.03321 3.25012
799 18.4231 33.5259 -4.20044
800 32.8428 8.16109 3.89474
801 24.5868 11.7586 1.05245
802 32.9512 10.5401 1.98956
803 7.05637 36.824 -3.69159
804 39.079 14.1682 -1.65971
805 33.5284 22.8061 -2.56298
806 7.26373 21.9414 1.81359
807 31.209 4.40905 2.64875
808 26.4278 25.5488 -2.77693
809 14.7487 15.7791 0.482816
810 16.7443 39.0474 -1.83226
811 11.302 26.4792 1.16545
812 14.8238 38.5521 0.442091
813 34.5609 3.1519 -2.61273
814 27.8396 32.1434 2.24459
815 29.5309 15.9244 1.78622
816 8.04611 32.1208 1.14174
817 11.5561 32.9887 1.87675
818 11.6598 10.8082 -4.02754
819 27.2991 38.4494 -0.0757219
820 38.0598 39.9382 -2.09294
821 16.9467 10.819 1.94581
822 8.8951 10.0894 -1.54699
823 39.5571 2.71962 -3.22161
824 38.2795 10.3081 0.928521
825 35.0953 26.5433 -1.26512
826 6.50543 11.3615 -1.02839
827 34.0145 12.1723 2.21961
828 23.919 10.4336 1.62163
829 13.6013 0.667106 1.41574
830 13.1166 25.0903 -4.13748
831 13.4848 35.0286 3.5392
832 34.1951 25.4028 1.51661
833 15.5028 26.57 -4.23821
834 16.8145 4.95824 1.48487
835 4.88947 32.8894 0.740877
836 17.0999 38.8267 -0.536168
837 38.0647 31.0582 -1.51727
838 29.8681 9.62463 -0.844249
839 35.7146 23.4925 3.08473
840 25.3358 20.7719 -1.07563
841 26.5103 38.5816 -2.52959
842 24.9452 34.176 -2.09609
843 14.1253 1.07893 -0.192022
844 8.25868 15.0074 0.401308
845 1.38152 28.4067 -2.08105
846 15.8314 37.3899 0.98923
847 0.545885 23.9417 0.41497
848 24.8686 11.628 0.967532
849 7.23365 20.3325 0.250559
850 1.72152 1.05235 -1.25961
851 35.2655 39.4404 -0.361937
852 26.7965 29.1154 3.40853
853 31.5706 26.9239 -2.86794
854 2.07019 35.5827 1.07559
855 16.993 2.21003 1.2525
856 18.6048 29.5417 3.1284
857 6.48585 18.0629 0.748962
858 36.514 25.2756 1.79326
859 18.195 0.213728 0.994095
860 28.1536 24.5759 0.349989
861 0.765186 15.8496 4.70125
862 2.89344 36.5358 0.425893
863 14.7988 21.4191 -2.89673
864 27.3479 13.0588 -1.26447
865 28.122 25.1739 -0.656761
866 28.8955 39.3456 -1.46811
867 12.8643 0.968438 0.341614
868 33.9717 24.1526 2.14306
869 33.2041 12.6816 1.27703
870 4.2943 38.0691 0.226923
871 21.217 20.2195 -1.08983
872 32.4033 21.6971 -1.90947
873 16.9943 16.6028 0.490729
874 36.5023 8.19785 2.00843
875 3.56105 9.81742 -0.183132
876 0.388783 5.37473 1.61048
877 36.0691 39.7995 1.67026
878 1.6103 2.226 2.10183
879 3.96698 34.8216 -1.66389
880 39.7439 23.7553 3.13345
881 12.2382 21.1811 1.38735
882 18.2025 4.72814 -1.13138
883 3.15535 23.4387 -0.256787
884 14.5813 18.7179 -4.5071
885 6.13256 14.4164 -0.050492
886 14.592 29.9446 1.06193
887 34.8481 16.1996 -2.98817
888 35.3576 34.7318 2.01589
889 5.90888 15.5145 -1.18216
890 23.9388 13.3267 -2.85295
891 22.9604 17.0554 -4.5592
892 31.7175 6.65498 -0.910119
893 28.7326 26.7538 1.61352
894 33.9132 37.1746 3.38266
895 30.9547 17.9243 2.32741
896 14.9517 39.2593 0.358948
897 7.1599 7.25847 -1.95442
898 20.1043 15.874 1.66611
899 8.55785 32.0942 3.64331
900 15.2806 9.40166 0.340723
901 2.12425 37.6404 -2.6106
902 1.61371 33.4979 1.59262
903 4.16527 29.5266 0.974695
904 16.7646 1.98121 2.01379
905 18.6036 28.602 4.55918
906 26.4485 24.6036 0.554862
907 26.0848 26.5004 -2.83074
908 28.8341 38.8531 -3.79566
909 21.2557 6.60652 -2.25726
910 32.4862 14.8432 1.89514
911 30.8384 22.6159 1.90502
912 20.7213 22.9484 -0.934268
913 2.65225 22.7111 -0.56438
914 8.2679 24.8375 -3.66639
915 31.1283 38.5854 0.709225
916 24.728 22.0806 -0.208867
917 3.24078 30.543 1.77904
918 2.81687 38.6201 0.687781
919 30.8228 15.6826 1.82603
920 2.11582 19.5909 -2.26014
921 35.8316 21.3941 -0.226142
922 22.7733 12.7568 0.177494
923 9.54837 26.1886 0.0486757
924 25.4506 38.7365 -1.91825
925 17.9346 4.09355 -0.975402
926 23.2437 0.414731 1.19463
927 5.83742 32.8692 -1.6401
928 36.3571 0.536978 -0.0863418
929 38.5303 33.8839 -1.18989
930 15.5052 9.05566 1.50997
931 21.669 15.6044 -1.21715
932 12.7797 28.0022 -3.44372
933 12.7835 7.98831 3.06404
934 26.5467 29.9138 2.48767
935 0.03237 3.91779 -0.192831
936 4.6471 24.6717 0.024474
937 7.33251 38.8954 -1.28039
938 16.7617 22.2055 1.21798
939 24.8554 9.96445 -0.266456
940 14.7283 23.066 -0.32958
941 21.3056 21.4595 -1.74197
942 5.04909 12.0604 0.693927
943 11.5159 5.07959 1.6414
944 37.8723 24.8651 1.74396
945 7.18392 1.38656 -4.08111
946 18.7492 21.9421 0.558169
947 23.9753 5.98395 3.30463
948 9.16922 32.6969 1.17167
949 10.2625 5.16204 -0.290048
950 32.5717 25.962 4.243
951 23.7061 10.8755 1.96343
952 14.6692 14.0043 4.44988
953 36.3967 9.07858 0.996487
954 2.49491 36.6853 -2.81718
955 0.421437 11.5561 -2.05968
956 34.9626 7.5482 -4.25678
957 30.4553 14.4847 1.43033
958 2.41858 30.1949 1.58828
959 27.0554 30.7144 -0.150349
960 11.2098 5.55056 0.689665
961 1.13012 34.9188 2.27755
962 14.6392 33.8071 0.120301
963 12.2947 25.2623 -2.47946
964 5.83467 11.9553 -0.340805
965 39.3847 29.8857 -0.544986
966 16.1291 22.2775 -1.25742
967 27.258 37.2952 -0.637851
968 33.9562 30.3845 -3.01198
969 13.5847 0.0322703 -2.52945
970 26.7084 37.8497 -1.02636
971 1.49771 8.91999 -0.000414418
972 5.47153 23.0123 -1.48457
973 9.60427 19.6984 -0.00889206
974 29.3066 16.1863 -0.523864
975 11.3981 27.3342 2.01645
976 6.21892 2.38461 -1.74241
977 6.11577 1.16644 -0.916789
978 15.5849 26.1678 1.69799
979 3.85708 34.6627 -1.84795
980 0.180365 15.0689 4.12135
981 3.2071 5.94608 -0.077282
982 3.12447 2.96931 3.49775
983 23.1149 13.4598 -2.62961
984 9.69119 33.403 -4.6736
985 5.11869 22.3839 -0.424056
986 26.596 16.6136 -1.81688
987 12.3853 6.7675 0.898075
988 2.12161 37.4464 -0.111412
989 16.2058 27.7862 2.33007
990 27.1167 23.0682 -2.1272
991 14.8728 25.3554 1.05166
992 0.752829 14.2903 -3.16718
993 5.8028 21.6324 3.92075
994 29.6696 20.7525 -1.55831
995 8.73875 23.6498 1.73206
996 32.3039 16.5536 0.449428
997 37.6437 9.40944 -1.35323
998 36.8726 1.3443 -2.69751
999 31.6813 29.9059 3.81144
