1000
Particles
0 4.18949 29.4863 -1.3244
1 31.0855 29.99 3.7641
2 15.8637 6.27129 -0.370659
3 8.23362 35.9392 0.328995
4 20.1143 21.3415 2.80176
5 16.6889 11.88 1.99213
6 29.5466 37.5237 4.05288
7 33.3405 22.997 2.13078
8 10.5146 19.6666 -0.233139
9 39.9091 19.5525 1.05033
10 21.7978 0.568499 2.48085
11 7.32199 29.6403 0.144938
12 30.2811 32.2319 -4.23441
13 12.2919 3.45018 -0.184218
14 30.7457 29.1158 -2.66469
15 17.2188 27.2253 2.02998
16 24.9527 31.4824 0.558803
17 34.5664 19.5858 1.58156
18 32.6673 18.2128 2.44944
19 16.2514 27.0611 1.1828
20 0.396066 7.79038 2.57776
21 37.8054 4.47655 -4.04916
22 7.81831 9.11069 -0.619686
23 35.8478 21.7769 1.39331
24 34.9168 12.122 1.06482
25 1.72715 30.1238 0.728881
26 19.2248 31.9521 -3.15467
27 12.6261 10.9829 -3.05235
28 9.18015 30.1098 -2.09117
29 31.7616 0.534588 2.20606
30 12.9422 16.7029 -3.62933
31 10.6821 12.8345 0.00604468
32 26.8628 5.01389 -0.967474
33 12.2817 34.3927 -1.54729
34 28.325 29.0167 -1.79564
35 22.9435 11.4284 0.359774
36 13.2457 2.80454 0.221905
37 36.3235 29.2018 1.65601
38 29.8554 0.452885 2.65315
39 38.1007 20.8086 1.80268
40 0.737058 33.9843 -2.42266
41 11.944 13.9935 -1.04901
42 38.0552 20.8011 0.25257
43 20.6877 27.5249 -3.23774
44 24.9585 27.7404 4.27859
45 7.9944 21.886 3.1838
46 39.9401 6.58777 0.648063
47 25.7158 11.6673 1.93498
48 5.29007 34.2784 4.70159
49 8.73777 34.604 -0.114349
50 3.37898 34.1072 -0.455265
51 26.8517 1.90799 1.55524
52 28.9575 10.1459 -0.255049
53 15.8362 3.79612 0.442825
54 26.0609 19.8002 2.48587
55 5.7144 15.7434 -3.67242
56 17.1048 13.5325 1.42363
57 11.9051 32.6695 -2.04636
58 30.0792 22.3635 1.70221
59 5.41229 32.8412 4.00661
60 9.11881 22.1457 1.6601
61 14.8808 33.6146 0.905741
62 1.38553 4.45233 -2.00816
63 7.43833 14.4862 -0.645545
64 30.6104 27.2212 2.09296
65 5.09836 38.0491 -2.73737
66 1.53698 18.8188 -0.755167
67 28.6522 22.6126 -3.21976
68 2.74309 6.16983 -3.66949
69 16.3415 36.109 -1.80623
70 12.3037 5.12782 -2.98833
71 21.3336 16.0199 -1.44306
72 4.55378 9.69263 2.14597
73 22.4672 26.5283 0.969016
74 7.99517 9.23277 0.524213
75 31.5862 35.5277 1.1785
76 28.5961 9.01311 -0.37979
77 6.60177 26.3183 -0.0087804
78 6.13291 37.4418 -2.39986
79 0.348596 36.0955 2.3388
80 32.6893 15.0472 -0.00443874
81 7.69241 36.3085 0.782099
82 15.1955 11.6945 -2.25284
83 14.4016 29.7592 -1.18927
84 26.5531 7.58617 1.31196
85 3.19171 19.4307 -0.209024
86 20.1948 13.3852 1.49569
87 24.8378 31.995 -0.288756
88 6.18007 39.4547 -1.02988
89 8.90059 0.623994 -0.398073
90 0.989171 33.7003 -2.40088
91 26.9665 16.36 1.25003
92 21.035 31.3055 0.946218
93 9.72577 1.6816 -2.02922
94 18.2775 24.8307 1.29303
95 16.5424 1.98335 -1.47859
96 9.10091 33.991 -1.3124
97 13.3344 39.4231 -0.587132
98 2.33216 21.4102 -1.6195
99 11.1024 7.99568 -1.3168
100 31.4916 21.1571 1.78744
101 23.528 26.2642 1.47872
102 22.1666 36.9525 1.27249
103 14.8925 37.5895 -0.976931
104 23.4592 6.48932 -0.79228
105 10.658 38.7564 3.95206
106 36.7828 19.4792 0.590246
107 21.8743 21.535 0.227106
108 35.8499 21.8391 0.743644
109 38.903 33.9719 2.90916
110 3.22151 33.4917 -2.91377
111 34.0189 33.6773 -4.25303
112 33.3506 1.5928 0.636589
113 34.2564 33.8533 2.23271
114 30.5862 23.4426 -1.88415
115 27.0671 19.9597 0.458821
116 20.2731 31.7003 -0.585147
117 31.5466 30.4638 0.988162
118 22.5731 8.01503 4.29831
119 31.4011 11.1902 -3.8638
120 22.8695 27.743 -0.233992
121 21.9358 15.5599 0.339146
122 34.193 26.6839 2.60213
123 5.07439 26.532 1.22978
124 10.431 39.1028 2.22877
125 24.3131 39.9485 3.5264
126 32.7484 34.0333 -0.534385
127 36.3509 4.15646 -2.05273
128 32.6386 2.1081 3.44472
129 6.86935 16.9834 -1.4683
130 25.1571 9.7688 2.2356
131 23.5445 27.4656 1.31047
132 17.6424 39.3819 1.02749
133 39.6193 37.0867 -1.36447
134 11.8798 34.6752 -4.12825
135 14.68 0.279185 4.25932
136 23.7225 6.88375 -1.08522
137 22.4949 22.5261 1.85642
138 6.26158 17.3084 -1.87812
139 16.5748 36.8885 -0.951829
140 30.3926 0.95803 3.03972
141 26.7476 1.30601 0.329329
142 19.1038 13.8132 -1.59182
143 14.9163 20.5947 0.912517
144 2.59911 32.3088 -1.90431
145 25.2242 25.5482 0.475316
146 29.1662 13.5149 1.27685
147 37.2606 35.1285 3.43408
148 32.5982 7.99772 -1.79183
149 10.8438 12.0318 0.675044
150 12.2162 29.1052 -0.378899
151 30.4507 4.69196 1.53203
152 14.8019 14.3934 0.781808
153 18.0285 6.9948 3.42452
154 26.5713 38.5595 1.47023
155 38.2808 28.9347 2.09881
156 38.369 24.0317 -1.12412
157 14.4059 4.57305 -1.08996
158 12.0496 39.8502 1.7044
159 23.2416 31.9894 0.327643
160 6.10654 16.5836 -0.284295
161 12.9162 27.2097 -0.445744
162 26.0623 27.013 1.90481
163 10.6978 11.2936 0.707633
164 18.2317 9.20967 2.09255
165 31.2217 8.7378 -1.23609
166 36.7449 3.70498 2.31088
167 8.27568 34.9158 -1.04811
168 34.8576 23.9066 -0.716384
169 2.48764 3.58588 -0.883205
170 34.7715 35.3729 2.96508
171 25.1195 31.4607 -2.32421
172 5.03242 19.2418 0.313631
173 27.9869 30.0207 0.377709
174 22.8755 9.99316 2.29579
175 1.68835 7.33542 0.976086
176 21.3289 21.0295 -0.198107
177 12.8579 1.52259 -3.24713
178 30.6539 23.8433 -0.638688
179 20.7979 14.5045 1.2756
180 13.5058 3.92185 1.03566
181 10.1319 28.243 0.0632002
182 13.8557 24.1894 -0.200237
183 0.561809 16.4446 0.479868
184 0.659608 38.2524 -1.49353
185 5.49208 8.95375 -0.608207
186 22.4332 34.091 -2.88586
187 0.58843 7.72895 0.559764
188 15.4094 13.038 -1.35113
189 7.09576 22.6574 -0.224555
190 22.2434 18.003 2.45668
191 13.4765 34.0768 1.26417
192 35.3151 1.93597 1.26611
193 22.0483 27.4172 -0.145313
194 19.3575 19.6849 -0.0850861
195 6.83039 16.8421 -0.823986
196 30.8331 0.273531 0.0641708
197 10.6843 34.1667 -0.0495406
198 31.4646 19.6104 -0.681473
199 19.2344 12.2744 -1.35205
200 37.2567 39.4432 -0.0335735
201 1.97745 15.2744 -0.911393
202 12.1508 21.3121 -3.6578
203 21.7326 18.1828 2.97884
204 33.7278 32.4211 0.174454
205 4.21789 30.5738 0.755543
206 11.9659 2.13538 -3.79086
207 38.4818 1.87268 -0.061206
208 33.6719 18.4582 -1.45136
209 8.5473 39.9367 -2.20371
210 19.9558 20.6911 1.4543
211 36.9628 19.6044 1.22868
212 32.6357 34.7614 -2.28787
213 39.0356 4.48042 0.26241
214 26.3885 20.1681 0.48187
215 1.07215 15.9717 -0.774597
216 34.6666 27.2656 1.58806
217 9.45025 8.99794 1.6723
218 11.5238 12.7068 -2.38225
219 24.0779 39.6458 2.39612
220 12.221 2.81912 -0.100786
221 22.9848 16.2957 1.97867
222 38.4922 33.0842 2.8222
223 18.4944 28.4863 -1.23191
224 4.36596 27.213 3.02608
225 34.783 5.84027 1.23492
226 28.025 14.7814 2.78687
227 6.52987 7.96568 1.72632
228 12.7971 1.9076 -0.402264
229 38.3488 21.6616 1.46607
230 35.4229 0.557693 0.574345
231 18.0332 30.8125 1.23654
232 32.5009 35.7339 -1.49622
233 32.889 8.31719 -3.67155
234 1.31774 7.73422 1.63442
235 39.3476 13.275 -0.266276
236 21.6047 3.80307 -0.220568
237 15.5707 23.8427 -0.0452814
238 11.3042 9.62863 -2.13204
239 32.6677 17.5811 -0.476233
240 14.5254 15.4527 -0.458222
241 2.50158 25.6006 -1.03917
242 33.4629 38.2714 -4.22795
243 31.4799 36.8906 1.90112
244 7.70218 8.38842 -0.52481
245 17.1041 36.4088 -2.73926
246 29.3834 2.26833 -2.4792
247 38.9129 37.0161 -1.42946
248 5.45048 25.9645 -1.57742
249 8.40842 0.512264 -1.50153
250 21.5984 6.24025 -3.11186
251 32.368 2.5458 3.41011
252 27.81 20.0977 3.03368
253 32.2911 14.8268 1.53474
254 8.60039 35.8546 1.01926
255 29.4437 24.2219 -1.71148
256 6.0897 0.655866 1.25009
257 29.3865 18.758 1.52302
258 27.1697 5.74128 0.745021
259 34.9615 15.8468 -2.23187
260 2.40545 4.57071 0.804667
261 32.4096 23.8981 -0.142314
262 30.922 0.471174 1.51624
263 5.5412 37.8813 -1.64726
264 11.4237 21.8408 -2.96956
265 39.8716 29.5104 -1.45868
266 37.1074 14.5432 -3.57503
267 10.8324 20.7252 -0.185419
268 13.9745 15.8526 -1.66339
269 31.5445 0.341531 -0.201011
270 34.1759 10.8412 -0.576653
271 35.2919 10.7527 1.754
272 21.9497 19.7525 1.4352
273 32.3345 35.7249 -3.37341
274 14.4628 38.3311 -2.31284
275 13.8157 29.7613 -4.40418
276 33.5457 20.4092 -0.96986
277 6.08525 17.5921 -0.657474
278 4.28201 12.6593 1.9551
279 17.2708 32.3934 -4.09184
280 5.02126 27.0029 2.72614
281 24.5143 20.5688 1.38493
282 9.12826 17.293 2.12314
283 23.4612 39.8906 2.08011
284 33.4686 20.9376 1.71919
285 4.61632 30.3015 -0.759812
286 37.0678 4.08454 -0.856394
287 19.857 14.2509 -1.00095
288 39.9612 39.099 -3.73589
289 11.228 33.3165 -2.5346
290 31.465 27.6778 -0.772901
291 14.2249 38.6628 -1.39269
292 32.1917 20.9843 2.52108
293 14.9003 5.71373 3.08895
294 25.4441 25.6335 -2.29875
295 16.1684 14.5661 1.44035
296 23.5864 27.562 1.00734
297 39.5664 34.6621 1.57859
298 18.7616 1.84639 -0.35529
299 18.7566 29.987 0.559864
300 21.8863 16.5222 -0.0616534
301 26.018 27.9632 1.96276
302 23.5054 36.1389 -0.404928
303 39.6244 15.8451 -1.10413
304 8.82584 34.6538 -1.33671
305 0.597153 18.4493 -0.41746
306 24.2508 14.4787 -1.89192
307 13.2456 20.1335 -1.76639
308 4.29792 26.0036 1.96864
309 19.9231 35.2139 1.86647
310 17.8691 22.834 -1.80183
311 22.3103 20.7236 -1.26357
312 38.4975 29.9574 1.31951
313 25.0422 5.66915 3.49089
314 18.5006 1.01006 1.22297
315 8.60183 38.0466 0.442105
316 34.3439 37.3771 -1.05637
317 18.8593 28.2075 -0.648517
318 26.2983 31.6052 -0.727542
319 9.65288 10.8594 -0.308076
320 8.20208 18.8318 -3.66051
321 24.3333 8.90625 -0.475477
322 39.716 35.9555 1.39077
323 3.31265 35.9396 1.00184
324 24.8341 19.7728 -0.49036
325 16.354 27.9412 1.63827
326 12.2903 12.5933 -1.05361
327 13.3978 35.3092 -1.29868
328 15.5521 35.328 -3.49629
329 10.846 19.4034 -0.552853
330 34.5675 15.4654 1.51514
331 25.7416 4.33871 0.505489
332 36.5106 2.72401 -0.177435
333 33.8498 22.3713 1.16438
334 14.0232 9.55922 -1.7564
335 4.43256 37.7622 -2.50013
336 19.8664 8.25813 -4.36687
337 9.23026 20.0517 -2.34965
338 21.7082 19.6542 0.0161331
339 37.0839 33.0624 -3.01501
340 15.7214 18.2164 -2.251
341 28.5661 28.1579 -1.00645
342 14.8192 14.1093 1.98915
343 7.77859 15.1308 0.163229
344 11.9228 3.14955 0.160595
345 38.5473 32.0567 1.56555
346 19.2267 14.6533 -2.13781
347 8.7547 37.1372 0.585802
348 10.1604 19.4808 -1.71723
349 16.1711 21.1334 -1.92092
350 12.9983 13.4716 1.72452
351 38.4829 24.4325 -0.481242
352 27.8429 26.9632 4.0903
353 21.7819 16.4977 0.805279
354 4.96857 37.9252 -1.46573
355 17.6411 18.5707 1.06204
356 39.0747 1.4005 0.29761
357 12.8068 14.7054 -1.72045
358 12.4916 14.4317 -1.9549
359 24.9309 28.4509 2.75705
360 30.6367 23.0702 -3.03776
361 30.608 32.6895 0.261526
362 35.4289 26.5321 2.48762
363 34.4438 9.75815 0.734018
364 10.9685 9.24767 -2.70676
365 2.69045 34.2303 -1.02142
366 10.2626 1.65404 -0.811131
367 10.1195 38.8153 2.85045
368 19.2629 13.1502 -2.35578
369 12.172 9.6226 -1.97851
370 19.7039 29.7648 -2.07936
371 26.6233 19.4655 1.67657
372 23.2154 27.9369 -0.477573
373 19.0735 15.297 -3.34016
374 9.37094 8.41432 -0.702194
375 9.78109 11.8743 -1.6971
376 39.85 32.3561 1.53383
377 36.7985 4.2102 -2.65857
378 13.6329 5.3243 -0.749678
379 3.80531 33.1989 -1.18925
380 33.7876 31.9464 -0.321311
381 13.5649 35.7898 -1.86327
382 2.44436 15.9758 1.41189
383 22.3819 34.6813 -1.24545
384 30.9892 9.47818 1.80758
385 19.6856 29.2348 1.46495
386 26.9283 9.19073 0.688206
387 34.911 38.0704 -0.644317
388 31.4059 31.1989 3.43057
389 13.3409 4.827 2.25238
390 27.7327 10.9862 1.79638
391 6.4713 15.7555 -2.18878
392 22.6461 16.8735 2.3816
393 17.9134 39.2242 0.793997
394 26.6524 8.19188 1.6477
395 37.885 14.9503 -4.09557
396 10.1901 37.8226 0.768878
397 5.47151 14.5455 0.226182
398 32.6414 36.4939 -2.10202
399 31.4573 12.5607 0.397715
400 2.12106 0.873566 -3.14571
401 29.7342 27.3223 -0.487822
402 32.5098 9.00928 -0.432673
403 4.02797 28.0962 2.49705
404 24.4881 31.1084 0.760267
405 0.842773 22.4661 -4.3124
406 19.2145 10.0624 -1.32653
407 35.3407 11.4805 1.88583
408 11.8748 5.11208 -0.281476
409 28.012 6.44643 4.14512
410 18.9189 25.5622 3.28442
411 19.3471 29.6993 0.820174
412 39.1473 38.0267 -3.14497
413 6.55685 15.791 -0.270051
414 9.94332 6.29976 0.753618
415 10.8251 22.6609 -3.42692
416 9.48311 32.2062 1.39976
417 0.762339 39.564 -3.4214
418 27.1894 23.2249 -2.5157
419 19.8627 13.8103 2.15207
420 26.6375 2.64359 0.786815
421 4.96699 13.6208 -1.59776
422 11.057 16.1942 1.41434
423 37.3885 3.81154 -3.62986
424 23.5301 19.406 -1.53686
425 18.3648 7.60504 1.16284
426 11.7748 19.7052 -2.50495
427 21.5207 26.1539 -2.21305
428 9.62064 7.08886 2.12651
429 38.817 6.13716 1.68368
430 10.3817 15.7628 2.96678
431 8.47664 9.89334 1.16628
432 15.3627 33.7631 -0.553278
433 24.0119 24.1963 0.173491
434 16.0477 20.4685 -4.12485
435 38.0492 34.0905 1.38679
436 0.0663151 31.0769 4.56185
437 10.8584 1.86389 -3.60223
438 2.02385 33.207 -2.32391
439 36.1513 19.4036 0.743465
440 21.5607 6.85453 -1.31148
441 13.7397 39.2725 1.10661
442 12.6849 12.9576 -2.22914
443 21.4537 20.2815 1.34742
444 16.2606 20.4975 -1.86341
445 13.0345 22.7346 1.94899
446 17.7915 7.571 3.28632
447 11.6202 1.55312 -0.602927
448 32.1574 21.1958 2.03817
449 19.6523 15.0026 0.155635
450 0.19455 16.0748 1.78516
451 32.2544 15.4876 1.29643
452 10.9848 13.2234 1.74493
453 8.86643 19.4595 -0.577348
454 34.3761 7.86235 -1.68999
455 29.9761 38.0973 1.39339
456 10.3847 12.2793 -1.7227
457 25.2121 9.45833 0.332091
458 25.2751 19.375 3.17594
459 13.4741 35.868 -2.20681
460 4.35356 36.2382 1.09698
461 7.31617 0.935959 4.19441
462 20.3826 20.6762 1.11042
463 5.78689 33.5139 1.28431
464 30.1733 31.2939 -4.27702
465 23.4796 9.41248 0.598246
466 35.5194 27.1877 1.9304
467 11.4154 33.8004 -1.57271
468 15.0176 34.8919 -1.26362
469 26.6463 37.2446 -0.975581
470 11.0141 17.8411 0.0243105
471 33.6088 26.0505 2.5342
472 14.6222 1.19904 1.40353
473 12.5578 34.674 -1.86244
474 8.77412 38.8746 -0.274977
475 34.6017 1.28645 3.26688
476 12.7159 16.2733 -2.74037
477 9.28429 36.1755 -3.69638
478 28.3448 28.1114 -0.540472
479 0.553064 32.1461 3.72759
480 36.8152 20.4348 0.752201
481 29.1578 2.52651 -2.35963
482 11.4402 33.1093 -1.20833
483 5.27066 35.3723 1.3631
484 19.9731 34.2381 1.23368
485 7.32902 38.5527 3.44719
486 19.5294 27.1853 1.56247
487 30.558 33.2268 -2.34247
488 39.3743 6.75673 2.30344
489 23.8738 0.389481 3.09851
490 5.49576 9.09301 2.57683
491 18.3363 13.8648 -2.04516
492 20.4119 37.748 2.73795
493 3.26904 27.8134 2.4795
494 10.7035 11.3184 -1.33496
495 33.8254 8.16631 -1.43712
496 22.7481 27.4401 -1.89052
497 10.8183 38.5033 2.70733
498 19.9137 15.3412 0.00226352
499 10.6211 16.8491 -2.23962
500 9.50094 10.4283 -0.273837
501 33.3191 9.29174 -1.54171
502 2.75646 3.6032 1.32685
503 22.6427 21.6281 0.684093
504 4.88879 39.525 -0.199228
505 7.97095 9.6074 0.628807
506 28.0221 23.4259 0.157907
507 24.3022 11.8059 -0.305019
508 11.9585 30.1337 -1.43971
509 17.3166 39.7596 2.46886
510 28.5276 9.96511 -0.61167
511 22.1056 33.7591 -1.27626
512 30.9504 23.7085 -2.13088
513 20.1824 21.6281 2.75279
514 4.92155 31.1621 1.28403
515 15.6907 12.9793 -3.08643
516 16.5599 38.4643 -2.75446
517 12.4782 16.0236 0.0850177
518 3.32679 5.41903 -2.16696
519 22.7421 19.9044 0.599274
520 0.874621 0.764875 -0.198356
521 36.5157 36.648 2.19553
522 29.9578 20.8029 -0.678917
523 11.4064 20.5253 0.409361
524 15.9057 25.3484 -0.1103
525 8.29162 13.6864 -1.32429
526 13.5151 26.932 0.526049
527 11.0924 0.156768 0.814196
528 19.6519 6.35187 -2.94378
529 32.0635 37.7146 0.853286
530 31.4629 17.2523 1.98768
531 28.5622 1.75717 2.32011
532 20.6154 36.9665 3.08303
533 10.3017 33.2753 -1.75801
534 9.47848 21.6518 0.541189
535 33.1712 2.26721 2.39825
536 33.8269 16.7539 0.834342
537 4.3489 27.6782 3.83194
538 11.5068 0.41594 1.27146
539 17.7683 11.0071 1.7599
540 34.6657 19.1625 1.57329
541 21.3373 20.6447 0.713117
542 30.7228 31.5786 -1.07069
543 7.01425 16.0273 -2.24101
544 34.2086 34.6042 2.75525
545 9.04282 25.481 -2.26327
546 38.9922 39.2614 0.551172
547 2.36083 9.298 2.51647
548 38.9763 39.3405 2.00847
549 39.9034 31.6638 3.19008
550 2.81146 25.4544 -3.21945
551 26.4249 9.19883 0.763908
552 12.4443 3.01312 0.0585758
553 8.67705 32.1904 4.54494
554 11.8935 5.65378 -1.57813
555 33.4234 8.43611 -0.182911
556 38.1151 17.2234 -3.23672
557 11.1906 13.6533 -0.945138
558 29.3927 0.913102 2.56131
559 32.2866 29.3185 -1.42694
560 33.9742 21.2172 2.15074
561 0.105359 33.8585 -3.1977
562 11.8447 22.9969 0.381478
563 4.55224 12.1476 2.53162
564 10.2603 28.3433 1.18842
565 3.83067 17.4699 -1.86886
566 11.4391 34.989 4.1731
567 25.1384 13.9842 0.227695
568 4.52625 2.73925 0.524006
569 30.8925 29.9282 1.41409
570 0.508847 30.4002 1.6106
571 12.3651 12.6171 -0.0558477
572 32.7597 28.9775 0.547388
573 23.7487 30.6273 -1.88308
574 15.6286 26.5458 -1.54346
575 18.0071 18.0811 -3.04127
576 3.63388 1.39877 -2.12314
577 26.4117 33.0985 -2.26154
578 10.6435 32.889 -3.60117
579 14.2885 12.4223 0.958887
580 7.63022 25.9839 -1.95544
581 7.38818 24.2258 -1.67115
582 24.751 17.125 -4.40493
583 22.5294 32.4951 2.11693
584 39.3225 13.7447 0.57286
585 3.12471 25.9553 -1.20176
586 22.1307 21.0264 1.35063
587 29.8221 39.0773 0.361587
588 21.5888 33.0894 -2.73566
589 26.4133 10.2896 -0.398931
590 1.06356 7.20449 2.07032
591 14.4795 26.9272 1.37547
592 28.4735 27.9597 -2.03199
593 7.10333 25.0153 -1.03955
594 2.19077 4.44088 -1.80641
595 33.4195 26.0967 2.8696
596 39.1513 39.2482 -1.18731
597 30.3296 11.8547 1.78255
598 39.8432 14.8357 -0.00136204
599 5.35276 33.2594 2.93137
600 2.06326 35.2707 -2.13341
601 19.6651 36.6672 3.82212
602 19.15 20.3758 0.718936
603 14.8954 5.07725 4.08969
604 33.674 32.2525 0.488329
605 13.3132 26.3162 0.939086
606 36.3251 28.7193 1.92311
607 37.5906 13.0006 1.06703
608 6.33729 2.41526 -1.07038
609 25.2918 6.31154 1.18494
610 30.4936 24.2851 -2.42078
611 38.5751 25.2168 2.68498
612 20.5192 12.4287 -4.33133
613 18.971 14.0134 -3.49697
614 33.9151 0.0972861 -1.59548
615 33.1659 8.31543 -3.62844
616 33.4117 22.5354 0.722233
617 27.4037 24.5877 0.134961
618 6.47605 39.5989 1.47964
619 20.1455 31.8204 -0.845163
620 37.3375 0.737332 -1.90186
621 25.3409 19.0429 -0.309424
622 27.0755 8.59512 -2.00516
623 22.3813 17.1829 0.453593
624 35.264 5.56565 0.478988
625 13.462 7.3439 -1.19617
626 6.20768 38.1692 -0.96835
627 1.42509 35.1991 0.759711
628 18.4038 5.14885 -1.70258
629 26.6944 5.66647 -1.56606
630 36.9936 37.2188 1.34272
631 28.1351 3.57846 -1.36715
632 32.3654 34.3217 -1.85416
633 5.88985 25.5757 0.348119
634 37.3457 8.96783 2.64271
635 26.7148 25.8552 -0.863298
636 21.6591 13.3883 -1.56864
637 7.35318 31.0394 1.64035
638 31.8094 28.8998 1.45346
639 29.8012 20.1118 -0.914921
640 11.1228 16.562 -1.91609
641 32.9542 3.78275 -0.945386
642 12.6769 33.1123 3.33107
643 30.1489 35.4791 3.46259
644 9.59289 7.72274 0.403687
645 8.49612 8.82213 -1.22217
646 12.9084 3.52869 -0.851215
647 7.16255 6.92273 4.43782
648 32.9811 33.8826 0.0572725
649 13.9686 13.7631 0.548674
650 24.9973 21.1021 1.97588
651 29.4216 20.9341 -2.12022
652 6.47534 29.0453 -1.34401
653 9.35847 39.0662 2.36444
654 25.8926 17.3315 -2.78686
655 34.815 32.826 2.6625
656 9.44209 9.18025 0.148423
657 25.7983 8.03226 1.29035
658 9.37497 21.648 0.405705
659 3.14735 37.3573 0.52071
660 24.946 15.1127 0.263204
661 2.01403 13.2165 -3.3255
662 37.1985 38.4391 -0.978841
663 7.67898 17.4317 0.0418594
664 35.3631 19.345 1.41217
665 32.4524 39.114 0.116714
666 28.2665 2.55159 -0.0622594
667 33.6024 33.0042 2.24146
668 11.6498 29.7497 -0.711941
669 10.0232 33.2831 -2.8934
670 35.7972 29.9384 0.149466
671 30.5839 2.19374 -1.34173
672 14.6494 35.8737 -0.987669
673 39.4073 6.1344 2.38871
674 1.35237 18.0745 1.23694
675 32.4263 16.4657 0.61857
676 37.0261 2.76402 -0.402655
677 4.83259 22.44 3.29907
678 22.9882 0.672236 1.2824
679 24.1091 21.8986 -0.0504348
680 20.3002 34.2231 -0.638375
681 7.17645 36.2216 -1.48234
682 38.6674 0.834136 -1.86476
683 23.5168 25.7823 1.07293
684 3.9414 27.6825 3.2635
685 24.0674 29.6501 -2.74929
686 4.51532 34.8692 2.31181
687 17.9926 13.0738 -0.0759988
688 28.9382 9.19582 -1.41886
689 7.28019 4.9144 3.21055
690 10.7254 38.7005 2.72312
691 18.6966 29.8579 2.06812
692 29.4093 20.9392 -1.80698
693 0.830687 21.9527 -2.87668
694 25.4172 20.881 3.17756
695 16.2262 28.2126 -0.307723
696 16.5277 24.5665 0.0378856
697 30.233 5.26425 1.70359
698 34.4098 9.55051 1.09617
699 35.8856 21.5698 -0.30911
700 5.58892 0.0401842 -0.156464
701 11.6543 38.4555 3.46013
702 7.13709 36.0904 -1.2731
703 2.45469 11.2255 -0.705657
704 31.383 39.8083 -0.103714
705 8.15618 25.8826 -4.28577
706 36.4018 38.0221 1.13053
707 18.7773 1.04074 0.293914
708 38.3953 20.6652 1.1606
709 26.9173 18.3973 -1.06511
710 19.9991 1.32488 1.01369
711 33.7393 32.0405 2.12827
712 30.04 22.4105 -3.16377
713 35.442 19.4122 2.7238
714 25.7756 32.6263 1.14995
715 36.1815 32.8775 -0.140669
716 18.9984 30.1097 0.777297
717 14.4134 32.3694 2.59745
718 4.3386 26.3725 0.716216
719 11.6105 30.879 0.909107
720 11.2844 21.2351 -2.28332
721 19.2245 38.784 4.66587
722 3.74568 37.9783 -0.400952
723 6.75961 0.0958739 0.77775
724 19.707 39.0364 1.61698
725 26.3611 35.0551 0.782297
726 0.827528 28.893 -1.30245
727 9.42606 21.3175 -0.792984
728 4.56916 37.9954 -2.97304
729 17.5505 2.35122 1.26942
730 19.7361 12.1141 -3.04688
731 29.2457 19.4085 -1.16053
732 22.8993 37.8175 3.33079
733 29.5944 31.3941 4.68992
734 33.6639 11.0297 -0.445168
735 14.9604 34.9272 2.15952
736 21.0179 28.5562 -2.54651
737 3.60837 30.9071 1.28351
738 22.1751 13.0575 -0.704168
739 13.182 23.3325 0.987953
740 32.7039 24.2553 1.60018
741 8.96538 25.3979 -2.37212
742 15.4534 14.0054 1.39967
743 25.8236 24.1185 0.873753
744 32.1811 21.0133 3.60723
745 13.3958 39.2985 -0.428105
746 17.1463 11.4715 -0.0599379
747 18.5828 24.9499 3.89789
748 15.5375 35.1241 -1.51058
749 6.94755 6.08107 1.90839
750 1.88007 33.5297 -3.52454
751 5.00651 35.275 2.64298
752 8.11119 17.1849 -0.515586
753 18.54 19.4799 -0.288805
754 32.6953 26.6958 2.69182
755 29.5409 7.58333 -2.04847
756 9.58541 6.85947 1.04085
757 8.46818 31.8055 3.98851
758 0.353914 17.898 -1.12191
759 7.45037 29.628 0.210927
760 33.5168 30.983 -0.477219
761 7.91595 19.3965 -2.54839
762 22.9807 26.404 1.01945
763 3.59636 38.1349 -2.11748
764 17.5649 15.3985 -3.4275
765 36.3481 16.1145 3.27773
766 5.61335 10.9693 2.26472
767 29.6782 9.45064 3.18114
768 6.35757 14.7575 2.04202
769 15.6784 31.7451 -2.56398
770 2.98732 25.4397 -3.39481
771 5.17498 19.9139 2.84634
772 11.6342 32.2709 -1.29374
773 33.1267 30.3867 0.150658
774 2.99374 33.0186 -3.93507
775 14.104 6.25916 2.29194
776 8.42365 10.3547 -1.55741
777 34.7302 30.9431 -0.0456317
778 34.8292 31.5274 -0.982067
779 14.1869 2.74025 -1.87785
780 1.91538 4.74249 -0.547322
781 7.26747 36.2138 -0.54397
782 9.04838 6.74272 -1.83236
783 12.3441 12.4865 -0.0376051
784 35.921 2.20716 2.65587
785 17.7269 10.8161 1.45154
786 3.14965 16.378 0.218545
787 35.8423 4.33696 -1.0911
788 8.25535 32.5742 -3.37409
789 37.1549 3.55228 0.820073
790 12.6416 28.0685 0.330965
791 11.5765 22.1713 -1.86553
792 11.8167 21.3384 0.679882
793 19.5142 33.7183 -2.15855
794 21.673 23.2214 -0.0788951
795 39.0464 4.06228 1.97624
796 15.4699 15.0319 0.858373
797 2.63089 28.3903 1.73364
798 25.8885 10.945 1.73879
799 29.8119 2.85869 -3.4966
800 34.4002 9.40436 1.92188
801 17.7977 19.2993 0.600255
802 35.5694 25.8652 2.72967
803 11.4649 39.6428 1.95386
804 5.02627 19.3671 1.202
805 3.30292 25.1407 -1.68175
806 4.93538 27.4048 0.355399
807 31.0025 16.5744 -1.11492
808 17.2526 28.0531 -2.03231
809 28.9794 19.945 0.679662
810 16.7994 37.0478 -1.26384
811 39.256 28.4484 0.701054
812 8.05451 12.2999 -0.678617
813 2.80686 11.9441 -1.95798
814 25.2366 38.9202 -3.27564
815 28.5225 18.7482 -1.9006
816 15.8514 37.8652 -3.35716
817 16.0206 33.5832 -0.488967
818 8.08584 9.06718 1.77461
819 30.3605 7.78643 -0.600334
820 8.89123 39.9932 2.04183
821 13.5305 10.9068 -0.546075
822 5.09507 38.2847 -1.47522
823 25.233 1.49332 0.886078
824 29.1475 13.3373 1.97109
825 37.7667 39.3784 1.98478
826 5.79112 16.3153 0.398291
827 33.6045 10.6479 -2.43394
828 12.4903 15.7947 -0.226655
829 8.66611 30.842 0.172547
830 12.3713 14.9322 -2.41124
831 18.5889 36.5752 -1.37661
832 35.1605 1.85523 -0.20587
833 13.4625 14 1.68663
834 19.2956 9.86363 -1.92185
835 6.06852 31.0579 -2.40776
836 22.5745 34.9072 -4.09769
837 31.2138 35.9799 2.31518
838 18.9405 9.15914 -1.99653
839 3.58117 14.826 -0.123183
840 26.9348 16.5103 1.658
841 25.7392 35.6109 2.52835
842 17.6509 32.6829 -2.92909
843 15.7971 4.49738 0.520253
844 3.78744 26.198 3.64822
845 3.70757 32.6437 -0.739686
846 8.59019 24.5152 -4.92527
847 39.3719 28.8207 3.08619
848 26.4721 25.1297 -1.34995
849 20.2914 19.422 1.23362
850 32.8344 35.7061 -0.954595
851 8.24915 6.52817 1.16425
852 29.6878 22.9428 -0.604215
853 20.0191 18.5948 -1.02675
854 39.1844 37.4191 -0.71098
855 15.3656 36.2343 -2.26831
856 11.8308 33.9977 -1.20216
857 11.6371 29.9953 -1.68319
858 35.6493 27.9647 3.68191
859 11.4313 39.6493 1.62394
860 37.4405 16.4143 -2.68955
861 4.53091 13.9928 -1.88522
862 7.71713 25.6547 -2.70264
863 11.992 11.6179 -0.769
864 10.8288 8.79418 -2.33254
865 24.0545 33.9808 1.29098
866 29.6945 2.0321 -1.18642
867 25.7743 25.183 -2.95496
868 33.7422 27.1966 -1.24182
869 4.87249 17.9602 3.20923
870 36.1424 1.89199 1.24961
871 18.5446 25.569 3.80617
872 31.981 19.453 2.50964
873 11.5348 13.9751 1.38481
874 25.0977 11.4355 4.06067
875 29.859 1.36461 1.69738
876 14.597 20.5323 1.00132
877 33.0569 16.9446 1.15904
878 38.7033 38.5169 1.71092
879 6.40962 31.7085 -0.967255
880 35.937 20.565 2.80066
881 13.7506 20.0702 1.06003
882 27.6853 3.28204 -1.66401
883 33.9692 31.2408 1.11503
884 0.999637 16.6077 -2.47366
885 16.3621 11.8565 -0.455712
886 20.2506 21.8764 2.99157
887 3.76485 21.6125 -0.0456575
888 34.1305 22.3592 0.206975
889 36.6152 4.72128 -0.953672
890 13.5602 15.6088 -1.50342
891 21.3853 20.4114 -0.841944
892 17.7412 8.77092 0.381455
893 31.3875 26.5529 0.978755
894 31.2825 27.9531 -0.189214
895 32.5704 8.52244 -2.18037
896 15.0045 37.9825 -2.82056
897 2.19745 15.3291 -0.177746
898 21.0689 20.7277 1.15732
899 8.64739 19.8997 -2.48115
900 9.08026 38.476 3.83345
901 0.947937 36.4887 0.640181
902 3.93948 28.7492 0.843862
903 9.22467 36.1297 3.57364
904 15.0149 39.2263 0.18267
905 34.0454 36.8002 -3.11243
906 19.0829 14.7798 -1.64812
907 10.6769 21.9554 -0.228279
908 35.4338 37.9747 0.693719
909 7.67432 36.8275 -2.04489
910 38.991 21.1448 0.0923126
911 32.3015 2.04129 1.75411
912 25.7554 14.6173 -2.66532
913 35.3141 35.2468 0.361067
914 1.28748 26.3214 -4.58399
915 37.5937 38.0794 -0.432661
916 35.7936 20.3839 1.97165
917 20.0642 25.4424 -3.67158
918 39.3915 7.76554 3.29897
919 28.4621 25.7404 1.66251
920 1.53333 18.6045 0.1592
921 32.3286 20.3457 4.45894
922 23.2978 19.038 0.992494
923 6.82145 27.7657 -1.3384
924 31.8815 28.6297 0.796221
925 18.8302 14.9441 -3.56319
926 20.45 13.5352 -4.55455
927 0.51126 31.625 3.81492
928 36.5424 4.217 -2.71737
929 7.30735 30.1792 0.732479
930 6.30204 2.94912 -3.10016
931 13.6089 23.0698 0.590512
932 30.7285 24.0186 -0.956866
933 16.8517 39.7523 -1.32975
934 29.1485 23.781 -3.35424
935 8.79638 14.8036 3.27974
936 15.9497 18.0221 -2.00435
937 27.0146 5.38243 0.955956
938 13.6473 16.9213 -2.42278
939 11.5843 2.64926 0.780335
940 13.9056 27.0487 0.989616
941 30.8461 27.0519 1.66085
942 10.9079 21.4265 0.542786
943 13.3739 4.67391 3.0743
944 8.9186 37.7482 2.49984
945 2.22112 4.35099 0.353132
946 13.7237 17.3785 -3.0602
947 9.04801 8.22261 1.24482
948 15.2417 10.9704 -1.0616
949 6.72688 7.46173 2.04049
950 8.43075 25.7102 -1.77405
951 8.86489 8.47485 1.01963
952 13.5508 23.3302 2.84252
953 34.5595 18.6827 -1.52185
954 7.81983 36.8328 -0.379715
955 10.1595 39.3703 4.67154
956 28.9093 16.4987 0.189602
957 34.4411 17.7595 0.370728
958 2.44227 2.64727 -1.67856
959 32.9201 16.4347 -2.18363
960 8.35663 37.0617 -0.79929
961 7.10916 23.4651 0.950978
962 13.9804 29.4086 -1.70677
963 10.7098 39.1062 3.29482
964 38.747 6.83686 2.13287
965 38.5535 33.224 3.47592
966 13.2651 15.3441 -3.4738
967 17.5905 38.3478 2.80245
968 37.8531 17.5954 -3.92764
969 13.1306 3.68913 1.3595
970 12.492 36.5973 1.47758
971 22.5716 15.9338 4.45997
972 13.4623 19.3411 -2.6633
973 6.74531 24.0382 -1.81221
974 34.226 23.3685 -0.193905
975 4.45139 21.886 0.7056
976 5.69128 13.7265 -0.512663
977 9.74464 37.3053 0.867032
978 12.3469 34.0451 -0.896589
979 7.74133 4.81839 2.67435
980 33.3112 16.9417 -1.66374
981 7.05341 20.7775 2.98587
982 34.0511 38.703 -1.80217
983 38.2237 20.2803 -0.405884
984 10.9793 29.9156 2.13933
985 1.27247 25.9135 -2.62767
986 21.9154 19.7637 1.45869
987 10.9422 10.9675 -1.92456
988 9.87153 25.0924 3.52249
989 25.6074 30.4748 3.56357
990 25.3369 16.3855 -1.35947
991 16.701 18.3451 -1.68023
992 5.45395 10.3242 0.574131
993 11.3561 17.3599 -1.88487
994 22.8476 20.3273 -0.825987
995 12.7332 16.9086 -1.11114
996 34.5213 22.095 0.206102
997 3.21638 15.925 0.186683
998 37.4499 0.273469 -2.59293
999 37.3121 5.72178 -2.72392
