1000
Particles
0 0.487286 1.46644 -1.64118
1 30.9949 18.1858 3.64849
2 24.0006 5.42633 3.25048
3 10.2624 0.0419951 0.227276
4 10.4658 17.6015 0.836119
5 25.1683 4.45751 3.34107
6 27.5 3.55356 -1.931
7 34.9082 15.078 2.6015
8 3.97493 27.8559 -0.659432
9 31.7384 24.0019 -0.7813
10 25.7833 31.7602 -3.11129
11 6.6979 33.422 1.63959
12 37.6263 24.4745 1.0345
13 1.13228 7.19043 1.94851
14 30.1169 15.9287 -1.80363
15 32.2141 32.5943 0.612708
16 23.7886 31.5454 -1.04312
17 31.0106 12.5894 -1.78672
18 33.6817 17.5631 1.85129
19 15.0488 19.6471 -1.06229
20 8.30743 13.7491 -2.58753
21 37.1196 38.4329 -0.996275
22 35.8443 23.0769 -0.208474
23 30.2881 15.7285 -0.987768
24 32.2729 11.5005 0.0587732
25 4.16819 33.331 -2.14916
26 21.857 28.3099 0.541613
27 14.4408 17.3698 4.60815
28 6.18886 33.3475 3.62931
29 29.6096 9.41354 1.96517
30 21.4884 25.8953 -2.04785
31 10.6421 18.2711 0.0567591
32 17.9275 10.0701 0.927883
33 7.24478 1.92001 -0.352287
34 22.9571 16.4392 0.0338954
35 27.1154 39.5873 3.76812
36 15.3359 38.4963 1.61006
37 0.496748 26.3674 0.445372
38 26.5694 36.291 0.149788
39 29.9154 14.5458 -0.0822884
40 31.693 36.3619 -1.26717
41 19.2459 17.475 0.682664
42 31.2209 22.1248 1.38006
43 27.9323 36.1086 -2.92576
44 21.359 22.2785 1.53202
45 4.83066 27.0162 1.46105
46 2.53969 10.7736 -1.41369
47 35.94 4.42998 1.66189
48 2.72465 35.7057 -3.30622
49 8.11097 30.4686 -2.42604
50 37.7452 1.60541 0.970778
51 15.4222 3.69139 -1.73634
52 35.1897 8.46495 0.532026
53 16.4056 10.6761 -2.56673
54 38.6756 25.9735 -2.10279
55 37.0955 18.2561 -2.33885
56 26.0599 7.73038 -1.06403
57 4.68036 34.207 -2.77777
58 37.0223 19.812 3.0477
59 3.59212 32.2594 -1.55152
60 8.28864 27.9446 2.04369
61 15.2727 24.9126 -0.237688
62 29.6511 3.40178 2.13061
63 9.58182 14.9943 0.29327
64 37.5327 28.1384 0.00576577
65 15.4041 38.8947 -0.168226
66 9.83278 21.2702 0.698449
67 23.2815 22.5798 -1.63451
68 10.2816 4.18417 2.76547
69 13.4689 3.82938 -0.7776
70 6.16581 34.9185 3.19276
71 14.3695 10.6603 -0.404498
72 6.78819 13.9988 0.48112
73 19.6662 28.1909 3.50159
74 6.47413 0.868646 0.147373
75 2.19326 35.0193 -1.17511
76 20.5599 8.96279 1.16324
77 11.4008 24.2896 0.659684
78 0.41724 29.0706 -3.75908
79 36.7665 4.41547 -0.603976
80 35.5464 5.06734 -0.426307
81 6.14154 26.5256 -0.0825585
82 11.7088 7.54062 0.332614
83 15.9708 23.7295 1.10279
84 20.9178 16.1495 -1.23359
85 0.808469 17.8621 2.30157
86 20.5349 6.50483 -0.142247
87 18.6633 39.4694 0.567366
88 0.844231 38.7848 2.19009
89 5.68867 36.4719 1.908
90 34.6703 34.5917 2.4858
91 22.1914 11.588 3.41002
92 18.754 18.7346 2.6624
93 19.5858 9.89973 1.5353
94 14.5597 12.9763 -3.35575
95 22.0578 2.99792 -1.11719
96 12.4203 29.4165 0.706382
97 23.1743 32.9133 1.57097
98 0.0229766 23.8834 4.12127
99 8.32119 33.368 -4.81256
100 31.4561 13.0945 -1.03266
101 16.2928 22.1197 0.122483
102 22.3748 32.6854 1.47469
103 13.4924 3.04648 -2.51785
104 27.5422 4.09825 -0.73422
105 22.8743 29.0031 -3.23054
106 37.0559 12.4897 -3.12205
107 20.5364 21.6521 0.343011
108 23.9767 11.4587 3.29916
109 36.6022 29.9578 -1.25791
110 13.405 38.3084 0.891671
111 6.86271 33.4365 2.64079
112 31.8491 36.6912 -3.13287
113 30.9105 21.3651 1.90563
114 0.339484 25.2427 -0.23642
115 29.2114 19.6787 -0.966123
116 27.7273 28.1886 1.66281
117 21.6599 32.2978 2.83409
118 24.5581 39.5303 -4.26332
119 36.9669 20.1624 0.589914
120 33.0353 33.1477 -2.8184
121 26.5719 12.5571 1.97026
122 37.7943 12.14 -4.04816
123 6.13026 21.9241 3.9302
124 14.8817 37.0002 0.766954
125 25.264 34.9956 -4.32282
126 24.4215 22.2792 -2.59941
127 0.753459 0.859713 2.3247
128 33.3034 12.7875 -1.69681
129 0.822534 13.1841 -0.569522
130 33.323 4.88467 -1.1132
131 30.097 30.843 -2.7159
132 22.1156 35.0266 -3.41145
133 30.4593 33.1753 -3.15423
134 10.4432 32.8802 2.51043
135 16.2068 2.95899 -2.80098
136 28.9586 4.95815 -3.6448
137 30.7133 34.0187 -3.64287
138 10.7786 23.9236 -0.0284944
139 18.0124 2.70557 1.219
140 17.9382 30.3795 1.04321
141 35.7197 28.7877 3.22409
142 26.1139 35.2069 -2.69414
143 17.4314 25.7691 1.21224
144 8.21076 27.2428 2.28194
145 28.7247 20.2176 -2.92391
146 32.5276 9.96017 4.23381
147 33.9751 37.5193 -1.01789
148 38.192 8.62023 -0.939613
149 17.1056 23.0805 -1.20297
150 16.7331 12.0898 -0.318353
151 36.6927 34.6506 -3.69504
152 17.8977 11.5069 -3.62102
153 20.2201 2.28007 -0.30058
154 27.7015 34.0764 -3.00937
155 30.3421 32.8611 -1.21799
156 37.8154 25.9091 -1.20027
157 17.0094 16.6359 2.60773
158 18.628 27.6892 -0.924261
159 14.2671 27.6133 -1.65584
160 5.63486 14.4053 2.40893
161 13.5226 20.9423 -1.01945
162 25.1721 34.4569 -2.00117
163 9.56124 3.62519 -1.57654
164 13.7204 0.246779 -2.31183
165 24.9551 5.98889 1.90886
166 35.7856 9.15787 0.577918
167 12.4056 0.968057 2.64372
168 34.4816 22.9509 -3.56672
169 2.97216 36.3593 -2.6192
170 37.9967 34.1642 -3.67851
171 22.0917 36.3916 -1.77506
172 35.8718 21.9158 -1.08546
173 23.8133 30.7194 -2.6089
174 11.9328 35.1612 -0.249036
175 3.35423 9.51051 -1.25618
176 24.8668 24.3469 -2.27302
177 18.5827 7.99898 -1.18294
178 22.7431 16.9704 1.84595
179 29.5933 8.3422 1.91173
180 14.8385 11.3908 0.0945976
181 32.8124 32.4065 -1.77464
182 20.015 11.9427 0.762757
183 5.12739 20.1293 -3.75996
184 27.7718 37.1285 0.330803
185 15.2895 11.9063 0.726542
186 27.1767 4.98989 -1.67665
187 9.1644 39.1022 1.01021
188 22.5271 20.2219 -3.37147
189 11.6896 25.928 -0.772145
190 27.7709 22.6044 -2.4435
191 10.1419 32.2072 2.23854
192 32.9381 5.31247 -2.30184
193 28.2916 18.7028 -2.82754
194 14.4103 29.0311 -2.66348
195 16.8286 18.8624 3.52854
196 27.8547 34.9192 -3.05574
197 17.238 38.1676 -0.195643
198 30.456 16.8175 -3.05355
199 12.5077 12.4352 -1.7649
200 34.1511 36.6549 -1.46721
201 34.5727 20.0104 3.10795
202 17.8503 19.1569 2.25237
203 26.5775 15.5234 0.822535
204 32.7389 33.1262 -0.71662
205 35.9966 32.7523 2.35667
206 17.1809 5.05444 2.06921
207 0.449433 29.5848 -1.48139
208 30.8996 29.1641 0.104249
209 8.26687 34.2211 -0.8747
210 6.88126 25.7513 1.24444
211 34.5484 22.9027 -1.31554
212 2.19655 34.0791 -1.47071
213 3.23829 8.57544 -0.27518
214 37.1399 23.9983 1.94218
215 36.5428 20.5979 2.36215
216 28.8131 20.4126 -3.14887
217 6.22991 10.0455 -2.18547
218 17.7124 18.7353 3.82534
219 26.2719 5.83754 -2.13746
220 16.8948 5.25482 3.24515
221 23.9012 10.5527 4.2555
222 36.1129 27.474 1.67998
223 17.1446 36.3388 3.62713
224 7.00226 29.7434 0.957369
225 31.2967 11.7652 0.0110222
226 2.23936 21.4087 -2.24629
227 10.0371 2.99379 -2.80786
228 22.2985 9.21195 -3.19432
229 36.0773 20.4224 2.67395
230 27.9251 7.22798 2.3041
231 16.1219 20.1727 2.01533
232 32.1302 11.9086 1.22449
233 38.7805 8.63991 -1.1347
234 6.77931 39.4213 1.40655
235 3.08438 9.15492 1.74456
236 8.67683 0.155105 -2.3207
237 12.3666 26.9498 0.411573
238 11.8807 10.2211 -1.43543
239 35.8571 15.7458 -0.143923
240 24.0424 23.6273 -1.87774
241 21.6359 28.2611 1.69197
242 39.0467 5.85648 1.05138
243 28.7608 36.3955 0.0451614
244 2.5327 18.6574 3.47432
245 18.5981 6.1563 3.65251
246 33.6603 11.2314 -1.00105
247 4.56538 2.70555 -1.3403
248 1.53886 21.749 4.78777
249 18.3771 31.494 -0.966465
250 11.2534 39.1869 1.80543
251 37.5126 7.92153 -2.28138
252 32.4307 18.9505 -0.492665
253 28.431 10.8909 0.0427279
254 39.0303 34.6851 0.325162
255 28.4431 25.1092 2.56078
256 2.36939 7.77581 -0.586793
257 31.7223 15.7879 -0.832008
258 33.3801 34.9882 -2.01775
259 31.8377 15.0386 -1.50412
260 7.02046 8.72275 0.948952
261 26.7698 22.8945 0.168727
262 27.4934 33.5384 -4.42214
263 0.0724937 2.22839 0.473964
264 3.76458 28.0778 -0.343004
265 2.72007 18.0515 2.78958
266 38.1346 12.0056 2.95776
267 4.80538 24.5609 3.61553
268 0.782046 27.06 1.38939
269 22.619 35.7035 -1.84997
270 1.51541 9.97528 1.57629
271 33.3632 12.1119 -0.855071
272 20.4208 15.7461 1.01489
273 28.6761 33.8024 -1.47031
274 9.35146 4.62054 2.5889
275 3.71709 18.994 -0.474251
276 29.408 20.7662 -1.61842
277 7.98852 27.9406 3.51389
278 6.71541 7.778 -0.417615
279 2.747 20.9728 4.62107
280 37.2817 20.7959 0.101444
281 23.5026 13.4588 -4.33945
282 12.824 18.9349 -3.89703
283 18.175 37.9765 -3.14948
284 30.663 21.7559 1.93638
285 34.8773 36.4748 -0.107117
286 33.7911 7.66047 -0.0425287
287 6.84898 16.7466 0.380125
288 8.23596 36.0725 -2.85648
289 15.5458 28.9723 -0.056721
290 37.9527 24.3143 -0.894167
291 17.7458 14.7286 -1.88619
292 39.3797 25.1376 0.646045
293 6.43295 4.28685 -0.39456
294 29.7861 31.3711 -3.13454
295 14.9496 11.0974 -0.341497
296 26.9464 23.8313 -2.04009
297 0.385629 27.6241 0.404484
298 24.84 32.3649 1.08386
299 17.3744 33.8613 -1.1424
300 26.7053 7.68154 -1.35561
301 30.6801 24.0273 -1.24596
302 16.7514 36.7509 0.933391
303 4.63303 28.1939 -3.11304
304 12.3795 23.1533 -3.08835
305 6.66107 24.6246 0.840585
306 31.6941 12.0643 -1.0754
307 10.7865 17.5721 2.05332
308 1.80294 18.044 1.58279
309 13.7808 37.0196 -0.385334
310 16.3915 21.3382 1.47429
311 24.9775 4.27794 1.0619
312 39.7928 36.2832 0.119427
313 33.7286 1.13458 3.7573
314 15.4819 2.44193 -3.05269
315 39.6964 29.857 -1.5649
316 36.4376 34.3481 -4.05641
317 32.7583 34.0556 0.654971
318 22.2677 20.5395 -0.584611
319 1.14337 38.9171 4.32123
320 39.7082 24.713 1.20021
321 32.0352 4.8118 -3.13745
322 3.9574 36.6647 -1.36087
323 19.6651 34.77 1.18602
324 29.2649 14.0463 0.313083
325 6.97831 25.1365 3.56609
326 1.26879 7.38028 -1.66508
327 16.3342 39.5461 -0.394679
328 14.7701 27.5668 -0.615725
329 39.6431 22.0803 -0.976776
330 1.45077 10.2885 1.11961
331 13.5023 36.9496 2.67053
332 32.3651 14.0059 2.8993
333 19.1553 18.4608 -0.176825
334 8.52197 9.49693 1.77584
335 11.885 37.9448 2.48161
336 19.7853 37.8173 -3.68832
337 3.87914 17.1235 -3.51236
338 12.7447 29.7495 0.764474
339 0.0651173 32.1828 0.819372
340 5.7455 26.7226 1.4462
341 29.3363 32.8176 -0.149259
342 9.34481 10.8972 -0.217771
343 14.4863 14.3211 -1.45607
344 13.726 36.9621 0.815766
345 39.0173 26.8643 -1.72603
346 17.2645 6.5906 2.5828
347 5.82151 36.8996 2.05929
348 8.97603 22.5985 -0.958396
349 12.9752 17.5829 -2.22642
350 9.77611 11.4875 -0.476792
351 8.37027 21.7573 0.999604
352 24.8749 21.1184 -1.64212
353 26.0858 4.90298 -1.25819
354 32.7886 0.0516987 2.8422
355 21.7488 26.0295 -1.02249
356 28.4054 29.923 2.90808
357 14.1216 27.1867 -2.00171
358 12.5842 15.2836 -1.92336
359 35.2523 29.0592 1.99462
360 33.4548 27.5931 -2.8958
361 29.9327 32.1173 -2.9411
362 38.7814 24.2007 4.1036
363 38.9343 6.20003 0.53857
364 8.3254 11.845 -0.496235
365 5.22796 0.92991 1.16602
366 13.3354 3.69939 -1.20539
367 12.8533 36.3358 2.66001
368 26.4136 7.05822 1.10768
369 16.9476 33.4583 3.09763
370 19.1333 25.2982 1.07633
371 23.9385 21.301 -2.1884
372 27.1457 26.7955 3.67762
373 9.78019 9.55261 4.18787
374 13.8268 18.3131 -0.231066
375 13.1903 12.0438 -0.507865
376 3.26828 30.7636 3.0257
377 4.35202 11.1834 1.69729
378 10.7732 4.71225 1.79943
379 30.6603 33.6158 -3.2621
380 37.064 28.5597 2.22134
381 13.5483 32.1838 -3.18159
382 0.213377 14.123 -1.31763
383 16.2792 36.5024 1.50415
384 23.9803 39.0014 1.22326
385 20.446 15.8378 3.8418
386 22.9242 7.91518 2.48123
387 10.5716 3.67373 -3.76965
388 30.6371 23.6596 -1.08774
389 4.66418 5.3676 0.152639
390 29.353 28.9473 1.0793
391 15.8521 13.2803 -1.80802
392 23.2981 29.1481 2.22761
393 20.2296 11.1595 1.29435
394 31.6199 37.382 -2.98644
395 34.0874 15.6658 1.35451
396 0.983195 4.29255 -0.245814
397 5.96335 1.30108 1.6492
398 3.77562 34.3441 -2.66954
399 37.5604 18.4782 -2.07851
400 2.54187 37.8397 0.989819
401 22.5456 35.564 -1.82352
402 34.5079 9.13889 -1.55961
403 0.732279 28.7328 -1.52323
404 26.4846 31.1676 -2.39707
405 3.21417 22.0012 -3.94774
406 25.6883 1.59111 0.94293
407 38.6202 39.6642 -4.08046
408 8.11696 12.6729 -1.5596
409 16.3656 5.42008 1.74907
410 23.3167 21.8306 -2.70358
411 21.7293 21.0629 -2.18751
412 2.2639 7.4819 0.989643
413 16.2688 11.3206 -0.274598
414 2.62766 15.9144 -1.51134
415 13.0442 28.4458 1.22157
416 28.3939 34.4935 -2.67599
417 2.72811 4.64885 2.34218
418 30.9998 28.9512 -0.191199
419 22.6979 12.0734 3.74018
420 18.3938 39.0181 -0.813483
421 1.82172 15.2214 0.483747
422 13.1955 8.18393 1.4964
423 31.494 11.0922 -0.0996158
424 25.5752 20.848 -3.23124
425 19.4854 38.9294 0.134046
426 12.3069 21.8194 4.33944
427 16.5121 19.7793 2.89957
428 39.8575 8.54997 2.69381
429 4.71898 11.0002 0.692583
430 20.345 16.3905 -0.743412
431 9.807 9.88724 3.7839
432 18.9673 34.981 2.87485
433 30.6244 24.6955 0.561537
434 4.63674 22.7258 -0.658808
435 26.669 35.7408 -0.111133
436 0.746964 22.0931 -3.02298
437 9.57602 35.748 -1.36925
438 9.1383 22.5403 -0.427531
439 33.7348 21.6517 -2.89509
440 26.9062 39.9964 0.785265
441 9.70929 4.53451 3.91369
442 14.3474 26.8144 -0.782958
443 20.0121 17.0814 0.218346
444 9.96413 15.7127 1.10461
445 5.65584 21.6862 -4.38405
446 20.4552 9.79042 1.67901
447 0.335993 10.8175 -0.684551
448 34.3487 28.5805 -1.38711
449 13.3058 15.3893 -3.06238
450 12.4116 18.886 -2.15541
451 38.3678 12.6137 2.76885
452 17.4636 12.5074 1.36765
453 4.48063 31.8896 0.903007
454 35.6939 10.7706 -3.52123
455 32.1679 3.15255 0.310916
456 9.14233 9.63622 2.6549
457 23.1592 20.097 -0.594857
458 35.9802 19.1261 2.94976
459 8.52654 9.8947 0.627277
460 12.3099 1.08823 1.84876
461 10.4721 38.5347 0.648472
462 24.8399 14.9982 0.612302
463 3.25348 34.8285 -3.26389
464 34.2428 21.9614 -2.27193
465 30.3053 12.657 -2.28331
466 31.6953 23.2762 -1.11874
467 3.63113 37.8774 0.466709
468 29.0783 37.0091 -3.81027
469 16.855 28.2459 -2.9352
470 11.3733 13.8262 -2.90923
471 37.4972 16.2587 1.53487
472 15.0048 14.7347 -2.68827
473 13.1467 1.97028 1.59557
474 6.60742 35.7573 0.88566
475 32.1782 5.66743 -3.01206
476 21.4249 30.1303 1.91186
477 13.5389 30.5113 -0.250398
478 35.018 15.6363 0.771389
479 6.27559 25.8072 3.64613
480 33.6174 17.6977 -0.386473
481 23.8564 34.6812 -4.3768
482 5.33436 29.0427 -2.61563
483 13.2477 32.368 -1.85744
484 8.58893 33.2276 -4.39932
485 6.36704 39.6527 0.585243
486 21.2208 27.8684 2.43243
487 30.5747 31.6065 1.80327
488 35.0797 9.22324 0.170833
489 18.6349 6.45085 1.94246
490 4.02766 4.7901 0.487704
491 17.2745 13.625 1.86262
492 24.2938 0.89031 1.03251
493 4.51101 27.0252 1.08713
494 7.78579 19.4095 0.71999
495 29.4889 12.4401 2.79394
496 34.6162 20.0214 2.63154
497 3.65921 28.614 -2.25612
498 19.1755 17.9167 1.86341
499 6.90474 14.101 1.37905
500 1.96071 14.9457 3.03603
501 28.5213 19.2668 -2.95975
502 3.96281 0.327295 1.69637
503 13.8212 28.6728 3.09256
504 39.3456 31.4733 -2.06833
505 6.14066 5.28343 -1.37463
506 29.054 24.5422 0.946403
507 22.7441 7.13253 2.80129
508 1.09072 29.3715 -0.18043
509 31.2946 39.8764 -4.8395
510 30.8549 39.9638 1.90983
511 22.4041 31.8784 3.30773
512 0.356521 34.7181 -2.1308
513 17.1856 37.4914 -1.22851
514 11.6085 27.0653 -1.87567
515 18.1226 13.7795 -2.21715
516 19.9123 3.00697 1.38322
517 11.1782 6.93651 0.751886
518 18.6485 18.0716 1.04726
519 20.5042 11.4788 1.52447
520 34.8931 10.1683 -1.59125
521 35.136 29.3782 2.36231
522 22.1795 21.1633 -4.20406
523 13.1186 19.4146 -1.02049
524 5.62343 22.3649 2.28774
525 8.86171 11.0952 -3.11639
526 39.8644 21.1237 -0.86694
527 15.4048 5.93972 -2.21358
528 21.8905 7.48095 -4.25212
529 30.4638 2.02709 1.18038
530 37.6562 7.30771 -3.17115
531 25.5566 10.4532 0.297305
532 20.7383 34.9696 -3.26366
533 27.1868 29.5291 3.73154
534 12.9521 29.1147 0.804653
535 9.1592 2.0205 0.424745
536 33.0069 17.4853 2.18611
537 39.3786 17.9778 0.643751
538 0.87159 39.8813 -1.91291
539 4.49714 1.85024 -0.62393
540 31.7361 25.8703 -0.33332
541 24.0859 21.7871 1.40781
542 1.01171 29.4259 -2.15903
543 13.2526 15.7301 -2.47454
544 7.9439 1.57243 2.31854
545 12.8904 23.3625 -4.31909
546 38.6214 35.0628 -0.144237
547 5.29789 20.4663 -1.29579
548 37.2823 33.3775 1.8519
549 3.21752 23.8926 -2.05304
550 6.5311 32.6173 0.818911
551 21.175 18.6765 2.38615
552 39.9339 7.74306 3.04593
553 20.5752 23.6835 -0.396479
554 17.6515 7.75256 -2.27237
555 35.5159 16.4406 -2.67362
556 31.1084 17.2038 0.149659
557 6.69577 27.095 0.173885
558 32.8762 1.10177 -0.713113
559 24.6101 31.0856 0.871135
560 29.8061 24.0443 -0.707268
561 11.9599 20.4568 1.6594
562 5.07177 22.0584 -0.284793
563 1.00322 16.8804 -0.569203
564 15.7666 22.352 -0.647854
565 36.4441 16.467 2.65567
566 18.4485 34.2982 0.0934815
567 33.3417 12.5833 -0.877589
568 36.4847 6.77438 -0.269628
569 5.02273 19.8834 -3.12588
570 6.24581 23.3756 -3.69735
571 21.8117 11.8228 2.68128
572 1.63996 34.4471 -2.89195
573 18.9671 1.30137 1.92336
574 14.6681 20.5563 -0.887152
575 18.3126 19.4161 4.30278
576 37.7184 2.60143 -0.428543
577 27.173 28.0188 2.53337
578 2.5263 37.4794 -3.17115
579 6.59603 7.38485 1.35177
580 5.63437 31.538 0.312475
581 5.4389 29.8788 -3.59596
582 26.6113 26.5757 2.61181
583 24.5012 36.4247 -3.87311
584 34.2236 10.933 -2.66808
585 6.59245 14.8929 1.49308
586 26.3789 21.1963 -2.59995
587 34.9875 32.5025 0.902138
588 21.1512 36.4767 -2.2563
589 26.0364 23.4654 -2.2138
590 9.92391 3.00662 0.416592
591 1.25339 21.5804 -1.20885
592 32.3445 26.6362 -3.06293
593 15.6966 26.7837 -0.339655
594 10.5189 3.0861 -3.15925
595 22.3786 20.5593 -2.5423
596 34.2184 35.0947 3.87962
597 31.478 10.9711 -0.648424
598 34.9312 13.2132 -2.86511
599 18.3632 35.1844 1.60809
600 5.57873 0.331719 0.8928
601 18.8343 31.639 -0.589102
602 3.85608 19.2886 -0.852053
603 16.0731 21.7034 0.2584
604 37.557 26.7908 -2.94462
605 7.9861 0.0878316 3.62533
606 3.32986 27.7272 -2.75637
607 4.95213 12.2432 4.24165
608 4.93159 0.819104 2.27171
609 24.2121 36.2069 -3.1333
610 36.9378 27.3345 -0.825693
611 39.6748 23.8116 1.627
612 20.7605 11.4566 -3.83076
613 23.6172 12.4796 0.999767
614 38.6955 7.72442 -1.5738
615 32.3011 7.30066 4.58013
616 33.7874 16.3429 -0.411517
617 23.5859 31.7558 -4.36965
618 35.9536 4.69265 -0.5466
619 24.6827 32.948 2.77222
620 31.5079 31.2349 1.94247
621 31.7714 13.8455 3.14488
622 11.2204 38.2476 2.7319
623 21.5485 12.1032 3.71721
624 32.4711 38.7683 3.63713
625 17.696 8.74743 0.148671
626 6.67854 0.259838 -0.486404
627 4.57954 34.8044 -1.84958
628 21.7586 11.6308 3.54184
629 30.1382 39.632 1.7521
630 35.707 27.6887 0.196144
631 31.1433 38.2714 0.323409
632 28.6977 32.0397 -0.943045
633 31.1037 23.9224 -1.28761
634 39.2336 36.1199 0.864112
635 27.4158 28.0311 2.82353
636 21.9544 8.28869 -2.79133
637 39.5431 23.3853 3.85131
638 36.9347 23.2201 1.67232
639 31.5138 3.29227 -1.24563
640 3.33357 18.809 -2.1916
641 21.3038 37.2769 4.68641
642 15.05 39.3036 -2.22571
643 27.401 27.4106 2.4224
644 11.1209 4.96283 1.81842
645 3.93172 7.75582 0.481737
646 9.37124 11.2299 -2.22226
647 7.86926 17.1905 1.74372
648 34.2419 35.8625 -0.890871
649 26.2258 27.3854 0.560174
650 29.7015 11.7136 -4.46212
651 26.9989 18.4249 1.94646
652 0.329129 39.2281 2.8086
653 13.0006 38.6092 2.83553
654 20.749 14.78 1.64815
655 31.3053 33.8275 -0.998042
656 12.1641 13.4215 -3.70611
657 18.7337 4.37257 -2.37682
658 8.45785 26.8283 3.46997
659 28.5893 2.42765 2.53486
660 29.2242 12.5941 2.86322
661 37.6604 16.2406 1.92694
662 28.3969 30.2556 2.61536
663 16.682 21.2851 -0.0612871
664 33.3971 17.547 2.78138
665 32.5097 37.0345 -4.26417
666 31.2008 0.616815 -2.5403
667 36.2428 32.108 1.07954
668 8.42473 34.8649 -3.54041
669 17.2022 29.1904 -1.25909
670 38.7325 24.3954 4.13492
671 23.7928 36.105 -1.48418
672 13.4127 28.7294 1.10159
673 36.3991 8.64862 -1.49374
674 13.912 19.248 -2.92893
675 31.0471 15.3316 -2.38417
676 31.3873 0.388795 -4.46821
677 30.8153 15.4208 -2.73008
678 29.5229 36.0576 -2.90139
679 24.2369 17.6585 -0.381487
680 14.6543 23.2282 1.84544
681 14.5611 37.2511 0.0276358
682 31.4849 37.5809 -0.375715
683 32.8079 21.707 -2.9802
684 10.202 35.6623 -2.4471
685 22.9689 27.796 -1.60826
686 4.38987 3.94323 -0.147352
687 25.5739 13.4878 2.12745
688 34.6258 1.60026 4.10001
689 10.9061 35.3604 -1.24077
690 17.6862 30.0197 -0.0788039
691 14.8131 31.6416 -0.508433
692 25.8947 15.0882 3.59733
693 37.2541 15.8036 -0.42047
694 25.9145 35.5965 -4.95112
695 15.2357 29.7468 3.98909
696 33.8122 29.298 -0.633097
697 31.427 6.90734 0.702775
698 35.5459 14.1954 0.733089
699 22.1338 17.0351 1.04479
700 4.4281 1.01343 -0.316016
701 25.3614 2.114 1.29841
702 38.8785 1.32084 -0.795925
703 30.0082 18.1414 -0.70556
704 28.4488 28.5725 1.13869
705 2.90104 36.4483 -2.26223
706 33.1448 32.5025 -1.41682
707 13.8247 8.91781 0.0563521
708 27.9167 18.2802 0.635618
709 27.381 4.94337 0.626456
710 19.8626 29.4307 1.65242
711 31.4076 31.5516 1.65994
712 29.9704 14.8781 -1.50456
713 35.2339 12.309 -2.45315
714 27.6101 26.0469 1.79237
715 39.9152 4.5989 0.627247
716 23.1209 32.4632 0.990658
717 15.2253 25.1001 2.7567
718 12.2039 28.5564 2.45526
719 8.25017 34.8524 -2.95801
720 16.3909 22.5548 1.1527
721 30.9176 36.2567 -2.25618
722 2.60981 5.64337 -4.01949
723 17.5723 37.8028 0.738326
724 12.6457 3.42871 -1.78726
725 26.7405 7.10649 -1.56546
726 7.18676 28.1432 1.88328
727 3.13761 30.6018 3.94255
728 1.38794 8.63386 4.05834
729 19.5245 1.10914 1.51428
730 17.1826 12.4372 3.08207
731 29.449 19.818 0.0826234
732 26.3026 36.323 -2.82096
733 35.2216 25.8208 0.844666
734 24.2724 16.5467 -0.695731
735 17.6637 21.3816 1.88612
736 24.3755 28.8113 -3.05026
737 33.8939 27.8417 -1.27098
738 14.6749 9.19586 1.60892
739 12.5996 29.9775 0.731969
740 37.2894 21.2133 -1.45171
741 6.19943 34.5907 2.43809
742 24.2404 16.505 1.7951
743 18.4271 27.7173 -2.41142
744 31.3279 27.3209 -1.75534
745 18.0644 29.9834 -1.51257
746 17.3554 17.1182 0.852857
747 16.2044 22.3655 -0.742363
748 12.5815 25.8501 -0.745152
749 5.2671 5.39444 -0.652484
750 3.28553 29.8391 2.43695
751 9.27944 39.5824 0.909953
752 33.4835 17.5677 0.208208
753 8.03724 21.4595 1.276
754 29.5437 20.9564 -2.72422
755 23.9265 8.0977 0.311157
756 34.9355 6.23257 0.974381
757 16.1089 22.9491 1.90715
758 33.5707 27.3683 -3.5925
759 8.12826 29.628 1.89711
760 30.6232 39.007 0.875085
761 13.1402 15.4665 -2.72144
762 25.2416 26.151 -0.30201
763 14.566 3.75449 -0.183547
764 26.7795 2.51727 -1.33625
765 28.3514 29.7815 0.664717
766 8.02121 14.6288 -3.46921
767 34.428 18.8526 2.37846
768 8.10241 13.2445 -0.181615
769 23.1616 31.2429 -4.63102
770 12.5072 23.6416 -1.79747
771 39.1883 22.0486 -3.06425
772 15.9966 35.1156 2.54171
773 31.1014 29.9729 -0.568802
774 37.0319 37.6578 -2.91068
775 18.8819 18.1642 3.36262
776 15.1732 23.3226 0.0542129
777 38.1233 21.1698 0.104056
778 28.3065 23.6332 -1.17189
779 18.4122 3.9955 -0.931948
780 1.20063 5.90398 -0.994911
781 30.3833 1.6668 0.346909
782 10.8617 5.42083 2.15815
783 15.7648 9.44102 1.80258
784 30.3564 1.63007 1.4271
785 22.9714 19.2047 -0.471317
786 6.89228 26.7975 -0.111072
787 29.2841 3.38291 -0.345595
788 3.41127 35.6402 0.0500908
789 37.2171 15.0727 0.249492
790 8.72529 30.6134 -2.78167
791 18.2112 14.8766 -1.90148
792 10.3765 28.0445 -1.91935
793 23.5039 38.1619 -3.42054
794 24.6436 23.2114 -0.110681
795 9.49628 10.8283 -3.94678
796 16.801 28.6433 -0.849637
797 5.29725 31.3394 1.60187
798 26.967 5.625 -1.57757
799 26.4976 38.6816 1.04574
800 29.7563 8.0854 0.924639
801 20.9373 14.0101 1.80985
802 34.7423 15.1917 1.23702
803 8.7798 2.94065 2.36987
804 2.89533 16.1319 -1.38812
805 39.1479 21.5461 -1.91929
806 12.2507 20.653 2.82108
807 21.7521 6.75065 -2.29213
808 25.9835 20.4143 -3.28236
809 18.347 8.34738 -0.345714
810 16.6637 37.2073 -0.237678
811 11.8918 27.8474 1.13612
812 11.0805 37.6073 1.2375
813 1.90099 6.85877 0.987666
814 28.3195 34.9846 -4.20046
815 34.2181 23.4793 -1.17474
816 13.9225 36.1924 0.871153
817 14.2278 36.3409 1.58136
818 9.19798 12.8477 0.0273335
819 26.6088 5.67064 0.537113
820 33.8942 0.358415 1.09098
821 13.6051 9.32234 -1.73557
822 7.86061 9.0392 1.15068
823 33.0789 0.129554 1.78731
824 36.1649 15.2925 -0.227519
825 33.6716 25.3367 4.46983
826 39.088 16.9899 -1.52197
827 0.00754346 13.0674 -1.49314
828 23.7749 11.0812 1.17297
829 17.7347 34.118 1.88722
830 13.6805 24.1482 2.67052
831 12.9889 37.899 1.64274
832 28.6295 27.7275 2.39004
833 15.6932 13.3596 -2.45211
834 20.5721 9.30735 -0.185128
835 4.12498 27.7904 0.324617
836 22.2137 30.2237 2.83091
837 33.6915 26.5216 -2.03613
838 27.5675 9.92133 -1.73611
839 1.50564 23.9511 -2.46893
840 24.5772 12.3744 1.18179
841 32.8972 35.5889 -2.26376
842 26.8804 27.888 2.85436
843 12.4465 0.717393 0.284331
844 6.29093 14.728 3.17743
845 3.97089 26.7968 -1.1031
846 16.7898 34.2683 3.59288
847 1.72736 22.9506 -2.2542
848 23.4069 19.9138 -4.44367
849 14.7246 19.0654 -0.698026
850 4.39224 35.7151 -2.27266
851 0.616795 35.7538 -1.17828
852 27.539 30.2124 2.10658
853 27.5853 23.6868 0.7212
854 0.0201582 30.3453 -4.55696
855 17.8689 3.1554 -1.42983
856 17.2777 35.5947 0.288593
857 10.7256 22.2549 -0.037918
858 2.65077 26.7566 0.688282
859 17.7505 0.760392 3.86603
860 30.675 21.9829 1.30203
861 39.0332 13.5674 1.01996
862 2.54571 35.6838 -3.87217
863 12.0295 11.1874 -1.11804
864 27.096 11.7566 -1.45263
865 30.2832 32.4422 -0.648796
866 27.7847 0.231163 -2.30305
867 17.1869 38.7817 0.163574
868 32.0368 26.4254 4.55993
869 36.2711 14.2542 -1.9659
870 9.40773 2.37524 3.30778
871 19.9664 23.375 -3.0617
872 29.4435 25.7343 -2.81013
873 22.0622 19.7556 -1.67835
874 36.1191 11.7824 0.428721
875 37.0316 12.1083 -3.73742
876 0.302701 9.46591 -0.104742
877 0.82957 1.42888 2.48262
878 39.9577 35.9584 -1.49977
879 3.80188 35.2674 -1.41002
880 37.9911 18.8059 -2.10855
881 4.53565 24.7805 1.13135
882 26.964 6.07697 -0.737891
883 0.126627 25.4197 0.360652
884 12.8265 19.2853 -3.02697
885 13.3353 11.1824 -1.01708
886 12.6993 27.4485 0.29496
887 35.9363 20.179 1.20601
888 0.184766 31.4272 0.646036
889 6.34443 11.8398 -2.8811
890 20.7861 15.553 2.01202
891 18.9295 20.8498 2.97646
892 26.3869 3.6297 -3.24737
893 30.2038 30.0938 -2.85236
894 33.3509 32.3813 -3.03359
895 34.9851 22.2058 -1.12085
896 19.3708 39.3458 -0.948447
897 39.9458 12.7003 0.987968
898 19.2804 17.4546 0.312376
899 8.42425 24.0793 -2.19068
900 18.1112 6.90165 -1.01838
901 1.53507 38.3638 3.27941
902 35.1025 31.0129 4.14265
903 7.90789 38.5938 -3.83252
904 21.332 1.47137 -0.88664
905 24.9713 33.2701 -3.07251
906 25.2162 24.3189 -2.70192
907 17.3704 28.9663 -3.9362
908 30.6361 33.3687 -1.62008
909 17.8149 7.63542 -2.07887
910 37.872 21.9272 1.0476
911 30.4611 26.8174 -2.86377
912 24.7178 25.2959 0.0406483
913 0.848215 26.4277 2.14566
914 5.03777 24.6229 1.17755
915 38.3694 33.7606 -2.17141
916 24.1421 20.1811 2.45781
917 5.47133 28.4127 -1.57887
918 4.43276 37.89 0.61903
919 30.7588 15.7898 -1.04368
920 4.39402 19.2581 -1.27439
921 33.5923 22.0868 -1.46012
922 27.6872 13.4644 -1.46482
923 11.0009 27.2026 -1.9072
924 29.6141 35.5396 0.0922656
925 18.9335 37.9241 -1.25536
926 29.7954 34.8819 -0.851894
927 7.30393 33.5987 2.41135
928 34.2334 1.56779 3.69469
929 36.4042 29.2845 -1.87495
930 17.9661 6.22838 2.22229
931 17.7149 18.3087 2.95254
932 9.02237 26.9931 1.73775
933 11.3946 3.82668 -3.50136
934 30.9558 30.1335 -1.91291
935 6.33381 2.02305 -0.381769
936 11.6846 22.2338 4.75317
937 12.4688 0.959873 3.4527
938 22.1131 25.5172 -2.75081
939 25.3654 7.7523 -0.903708
940 18.9872 19.0992 2.26849
941 21.5679 20.1603 -2.69305
942 3.29737 10.9432 3.41008
943 11.5967 0.977675 2.45264
944 0.0222878 32.1667 0.344446
945 5.00154 39.3564 -0.371164
946 22.751 20.5753 -0.643013
947 22.6535 6.13729 3.44461
948 11.2064 38.1658 0.937527
949 5.15957 12.826 4.42743
950 32.3916 24.3422 1.05048
951 18.401 6.57606 3.90545
952 14.3897 16.8105 4.82834
953 34.6968 15.0671 1.55108
954 2.75526 39.6788 2.59111
955 38.4106 6.65998 -3.25075
956 31.987 6.35663 0.594867
957 30.4944 20.9705 1.81635
958 7.40919 34.2409 -1.21263
959 28.2624 37.416 2.09608
960 4.23228 3.93886 1.95841
961 2.87398 32.0924 1.33449
962 14.1828 30.3965 2.1406
963 16.8722 37.0281 0.0363814
964 4.75038 12.2117 1.06618
965 39.186 29.2739 0.473376
966 15.4623 17.927 -2.19559
967 20.2851 1.86802 -1.49269
968 36.0677 23.6132 2.16337
969 13.7365 37.8355 2.76754
970 26.3725 36.7572 -1.47279
971 30.8389 12.2211 -1.89851
972 13.271 18.3343 -2.15147
973 11.8238 22.6314 1.20648
974 28.5301 15.7158 -4.48596
975 11.9048 25.9079 -1.91424
976 1.87439 2.11801 0.911427
977 1.26768 39.4134 2.64994
978 12.7134 24.3533 -3.79765
979 7.6985 36.0296 -2.53385
980 34.9062 13.9026 3.21808
981 7.14017 14.3759 1.66499
982 39.2178 2.22116 1.35585
983 22.1843 11.3924 2.54533
984 12.249 37.7073 0.238404
985 7.88079 20.901 3.62299
986 29.1363 13.8435 1.96704
987 7.47161 10.0744 -0.0641401
988 4.1953 27.4784 -0.215269
989 22.2491 32.7452 2.39599
990 26.4252 18.9968 0.503137
991 9.14985 25.1225 -1.2401
992 0.198305 13.2825 -0.484597
993 12.2711 22.2187 1.84251
994 23.852 20.3841 -4.91331
995 11.0338 22.3882 1.78541
996 34.8195 19.3743 3.16083
997 33.3453 16.9988 2.35696
998 36.6387 38.0571 -1.71665
999 33.7427 27.4884 -1.33351
