1000
Particles
0 7.24472 31.6528 -0.359256
1 27.943 30.7821 1.75874
2 16.7409 7.26473 2.8773
3 11.1973 38.5754 1.7902
4 19.9299 23.2846 -0.256059
5 16.1886 13.3019 -0.280048
6 30.3562 2.71633 0.694966
7 30.3213 19.6263 -0.981476
8 11.8847 17.9682 -0.642962
9 0.840034 23.1625 1.96098
10 21.6765 2.46243 -1.53419
11 10.2019 30.0178 -3.60016
12 31.0503 30.1064 -0.526399
13 17.5926 4.08141 2.29216
14 28.4108 25.3252 -1.07834
15 15.8664 27.395 0.957022
16 26.055 30.7271 -1.71189
17 37.3899 23.8308 -1.77111
18 33.3147 17.0151 0.887498
19 13.2913 28.3412 0.432904
20 38.2744 8.31319 0.418025
21 38.7555 1.52013 0.342153
22 8.68399 6.02839 -1.73165
23 37.6812 24.2442 -1.63996
24 33.7726 9.44869 -1.48069
25 2.93084 29.5853 1.31521
26 21.3738 33.8734 -2.35761
27 14.8685 9.89032 -1.36717
28 12.6583 32.2472 2.21405
29 33.0697 5.36481 0.779048
30 14.0983 16.6564 -1.27206
31 6.85208 11.3722 0.247865
32 26.3267 2.49131 1.60937
33 8.62301 31.9593 -2.10134
34 25.9398 27.5185 -1.46416
35 23.0604 16.1826 1.58829
36 16.1983 1.81802 -2.65343
37 36.3939 26.923 2.47026
38 31.7443 1.99957 0.265633
39 38.4935 22.6763 -0.0423633
40 38.1433 36.1095 1.24782
41 13.7836 13.6914 1.65711
42 38.3518 22.5547 1.14714
43 20.4758 26.8859 1.83547
44 20.9305 26.6883 3.25517
45 5.67999 22.4926 -0.368055
46 37.7395 8.54304 2.70495
47 25.9666 15.2807 2.25632
48 2.53996 39.4703 -0.48816
49 8.34281 33.3839 -0.300538
50 5.68017 31.1867 -0.622735
51 24.7073 3.68819 -2.96701
52 31.7461 9.73515 1.13166
53 20.6584 5.88654 1.42295
54 25.3004 16.8193 1.91639
55 7.40218 14.0514 -3.47509
56 17.5997 14.5095 1.4093
57 12.4703 34.4335 3.61539
58 29.1906 25.3057 -2.94125
59 7.33921 34.861 2.37875
60 10.1585 24.2237 0.689664
61 20.319 36.401 0.701862
62 0.259755 2.67708 1.65855
63 9.80273 18.1338 0.00957731
64 31.0931 28.6454 -0.475959
65 7.63601 36.5642 1.09565
66 2.6367 18.6631 1.81666
67 24.9691 22.8742 2.17085
68 3.68295 5.49033 2.0707
69 13.1232 36.3921 2.98003
70 10.9504 4.13683 -3.13779
71 19.4092 15.9636 1.13191
72 5.10611 11.5764 -3.7299
73 22.7076 29.8472 -2.97481
74 10.0234 6.41984 -4.20373
75 30.7924 35.509 -1.00041
76 29.249 6.11573 -0.109921
77 9.34505 28.176 1.82228
78 7.3246 34.7929 1.42124
79 2.18586 39.5999 1.83099
80 37.5892 13.2225 -0.973316
81 12.6492 36.3566 2.82396
82 14.8274 12.617 0.592032
83 11.6126 31.3466 2.75238
84 25.5661 8.19813 2.58172
85 1.8214 19.9492 1.42774
86 21.0064 14.0899 2.27622
87 26.7362 32.0939 -1.19426
88 4.25014 38.0725 1.92251
89 6.93284 0.181283 0.189909
90 1.13553 33.6125 -2.64898
91 27.3929 18.0286 -1.11465
92 19.9066 28.9165 4.57367
93 10.8679 39.1726 0.0565348
94 16.8711 27.5417 1.08406
95 19.5076 0.67186 -0.679011
96 8.25668 35.637 0.46489
97 17.0654 38.1418 1.18063
98 6.0558 20.9009 -2.31364
99 14.702 5.88576 -1.96289
100 30.349 18.9124 0.462675
101 19.6135 25.5612 -2.94278
102 23.2092 36.3542 -2.23886
103 16.8757 37.841 -0.393921
104 23.7354 7.44014 -2.16389
105 12.7949 38.8808 1.46098
106 34.8841 21.9524 2.04558
107 21.0519 23.1364 1.87425
108 38.4772 25.1596 1.56801
109 39.7458 32.9411 4.61678
110 3.04896 33.3175 -1.63372
111 31.8679 31.5883 -1.84531
112 34.3429 6.43304 3.14226
113 35.0031 31.9357 -1.45912
114 29.2127 25.5053 -3.14699
115 26.1667 18.6218 3.43262
116 22.5648 33.7854 0.942428
117 31.7741 29.5231 1.67583
118 21.3046 7.86526 -1.70825
119 30.7873 12.4364 -1.08793
120 24.3872 29.7487 -0.470727
121 19.3925 15.3138 1.37228
122 30.4046 27.8354 3.49629
123 7.15389 29.0468 0.371869
124 12.7487 38.1434 1.13955
125 24.7933 1.35041 2.96189
126 31.3484 34.4677 1.43071
127 31.0261 6.15812 -3.12174
128 30.399 4.10605 0.113155
129 4.53327 17.6822 2.19398
130 25.1309 10.2056 -0.880187
131 23.2784 27.7786 1.73768
132 16.9139 39.3264 -2.68928
133 39.5123 0.922498 0.62976
134 9.89265 33.2076 3.09788
135 17.8372 38.8142 -0.536172
136 27.0168 2.65296 1.08026
137 21.3675 24.1126 -1.57601
138 3.96639 17.9706 2.12094
139 16.6543 36.7722 0.927411
140 30.4671 39.0997 -0.106313
141 25.8345 2.02825 0.582857
142 18.1674 13.6619 -1.09799
143 20.234 17.5931 -1.10971
144 3.60375 31.3757 2.28434
145 22.5473 24.1013 1.12453
146 28.0949 12.1266 -2.33706
147 37.0586 33.4351 -1.45832
148 30.2288 6.88533 -3.69993
149 9.66601 14.6767 1.60721
150 12.6357 27.2841 -1.19975
151 27.3503 2.22149 -2.48703
152 15.2064 13.1345 1.38553
153 18.3295 8.85852 -2.94645
154 27.3087 36.7853 2.10923
155 37.4812 29.4323 -1.8345
156 38.5574 23.7099 -1.80321
157 19.5 4.0747 0.228542
158 14.0775 0.435303 -3.66185
159 25.3846 30.9157 -0.599926
160 9.13736 18.6536 0.598033
161 13.9949 24.7299 -1.38625
162 27.1942 24.4789 0.155742
163 8.67749 9.95116 0.564404
164 20.2096 12.6922 0.753239
165 31.1873 7.15641 3.82917
166 35.9561 5.84111 2.02939
167 8.37029 33.3635 3.53976
168 39.2449 24.9816 4.38563
169 4.57846 3.15695 2.21412
170 34.8261 33.6584 1.71122
171 25.8766 29.2333 1.19751
172 8.2666 19.6453 3.46778
173 32.9779 28.8347 0.312255
174 20.3592 10.0423 -3.40351
175 39.6034 11.6384 2.02344
176 24.5687 22.8389 0.245217
177 12.1841 3.75514 2.78598
178 30.3481 21.3019 2.89215
179 24.8346 13.7578 -1.82828
180 19.6797 6.10013 1.71307
181 13.7946 28.4101 1.28205
182 15.8402 24.1018 3.45721
183 0.992569 19.3573 2.51139
184 1.32517 1.22111 -0.296952
185 7.76201 9.34668 0.619611
186 22.9189 35.3054 -0.0958437
187 38.2023 8.6025 0.925202
188 14.5089 13.8566 2.82109
189 8.36129 20.5535 -0.788082
190 23.5882 22.2969 1.31682
191 15.0096 30.1488 -1.75943
192 38.6404 1.85199 -0.258616
193 23.2634 29.2575 -2.45187
194 21.0207 19.3587 -1.53828
195 3.15229 18.7719 1.45199
196 30.9402 5.31185 -4.60262
197 10.8225 35.8842 2.80726
198 30.1309 18.1419 2.47886
199 19.4718 12.7235 2.62664
200 34.2394 38.0121 -3.0199
201 0.209509 14.6207 -4.2834
202 12.2552 20.0359 3.73466
203 22.6673 19.0291 1.34877
204 35.1385 28.436 -2.342
205 7.11149 31.2926 3.05886
206 8.24822 39.6196 -1.97059
207 34.7065 2.48495 -0.371562
208 32.1422 20.0537 -2.0472
209 6.35404 37.4085 4.01916
210 19.3709 18.8197 -3.86986
211 34.4857 19.5875 -0.144266
212 31.1663 30.4838 -2.30736
213 38.8537 0.51385 -0.0953641
214 29.2054 17.9618 -0.732092
215 3.54756 15.3384 -0.345364
216 31.664 27.3968 3.2479
217 12.1087 12.0866 2.12988
218 8.69348 14.005 2.59573
219 27.1317 39.0694 -0.692882
220 13.3524 2.81998 -2.09722
221 19.9025 18.6773 -2.31186
222 36.8493 32.7338 -0.574471
223 18.565 25.9296 -1.5285
224 3.57395 27.1142 -0.591527
225 0.410505 9.71461 -1.22035
226 27.8895 12.12 -1.83822
227 5.49222 6.68899 4.07049
228 16.1848 0.940364 0.36088
229 0.455647 23.9694 1.4464
230 35.7181 38.0149 -0.669752
231 17.5532 33.0115 -1.17572
232 33.9175 34.5283 2.2608
233 33.017 5.99949 -1.35011
234 39.1859 7.96698 4.67603
235 39.6813 11.741 -1.69607
236 22.7418 3.17455 -0.840973
237 17.07 19.7859 -2.81708
238 9.35184 10.2225 -2.21231
239 31.7115 13.9687 -3.57179
240 16.6249 17.6695 0.578488
241 0.154592 27.1663 0.588078
242 32.7948 39.4637 -4.4167
243 31.2211 37.6221 0.13545
244 6.37034 6.29464 -2.14841
245 17.4252 34.1768 -2.62013
246 29.0514 5.14985 2.09011
247 3.21197 0.822456 3.69083
248 8.3346 27.2127 -3.30217
249 5.5574 0.233238 -1.29192
250 21.2809 4.92974 -0.637028
251 30.0524 5.03116 2.87754
252 28.4035 16.2435 -3.38455
253 32.7111 12.5674 -0.436095
254 10.1732 37.0262 1.95518
255 31.4053 25.7086 -0.370918
256 4.0731 2.59268 2.66675
257 29.1039 16.6026 -2.29821
258 26.2035 3.38996 3.42374
259 38.9666 18.3651 -1.42226
260 39.3486 3.19611 -0.43752
261 30.7248 19.9091 -2.24758
262 31.9273 1.48112 -0.598603
263 6.59172 34.5905 3.66677
264 12.5546 21.0178 -1.96887
265 1.45553 27.756 -1.61588
266 1.37572 16.1794 2.50789
267 9.90483 18.9827 3.97341
268 18.3522 16.9362 -1.1987
269 34.3916 36.8043 -0.342401
270 35.1974 12.6598 0.190219
271 37.6043 12.9401 -3.70809
272 22.291 18.5078 3.47206
273 34.3454 31.9471 -3.46565
274 12.7285 38.9896 1.67392
275 13.7859 33.0321 2.53455
276 32.277 21.2483 2.43815
277 3.4372 15.2719 1.99617
278 6.86617 9.98981 0.716997
279 17.4906 30.1623 -1.77063
280 7.39215 33.6189 0.920205
281 25.0106 22.1998 1.87495
282 11.6508 18.1165 0.154365
283 22.3398 3.0236 -1.82643
284 31.6677 20.2415 -0.332348
285 5.61137 29.4254 0.372238
286 37.9964 7.2302 1.31425
287 18.4473 16.1321 3.30921
288 3.55396 38.4863 1.10945
289 8.86648 32.8982 -4.70289
290 31.693 27.6787 -0.0753382
291 13.0448 0.735343 -3.25128
292 29.5852 21.3427 1.49414
293 18.8509 7.62067 -4.741
294 30.3855 27.5666 2.86369
295 16.5025 14.4707 0.0937018
296 25.5063 26.7903 1.41556
297 0.0990219 33.4393 -2.55125
298 21.4425 4.06867 -1.06239
299 18.4363 29.4829 -2.27018
300 18.4445 16.3261 1.37752
301 24.023 29.5076 -3.45167
302 24.9187 39.8399 0.956067
303 1.85204 16.5024 0.957113
304 11.3811 32.5088 -0.356507
305 2.19024 22.552 0.907591
306 22.5193 16.0002 -0.262761
307 13.3376 21.2272 -1.2048
308 5.43789 25.6422 -3.58702
309 19.6529 37.4045 -0.228217
310 17.0132 19.7632 -0.0509235
311 24.3513 22.4783 2.65033
312 36.4673 26.9125 4.59223
313 25.5216 5.79725 1.59382
314 18.3848 38.3116 -1.41813
315 3.62879 37.8084 0.51595
316 32.1225 38.5458 -3.11567
317 16.5238 29.2683 -0.495501
318 25.733 30.1051 -2.27165
319 6.81628 8.30163 -2.34015
320 12.1621 18.9091 -0.511665
321 25.6296 9.1262 -2.339
322 1.13516 0.12417 1.72485
323 2.1798 39.9628 0.413446
324 25.4311 16.2189 3.58939
325 11.4302 30.7135 2.96339
326 14.0169 10.5656 -2.5506
327 11.9966 31.8914 -0.711771
328 16.0542 33.7202 -3.67131
329 13.8614 16.8104 -1.22511
330 1.46194 15.9974 1.20938
331 24.6572 5.09149 2.26548
332 36.3822 1.47449 0.0184465
333 31.7746 26.9525 -4.19058
334 14.8736 10.8789 -0.313331
335 3.28441 37.6021 1.88628
336 21.2801 8.69094 0.457532
337 8.72535 20.3325 -0.0279112
338 23.0751 22.4905 3.14595
339 39.5056 33.3927 1.38747
340 17.7936 16.2124 -1.43329
341 31.212 24.7619 -0.505092
342 17.3908 13.5341 0.668716
343 8.21856 16.4509 2.76685
344 9.04118 4.46351 -3.73473
345 1.09525 31.4688 2.13521
346 18.1134 12.0135 3.11329
347 10.2416 38.5019 1.34274
348 11.6687 18.7955 0.697269
349 19.5549 18.4628 -3.54177
350 7.83496 13.2388 -2.81424
351 39.6138 24.6441 3.01535
352 27.8747 25.5735 -1.59721
353 19.0912 13.9066 0.832692
354 5.30862 35.2806 -2.60444
355 18.5948 16.8836 3.86209
356 38.0185 0.478318 -1.5529
357 9.74974 14.6804 -1.21951
358 12.8672 12.5386 2.10028
359 22.1159 25.7954 -1.64524
360 30.6378 26.3057 4.7146
361 32.4786 28.9774 -1.2623
362 31.6327 26.6542 -3.52079
363 33.5508 12.5484 0.937604
364 12.5057 12.172 1.65818
365 3.19697 35.022 -0.873829
366 10.1696 1.89752 1.10667
367 7.46447 38.3203 -3.24238
368 18.1472 11.7105 0.631338
369 16.0318 10.1045 -0.210987
370 21.8069 34.1846 -0.410126
371 30.1513 18.5228 -0.0112861
372 23.6766 29.5565 -4.34215
373 19.2394 14.1908 2.37167
374 7.61769 12.8928 -1.74136
375 7.61006 9.10684 0.564257
376 39.0711 32.8306 3.12179
377 34.5596 8.18056 -2.48969
378 18.4993 4.40286 -0.877018
379 6.59636 35.0332 3.65452
380 31.7677 34.631 1.18275
381 12.6775 35.9641 0.790812
382 0.233203 16.9968 -1.79535
383 20.7911 30.677 -1.31347
384 30.3437 7.2748 3.41586
385 20.0887 26.5461 1.68692
386 27.079 11.173 -0.80017
387 39.8023 0.206087 -0.323331
388 31.6112 32.6615 -1.60159
389 15.6287 4.02595 0.248911
390 25.9801 10.7344 1.2737
391 6.97261 12.7291 -0.729498
392 25.1623 18.1588 -2.84725
393 20.3643 36.8142 -0.482933
394 26.8592 9.28769 -0.664219
395 39.8236 13.5568 -3.93785
396 13.2077 38.6763 0.360496
397 9.9393 16.2308 1.9613
398 29.5709 36.3684 2.70269
399 32.7358 10.8393 -2.89444
400 4.79122 38.9265 0.27528
401 27.1628 29.6779 1.32905
402 36.241 10.4876 2.15895
403 8.04478 31.6216 -1.42378
404 21.9237 31.6661 -0.431032
405 2.24477 24.2377 2.37033
406 20.6282 7.8836 0.398225
407 38.1651 13.3258 -1.10859
408 14.3735 5.81092 -2.27506
409 28.8335 7.20469 2.12945
410 19.0572 24.643 -1.24414
411 19.2255 30.6515 3.00756
412 2.80315 0.828749 3.46306
413 6.24603 19.3743 -2.96448
414 12.0417 6.13037 -1.41245
415 13.127 27.3211 -3.44282
416 9.23929 33.5742 2.54802
417 2.03921 1.73496 2.00602
418 25.6843 23.1573 1.66342
419 23.6646 11.8132 -0.933167
420 28.4843 0.157758 -2.05573
421 7.58732 13.1463 -1.46711
422 11.7414 13.1257 2.19491
423 38.9922 7.40277 -2.99803
424 25.1091 18.1996 -1.66678
425 21.7079 6.19599 -0.0511095
426 13.366 17.1073 -1.16121
427 20.448 24.8065 -2.11224
428 6.56214 6.51992 -3.09382
429 38.0168 5.37973 -0.0666527
430 9.24504 15.0464 -0.367606
431 5.34004 7.56486 -1.23441
432 15.7206 32.3611 -0.784931
433 26.6188 24.6471 -2.26702
434 12.8324 17.7557 4.51026
435 1.08689 32.0718 1.30283
436 38.8829 30.1993 3.68659
437 6.96886 1.83528 -2.50589
438 2.47526 35.2999 0.524738
439 37.7838 20.4155 -2.47554
440 22.3345 8.2725 -2.04837
441 15.9802 37.2811 0.590052
442 16.7108 15.4833 2.44828
443 22.0867 23.2778 2.23675
444 13.9132 18.5529 -1.06792
445 14.2752 20.4064 2.77119
446 20.9318 8.63372 0.916861
447 11.7603 3.087 0.323362
448 30.4335 18.7792 2.13181
449 17.9975 15.9265 2.83614
450 3.87637 15.1618 0.444332
451 30.6688 16.4022 1.00942
452 7.74367 9.50871 -0.714092
453 8.64608 17.1969 -2.09973
454 36.4421 9.11455 3.4587
455 30.5816 39.6646 -1.43606
456 8.14075 12.7142 -0.429389
457 25.6709 13.8393 0.433907
458 26.2814 19.6195 -0.986704
459 13.5335 37.4126 2.13523
460 4.3547 1.30282 4.36055
461 10.3576 2.9318 1.37416
462 21.512 21.2663 0.125933
463 7.84061 34.8392 1.95153
464 28.7525 32.91 0.98473
465 25.3823 10.8268 -0.379762
466 36.9233 24.9725 -2.27559
467 8.9984 33.0267 -3.5554
468 16.4162 33.4175 -4.15667
469 26.885 35.7884 0.412608
470 12.4653 16.3887 -1.97035
471 32.0359 26.4995 -3.97638
472 17.218 38.832 -1.43432
473 12.9646 36.0778 0.586183
474 3.88916 38.8655 1.43879
475 34.979 37.7538 -0.754787
476 13.4705 17.6 -2.54159
477 9.12389 35.5457 2.16649
478 30.199 27.7719 1.00658
479 39.4476 31.7382 1.08975
480 38.5182 24.594 0.00104754
481 32.9755 1.3807 -2.59909
482 12.7352 37.1012 1.00718
483 7.986 35.2029 3.05924
484 20.9796 37.5186 -0.715879
485 3.81877 35.7668 -1.6938
486 19.3784 28.939 -4.66817
487 32.0754 29.0751 -1.96636
488 38.7898 7.38521 -4.21695
489 22.2318 5.65149 -0.483217
490 5.20061 6.2214 -1.516
491 18.8525 14.8226 1.38759
492 18.2857 37.9594 -2.56507
493 1.60091 28.09 -2.16432
494 10.0301 14.4567 -0.174881
495 35.899 10.5956 3.2079
496 26.1228 25.2509 -0.0526784
497 13.4334 38.4658 0.669243
498 19.3868 13.5634 2.10526
499 9.16074 20.1487 2.2466
500 7.57125 8.80387 -0.64492
501 33.234 7.19814 -4.80844
502 5.24343 2.79537 1.38521
503 22.585 23.3634 1.31291
504 4.49369 0.381281 -2.73838
505 10.1563 8.44421 -0.558581
506 29.351 23.9738 -1.24239
507 21.8263 14.1261 2.01407
508 10.3281 30.1763 -3.96069
509 16.7559 38.1145 -0.790546
510 30.7976 9.36772 -1.11114
511 20.803 31.9015 -3.2465
512 30.3517 24.0258 -0.329311
513 17.6129 19.7682 -0.320072
514 5.05676 33.139 0.886931
515 15.6775 13.6583 0.815912
516 15.6658 36.4896 -2.02887
517 13.3921 14.8752 1.10856
518 37.7999 4.23939 2.34115
519 24.3805 19.8395 -2.42947
520 2.15806 0.755826 0.990604
521 38.5699 34.8599 4.39717
522 30.0751 23.3974 2.15459
523 13.0764 18.1781 1.65774
524 16.3839 26.0254 0.71002
525 9.73848 15.1008 1.25829
526 16.7486 26.7082 1.38611
527 10.6652 2.00275 -0.875174
528 20.2285 7.29145 -1.34679
529 34.0047 35.9761 -0.348193
530 27.8384 15.6962 -1.8314
531 28.9132 1.21775 0.00213315
532 20.1872 37.1701 -1.18045
533 8.97631 33.5671 2.81948
534 8.47674 24.0872 1.10757
535 34.7581 6.55642 1.1178
536 38.1272 15.7979 -3.24286
537 0.468609 27.0539 -2.78233
538 17.5608 38.5579 -1.46952
539 19.5764 12.7485 3.15653
540 34.1076 14.8776 3.56103
541 23.4373 23.4231 3.30592
542 31.4967 34.0225 1.73419
543 8.25573 18.8129 -0.939319
544 35.6924 33.2695 -1.66308
545 4.62742 22.4059 -3.12847
546 36.6251 38.5683 -0.0185087
547 3.55051 11.8052 1.37235
548 37.8314 1.28009 -0.644777
549 0.182388 30.7656 1.46453
550 39.421 29.137 3.59465
551 31.2389 9.84694 -0.372085
552 14.6861 1.31837 -1.6133
553 8.83191 32.0369 -1.2828
554 14.5442 6.24182 -0.0875146
555 34.9737 6.31284 1.94188
556 39.1678 16.735 -1.54522
557 7.70996 13.8782 -3.42302
558 29.6947 3.90437 0.818065
559 31.5897 28.8824 1.39958
560 35.0633 22.5175 0.207066
561 38.5902 34.8696 2.69185
562 11.9021 20.9192 -2.00063
563 4.62717 11.6903 -0.884004
564 10.3296 25.2686 -0.939611
565 4.09201 21.0063 -3.66313
566 15.0629 36.4421 -1.21768
567 26.3463 16.5169 0.871173
568 4.07395 2.99629 3.1125
569 30.8919 29.2085 0.880221
570 3.7725 28.4631 1.24165
571 14.4568 12.6799 -0.0717142
572 30.6473 28.4155 0.281691
573 22.6173 30.7573 -1.16768
574 12.0481 26.7892 -3.0758
575 14.4609 18.6175 -1.64636
576 4.83254 2.34301 1.02566
577 23.6384 33.6224 0.683081
578 12.3552 32.5361 0.758194
579 16.4144 12.7699 -1.11644
580 7.33613 26.5345 -1.2329
581 4.79808 23.9089 -0.361609
582 21.9592 17.9078 3.68011
583 21.5117 31.077 -2.97119
584 1.08284 13.8897 -1.01278
585 1.1927 25.1243 2.79881
586 22.9775 22.7991 2.30605
587 28.9879 39.7066 -2.50896
588 19.2538 32.0008 0.170623
589 20.817 10.4817 -3.21972
590 0.936437 7.69638 1.47277
591 15.0921 27.1261 4.29516
592 27.2121 25.8967 -0.718795
593 3.66147 20.706 -3.03827
594 4.02941 4.358 1.53398
595 31.2152 27.9764 2.102
596 38.6252 2.31557 -0.327882
597 26.7331 11.8614 -1.20975
598 1.70591 15.2847 3.52864
599 8.43775 36.6013 -4.02711
600 1.99445 35.2652 0.559726
601 16.4243 36.8504 -0.764397
602 16.3702 18.9618 -1.62951
603 18.1084 6.56881 -1.13954
604 34.0377 32.8639 -0.0937733
605 19.351 21.2226 0.745296
606 37.5798 29.2059 -1.13837
607 37.8202 12.3134 -1.49161
608 5.7469 0.995411 -3.79537
609 26.3704 8.15246 1.45026
610 33.3806 23.3085 -3.2349
611 38.2951 23.5357 -1.66193
612 22.1725 9.16623 -0.0943153
613 16.6596 11.7508 -0.479844
614 35.5988 0.689858 -0.227913
615 31.6503 5.37063 1.34236
616 31.6605 19.1145 -1.41559
617 29.0763 25.4455 0.32351
618 4.31844 1.42356 2.76022
619 20.2137 30.165 1.79325
620 36.4316 2.0073 -0.953959
621 22.29 18.3851 3.43479
622 31.0745 6.19613 -2.01374
623 19.7206 16.0245 0.798288
624 37.1383 5.70817 0.227453
625 13.761 6.07599 0.812408
626 3.43413 38.3384 1.8691
627 2.95928 39.5035 0.302318
628 17.7276 5.66661 -0.653402
629 27.9407 8.44826 -1.78626
630 39.6494 0.373346 0.72881
631 31.2521 1.73326 -2.86355
632 35.0881 33.9759 0.130478
633 3.43692 22.0804 4.25186
634 35.0561 12.2775 2.64407
635 29.881 25.7367 -3.42179
636 23.2277 15.1548 0.881292
637 7.50524 33.114 0.048072
638 31.9769 29.4903 0.8437
639 29.6972 21.5982 3.64885
640 9.16713 15.7271 0.875034
641 35.3358 7.26237 0.570265
642 11.3918 34.1804 0.504045
643 29.7451 33.903 2.57962
644 9.98429 4.23224 -2.59535
645 11.2743 7.45795 3.92624
646 15.3726 3.71103 -0.807316
647 5.88416 5.77582 -0.387388
648 29.4262 33.1498 -0.136724
649 12.7813 12.101 0.835377
650 27.5289 18.4963 -1.63087
651 28.4835 18.1269 -1.3327
652 6.68143 28.8765 0.173574
653 4.04992 36.2272 -3.39762
654 25.3882 19.4989 1.6368
655 33.3871 30.7547 -0.878227
656 12.3467 11.4444 1.27219
657 26.469 8.65177 2.43398
658 9.02026 24.1278 1.08282
659 3.80061 39.0618 1.39577
660 23.0577 16.9571 2.48392
661 3.9198 11.7213 0.837953
662 35.8686 1.37118 1.08431
663 3.90446 18.3669 -3.36492
664 35.697 18.1334 3.68919
665 33.6356 36.3031 -2.9486
666 27.6727 4.374 -1.50024
667 35.2222 28.5757 -1.13529
668 11.9314 31.4079 2.2814
669 9.82203 32.9644 1.25243
670 36.1845 31.9694 -1.12317
671 36.0693 0.642713 -1.26687
672 16.8728 33.8041 -3.40773
673 38.1627 7.83704 1.22435
674 3.08328 19.4289 -3.80535
675 27.4551 15.617 2.48027
676 1.2474 0.767355 0.203154
677 7.60627 20.4347 -0.75636
678 22.3966 1.96492 -2.77804
679 22.8792 22.5338 3.46171
680 22.6416 37.9318 -0.654234
681 13.3294 37.654 -0.0564497
682 37.4055 0.621439 2.14956
683 21.1684 26.3515 -4.37334
684 3.12695 27.459 -1.64031
685 21.8058 30.4743 -1.39643
686 0.312319 35.7498 0.457958
687 19.0704 13.6468 0.572178
688 27.5966 8.78159 -1.46844
689 6.98805 4.73684 -2.31819
690 9.70417 39.6906 -1.55114
691 19.4517 33.1817 -1.45451
692 28.8187 17.1719 -3.33749
693 2.03429 21.645 0.41026
694 28.9867 17.6509 -3.71583
695 10.8781 30.3011 -3.45158
696 17.2203 22.4472 -0.886641
697 27.7577 2.84327 0.122212
698 36.3434 11.2042 1.79178
699 39.2604 25.299 0.408484
700 5.09008 38.8936 3.5239
701 13.6078 39.3985 1.99347
702 8.93537 35.5041 2.86446
703 0.21243 12.5226 -2.2469
704 31.389 39.8725 -3.22298
705 5.30372 22.1897 -0.773724
706 36.2837 33.184 -1.70283
707 20.3328 38.7055 -1.09404
708 39.2051 21.724 -0.481423
709 26.9796 16.4022 1.17488
710 18.8366 0.859934 0.703324
711 33.5199 32.2116 1.98109
712 29.6836 24.1648 0.139066
713 34.0698 16.0306 1.748
714 27.4301 36.3505 1.05118
715 34.8163 31.2284 -1.28137
716 17.591 32.6008 -0.796154
717 17.5062 31.5051 0.259709
718 3.86081 27.6488 0.247418
719 12.3304 32.1136 0.519492
720 10.0105 19.6777 3.10611
721 18.0679 37.0041 -1.33444
722 4.30902 1.6697 3.26817
723 5.98456 38.409 0.443245
724 21.0339 38.8321 0.838756
725 29.1733 33.3102 0.053412
726 0.922162 30.9492 1.19657
727 9.41298 24.2101 2.4796
728 4.67618 34.3698 -1.62627
729 19.6066 3.21762 1.61115
730 21.2783 12.3267 -0.499354
731 31.3016 18.9135 1.93767
732 21.816 39.8076 -1.99494
733 27.3016 30.7201 -0.879371
734 35.0118 11.5881 1.142
735 17.0204 33.3631 -1.39263
736 23.2788 24.4913 1.17829
737 2.65249 34.5103 -2.06112
738 20.8859 9.68564 -1.75993
739 11.1218 22.5542 1.40729
740 30.1028 21.4986 1.32142
741 4.00376 21.5982 -1.99823
742 17.9912 15.4468 2.10233
743 25.9893 22.9402 3.92286
744 33.9769 22.0141 1.8009
745 17.0331 38.5206 -2.69775
746 18.4216 7.75453 -2.49757
747 17.9731 24.6313 2.02579
748 17.2557 33.4689 -3.64389
749 7.58876 6.46791 -2.56608
750 3.94294 32.0436 -0.28252
751 1.80743 33.0137 -0.931608
752 7.70741 19.3001 2.24368
753 19.7522 17.7542 -3.34317
754 29.9817 23.767 -1.47782
755 30.255 7.81841 0.96478
756 12.0645 10.866 -1.28144
757 6.34933 33.0464 2.01339
758 2.84092 18.1498 0.968965
759 12.0564 29.2952 0.919538
760 36.8737 30.058 -1.84661
761 9.18722 19.8957 3.11627
762 20.2552 26.5349 3.13012
763 3.66967 0.471262 0.26673
764 14.7521 17.5625 -1.44806
765 39.1903 19.23 -0.342161
766 9.41614 11.429 -0.0294476
767 30.1438 11.4673 0.566146
768 8.5205 15.5119 1.11621
769 15.4913 31.7202 -3.78174
770 2.37722 26.179 1.00971
771 9.01872 19.8463 1.83281
772 12.6957 32.0398 -0.972814
773 35.9775 29.0221 -0.469408
774 5.42593 30.4512 -1.1776
775 15.2933 7.60938 2.40115
776 5.10095 12.3057 -3.53476
777 35.4238 28.5404 -0.919698
778 35.4973 27.8403 -0.933228
779 19.6804 4.69136 -0.0335409
780 1.74111 5.76429 2.14678
781 10.6833 35.1985 0.949644
782 9.54006 4.83081 -2.51403
783 12.1462 12.6515 1.88548
784 34.0999 3.00447 0.157325
785 21.44 8.57648 -0.367133
786 4.58727 18.6223 -2.47099
787 35.6833 4.55302 0.226654
788 8.26513 33.2921 3.62494
789 39.6422 1.43518 -0.243422
790 12.4875 26.8898 -0.276065
791 12.5324 20.6961 -0.978677
792 11.4033 19.5808 3.37599
793 20.8688 35.9728 -1.95858
794 21.6123 23.5612 2.03199
795 39.5804 3.39508 -1.14286
796 16.0891 14.1466 3.11208
797 3.37977 27.6231 -1.05366
798 30.7084 10.3463 2.75324
799 32.7644 4.30282 3.50948
800 33.8475 11.6933 1.48769
801 18.0788 19.0833 0.720457
802 34.4039 26.0353 -3.66702
803 12.0299 39.5465 2.59203
804 3.56849 19.0559 0.973423
805 2.82701 23.4253 0.894544
806 5.16665 28.1229 0.843454
807 28.2576 17.2444 -3.44818
808 18.4379 31.9239 0.626432
809 29.1268 20.5 3.35298
810 16.3635 32.906 -1.14496
811 36.8759 25.608 -2.38133
812 9.95394 11.2239 -0.285983
813 5.21224 11.0198 -1.76769
814 29.4603 36.3369 1.71844
815 25.0004 16.4547 -4.93114
816 14.3164 38.4432 2.40364
817 17.2257 32.2222 -2.04284
818 7.36716 5.80404 -2.08316
819 30.5624 5.6903 -2.48348
820 8.01855 37.1515 -2.52504
821 15.696 10.3611 -0.453554
822 4.13658 38.138 1.38724
823 23.6596 2.84416 -2.3018
824 27.8757 12.3648 -2.18991
825 37.2962 1.28198 -1.81564
826 8.17166 16.7846 -4.58414
827 33.1493 11.6233 4.31437
828 17.0889 17.9578 -1.3963
829 12.1311 31.3139 0.459397
830 9.78409 14.1378 -0.779382
831 21.4087 38.4543 0.520165
832 34.6857 5.21703 2.41114
833 14.6973 14.8652 -1.12834
834 19.2206 8.70862 -3.97837
835 5.27268 31.449 2.68016
836 19.4496 30.2143 2.46103
837 31.5396 36.7641 -0.291416
838 19.0219 5.53288 1.46637
839 6.65226 12.6101 -2.58259
840 27.5647 16.7396 0.985688
841 25.4077 34.8601 1.31929
842 20.8389 36.1013 0.373833
843 18.8965 4.03962 -0.434551
844 3.57662 23.0927 2.57481
845 5.74165 29.6793 -1.3637
846 6.69387 20.7261 -1.69957
847 38.411 25.1723 -0.251477
848 27.5433 25.7302 -0.476385
849 20.4661 17.433 -1.78615
850 31.7791 34.9419 0.9564
851 8.04444 4.45787 -2.55486
852 29.0462 26.3903 -2.28042
853 19.4576 16.6231 4.49953
854 2.58199 39.7561 0.480781
855 16.5475 36.3392 -1.58986
856 12.3976 32.7523 1.39855
857 11.8798 33.414 -0.0357677
858 33.163 28.2072 -0.646851
859 11.4738 36.2824 3.16657
860 39.213 17.1 -2.05708
861 6.56336 12.7479 -0.710924
862 5.3524 25.7326 -4.3101
863 14.2733 11.6532 -1.07267
864 12.393 12.0624 0.10661
865 22.574 31.8142 -0.358504
866 29.2393 2.49296 -0.227556
867 28.7173 24.4739 -3.56584
868 33.7461 29.9633 1.48072
869 2.73861 18.0212 3.17518
870 38.4005 1.33492 -0.871808
871 18.7637 25.2455 -2.88786
872 33.843 15.2357 1.99598
873 7.03391 15.5981 1.51533
874 27.4265 14.7664 0.611924
875 30.4819 0.279989 -0.085444
876 19.0762 19.2228 -3.15898
877 33.3675 12.2923 3.26116
878 38.768 1.17036 1.56543
879 7.70455 33.4072 -0.0886335
880 33.996 22.1214 2.88723
881 14.9304 21.1264 0.50229
882 30.4465 3.34841 -0.0248665
883 34.3496 28.8958 -2.12853
884 0.767932 17.1473 -0.190732
885 16.259 12.6215 -3.01787
886 18.1942 20.1911 1.27633
887 2.41459 22.685 -3.11907
888 33.3508 26.4443 1.38077
889 38.9191 6.56864 0.280862
890 14.0546 12.6113 -1.17014
891 21.7078 22.6528 2.57204
892 24.2148 9.30451 0.327754
893 32.2157 21.5187 4.87154
894 30.0007 27.4704 3.17962
895 35.9565 5.42094 3.26424
896 13.3122 38.0444 0.294934
897 2.53036 14.8862 1.41247
898 24.9637 20.6821 -1.24752
899 9.47236 23.7358 1.43047
900 8.32918 38.0323 -0.466569
901 0.0786042 39.7917 -0.236123
902 5.8774 27.3015 -1.35816
903 13.7898 36.3484 0.482586
904 17.2674 37.5626 0.171013
905 34.2621 38.8577 -0.464879
906 16.8569 13.4804 3.70066
907 11.5579 24.7422 -1.93341
908 32.5198 38.1611 -3.64276
909 9.74429 37.5836 3.13262
910 2.02934 23.6428 -0.204045
911 33.1807 6.1792 3.34362
912 26.6173 16.5451 2.091
913 36.2946 35.3553 -3.91835
914 39.8436 27.5898 -2.03861
915 39.1528 0.513422 -0.607409
916 37.1301 21.0422 -1.18606
917 18.3696 24.5643 0.25014
918 35.8828 7.01878 -2.72468
919 29.7738 26.264 -0.49696
920 2.54804 18.4986 1.08664
921 29.1461 18.4754 -0.580146
922 25.6932 19.9866 0.837425
923 6.82041 26.8477 -0.378795
924 31.6884 28.1799 3.17879
925 18.4297 14.9471 0.92653
926 20.2707 7.77562 -2.51631
927 3.35815 31.7121 2.98346
928 33.5315 5.51067 3.31417
929 9.17588 29.5835 -4.01365
930 7.167 3.16506 -4.0067
931 11.7061 24.2734 -3.95737
932 29.1645 23.3606 -0.691794
933 19.4675 39.5478 -1.30061
934 30.7371 23.1476 0.761656
935 7.56154 14.1759 -1.81706
936 12.8365 19.5167 -2.93261
937 27.0991 4.84442 -3.00513
938 13.5369 17.8516 -2.67958
939 10.3204 2.72131 1.86204
940 12.6937 27.0766 -1.22151
941 32.5562 22.5226 1.07282
942 9.55894 19.3991 3.07897
943 12.9059 5.08877 -1.31872
944 6.9619 38.2089 -1.98216
945 0.463085 7.52134 2.53253
946 13.4749 18.2768 4.45347
947 12.6786 10.3685 0.645819
948 18.6652 7.241 -2.08077
949 6.43956 7.78038 1.27178
950 3.73522 24.2278 2.01735
951 12.5456 7.3754 2.65353
952 11.8175 24.5905 -2.47684
953 35.219 21.7629 0.753994
954 10.2797 34.8973 -0.744114
955 8.94048 2.43478 -0.334024
956 29.5511 15.6866 1.44424
957 33.9861 18.2654 1.46927
958 7.31803 2.87887 -3.90033
959 37.8367 16.9593 -0.0125843
960 11.3336 34.3793 0.162493
961 7.78786 24.9351 2.145
962 14.241 29.8131 -1.82661
963 9.78232 37.408 2.36973
964 37.4005 5.59711 1.85429
965 0.524371 31.3906 2.39827
966 14.5321 13.5583 2.58887
967 20.3387 36.3952 0.0750792
968 0.264738 16.9361 0.421551
969 16.4186 4.5985 1.90771
970 13.6204 38.7426 0.583765
971 19.3939 15.9828 2.3213
972 12.9024 20.3062 -3.5173
973 3.87722 19.687 -2.67041
974 39.7712 25.7509 2.29833
975 10.022 19.1026 1.20345
976 9.24628 15.0206 -0.00636467
977 4.42296 35.9184 -2.04319
978 11.1198 32.879 -1.42084
979 7.1047 5.77566 -0.662286
980 33.1505 15.7265 2.8733
981 7.02639 20.7604 0.240216
982 36.9211 37.1706 -2.92099
983 34.768 21.8673 2.55926
984 11.9078 26.4414 -1.11377
985 0.112762 26.3449 -3.01913
986 24.1072 19.9128 -2.84746
987 11.6765 11.1623 -0.998753
988 6.26073 23.15 -2.53326
989 25.3339 27.6885 -3.66632
990 22.7831 17.7518 2.19087
991 15.5138 19.5999 -0.139501
992 7.13264 12.7847 -1.90646
993 14.0372 13.493 1.83724
994 25.5708 17.3401 2.27806
995 13.9346 15.9241 -1.0108
996 37.6232 25.1138 -2.71821
997 3.46022 14.0545 -0.561172
998 33.988 38.54 0.424146
999 39.5311 7.64282 2.23547
