1000
Particles
0 38.3943 34.817 0.454696
1 30.942 20.3917 3.3294
2 20.3072 4.85218 2.49948
3 10.6942 35.5154 0.421708
4 17.1621 21.9071 -0.649863
5 22.9015 8.42213 0.188788
6 29.1218 2.85988 1.33151
7 32.8192 19.4561 -2.27676
8 4.81587 30.0686 3.66462
9 27.4171 19.7589 -4.25746
10 27.0211 33.034 -1.0268
11 39.2198 34.5187 4.10195
12 32.017 28.4273 3.39301
13 1.06796 9.45939 -3.72352
14 28.4425 18.5069 0.380736
15 26.6324 28.2941 -0.284145
16 23.382 32.7392 -2.10218
17 33.0431 10.3844 -0.503797
18 35.4991 13.4436 0.282403
19 15.4799 19.958 -4.23864
20 8.40424 10.1635 -2.17829
21 38.609 4.57082 0.57968
22 39.6825 18.4324 -1.72058
23 30.9622 19.453 0.789062
24 36.4949 8.01706 -1.53068
25 2.52459 34.4194 -2.61097
26 18.4254 30.0905 0.761772
27 13.0389 17.0593 -1.65128
28 3.14295 30.2244 -0.524304
29 31.0664 8.62758 -1.17746
30 18.8014 21.1297 -1.27932
31 15.0233 18.7757 1.21187
32 21.0739 7.83629 0.0104982
33 9.8403 0.85986 1.71577
34 27.9153 16.356 2.02242
35 24.4451 38.6611 -1.61723
36 19.6987 0.174306 0.738
37 37.549 23.2518 -1.04
38 33.1322 39.3199 -2.28464
39 29.4584 16.0266 1.21827
40 34.6721 35.7009 1.38082
41 15.6833 12.0287 -2.39827
42 37.5202 19.0489 -2.50728
43 25.6039 36.883 3.19489
44 23.6207 25.5943 3.31278
45 4.37168 27.7192 1.617
46 2.24272 8.13165 4.91066
47 34.533 4.90073 -1.20693
48 4.44192 36.294 -1.89948
49 8.01232 31.9568 -2.89091
50 37.0995 1.19243 1.90808
51 17.4207 39.8934 1.23111
52 33.0742 14.8378 1.87213
53 14.5667 6.25764 2.46354
54 32.8638 28.0562 -2.7097
55 37.5982 20.1075 -1.59895
56 24.2702 7.44568 1.60787
57 0.679375 30.5605 -2.55576
58 38.0469 23.4605 2.46794
59 3.78785 34.4786 -0.385405
60 5.94841 26.3276 -2.48139
61 16.2131 26.9547 -0.0328479
62 35.0913 0.432666 2.55408
63 10.1093 13.8982 -3.99339
64 38.433 25.8798 -1.32494
65 14.3991 37.3532 1.43882
66 12.0184 17.0178 1.53991
67 25.9913 19.6892 -1.00511
68 10.1795 4.90374 0.939312
69 13.0931 5.22353 1.84753
70 6.34276 34.9594 -0.996216
71 17.0896 9.99334 1.84949
72 10.1018 13.2395 -0.973247
73 24.2719 28.4232 3.00857
74 6.77281 2.44344 2.61603
75 3.66033 34.2461 1.53839
76 17.5908 6.89448 -1.39198
77 7.20284 26.9615 -1.494
78 0.0398165 30.125 1.41479
79 35.8147 2.79916 0.824037
80 35.5073 7.43809 1.35024
81 39.392 25.9159 0.783876
82 12.8752 10.2868 -0.695165
83 17.3067 26.1376 -1.31561
84 16.1727 15.9359 2.15767
85 39.2228 20.077 -1.19126
86 18.1348 6.0077 0.371933
87 21.6962 36.3943 3.61628
88 5.15396 38.8854 -1.45489
89 4.99104 39.2765 -0.499735
90 37.616 34.0411 0.986795
91 19.9203 17.7014 -0.428155
92 15.3757 21.6087 0.0625429
93 18.1774 8.55014 0.169726
94 16.132 19.0884 1.7084
95 18.307 1.18469 0.123457
96 11.4681 29.5349 0.609563
97 22.6362 35.3055 -0.793925
98 39.793 20.304 -3.28895
99 9.79527 2.05706 2.66581
100 27.5176 19.867 -4.06085
101 22.1972 25.9293 -0.131484
102 20.1024 33.657 1.52154
103 10.7724 2.63412 -1.47128
104 23.6741 7.16884 0.0538714
105 20.8229 29.7586 1.03598
106 31.7186 12.4052 2.40814
107 16.3398 23.3148 2.92422
108 24.6172 8.53816 0.987675
109 37.8983 37.0746 1.85575
110 13.305 0.51844 0.5248
111 38.9567 32.2749 -2.915
112 30.4966 37.45 2.53044
113 39.33 22.003 0.070777
114 0.790703 25.3734 3.18202
115 30.3443 24.3659 -2.64531
116 25.5583 28.7366 0.957387
117 25.3139 32.6793 -1.64019
118 21.4701 0.923342 2.19887
119 32.2307 18.2824 -1.23279
120 30.1852 27.1242 -0.353199
121 26.7097 14.2043 2.84429
122 38.0793 18.1621 0.140062
123 6.21347 26.9867 0.613737
124 15.6746 0.313245 2.02433
125 27.4347 38.8775 -3.78541
126 28.0981 22.2085 0.533455
127 36.9607 6.94784 0.417161
128 36.235 8.84193 4.0841
129 2.40475 13.2306 1.8468
130 33.7264 4.73193 -3.97775
131 36.5629 25.4229 0.139946
132 20.4495 0.73951 3.75852
133 34.3269 30.457 1.33946
134 4.05842 29.812 -3.06702
135 12.0137 7.62937 1.19623
136 24.58 7.13767 0.521449
137 28.5498 31.9163 2.07529
138 13.262 23.2769 -2.55501
139 14.9329 0.358546 0.873864
140 22.9548 31.7713 -2.75094
141 31.0165 27.8437 1.66007
142 25.2252 3.26363 0.0511129
143 16.6016 25.7304 0.180503
144 1.47188 24.547 3.0951
145 28.1742 19.1635 0.967795
146 31.409 7.67537 -1.63021
147 38.3206 1.88712 2.90301
148 36.4637 10.2391 2.42654
149 16.3706 24.1079 2.63129
150 20.8511 14.8835 0.738913
151 35.8352 39.8053 1.46251
152 20.6793 12.8074 -1.52785
153 20.7875 2.71616 -0.0275997
154 28.6894 36.3885 -2.36597
155 33.8521 27.0234 -1.2627
156 37.8261 25.9407 -0.174864
157 14.8915 13.1878 -1.62795
158 17.3054 33.2675 -0.594622
159 16.878 25.6115 -1.7146
160 3.46658 12.7584 -2.82174
161 9.47885 21.3487 -4.00743
162 26.6157 32.2835 1.35796
163 7.88965 5.35354 0.946882
164 14.7864 3.24146 -2.43985
165 23.8929 9.15415 3.05977
166 35.1676 8.54266 1.15177
167 13.529 35.2955 -0.972765
168 39.9522 21.9134 2.13026
169 38.168 32.7722 -1.95856
170 3.84909 37.3965 0.921606
171 21.9966 38.957 -4.12346
172 1.57346 17.9461 1.10799
173 22.0082 36.5599 3.09734
174 15.1377 36.5511 1.15516
175 39.6096 6.0202 -0.92564
176 19.0854 21.4492 -1.63262
177 11.7655 8.35523 1.5005
178 24.9513 16.0071 0.986093
179 30.3964 8.07707 -1.76678
180 16.757 9.38678 -0.966423
181 37.0004 27.3593 -1.00236
182 23.0195 12.3408 -0.174891
183 3.48365 24.3412 2.51647
184 32.4731 1.15708 -4.59496
185 11.1754 11.939 -3.609
186 22.5783 0.375616 2.47423
187 8.95047 38.6624 -3.06723
188 19.9676 17.8243 2.25238
189 9.04156 26.5611 3.30931
190 23.7602 23.6052 2.77146
191 13.3285 29.3719 -0.173949
192 38.5961 5.22431 1.07944
193 31.7306 17.9794 2.16424
194 18.0138 26.1059 -1.39642
195 10.4015 17.7228 -2.37737
196 29.7156 37.4372 -0.716474
197 15.6603 35.4393 1.88205
198 28.542 17.5936 0.281228
199 10.3864 9.84823 1.52287
200 31.8286 35.0433 -2.37559
201 34.8557 18.0731 1.22195
202 13.4071 19.7686 3.73216
203 25.611 15.3465 -2.60544
204 32.5472 29.7433 -1.52255
205 35.6228 29.9308 4.61385
206 16.4554 3.87438 -0.961109
207 36.9009 33.2636 3.40348
208 34.637 22.9981 1.17226
209 9.5978 33.131 0.426505
210 7.42913 24.9341 3.54607
211 38.3373 22.4296 3.17697
212 34.2903 31.6562 0.578979
213 0.70272 8.16311 2.23668
214 29.4874 22.5352 0.153377
215 35.7379 22.9848 -1.40721
216 27.8008 24.0227 0.776521
217 9.63375 9.0612 -0.243705
218 14.1751 16.5224 0.819399
219 21.9912 39.4388 -1.26038
220 13.6825 6.66626 2.38126
221 20.5542 9.87938 0.218809
222 37.6818 33.5214 -3.24972
223 19.0381 26.5842 0.0906651
224 2.88712 28.066 1.17828
225 33.6309 8.32658 3.43038
226 38.3414 21.6966 2.79681
227 4.34363 9.58884 0.402124
228 18.9449 7.26344 3.41849
229 37.4169 19.6936 -1.86226
230 30.2133 7.44832 -1.96686
231 17.8398 22.8947 0.856043
232 33.1943 6.24714 -0.957501
233 39.65 12.6066 0.408528
234 7.37906 38.5311 -2.098
235 39.5196 8.49339 1.67099
236 11.7561 36.1811 0.274128
237 11.9544 29.0093 2.40747
238 10.0574 10.6215 0.0700036
239 35.2243 13.6335 1.0194
240 22.8518 20.914 0.344592
241 14.0709 31.4143 -0.879704
242 38.4647 8.8515 1.74411
243 24.9577 39.19 -1.23852
244 36.7744 19.1813 -1.23208
245 20.8243 1.97387 3.43022
246 32.0665 5.175 3.00989
247 6.77542 1.01728 3.77361
248 5.80961 25.5617 -1.32336
249 15.5285 34.0737 -4.62171
250 15.3069 2.90659 -0.595385
251 36.7865 7.73531 2.57967
252 32.7919 16.2143 -2.42015
253 32.1784 12.7458 1.4871
254 38.7541 0.805682 -3.49845
255 26.0366 25.197 2.05365
256 4.70259 6.65583 -1.21504
257 27.276 17.0612 1.47474
258 33.9421 34.2404 -2.23221
259 36.4912 15.8302 -0.754509
260 3.89202 9.72688 0.211244
261 25.3666 24.2311 2.73788
262 27.0807 33.6335 -1.11282
263 36.1739 5.52649 0.627411
264 7.20634 25.7577 4.32796
265 1.04279 25.3195 2.06813
266 38.0811 14.2056 2.6195
267 1.24721 24.7684 1.30338
268 6.29225 25.9416 0.318496
269 23.8003 36.1457 -1.93356
270 2.6195 11.2568 -2.25701
271 30.6689 8.43482 -2.21654
272 20.2236 18.1356 2.3312
273 25.5211 34.2868 0.692498
274 10.0254 8.73749 1.41209
275 6.30442 25.6333 1.3273
276 27.7529 18.3632 1.16465
277 9.26062 21.0779 -3.91104
278 3.86171 10.9943 -1.51394
279 6.26019 26.1204 0.45641
280 6.09671 25.4613 0.597182
281 22.8905 15.1943 0.855604
282 15.2709 19.9725 -4.38338
283 19.8781 35.4728 -2.67901
284 26.0637 20.6502 -0.647167
285 39.6176 35.955 1.35174
286 33.909 5.63305 2.37814
287 10.837 17.0116 -1.58247
288 2.41282 38.9677 2.04647
289 11.9211 28.5491 3.32883
290 36.7547 24.5283 -0.74549
291 14.3707 9.05636 -2.18194
292 39.1938 19.9614 -1.68433
293 3.70773 5.33821 -1.24104
294 31.3773 27.6985 3.3634
295 17.5 9.23146 -1.41563
296 25.2984 26.962 -1.80754
297 0.44061 25.7385 2.96128
298 25.5457 37.3773 2.73292
299 20.554 25.6181 0.0255383
300 23.2735 5.03111 -1.06108
301 31.1555 25.0805 -0.294524
302 19.2411 38.7046 2.20434
303 6.89392 28.4213 -3.37225
304 10.1022 25.8756 1.58327
305 3.9793 23.9792 2.11216
306 30.3949 13.4327 -1.55641
307 11.7461 12.6277 3.18558
308 5.27406 18.6961 3.2398
309 13.5314 32.9933 -0.129034
310 16.7732 21.4333 -0.0860696
311 22.2419 4.79537 -1.69514
312 34.0485 1.88055 1.9111
313 28.1885 38.9277 -1.7264
314 16.5851 3.78628 -1.12994
315 38.7812 34.7355 1.41269
316 38.5232 36.1453 2.27767
317 26.8604 27.3766 -1.42129
318 24.7224 23.9057 1.08455
319 3.88484 37.1013 -2.29636
320 3.67452 24.5962 1.66203
321 28.8272 2.80066 -0.812914
322 6.84762 37.4662 -0.384639
323 17.9783 34.8461 0.982022
324 27.8204 15.2108 -0.990357
325 8.89542 31.3734 0.492259
326 3.29048 14.5367 -1.28458
327 22.2852 36.1867 -3.56344
328 17.0471 25.7698 0.426496
329 9.05332 18.2186 -0.385001
330 3.61829 13.4647 -1.80034
331 13.5076 36.4406 0.032114
332 32.7685 13.1104 3.49651
333 23.7086 15.4167 2.96516
334 17.5627 6.94715 -1.42798
335 7.02667 0.510476 2.9063
336 15.5259 36.2208 -1.38628
337 8.53556 15.5993 -3.34467
338 14.1152 28.7573 -1.40696
339 0.019296 33.002 -4.22777
340 5.39358 25.3688 -1.84048
341 31.6339 29.0522 0.149335
342 10.4593 13.0776 -4.21938
343 11.1563 12.959 3.76127
344 11.2211 2.03659 1.19729
345 31.1448 27.7433 1.70651
346 19.3297 6.83441 1.03104
347 4.50943 37.1207 -0.891278
348 8.99931 18.9041 -2.17849
349 17.6773 18.5482 1.42947
350 4.86071 19.3185 0.996511
351 9.236 20.4476 -3.10034
352 26.3932 26.2031 0.688691
353 25.9335 6.75343 1.39846
354 36.4042 39.6923 0.202357
355 18.203 18.2712 1.01107
356 27.814 32.6764 0.113072
357 11.1841 27.1911 2.48631
358 12.5022 17.2312 -0.155319
359 36.2322 26.4833 -2.68867
360 27.9759 23.5565 -0.0272289
361 29.6433 30.902 2.77489
362 39.5546 22.9064 1.25295
363 37.842 11.5988 -1.17376
364 5.96104 16.9893 -4.03168
365 10.2175 37.1507 1.66811
366 16.6278 8.40804 -0.0469542
367 8.98344 1.47047 1.97823
368 21.4476 2.66703 3.30842
369 14.9243 35.9791 1.48803
370 20.7781 27.6407 -2.47874
371 21.376 17.6166 0.473394
372 25.0843 25.9681 1.974
373 15.0602 11.0922 -0.515417
374 11.4205 17.4009 0.143665
375 14.4831 11.5098 -0.668173
376 0.400356 27.7989 -3.72112
377 1.96776 7.18614 3.20246
378 11.002 2.99875 0.894672
379 33.9775 28.7609 -0.247219
380 35.0746 30.6187 1.07683
381 13.2531 35.2508 1.81052
382 3.32667 18.149 -0.412418
383 20.1447 33.3418 0.0869001
384 29.1882 5.95276 -3.8047
385 15.8429 15.5859 1.42988
386 22.8321 7.51875 0.597802
387 4.21662 4.84173 -0.117715
388 33.5413 23.6095 1.78965
389 2.97422 4.87389 -1.6154
390 35.3406 23.6813 -0.378942
391 17.364 12.2397 0.788065
392 22.2747 29.2691 -1.35781
393 20.4817 4.68795 1.15215
394 27.3313 35.9161 -3.39927
395 35.9212 17.4241 3.49053
396 1.57426 6.99501 4.73722
397 3.38884 2.80299 -3.5181
398 38.8687 30.9573 3.12365
399 37.6262 22.3676 2.78997
400 1.76061 0.554419 -1.64546
401 24.4771 32.927 0.540946
402 35.1479 9.47667 0.0802734
403 0.670987 25.0834 2.5076
404 23.8658 28.1394 4.10893
405 1.89694 25.1183 3.46964
406 22.8955 0.962998 4.28314
407 37.8265 3.49741 1.43515
408 6.72759 13.6618 2.99474
409 14.2075 3.73272 -1.10697
410 24.0169 24.7336 2.18366
411 15.1425 20.6036 -3.4818
412 0.965737 6.0364 -0.314955
413 12.4782 12.6146 4.2408
414 3.72085 15.8699 -0.979854
415 12.1951 29.0876 2.06316
416 21.8077 35.6689 -0.99162
417 0.72121 3.05929 -1.38147
418 26.4846 24.4417 1.34692
419 23.2847 7.32038 0.221493
420 20.9511 1.57346 2.27038
421 7.96609 18.116 -1.06941
422 9.95176 9.89854 1.56287
423 27.536 7.85639 -4.70358
424 27.6854 21.3058 -0.562619
425 20.4972 2.60748 1.71716
426 9.38285 20.7637 -2.5264
427 15.6313 18.1524 2.57589
428 3.7729 7.54996 -0.195725
429 3.21702 8.86239 2.74694
430 19.9762 17.0163 1.89824
431 4.20073 9.62549 2.89519
432 20.6365 32.8163 0.791754
433 27.3799 25.6263 0.308374
434 5.50719 24.6422 1.93175
435 28.6074 35.5919 -0.806664
436 0.877965 24.4012 4.05058
437 12.9409 34.2673 -0.668479
438 4.63522 20.8597 -1.9129
439 33.6683 20.7451 1.08455
440 24.8648 7.2824 1.33041
441 12.3987 3.1039 -1.34403
442 12.8174 27.8608 4.72705
443 21.7877 15.7925 0.538502
444 12.6178 17.0604 0.685233
445 10.0589 24.5722 1.32271
446 20.9494 7.06666 -0.137208
447 2.93453 7.63071 2.4693
448 29.7812 28.2827 -3.86328
449 16.2531 19.1173 -4.05381
450 8.65249 21.2572 3.25448
451 35.555 9.36272 1.85462
452 12.6445 14.4082 1.30145
453 6.8218 28.0157 -2.09337
454 34.0063 5.70418 0.742371
455 31.8195 5.81766 -0.294328
456 9.33766 5.66771 -2.24781
457 25.0886 20.1739 -1.3421
458 35.6278 18.4712 3.88846
459 10.3873 5.62187 1.07878
460 9.26881 3.31292 -3.63789
461 10.2314 2.10337 1.50881
462 26.7801 18.5131 -0.726085
463 1.66417 31.3563 4.01441
464 30.0638 19.4506 1.95827
465 29.5547 20.137 2.07481
466 31.3799 20.9052 3.24792
467 11.2244 36.7354 -1.0426
468 27.7564 32.4353 2.73572
469 16.7511 33.5227 1.04104
470 10.5047 13.0056 -0.93393
471 36.3983 19.6964 -2.23551
472 12.835 9.73059 -2.56695
473 14.8771 2.41237 -0.602889
474 7.075 38.8854 -1.8771
475 32.3056 5.99741 -2.59394
476 19.2915 26.0818 -0.298677
477 14.7209 33.1711 -1.96092
478 31.8167 22.7903 -1.41113
479 0.508066 27.2508 -4.32353
480 33.0356 19.1399 -2.0718
481 26.2128 37.5181 3.86264
482 7.1536 32.3193 -1.96839
483 11.7148 30.9194 -2.39815
484 11.9343 34.5311 0.492352
485 7.95379 1.15982 1.69441
486 14.2737 31.0742 -1.49051
487 30.3015 31.3257 2.85488
488 36.4472 8.64449 3.27288
489 17.0254 3.12501 -0.291609
490 8.06324 1.36298 2.7404
491 16.5567 7.384 -0.800121
492 19.7183 1.72818 -1.90065
493 3.55081 26.6049 0.717886
494 9.63595 19.4895 0.174502
495 34.7047 15.5039 2.39407
496 30.726 23.1509 -2.29038
497 0.551988 26.043 4.02846
498 15.8093 17.5412 0.804329
499 11.1233 18.7451 1.49004
500 6.67045 16.5986 -2.9648
501 26.8237 12.4438 -2.70656
502 35.6309 7.62947 -3.24154
503 17.1623 30.8272 0.619033
504 36.637 33.4432 1.95581
505 9.18301 0.893889 0.0586284
506 29.8298 27.5067 -2.38295
507 22.4254 12.1435 0.888898
508 39.9336 23.8723 2.13901
509 25.0475 38.2729 1.87827
510 33.0928 0.601916 -0.988959
511 23.8362 32.4729 -2.80142
512 36.581 31.1293 -3.06807
513 14.2957 32.4091 -1.37196
514 12.3098 28.0691 3.71382
515 15.0833 17.2597 0.11167
516 21.5806 39.547 -3.68953
517 15.8346 14.1266 2.84659
518 14.3072 11.619 -0.806265
519 15.0722 18.1089 0.749427
520 36.1676 9.71551 2.44972
521 37.5894 24.4709 -1.86068
522 20.8663 17.8248 1.35194
523 11.5156 18.4902 0.329378
524 6.10733 24.9003 -1.07055
525 5.71674 11.8393 -2.22421
526 2.64717 25.2571 -0.070457
527 16.2202 6.88204 -2.00301
528 21.1413 1.81364 0.260372
529 31.0752 8.06728 -1.61166
530 33.8021 9.2053 1.72251
531 26.1438 10.8198 3.14591
532 20.2152 39.0675 0.674325
533 21.5505 28.1843 -3.86457
534 12.9021 26.8583 -0.946095
535 3.49858 5.12802 -0.114809
536 32.5442 19.281 0.1913
537 0.620062 21.4017 3.47999
538 1.71818 1.35087 1.23687
539 1.42393 4.78269 -0.270776
540 29.5807 24.2268 -2.7936
541 27.3525 21.1605 -1.32528
542 36.998 30.4968 -3.25772
543 8.84602 14.0834 1.24418
544 3.99993 4.11706 -3.69437
545 17.3388 22.9179 2.98315
546 1.75693 33.581 -3.08341
547 6.88478 17.5575 -2.47335
548 37.7035 33.2443 -4.45573
549 1.60673 25.0087 1.18919
550 6.65642 33.1205 -2.4478
551 20.7168 20.0395 3.61742
552 0.748442 5.95395 -1.11853
553 18.8271 26.389 0.871644
554 19.5958 7.48497 2.28329
555 37.4834 15.4145 1.10001
556 32.412 22.8691 -1.56948
557 8.62184 26.2482 2.41858
558 37.927 3.47678 1.90028
559 27.8492 32.1276 2.0047
560 29.9016 24.7559 -1.3695
561 7.40845 22.0346 -3.75299
562 4.99031 26.2418 -2.3467
563 4.09752 15.2667 2.27621
564 14.9425 22.4165 -0.0712678
565 1.9116 19.1245 2.50365
566 18.5267 34.5769 0.527579
567 33.9546 15.5335 2.6738
568 2.52061 9.66952 0.785253
569 3.47815 19.7421 -2.19058
570 5.32453 30.0127 2.6032
571 17.8686 12.2952 -1.67929
572 38.0091 29.9259 -2.32474
573 21.9333 37.219 -2.39415
574 12.2273 22.5825 -2.95235
575 19.9006 21.3013 -0.797907
576 0.864097 1.25092 -0.728406
577 23.6502 31.5487 1.68725
578 6.78221 38.0955 -0.946571
579 5.64973 9.66418 -1.91633
580 7.89226 29.4838 2.00392
581 6.8435 30.2512 0.00797504
582 28.3391 26.1227 -2.16234
583 21.7732 38.6178 4.03845
584 36.9726 11.4103 -1.26668
585 4.97794 21.4766 -4.27706
586 24.2643 19.5254 1.28954
587 29.8349 31.9941 3.68082
588 18.6249 32.79 -2.69675
589 27.7099 18.9799 3.13531
590 3.60881 4.24453 -3.1941
591 1.17898 23.142 0.213819
592 33.375 28.87 -3.60915
593 15.9113 23.9736 -3.71738
594 4.37323 3.53433 -2.1358
595 25.2923 18.1962 -0.603512
596 38.0973 34.098 1.57342
597 26.6921 10.8771 1.30369
598 34.7776 12.9547 1.40472
599 13.7793 32.2634 -2.02623
600 7.43212 1.13068 4.3484
601 19.369 35.1953 -1.4592
602 7.83236 18.8947 -3.72787
603 15.0764 17.7399 1.47492
604 28.8747 23.576 -1.73221
605 9.91628 36.2645 -0.616709
606 39.5725 29.8221 0.483962
607 1.74992 8.04191 4.22606
608 4.22462 6.61006 -0.325938
609 25.1697 38.3082 3.54233
610 31.5997 24.0131 -1.98991
611 39.2897 23.8912 2.38898
612 21.1548 10.0193 -3.63186
613 21.5473 11.2774 -0.678933
614 0.268959 6.02125 -0.362099
615 32.349 12.9114 2.34822
616 33.8583 11.8283 -2.24659
617 23.935 32.3127 -1.35539
618 1.78877 39.8368 2.33363
619 27.2154 34.8015 -1.8929
620 36.1389 36.3849 -0.711892
621 24.0906 15.2125 3.08239
622 12.3857 3.31069 -1.80287
623 17.148 8.39626 1.56838
624 29.6299 4.87213 -2.33579
625 20.1321 8.48132 -2.5601
626 6.95061 39.3038 -3.42587
627 3.79378 33.9636 0.326434
628 18.1772 8.08337 -1.31274
629 25.8591 0.611144 0.560927
630 33.919 32.3663 -0.40305
631 27.1007 35.1803 -1.84254
632 29.885 30.784 3.14898
633 38.9163 21.9537 0.610249
634 39.3302 7.09821 1.19916
635 26.1944 29.3918 0.11526
636 20.6465 2.86855 3.00793
637 0.868889 23.7046 1.77562
638 33.9364 22.5308 -0.855751
639 32.8346 9.02425 3.04486
640 6.21774 19.1703 -2.03242
641 23.825 4.88261 -2.71352
642 16.5324 38.0389 -3.44078
643 27.8772 26.3159 -1.53831
644 11.1329 5.58114 2.99334
645 3.46801 13.5354 -3.90327
646 10.3979 6.32419 -1.1878
647 12.5159 17.2819 0.719412
648 37.0325 35.2776 0.0611463
649 19.2636 23.3085 -2.25273
650 29.9809 12.7879 -2.05711
651 24.6044 21.1082 -0.244045
652 6.14915 39.0942 -1.65439
653 12.8149 3.67539 -0.780929
654 19.931 15.5971 -0.228648
655 34.1011 32.6437 -1.73477
656 11.158 11.6001 -2.64438
657 23.525 7.89166 0.0363998
658 7.94604 29.464 1.15645
659 35.0973 38.6453 1.27096
660 25.4113 12.1158 -1.57711
661 38.1457 19.6679 0.877929
662 33.3981 31.6966 -0.771303
663 15.9212 22.8468 3.19372
664 29.7834 15.2947 1.6594
665 35.9924 1.8885 -0.287533
666 26.8849 35.4557 -2.3693
667 39.7242 34.7013 2.71583
668 13.1254 33.2944 -0.940302
669 15.6498 25.4742 0.316768
670 39.6141 26.9127 -1.1608
671 29.8075 37.6896 0.770497
672 14.3574 31.6388 -0.364238
673 33.6202 4.64341 -4.01753
674 10.9025 20.8747 2.96344
675 29.9408 14.732 3.10057
676 30.406 35.8281 -0.343147
677 29.9398 19.4435 3.4222
678 31.3806 1.65311 2.39236
679 19.7243 21.5101 -2.55802
680 17.7061 28.565 -0.419143
681 9.35853 38.2363 -3.24026
682 34.2299 33.7894 -2.0066
683 27.3681 25.0563 1.5016
684 10.6542 37.8232 2.37644
685 25.2024 26.2011 -0.680914
686 39.2151 3.46781 1.06707
687 22.0214 9.60243 -1.06683
688 32.2387 4.06546 4.6384
689 13.3522 1.00548 -1.73596
690 19.5274 28.4619 1.82225
691 17.8964 30.5078 -0.484231
692 25.0673 13.1169 2.19118
693 39.2149 18.9065 0.247365
694 29.8337 30.9055 2.95932
695 17.9931 26.8374 -0.943147
696 30.8883 27.7742 2.06782
697 32.4686 6.00667 -2.19395
698 34.7449 13.2817 2.84766
699 24.0125 23.3348 3.59324
700 3.68383 4.67003 -0.648968
701 26.319 0.628908 -2.11217
702 39.0568 7.11101 2.23577
703 37.9334 15.8708 0.963097
704 27.4071 31.7745 2.3731
705 3.65088 34.7868 -1.05825
706 35.4218 34.4508 0.163897
707 11.4807 9.94028 -3.35461
708 28.4052 16.4075 0.118287
709 24.4568 8.84733 0.277551
710 17.9874 28.3133 -1.20759
711 34.0838 26.4749 -2.16006
712 25.986 11.7352 4.31877
713 33.5296 14.9641 1.55601
714 27.9695 29.726 2.72619
715 39.0495 4.00872 3.32783
716 18.4904 34.5262 0.845119
717 17.1149 26.6051 0.135282
718 12.1961 27.557 -2.88229
719 11.0048 34.6816 -0.435971
720 12.6334 26.8313 -3.08018
721 28.1223 33.3321 4.07319
722 38.6953 3.47049 0.998801
723 19.6758 1.30786 -1.91855
724 16.5807 1.61043 -1.86474
725 26.8741 0.796639 -2.20863
726 6.79029 28.4742 -1.82703
727 4.1978 27.6142 -0.323118
728 2.14871 10.2874 0.896305
729 21.3816 38.472 0.146621
730 19.2918 6.89274 0.089867
731 32.8402 22.1558 -1.64136
732 25.8194 35.1984 -2.29979
733 33.5224 25.2294 1.7993
734 23.7547 8.25162 -0.870466
735 19.655 19.9321 -1.03697
736 20.4436 31.3414 -0.618315
737 33.2373 32.8988 -1.37225
738 17.2736 9.03933 0.432159
739 12.0812 28.5114 1.81106
740 3.15211 18.9832 -1.06872
741 11.0874 34.0817 0.383703
742 24.0587 13.0192 -1.26051
743 24.4993 24.4508 -0.515666
744 34.0332 20.1586 0.490154
745 16.3338 34.0173 2.58983
746 14.1147 10.8218 0.580457
747 13.4141 27.3946 -1.78852
748 15.8493 25.5265 -0.81954
749 4.00082 5.90578 -0.226425
750 1.73191 32.1871 1.43251
751 8.65566 1.73467 2.79072
752 38.1016 17.7053 -0.0246004
753 9.7723 23.3105 -0.895391
754 28.1166 22.4165 0.243989
755 22.7105 5.52829 -3.72624
756 0.125758 5.59821 -1.7785
757 14.273 22.6758 1.49365
758 36.6989 23.4614 0.881342
759 7.72597 29.664 2.18965
760 36.8323 37.8231 -1.66939
761 11.9277 19.5527 3.76358
762 23.514 26.552 -1.05988
763 14.0374 0.261353 -1.2917
764 26.3457 3.44975 -2.51954
765 29.0598 26.518 -2.84239
766 9.97023 16.9395 0.360921
767 34.4067 15.1831 1.3428
768 6.56726 17.5389 2.80323
769 20.1293 26.8081 -3.11593
770 8.28698 26.1984 3.58107
771 2.26085 21.5897 -2.48808
772 14.2192 33.7276 -2.47508
773 36.211 29.7885 2.27515
774 36.8438 39.4695 -0.56105
775 16.82 9.0101 -0.0318029
776 9.96971 21.6386 -3.53134
777 4.56089 24.1284 2.10512
778 33.1404 25.7841 0.867197
779 17.7747 37.9611 -1.349
780 2.8296 1.48866 -1.72278
781 32.1898 3.30192 3.77841
782 12.3246 6.84879 1.5955
783 13.7346 8.24787 -1.72529
784 29.984 0.640514 0.439143
785 26.0421 14.4135 4.3458
786 6.942 23.4416 -4.29417
787 35.7167 0.15411 0.578566
788 3.98032 35.7745 -2.4989
789 39.3363 13.2695 -2.56597
790 8.47568 30.7366 2.19978
791 15.7442 19.0537 -2.52844
792 10.156 28.4139 2.8407
793 27.3176 0.127386 -2.30628
794 23.4166 27.6937 -4.0957
795 8.3825 9.32446 1.33884
796 17.3544 26.8396 -1.86332
797 1.49747 31.1663 2.95898
798 26.735 8.59307 -2.45437
799 20.9273 4.59161 1.29823
800 29.6363 8.04444 -1.565
801 21.953 15.4668 1.82009
802 32.9771 17.5473 -0.610696
803 10.972 3.44618 0.157365
804 4.44779 19.3092 4.43165
805 5.12295 22.0637 -3.20473
806 13.6652 28.4228 -3.56239
807 22.4843 8.17692 1.60677
808 23.6555 21.8106 -2.81066
809 23.3042 8.86542 0.0401645
810 15.7743 36.67 -2.44951
811 10.9383 26.3464 1.58084
812 9.26246 1.40712 0.595279
813 4.51448 8.26296 -0.374568
814 26.8893 38.2264 0.794015
815 35.4496 19.6519 -1.22722
816 20.5988 38.0182 -0.6793
817 16.1305 36.7365 -2.01169
818 6.23136 16.5826 -2.04877
819 26.3059 3.27257 -2.28335
820 38.517 3.47768 2.39408
821 16.8264 6.95188 -0.551931
822 8.41776 4.99573 0.722036
823 27.197 39.0909 -2.68935
824 37.1582 19.4217 0.610091
825 37.1172 26.8744 0.198769
826 3.68277 15.2378 -0.363785
827 37.9897 14.8986 0.609177
828 18.8871 17.8607 2.19669
829 16.4485 33.0211 -0.275514
830 13.002 23.9905 0.124815
831 10.9735 36.2521 -0.503407
832 32.1421 30.5724 -1.52442
833 11.413 11.9506 -2.03075
834 20.1298 7.57291 1.44524
835 4.17304 27.6915 -0.475332
836 22.8721 28.687 3.50963
837 31.3186 28.0143 1.35029
838 20.4341 3.1299 1.22488
839 4.97143 24.3368 -0.574155
840 23.6284 11.8949 -3.63147
841 29.6136 32.5774 2.98364
842 18.5047 29.9765 1.52482
843 10.0688 1.80653 2.51413
844 7.69032 22.4941 -1.18925
845 2.76088 26.3963 3.17317
846 13.7245 33.5624 -3.22785
847 2.10488 24.6696 1.62882
848 23.9204 23.6507 -0.295319
849 16.0118 14.1683 1.49381
850 0.840807 32.8866 -4.43871
851 1.65207 38.4922 2.09036
852 26.4341 29.1998 1.94481
853 26.9841 25.0617 0.200778
854 38.5339 32.0631 -2.76142
855 16.4352 0.957047 2.15747
856 15.8747 35.4221 1.90269
857 12.8821 17.096 0.96875
858 5.09785 25.5749 0.865928
859 14.0693 35.8177 -0.569866
860 37.9757 20.1742 -1.49874
861 4.7065 16.846 -0.0770995
862 3.17626 34.3067 -0.907958
863 11.9624 12.5242 2.68275
864 24.6534 7.99903 -3.21501
865 29.9403 28.7999 -1.04964
866 26.3956 1.16348 -1.5789
867 23.0829 35.0012 -0.77294
868 29.92 24.5343 -1.58742
869 0.29442 16.9109 -1.36034
870 2.4694 7.25879 -3.09832
871 18.7159 22.8862 0.276486
872 26.8934 25.0983 2.90176
873 16.2853 22.8376 2.02369
874 37.5878 11.96 -1.69646
875 33.8406 12.0408 -1.70854
876 2.71046 14.3495 -0.173098
877 38.1864 2.66381 3.32633
878 6.48313 38.5492 -1.28262
879 3.50164 30.4574 -2.68463
880 3.13853 20.093 0.943844
881 4.07838 24.5799 2.20715
882 24.6862 2.09957 2.96199
883 37.5574 24.453 0.417729
884 9.47843 17.248 -0.823714
885 9.85784 11.4411 -0.935844
886 16.4997 23.187 0.522866
887 39.0921 22.499 0.213783
888 38.0405 24.0028 -0.843637
889 4.7002 10.6963 -0.00386496
890 16.6008 15.407 -0.421405
891 19.3645 21.2442 -3.2521
892 19.4758 2.35383 -1.11719
893 31.2716 29.27 0.756635
894 33.7209 31.845 0.822624
895 32.8097 16.1305 -2.11724
896 18.0944 2.55662 -1.77233
897 37.6848 10.0277 -1.3782
898 18.6398 17.1359 1.71495
899 7.73548 22.7807 -4.76005
900 16.4446 8.01333 -1.09976
901 0.341136 0.167205 0.805855
902 39.7108 34.2119 1.69609
903 6.65889 33.8519 -0.638865
904 20.046 1.63722 -1.29696
905 25.2066 32.9778 1.66285
906 26.4121 23.7129 1.03064
907 17.1069 30.974 1.60186
908 33.4883 30.914 1.11366
909 17.5967 5.91328 0.721376
910 30.5076 20.6833 3.33831
911 30.5976 27.6587 3.01859
912 27.4588 21.7469 -0.412302
913 38.0484 25.5594 -2.29248
914 3.06793 25.3226 0.507732
915 36.3593 34.141 2.40125
916 25.379 17.7565 1.72299
917 6.60484 27.0513 -0.188737
918 3.63853 6.23799 0.603592
919 30.3197 17.1198 -2.27943
920 7.92618 21.258 3.69387
921 30.7443 20.4177 1.54153
922 22.5508 15.8721 1.76505
923 12.3616 27.4164 -2.85428
924 29.0321 31.8804 4.19044
925 16.7732 39.1574 2.63841
926 26.6997 35.1804 -1.46084
927 6.26689 32.0773 -0.176421
928 33.3583 2.45796 1.87656
929 37.3225 30.8063 -2.49794
930 12.2949 6.54462 1.91381
931 12.6498 19.1321 3.81528
932 4.73945 23.8084 1.49791
933 14.7621 4.66932 -1.24424
934 28.7492 26.0798 -1.67081
935 5.28689 6.88769 -1.12579
936 14.3824 21.7357 1.2168
937 11.4631 1.63664 0.550319
938 23.2597 23.6269 2.71092
939 21.5617 6.45685 -1.73353
940 18.5004 19.6664 2.16205
941 19.9612 17.436 0.18274
942 6.87053 11.842 -0.855527
943 11.4787 5.84642 0.231259
944 3.81306 34.1316 -0.321853
945 7.11004 1.76577 0.670198
946 19.1962 22.9785 1.02312
947 20.1219 4.74872 0.949859
948 13.9309 3.97252 -0.538996
949 3.06387 13.3309 -2.42905
950 36.5204 26.4099 -2.53931
951 15.4147 6.49202 1.99204
952 16.3851 14.9696 0.732072
953 29.8593 18.7086 2.60343
954 6.93606 39.079 -2.21046
955 39.444 9.04413 2.89969
956 29.7834 9.83292 3.01726
957 31.8108 22.0529 -1.93002
958 5.7033 34.5359 1.75984
959 27.0779 37.2927 1.60387
960 6.31769 39.2307 -2.50749
961 2.04409 25.4082 2.22794
962 13.2434 32.2329 -2.86775
963 17.4507 38.1226 -4.3208
964 1.82007 7.63654 2.48358
965 35.5181 22.7955 -0.207997
966 11.6179 18.6799 -0.638486
967 21.1649 39.2703 2.54802
968 30.9134 25.0524 0.26307
969 14.9223 4.04149 1.06301
970 27.3934 34.5747 -1.62775
971 30.7572 15.5214 -1.08374
972 13.0229 17.796 0.802709
973 12.4971 23.9602 -1.43441
974 29.6155 17.0199 1.43967
975 15.6327 21.2193 2.29213
976 3.72889 6.89535 1.10551
977 5.62093 38.1085 1.41045
978 13.0471 27.3355 -2.16973
979 4.30924 37.4158 -0.984802
980 35.4568 13.463 1.17848
981 8.70591 20.1463 4.30707
982 34.1157 8.77624 2.85258
983 26.7343 14.4704 1.60796
984 10.5545 35.4706 -1.5413
985 8.77191 22.9834 -1.09686
986 23.5051 12.4347 2.08425
987 8.43753 9.59828 -1.86258
988 38.9591 24.373 2.67158
989 24.3375 32.7477 -1.64698
990 21.5336 17.615 0.0768178
991 8.37376 26.4831 3.42269
992 0.900181 17.0082 -0.635582
993 14.5072 21.4765 0.845924
994 20.7224 24.6037 -2.31594
995 14.6093 21.6713 -1.66834
996 30.5335 18.4418 4.15225
997 37.9778 18.5738 1.60104
998 36.3596 36.0711 -2.90809
999 33.5007 19.8486 1.7787
