1000
Particles
0 36.3388 5.31559 1.87343
1 34.4456 19.9646 -1.52016
2 18.4111 37.0268 0.463614
3 8.91259 35.6554 0.197525
4 12.5141 16.2043 -0.686982
5 24.4564 36.8632 -3.85443
6 33.5942 2.20786 -2.9508
7 36.0241 14.8604 -3.65809
8 4.3813 32.6496 -1.63892
9 30.118 23.2265 -2.66857
10 30.2009 28.3204 3.93058
11 35.5599 34.3962 3.5849
12 0.268621 27.5004 0.344514
13 4.08244 8.29123 0.224273
14 28.6042 19.0226 3.7783
15 25.7463 29.1904 4.53416
16 27.9292 37.8779 1.50861
17 33.5065 14.0856 -1.29719
18 1.67758 16.0643 -0.984708
19 14.3912 19.1815 1.66943
20 8.96741 14.2314 2.82746
21 39.731 3.6712 -0.88542
22 39.9122 27.8043 -0.247348
23 37.2851 17.506 0.468833
24 30.2424 13.6268 1.38435
25 38.4451 32.2631 0.474157
26 19.7706 29.8869 -1.39376
27 16.8685 16.1802 -1.34148
28 2.68259 2.15812 -0.818045
29 32.9595 5.06869 2.28093
30 6.91868 26.1444 2.76493
31 10.8416 16.2693 -1.54793
32 13.9016 13.4736 -1.31493
33 4.1023 35.9692 0.12965
34 18.2297 11.9577 -0.945591
35 18.2716 1.62726 0.43214
36 13.5193 7.71099 -2.06355
37 2.42507 23.8527 3.29818
38 18.4079 37.7131 1.77321
39 35.582 18.2753 -0.597273
40 33.659 36.37 -0.464587
41 15.1091 11.377 -0.42505
42 28.9064 23.0036 -2.95998
43 24.0711 30.6137 2.94073
44 20.1533 21.1541 2.95551
45 2.88855 24.6589 1.40186
46 2.08464 4.14768 -3.80947
47 35.8396 7.80889 0.80991
48 1.72929 30.5563 -0.773131
49 9.84095 33.3596 0.940464
50 35.1293 34.9822 3.42927
51 17.1645 8.60492 0.574578
52 32.0747 38.1064 -2.68677
53 17.7017 10.3379 -0.135736
54 30.4641 27.215 4.4568
55 37.7478 15.8519 4.22565
56 31.4237 11.0161 -1.35701
57 36.7243 35.6482 -1.06971
58 38.4827 10.8396 -2.71803
59 8.15318 33.6792 -1.01416
60 3.32765 21.8381 -0.349127
61 19.644 23.8161 2.07328
62 34.2212 4.27941 0.894268
63 6.80374 18.9009 -3.85954
64 0.687487 23.9943 2.08416
65 16.6132 1.46458 -0.0273645
66 4.21592 20.2474 3.53746
67 30.5707 14.3403 -1.95303
68 8.69923 1.53222 0.462504
69 17.9355 5.58201 4.49278
70 7.70697 34.0345 -3.4387
71 3.52589 10.3376 1.45113
72 7.21751 17.392 -1.02133
73 21.2982 22.6598 -0.458728
74 12.6576 0.774132 -0.178707
75 2.9188 2.15768 -1.40408
76 18.2742 5.3901 -4.11973
77 19.0436 18.9452 -1.76477
78 29.0809 23.977 -0.434096
79 26.3946 35.6213 -4.38724
80 32.1801 3.50063 -1.6577
81 10.091 20.5165 -0.423501
82 9.75448 7.99454 -2.24938
83 15.4512 19.4355 3.01879
84 26.6372 16.7172 -0.66641
85 0.036073 9.44623 1.6556
86 20.2093 3.77711 3.08714
87 22.6017 2.34264 -0.568589
88 4.3792 1.98176 0.228761
89 11.2732 29.3129 -3.76464
90 33.9892 32.4739 -0.797377
91 19.8435 14.9343 -0.791651
92 20.3242 14.6384 -0.561838
93 18.302 10.1397 -1.00278
94 9.73284 10.0305 1.13323
95 18.8616 2.28846 0.679709
96 17.9803 30.4741 -2.83245
97 23.7048 31.0574 3.24928
98 1.01782 28.939 -3.39961
99 10.1228 32.9784 2.93648
100 26.0396 0.138378 -1.51407
101 15.6723 22.1805 2.32448
102 26.0774 35.2561 -0.871086
103 12.746 7.32091 2.33061
104 32.0695 7.63214 -0.0996325
105 19.5064 29.9366 -0.88715
106 38.4209 7.83386 -0.357669
107 16.875 26.2189 1.48163
108 20.0743 11.3534 2.40044
109 36.8081 30.8033 -0.605011
110 8.19891 32.2544 -1.62882
111 13.1933 31.9688 -1.7057
112 33.4406 39.3155 0.418994
113 36.8239 15.4886 -3.66717
114 9.76513 27.7872 3.03328
115 36.6467 20.7479 -1.00033
116 28.5979 25.2671 -0.944772
117 24.1437 29.6898 3.46994
118 18.4483 35.8949 1.66186
119 37.2645 18.8324 3.38104
120 1.21887 32.9378 -0.739867
121 19.7481 15.8354 1.16343
122 30.2536 9.24469 -0.518551
123 4.3854 18.0007 -1.23445
124 14.9365 7.52329 -1.77589
125 23.1175 37.9462 -0.0774066
126 19.2422 19.1982 1.08498
127 39.4023 1.18396 -0.618822
128 32.4325 12.0363 -1.36617
129 6.28538 9.39774 -3.22565
130 30.3597 8.23712 0.685122
131 35.2769 25.8243 0.848523
132 14.048 34.3618 0.475677
133 26.9522 31.6545 -3.52621
134 11.3696 32.7827 2.58672
135 22.9285 3.18461 -0.922079
136 28.1625 7.1685 -0.8708
137 34.0944 36.3349 1.95149
138 8.21343 13.7026 3.17749
139 9.43727 5.03107 3.06448
140 17.504 33.978 -4.79895
141 39.8139 37.5802 3.29529
142 26.425 0.978387 -0.369503
143 20.9916 26.9114 1.9025
144 1.62134 26.3452 -1.13677
145 29.5542 27.4847 4.28278
146 0.226465 3.529 0.181471
147 37.602 38.0009 2.93883
148 38.4039 3.70664 -2.62442
149 18.9937 26.3256 4.05514
150 6.56394 12.08 1.52011
151 37.727 1.94186 -1.6563
152 17.3852 16.4425 2.38907
153 23.3261 6.77365 0.645242
154 27.2498 28.6843 1.06422
155 27.4159 33.6002 2.26564
156 38.2209 29.4574 -1.56815
157 27.1462 18.2453 -2.10358
158 20.1977 35.5332 -1.72394
159 17.8605 27.838 -2.87861
160 6.32539 22.3695 2.99657
161 6.42038 14.732 1.90267
162 27.794 37.39 1.50332
163 10.135 5.18603 1.60398
164 12.7258 2.48518 1.11171
165 21.3922 3.81907 -2.70117
166 35.4026 0.473496 -3.81457
167 13.2699 5.42016 -2.32729
168 35.4703 24.0882 -0.594088
169 2.23398 30.461 -0.731042
170 0.0497638 36.8939 -2.59491
171 11.213 34.1874 -1.63922
172 38.5218 22.8669 0.938214
173 15.122 24.5226 -0.0456095
174 10.1931 34.5518 1.43411
175 4.62274 17.4925 1.69444
176 24.7954 25.6218 -2.89443
177 19.0471 8.45664 1.93011
178 20.2994 16.9303 2.05622
179 24.9082 3.26642 1.02161
180 11.9098 14.9121 1.54693
181 36.2934 28.479 -1.45384
182 19.9829 9.71307 3.62075
183 0.730349 17.4754 3.29472
184 23.971 35.5231 -1.99334
185 8.58639 9.46111 3.23461
186 35.3087 10.1729 -2.80015
187 7.55711 37.9355 -3.2764
188 21.3111 16.7663 4.05344
189 5.51976 22.1521 1.52436
190 26.0035 22.4719 -1.28092
191 15.0579 32.602 -2.04575
192 33.0332 11.2035 1.04913
193 27.5543 22.3506 0.716151
194 5.20895 31.0723 -1.87086
195 21.4844 17.0523 4.72988
196 25.9335 38.1739 1.08736
197 15.3298 4.8916 2.98713
198 34.1181 9.76019 -2.04249
199 20.1864 5.05627 1.3724
200 1.44628 2.87687 -0.873194
201 35.6872 15.1781 -2.66528
202 18.3836 17.0521 0.549142
203 22.6757 10.7322 1.02299
204 34.7013 37.9271 0.241563
205 6.50337 29.4266 1.4044
206 3.77839 1.94752 0.550842
207 39.8288 32.868 -2.99334
208 30.9496 29.743 2.78098
209 15.7762 26.1261 -1.06955
210 9.23893 21.4194 0.795701
211 35.9995 26.5187 1.30553
212 1.39714 31.1758 0.755554
213 2.08147 6.08243 -2.77486
214 0.732127 15.7745 -1.60039
215 0.0455478 14.0164 -3.08271
216 31.091 26.7176 -1.17262
217 11.8914 6.23156 2.33686
218 24.5008 19.9112 0.926653
219 18.3777 11.6555 -0.577703
220 17.0592 8.45528 0.985917
221 29.1162 13.539 0.379013
222 35.721 21.4689 -1.19607
223 18.7266 39.8729 -2.20621
224 19.1532 34.8658 -0.368403
225 29.7514 11.9124 -0.908054
226 4.76039 21.4759 2.38653
227 6.97568 33.7849 -3.58623
228 26.6722 9.27399 -1.60958
229 36.1684 17.9402 1.24165
230 29.6 9.07204 1.59494
231 18.9423 19.2867 -0.480177
232 27.8137 15.6799 -0.667254
233 38.8137 9.02532 3.2544
234 7.33192 33.4112 -2.04117
235 2.97473 8.63145 1.06509
236 7.82498 35.2145 1.33589
237 13.0112 24.2528 2.63495
238 18.8164 17.6097 0.882686
239 36.9842 13.9097 -3.01949
240 23.3874 26.9861 -0.974239
241 13.3402 27.9374 0.732854
242 1.9656 4.11018 -2.45271
243 24.828 2.84626 -1.48325
244 2.76895 14.2989 -3.07968
245 18.6896 4.487 -2.46045
246 26.2551 13.1372 -1.46133
247 34.9892 6.18192 3.20648
248 3.88988 21.2114 2.89341
249 17.0172 32.6062 -2.29889
250 6.39513 2.19205 4.32196
251 32.5445 1.64796 -0.907107
252 27.9839 12.9079 -1.98891
253 18.6249 11.339 -1.743
254 1.11995 24.3493 -1.3753
255 33.0085 22.7581 2.93032
256 2.2105 5.71238 -0.0324294
257 31.3123 12.3198 2.96034
258 28.2237 37.1511 -0.408587
259 31.2594 13.6646 1.03451
260 5.84315 5.45189 -1.20527
261 39.4065 16.1635 0.785596
262 30.4346 27.3708 1.75312
263 9.45037 4.41526 1.42923
264 4.32698 35.2356 1.65995
265 1.57342 10.4553 3.17347
266 2.39001 4.06805 -0.672522
267 8.83268 25.4685 -0.393653
268 1.7849 24.2355 -0.756263
269 18.378 36.1846 2.36103
270 0.239932 10.9105 1.57682
271 22.7293 10.2576 1.37734
272 19.9396 11.609 1.95023
273 34.9332 34.3313 4.22498
274 11.4115 5.57344 -0.873783
275 3.6866 17.1346 -0.780349
276 35.6999 30.5376 0.751078
277 8.45937 28.2195 -0.890705
278 8.40004 39.4669 0.790234
279 3.00317 16.981 0.664226
280 37.605 30.8187 -2.11509
281 29.4825 19.22 3.55126
282 17.5945 16.2865 -0.0477984
283 26.3369 38.9808 0.937671
284 34.609 26.7229 2.93828
285 1.03319 36.1627 -1.52637
286 30.1726 5.51696 0.2096
287 8.9627 11.4912 -0.215226
288 8.82082 35.1079 -0.505837
289 14.9804 36.7612 3.71023
290 31.7017 24.8653 -1.1959
291 16.8709 21.5313 3.21008
292 39.5072 27.6807 -0.330807
293 9.16442 4.24684 0.830293
294 19.5157 30.2737 0.138283
295 14.3064 14.9536 -2.10629
296 38.9286 28.8848 -2.60704
297 3.0616 24.4944 2.01482
298 24.8724 20.4007 -0.402251
299 17.6628 33.8646 -4.61526
300 30.0597 6.86831 -0.961165
301 34.029 22.3189 1.07204
302 12.4606 35.9066 -2.01625
303 8.88463 34.0112 -2.27515
304 18.7186 24.5637 2.74718
305 4.05912 20.4657 2.49397
306 25.1701 8.89839 -3.9087
307 8.22028 21.3871 -2.52945
308 5.86159 16.0739 -3.46094
309 11.4643 1.49398 -1.92244
310 17.7341 22.1537 2.41802
311 24.7169 3.86897 1.84428
312 34.2465 4.928 1.26554
313 36.471 39.981 -1.31327
314 23.1828 37.8627 -2.39609
315 2.92382 28.3338 2.73471
316 31.6146 39.5373 2.88211
317 33.9851 36.2764 4.17224
318 30.0139 27.8388 2.92281
319 6.88541 37.0555 -0.837051
320 4.41747 20.3619 4.15558
321 32.9285 5.55197 -0.85755
322 10.1265 33.746 3.76595
323 16.142 34.1535 -0.770645
324 29.0893 20.2821 -2.54231
325 3.07884 22.1094 0.553762
326 32.1371 34.7863 1.47521
327 12.1761 3.95419 2.0522
328 13.741 29.5748 -2.90846
329 37.7223 11.2468 0.430644
330 4.04411 4.67062 2.21348
331 18.7401 30.6739 -0.713492
332 29.6469 12.1413 -1.6737
333 29.9764 15.2711 0.754231
334 8.59733 14.6687 -1.55
335 8.40802 36.2998 -1.18389
336 21.9128 4.81749 -3.97733
337 5.27531 14.6785 -2.81156
338 10.3595 25.1649 1.0777
339 36.2349 37.7612 3.0427
340 11.3789 19.5261 -0.38177
341 34.1914 32.442 -1.21809
342 12.7024 17.0519 -3.47474
343 11.6309 16.6225 -0.68505
344 9.30009 35.0019 0.346542
345 35.9903 28.9583 -2.91759
346 13.1718 10.1854 3.35763
347 5.63751 30.8847 -2.94253
348 15.5011 18.0182 -1.60898
349 18.1546 19.8209 0.741552
350 9.15023 9.55717 1.13496
351 9.9365 25.8464 2.55897
352 27.5705 22.053 -0.109037
353 22.7811 0.846848 2.32977
354 34.9995 0.468134 -1.12033
355 21.3246 28.0615 2.42423
356 33.648 34.7028 -4.28486
357 16.2906 33.1187 -2.36034
358 18.1404 16.3983 2.69735
359 38.0881 34.0443 3.6992
360 31.4899 28.8966 3.91822
361 32.2989 32.5495 -1.83647
362 37.7467 30.2733 -2.61479
363 27.5806 4.10306 -0.774406
364 4.87515 0.208533 -4.07008
365 3.61374 4.92765 2.47521
366 15.3542 3.64207 4.28462
367 21.0738 29.7213 0.78999
368 21.0304 4.63637 2.02663
369 13.454 27.7993 3.29609
370 28.5931 25.983 -0.253712
371 28.7224 24.0249 -3.49612
372 27.9017 29.4789 3.26583
373 9.76527 13.5984 2.76088
374 15.8805 19.8439 -2.16423
375 18.5479 7.46414 -0.464621
376 1.85374 32.7673 -3.15487
377 4.60309 13.7621 2.95026
378 18.6179 8.66325 -0.262977
379 26.5134 5.33282 -1.94828
380 2.89196 27.1196 -0.695337
381 5.71437 32.6666 3.27338
382 31.2304 25.2547 0.25505
383 15.7608 35.3963 0.548761
384 15.0452 38.2761 1.55686
385 24.1806 17.108 -0.292233
386 17.8661 10.9236 -1.07055
387 11.8585 6.44048 0.375024
388 28.5566 23.2326 -3.84019
389 12.0261 35.309 -0.903016
390 29.6653 24.2152 -2.7264
391 17.4317 16.9303 0.88222
392 22.5041 23.7827 1.06967
393 32.3174 17.449 -0.635407
394 0.396359 3.07425 -0.843877
395 33.67 13.8657 -0.837571
396 5.34666 4.5716 1.57594
397 7.32541 34.8643 -0.246755
398 0.611281 27.3729 -1.95435
399 39.0472 12.7217 -1.1197
400 1.63048 39.7381 0.973449
401 24.9656 2.19572 0.328571
402 33.2241 9.66404 1.0761
403 1.46584 22.5296 -1.9373
404 1.19545 30.4768 -0.847072
405 1.73154 22.8273 0.138944
406 23.8962 4.93876 -0.611683
407 33.9869 0.0227362 -2.7597
408 9.60963 11.7198 -1.00448
409 13.1547 7.0076 2.74703
410 30.7475 18.4927 1.88205
411 18.7942 27.3284 -0.315636
412 37.1561 7.48476 2.18987
413 14.0983 13.1777 -1.78178
414 5.95969 14.0411 -1.02343
415 17.9328 27.7244 -3.09729
416 25.9177 38.4986 2.6394
417 7.39808 37.7734 -3.91179
418 29.8663 24.1772 -0.461036
419 25.1726 16.7241 -2.08177
420 17.0925 32.1576 1.61169
421 38.5921 18.6564 -3.65472
422 15.2562 10.9248 -3.06165
423 23.2077 9.09331 -3.97399
424 23.7221 27.0594 -0.981018
425 20.0878 1.1578 -0.708001
426 2.80876 22.1664 -1.41741
427 19.3901 22.002 -0.434891
428 35.7941 8.32509 1.92341
429 38.2953 11.004 0.521778
430 23.7761 13.7417 -2.59326
431 4.82267 8.40683 2.07954
432 18.012 35.1322 0.240569
433 30.9757 21.7874 1.95369
434 3.08925 27.5144 1.5531
435 22.5233 0.275631 1.62873
436 4.5381 22.706 -1.07109
437 15.6176 30.2447 3.21959
438 14.4918 20.2475 0.820411
439 35.1788 24.0452 1.60973
440 22.0417 2.73888 -3.2141
441 0.708661 2.40199 -2.40284
442 12.7066 30.2276 -0.116913
443 20.4955 15.4377 1.52762
444 8.91036 7.43293 -2.23725
445 2.97801 26.7084 1.61022
446 15.3229 12.6569 -1.34318
447 3.77861 6.00305 1.96755
448 33.9218 32.3711 0.194561
449 9.41744 21.013 -0.34336
450 15.5629 16.9608 -1.37094
451 38.7074 6.43437 1.36051
452 21.7416 20.6162 -0.0036673
453 8.35594 34.238 -3.55431
454 2.66512 8.12151 0.956808
455 33.8614 1.48821 -1.64613
456 20.5976 13.3599 -1.12456
457 25.2676 18.1217 1.29829
458 35.3098 13.7222 -2.8485
459 8.13715 10.2584 1.28631
460 10.9285 37.5522 0.710078
461 6.80902 29.4477 -0.71434
462 22.4664 9.78382 1.93218
463 3.18183 32.0518 1.7206
464 32.0508 16.7137 -1.8659
465 33.2665 17.0762 -0.425255
466 39.1529 25.3525 -0.281431
467 33.603 35.4697 -0.640015
468 25.7913 30.9045 -0.91619
469 13.39 24.7123 1.75004
470 17.1397 18.5113 3.42833
471 3.71147 13.4728 0.627324
472 6.35551 12.1067 1.38033
473 18.8721 9.02038 2.42296
474 4.20285 29.0503 -0.845173
475 31.6136 8.46426 -0.872362
476 24.5426 32.6217 -2.61569
477 8.92193 34.3348 -0.600757
478 33.5104 16.6309 -1.26776
479 3.41435 31.6652 1.03104
480 32.5734 17.1872 -2.51209
481 18.3433 32.1158 2.72186
482 2.83576 31.7955 1.66821
483 4.64054 31.4842 -2.40092
484 14.4345 27.177 -3.87211
485 7.48783 38.0329 -2.45542
486 17.7157 24.2524 -0.795572
487 31.7672 26.941 -3.79383
488 38.3935 3.41136 -0.995969
489 19.6316 4.32315 1.4771
490 11.4025 16.3116 -1.23742
491 17.1872 11.4738 -2.13311
492 21.2343 6.6965 0.60295
493 0.843683 27.4079 0.369226
494 6.41776 12.3434 1.50369
495 30.08 12.7655 -2.12652
496 33.3856 21.0315 -3.50624
497 6.25593 29.353 -1.61347
498 26.7043 14.1405 -2.24027
499 5.5596 11.931 1.28016
500 7.95933 11.5491 2.54557
501 33.9915 19.3234 -2.26844
502 7.50657 1.48927 -2.20325
503 11.0315 18.3283 -0.976022
504 36.813 28.5093 -3.16241
505 39.3716 8.06057 0.977775
506 30.2374 25.6183 1.02956
507 27.1592 10.6938 0.829906
508 35.7927 36.1532 -1.63939
509 33.1025 39.2568 2.74256
510 35.6656 39.3841 -1.1844
511 26.8356 3.46372 -0.993779
512 36.7988 32.0325 0.911791
513 22.5268 32.4761 1.05907
514 12.7617 28.4198 -1.94578
515 20.8696 15.6114 -2.2261
516 29.5431 38.8015 -1.87366
517 13.3551 7.46952 -2.35447
518 30.2186 15.7832 2.79721
519 14.9077 12.5533 -1.2186
520 34.754 0.677258 -3.65366
521 29.387 34.8643 -0.117083
522 15.3789 22.0951 0.724421
523 9.11338 14.7666 1.24963
524 0.630365 28.0579 -0.0736063
525 8.76373 15.8677 -0.429064
526 3.93332 19.5704 2.18327
527 20.1522 14.4399 0.858487
528 19.2636 4.76227 2.46702
529 31.7356 37.715 -4.34163
530 4.6911 7.63833 3.08934
531 29.3854 11.7904 -0.23926
532 15.3345 33.997 -0.631055
533 20.2382 24.596 1.66678
534 19.0125 21.7047 -0.163667
535 6.13896 3.81683 -2.83614
536 35.1897 13.9431 -1.76547
537 37.2783 14.5502 -2.28887
538 36.654 35.4207 -1.80054
539 0.588474 3.61625 -1.7699
540 32.7015 16.8579 -1.89955
541 28.9604 16.0409 2.46939
542 39.5327 28.2994 2.65714
543 9.41747 14.3245 2.33498
544 6.08319 34.467 -0.0262151
545 13.7698 24.9499 1.47419
546 38.4224 35.1511 0.590803
547 4.16222 14.5065 -0.039565
548 36.5035 3.47834 2.71014
549 5.30992 26.4529 2.21356
550 3.10976 30.8959 1.06314
551 18.6857 23.819 1.01171
552 35.0945 13.2327 -0.408313
553 19.2333 28.9778 -1.69136
554 18.7292 13.7545 -2.46679
555 28.3657 13.7685 0.0242712
556 28.5032 20.7005 -2.36704
557 2.89919 26.9784 1.69763
558 27.4856 5.37948 -1.19566
559 23.7278 31.3589 2.37895
560 32.3597 12.8663 1.49872
561 12.9087 28.7961 -0.242095
562 3.01271 27.7264 1.12191
563 1.44473 18.4852 0.892265
564 17.2074 20.4713 2.10922
565 39.6297 14.6974 1.14261
566 15.7857 38.9995 -1.98604
567 21.9131 13.6118 1.19227
568 37.9205 10.6663 -1.47607
569 6.67823 17.9971 -0.974784
570 3.7253 21.0926 -2.12989
571 31.6668 14.0089 1.61519
572 2.29924 36.5567 -1.84837
573 13.485 39.6111 -1.56623
574 9.35603 21.4182 -0.664141
575 30.3149 16.2321 3.03686
576 4.95119 2.97202 2.56139
577 23.5587 30.2995 2.04031
578 1.12952 36.6812 -3.22016
579 5.33787 5.36295 -0.223376
580 10.2557 4.49898 3.6404
581 3.80246 30.9727 0.481321
582 20.5277 26.6848 2.69224
583 23.4904 37.1212 -4.16519
584 36.6629 13.8993 0.455112
585 6.54908 11.2972 3.00308
586 29.0028 17.5665 1.40897
587 28.9832 35.5374 -0.865778
588 18.2998 36.4992 -0.0665848
589 16.2917 28.3063 -0.774259
590 6.95397 6.07048 3.25449
591 2.72478 31.4065 2.00137
592 31.616 32.73 -3.0655
593 20.7369 33.0539 -0.171411
594 11.6844 4.53142 2.87319
595 18.5998 23.3241 1.24988
596 0.280036 35.779 -3.6804
597 23.725 13.4594 1.57377
598 31.8222 11.3972 -3.16154
599 15.9679 0.690647 -0.887181
600 1.90097 39.6972 1.67465
601 19.3026 36.5618 0.693577
602 2.69275 16.3736 1.57429
603 17.4065 14.0287 0.88753
604 37.001 17.2091 2.05153
605 9.64855 36.5663 -3.57962
606 3.00588 28.5578 -2.67451
607 5.8269 11.9447 2.978
608 4.21007 35.9985 1.44052
609 19.3814 36.1933 0.637179
610 36.6278 29.8281 -1.08555
611 38.3447 19.4382 -0.680941
612 23.599 8.25948 4.29046
613 31.6618 13.6625 2.16683
614 4.81796 10.1086 -1.9269
615 27.5448 10.1354 -0.624395
616 25.4018 18.2261 -1.52758
617 22.3013 27.9663 1.35776
618 26.1253 38.9828 -0.399423
619 21.8961 39.5323 -0.560131
620 34.5012 37.9605 -2.87541
621 38.6586 19.159 -1.26636
622 7.38026 30.4416 3.23611
623 22.1241 7.68192 1.35313
624 34.9242 35.5456 1.31107
625 19.6979 5.52127 1.56128
626 8.16556 29.5215 -2.05084
627 9.06739 31.6411 0.85289
628 23.5082 9.23134 -1.15784
629 25.619 1.2032 -1.42408
630 35.4397 29.2124 -1.26339
631 31.4726 38.6336 2.61549
632 32.7891 31.3593 -4.52454
633 29.7707 26.8789 3.01555
634 0.846998 36.4499 -2.02639
635 25.6081 28.0489 -1.65478
636 27.8608 9.4606 -0.69608
637 38.831 22.7503 -0.510165
638 38.9444 26.1748 0.57064
639 30.9119 13.7354 2.64281
640 9.99301 10.7312 -1.87652
641 19.4609 37.547 1.27373
642 12.1473 0.664961 0.786402
643 23.9082 30.8779 2.80828
644 19.6064 0.127702 -0.93952
645 8.27656 5.88136 -0.504039
646 13.0971 10.9014 2.56076
647 11.604 18.239 -0.278535
648 25.3044 39.9428 0.219264
649 14.4111 33.382 -3.14731
650 28.427 9.75916 -0.640017
651 33.1791 20.968 -3.66739
652 39.8046 2.34323 0.378132
653 10.0638 1.24738 1.40936
654 20.7783 14.0971 -0.827672
655 33.1706 36.3512 0.145526
656 13.7721 12.9811 1.25056
657 29.3798 6.14764 -1.98328
658 0.69288 27.5108 0.459721
659 23.3057 1.43815 -2.75771
660 28.9435 13.3701 -0.0600157
661 37.5997 22.9805 -0.715114
662 23.9904 31.3406 1.80114
663 12.1604 7.52163 0.919834
664 32.3134 16.4886 -0.554243
665 34.704 39.7329 -2.93919
666 0.70084 9.14839 3.24074
667 3.03184 34.2281 0.281203
668 39.6078 35.2701 0.200644
669 10.5816 29.5706 -0.399311
670 0.45921 28.5483 -0.326833
671 13.0552 0.704361 0.600936
672 8.08945 24.7113 1.84159
673 39.5436 4.43826 -2.57248
674 15.4926 24.8234 -0.430853
675 27.7836 17.8624 -1.89091
676 30.3854 35.5129 -2.35305
677 31.7568 10.369 1.34656
678 24.8506 37.8374 -1.94125
679 21.2367 16.1325 -3.65805
680 6.38591 22.0191 0.124841
681 12.7846 35.6945 -1.28237
682 28.2371 1.14192 -2.86648
683 32.8928 16.7118 -3.0068
684 3.89884 32.9479 3.71069
685 19.5812 24.099 2.98911
686 7.08045 39.3342 4.16952
687 22.2192 12.1106 -3.44315
688 0.661777 3.9979 0.0159078
689 10.5678 34.5324 0.975546
690 12.4786 29.3229 -1.02635
691 13.3131 31.6134 -3.26342
692 30.6855 18.2028 -0.457689
693 37.9654 22.8884 -1.68083
694 30.3907 30.9931 3.50617
695 14.2969 34.7192 1.75268
696 36.9214 27.5451 2.42427
697 18.5865 13.2547 -3.56341
698 36.3169 14.4538 -3.04344
699 23.7388 23.8242 0.493229
700 5.9914 37.848 -0.0153134
701 27.4249 10.3235 -0.00266065
702 7.62311 39.581 3.18131
703 25.7044 19.0741 -1.85709
704 30.5815 24.5487 0.13933
705 2.68952 39.7004 1.77899
706 37.8991 39.3353 3.22962
707 19.3233 8.6012 -1.08615
708 19.7475 19.2663 0.401687
709 21.8388 0.718958 0.388921
710 15.5114 26.4289 -3.04517
711 33.7781 35.6956 -3.43811
712 29.4495 11.793 -1.43917
713 38.765 5.85728 0.968987
714 18.436 22.5007 -0.25317
715 34.2432 1.68322 -1.66004
716 24.1197 36.5649 -1.97235
717 15.9043 23.2671 1.40588
718 10.3156 30.3033 -1.37315
719 17.764 30.8279 -2.09457
720 23.3374 34.9712 2.78294
721 31.9329 39.3358 4.01407
722 2.87518 2.96893 -0.73729
723 12.9618 0.617101 0.193267
724 5.42801 6.04609 -0.103604
725 23.9633 12.1172 -2.04553
726 6.5625 29.9438 1.44761
727 2.57583 31.1312 0.345457
728 37.5314 5.65426 2.40914
729 21.1181 4.82429 -1.72874
730 28.0002 18.514 -1.07437
731 30.0813 16.161 0.771565
732 18.3839 27.3021 -3.22828
733 0.770573 29.0144 0.96966
734 30.0229 13.6511 -2.01564
735 14.9423 19.4187 3.84316
736 23.5474 25.1921 -3.83522
737 36.4978 31.1813 0.0131127
738 15.0586 7.28024 2.95395
739 17.3499 29.4075 -1.2957
740 28.2108 20.7429 6.90615e-05
741 3.3921 33.9161 -0.132061
742 19.7457 15.6458 1.82024
743 15.6394 22.4575 2.60989
744 29.9815 31.1965 1.95654
745 13.493 26.8626 0.829328
746 16.9327 20.9983 3.36151
747 17.0017 26.0014 -1.07504
748 19.711 29.5936 -0.621144
749 5.84072 3.23817 1.15047
750 9.14826 35.8266 -1.23161
751 10.2653 35.6585 -1.97281
752 36.4435 12.7027 -3.25092
753 4.35875 26.4365 2.64312
754 31.5254 14.0313 3.1889
755 25.2811 9.18843 4.65918
756 27.9923 12.6921 1.19989
757 18.9779 17.5504 -1.23974
758 34.7403 32.0171 0.616288
759 10.9801 31.451 1.6711
760 32.4782 32.1128 -3.61097
761 19.9414 13.2632 -1.44792
762 22.1391 32.3529 0.337228
763 20.2957 8.48319 -1.02175
764 25.1522 8.88706 -3.05527
765 20.9469 17.8352 1.35717
766 9.60681 14.2825 2.01266
767 0.273338 13.4674 -0.441441
768 6.4597 8.85895 -3.23135
769 26.2237 30.5591 -2.53205
770 7.72134 24.6791 -0.41895
771 2.12034 22.052 0.537434
772 16.1986 28.5682 -0.34739
773 28.857 32.4198 -0.877899
774 3.16992 39.9127 -4.31814
775 19.2949 15.5646 2.06235
776 5.68332 24.2347 -0.623451
777 0.223778 15.5591 0.620146
778 26.7224 22.61 0.967779
779 26.6801 38.4142 0.724314
780 38.9974 6.32604 -0.0472885
781 28.6935 34.1559 -3.68628
782 14.9156 1.85412 -1.12398
783 16.4863 14.4439 0.0831252
784 29.0182 37.6737 -1.19757
785 25.8435 24.8349 -0.423798
786 3.91384 27.7242 1.32189
787 30.1808 4.00015 -1.4152
788 1.40817 28.5291 -1.92817
789 0.777226 12.4085 2.11281
790 8.01579 33.078 -0.219883
791 18.7537 13.8294 -2.30526
792 2.79366 30.5648 -1.03079
793 16.7083 1.77547 -0.518175
794 19.0349 18.7271 -1.87177
795 9.35893 13.2597 -4.59424
796 13.194 24.143 1.98472
797 3.70616 33.9747 -4.62666
798 27.5241 9.90409 -0.213683
799 20.5334 36.1406 -1.78583
800 28.7249 12.3461 -1.29372
801 24.4982 13.7837 -2.7318
802 36.7343 15.4952 -3.62531
803 12.1071 31.906 0.445091
804 4.20936 12.6283 -1.23109
805 33.8132 25.2372 -1.6114
806 12.922 21.0585 4.14697
807 34.9997 7.24845 2.35339
808 28.1549 25.1948 0.652705
809 15.0833 16.3787 -0.920997
810 18.0957 36.2868 -0.240337
811 8.40028 28.158 0.427439
812 11.2928 37.0302 -0.479053
813 37.7061 4.17975 -0.0564606
814 28.8106 29.5493 3.6612
815 27.2322 19.0967 -2.22504
816 5.02669 31.6099 -3.17334
817 18.0772 31.0092 -2.50021
818 11.6646 7.26069 0.675044
819 26.3845 39.5725 -3.11841
820 39.7665 38.4851 -1.03626
821 13.6923 10.6711 0.262559
822 6.30775 9.38797 -4.41033
823 1.51961 4.56337 -3.16719
824 33.4062 11.8761 0.500629
825 33.1309 26.3521 -3.11956
826 9.4959 14.0801 3.97034
827 34.4236 13.3999 -0.530836
828 24.4331 9.39742 -4.7729
829 11.0405 37.7041 0.152077
830 13.8542 26.2678 0.657755
831 9.86247 38.3304 -0.528305
832 36.8694 26.2896 1.65077
833 14.3986 28.1717 -4.16686
834 22.0432 1.59297 -1.30714
835 1.86547 36.4028 -0.342979
836 12.9604 39.7702 -2.18862
837 38.2921 30.2058 -3.22299
838 30.5802 5.55563 -1.86769
839 33.4789 25.0216 -1.48282
840 26.5689 19.0633 -1.21932
841 28.3469 38.3784 1.26691
842 22.7797 33.5782 -0.800108
843 17.0725 5.67474 1.86477
844 10.3336 9.97899 2.98897
845 4.98366 32.2075 -2.39299
846 12.6963 37.4446 1.25116
847 1.43117 27.1563 -1.75079
848 23.1366 10.7582 -1.21679
849 9.71034 22.4858 2.53132
850 39.6237 2.82338 -0.710627
851 35.7773 39.8712 -3.2522
852 29.4018 28.7138 3.96104
853 32.0254 29.9422 1.22513
854 1.47268 36.1154 -1.31805
855 11.1777 0.0346606 -1.08806
856 21.6851 30.7821 -0.839561
857 6.86715 19.2295 -1.58781
858 1.14715 23.3655 1.19457
859 19.2152 0.908556 -0.584482
860 24.4585 22.6675 0.274995
861 39.5191 21.6354 0.534946
862 0.241001 34.7372 -2.37402
863 14.6912 23.3803 -2.68909
864 25.0567 13.8013 -0.201757
865 25.7918 24.3084 -2.84624
866 29.4456 38.5495 -1.95524
867 12.7029 3.71163 1.91628
868 38.4998 23.6324 -0.716637
869 35.5226 14.2096 -0.413835
870 4.04629 3.39577 2.21844
871 15.7628 23.2883 2.62279
872 30.0957 24.797 0.348936
873 17.9757 18.2507 -4.33544
874 37.7127 2.816 -1.5547
875 7.74809 9.21015 3.13356
876 1.2266 4.31645 0.746782
877 1.2979 36.2477 -2.07774
878 2.07414 1.42014 2.90211
879 6.30088 31.2852 -1.65611
880 37.0181 21.702 1.51296
881 12.6291 16.7276 -3.86527
882 21.4429 2.68658 -3.10696
883 2.92763 23.7063 4.48376
884 15.9678 17.8306 -2.43453
885 9.77576 10.4386 -0.85023
886 16.9934 28.4632 -0.736604
887 36.9604 13.7302 -0.440282
888 38.8899 38.2741 -2.2601
889 7.06002 11.356 1.1233
890 23.2458 13.7869 0.138034
891 29.7159 15.9511 1.58204
892 29.7748 7.63576 1.93107
893 35.7584 25.5864 1.59776
894 34.2453 39.179 -3.0326
895 39.3024 15.8323 -0.862616
896 13.0111 39.7799 -0.885171
897 3.54623 8.26606 -1.30535
898 20.3617 14.3832 -1.55256
899 9.07065 32.8152 1.2195
900 13.7982 9.41349 0.915544
901 2.58029 36.5569 -2.97363
902 2.83508 33.2682 2.00168
903 1.66218 33.5175 -3.03889
904 15.4432 4.05213 2.84881
905 22.6664 31.7122 -3.92865
906 23.7074 25.6093 -2.46234
907 26.4502 23.7249 0.238946
908 30.6651 38.284 -2.96903
909 22.8879 10.4705 0.506568
910 36.7545 13.9679 -2.8513
911 29.6438 26.3713 3.55782
912 25.1172 18.5248 -1.70284
913 2.21182 23.2529 -1.34617
914 8.15153 25.0435 1.71602
915 30.2148 33.3237 -3.16914
916 24.0782 17.2341 -0.323119
917 3.34538 32.5256 3.75649
918 36.2058 38.9655 -2.82895
919 26.79 10.4423 -0.0418341
920 4.36409 24.3122 -2.76376
921 39.4956 20.1274 2.32174
922 18.7834 15.9394 -0.607933
923 5.26665 23.518 -1.65002
924 25.9087 36.4071 -0.398943
925 20.1005 3.5892 3.63611
926 23.6556 39.1695 3.77879
927 9.15481 32.1694 3.9821
928 32.8734 36.2607 -0.246252
929 1.42848 32.1854 0.0136686
930 15.3905 10.6606 -0.657402
931 20.7998 16.8441 0.26919
932 11.354 29.759 -3.47693
933 14.7478 8.46866 -1.74968
934 26.4009 30.912 -2.68092
935 2.88455 1.6944 -1.45375
936 3.31456 23.7317 1.52392
937 8.49053 1.78575 1.34811
938 23.4713 23.7206 -0.280222
939 24.3991 8.59655 4.37157
940 12.727 24.3591 3.03242
941 25.7583 18.4302 -1.75781
942 3.70176 12.9756 -0.655157
943 7.11408 1.18117 -2.66865
944 36.2368 25.995 3.68763
945 8.21794 38.7488 1.21544
946 18.5178 21.7184 0.845926
947 24.87 5.02909 2.09171
948 7.23967 30.8145 4.29505
949 6.94208 6.56894 1.47724
950 36.3133 30.6216 -1.01646
951 19.6195 11.4136 2.23608
952 15.9268 14.7059 2.75236
953 38.4833 4.81514 -0.782455
954 0.322532 36.5284 -3.49642
955 39.8788 11.066 2.03754
956 34.7646 7.3981 3.29696
957 32.3202 12.7712 3.16584
958 5.31783 31.5671 -2.53794
959 23.4926 29.4677 2.85821
960 14.0099 0.788344 0.844232
961 3.57104 29.2139 -0.765672
962 10.5684 38.5342 -1.57351
963 14.1585 28.6828 -3.92969
964 6.57199 8.43107 -2.85108
965 39.225 33.5996 -3.41641
966 15.5376 18.1804 -0.0598994
967 29.4909 35.192 -1.50192
968 35.6704 29.2366 -3.70698
969 11.741 1.33517 -1.90924
970 25.9065 0.41535 -1.45712
971 1.37156 10.7617 2.46869
972 3.41761 27.175 1.25374
973 11.1632 17.1564 0.739938
974 31.012 16.6733 0.53056
975 10.5254 29.5156 -1.68765
976 8.94701 2.25756 1.97094
977 10.3831 38.3756 0.510753
978 17.8206 27.3307 -2.52194
979 3.29426 32.4807 0.579486
980 2.62552 14.6918 -2.1774
981 0.0110145 6.1218 -1.53691
982 38.4783 39.2168 0.3761
983 22.0093 16.0573 4.57017
984 9.20666 37.8465 -1.26088
985 3.63311 22.3017 -2.28247
986 31.3219 19.9805 -1.2045
987 15.7013 5.9496 3.55986
988 34.0648 36.2285 -0.038893
989 14.1439 26.2484 -0.203207
990 30.4439 24.8746 0.439246
991 9.96257 24.5304 0.251537
992 38.5104 12.4362 0.84969
993 7.05307 21.1067 1.44451
994 29.4572 25.761 0.783881
995 5.22927 20.541 3.14882
996 34.2414 20.2675 -1.55623
997 36.868 7.74098 2.40949
998 34.0847 39.7112 1.4351
999 28.7022 30.0533 1.62155
