1000
Particles
0 3.1262 33.2119 0.655319
1 38.3982 23.5423 -1.03752
2 18.0297 39.969 3.05612
3 10.4542 34.9555 3.2217
4 14.6814 23.192 -3.89655
5 18.8467 9.00445 0.223196
6 28.7329 5.01699 -3.21474
7 38.641 20.7714 2.66337
8 9.38599 24.8616 -1.22051
9 32.6687 21.1277 -0.0775307
10 25.0129 38.2025 0.0806486
11 39.5392 31.326 -2.5843
12 36.1507 30.0398 -2.70932
13 5.24292 6.68502 -1.83315
14 29.6706 27.3962 0.982612
15 16.893 26.6204 2.48769
16 24.5857 32.9845 -0.327924
17 32.5361 21.5644 -1.12823
18 34.0213 7.98172 1.65205
19 16.2418 22.2016 -1.92852
20 4.81787 8.43349 2.6723
21 0.299095 4.81658 -0.036862
22 6.60508 9.74282 -1.5609
23 35.3904 18.7297 -4.20574
24 37.5507 5.7202 1.45132
25 1.22901 30.9062 -0.704255
26 15.7316 31.1584 -4.16972
27 14.7832 12.2753 -1.5807
28 3.83379 32.0932 -1.97271
29 31.8531 0.260613 1.78176
30 15.9651 19.695 -1.88663
31 8.39228 17.3112 -3.07727
32 20.7727 4.28789 -1.75132
33 7.58324 37.0699 0.633566
34 27.3797 19.6932 1.32209
35 25.7461 6.59585 0.837641
36 14.5085 1.46912 0.0849667
37 35.8162 26.5433 0.87788
38 31.2329 0.743325 1.88719
39 34.9279 18.3311 -3.9911
40 39.7473 33.3968 0.9903
41 13.4289 12.6757 0.852701
42 37.919 19.5953 -0.566293
43 26.1457 30.2052 4.89321
44 16.9777 27.349 2.94325
45 4.28008 28.956 3.43505
46 1.66164 6.87448 -1.83122
47 32.1784 8.06406 -3.91329
48 5.45855 33.7663 3.17558
49 3.95336 33.9181 3.22438
50 37.4448 37.5688 -0.1246
51 21.3269 35.9654 -4.3584
52 29.4217 8.42129 2.06147
53 9.3593 6.77823 3.06443
54 24.2706 26.5815 -2.69363
55 4.13936 13.9624 -2.82881
56 18.8734 9.55374 -0.258812
57 6.71013 36.7828 -0.821655
58 38.7889 24.1088 -2.89805
59 6.8436 36.1097 -0.923245
60 8.24945 23.7299 2.03052
61 14.703 34.2307 -0.876282
62 37.2561 1.81784 -1.8622
63 2.5001 16.737 -2.60576
64 2.15934 26.9651 0.777049
65 4.40878 5.03495 2.69
66 7.72526 21.5591 2.90122
67 24.3849 23.9585 -0.915358
68 9.65205 3.90244 -1.55315
69 16.3392 6.113 3.4647
70 9.12678 2.01095 -1.34437
71 21.2524 12.6089 1.28531
72 5.64389 11.4266 -1.78136
73 21.4382 23.9838 -1.50945
74 11.2803 7.3563 -2.01126
75 1.35873 34.4514 2.82658
76 23.4374 4.01946 -3.85013
77 8.79603 25.236 1.55283
78 6.51589 35.1483 0.395535
79 38.5265 4.62985 0.0742285
80 29.0804 8.80285 1.66551
81 4.77698 34.1875 2.90249
82 14.4123 14.3625 1.12768
83 14.8027 31.8801 -3.55351
84 23.6411 14.3395 -0.670378
85 3.11615 19.64 -1.62677
86 22.339 10.2909 0.741448
87 25.9164 34.5256 3.82125
88 2.20746 39.673 0.680309
89 3.00175 2.55169 -1.74831
90 39.2924 38.8543 -3.60067
91 21.7182 16.9193 2.83093
92 14.3414 23.659 4.19047
93 8.29375 3.68388 2.94795
94 18.99 24.2738 -0.629463
95 19.8836 2.09608 -2.7395
96 7.27307 37.5217 -1.91229
97 17.9108 0.566278 2.83389
98 1.5327 22.7879 1.16386
99 10.5332 4.72075 -1.19476
100 28.9527 20.8998 1.46082
101 21.5778 28.9823 1.52634
102 16.1136 30.2421 -3.2279
103 9.61837 6.14129 1.74139
104 24.5017 3.05053 -1.47859
105 17.2024 35.9622 -1.49748
106 33.7013 21.2342 -0.175241
107 21.8097 19.6352 -1.96904
108 33.7927 21.8047 2.3873
109 1.9306 30.0525 -1.81374
110 8.96385 3.47797 -2.95744
111 35.8546 30.3589 -1.35747
112 29.9572 3.63035 0.191005
113 36.6318 29.7136 0.0257789
114 33.3084 25.5599 -1.34078
115 32.4191 21.6213 1.02955
116 22.5996 30.5296 -0.573123
117 29.0818 27.7652 -0.128174
118 26.4035 1.93395 -1.76103
119 36.3533 15.7281 0.661856
120 19.079 23.1441 -3.71858
121 26.2883 13.0366 -0.706899
122 34.9813 22.4938 0.144885
123 7.8382 28.8312 -2.84902
124 10.339 39.9649 -1.35589
125 21.648 39.1323 -3.34565
126 24.5471 28.9749 -0.0374946
127 38.5194 5.90421 -1.04645
128 32.1448 3.51599 1.97812
129 4.07757 12.7035 0.569322
130 24.6857 6.54956 -1.35181
131 24.5214 26.8381 -1.18826
132 19.3723 1.52292 -2.19941
133 35.4277 35.6648 0.362794
134 6.49851 36.6288 1.38817
135 12.2079 1.45193 0.239553
136 24.915 3.06702 0.548544
137 26.2184 32.2372 0.398617
138 6.36839 17.5636 -3.39883
139 15.0007 2.10515 0.0602126
140 25.461 33.3868 0.104528
141 33.2522 32.2368 2.03452
142 24.7131 12.0572 -0.113291
143 14.2262 23.6119 3.13151
144 5.30055 35.0148 1.56426
145 20.8471 25.8979 -2.942
146 31.1063 15.1805 -1.72396
147 36.64 1.35749 -1.31539
148 34.9287 8.49208 1.29656
149 10.235 22.9211 -2.61233
150 13.7075 29.4473 3.02426
151 31.5798 2.91854 2.39223
152 13.4826 15.7998 2.30365
153 16.4791 1.32809 -2.47503
154 21.2103 37.3684 -3.15239
155 33.1895 22.1674 2.64498
156 38.0658 26.8512 0.654525
157 10.7895 7.03799 -1.83496
158 10.6043 37.2034 -0.403757
159 21.5119 27.6823 0.634206
160 39.0696 17.2952 -1.76068
161 7.04499 28.0265 0.807459
162 25.1076 32.2201 -1.03322
163 9.23324 10.3978 0.453467
164 18.3524 6.64013 -0.675417
165 30.6135 9.32353 -1.05787
166 33.9813 7.46866 -0.176166
167 7.05362 38.9253 -3.23873
168 34.6607 24.1517 2.87568
169 1.27223 0.424128 -0.869068
170 3.41381 36.1083 3.62676
171 24.8523 33.3179 -0.585267
172 2.13508 18.4366 2.75205
173 22.7333 30.8646 -0.55302
174 19.5316 4.31026 -0.581071
175 3.68957 10.5283 1.79812
176 17.4031 21.3844 -0.251505
177 13.7215 4.44831 -2.00276
178 26.7053 19.3238 2.38659
179 25.9295 7.06884 0.582144
180 16.4739 12.6351 0.383678
181 3.01076 28.7759 -0.0697694
182 16.37 21.8342 -3.18983
183 3.09304 18.4333 0.375787
184 36.5678 4.66871 -2.00889
185 7.20442 17.0672 1.14506
186 15.4151 1.52245 2.2952
187 9.1487 3.49069 -3.4697
188 22.2358 16.8295 3.098
189 7.96697 25.1778 1.15217
190 23.1233 19.6972 3.46771
191 16.1955 28.7675 -1.93562
192 37.4539 0.578758 0.0126966
193 25.867 27.2675 -0.942296
194 19.2204 26.8872 -3.8575
195 5.96956 17.3123 -3.82408
196 29.9959 34.5141 2.35097
197 17.7444 35.4243 -1.75611
198 31.597 22.7647 0.875618
199 15.8347 11.9392 -0.721271
200 34.6213 0.620499 -1.15933
201 1.28074 18.2687 -0.631419
202 9.7217 22.7308 0.324571
203 27.5014 13.1299 -1.7839
204 29.3354 31.2568 -3.20429
205 3.15305 31.9564 0.21251
206 14.5974 4.86959 -1.68521
207 33.3839 33.114 0.774892
208 38.0038 22.8287 -1.75539
209 11.152 38.4692 -1.2025
210 10.5745 24.8042 0.637949
211 34.1431 15.4649 -2.53383
212 35.4361 35.1992 3.29774
213 36.9593 4.10281 -1.0464
214 29.7405 21.0997 0.508659
215 0.114371 20.3558 0.71369
216 31.8802 26.728 2.30528
217 5.80292 8.13883 1.75665
218 17.1174 16.278 -0.382701
219 20.6383 38.5848 -0.443444
220 8.49925 2.52724 -2.31791
221 22.4545 13.5315 1.82483
222 1.54578 33.7615 2.22709
223 19.3594 22.1624 -2.67706
224 4.913 27.718 -2.15449
225 38.6199 9.39651 -1.83111
226 33.4814 14.8793 -1.60623
227 4.59118 12.4857 0.178091
228 15.9434 6.26297 2.71425
229 39.3253 19.5736 0.0276234
230 29.6767 7.12916 -2.90356
231 17.5856 31.9037 0.202595
232 32.4016 39.2765 3.82793
233 37.1599 8.01106 2.12653
234 4.37402 4.15038 1.76011
235 0.413784 6.21285 1.47429
236 14.9413 2.12419 -0.147348
237 11.8452 25.0625 -1.97175
238 11.1285 13.3733 -0.578159
239 33.0467 11.0815 -1.5917
240 14.1298 17.5767 -1.27306
241 4.40811 29.079 3.0316
242 37.2472 1.9135 0.444921
243 31.2313 1.7401 -2.26924
244 0.37006 16.7249 1.25724
245 21.1821 4.73164 -2.42903
246 25.446 6.16939 -1.45724
247 4.44177 37.9255 -0.727417
248 4.51802 29.2147 3.1448
249 10.0543 39.3335 -1.14176
250 17.4883 2.64534 -2.10046
251 37.2801 1.74201 -2.34614
252 34.928 14.3825 2.5548
253 33.8044 15.5688 -1.4579
254 3.86703 36.3787 3.44018
255 24.2863 19.8544 0.0254416
256 4.03144 4.7354 -2.68925
257 33.0761 21.4351 0.565438
258 24.3136 39.5719 3.68122
259 39.4288 12.7095 1.43979
260 2.56337 8.00557 0.183955
261 34.8365 28.4352 1.19186
262 31.1054 30.623 2.96986
263 4.09707 2.75809 -2.73243
264 11.9778 24.4673 -4.47015
265 38.3709 30.2639 -0.672485
266 38.4035 12.9421 -0.985299
267 3.27807 29.4222 -1.76506
268 15.494 17.6758 -1.06143
269 24.6855 33.5777 -1.75307
270 1.90229 11.2844 -0.52551
271 31.5569 4.74577 0.888645
272 17.8918 15.5066 1.94528
273 30.6505 35.9099 0.700341
274 9.57119 3.74986 -1.74371
275 11.635 23.431 -0.790145
276 31.7713 21.4864 -1.62378
277 3.24667 18.8307 -1.22636
278 2.39591 14.5942 1.46054
279 13.8941 29.9799 1.09419
280 6.12955 28.6578 3.44768
281 24.5374 18.64 0.0758507
282 8.0843 18.1017 -2.48157
283 19.4619 32.0483 2.26709
284 29.5513 20.6038 -1.48396
285 38.344 39.5176 -1.79333
286 34.4459 4.98655 3.31473
287 19.2981 14.2843 0.922151
288 1.0024 1.06117 1.08446
289 13.3425 34.3095 3.80927
290 30.1885 24.2857 0.314807
291 11.3006 1.41619 -2.71196
292 33.2424 20.8768 -1.05719
293 9.73851 5.22721 -3.45334
294 24.5952 27.3028 -3.79869
295 25.6446 14.0434 2.43998
296 24.5541 21.6864 0.292766
297 1.83901 28.8943 0.252098
298 22.5895 38.297 -3.03622
299 16.5326 27.8654 -2.0595
300 22.494 11.1044 3.89705
301 24.6004 23.2429 1.54267
302 17.7742 36.6208 0.736306
303 39.9329 17.6532 -0.0762078
304 4.23067 34.0063 3.45358
305 38.883 16.7051 -3.48113
306 20.3025 12.0834 2.05966
307 11.8492 17.7752 1.5638
308 4.21189 27.9845 1.24166
309 15.2272 30.9409 -3.94015
310 15.3671 22.2577 1.20425
311 23.3406 13.3905 1.41386
312 36.8749 37.0354 -2.96012
313 24.1457 0.478586 3.31497
314 12.9831 6.49516 -0.881559
315 3.20665 39.4772 0.689443
316 36.0676 31.3003 0.214319
317 21.418 27.9785 1.72237
318 30.3914 30.5621 2.60918
319 4.27808 6.74623 -1.02986
320 7.01589 22.5839 -0.385661
321 26.7616 1.90804 1.93991
322 0.180352 34.2865 -1.43125
323 5.3525 36.7492 -1.90666
324 31.0026 21.2447 -0.667612
325 11.8278 32.2188 1.09001
326 7.14397 17.4692 -1.06634
327 15.1436 35.4666 -1.89082
328 19.6188 30.7192 0.487358
329 9.805 23.9946 0.131708
330 37.7857 15.2547 3.86797
331 20.1088 38.1987 0.757435
332 33.8569 8.94633 1.89788
333 32.9954 25.3454 -2.31041
334 18.0502 4.27765 -1.47062
335 2.79152 3.14649 -1.81454
336 17.7918 36.8729 1.25302
337 9.16168 27.9568 3.87639
338 15.0077 21.7941 0.119741
339 37.6162 30.7871 1.17113
340 6.99539 23.0302 0.752842
341 33.7346 26.0237 -3.07805
342 11.9614 15.7624 0.13388
343 8.49643 18.0181 -1.7132
344 11.3641 39.488 -2.17987
345 32.0867 27.9848 -3.19936
346 15.6234 11.0209 -1.27064
347 39.2699 39.6272 -1.17875
348 12.4091 24.6686 -2.18349
349 17.5405 26.2834 3.08922
350 5.45914 17.4046 -1.51152
351 3.08609 22.4151 -2.21964
352 27.5399 27.02 0.0976072
353 23.1619 12.1155 -0.656639
354 4.16545 39.7338 3.85865
355 19.4738 24.2859 -0.357321
356 36.4695 37.1252 -1.39786
357 9.43063 23.0691 2.15887
358 16.8097 12.2507 2.80202
359 29.0381 24.2309 2.62688
360 33.0581 21.8632 2.70012
361 31.5228 30.9802 0.303655
362 0.704302 23.1575 -0.651834
363 39.7227 10.1563 4.3072
364 8.00514 9.25665 -0.853471
365 8.69348 34.7033 -2.66216
366 11.8668 1.99818 -0.635431
367 12.6409 36.158 -1.87364
368 25.2529 12.2038 -0.111243
369 13.5938 1.64115 -1.72098
370 21.0184 30.2625 -1.48179
371 27.3178 17.5846 2.89657
372 17.2531 28.277 4.49055
373 17.0213 16.3278 0.023573
374 10.3419 15.4995 2.36933
375 11.5166 13.4637 0.397905
376 39.5611 30.0668 -4.25283
377 2.61629 7.39925 -1.30158
378 11.8939 6.02295 3.53337
379 39.7917 30.2536 -1.64642
380 33.4138 26.0423 -2.13402
381 16.4773 37.2509 1.72775
382 5.81688 17.1 -1.14303
383 19.6644 32.5883 0.787922
384 31.5726 10.6245 0.946943
385 19.7676 23.5406 -0.822939
386 26.432 6.64746 -1.25148
387 34.1184 38.1579 1.61447
388 29.8195 29.9867 2.27248
389 9.24836 6.13699 1.62946
390 34.4656 19.2751 1.82743
391 12.0815 17.9872 4.448
392 21.0924 22.3696 -2.68645
393 18.7735 1.43081 -2.51931
394 24.9759 1.61986 2.06842
395 33.8605 12.5699 -4.08522
396 5.60709 35.9325 -1.49154
397 10.5587 8.60525 2.52378
398 32.1288 31.0658 2.79107
399 33.6232 17.6815 -0.751007
400 4.52592 3.4907 -2.56325
401 27.885 26.2194 1.96073
402 36.7738 7.31882 2.46302
403 3.9448 30.4299 2.49309
404 23.9566 29.0844 0.543987
405 4.47845 21.1829 -1.4077
406 23.0599 6.15367 -0.0697475
407 35.039 8.04739 1.88183
408 3.56595 6.70526 -0.948416
409 20.6234 1.00318 0.653711
410 17.5263 27.4359 3.64834
411 15.283 30.1747 -2.99273
412 1.74355 38.5141 1.97722
413 9.50836 18.2414 -0.543128
414 6.72118 9.78 -1.39272
415 9.57749 28.6185 1.77022
416 14.2454 37.5016 -2.42304
417 3.87013 36.5788 1.86242
418 26.9574 24.7347 -0.285854
419 26.4049 2.29918 1.40009
420 23.2866 4.14464 -2.40008
421 7.69101 17.2817 3.33419
422 10.1336 20.4973 1.27476
423 34.3044 7.5208 1.68292
424 22.355 24.4982 0.854751
425 14.4499 4.60063 -1.55679
426 11.347 22.3579 2.73916
427 18.6053 27.0591 -2.75094
428 4.98908 7.16905 -0.415155
429 4.01104 9.58627 4.01677
430 15.7056 14.982 -3.57992
431 7.84508 5.23547 2.10738
432 19.8393 30.4775 1.69174
433 26.1631 20.6846 0.555903
434 10.2205 24.2797 -0.330937
435 32.6 33.0352 -1.78021
436 2.84641 29.8741 -0.50368
437 9.28325 39.322 1.20762
438 2.3111 29.7998 -0.448376
439 36.5882 13.2507 2.30912
440 20.9286 10.9334 1.76112
441 6.89186 0.159421 -4.71773
442 3.35804 19.6758 -1.52332
443 26.323 17.3731 1.69384
444 12.5091 23.0824 -1.36382
445 10.7759 18.9165 1.71049
446 15.165 7.95567 1.98459
447 9.6356 2.08498 1.64568
448 32.8021 26.8181 -1.37361
449 19.0197 18.8694 3.96298
450 1.524 15.0185 2.54744
451 34.6455 10.611 2.31896
452 13.5497 16.8333 0.750602
453 4.25986 22.7902 0.654175
454 38.575 10.8616 -3.00586
455 31.6428 1.83657 -1.80298
456 10.5133 15.0583 2.0491
457 26.7339 15.126 2.68827
458 29.4997 16.4846 1.94837
459 13.9572 3.73181 -0.3908
460 6.07814 0.340625 2.43173
461 5.4797 2.86775 1.28503
462 22.9653 18.308 -3.28737
463 6.45581 35.3277 -0.558748
464 30.8202 25.7041 2.6035
465 28.1452 15.7883 2.60738
466 35.4204 23.4085 0.980871
467 11.4497 35.8765 -3.69545
468 22.2917 29.9746 -1.06822
469 21.8173 38.5436 -2.66302
470 12.9472 20.2355 0.0833065
471 39.1396 22.5464 -1.84855
472 14.9037 6.37931 -2.30921
473 9.81601 37.3072 0.15922
474 6.8856 39.2438 -3.15105
475 34.3419 7.93553 0.395294
476 9.95128 24.1263 0.176348
477 14.4751 37.491 -3.26893
478 24.9645 18.936 -0.686111
479 35.8839 30.1449 -0.354167
480 32.9036 20.1533 -2.71788
481 25.5476 0.782831 0.836328
482 9.1313 32.8357 -2.0852
483 7.34525 34.2955 4.29356
484 19.8793 32.749 0.837165
485 7.00138 2.61491 3.62849
486 16.2449 28.3189 -3.91744
487 30.5133 26.4233 2.41009
488 37.8352 6.01491 1.36637
489 26.0449 0.834721 1.64804
490 8.39715 6.69922 1.61097
491 19.23 10.563 -0.112915
492 22.6898 0.174353 -1.62075
493 4.16861 27.8848 2.70835
494 10.3695 10.5442 -3.04455
495 33.9007 8.47929 0.830395
496 21.5915 22.368 -2.53519
497 5.71763 36.2462 1.94626
498 18.6565 16.5612 4.12786
499 13.3938 20.7571 -1.24899
500 2.64071 17.295 -3.15932
501 34.0164 7.88503 3.28006
502 38.993 4.56337 -1.95194
503 24.2594 24.3139 1.54371
504 38.2494 38.1737 -3.4835
505 3.82343 9.73998 2.45409
506 25.2819 26.2152 -1.51941
507 20.5867 10.3138 3.1047
508 4.68704 30.2442 1.87048
509 18.1252 3.22677 0.897858
510 36.9923 9.26634 0.527775
511 24.447 34.7206 2.15594
512 29.8547 25.7434 3.65239
513 10.3294 23.2482 -1.22696
514 5.34746 33.1802 2.65815
515 16.8972 15.8111 0.010583
516 16.5562 37.2679 1.3786
517 16.1423 13.3749 -2.86795
518 4.32194 7.01459 -2.51516
519 24.6398 19.5822 -1.22021
520 39.5925 1.31508 -1.65085
521 38.2166 30.9584 0.453185
522 24.4718 19.0281 -0.485388
523 8.37511 21.2011 2.46852
524 9.72149 24.6592 0.0910542
525 4.88022 13.0241 0.201883
526 10.104 24.5522 -0.323337
527 13.8914 4.22644 0.496764
528 20.7855 2.21926 -3.1357
529 37.9436 1.2725 -0.0165043
530 29.7028 10.9332 4.78028
531 27.6314 4.46569 -1.48412
532 18.8732 39.144 1.26824
533 10.5828 35.0391 3.86119
534 11.1547 22.5439 4.00405
535 0.0376988 1.51005 0.850311
536 32.6482 11.941 -1.14958
537 2.38658 29.0503 1.95898
538 3.14984 1.21196 -0.0976504
539 10.7917 5.10139 -1.74519
540 30.7208 19.6374 -0.911706
541 22.2455 19.8296 -2.38094
542 34.0126 32.0632 -0.643381
543 9.9078 18.0713 2.55667
544 35.9934 36.3878 -1.10691
545 11.5211 29.2772 2.15258
546 0.448579 0.715187 0.0551076
547 1.90213 11.3989 -0.176022
548 35.0551 33.959 -0.80263
549 1.95084 27.2638 -0.7943
550 4.28011 25.064 1.1936
551 29.5743 10.8159 3.08021
552 2.70934 39.8714 -0.976227
553 14.2882 31.8917 -3.79996
554 17.7602 10.1512 0.267768
555 39.6015 9.14298 -2.5866
556 36.1129 22.7459 3.42748
557 3.95821 19.2743 4.27353
558 34.6339 5.54934 3.89046
559 27.8214 27.1438 2.60843
560 27.3613 24.4074 -0.571668
561 1.23893 25.3096 2.95036
562 10.5294 24.7588 -0.778645
563 7.16512 10.1177 -2.16192
564 16.1943 27.2545 3.73689
565 3.41953 21.3366 1.19268
566 16.6084 36.2758 -0.223614
567 28.8382 14.6608 1.23773
568 39.1996 4.44589 -3.68549
569 33.4888 24.9543 -2.43709
570 2.10614 29.2488 1.26256
571 12.8013 15.7897 2.15534
572 34.9819 30.696 -0.935178
573 27.5879 31.3522 -1.40239
574 9.34568 23.4691 1.46194
575 19.3653 16.2555 -2.83532
576 1.78277 1.16745 2.45886
577 20.2431 29.8439 -2.61089
578 8.14135 38.5871 -0.488883
579 12.811 12.6935 1.05397
580 7.61714 29.5696 -0.170218
581 8.49195 29.3023 -2.89639
582 29.2893 16.9826 -3.84436
583 20.8264 36.1486 -2.33273
584 38.509 9.49305 -0.678528
585 0.657308 26.8585 -3.61688
586 19.0549 19.9379 -3.39471
587 29.323 34.0369 3.11209
588 20.417 38.4861 -0.06478
589 21.9314 17.104 -3.46651
590 3.54249 8.45815 -1.10495
591 3.23015 29.3012 0.0357387
592 31.658 25.4371 0.465323
593 10.8511 23.1849 -0.247078
594 4.53679 4.03461 -2.42714
595 33.0395 21.1162 -1.10198
596 37.7433 39.1457 -2.76038
597 29.8493 10.292 2.57653
598 34.584 10.0974 2.59287
599 6.57934 32.6151 -3.56926
600 9.88167 38.3822 2.13487
601 19.2663 31.8088 1.16372
602 14.1901 21.4549 -1.94361
603 14.2405 4.16883 -1.12726
604 29.5012 29.9264 1.22373
605 9.68318 31.8053 1.6427
606 38.028 26.3153 2.61638
607 38.7644 9.71564 -1.54552
608 4.82915 4.98654 3.77159
609 22.0433 0.355905 -2.1807
610 32.3306 24.4832 4.82345
611 3.78087 25.0217 1.73582
612 22.2254 10.6736 -1.05973
613 20.5438 11.9332 2.19488
614 37.5933 1.84921 -1.49797
615 35.0456 7.89109 0.863733
616 32.5831 21.4131 2.06525
617 24.5361 27.1379 -1.19933
618 4.94562 2.73462 3.70852
619 20.7539 33.9033 -0.610056
620 38.1976 0.704807 -2.39267
621 23.065 17.9179 -3.04585
622 22.0979 3.12073 0.596298
623 20.6108 11.2252 3.91868
624 30.2012 5.54495 2.34833
625 15.9353 9.75414 0.0948369
626 4.38802 37.2492 -2.80991
627 5.52121 33.6571 3.69052
628 17.8807 2.83218 -2.11438
629 26.825 4.06227 -1.37883
630 0.420366 29.5067 -0.906615
631 26.3552 0.714246 -1.54414
632 34.2492 30.1874 -2.62923
633 3.78882 25.8084 1.06481
634 0.661576 4.65479 0.214657
635 24.5178 26.4502 -1.70839
636 24.5623 11.1142 1.52047
637 4.49578 32.3114 0.0402062
638 31.1099 26.3997 2.47797
639 34.1353 14.5357 -3.55156
640 10.0821 22.6503 -0.602538
641 30.4641 5.65537 1.50649
642 13.7216 34.1791 -4.04654
643 31.7626 30.5173 2.31853
644 10.3443 4.772 -3.03466
645 6.24766 7.3311 -1.78474
646 13.4001 6.22497 -3.6993
647 4.53114 14.129 -2.59384
648 33.4201 35.0704 -1.03429
649 16.3554 18.6777 0.0219694
650 27.6712 18.7259 1.77991
651 24.975 23.6131 -0.455285
652 8.38243 35.0674 -3.96853
653 5.43779 39.9863 2.38785
654 22.4641 16.1887 3.45221
655 38.745 33.2717 0.632101
656 5.51935 13.5998 1.28896
657 23.9636 5.97255 -1.70859
658 8.77699 27.9764 2.34927
659 2.42212 39.7381 0.807067
660 23.4046 13.1688 -0.940887
661 1.72236 19.9354 -0.267639
662 37.6815 33.1978 1.11109
663 10.7851 22.0049 2.54776
664 31.3677 16.6473 2.28978
665 34.5037 36.2889 2.11069
666 23.0202 2.38831 1.24769
667 0.00987111 33.3797 1.33565
668 8.2818 38.4865 0.0613481
669 14.818 32.7381 -2.05918
670 36.2381 33.0322 -0.0699677
671 31.5086 4.3285 2.65466
672 16.664 29.3147 -2.0667
673 38.8647 3.19068 1.71733
674 3.61546 19.8598 0.554503
675 32.8977 16.1731 -2.04182
676 37.2345 0.267881 -1.29597
677 38.2287 20.0081 1.76398
678 24.3371 2.62784 -0.747299
679 22.7857 17.5928 -1.00861
680 19.6021 32.0469 0.923919
681 6.3027 4.62274 -2.14005
682 35.0736 0.0306299 -1.23821
683 22.71 24.9674 0.491777
684 3.14827 2.02028 4.18461
685 24.5722 30.1854 -0.842662
686 1.12791 0.904034 0.988475
687 23.5835 6.25176 -3.53224
688 27.1281 5.09666 -0.475212
689 9.65335 2.87222 -0.781552
690 19.8261 30.9802 1.95702
691 16.948 29.8396 -3.2497
692 31.2891 17.3725 -0.45933
693 2.95014 18.8838 -2.21314
694 25.2971 21.8907 0.726472
695 15.7727 27.1182 3.55938
696 18.81 25.8581 4.31356
697 29.7206 3.54199 -1.72354
698 34.6765 14.5082 -3.30969
699 32.1672 21.9624 0.438602
700 0.81106 3.53098 0.527844
701 17.7337 4.48045 -1.3293
702 1.21467 36.3078 -0.34492
703 39.6489 10.7219 -2.2793
704 27.0812 33.9589 -3.28839
705 12.1077 34.9741 1.91387
706 0.828759 31.5642 -3.00574
707 14.8182 4.46279 -2.2019
708 36.5993 19.2687 1.40678
709 21.2061 12.8457 2.2106
710 17.4866 37.6766 -1.71786
711 35.7854 26.5127 0.166619
712 32.3693 22.1179 -0.88817
713 34.1604 17.7134 0.570201
714 24.3195 27.5311 -0.834057
715 37.2319 38.3233 -1.15809
716 15.6246 29.6517 -2.41237
717 15.2461 30.0892 -0.553572
718 7.79693 28.7225 -0.920053
719 10.0872 35.4934 2.21417
720 8.64237 25.2389 -1.55003
721 23.7612 39.233 -4.4748
722 2.15056 39.9384 0.0138782
723 7.98092 3.8397 4.19482
724 19.1087 39.6925 1.32598
725 24.5017 37.3579 0.132132
726 3.99949 28.0834 2.1259
727 7.25742 28.0395 -1.78363
728 38.1832 4.22394 -0.633742
729 20.0821 39.6784 1.58743
730 20.4819 12.1091 2.23282
731 32.1844 21.8026 -0.0789252
732 29.1065 31.9362 -2.43446
733 32.3675 28.7236 -2.35373
734 30.6959 5.86327 1.70775
735 22.6729 29.3431 2.16757
736 17.1287 31.6307 1.69002
737 0.119656 31.5657 0.247515
738 21.2272 9.77116 2.4324
739 11.6159 23.2255 -1.73556
740 34.3617 25.4358 0.730221
741 8.27132 29.8013 -2.22045
742 19.2036 14.3315 0.264615
743 23.0664 23.5178 -0.960116
744 32.1402 19.3443 2.92873
745 11.7547 39.5842 -1.60565
746 16.0489 12.6417 1.5265
747 19.1745 25.6259 1.72803
748 20.1203 31.1575 0.971215
749 3.06339 0.697171 1.15467
750 4.67 36.2815 2.36824
751 4.62533 37.3901 -1.5102
752 7.17051 21.5177 0.219123
753 15.9523 21.505 -2.02432
754 28.5114 22.8838 -4.28993
755 25.6871 6.19367 0.389215
756 2.09451 3.73136 -1.79663
757 11.8186 30.5778 -2.79841
758 35.6476 19.3175 -3.00715
759 8.42602 31.4811 2.08849
760 31.0856 32.1425 -1.94612
761 13.9353 20.4602 0.7241
762 22.5804 24.3133 1.10617
763 6.11037 2.40238 3.43926
764 22.21 12.3268 1.26155
765 34.0373 17.6319 0.963597
766 6.75735 11.7579 1.53592
767 31.1622 4.0391 -0.680624
768 6.00828 16.8856 -1.14434
769 15.1903 31.1945 -0.558844
770 5.34849 25.2784 2.4537
771 5.71925 18.4866 -0.567439
772 15.2834 35.4648 -2.06978
773 33.1899 27.3445 -2.71882
774 37.8363 39.8122 -2.37399
775 16.0067 11.3283 -2.08996
776 7.38168 16.851 3.44783
777 37.8988 26.605 2.65497
778 34.9561 24.5929 2.44495
779 15.103 39.3707 0.688788
780 2.65162 3.93137 -2.11908
781 1.36927 35.8578 1.70083
782 6.51849 10.1814 -1.34762
783 12.1888 8.9466 1.13263
784 38.017 0.735518 -2.31416
785 20.9957 9.28711 -0.601351
786 5.2169 17.682 -2.74606
787 31.0737 2.7969 4.32633
788 1.09734 1.0586 -1.23426
789 34.8567 6.74223 -0.613972
790 13.6065 29.3504 0.88342
791 13.9348 21.8489 -1.25184
792 13.284 20.9576 -2.64529
793 19.4605 32.3201 0.0230083
794 20.571 30.4779 3.74066
795 38.9865 8.39944 -0.374506
796 20.6725 19.2396 -1.24176
797 1.56861 30.6625 -1.33873
798 27.4277 10.7982 3.81627
799 26.346 6.21619 0.0707991
800 35.2336 5.25192 0.775239
801 17.1172 12.406 -0.0725836
802 35.3082 22.5874 1.07171
803 10.3658 39.6279 -2.27197
804 2.98782 22.203 0.097882
805 3.71905 26.0944 0.867828
806 7.98255 29.9281 -1.00495
807 29.3321 15.5621 4.21144
808 18.439 28.6973 2.29506
809 29.4996 15.1759 2.70754
810 15.0298 35.1704 -2.37204
811 8.57336 24.0654 1.3683
812 5.80482 6.74989 -3.28915
813 1.6514 8.31166 -2.3307
814 27.3235 37.7155 0.510915
815 28.9078 15.8115 3.21887
816 17.9062 2.59879 1.06106
817 7.27166 37.9406 0.0925535
818 3.87136 9.36972 3.86703
819 30.6786 3.57544 1.6077
820 2.3664 2.84639 -0.00294301
821 13.6061 15.9644 2.21391
822 7.50413 4.48714 2.84021
823 24.3207 1.538 1.6919
824 28.2981 11.3269 2.25932
825 1.28778 33.4455 4.04941
826 5.46541 16.2063 3.56014
827 0.3284 8.7476 -1.63409
828 18.9688 17.9019 3.03942
829 10.9798 36.0443 2.82829
830 7.59365 17.642 -3.14442
831 14.3558 1.15611 1.14558
832 32.7391 4.16051 1.49757
833 8.12037 13.6961 0.351259
834 20.8276 9.74932 3.32592
835 5.89389 33.325 0.918891
836 17.3501 33.733 -1.99755
837 28.8818 38.85 -2.42191
838 20.2227 3.33254 -0.86189
839 4.04768 18.6675 -2.68903
840 22.2865 15.661 3.2758
841 27.9378 31.4641 -0.845344
842 14.5771 29.2326 4.11223
843 17.7244 7.42764 -1.13881
844 7.03879 23.1108 -0.610128
845 3.25037 28.1418 4.17942
846 11.9943 32.4149 1.14335
847 2.93438 28.2674 1.44419
848 25.1728 26.9674 -0.882727
849 22.0315 16.322 2.82636
850 31.8018 34.7803 0.155606
851 5.57589 3.35201 3.53441
852 26.5531 24.8322 -1.30108
853 20.6131 27.4222 3.01151
854 0.499116 35.8048 -0.592238
855 12.1129 38.025 2.63558
856 9.15487 39.091 0.652065
857 9.44224 23.8749 1.51953
858 39.4023 27.9773 1.79593
859 14.6236 1.56212 0.977512
860 36.6945 19.7678 1.20327
861 1.86305 16.6132 -3.37245
862 5.22607 37.321 -1.49792
863 13.0867 9.38859 1.02168
864 21.0259 11.4398 1.34732
865 28.1118 36.9223 4.23444
866 27.0519 4.17889 0.0611571
867 24.8122 26.1586 -0.691012
868 30.0876 26.7044 -0.76987
869 35.5055 15.8652 -0.981113
870 33.0699 3.08358 2.78516
871 18.0025 26.3414 2.20385
872 31.7925 22.8635 -0.144792
873 15.8366 14.1701 -1.96598
874 34.0039 14.1507 -1.60167
875 29.8404 2.98679 -1.98989
876 9.89964 20.112 2.72914
877 32.7061 11.8887 -0.497077
878 0.94945 37.7743 -4.24406
879 4.15098 34.5717 4.10253
880 33.744 24.0162 -1.38197
881 10.4436 23.6868 -3.48316
882 28.7916 3.46895 -0.865588
883 27.123 29.8381 0.252548
884 10.7284 22.5692 -0.485703
885 12.8106 12.8224 -1.05843
886 15.8399 19.8749 -4.28111
887 5.5747 24.8269 3.05037
888 28.1196 25.8573 1.83093
889 2.89877 7.54255 -2.85951
890 15.091 17.5112 0.742304
891 18.5542 22.7919 -3.38199
892 11.3357 5.63496 4.75955
893 31.5231 26.6549 2.84674
894 36.974 28.8836 -3.94104
895 34.8984 10.12 1.06672
896 19.1971 3.06369 -2.15034
897 39.3844 15.2143 1.60486
898 18.3152 17.9459 3.72281
899 11.1984 23.8841 -0.752957
900 12.0355 1.36042 -0.894718
901 0.266378 34.4404 -1.72402
902 3.42773 32.8715 0.381123
903 6.62237 39.4508 -3.20238
904 15.4523 39.3262 -1.21271
905 33.0853 37.3436 3.0612
906 21.3371 16.0123 4.11994
907 8.24357 27.3307 1.20046
908 33.3013 33.7477 -0.90954
909 6.74915 38.8888 -1.0062
910 39.198 20.0506 0.0667704
911 33.4654 28.8482 0.161701
912 24.2731 12.795 -3.42301
913 39.4463 32.4905 -2.04912
914 35.4699 22.7541 -0.00421033
915 34.8231 36.0514 1.81258
916 30.6372 21.4325 -1.16953
917 11.3435 23.9851 -3.87735
918 37.1427 7.14743 0.0551526
919 33.7352 21.901 -0.563114
920 4.75067 23.042 2.67583
921 25.4257 25.7095 -0.665065
922 25.188 14.7559 0.432292
923 3.9683 28.4378 1.41003
924 28.2186 30.1431 -1.84095
925 23.2661 8.27023 2.66907
926 25.9949 6.34421 -0.145645
927 4.40081 27.9653 4.08733
928 34.3084 3.26062 1.5736
929 6.34276 35.1442 -0.889504
930 3.67531 5.52069 -2.77874
931 18.5741 16.177 -0.0673658
932 2.42458 23.263 0.948212
933 13.8522 2.42808 -1.36073
934 28.4045 26.1972 1.90112
935 11.1622 6.56391 -1.38066
936 15.4794 22.1216 -0.351671
937 20.3027 2.37898 -1.69453
938 18.6173 19.8357 -0.493587
939 14.3205 4.42518 -3.44334
940 12.3582 25.905 -3.85385
941 25.232 18.84 -1.21432
942 10.2742 20.1474 0.236598
943 13.5243 4.76785 -1.48842
944 5.69533 36.8421 -0.419759
945 0.713858 1.47327 0.696207
946 18.5672 24.7647 1.25349
947 10.8996 3.54321 1.63608
948 21.3729 5.15288 -1.93765
949 4.58173 11.878 -4.06766
950 3.94383 32.0022 -0.542072
951 12.6197 8.33975 3.66057
952 12.2576 25.449 -4.07016
953 31.9497 24.2053 3.43591
954 6.20296 0.545433 0.357531
955 2.98253 1.23687 3.74565
956 29.1663 15.513 0.984605
957 34.031 19.66 -1.14787
958 1.73091 38.7719 1.36879
959 26.1973 5.55144 2.38027
960 7.68275 34.6232 4.82219
961 0.251793 23.8007 1.10502
962 9.5184 24.1727 -0.126993
963 14.9726 35.3966 -2.02472
964 1.6124 6.86873 -2.13881
965 35.121 28.7665 1.76941
966 16.4943 15.8178 -1.0433
967 14.9464 0.780394 1.45594
968 34.801 20.8841 0.46592
969 9.79922 4.22747 -3.3306
970 18.0842 31.6137 0.731303
971 27.1599 11.003 1.47763
972 12.5535 20.7481 -0.579235
973 7.87481 27.796 2.97052
974 27.7007 27.104 2.28137
975 5.07187 21.3585 -3.34344
976 5.28442 13.1843 -1.72544
977 5.78487 37.1418 -0.662785
978 14.8258 34.5567 -3.10486
979 6.40363 4.04639 2.00665
980 36.8925 16.3891 -1.44016
981 3.40355 23.7653 -0.839972
982 38.0498 3.38321 0.542663
983 35.0802 16.2501 -3.13158
984 8.43806 32.0974 0.207457
985 4.33126 24.6952 1.23461
986 21.5573 17.2133 -1.31481
987 10.1952 20.6284 3.46571
988 6.70035 28.3637 -0.744565
989 27.8237 31.8337 -0.484606
990 25.6266 14.1211 1.14602
991 11.0181 23.955 -3.20567
992 2.49252 17.5821 -1.43982
993 14.7066 19.1129 -1.10174
994 23.5616 19.8741 1.04654
995 16.2354 15.083 -2.50613
996 34.3862 21.2716 -0.519335
997 35.0911 18.5816 -4.64313
998 35.5577 35.2275 2.85891
999 33.9254 10.0597 1.32401
