1000
Particles
0 3.55012 31.4581 -0.419752
1 32.8102 28.2695 -0.886769
2 18.358 4.86346 -2.08674
3 7.14048 33.9612 2.68575
4 19.6231 22.5925 1.13139
5 15.4283 9.46941 1.39671
6 29.1523 36.047 1.46657
7 33.8306 24.1771 1.66726
8 8.7243 22.0282 -1.54699
9 38.4674 21.7844 -0.864576
10 23.6834 39.6675 4.25711
11 3.33322 29.7241 -1.00088
12 31.8955 34.296 1.84187
13 11.6862 6.07119 -3.28566
14 29.7888 26.3281 1.8319
15 14.3002 27.4748 3.41809
16 27.7101 34.7811 3.1244
17 32.5565 17.708 -2.42893
18 33.9974 12.9164 1.70117
19 13.3881 26.4228 2.22046
20 1.84601 8.01862 1.60726
21 38.432 3.38624 -3.15004
22 5.30994 8.19366 -0.128399
23 35.3 22.2322 1.23218
24 37.2575 8.36034 4.11052
25 2.03113 31.0235 -3.78441
26 17.62 33.1822 -2.29743
27 14.3769 9.34658 0.195473
28 8.76648 30.8545 1.07382
29 29.7539 39.1055 -0.713518
30 14.9363 19.5668 3.22273
31 8.46303 14.9176 -1.55633
32 24.7419 1.85725 -2.15243
33 12.196 32.3483 -1.01568
34 27.6589 26.9755 1.46004
35 23.7536 9.2117 0.284872
36 12.3354 1.03801 0.750197
37 36.1936 28.806 -0.282411
38 28.6266 1.2351 1.46201
39 37.2883 20.1748 3.1434
40 39.9225 33.3553 1.23878
41 11.9615 14.5161 1.3128
42 37.5132 21.1319 -2.48709
43 19.9714 31.5997 2.04822
44 24.4999 30.0519 -0.473487
45 7.10717 23.2212 -1.18684
46 39.3086 4.87349 1.54339
47 24.9999 12.0794 -0.0209835
48 5.70724 33.2937 0.233885
49 5.3267 33.5007 0.954367
50 3.7427 37.0824 0.186687
51 27.8538 37.9341 -0.578158
52 29.8439 10.0626 -4.14886
53 16.4225 4.21342 3.13031
54 25.3813 19.2104 -0.459885
55 8.23983 13.9025 -1.1635
56 17.0348 11.6597 1.58792
57 9.40254 37.2864 0.81496
58 30.9415 22.5779 1.15708
59 7.84531 31.8485 0.0746985
60 8.61611 22.5215 0.0811966
61 15.4256 33.764 -2.36311
62 38.7803 3.04341 -4.57578
63 8.55072 17.3298 -1.54541
64 36.0962 26.5002 -1.62873
65 4.18252 38.5811 -1.90201
66 39.6346 19.1292 -4.46987
67 28.2638 21.9274 -0.755644
68 5.52835 4.56962 3.07141
69 16.869 39.186 -1.99069
70 10.0437 5.04964 -3.01116
71 20.0376 16.3625 -1.20343
72 3.85076 8.58254 4.97678
73 20.0263 26.4736 1.96196
74 7.50433 11.2796 -0.587171
75 35.3315 35.3406 2.75236
76 26.4449 8.10526 1.12723
77 7.79824 27.1215 0.60567
78 5.2719 38.2909 -2.07107
79 2.31743 36.9003 -4.41196
80 32.0394 13.113 -0.543032
81 5.60242 35.234 0.668489
82 14.0146 15.3167 3.79547
83 14.215 29.5864 2.0833
84 26.9674 10.0399 0.124296
85 2.82106 19.6694 1.80825
86 16.8273 11.4919 2.562
87 25.2259 35.3953 3.03075
88 6.71462 1.06039 2.78468
89 5.53446 2.12351 0.327307
90 1.17041 35.0809 1.67489
91 25.8196 16.3935 -1.47727
92 18.6032 28.9036 0.0584047
93 10.4391 0.928531 2.15522
94 18.4305 25.5478 -1.73016
95 16.2685 3.79441 1.59903
96 8.30429 35.0181 -1.45191
97 14.8138 38.5946 -1.44438
98 0.340528 21.4169 0.877501
99 12.0976 6.89692 -1.6944
100 30.3453 23.8475 -0.392321
101 21.2958 24.7787 1.74386
102 19.7951 36.0852 -2.34024
103 13.3201 1.41778 0.693945
104 23.4184 6.19316 1.04276
105 12.8305 37.178 -0.561809
106 35.0636 20.5787 -1.46863
107 19.7048 23.2135 1.40221
108 32.9839 23.3692 2.35242
109 39.757 33.2934 0.20445
110 4.50202 37.1649 -0.44028
111 37.2677 32.8428 -0.973304
112 29.9992 0.0346205 0.590896
113 35.0928 32.6934 -2.81241
114 32.402 26.4687 2.43763
115 28.8602 17.4156 1.93967
116 18.858 33.4957 -2.95705
117 30.1497 28.1234 -1.19707
118 24.1046 6.78004 3.48046
119 33.883 10.3031 1.90593
120 20 29.6263 0.223201
121 21.1438 14.1858 -1.08938
122 35.8785 24.1368 1.56712
123 7.69109 24.6141 1.09775
124 12.1299 38.1563 -0.974927
125 23.3375 36.4801 -1.66525
126 31.7772 32.0241 2.08406
127 34.9182 5.95833 -1.74212
128 32.516 0.650454 1.24453
129 7.19528 13.5643 -0.813973
130 27.0899 9.87419 0.525771
131 24.3407 28.9599 3.64574
132 19.7037 39.8276 -1.50724
133 39.8959 37.4987 0.049245
134 10.6197 35.0557 0.374502
135 11.9741 0.792735 -0.0488425
136 26.8796 9.51431 -1.74616
137 21.3375 24.4745 1.04919
138 6.80811 14.014 -1.32185
139 17.5471 0.603353 0.403666
140 30.0132 39.6816 -0.0178217
141 26.7092 38.3238 -2.30088
142 20.3233 13.4666 -0.961829
143 17.0527 22.576 -1.52559
144 4.30012 32.3287 -0.00706437
145 22.9716 25.6209 -0.447922
146 28.3462 14.7764 2.22827
147 38.2288 35.5413 -2.45783
148 31.856 9.07377 -3.00666
149 11.0452 15.3367 -4.02591
150 12.056 29.3002 2.17089
151 31.8257 3.97655 -1.51888
152 14.5386 15.725 -2.6783
153 19.2978 8.13576 3.28046
154 27.3816 38.1627 0.229269
155 39.5881 24.1589 -0.95116
156 36.6865 28.6422 -2.69725
157 13.8087 3.11955 2.88809
158 13.8019 38.4781 -0.106721
159 20.6565 31.0851 1.65308
160 2.67903 16.0358 -0.891244
161 9.71585 27.1392 -4.05085
162 25.6874 27.2314 -4.53884
163 9.70045 11.25 0.783914
164 16.5707 9.98189 0.204192
165 30.0837 8.71499 -1.42463
166 36.8184 5.62254 -0.204478
167 7.53813 33.477 0.258386
168 34.5918 23.4503 3.95753
169 38.0843 0.969077 3.00741
170 37.8466 33.0885 -1.03273
171 22.8302 32.6727 -0.852039
172 0.224411 17.3405 -1.23509
173 24.5585 32.7212 -1.88352
174 22.5968 7.50024 -1.24687
175 2.95425 6.41381 3.19706
176 19.8026 21.2495 -1.53931
177 16.272 1.98298 -1.41538
178 30.0422 24.8712 3.83445
179 22.2909 13.3175 -3.38957
180 15.9501 5.22369 0.938818
181 7.6719 30.5683 -0.500581
182 14.1298 21.178 -0.404028
183 0.636085 15.5782 0.0758608
184 3.81848 38.326 -1.5322
185 3.09007 7.22525 -0.797672
186 22.2704 35.7257 -1.21902
187 3.1455 6.20353 3.05249
188 14.9903 17.3349 -0.478367
189 4.68022 22.1158 0.466565
190 21.2261 18.2364 -3.36323
191 15.4961 32.8438 -1.74675
192 33.6905 1.24334 1.0137
193 19.8235 25.4147 0.560558
194 19.1344 22.5882 -1.43454
195 6.5538 14.5505 0.867188
196 28.4854 36.4565 4.35426
197 12.3983 36.89 0.850113
198 30.5548 20.0598 -1.11125
199 17.7868 10.5907 1.9826
200 35.8526 0.00630134 -0.196603
201 1.05915 14.8171 -2.79648
202 8.91252 19.7087 0.0635009
203 21.6512 16.8555 1.3063
204 31.4379 31.6639 1.32203
205 3.01131 32.0314 1.41059
206 14.5941 2.48522 0.943431
207 35.5265 1.62336 -1.78913
208 33.5597 19.1099 0.753916
209 9.55592 38.7551 -1.757
210 17.5119 22.5474 -1.62857
211 36.6215 18.8767 2.22789
212 34.2365 33.2422 -2.42611
213 37.3866 4.73823 -0.234424
214 27.3441 20.8645 2.5432
215 39.466 17.6982 -0.686354
216 35.439 27.4618 -0.861583
217 8.122 11.2243 0.238949
218 11.5678 14.3434 3.30083
219 27.2284 38.3634 -2.69584
220 11.0971 0.950374 0.282604
221 22.6102 16.0812 -4.23857
222 37.2479 31.6663 -0.524307
223 15.1431 27.5391 2.89348
224 4.07706 29.9683 -1.38441
225 35.1085 6.88194 0.217826
226 29.1435 16.6346 1.29638
227 6.23591 10.9661 0.566314
228 12.9574 2.44465 3.73046
229 36.1087 22.3069 2.34848
230 34.0887 4.73786 0.0533853
231 16.4823 32.4503 -1.90004
232 32.1142 38.2378 0.798315
233 35.0498 8.13526 0.842982
234 1.25328 6.28015 -2.33003
235 38.2736 8.94334 2.16665
236 21.059 1.63606 1.562
237 16.8401 23.5892 -2.23542
238 12.1713 8.19599 3.64769
239 34.026 15.6219 0.128447
240 13.3946 16.3414 -0.891167
241 2.09762 23.7779 3.37527
242 35.1838 38.8526 -3.66311
243 31.9994 37.5171 -2.24832
244 6.01965 10.2386 -2.30784
245 17.0944 39.6711 -4.06192
246 28.3909 2.7328 1.14454
247 39.8253 37.1562 2.0322
248 4.73973 27.3157 3.62457
249 8.00022 39.6988 -3.69533
250 21.5543 9.0548 2.00445
251 35.5504 0.93093 1.63701
252 29.5307 17.0953 1.21826
253 31.7693 13.7929 -0.718623
254 4.72754 37.0792 -0.33611
255 29.4059 24.5587 1.66836
256 5.31341 2.26582 -0.737076
257 31.8645 17.3292 0.705776
258 22.4903 5.38978 -0.425873
259 37.1149 14.1076 3.41432
260 39.5037 4.09397 -0.744698
261 32.4167 26.9246 -2.29554
262 29.3508 36.9169 2.09138
263 5.92529 1.49928 -0.648343
264 10.5708 24.431 0.420515
265 37.0974 29.6819 0.606837
266 36.4363 12.8623 -1.578
267 8.71477 23.5392 -0.467192
268 13.0994 16.7351 -0.121945
269 29.4345 38.084 2.96369
270 36.0283 9.07044 -0.392117
271 35.5355 7.35234 0.568202
272 20.0394 18.2307 0.787362
273 29.6377 35.8881 1.83118
274 11.9483 0.680099 2.70401
275 12.677 26.483 1.48474
276 32.087 19.0575 -0.45009
277 4.83761 15.7632 0.949532
278 4.18226 11.617 -2.06963
279 16.5379 32.0919 -1.42764
280 5.82504 28.5806 -3.52032
281 23.043 20.205 -0.592864
282 5.57727 15.5354 0.563033
283 23.1469 36.9011 0.276645
284 32.1507 18.3629 -1.63017
285 1.80164 34.8821 -2.15748
286 35.138 4.79525 -3.47337
287 19.9339 15.0634 -1.88702
288 2.78862 0.437365 2.80775
289 8.42681 38.0766 -2.48886
290 29.2673 26.096 -0.551656
291 11.1264 1.12322 2.20436
292 30.3082 18.981 1.3429
293 14.7092 6.32881 0.999102
294 24.3759 25.9875 0.252138
295 16.5355 15.3589 -0.826032
296 21.8923 28.926 -3.51439
297 38.8171 34.279 3.59461
298 19.7629 0.468695 0.450663
299 17.1892 29.358 3.60142
300 22.0341 16.1903 -3.57276
301 27.7243 27.4099 -0.912563
302 23.4173 35.7947 -2.8736
303 0.371674 15.9157 2.63289
304 4.74086 32.53 -0.48139
305 38.9222 18.9912 -2.72622
306 21.6204 14.264 -0.694133
307 11.7399 19.1085 3.47654
308 5.09349 27.2325 3.47235
309 18.1913 36.1142 3.94469
310 17.9297 23.2391 3.67977
311 23.2545 15.6556 -3.57692
312 37.4477 29.4439 -0.462404
313 22.512 1.60734 -2.14433
314 17.6552 1.73992 1.52687
315 4.98194 35.3094 0.652605
316 36.1184 36.7155 2.77899
317 18.9498 27.8444 1.42704
318 26.0841 34.3853 -1.52215
319 10.7404 10.0098 -0.301465
320 8.37581 18.8466 -0.0718124
321 23.3266 5.86035 2.56031
322 39.5157 33.5659 1.24815
323 4.47892 37.6415 -1.06038
324 25.1125 17.6658 2.9754
325 13.7306 29.6202 -1.81729
326 11.0487 15.1321 -1.19696
327 14.3095 32.8374 0.1137
328 16.2281 36.0981 1.49655
329 8.8484 22.3522 -3.41707
330 33.3465 16.0699 -0.523361
331 23.69 0.679718 3.31726
332 35.4731 5.12524 -0.0819743
333 32.3072 23.5668 1.5614
334 15.1814 6.91684 0.427484
335 4.59911 39.7353 -2.90522
336 19.4829 7.16365 3.64679
337 7.40415 21.6054 -1.93809
338 19.6326 20.2453 0.0247571
339 38.1476 31.9839 0.380031
340 16.0116 17.4367 -0.371912
341 28.9832 26.7259 1.65529
342 13.6241 14.8175 0.212157
343 8.59427 15.2012 -3.01642
344 11.834 1.02733 1.60782
345 38.6019 26.296 -0.635833
346 17.8964 13.825 0.807776
347 6.65239 36.0587 -0.516681
348 9.69979 23.0485 -0.141915
349 16.9665 22.9087 -3.40907
350 13.6489 12.002 -3.72374
351 37.3641 25.7709 -2.31774
352 30.9617 25.1978 0.811318
353 21.4254 16.18 3.55385
354 6.11699 0.586745 -0.764818
355 19.2384 21.9956 -1.26321
356 36.801 0.398221 1.79533
357 12.7587 16.3283 -0.649711
358 11.8956 14.2042 4.00394
359 24.4881 30.0763 -0.498647
360 30.8274 21.6044 -3.34302
361 28.7259 33.7746 1.7981
362 36.0375 22.0364 3.01435
363 35.9698 7.28587 3.44685
364 7.5924 8.61786 0.643082
365 5.38072 37.5482 -2.56106
366 10.0887 4.12787 -3.74469
367 11.8126 37.9681 -1.50673
368 18.2124 12.0913 2.90146
369 13.2058 7.03537 -2.60226
370 20.2316 32.1619 3.47179
371 26.2091 16.4355 -1.24161
372 22.8617 29.703 -0.356806
373 18.5333 14.3309 3.63014
374 9.62769 8.40239 -0.726618
375 9.76471 12.139 0.481108
376 38.7738 29.0841 -0.864109
377 37.0904 5.08023 0.968658
378 12.3959 3.95266 1.25221
379 3.56303 32.6499 -1.94669
380 33.9973 31.8611 2.97369
381 13.051 0.266635 -0.647561
382 4.20494 14.0211 -3.64744
383 20.6922 35.6583 -1.14119
384 30.4708 10.0499 -2.58613
385 15.7062 27.6586 1.483
386 26.631 9.71837 0.493235
387 33.446 37.3951 -0.9435
388 30.4284 31.9385 2.85969
389 10.9388 4.12739 -2.00754
390 28.5216 12.1396 -0.407989
391 9.06899 16.6413 -0.151644
392 23.3438 16.4321 -3.88053
393 17.9963 38.5261 -1.21707
394 25.8061 7.05524 0.816445
395 38.4365 13.5222 1.61006
396 7.8446 37.3669 -1.30917
397 5.34507 12.7745 1.01068
398 33.7055 38.5033 -0.129348
399 33.6077 13.1575 2.7003
400 0.640772 0.873323 -0.339629
401 28.291 26.0853 1.36732
402 32.116 12.7899 1.74638
403 5.42602 28.5398 1.25363
404 22.4322 32.0309 -2.98322
405 0.0026243 21.5725 0.477946
406 18.5053 7.32797 1.23017
407 36.7774 8.58476 0.99095
408 11.9826 5.34715 -0.524437
409 25.7154 4.73005 -1.44344
410 19.2485 26.1556 -2.33721
411 17.9259 31.3109 -2.58011
412 2.2288 0.474314 1.20546
413 7.9748 13.3996 -1.9578
414 7.33868 4.7395 -2.47031
415 10.4304 24.8238 0.508847
416 9.06356 36.0512 -2.11008
417 3.32225 38.5558 -1.15162
418 26.3361 24.9298 -0.0890407
419 19.1194 11.8963 4.10397
420 27.8031 3.25719 0.414223
421 6.38582 12.9385 1.32015
422 9.9428 18.6509 0.896719
423 35.0917 5.50757 -0.952781
424 20.0931 18.5149 -2.05993
425 15.5935 2.46303 -1.35276
426 8.55565 19.9659 -2.86172
427 19.817 28.4323 -0.327382
428 9.67527 7.22362 -3.92153
429 0.677483 7.19474 -1.13618
430 13.1025 15.3604 2.87929
431 11.2905 10.0865 -0.33265
432 17.1005 34.702 -4.69208
433 25.8966 23.103 2.64759
434 15.1599 21.9262 -0.621647
435 37.1217 32.7901 -1.68324
436 0.986557 30.0427 -1.44176
437 11.3171 0.699232 0.0781091
438 0.543887 35.006 1.37761
439 36.5216 19.6035 2.99815
440 22.9738 7.65124 -0.292572
441 11.2037 0.171894 0.019451
442 12.2532 15.6602 -0.80056
443 20.6848 18.2851 -0.254371
444 15.1 21.9536 -0.471136
445 11.516 22.0428 -0.59503
446 15.8813 8.31544 -0.493462
447 10.5358 3.1924 -2.87281
448 30.0278 24.281 2.52127
449 15.9027 15.5692 -2.56075
450 39.4116 14.1022 0.382047
451 34.0966 13.174 3.44164
452 10.4806 15.7184 -2.91788
453 5.84873 20.9462 -1.83434
454 35.9758 7.43603 0.746895
455 30.4132 38.1636 2.74351
456 9.93337 14.0998 1.05407
457 24.0086 12.3894 -1.7295
458 25.91 16.696 -1.96988
459 13.8892 38.2601 -1.95748
460 5.2432 38.4748 -3.60614
461 5.64709 1.48713 -0.750712
462 18.7248 20.5305 -0.9034
463 4.75972 31.304 -0.224623
464 30.877 27.3789 -3.5679
465 24.4875 12.1523 -2.50017
466 35.647 28.3866 -1.59625
467 11.0579 35.9578 2.08023
468 17.6912 34.8546 1.94513
469 24.837 36.8179 -0.5654
470 8.55367 19.8617 0.61547
471 37.1194 24.419 1.35575
472 16.4262 1.20323 1.86032
473 14.1184 32.505 2.32975
474 10.275 37.6442 -0.0275106
475 34.7261 3.51541 -1.48649
476 13.7525 20.0063 1.53179
477 9.35214 37.2084 -1.16882
478 28.1681 26.6712 1.45242
479 38.8035 28.877 0.196727
480 37.2097 19.7261 0.17421
481 28.0613 2.72549 2.85618
482 10.1438 34.3126 1.93409
483 5.6722 34.6048 1.65272
484 20.5669 34.7541 -0.375053
485 6.81596 38.705 -1.59311
486 18.6335 27.7505 -0.872983
487 33.4699 33.2904 1.37055
488 38.3046 5.05665 -2.52034
489 25.5492 39.8641 -0.90441
490 4.92767 8.16219 -2.10018
491 20.4004 14.3737 -0.406742
492 21.5618 38.4079 0.664981
493 3.07727 27.273 0.525513
494 9.77786 14.9427 -4.3431
495 32.9692 6.46658 -0.0348789
496 21.5481 26.6357 2.63834
497 7.74923 37.9837 0.32864
498 17.9096 17.3651 -2.49836
499 8.88427 18.8533 -0.631709
500 8.38559 13.3489 -3.16421
501 30.5397 12.7064 0.241905
502 3.35627 2.93412 -0.5422
503 23.6218 17.9184 0.423209
504 4.50868 1.8773 -0.46338
505 8.18057 8.982 0.41724
506 26.691 24.1482 2.68653
507 21.5276 8.93183 0.820367
508 8.4264 30.1769 0.320191
509 16.5008 39.6161 -2.93567
510 29.3435 10.2159 -2.54049
511 23.4496 34.8005 -0.599539
512 30.4328 23.1251 0.710295
513 17.0808 22.5587 -1.77601
514 3.12761 30.2972 -0.646584
515 16.1385 14.7094 -0.132174
516 18.0265 0.654577 -1.32422
517 11.0663 18.7845 3.85127
518 6.78067 6.4924 3.67219
519 21.7685 16.9194 -2.57807
520 39.5511 0.269216 -0.68727
521 35.5771 35.6087 4.48378
522 27.937 20.9641 -1.3674
523 7.49394 19.602 -2.00933
524 15.1806 22.5082 0.42531
525 8.31118 11.5879 3.63998
526 10.7134 26.9205 -1.66284
527 13.0527 38.5125 -1.77959
528 23.3348 5.43291 1.96618
529 33.7868 37.7476 0.175784
530 32.7428 15.8227 0.162394
531 27.4687 1.68832 2.45916
532 21.3995 38.223 -1.38124
533 11.9963 35.6779 -0.586065
534 8.8018 21.849 -3.5756
535 34.7384 3.06682 -1.76312
536 35.1872 14.5528 -0.53181
537 3.9917 30.4654 -0.00967681
538 11.3024 0.258754 2.63559
539 15.91 6.27475 1.19809
540 32.5608 15.8989 -3.1452
541 18.9122 20.5244 -1.61993
542 32.0597 34.7892 3.93558
543 8.38294 16.8995 -0.823078
544 35.3081 36.7126 -0.975594
545 11.3674 28.1427 -0.660861
546 37.759 0.545263 1.38449
547 2.72353 10.4837 2.74883
548 37.6195 37.327 0.861182
549 0.283554 31.4293 -0.196591
550 3.2155 26.8716 2.03914
551 25.2222 10.6128 -1.46667
552 7.90852 3.84642 -0.227971
553 10.7478 30.8692 -3.31455
554 14.0561 6.3043 -1.16825
555 35.3709 8.13668 2.50403
556 38.1819 21.4579 -0.673881
557 9.62829 15.2715 -0.817445
558 29.4292 1.37969 0.732163
559 30.3301 26.7193 -2.25828
560 31.2758 21.005 -0.799676
561 1.66025 32.7833 1.37566
562 9.23256 25.4958 -1.51839
563 6.65645 11.3804 -2.3503
564 14.15 25.3411 1.00282
565 3.19561 19.2322 -2.65241
566 12.8639 35.8417 -3.92968
567 24.6909 12.5422 -0.379021
568 3.02982 0.672523 1.21774
569 28.4658 25.8106 0.0570988
570 39.8651 30.8331 -0.315536
571 13.6516 11.6547 -2.25872
572 32.2868 28.2728 -1.28182
573 21.0042 31.0884 3.17396
574 13.8244 23.9026 2.00766
575 16.376 15.3597 0.510576
576 3.67894 0.25308 -2.22951
577 24.9274 33.7542 1.0329
578 10.9202 38.0508 4.59974
579 12.2182 10.9919 1.9303
580 10.7828 28.7628 -1.57836
581 9.59206 26.6469 -0.606999
582 22.726 16.5233 -1.10782
583 21.4777 35.112 -2.58783
584 37.9555 9.3035 4.09779
585 3.13049 26.937 -0.585009
586 20.2992 21.0678 -1.36402
587 28.5604 36.499 1.378
588 21.9269 34.6977 -2.22702
589 27.4779 10.2447 -1.92781
590 0.996679 6.26442 -3.34363
591 12.8564 25.0017 -2.42729
592 27.4091 26.068 0.350161
593 8.31424 26.2973 1.75074
594 2.65374 3.21053 1.01288
595 37.5627 24.3697 1.02502
596 39.2622 39.8463 1.81051
597 29.8337 12.8146 -0.811166
598 0.309237 11.7616 -2.00042
599 6.31584 31.7022 3.55198
600 5.8172 38.0262 -3.89926
601 21.805 35.4788 -1.56382
602 18.2161 22.5989 -0.96884
603 18.2433 5.2796 -0.17343
604 31.0102 33.384 0.215744
605 9.79695 26.8772 -2.56678
606 37.0168 27.2213 -0.969209
607 38.7744 9.36897 4.17392
608 3.23451 2.96393 1.17653
609 23.6402 1.75375 -2.7184
610 32.2283 27.147 -1.22236
611 0.383874 23.4702 -1.84324
612 21.3883 10.5234 -4.49172
613 17.3105 13.2073 2.95614
614 33.0667 0.898943 2.20998
615 33.5235 9.15189 0.308644
616 35.602 23.8134 1.30581
617 24.0227 24.6885 -0.586908
618 6.43629 38.9754 -0.222146
619 18.9567 33.7318 -0.87523
620 36.7439 3.64721 -3.29208
621 24.8928 19.9624 -0.727989
622 27.0515 9.93722 0.229361
623 20.4497 17.127 0.398549
624 34.9301 5.48809 -2.06139
625 12.4372 7.25667 -2.13405
626 5.45467 37.2407 1.17618
627 2.81338 35.7473 1.84146
628 18.6359 6.63315 0.550804
629 25.8061 6.22558 2.37112
630 38.8608 35.3076 -0.567319
631 24.4072 0.83416 1.75778
632 34.9021 34.527 3.65412
633 6.4159 27.8204 -2.38098
634 37.6771 6.27041 -1.51043
635 28.147 25.387 -0.702373
636 22.9964 12.9948 -1.2347
637 8.11876 30.1122 1.64428
638 30.6544 27.5087 -0.570611
639 30.2546 16.2568 2.20477
640 8.00358 18.2255 -1.06413
641 31.7269 4.87234 -0.932715
642 11.9008 31.637 -0.295434
643 32.541 35.5791 1.28867
644 10.1896 7.24292 -1.71131
645 7.00207 7.40941 0.0949947
646 13.0868 2.67024 3.93842
647 7.18035 10.755 -1.36369
648 33.56 36.8243 0.758376
649 13.1486 16.7051 -3.60632
650 23.5535 19.9572 2.19246
651 30.2677 18.4078 -0.0938365
652 8.04225 30.4261 0.531243
653 8.77798 37.7454 -1.59389
654 23.3726 16.6561 -4.10497
655 36.4984 33.0774 -1.72362
656 7.90951 12.681 -1.36586
657 25.4944 8.7003 -0.189256
658 9.45144 25.6815 -0.931867
659 4.88864 38.222 -1.1658
660 22.538 14.9219 -1.41685
661 4.70037 14.1789 -2.65136
662 36.5524 37.0922 0.679234
663 5.71477 16.9471 -0.662697
664 33.1918 18.2792 -0.595776
665 33.1935 39.2747 -2.5876
666 24.725 1.27853 -4.70461
667 35.1255 32.9884 -1.53624
668 12.6721 31.7129 -1.14154
669 13.2886 37.3071 -2.47681
670 36.9841 31.6782 2.09149
671 27.5522 6.47647 0.376014
672 16.5351 34.7746 -3.27961
673 38.1313 1.08542 2.20899
674 3.00646 17.7143 2.4318
675 32.5447 16.8206 0.336277
676 34.8617 1.06428 1.03169
677 4.89915 20.497 0.133875
678 26.2246 0.893824 0.558837
679 25.4033 21.6473 3.27207
680 17.8577 35.0867 2.11912
681 6.72356 38.778 -0.717009
682 36.7928 38.6387 -1.86764
683 22.1714 27.9105 -1.16385
684 6.75795 29.9629 -0.779805
685 24.0681 29.6537 -0.824887
686 3.74095 35.8468 -1.86601
687 17.685 12.142 2.68023
688 27.0094 7.10402 2.51403
689 5.51722 3.22376 -0.452876
690 13.556 37.4173 2.07842
691 18.5755 32.7863 -0.766721
692 26.7321 19.0729 0.713304
693 0.00897021 20.9565 2.38719
694 24.6036 22.2133 1.91381
695 16.0695 27.9104 2.20128
696 16.9419 23.1604 -0.806905
697 31.0364 6.4306 3.94835
698 32.2254 12.3506 -0.125994
699 35.301 21.0286 -4.15556
700 4.22727 1.73839 -0.203714
701 10.1947 1.59023 -1.75514
702 3.75892 36.7558 -1.49198
703 0.16567 11.8436 -2.61243
704 28.5481 38.2555 -3.05889
705 8.56007 28.088 -1.67856
706 38.635 35.3856 -3.04059
707 17.9227 1.82896 0.328277
708 38.7085 18.2227 -1.81245
709 23.5796 15.6733 -4.06884
710 17.2592 39.5204 -2.57292
711 34.2496 29.7896 -4.54537
712 32.9553 25.1402 1.40731
713 36.1058 18.7175 0.0795799
714 24.5324 31.7258 0.633299
715 37.9783 35.5817 -1.93238
716 16.0598 31.0033 3.45005
717 16.1498 33.9897 -1.09051
718 3.83814 28.021 2.05862
719 9.07306 30.1861 2.93367
720 11.2076 22.7556 -2.44214
721 22.0274 39.0194 0.21089
722 4.49339 0.0903775 -0.888751
723 5.33359 39.7003 -0.763343
724 22.6351 0.491181 -0.9923
725 24.2908 35.6522 -1.50344
726 3.20013 26.8472 1.67656
727 7.54995 22.9585 -1.29239
728 4.71905 1.49378 0.489418
729 17.2683 1.19661 1.90292
730 20.2525 10.7788 0.831695
731 30.9225 16.2958 0.553567
732 24.4915 35.3156 -1.77044
733 29.0746 33.0646 1.11006
734 33.3843 9.72594 -0.0283217
735 17.3539 34.4347 4.11569
736 18.5634 29.5306 2.62948
737 3.11385 31.6339 -0.294369
738 23.1621 12.8562 -0.610836
739 14.4789 23.9884 1.11855
740 33.9072 25.2062 1.45147
741 9.87123 26.4812 -1.29851
742 15.7912 15.2041 -1.61333
743 23.8236 24.5534 -0.281954
744 30.582 21.1115 -1.52388
745 13.5095 38.9083 0.888988
746 16.0201 11.0917 -0.775312
747 19.2117 26.2833 -2.2454
748 17.5938 34.292 2.83877
749 6.6027 3.53658 0.186603
750 3.36035 33.1282 0.325796
751 4.61051 32.1651 -1.07778
752 9.80526 15.7361 -0.480192
753 17.0449 21.9966 -2.41386
754 35.8892 24.111 0.989084
755 28.8821 9.03994 -0.888502
756 9.38003 4.32953 2.1804
757 10.7982 30.2931 -2.52559
758 37.2988 20.5071 3.11768
759 4.21689 30.5704 -0.468526
760 30.2132 31.7949 2.42361
761 9.68182 21.9528 -1.92349
762 19.5694 24.5533 0.756595
763 3.84754 39.7453 -3.82528
764 18.6077 11.6136 2.18767
765 39.28 15.714 0.518054
766 8.85508 11.4944 2.76496
767 30.319 7.93692 3.12781
768 7.92209 17.0265 -1.09762
769 16.0069 34.4371 -2.391
770 3.10662 25.6753 0.00358066
771 6.30316 19.2911 0.645601
772 9.17957 32.6723 -2.12563
773 32.1551 28.3139 -3.31795
774 1.26094 35.1239 -1.19631
775 16.3579 6.31004 0.434009
776 7.66581 13.1713 -1.83417
777 33.8771 26.8697 -0.762153
778 35.302 30.5684 -3.58439
779 15.7219 2.01626 -0.455969
780 0.494617 1.4437 1.56514
781 4.17075 36.3489 -1.84106
782 6.83575 8.26941 -1.19333
783 12.2335 11.4593 0.281728
784 37.2141 2.32203 -1.55578
785 16.1888 7.37669 -0.554178
786 5.42922 15.6511 1.28833
787 36.592 4.88031 -2.11204
788 6.05958 31.8732 1.26515
789 36.8552 3.63843 2.05581
790 12.1319 30.8182 -0.687191
791 10.2077 23.9794 3.23738
792 10.6283 21.6125 -2.71515
793 17.9882 34.7806 1.88713
794 20.9466 24.3714 3.30226
795 38.606 3.43468 4.37836
796 15.0409 17.4501 -1.70594
797 2.25676 28.2948 2.45546
798 23.2393 12.4914 -2.00122
799 29.4093 6.74239 1.03706
800 34.7984 7.657 3.10125
801 20.0709 16.2173 2.35376
802 35.961 27.8606 -3.86773
803 12.4319 39.42 -0.517613
804 4.81601 19.0971 -1.38083
805 2.53949 25.7856 1.1062
806 3.48943 28.7854 0.348148
807 29.2162 16.0716 -0.248225
808 14.1829 27.3829 4.37961
809 28.3877 19.6208 -0.767902
810 15.6922 37.7592 0.219478
811 0.125596 24.4546 -1.79366
812 8.04929 11.8848 -0.722289
813 2.79406 10.9143 0.577364
814 26.5622 0.385834 -0.127336
815 26.5402 16.3938 -1.54846
816 16.8142 39.7555 -0.619836
817 17.16 34.4138 -4.76043
818 7.05698 10.3488 -0.609942
819 30.1603 7.61845 2.84065
820 9.0143 0.153948 -0.749024
821 13.7494 12.8564 -3.72548
822 3.6201 39.7632 -2.90702
823 24.9515 2.30912 0.707648
824 27.5682 14.9958 -2.13381
825 37.1721 36.2786 2.73555
826 6.28412 13.8292 -0.961227
827 37.0112 8.0987 3.13811
828 14.2754 18.9515 3.04297
829 8.47366 32.0651 1.88973
830 13.5245 15.4014 2.62222
831 17.8893 36.931 0.877769
832 33.8144 2.4431 -1.13713
833 12.4985 16.5744 -0.142561
834 16.8024 10.6521 2.13609
835 6.78953 31.1743 4.31861
836 21.9105 35.5359 -0.432048
837 33.2774 37.3363 1.80388
838 20.4886 7.03869 -3.22659
839 5.36772 14.6958 0.138363
840 27.0202 15.998 -2.0204
841 28.6087 35.421 1.40119
842 16.8078 33.9409 0.192793
843 16.0857 4.17031 3.65292
844 3.87765 27.2318 -0.552189
845 1.38402 34.5446 0.0384629
846 9.70166 27.1582 -3.86651
847 0.47219 29.4342 -3.69
848 25.9207 27.0913 -2.99007
849 19.9902 17.2312 -1.32062
850 30.0157 35.5552 0.769289
851 7.10875 4.81231 0.384967
852 27.8192 22.687 0.691638
853 18.5136 20.3713 0.225066
854 4.28952 37.5278 -2.51111
855 14.1415 38.7768 -1.80646
856 11.9173 37.4974 -0.426078
857 10.6818 30.0824 -2.84829
858 36.8258 28.9468 0.0517627
859 12.0855 0.434568 1.98673
860 36.3048 16.4758 -0.179523
861 5.06623 12.7183 -0.605287
862 6.99075 29.9051 0.222737
863 12.2612 8.76297 1.64866
864 15.4148 9.67335 2.82937
865 24.9476 35.4196 -0.230152
866 29.2952 3.69914 0.922575
867 22.6825 26.8931 -3.95573
868 31.9315 26.8737 -1.71505
869 5.74697 15.4376 1.15166
870 34.5415 1.02399 1.40886
871 18.6594 25.2951 0.373616
872 33.5252 19.3067 -1.12672
873 11.6979 15.93 -4.30071
874 27.0006 10.8268 -0.208176
875 29.392 1.81168 3.88191
876 14.1414 21.2094 -1.49845
877 33.7069 13.7604 1.85953
878 39.884 38.6775 -0.0192481
879 7.6822 31.0145 0.745463
880 37.4548 21.6677 -2.39047
881 14.8407 20.6847 4.70108
882 28.341 4.12381 3.45991
883 32.8682 29.847 3.20501
884 3.62678 18.3668 0.905051
885 12.6383 11.3052 0.379783
886 19.2155 21.0007 1.42973
887 2.74487 21.8577 -1.79818
888 31.9846 22.9941 -3.87483
889 36.6112 7.34468 3.43801
890 13.9405 18.6675 -0.837527
891 19.2837 20.4383 0.541758
892 15.2172 6.62305 2.56052
893 31.877 27.3851 -1.07545
894 33.1403 27.9674 -1.29685
895 35.253 8.46092 2.74989
896 16.1302 39.087 -1.57749
897 3.73644 14.127 -1.63313
898 19.9872 18.9138 -1.39659
899 8.9171 23.1786 0.121056
900 5.9854 37.0487 2.65694
901 0.60801 35.2668 -1.55662
902 5.7615 29.7787 -2.30713
903 4.85761 35.4778 0.449294
904 16.2202 38.7077 -4.25603
905 36.2165 37.011 0.17936
906 18.0236 13.1234 2.61746
907 8.37373 24.1015 1.05054
908 36.7799 36.1585 2.85701
909 5.04765 35.3906 -2.47435
910 38.1424 21.3249 -1.96524
911 32.9659 39.9788 1.85558
912 26.731 14.3241 3.57382
913 36.7914 35.4311 1.4753
914 0.430504 23.9693 -1.08245
915 39.287 36.8451 -0.439178
916 33.76 19.8862 0.445955
917 18.6596 26.3781 -1.04882
918 37.9533 5.45531 -1.55763
919 26.8827 24.4173 3.65744
920 4.09814 18.7342 -1.70316
921 29.172 19.5006 -2.63859
922 21.6236 18.437 1.54193
923 6.87799 29.6912 -0.8141
924 32.6363 27.3021 -2.66653
925 19.5052 11.4321 1.91472
926 19.5822 11.5902 0.70759
927 1.46016 34.0407 -0.483801
928 36.7665 6.24996 -1.77826
929 5.07849 31.9016 -1.66783
930 3.49412 3.88866 -0.194943
931 14.0978 21.7251 -2.10042
932 32.9546 24.7347 -3.51713
933 16.6325 1.2535 1.67851
934 28.6864 24.3383 0.819603
935 11.6104 14.4933 3.07872
936 16.6286 19.4956 2.36618
937 22.78 5.10531 2.84613
938 15.3465 17.9682 -0.465544
939 10.586 2.40246 -2.49298
940 13.7769 25.5299 3.03302
941 28.575 25.4749 1.35346
942 9.07125 23.4139 -1.47949
943 12.0287 3.3618 1.54291
944 6.10149 38.2273 -2.41841
945 38.5555 1.37013 0.376552
946 14.9573 20.3959 4.12664
947 7.65798 8.30412 0.320279
948 16.0777 10.2895 2.11971
949 6.82257 5.32912 -0.44189
950 7.38824 29.1252 -0.463612
951 12.5052 7.01883 -1.53376
952 14.5904 22.8821 -0.224934
953 35.009 19.8356 -2.45766
954 5.38869 39.0902 -1.3395
955 10.4165 39.4117 1.0794
956 25.5073 16.8954 -3.17497
957 34.0085 17.2248 -4.44351
958 3.07851 0.197569 2.96413
959 33.7214 13.2259 2.81542
960 5.40723 39.0091 -0.990411
961 7.16006 24.1317 -3.24751
962 13.1934 29.0906 -2.02026
963 13.5853 39.3485 -0.754668
964 0.616492 7.3359 -3.30532
965 36.9929 29.0325 -1.81752
966 15.255 14.5689 -2.50312
967 19.8638 39.9364 -1.43594
968 36.5686 16.7641 -1.32724
969 10.8006 4.17828 -1.73687
970 13.5187 37.1203 2.97238
971 22.7824 15.5296 -3.92131
972 15.3092 22.8257 -0.0202914
973 8.08199 25.5697 1.21172
974 34.281 23.6309 0.956532
975 5.06664 22.2262 1.44011
976 4.78547 13.6684 -0.256696
977 6.51533 37.3101 -2.26077
978 14.7614 33.1401 2.87981
979 8.13162 0.815963 0.390361
980 34.2738 16.109 1.58999
981 5.22802 21.9831 -0.722743
982 32.9233 0.950264 1.42998
983 38.7851 17.744 -0.324702
984 11.2763 30.4096 -3.66125
985 1.0882 24.1712 0.877626
986 20.8452 18.2709 -0.134285
987 10.887 14.4227 -1.9165
988 7.65193 24.9458 -1.29961
989 26.9852 32.7289 1.34506
990 21.8984 16.8861 3.04554
991 15.6701 20.9304 2.14682
992 4.63739 10.6366 -1.55685
993 8.59488 18.7296 -1.43587
994 23.0924 17.7696 1.23098
995 11.7669 19.193 1.19421
996 33.2243 22.9931 1.61229
997 2.71589 15.8833 -1.39034
998 37.8205 37.6581 2.58771
999 37.3634 5.97934 -3.66337
