1000
Particles
0 35.7199 6.00995 1.365
1 34.0365 16.3509 -0.47792
2 19.6993 37.8875 3.05509
3 8.56145 35.7606 -3.69156
4 12.6118 16.328 -2.9932
5 25.7239 39.0116 -0.136954
6 33.744 2.87652 0.0421138
7 34.4695 15.1319 -1.12384
8 5.73221 31.9444 1.61967
9 31.4819 23.0494 0.349027
10 29.5702 30.2375 0.91264
11 36.7172 34.3097 2.96747
12 0.671718 26.5033 2.54377
13 2.66282 6.21655 -3.93139
14 30.7459 19.0982 0.286677
15 24.6803 30.5331 0.584025
16 27.0981 39.7011 -0.556573
17 33.8963 11.4742 -2.9621
18 1.14903 15.7484 -1.79764
19 14.7488 19.2202 0.332009
20 9.99506 15.3221 0.28177
21 38.9431 1.87903 -2.50145
22 39.759 27.0109 -1.39996
23 38.6546 15.8728 -1.60947
24 28.1278 13.7835 -4.34699
25 37.5298 31.51 0.424598
26 21.1592 29.6863 2.45542
27 14.7355 16.4891 4.05345
28 3.92796 1.10911 -0.384608
29 32.4571 3.79121 2.6284
30 6.38219 25.2502 -2.87828
31 10.4606 16.5619 1.6806
32 15.6407 15.419 0.554168
33 3.96706 35.1348 1.6379
34 19.3197 12.4345 -0.577694
35 18.7409 1.42791 0.600068
36 13.0038 4.96582 -3.86931
37 0.410273 22.9898 -1.71764
38 18.8969 37.6409 -1.56809
39 33.987 15.7823 -3.81953
40 35.9824 35.6671 1.59142
41 17.5106 12.7107 -0.522861
42 29.1154 23 -2.16368
43 22.696 31.2867 0.796488
44 19.209 20.4982 -1.43471
45 4.11474 25.6151 0.431173
46 1.7892 4.65584 0.928485
47 37.6864 7.69768 -0.621136
48 0.874844 30.2611 -2.84451
49 10.9277 32.8593 -1.6536
50 36.3256 35.3728 3.05299
51 15.6355 7.93524 -0.443434
52 32.6487 38.8029 -0.101697
53 17.1569 9.84073 0.649216
54 32.1565 25.6791 -1.94132
55 37.4462 17.6571 -0.373579
56 29.587 10.0325 -0.280295
57 36.5927 35.5992 2.81788
58 38.1154 7.14693 -2.54288
59 6.62264 34.0994 2.39792
60 4.34183 23.7191 -0.954791
61 17.9461 25.0857 0.234967
62 34.3388 2.75726 0.0537018
63 8.24711 19.7573 2.7414
64 1.11893 21.8006 0.482984
65 16.1485 2.39385 -2.74173
66 5.18354 21.2754 -1.12807
67 28.8486 16.3935 2.03095
68 8.78723 3.04197 4.1541
69 18.0848 6.7181 2.1831
70 5.44752 34.0923 2.24867
71 4.35259 11.5783 1.01996
72 6.81243 17.9199 -0.424618
73 19.8994 20.7419 -1.66673
74 11.09 39.7067 -1.66681
75 3.28593 0.443651 -1.63743
76 19.0403 7.13263 2.34974
77 20.011 19.4303 0.188486
78 31.0539 23.3053 -0.0706662
79 26.0664 38.1714 0.325742
80 31.7252 2.97588 -0.865424
81 8.73697 21.6934 1.48658
82 10.7985 8.12111 -0.646447
83 14.4832 19.4315 1.54111
84 27.6875 13.2975 -1.45974
85 39.3692 7.33138 -1.75392
86 19.8981 6.27462 -0.072394
87 22.2562 1.91928 -2.33293
88 4.65986 2.44894 1.18228
89 8.56817 28.5731 1.75463
90 36.4214 32.9628 1.69094
91 19.7137 11.9037 -0.67659
92 20.7499 13.6875 1.12465
93 16.6923 9.77202 2.57045
94 8.95784 11.7115 -2.53705
95 17.1608 1.9431 -1.42061
96 17.3761 30.273 1.56106
97 25.1812 32.3218 2.52244
98 0.418932 29.6569 -0.624819
99 9.39872 30.5696 -2.68411
100 24.4544 0.0245137 -1.7592
101 16.8978 22.4242 1.69245
102 25.7484 35.0012 -0.68202
103 12.5316 4.66185 -3.93416
104 32.1078 7.36561 -0.135975
105 20.7544 29.0957 3.54434
106 0.573037 7.78662 0.384324
107 16.2935 23.7887 -2.40771
108 20.8975 11.4569 -0.982011
109 34.263 30.5467 -2.81914
110 7.62252 34.4086 1.41417
111 12.041 31.8725 -3.89643
112 32.0201 37.3852 1.91171
113 36.9823 15.6451 -2.70907
114 9.09006 25.5653 0.225223
115 35.5752 20.8993 -0.29681
116 27.2762 25.5106 -4.20485
117 22.607 31.4292 1.99048
118 18.6343 36.3439 2.36802
119 37.5283 21.2766 3.07159
120 0.406802 30.8587 0.364364
121 19.6317 17.2106 -3.59082
122 29.0626 9.40558 -2.73684
123 5.02213 18.0292 0.969641
124 15.0139 5.32612 1.34583
125 21.93 38.4053 0.297996
126 21.0498 20.616 2.03638
127 39.6304 1.22682 -4.59419
128 31.0579 11.479 -1.06306
129 5.85993 8.13136 -3.28918
130 29.6007 9.16757 -0.436905
131 33.2433 25.9282 -3.95246
132 13.4255 35.9476 0.903108
133 25.8776 31.9267 2.74394
134 13.1349 33.5467 -1.05435
135 23.0613 2.29525 -3.0717
136 28.7146 5.67359 2.45412
137 37.4932 36.5711 1.17664
138 8.48493 15.5299 -0.295349
139 9.52845 4.37194 -4.36568
140 17.4912 33.6953 -0.903272
141 37.5782 35.4115 1.72445
142 25.8808 0.492494 2.90873
143 20.8344 27.7579 3.51352
144 0.857548 26.3779 0.657444
145 27.9209 26.3093 -1.06293
146 0.61595 3.78386 -3.89282
147 37.298 38.0281 0.672885
148 37.6973 3.67859 1.51576
149 19.9217 27.3205 -0.127114
150 6.98622 15.8873 1.22155
151 38.1832 2.45201 -3.55457
152 15.9771 16.8956 1.21845
153 23.194 5.88568 -0.148717
154 27.3186 30.1275 -2.35602
155 29.4801 35.2968 -0.100267
156 38.1578 28.1723 -1.16733
157 26.3359 17.3614 3.51443
158 21.8055 34.0046 -2.77577
159 17.1259 28.5271 1.71292
160 5.63163 21.1233 -1.13609
161 6.33071 16.8328 -3.10374
162 26.2439 37.2679 -3.01646
163 10.426 5.57938 2.73532
164 11.4215 0.231304 -1.6459
165 21.2151 5.36806 -0.0754443
166 35.7531 1.68275 -0.250047
167 11.8257 4.02772 -4.06954
168 36.6259 24.4243 1.83624
169 1.88938 28.3655 -0.519444
170 38.7059 34.6301 -0.673259
171 13.2954 34.2597 0.50718
172 39.1198 21.0842 0.317876
173 14.2086 23.8041 -3.31759
174 9.45011 35.6483 -1.81916
175 4.24115 16.3577 -3.96963
176 26.0432 28.3703 2.22904
177 16.0807 6.75015 -2.98818
178 19.7246 17.199 -4.8519
179 24.2734 2.49691 -0.0597392
180 13.4833 14.5775 -1.6681
181 36.9289 27.216 -1.22834
182 18.091 10.6863 -2.16982
183 2.33641 17.2615 -3.40726
184 23.3919 34.7881 -0.27526
185 9.9112 9.7932 -2.40839
186 37.0806 9.99904 -3.32829
187 6.79869 38.5016 1.59399
188 21.1168 14.7071 -3.36882
189 6.72429 22.3434 -0.404593
190 26.3523 21.4654 -0.457967
191 15.4525 32.5963 -2.60885
192 30.8905 9.65726 -2.46837
193 28.2059 22.8878 -2.11842
194 6.77261 33.1869 -0.783303
195 22.7178 16.6306 2.69959
196 25.7566 38.1466 0.535288
197 16.2813 5.56751 0.33011
198 34.209 11.6192 -3.34047
199 18.0174 7.80025 -0.753906
200 0.130381 3.02467 -2.5732
201 33.5627 15.6974 -2.73052
202 18.0181 17.6134 2.89634
203 23.6072 11.7648 -0.698609
204 35.4835 36.6823 3.3856
205 7.25518 31.4396 3.26934
206 5.19144 2.8117 3.8475
207 0.528485 29.9199 -1.10525
208 32.2766 28.8666 -3.76319
209 16.4996 28.1114 -0.333115
210 7.29388 22.0735 -0.780201
211 34.7608 25.4777 3.12713
212 1.31726 30.0817 -3.74911
213 2.56091 4.95241 -1.59907
214 1.30839 15.7055 -1.39744
215 0.185562 15.8143 -3.95998
216 32.7122 25.7366 -2.52822
217 11.5374 4.79649 -2.78901
218 25.0135 20.625 2.33682
219 20.178 9.68801 -4.0497
220 16.5833 7.79047 -3.67131
221 28.0976 12.9374 -0.480509
222 33.7454 21.4696 -0.67953
223 17.4755 38.3204 -3.42181
224 18.4573 33.6865 -0.328102
225 29.8777 9.75572 -3.63477
226 6.03998 20.5312 1.49934
227 5.75002 35.4124 -0.531462
228 24.5425 8.03139 -1.83711
229 35.3016 15.4023 -0.997032
230 28.4059 8.37403 0.693108
231 17.7424 20.2959 -3.3744
232 28.1196 14.3475 -3.51975
233 39.2396 7.28524 -0.886686
234 6.10198 35.3025 -0.412937
235 3.37247 7.90641 2.13137
236 7.54328 35.7171 -1.06471
237 11.1391 24.2821 -3.10393
238 18.043 17.941 0.600777
239 36.953 13.5242 -1.08733
240 21.9654 28.1201 3.5892
241 15.0249 27.5558 -2.83509
242 2.24288 4.41679 2.94502
243 24.5894 2.82712 -1.43301
244 0.155469 12.0867 3.55213
245 19.5402 5.64809 -1.097
246 26.3931 12.3199 0.621042
247 36.1482 7.64191 2.18719
248 4.52732 24.6232 1.67879
249 17.8736 32.6954 -0.736199
250 5.93953 1.5974 -3.56992
251 33.8447 2.81786 -0.825756
252 27.7267 11.5686 0.300095
253 20.2119 11.5256 -4.04588
254 0.377533 23.3983 -0.197787
255 33.9603 24.5967 0.693536
256 1.17337 5.22961 1.53209
257 29.1166 13.1526 -4.82021
258 29.7389 35.9508 -2.12249
259 31.7521 14.5473 -0.868794
260 5.10372 4.57696 -3.41628
261 39.7513 17.0352 -1.99548
262 30.0518 25.475 -0.857181
263 9.84972 5.90733 2.52456
264 4.88822 34.9732 0.871274
265 2.88988 10.8679 0.143813
266 2.56044 4.48491 1.84652
267 9.59492 25.0053 -0.571134
268 1.86512 25.6102 0.848856
269 19.2086 37.0931 2.08607
270 2.53478 9.47017 -0.438513
271 24.6606 10.8179 0.499594
272 19.7791 10.3975 -3.16913
273 37.2501 33.435 0.0585627
274 10.4238 6.68793 2.00584
275 3.03614 16.5739 2.44435
276 34.2536 29.7581 -4.1453
277 8.77244 25.7003 -0.411038
278 8.97688 39.5521 -1.4705
279 3.17315 16.9658 1.58557
280 38.028 28.2433 -0.158209
281 30.9607 17.4801 -2.51063
282 16.0805 17.1962 -3.02947
283 27.326 37.9654 -2.6741
284 32.8107 28.3057 3.88816
285 39.1057 34.7316 -3.07471
286 31.4788 3.35889 -2.17639
287 8.82537 13.2492 -0.383449
288 8.31659 34.5266 2.26764
289 16.5216 35.6344 0.0899315
290 31.9363 22.7094 -1.5671
291 16.974 21.5191 1.25256
292 39.495 28.4115 -0.607328
293 9.44595 3.8586 3.04662
294 22.4635 30.2317 0.23116
295 13.7738 16.1793 3.32324
296 37.9741 25.8306 -0.187508
297 3.45494 25.9234 3.92062
298 25.653 20.7722 0.40798
299 18.7745 34.0261 0.696912
300 28.3292 6.94281 -0.323098
301 33.4212 22.0525 -0.504853
302 12.3321 33.9106 -1.09041
303 6.8439 34.5437 1.86317
304 17.332 25.4776 1.288
305 4.63902 20.1369 -3.52158
306 24.5176 8.83858 -3.74498
307 8.44275 17.8181 -1.12196
308 6.15261 15.86 1.34025
309 9.38242 2.33569 -2.1027
310 18.2356 21.2354 3.04888
311 25.063 2.54251 -2.61554
312 35.9838 3.06133 -0.00553282
313 36.797 39.1094 -2.04243
314 22.4706 0.549393 -2.25412
315 2.71384 27.4452 0.254769
316 30.2263 37.8219 -2.54813
317 33.8465 35.7886 -2.62885
318 27.9167 26.5483 -1.6435
319 5.76642 36.4669 -2.70149
320 3.71363 20.2031 1.43679
321 32.0192 6.42597 1.8931
322 7.84713 33.8765 4.2979
323 17.5026 34.8121 0.700606
324 30.849 19.9272 2.06718
325 4.52923 23.8501 2.25802
326 32.0847 33.8027 -1.68163
327 12.564 1.77729 -3.24137
328 14.788 31.2291 3.86543
329 38.4399 11.2405 0.564051
330 2.26268 4.34449 2.37529
331 18.0243 30.5005 1.54373
332 29.6479 11.0578 -0.636095
333 28.0803 15.4509 -3.52145
334 10.1406 16.581 1.67926
335 8.02918 36.6453 0.447315
336 23.9452 4.25512 1.02782
337 5.67521 13.5055 0.629805
338 10.003 26.3387 1.19389
339 37.8274 37.2825 -1.42037
340 10.962 20.2903 -2.83588
341 36.2167 33.0761 -0.123967
342 12.4067 14.8387 -0.133528
343 11.4472 17.1244 0.370333
344 9.18652 34.8818 2.19532
345 34.2496 27.969 -2.65831
346 13.46 11.2776 3.19167
347 5.64935 31.7603 0.515208
348 14.3894 17.7492 -1.44761
349 18.6564 20.078 4.14513
350 9.63686 11.8272 -0.850477
351 10.0966 23.4175 -1.47409
352 27.5073 21.9226 -2.31982
353 22.3477 1.69112 -1.21522
354 35.7684 1.16804 0.173829
355 21.0856 28.3904 2.37475
356 33.5646 33.3545 -0.951279
357 16.3364 33.3708 -2.78421
358 17.3041 17.9571 1.35735
359 38.196 33.7233 -0.765723
360 30.4009 26.3071 -0.856318
361 32.7683 31.8565 2.90478
362 38.3039 29.4462 -3.1003
363 29.8533 5.07921 -1.2639
364 3.8166 1.26682 -2.14436
365 2.79107 4.4692 2.16525
366 13.3653 1.82963 -1.4358
367 21.4732 31.2098 2.7869
368 21.6142 5.0301 -1.77963
369 16.5554 29.0276 0.73467
370 28.0185 25.6336 -2.32216
371 26.4435 23.2263 1.9269
372 28.049 31.8029 -2.29436
373 10.1707 14.8363 -0.438597
374 14.6383 20.0447 2.57103
375 17.9064 6.99691 2.96915
376 1.94197 32.4141 2.26475
377 4.00055 13.9637 0.622384
378 17.1496 7.29576 -1.73583
379 27.5417 3.95347 -1.82285
380 3.33935 26.2527 2.6838
381 7.76797 33.2895 -0.0387349
382 33.1491 23.5092 0.486716
383 17.7415 35.6717 -0.0487836
384 16.4038 39.7686 -0.319434
385 25.6549 15.828 1.63837
386 17.5321 11.1855 -0.506618
387 11.4534 5.48924 4.5958
388 27.6977 22.8276 -3.25678
389 11.3611 34.6959 -2.4544
390 28.0399 25.0285 2.47584
391 14.9016 17.3007 -3.58884
392 21.1573 23.067 -3.48658
393 29.7609 16.6225 1.03948
394 0.0791169 2.89006 -1.08216
395 32.811 15.0082 0.735579
396 6.35836 4.7474 2.78132
397 7.39017 35.9431 0.815124
398 0.72975 26.7448 2.11686
399 37.7872 14.0494 0.109895
400 0.716124 1.28874 -2.82686
401 23.792 0.877227 -2.29078
402 34.6287 8.19737 -3.62422
403 1.39439 22.1818 -3.95398
404 1.01113 29.3476 -2.2951
405 1.54498 25.0873 -0.124755
406 27.7788 3.15449 -0.205619
407 32.0131 0.837287 2.6766
408 9.33652 13.8729 1.30024
409 14.3069 7.72436 1.64977
410 31.6438 20.4733 -0.065061
411 18.4755 28.8001 2.15304
412 39.6335 6.77575 -1.93362
413 17.0766 12.6571 -1.643
414 6.04747 15.2168 0.672963
415 16.5621 28.5352 1.46977
416 26.3017 0.33847 0.938666
417 6.75204 38.8098 1.51945
418 29.5142 25.7361 1.49833
419 25.5462 13.2823 -1.74
420 18.7552 32.7255 -0.0913479
421 39.156 16.3568 -2.37568
422 16.4158 7.92938 -1.00728
423 22.5488 10.7318 0.91893
424 21.4394 28.7812 2.79438
425 18.283 1.4768 1.78355
426 4.80215 23.2376 -0.539346
427 19.2152 21.0754 -3.40258
428 36.9598 6.96859 3.84307
429 39.8609 8.39013 -0.844895
430 23.3916 14.7366 -1.25451
431 4.22802 8.76766 3.60951
432 17.3335 36.2521 3.15308
433 31.6001 21.5358 -1.15873
434 2.73417 27.5704 -0.352534
435 20.054 1.37475 -1.66879
436 5.61225 23.728 -0.709857
437 14.4401 31.7522 3.59633
438 13.5537 21.0427 -2.85977
439 34.5054 24.3612 4.35291
440 22.0509 3.16176 2.38211
441 39.6452 1.54423 -3.40823
442 12.1288 30.6038 -1.11318
443 19.4487 15.0019 1.85386
444 9.51755 7.4834 -0.964389
445 3.4193 25.2528 3.68705
446 17.4912 12.4128 -0.0198407
447 3.56945 5.96763 2.11462
448 36.8118 33.4926 -0.221805
449 9.2007 21.4681 0.750065
450 13.2157 15.6648 -0.233954
451 0.108485 7.12115 1.6882
452 21.43 19.5937 3.54958
453 6.98617 35.4923 1.69429
454 1.6133 7.25774 0.167857
455 33.4407 3.09487 0.566521
456 20.8682 10.7356 -1.09939
457 23.9054 17.5967 3.06589
458 33.2022 15.1926 0.459803
459 7.88172 11.4994 0.00618582
460 12.379 38.4383 -0.613699
461 5.87105 31.8557 0.481013
462 24.1032 10.9019 1.20249
463 2.61332 33.9449 3.94218
464 29.3012 16.8458 3.09738
465 33.033 15.9871 -1.519
466 39.3437 24.3069 -1.43668
467 36.3115 35.3737 2.11856
468 26.3023 31.391 2.1075
469 15.3203 26.7409 0.502189
470 16.5628 19.7805 2.04424
471 1.24198 13.2862 0.438077
472 8.16721 14.2133 2.96315
473 16.2326 9.31178 2.63761
474 4.85708 29.9632 0.813901
475 32.8229 8.10956 -2.55014
476 23.4261 32.6336 3.9746
477 8.61068 34.7843 0.736021
478 32.7387 15.26 3.12505
479 4.00336 31.596 -1.64804
480 31.4618 17.7248 -1.54809
481 19.6763 33.9176 0.989767
482 4.51981 32.8544 1.02412
483 4.96101 31.4872 -0.356658
484 15.3169 28.2418 -2.1206
485 5.68056 37.8145 3.38483
486 17.0616 25.294 2.31672
487 32.9693 26.2535 -0.234241
488 38.0983 4.64739 0.183266
489 20.7269 6.56113 -0.884699
490 11.7749 14.4941 -3.00677
491 17.2 11.2107 -1.63677
492 21.9638 5.28719 -1.64836
493 3.03401 26.3175 0.529639
494 6.32527 15.1476 2.79107
495 29.0623 11.7169 -0.373528
496 34.7643 19.1502 -0.878198
497 5.99677 31.4629 1.41754
498 26.7388 13.5361 -2.90447
499 6.71556 12.7674 2.45343
500 8.20509 13.3069 0.709633
501 31.575 19.6165 0.923632
502 6.10539 1.76492 -2.22709
503 11.4229 15.8464 -3.20679
504 37.6014 27.3877 2.19124
505 1.48452 8.49942 -1.107
506 29.9511 25.2927 2.12395
507 25.9089 9.70378 -2.29168
508 37.152 36.5067 -1.54694
509 33.7173 38.494 1.66677
510 36.5735 38.1322 -1.11038
511 26.3841 2.26864 4.0362
512 36.8139 31.5131 0.341055
513 21.4954 32.3961 4.06825
514 15.3439 26.9915 -0.487646
515 20.8979 13.4587 3.44116
516 30.8232 37.0265 -0.882253
517 11.9489 5.32869 2.39034
518 26.9545 16.7495 2.71
519 17.2204 13.2081 -2.00828
520 35.5263 0.563654 0.573046
521 30.4648 33.4661 -1.42625
522 16.2574 22.2889 4.40685
523 8.88626 16.8255 -0.925961
524 38.8036 27.4382 -2.2603
525 8.61731 17.2074 -1.35813
526 4.27858 17.8808 -0.659908
527 19.0253 12.0925 -2.2726
528 19.2089 7.24409 0.835832
529 32.2177 37.611 0.899261
530 4.75093 6.47493 -1.9473
531 29.3774 11.2747 0.741833
532 15.4389 34.9032 -1.16663
533 20.5094 23.5507 -4.62297
534 19.8985 22.2784 2.01581
535 7.46726 5.56851 0.247638
536 33.795 13.3399 -0.669597
537 36.5661 15.0331 0.741332
538 37.655 36.1342 1.10256
539 39.969 2.6736 -4.10778
540 33.7984 16.9331 0.100313
541 27.5962 18.3149 0.115024
542 39.4991 28.9965 -0.429537
543 9.58759 15.3412 -2.26234
544 5.6366 34.9859 3.04362
545 15.9622 27.0749 0.383638
546 38.8581 34.2706 -1.62484
547 3.66668 14.8715 3.28237
548 35.7264 5.01699 4.50606
549 5.13262 25.5791 1.52736
550 4.86969 30.1113 -0.167331
551 17.053 23.3304 -1.81736
552 34.8678 13.0798 -0.408822
553 19.2432 28.5821 2.61393
554 17.9261 14.7777 1.64382
555 27.3264 12.5394 -0.658515
556 27.9351 20.5448 0.723677
557 4.25545 26.1453 0.212917
558 29.5765 4.85622 -0.248271
559 25.1829 31.8783 3.1483
560 30.8903 14.1409 2.89096
561 12.373 28.0602 -1.70324
562 3.27627 27.9084 0.707313
563 1.03307 21.0838 2.11624
564 17.8771 20.1597 0.569807
565 0.0967219 15.6913 -2.76967
566 14.8908 37.3631 1.81987
567 22.007 11.7248 -0.734148
568 37.9776 7.89037 0.0224609
569 6.408 16.6336 2.60178
570 4.93638 22.7556 -0.658967
571 28.6403 13.1656 -1.35048
572 0.482773 36.1897 -0.102317
573 14.1074 38.4724 -2.43144
574 7.19078 20.9188 -0.0898408
575 29.2391 17.4938 -0.1517
576 4.51796 3.05909 1.67924
577 22.7995 30.6972 1.96115
578 38.9638 37.2799 1.04248
579 8.28647 5.55725 0.735372
580 10.6167 2.62301 -0.224711
581 4.71134 33.6757 0.812793
582 20.3403 28.2983 -4.70476
583 23.4843 36.5432 -1.3354
584 36.1748 13.6573 -0.3974
585 6.38923 12.1071 3.99479
586 28.8762 18.5348 2.75633
587 32.3869 34.8215 -0.380798
588 20.8898 36.4339 -2.14096
589 18.5994 28.1693 0.0621982
590 5.67221 5.467 1.71878
591 4.50819 29.8864 -0.241051
592 31.4984 31.8486 1.75332
593 20.5402 31.8492 0.887747
594 11.4873 3.91642 -4.18295
595 18.3805 24.2355 2.06403
596 37.6946 35.9907 0.22425
597 25.5022 12.731 -3.07657
598 30.4032 10.5411 -1.49658
599 18.0572 1.709 1.28207
600 3.05557 1.05341 0.0571761
601 21.1758 35.3011 -0.227951
602 2.40801 16.5261 2.30573
603 19.9088 15.3796 0.573164
604 36.9448 18.9672 3.98754
605 8.13647 35.6419 -2.12899
606 2.56771 27.3221 -0.864329
607 7.33297 13.4126 0.497176
608 4.21021 34.4848 0.826061
609 21.3291 34.8648 0.0147097
610 37.215 29.0564 0.432498
611 39.8924 17.5871 -0.481692
612 21.7803 6.9648 4.50398
613 28.5195 13.2555 -3.84963
614 5.79551 12.3579 -0.0131696
615 27.4956 7.43095 1.48044
616 27.0343 19.9434 -0.676195
617 22.3013 29.735 0.308617
618 27.2447 39.3778 -0.70228
619 22.3922 38.2751 1.07809
620 33.7698 36.4727 0.036246
621 38.0339 17.075 -3.1831
622 7.82962 32.3837 2.29455
623 22.426 6.06728 0.463069
624 36.3498 35.4228 1.56729
625 20.7892 7.17823 -0.175668
626 7.83003 31.0047 1.80298
627 8.47218 32.0852 1.38705
628 23.5059 10.4967 1.99946
629 26.3274 0.818108 0.0344487
630 32.9299 27.5402 3.59
631 30.8341 38.3166 -1.11083
632 31.9724 30.5404 1.63083
633 30.185 25.2703 -1.28571
634 0.463563 33.724 -0.766772
635 23.3319 29.1214 0.345321
636 27.5861 7.51515 0.129376
637 39.9125 22.8854 -1.35958
638 38.8207 25.1933 -0.120879
639 28.6709 12.5337 -1.49953
640 9.61288 12.2614 0.0539537
641 21.2785 36.1199 -1.38552
642 10.6886 39.5391 -3.38931
643 24.9488 31.4022 1.55941
644 18.901 0.727982 1.17491
645 6.43586 6.56496 1.54097
646 11.7941 9.048 -2.79667
647 12.2003 16.701 0.476883
648 26.8952 39.8716 1.76864
649 16.6294 33.7398 -0.899983
650 28.6971 7.46469 0.502171
651 31.6403 21.7746 0.720149
652 38.8592 2.22749 -3.94855
653 10.0587 2.28698 -2.13151
654 20.7725 11.9144 -2.69713
655 32.7364 34.661 -1.07861
656 15.1607 11.0277 -0.510696
657 29.0819 5.79193 -1.05687
658 2.66467 27.4442 0.68781
659 22.56 1.74354 -3.21826
660 28.4944 13.3825 -1.45953
661 36.4651 23.7583 1.0166
662 25.9039 32.1595 -0.636575
663 13.1292 5.85842 -0.362181
664 31.7657 17.0614 0.940002
665 36.4459 39.542 -0.386157
666 39.3775 8.05489 -1.81789
667 4.25365 34.0917 0.734854
668 0.162673 35.036 -3.65975
669 9.92706 27.5025 3.44498
670 39.4421 28.6568 -2.45273
671 14.0393 0.548909 2.91895
672 7.96012 22.788 -1.53178
673 37.4214 4.47928 0.672386
674 15.532 23.3736 -0.794165
675 30.0722 19.4882 1.33957
676 31.3506 33.7809 1.53136
677 32.845 8.332 -2.44617
678 25.4427 39.5172 -0.806543
679 22.9593 15.0225 -2.09678
680 6.75111 19.8069 0.762004
681 13.9888 36.7218 -4.27248
682 27.9978 38.3502 -1.56238
683 31.5507 15.7339 -3.38686
684 3.99157 31.8397 -1.76095
685 17.3581 24.7576 1.94578
686 5.43722 38.3217 -1.92801
687 21.6812 10.9632 3.22107
688 38.7229 2.88206 3.96942
689 12.5487 35.3182 0.486617
690 12.9709 28.2079 0.470112
691 12.6742 30.6987 -0.711068
692 28.2809 16.123 3.8483
693 37.5129 20.9506 3.68406
694 30.0996 31.5853 2.29922
695 15.3121 35.1022 -4.25453
696 36.4507 25.6027 -1.32747
697 18.1275 12.4708 -3.33853
698 35.0866 12.9572 -1.07197
699 23.1902 24.1512 0.454878
700 4.89606 37.2191 3.72597
701 26.4431 8.82675 -0.0651433
702 7.61448 39.1191 -0.741347
703 25.0552 19.0536 3.22432
704 31.8145 24.3312 -0.00489555
705 2.0539 38.6718 2.71518
706 38.693 38.1261 -0.380068
707 16.4948 8.47968 -2.3778
708 20.7872 20.0687 2.33484
709 19.1404 1.17306 1.67153
710 16.3302 27.933 -0.799904
711 34.0442 35.4278 -2.75423
712 27.3754 9.09023 -1.0224
713 39.2603 6.74745 -1.67276
714 18.7519 23.0423 -1.00689
715 34.7398 3.43176 1.10415
716 25.015 38.8795 1.58703
717 14.6323 23.443 -0.326424
718 11.0541 28.9041 0.00474936
719 14.8986 32.4645 2.008
720 24.3315 33.1904 2.92801
721 29.894 37.7167 -1.69074
722 2.13694 3.95017 2.03301
723 13.0944 39.371 -0.573512
724 6.29626 6.11682 2.00904
725 24.5452 11.8287 2.64937
726 8.37733 31.2745 1.18255
727 3.81834 30.2063 -2.74038
728 37.9229 6.51945 -4.51643
729 20.9389 6.67685 0.29929
730 28.9168 18.1662 0.940331
731 28.1511 16.8917 3.69029
732 17.5889 28.9842 2.70654
733 39.6825 29.6082 -2.03633
734 28.6571 13.6935 -2.57513
735 14.9619 18.6058 -0.860099
736 23.2355 26.1056 -0.679037
737 37.3535 29.2691 -1.05804
738 16.391 5.82905 0.28735
739 16.8025 30.1532 0.221894
740 30.0736 22.1198 0.375087
741 4.56968 34.4079 2.222
742 18.7423 15.9086 0.789465
743 14.8821 24.0214 -3.28501
744 31.0847 31.482 -0.0397307
745 14.4461 27.9464 -3.2763
746 16.4485 20.486 2.06712
747 14.7948 24.9872 2.92768
748 19.2888 29.8441 2.71346
749 6.39834 4.75754 3.04761
750 8.76389 35.802 -0.724296
751 10.5662 33.8525 -2.51133
752 37.9683 11.7289 0.507051
753 3.78417 27.5538 -0.160325
754 32.1172 14.065 -0.0622219
755 25.1122 10.2204 0.0906205
756 28.0124 9.66598 -2.03499
757 18.8594 18.2013 1.40679
758 36.6385 32.7537 0.853518
759 10.1416 29.796 -3.23582
760 31.8001 30.8421 -0.637345
761 20.3355 10.6275 -3.05228
762 21.5472 32.2883 3.20743
763 20.4164 7.95813 -0.523325
764 25.2977 8.92429 -0.730306
765 23.4613 17.1766 1.07222
766 11.2838 16.7047 -0.457496
767 0.743006 15.315 -3.50599
768 7.38636 8.0719 3.13102
769 26.236 32.1006 2.00145
770 8.53673 23.405 -1.0539
771 2.82978 19.0476 -2.99249
772 17.4537 30.0016 2.22529
773 31.2109 32.3526 -0.984957
774 3.70236 1.6018 0.384817
775 18.277 17.8245 2.45883
776 7.24557 21.8263 -0.508572
777 39.6731 15.7818 -2.60817
778 26.2338 24.0466 1.72994
779 26.6649 38.9407 0.352572
780 0.0232038 5.38399 -4.33464
781 30.7963 32.7499 -0.2274
782 12.3352 0.340693 3.65384
783 18.3369 12.7948 -1.38278
784 29.705 35.7705 2.41646
785 24.7414 24.8101 -0.765103
786 4.04134 27.8906 0.187572
787 29.922 5.49903 -0.424447
788 0.53833 29.5758 0.548724
789 39.9782 14.3865 1.05428
790 7.01821 34.7811 0.299394
791 20.8408 15.5095 0.365745
792 4.70195 30.9059 0.605947
793 16.8232 2.53697 -1.35774
794 18.4923 20.3861 -1.24472
795 10.1809 14.4587 -2.22817
796 14.5613 23.6046 -0.666189
797 5.24627 33.5406 -1.07137
798 27.6019 8.51905 1.76105
799 21.0856 34.9172 0.681913
800 27.5674 9.58757 -2.20483
801 26.3341 12.5542 0.527139
802 35.5907 15.424 -1.96843
803 12.1487 32.7962 2.03835
804 2.90505 12.2341 3.80551
805 33.2985 25.6967 -0.359559
806 12.5483 19.9395 -2.08099
807 34.2526 4.26886 -0.792335
808 27.8959 25.5089 -3.24917
809 14.832 16.8051 1.81341
810 16.9332 36.2271 3.18534
811 8.34768 25.0875 -1.18855
812 9.40128 34.9162 -1.26439
813 35.8102 4.2329 3.96323
814 29.9407 32.1026 -1.20816
815 29.2479 20.9569 3.49045
816 5.24222 31.3742 -0.967816
817 15.3916 31.9157 1.72103
818 11.9969 8.48073 0.408987
819 28.0927 39.1193 -1.13203
820 38.1833 38.2822 -2.58429
821 13.7197 11.6229 1.36874
822 6.57356 7.7265 -0.318464
823 39.575 3.47702 2.34499
824 32.6352 13.1489 -0.827799
825 32.1879 25.5205 -0.932789
826 9.17516 14.8034 -1.90498
827 33.3437 15.1427 1.22721
828 23.7702 8.95116 -2.6254
829 10.4955 38.5187 -0.782994
830 15.2803 26.9771 0.524584
831 9.10161 38.0224 -0.743183
832 37.8022 27.6036 1.73348
833 13.7083 29.5849 0.342865
834 21.6102 1.33043 3.86223
835 3.31721 35.3163 -1.28981
836 13.6769 37.3718 -3.78964
837 38.3092 29.2764 -2.05177
838 31.6134 3.43138 -0.278594
839 33.6561 24.899 2.55746
840 25.5221 20.4787 0.575065
841 28.6546 36.5437 -0.0173836
842 22.1731 34.2176 -2.18917
843 17.1887 6.95958 2.51185
844 11.1047 8.99285 -1.82144
845 4.21467 31.8741 -0.324933
846 11.8745 36.5405 1.35054
847 3.13107 26.6404 -1.23026
848 25.0658 10.0194 -0.690824
849 7.94925 22.9869 -2.44104
850 38.6596 1.88732 -2.01196
851 37.2979 38.0884 -0.77131
852 27.6767 28.2933 -1.58174
853 31.5894 29.1946 -0.758806
854 0.442273 34.7511 -0.838642
855 11.9127 39.2339 -0.392595
856 22.272 31.9691 3.82042
857 7.78212 19.9967 2.27776
858 0.340547 22.9692 -2.64916
859 18.829 38.7204 -1.48764
860 26.0061 22.8807 -1.08477
861 39.4322 20.0808 -1.37163
862 0.391967 35.4014 -4.50433
863 14.5463 23.054 0.376036
864 26.2993 13.7654 -3.32924
865 24.8913 24.8304 0.451871
866 30.0047 36.5992 -1.2545
867 11.2452 1.71894 -2.8981
868 39.1649 22.9511 -0.913747
869 33.0715 14.4909 2.2241
870 5.05027 2.63804 3.45962
871 14.9079 23.4275 -3.22468
872 31.0514 24.1615 0.184898
873 16.0568 17.9502 -2.13692
874 38.0732 3.77271 2.03375
875 6.80781 6.99055 1.66459
876 39.0409 4.76365 -0.778363
877 39.473 34.5496 -1.88591
878 0.455805 0.927551 -3.14114
879 6.75517 33.1258 -0.691059
880 37.0349 23.8579 1.32129
881 11.951 15.7641 -2.45391
882 19.8843 2.69425 -2.01045
883 3.33603 23.8567 1.86533
884 14.6874 17.2863 2.42178
885 9.78093 11.6703 0.852208
886 16.9854 29.9981 3.07209
887 37.6563 15.3555 -0.767602
888 37.3391 38.6307 -2.40609
889 8.26462 13.9814 3.18295
890 23.1366 13.0555 -3.46524
891 27.1804 17.3716 3.84464
892 28.7947 8.37771 2.8979
893 33.2474 25.013 -1.16319
894 35.734 38.8082 2.01248
895 0.0904451 16.8328 -0.511797
896 14.2528 38.8396 -2.89996
897 2.86037 6.44528 3.94652
898 19.7338 15.601 0.524568
899 9.01436 31.7908 -2.19364
900 13.1439 11.4106 3.85507
901 3.5449 36.6788 0.736166
902 4.3866 33.4135 0.297415
903 4.23967 34.6426 0.413958
904 13.6034 2.48029 -1.08153
905 21.7722 31.6956 3.10701
906 22.1991 28.3346 1.61755
907 27.4685 23.4533 -1.32503
908 32.819 36.1603 -1.18626
909 24.0385 8.74204 -2.40353
910 33.1955 15.4226 2.28994
911 28.8642 24.3318 4.59601
912 24.9693 19.9502 1.53479
913 3.61941 23.9521 2.11281
914 7.77667 23.1214 0.916862
915 30.9284 32.5721 0.182453
916 24.5342 19.6812 0.79627
917 3.73324 32.8222 -1.88899
918 37.1162 36.4649 -1.00682
919 26.1881 9.1628 -1.1619
920 1.51469 24.7011 1.75545
921 38.7712 20.4677 -1.45963
922 16.884 16.7137 0.399618
923 6.77961 24.0504 0.912014
924 25.2168 38.5138 2.22578
925 18.7516 3.9565 0.896373
926 23.5566 38.7868 -1.09948
927 8.12987 31.6927 2.61873
928 33.0215 37.4639 1.52519
929 1.2106 31.2434 1.00789
930 13.7319 10.9417 3.53043
931 22.4947 15.3375 -1.17825
932 11.7673 26.8423 1.17963
933 14.0978 8.24622 -1.55117
934 26.6229 32.1972 -0.694986
935 2.78012 1.52594 -1.59637
936 3.83597 24.2933 -0.203511
937 8.17852 1.78698 0.0919095
938 20.7619 24.2883 -1.62299
939 23.5386 8.43844 -2.48854
940 11.6039 22.9249 -2.58916
941 27.0933 19.5058 0.485527
942 2.90569 13.7078 2.11627
943 8.02647 0.719606 -1.18536
944 37.5744 26.5436 0.875202
945 9.28009 39.2047 -0.283224
946 18.7502 22.4301 -2.8909
947 24.8922 4.32401 1.38672
948 7.59972 32.9507 1.49681
949 6.56282 6.64701 0.970999
950 35.4746 27.9602 -0.44304
951 19.7591 11.5246 -4.01043
952 16.813 16.0634 -0.612946
953 37.7091 5.42428 1.05616
954 39.3833 36.2608 0.518732
955 1.71485 9.69535 0.141054
956 33.9118 4.74557 -1.60392
957 30.0375 12.7116 3.57666
958 6.42402 33.4757 -0.790926
959 22.1653 30.6552 2.66631
960 13.0653 39.5515 0.509564
961 1.51642 31.0091 -3.99905
962 12.0987 38.3542 -0.556375
963 14.7757 27.2475 -1.55041
964 8.53551 8.98445 1.65436
965 37.6712 33.5864 -2.33928
966 15.304 18.2836 -1.42675
967 30.2291 34.4861 -2.04925
968 32.3661 28.6879 -2.21832
969 11.3784 39.9831 -2.6237
970 26.9085 0.354423 0.163303
971 2.74746 11.1629 -0.225228
972 3.56221 26.833 0.0523164
973 10.7621 16.6498 -0.192856
974 29.0669 16.736 0.77845
975 11.5392 27.4187 0.834726
976 5.79998 2.17333 4.4336
977 9.16303 39.713 -2.27152
978 16.0561 25.7298 0.626912
979 5.00682 32.2644 -0.702668
980 0.410877 13.2751 1.23229
981 1.15819 4.68628 1.41174
982 39.5733 38.4311 -1.70077
983 23.9836 15.4865 -1.10148
984 8.66934 35.3724 -1.67748
985 3.87833 23.7223 2.57603
986 30.2163 19.9355 4.21355
987 16.8147 6.76498 2.60787
988 36.8553 36.0294 -0.410855
989 16.1414 26.7491 1.25239
990 29.3106 24.8363 -0.934835
991 9.54653 23.2483 -2.57095
992 37.4255 12.5018 -2.50362
993 5.72061 19.478 2.90454
994 30.4202 26.2407 1.30792
995 7.34781 19.4689 0.426035
996 35.5427 18.9657 0.776062
997 37.5605 6.53926 -2.52666
998 36.4663 0.501697 -1.20829
999 28.1702 32.2554 -4.26208
