1000
Particles
0 36.0165 5.14392 2.96868
1 34.1136 18.2461 -3.69365
2 24.767 2.56298 -2.6131
3 11.8972 36.6423 2.45342
4 11.0836 16.5183 2.72666
5 24.4564 2.30729 -3.15486
6 26.6029 2.21979 -1.97613
7 35.0822 17.9923 2.92157
8 5.58032 30.8841 4.2607
9 32.8792 27.3377 2.6771
10 27.3312 30.3818 3.87315
11 39.8224 34.0463 -1.36415
12 0.70652 24.3985 1.95571
13 1.40081 7.93888 1.53249
14 31.9793 18.3849 0.850658
15 27.5818 34.7671 2.09292
16 25.3777 36.157 -0.133943
17 32.3304 9.95518 2.7528
18 37.7641 12.2075 1.37325
19 13.3574 19.2308 -1.98625
20 14.0823 17.8423 0.119004
21 1.25902 1.85701 2.77044
22 37.0695 27.5786 1.71857
23 31.3813 15.8192 -1.86432
24 28.5376 15.6544 -3.22438
25 0.11859 34.338 -2.67521
26 25.5464 29.8614 2.18154
27 14.4864 16.8782 4.12785
28 8.1446 37.3366 -0.225221
29 31.7903 8.96096 -1.31013
30 16.1595 29.0242 1.93539
31 11.8352 18.5923 1.401
32 13.0205 10.2119 2.34744
33 6.12523 37.543 -0.00368327
34 18.5653 17.2772 0.713843
35 25.7409 1.45509 -2.40917
36 14.8746 38.3841 0.31523
37 0.371477 26.047 0.965371
38 25.3978 37.4422 1.03698
39 32.9636 14.9488 4.14416
40 31.4567 38.0997 -1.08011
41 18.2056 15.7565 -1.9153
42 31.3273 21.4279 2.05209
43 23.7553 34.1749 0.76844
44 20.5777 20.5085 1.7586
45 8.05465 26.7516 -0.0477823
46 4.93279 7.6876 2.02986
47 34.5745 4.59342 2.48114
48 39.3454 34.136 0.441605
49 12.0755 32.1835 -0.110334
50 34.998 2.23548 -0.209885
51 13.4587 4.47355 -3.36634
52 35.1624 4.77344 -0.296426
53 13.3549 12.5615 -0.899542
54 33.9064 30.1456 2.6096
55 1.82135 16.5066 -0.83915
56 30.1655 6.71984 2.58445
57 39.7738 34.0539 -3.12117
58 38.2959 11.5145 3.86174
59 4.51572 34.009 -1.42582
60 9.37889 24.8922 1.66583
61 18.9125 25.9908 -3.22363
62 30.6253 39.8973 2.30082
63 10.5071 17.4825 2.8625
64 39.0468 23.8855 0.0490623
65 16.5101 5.32299 3.33854
66 6.69612 20.2005 -3.4134
67 19.9687 20.4929 2.9977
68 8.46433 6.5091 -0.450241
69 17.6992 7.93229 -3.1803
70 6.52806 36.1451 -3.03834
71 12.5809 11.3784 -1.5084
72 5.92501 14.92 0.862524
73 18.7144 23.6741 0.113214
74 9.6905 36.7124 3.55883
75 5.52248 37.7177 2.59142
76 19.3389 9.69 2.64714
77 15.3868 26.3213 -1.44672
78 35.4511 28.6868 -2.7327
79 33.8346 3.44207 -0.258137
80 35.3007 5.09652 1.09946
81 10.6982 22.3994 0.290533
82 12.2365 5.43563 0.246569
83 15.9838 22.4071 -2.2308
84 22.7909 18.388 1.5743
85 1.28846 15.0102 -2.49381
86 20.2699 7.00755 -1.64863
87 18.6144 38.5078 -0.023664
88 3.85387 0.0500891 1.81844
89 11.0828 32.0353 1.24431
90 33.8625 31.9717 -1.2684
91 25.4082 13.1158 -0.472914
92 17.4993 15.3128 -0.968772
93 16.8951 10.5809 1.91529
94 9.85097 13.8622 3.00508
95 18.3544 5.47048 3.37994
96 12.5619 28.2404 2.49615
97 25.9733 32.7775 3.32085
98 37.4483 30.0972 -1.07296
99 7.30502 29.9514 1.44087
100 30.8176 12.5341 2.20098
101 16.9428 22.7449 -0.248733
102 18.9456 33.6669 -0.460837
103 13.9653 3.89912 -2.42011
104 28.8132 4.46668 -2.29146
105 23.8527 29.4842 2.86342
106 36.7249 8.96983 2.47658
107 16.8674 22.456 -1.43869
108 27.269 10.0981 -2.87719
109 33.1094 31.9148 -2.08544
110 11.3804 34.6312 -1.6998
111 9.22276 31.9103 0.127261
112 31.8171 39.8957 -0.535553
113 33.3695 18.9695 2.40674
114 4.09765 29.4799 2.31637
115 32.2108 20.4837 -0.2799
116 25.6699 27.489 1.73354
117 19.9973 31.3406 -3.66904
118 22.8182 36.6727 2.93775
119 39.1896 15.9391 -3.01277
120 38.8632 33.6145 -1.9331
121 26.3462 17.0849 0.229871
122 37.3128 10.8186 -3.08899
123 2.44167 21.8404 -1.03484
124 15.4265 38.7582 1.59152
125 22.8917 35.7733 2.91322
126 19.8249 22.6933 2.43465
127 1.09827 2.40511 0.418862
128 29.7547 11.3316 -3.41411
129 1.89179 12.3765 3.14596
130 34.4405 6.7559 -1.01987
131 31.4604 31.8001 -0.441683
132 16.5859 37.228 -1.91995
133 28.3069 34.04 -0.122197
134 11.9046 37.9556 -3.86621
135 17.665 3.66458 -1.78906
136 25.6891 5.98675 2.12061
137 32.0527 2.4019 1.87674
138 10.8874 18.4929 -0.37057
139 16.6512 2.34824 -1.22273
140 17.8793 31.8706 1.2562
141 35.6338 32.3544 -2.03729
142 26.4567 0.536328 -0.671672
143 15.3371 26.7307 -0.677772
144 9.93066 22.9694 -0.0221813
145 28.4675 25.9375 2.62193
146 36.0886 9.13762 2.99339
147 33.3238 35.8217 1.2031
148 38.2598 11.7807 1.91394
149 15.2591 23.1112 1.68776
150 14.8515 14.4696 -2.19228
151 37.5735 37.0005 -2.60567
152 14.381 15.9277 0.477335
153 26.9168 1.16769 -1.71829
154 31.1254 33.7426 0.595764
155 29.267 34.8092 -2.59573
156 35.3411 25.7552 0.479592
157 18.0109 14.7051 1.96416
158 19.7741 30.9371 -1.53412
159 16.7328 30.9906 3.69451
160 4.88872 15.5651 -1.82818
161 10.0704 19.6746 0.0928014
162 25.3484 0.461738 -0.901952
163 10.3628 8.50152 -0.465561
164 17.0929 1.88629 1.99918
165 25.1684 1.72077 -1.69888
166 35.5053 4.28252 1.81788
167 10.5429 5.22849 4.78735
168 36.454 19.2687 3.01319
169 39.6564 36.5013 -2.98544
170 0.432932 34.0888 -2.16288
171 16.9403 35.8808 -2.41056
172 36.6773 16.0995 0.23135
173 20.9128 27.0209 -0.960966
174 11.1457 33.1236 2.84165
175 2.51889 13.814 -0.917895
176 25.1053 24.2347 1.49075
177 18.0596 6.36316 1.02502
178 21.6204 14.282 -0.224487
179 28.78 9.84265 1.22319
180 11.2847 8.95717 -1.04819
181 33.889 30.265 1.86242
182 16.5627 14.1586 0.805941
183 3.9676 19.058 -1.12644
184 22.5278 36.1556 3.56266
185 10.3039 11.2883 1.66197
186 31.2451 8.05169 4.20674
187 8.57375 37.2294 -1.76383
188 26.1954 16.6007 1.44916
189 10.4076 23.3913 1.45161
190 27.9481 22.6974 -2.78107
191 9.10461 32.4531 0.801864
192 31.7828 8.60914 -3.06403
193 31.1049 18.9697 0.368189
194 8.51298 29.9198 -2.40255
195 19.1171 17.1106 1.83583
196 30.9025 37.7571 0.622225
197 18.2169 0.955072 -1.4058
198 31.6404 15.4622 -3.47263
199 13.3064 11.5057 2.01715
200 39.8919 39.3689 -2.48427
201 31.3777 17.4645 2.56834
202 18.0172 18.8682 3.89103
203 25.079 13.2536 -0.275082
204 33.5901 37.4072 -0.652044
205 38.6557 33.0684 -2.65447
206 12.7182 4.76044 1.08745
207 38.0152 31.6488 2.32291
208 30.409 31.6233 -0.327975
209 14.2983 32.2789 1.06193
210 4.77001 20.6274 0.615642
211 33.6034 24.4701 -0.895975
212 37.5605 32.6321 0.253136
213 2.78362 8.57677 1.31979
214 38.6719 22.0238 -3.86305
215 38.3382 20.852 2.64994
216 30.1592 24.9241 -1.91235
217 4.73023 7.12967 -0.969077
218 20.2569 20.2957 1.71238
219 19.2882 7.10036 0.235721
220 17.7717 6.56885 1.28618
221 26.0576 8.42935 1.1194
222 33.7475 22.3729 2.6124
223 18.0691 37.9328 -1.90799
224 12.5652 31.5603 3.52386
225 35.6967 11.9117 -1.01778
226 3.86509 20.5016 0.225524
227 6.47523 39.6408 1.17394
228 22.2102 6.22525 4.27573
229 36.823 19.568 0.112516
230 25.7259 5.42022 1.10264
231 16.3395 20.7179 0.850271
232 28.6161 14.4858 0.503425
233 1.10454 11.6708 -4.56009
234 5.61674 36.3069 4.3493
235 3.31148 9.04868 3.40515
236 8.73044 38.0969 0.120431
237 11.6007 29.7752 -0.746194
238 14.7475 12.5584 -1.36646
239 38.242 14.6669 -0.0179688
240 23.4027 25.9575 -3.51436
241 16.955 29.9114 0.0169784
242 2.23732 8.72626 2.93551
243 26.7794 39.2699 -1.54295
244 36.7182 18.6472 0.513536
245 19.2055 7.63283 0.18386
246 30.3495 11.3384 -1.05173
247 1.63466 2.14807 0.884192
248 5.93763 24.5528 -0.125136
249 16.5619 34.0957 -1.85871
250 5.06317 38.597 1.9881
251 35.7594 6.04118 -0.826666
252 31.0429 18.6012 0.946858
253 27.2676 10.6312 -0.654479
254 35.8519 30.8843 2.35366
255 32.24 21.2824 2.00726
256 0.184502 2.22988 -2.07737
257 29.5688 17.5927 0.135551
258 30.4842 38.58 -0.0517816
259 30.6583 17.3518 -2.05146
260 5.34779 6.51064 -0.587056
261 30.953 21.2621 0.463896
262 27.4887 31.1287 1.32448
263 4.49199 3.11485 2.73006
264 1.09298 34.2313 -1.9288
265 1.06705 16.1512 -2.0861
266 2.09153 10.3979 3.46641
267 8.60401 25.0889 1.09411
268 3.60164 30.3649 0.736958
269 18.8763 37.9347 -3.35313
270 2.19822 11.9339 1.85474
271 30.5036 10.1063 -0.0647575
272 20.759 12.0769 1.40154
273 33.7879 34.6887 3.17104
274 8.63263 6.43943 -1.6726
275 39.9779 18.433 3.30182
276 29.9453 26.9835 -2.55672
277 7.12695 29.3142 2.26234
278 7.62741 3.99268 2.69092
279 5.80413 17.6871 -0.651799
280 33.9764 19.3913 3.82685
281 30.618 17.858 -1.81929
282 14.6935 18.3917 -0.864519
283 19.7603 39.4869 3.9996
284 32.5514 22.04 -1.09375
285 33.573 39.1002 1.3826
286 33.6007 9.14151 1.26323
287 5.34052 18.4859 -0.210376
288 9.29747 33.5991 -0.830171
289 15.8612 29.9776 -0.97837
290 35.4438 22.0609 3.73146
291 16.4724 18.0601 -1.56535
292 39.7753 26.5913 0.00383943
293 7.88333 6.35216 -0.93591
294 26.4617 34.3099 -0.0890543
295 12.158 9.57012 -1.28064
296 32.4338 21.898 -2.2259
297 4.13403 28.4135 -0.367521
298 29.4885 26.4886 -0.141237
299 18.6284 32.9828 -1.89668
300 22.8779 6.62218 3.94762
301 31.8743 20.544 -0.563812
302 15.3301 32.5762 1.02615
303 6.437 31.7347 2.57901
304 14.5275 23.5597 0.837374
305 4.46431 19.6712 1.24486
306 28.5239 13.2919 1.99129
307 10.2357 20.7482 2.86301
308 0.978758 19.1546 -2.13508
309 16.4414 2.2092 -1.42201
310 16.8425 20.3707 3.32631
311 25.9979 4.02446 -0.815365
312 0.749529 39.7977 -0.196312
313 36.8267 0.135168 -0.274069
314 21.4099 4.46024 -4.63535
315 3.72807 29.3623 3.30522
316 32.6908 37.4997 -2.69993
317 32.0124 35.1229 -2.72698
318 25.9887 25.6263 0.790229
319 6.07023 38.1536 0.441808
320 2.14138 21.6432 -1.40992
321 32.5902 5.93741 -1.03712
322 6.99464 38.6188 0.948372
323 21.1443 39.3829 1.12211
324 34.2942 14.2257 -1.9612
325 8.98173 23.0575 3.65532
326 35.2095 2.36304 2.47721
327 12.8071 4.36291 -0.568552
328 15.5835 29.719 -1.1615
329 39.4335 22.203 -2.3538
330 5.08493 7.30949 -0.464912
331 15.2495 31.8793 1.69548
332 33.9791 10.2463 -1.28066
333 20.6375 19.1245 0.592667
334 8.79138 10.5119 -2.18408
335 9.67549 1.48376 -0.14794
336 21.9211 39.8838 -2.77137
337 7.42617 15.573 0.98814
338 12.7633 32.095 0.33284
339 33.816 34.4474 2.15838
340 11.6057 22.4985 2.5789
341 33.1419 32.2572 -1.06925
342 15.0231 12.8521 -1.13665
343 10.6357 15.2499 -2.66704
344 9.89258 37.9889 -3.16167
345 34.4923 28.8536 -1.30434
346 15.9274 6.58072 1.347
347 9.14068 31.5763 2.42333
348 11.9962 18.7486 -1.23197
349 16.0931 17.0448 -1.02021
350 10.5142 11.5338 1.72915
351 8.13758 24.8367 2.58446
352 28.1219 20.5943 -0.87092
353 24.2799 1.47946 -1.55635
354 38.9763 39.6049 -1.26203
355 19.383 24.7842 1.11686
356 32.2452 33.2553 -2.49319
357 12.8962 28.869 1.04591
358 13.2094 19.383 -0.743007
359 0.0454732 28.4059 -2.55405
360 33.8083 27.6641 0.0373797
361 32.682 29.683 0.624551
362 35.1217 25.5695 -0.335291
363 35.6157 2.58017 -0.458475
364 4.99816 6.76864 1.18828
365 6.3576 38.577 0.440879
366 12.9644 7.43974 3.34281
367 17.2462 32.3028 2.92298
368 23.5294 2.99151 -0.537381
369 13.4854 28.2765 -3.28256
370 22.4235 24.6547 -2.78491
371 26.615 23.1441 -2.30946
372 27.3884 31.06 1.7696
373 8.54784 9.0629 -3.03763
374 17.3534 18.5645 3.09741
375 12.8799 10.2904 3.27601
376 2.28618 32.6498 3.15633
377 3.79164 10.0886 1.34675
378 12.886 5.04437 -2.03874
379 29.8952 2.27673 3.50447
380 39.1749 26.876 1.36973
381 12.0885 30.1403 -0.842904
382 37.3258 16.4252 0.705578
383 13.2059 32.8402 1.77168
384 20.5352 0.347372 -1.5398
385 20.3403 21.9226 2.49828
386 19.4337 6.97451 0.0231394
387 9.51804 5.61104 3.45836
388 30.5244 24.7737 0.773574
389 6.65398 39.8304 2.29406
390 29.4622 25.7656 -3.05501
391 16.1638 16.4183 -2.95201
392 21.0686 23.0849 -2.0049
393 22.9379 15.1278 -4.63545
394 38.399 37.3959 -1.25627
395 35.1448 12.3764 -2.80473
396 1.65402 3.21977 2.84307
397 6.96695 38.4916 0.225035
398 3.42811 30.7749 0.608321
399 0.593254 19.2169 -1.16003
400 1.54535 0.643735 2.70371
401 24.5261 35.7479 -0.439164
402 32.2824 8.24292 2.61711
403 36.1287 25.1665 -0.298746
404 31.758 32.3047 0.0912054
405 1.68242 25.2676 1.88192
406 28.3376 1.12741 0.973398
407 36.3699 2.62535 1.50989
408 7.82127 14.3402 -3.0442
409 13.7857 5.08311 -2.23054
410 26.0208 17.8191 2.33344
411 17.9592 25.3117 -0.87449
412 3.20407 11.0151 1.15972
413 13.0732 12.1122 -1.5979
414 2.60879 20.9109 -0.956788
415 14.5247 28.248 -0.902137
416 27.1035 38.5207 -1.50758
417 7.97718 3.063 3.79086
418 26.8461 28.2014 -3.84802
419 27.058 16.1237 1.05652
420 19.8618 38.6878 1.52803
421 0.180747 15.2352 1.34236
422 14.3563 10.6003 -1.23596
423 25.2212 14.3896 -0.445924
424 25.262 24.0332 2.2622
425 22.6545 0.0920039 -0.764884
426 3.88657 19.5683 -0.504852
427 16.8918 17.4679 0.860581
428 35.1281 6.55217 -1.04071
429 2.30499 8.88624 3.31164
430 16.4535 14.8423 3.26512
431 8.79862 10.2885 -0.629905
432 14.8264 38.133 0.985324
433 32.616 19.8404 0.840804
434 4.43131 23.8748 1.40481
435 23.6657 37.7355 -3.05946
436 1.77639 24.5749 2.17535
437 12.5667 33.9236 -0.439334
438 11.065 21.6559 1.91328
439 37.1311 22.7129 0.500645
440 28.0584 38.9033 -3.41304
441 7.86045 2.49695 3.61607
442 14.7618 27.5069 1.14881
443 20.1754 16.2233 -3.7473
444 10.2834 11.2555 1.8198
445 1.81638 24.2748 -0.216235
446 21.2907 11.6471 2.31902
447 1.2969 8.8095 -3.00059
448 36.6541 31.4997 0.249088
449 9.75549 15.5447 -0.896918
450 11.5006 16.612 2.19121
451 2.87819 11.8527 2.31207
452 17.384 15.2038 -0.455611
453 3.90684 36.7817 -0.233466
454 3.10299 8.65426 3.92273
455 29.832 3.94739 -0.796762
456 16.9897 7.91226 -3.15831
457 22.7872 22.3785 2.72473
458 35.5876 18.6797 3.58869
459 9.262 12.6652 2.92137
460 15.9954 3.07155 -2.18109
461 6.66476 32.5915 1.06905
462 26.5997 14.536 -3.59126
463 3.03341 33.1697 2.62693
464 33.3831 19.3447 2.89533
465 35.4974 17.4906 3.21275
466 33.5702 23.5284 0.967594
467 5.52861 37.455 -0.127164
468 26.0573 36.5555 0.282712
469 16.9288 28.5696 -0.0109216
470 12.7921 13.9893 2.13516
471 38.1593 13.4166 2.4189
472 13.4193 13.8177 -0.341927
473 14.8038 8.41639 -0.548804
474 8.06735 32.9919 -0.353083
475 33.7655 9.99062 -1.59766
476 22.8184 28.963 -0.965955
477 12.7151 32.0226 1.36738
478 34.7473 14.3613 -2.16641
479 4.96483 29.731 1.02596
480 34.1374 17.7741 -0.760991
481 22.5014 35.6101 0.985687
482 6.47651 31.359 0.795287
483 10.7541 29.9775 1.8162
484 12.7415 32.5796 1.25861
485 8.17166 32.4583 0.931598
486 20.3297 27.5033 0.719657
487 32.3237 28.2132 -2.47357
488 36.8052 7.44049 1.09069
489 21.5037 3.50493 -1.52833
490 5.47596 8.29323 -0.594026
491 16.7327 9.92931 1.77447
492 26.6483 2.0283 -0.52835
493 39.306 26.4659 2.23265
494 4.46295 16.2895 -3.56202
495 31.1554 13.4708 -3.73077
496 32.0022 19.9378 0.808812
497 5.93162 33.8734 1.30992
498 22.0228 14.3584 -3.87921
499 5.48331 15.1402 2.53751
500 6.60989 15.0389 -0.118656
501 30.8929 20.0112 2.72976
502 6.55153 0.799566 1.64546
503 14.55 24.0158 1.90986
504 37.4841 29.8144 -0.0863023
505 7.64815 8.66887 -0.402035
506 31.2911 27.3221 1.53133
507 22.4044 7.15776 4.06523
508 39.911 32.8222 -1.15501
509 33.5326 1.77454 0.418485
510 34.4364 0.708521 -2.52629
511 25.0507 35.2401 -2.22347
512 39.4038 34.7391 -0.66227
513 15.1288 34.8752 -0.222308
514 10.7376 24.0621 -1.19383
515 18.4189 13.7856 3.52562
516 24.8446 0.717312 1.07792
517 11.666 3.88256 -0.17291
518 22.8481 12.7021 2.01343
519 23.5694 10.7549 0.113683
520 32.8237 2.25687 0.553961
521 32.8156 32.2789 -1.58562
522 16.867 22.0537 -1.55579
523 11.4819 18.2063 1.57166
524 0.337904 25.4247 -0.186046
525 10.3312 14.8811 -4.80348
526 38.9387 20.9815 2.68033
527 17.4375 6.73615 2.16672
528 22.3418 5.29869 1.72345
529 31.8387 38.5948 -0.781469
530 3.15111 9.26018 1.52053
531 30.7548 8.6704 -2.10522
532 23.7704 37.358 -2.2871
533 22.0455 26.8677 -1.70256
534 16.1653 26.7695 1.34233
535 6.68287 8.30998 1.3925
536 30.6168 15.1604 -4.15611
537 39.3359 16.7745 -1.29018
538 0.3375 0.043739 -0.820468
539 5.51695 2.06191 -4.24239
540 37.0064 23.6414 0.512152
541 27.6965 21.9683 -3.49851
542 1.42969 29.583 -0.380647
543 11.5356 18.7751 2.3663
544 6.68208 37.7453 -0.698329
545 13.7022 22.1145 -1.61502
546 37.3312 37.615 1.07031
547 6.31235 15.0045 -0.337139
548 39.3428 0.0944615 -2.26799
549 6.12925 22.1334 0.739794
550 11.1183 32.1517 1.11767
551 22.8122 18.2534 0.259273
552 38.6499 11.7324 1.1048
553 19.3395 26.4915 -0.489092
554 16.7511 12.6969 2.46171
555 31.7847 17.0364 0.519084
556 30.0517 19.8414 2.68892
557 7.38886 29.3049 1.49174
558 28.4024 1.82599 0.775103
559 26.6575 30.2236 -4.13965
560 32.2247 20.7225 1.97769
561 12.7928 18.1425 -2.96515
562 5.24725 22.7942 3.05037
563 39.2381 18.8955 3.39422
564 11.6345 17.0368 2.42093
565 36.9538 15.3836 0.735448
566 16.7184 37.3965 -3.61472
567 27.4944 13.2264 0.173633
568 35.1498 7.58632 -1.30125
569 3.72746 19.733 -0.284659
570 3.46882 21.1338 1.53222
571 24.7028 12.254 -2.02342
572 0.0259859 35.8086 -1.72569
573 22.5963 39.1659 -2.06094
574 10.9354 20.1667 2.36248
575 19.5995 17.8639 2.66183
576 1.46435 6.61568 -3.12691
577 27.5839 32.0699 2.3088
578 2.47981 37.6302 -3.02276
579 7.8711 10.2632 -2.18698
580 9.09939 38.2593 -1.47904
581 6.06122 33.552 -0.872882
582 24.6976 25.3794 1.81352
583 23.3527 32.7078 0.478981
584 35.1471 11.9617 -0.832302
585 2.56901 12.4221 3.11948
586 29.5259 19.9784 1.1484
587 31.3381 34.0567 2.54076
588 20.0897 36.9067 -0.135719
589 26.1306 27.4972 0.277936
590 9.38689 8.13989 -2.43906
591 5.14488 23.4356 -2.61763
592 33.6211 29.6293 3.62955
593 17.084 25.4146 -1.08507
594 12.7133 4.71916 -0.1604
595 16.5851 25.2436 -2.55239
596 33.9976 32.1913 -0.82836
597 28.0969 10.6969 -4.51454
598 35.5984 10.5337 1.14444
599 19.1832 36.5105 2.09167
600 6.24394 38.2754 2.92076
601 23.4924 33.8037 1.13001
602 2.4028 19.977 2.78169
603 17.4735 19.0741 0.89875
604 38.6505 26.3688 1.18936
605 9.90443 35.0109 1.74472
606 2.80463 30.4487 0.515481
607 6.40863 10.158 1.56269
608 5.6501 37.6138 1.54585
609 24.7941 37.2604 -1.50337
610 35.5458 29.2026 3.16754
611 38.1026 21.4156 2.02692
612 19.7365 7.61474 -0.0747702
613 28.8632 11.1681 2.33841
614 2.80173 9.40102 2.48298
615 28.2282 11.4101 -0.648954
616 28.9822 13.9638 1.14239
617 21.6663 30.0748 -2.25616
618 31.514 2.53003 1.55741
619 24.2245 31.9272 -2.07246
620 35.1501 31.95 0.464817
621 35.9509 12.8005 -0.658794
622 10.8806 33.6219 2.79316
623 25.6814 15.1761 -0.851207
624 36.865 37.3539 -2.22313
625 21.4349 6.00547 3.66496
626 10.8891 32.991 1.00614
627 7.27383 32.1915 1.02893
628 27.808 7.62993 2.50293
629 31.5326 0.332915 2.22644
630 31.4342 28.2729 -3.14311
631 29.0616 37.0158 -0.18928
632 31.2091 32.3107 0.566821
633 30.1893 25.9737 -1.69066
634 38.9711 35.2995 -1.67965
635 25.5677 25.3181 1.76814
636 24.9054 5.77137 2.58454
637 0.882661 19.3855 1.20306
638 38.457 28.2289 0.599183
639 29.031 9.19215 -0.869293
640 4.53332 15.2326 -2.60278
641 21.1842 36.4177 2.82744
642 16.4159 1.54038 -0.91451
643 24.4841 24.3811 0.408187
644 16.9422 6.78812 0.950384
645 3.32657 8.52113 2.3039
646 13.6722 12.6791 -0.943461
647 13.3345 16.3685 4.58593
648 30.9288 37.7862 1.65803
649 18.8592 29.8144 3.35795
650 28.0923 7.62199 3.36062
651 29.4585 20.2837 0.539448
652 2.86042 36.9994 -3.19282
653 16.4362 37.5886 -3.4755
654 20.8782 14.0128 1.52741
655 38.0715 0.28382 1.03061
656 14.4348 13.8132 0.418322
657 24.7427 2.88201 -0.875332
658 6.88566 26.0099 -1.35412
659 27.1239 1.35779 -1.70894
660 27.1478 11.1407 -2.05338
661 37.2819 17.7297 0.443446
662 26.8388 31.7646 -0.663622
663 17.4395 14.8267 0.934082
664 32.5954 16.928 -2.1235
665 32.9181 0.554512 -1.01851
666 33.9678 4.95282 0.26556
667 37.3996 35.2876 2.16593
668 6.09445 35.0429 0.232762
669 13.7752 27.8401 -2.52419
670 38.1067 26.9652 -1.5428
671 23.6962 37.173 -3.39096
672 12.5697 25.9193 3.53995
673 34.528 4.92749 0.918069
674 15.1304 20.0835 0.103516
675 30.381 18.0321 -0.0187959
676 30.0849 39.2186 1.39815
677 36.0976 12.0042 -3.81279
678 25.7304 37.1297 0.59572
679 20.7189 12.779 2.29068
680 11.4134 22.2062 2.72595
681 13.5683 35.5225 -1.21988
682 31.0959 39.5015 0.696348
683 33.4181 17.424 -0.89794
684 4.06038 33.1543 2.80617
685 24.7937 29.0491 0.49833
686 1.90033 0.258325 2.30517
687 27.4672 7.69045 3.49491
688 39.6667 39.6264 -0.409876
689 12.1273 37.8229 -2.65727
690 16.3982 29.354 -0.031907
691 12.4787 32.7133 1.65243
692 22.4871 15.0439 4.25102
693 37.861 17.3175 -3.91942
694 27.0653 30.9004 3.44274
695 14.3477 32.0815 1.42108
696 33.4902 29.5796 3.01071
697 25.0356 10.2358 2.14207
698 36.5064 9.65042 0.871711
699 24.8594 19.2315 -3.67533
700 5.17134 1.41332 -3.90679
701 28.4374 3.93163 -2.7337
702 4.20192 2.11613 -0.641151
703 29.8191 16.4156 -0.823503
704 29.1484 29.96 1.47481
705 6.27632 38.3526 2.17496
706 36.5959 33.3566 -2.38376
707 15.801 8.80113 1.72472
708 24.096 17.3535 -3.84801
709 25.5854 2.15489 0.986938
710 18.4808 27.7942 -1.85073
711 33.1647 29.7628 1.44335
712 30.0805 17.6397 -0.443787
713 38.3695 9.1204 -1.11353
714 20.2389 30.3192 -1.41435
715 34.8608 2.43816 1.6722
716 24.3415 34.6521 -0.935705
717 17.3847 25.1822 -1.76728
718 11.0344 29.4044 2.6737
719 12.0703 32.9315 1.95873
720 19.1854 26.1413 -0.773274
721 30.4498 38.5023 -1.3283
722 2.6205 7.27328 3.34527
723 17.5007 0.180598 -1.89891
724 7.86687 4.33638 3.24836
725 31.1014 8.66749 -2.83971
726 8.21911 30.5376 -0.673663
727 2.17015 33.6896 2.64653
728 38.4155 6.32185 1.44478
729 22.1837 0.347954 0.276346
730 18.9026 15.6255 1.98236
731 29.8361 18.512 -0.514907
732 21.9814 38.3849 1.80575
733 37.1517 29.1164 -1.6934
734 23.2876 17.0181 -2.40291
735 17.3828 16.9214 -0.627822
736 21.3303 22.9483 -1.48554
737 33.9751 29.6556 3.38745
738 13.9651 5.01597 -1.24187
739 11.9584 27.7275 4.01652
740 33.2172 20.4407 -0.448316
741 1.46341 32.231 -1.63057
742 20.9139 13.0269 1.46711
743 16.3346 26.0975 -1.50298
744 31.7361 29.8687 3.2461
745 16.1294 29.434 2.79143
746 15.5538 18.5291 -1.94619
747 13.3378 22.773 -1.60342
748 16.6391 31.9453 1.2921
749 2.94601 8.81144 3.60589
750 10.0693 32.6793 -0.539592
751 9.0669 37.8287 -1.58572
752 38.6864 15.8433 -0.694268
753 2.98568 22.7738 -3.38598
754 35.4469 15.2665 0.324866
755 21.6972 10.6562 1.82122
756 30.765 9.7428 -0.659387
757 17.8399 17.4404 -0.115899
758 32.8411 31.9391 -4.05228
759 12.0021 31.8323 0.588338
760 29.6977 38.2053 1.38227
761 16.4142 13.0514 2.04148
762 19.7542 31.044 -1.19812
763 21.633 4.53912 -4.37486
764 28.2578 4.61763 -1.51223
765 26.563 28.0735 -2.88325
766 11.3952 17.0711 0.235075
767 33.7534 18.0308 -3.79956
768 6.21051 10.6462 -0.380206
769 23.3229 31.4024 0.910772
770 14.711 26.3746 -0.00743079
771 37.5699 18.7151 -0.539919
772 14.0674 31.4063 -0.114779
773 28.4459 29.5103 1.04498
774 38.3763 38.7401 -3.66917
775 21.7061 17.9108 0.989124
776 10.7711 20.9538 3.29009
777 38.7628 20.3929 0.702371
778 29.9332 24.7133 -1.71381
779 23.7686 1.73018 -1.08278
780 2.5616 8.07866 2.80998
781 28.6335 0.844271 -0.0377046
782 10.9142 6.20751 1.61759
783 18.0901 12.753 1.52472
784 31.8108 0.364865 -1.38204
785 22.9879 22.9309 3.68551
786 10.5906 27.901 2.61648
787 26.5705 2.39309 -0.799686
788 1.16234 27.7523 1.72122
789 38.9501 15.2428 -2.63382
790 8.28713 35.1107 -1.91708
791 19.7587 16.4329 3.38054
792 11.4078 32.5649 -0.00224755
793 22.1967 39.1661 -1.61066
794 18.0967 21.806 -1.31649
795 8.33602 11.3101 -2.75113
796 16.4015 26.8273 -0.024079
797 6.32897 32.1853 -0.388659
798 24.3027 3.41551 -2.7883
799 18.878 36.244 -4.45987
800 30.2397 8.22315 2.78445
801 22.3317 13.3063 -2.14059
802 36.7713 10.2732 -1.87257
803 6.42918 36.2286 -2.87224
804 0.138844 15.1446 1.48345
805 35.1984 19.6444 1.0086
806 11.3158 20.2813 0.481697
807 25.2763 3.88614 -1.62906
808 29.6534 24.562 0.212785
809 15.479 13.0464 -1.67465
810 16.256 36.4145 -2.13947
811 9.22392 28.7662 3.33205
812 17.0808 34.1189 -0.555881
813 34.8615 0.500939 -3.02799
814 29.1389 33.5385 -1.70155
815 32.8613 20.4731 0.816656
816 14.6007 32.4175 0.270849
817 13.1726 32.3847 0.365142
818 12.9914 11.2263 0.981287
819 25.9251 1.74059 -2.867
820 38.9609 0.122756 1.3578
821 14.5509 10.5124 -2.50087
822 7.33324 10.0141 -2.94967
823 0.220416 1.65371 0.832485
824 38.1384 11.1315 4.11827
825 34.6313 28.9501 -3.67025
826 1.93056 10.476 1.00527
827 36.1976 13.5226 -1.95756
828 27.2009 9.95504 -1.44925
829 16.9842 39.5072 0.636574
830 11.919 20.7792 2.53139
831 12.3004 36.5013 4.87369
832 35.2535 28.6329 -2.38408
833 13.7355 19.8585 -2.87662
834 18.5169 7.51411 -1.78857
835 7.13382 31.7359 1.58268
836 20.1476 35.925 -2.59663
837 36.1084 28.578 2.05881
838 28.8016 11.9744 2.67646
839 37.6483 24.9542 -1.45985
840 28.0672 20.2976 -2.12541
841 32.039 38.808 0.681014
842 26.9712 29.148 -0.506929
843 15.6218 1.86037 -0.0802963
844 7.43709 13.6553 -2.46226
845 1.70081 31.159 -1.71638
846 13.6273 35.0162 0.613103
847 1.59121 22.232 -0.530589
848 23.0377 13.8801 -0.862111
849 11.6854 20.9869 0.444223
850 4.9998 37.1571 0.417892
851 39.7129 39.0353 -1.66672
852 27.085 31.6377 0.974426
853 30.5578 24.546 -1.20309
854 0.481954 32.4063 -2.7458
855 19.6716 0.703689 -1.56105
856 18.1267 31.6938 2.56126
857 6.71145 22.47 1.89536
858 0.218024 26.045 0.175566
859 19.5604 39.2031 1.42007
860 29.3622 23.6581 -3.30203
861 0.950514 14.1326 1.38406
862 3.67065 34.7639 -3.00178
863 12.6703 18.6537 -2.53725
864 26.9656 12.2092 -0.375806
865 27.2546 28.5821 -3.36283
866 28.0479 38.9099 -2.93756
867 14.4612 38.8792 2.0128
868 32.8656 23.924 0.351173
869 35.8828 13.7473 -1.70531
870 6.12582 38.7728 1.72728
871 20.4251 21.6418 3.63299
872 33.7667 22.177 1.4716
873 19.8274 17.0048 1.94569
874 32.9814 9.34909 1.75074
875 1.65787 10.4212 2.02509
876 2.80993 8.29302 0.479977
877 39.539 1.0944 -1.95372
878 0.768531 38.4959 -2.73148
879 3.68968 35.2535 -3.6476
880 0.10183 21.6442 1.17854
881 11.4948 21.5923 3.02234
882 20.6491 6.39994 -0.179666
883 2.35779 25.9902 1.00738
884 13.5814 18.186 -1.21805
885 8.70198 14.2757 -3.87486
886 14.4118 27.8399 -2.08471
887 36.3702 15.7423 -0.483885
888 37.5406 32.6431 2.99815
889 6.72859 10.7974 1.20447
890 20.2703 12.5119 0.105963
891 21.4058 18.7621 1.99415
892 28.2891 4.42338 -1.73868
893 28.5524 29.3496 3.63134
894 35.2329 31.2122 -1.21312
895 33.1337 19.9818 0.0167099
896 13.9424 34.0609 -2.15168
897 3.78714 9.42884 3.2895
898 17.493 16.5536 2.58935
899 7.31809 28.2402 -1.62434
900 17.4543 5.98864 -1.17162
901 2.52254 37.6051 0.285715
902 1.03193 31.5689 -2.05565
903 6.20668 30.9115 1.95693
904 20.3052 3.38285 1.05216
905 19.3389 31.1218 -3.3876
906 26.5755 24.8046 -0.615182
907 23.295 29.3173 2.50417
908 31.026 38.4302 -1.23729
909 22.1181 5.08968 1.12741
910 35.4666 16.3478 2.4176
911 31.8892 26.0831 -0.203761
912 24.9385 25.4916 1.62591
913 0.865842 21.5537 0.949154
914 10.6811 24.0904 -1.34882
915 34.3703 38.7879 2.53122
916 24.963 19.2709 -2.26313
917 5.70606 29.8226 -2.57589
918 2.39797 35.2953 -3.31077
919 30.5163 17.8781 -1.97442
920 39.8233 18.6936 1.85039
921 36.2232 22.6362 0.485158
922 26.0323 13.1318 0.938337
923 10.6441 25.7015 0.948422
924 26.5463 37.6809 0.898778
925 22.0441 3.38417 -1.72996
926 25.104 35.8834 -1.28209
927 12.3465 31.9537 0.144069
928 34.0371 3.07063 -0.847014
929 37.1612 29.6213 -0.0710045
930 14.6719 8.76093 -1.38945
931 21.4374 18.5398 0.781408
932 11.5394 24.9399 -3.99744
933 9.98648 7.83771 -1.34724
934 28.1631 31.7134 1.29203
935 1.7178 6.84426 -2.45569
936 2.95476 23.0883 -2.36846
937 9.14551 37.9686 -0.12933
938 19.5226 22.6012 0.414807
939 25.8699 7.19593 -0.897738
940 17.7723 19.3818 4.33415
941 20.6598 22.8629 -1.77479
942 1.44187 8.54816 -1.43076
943 10.2376 6.38433 1.59499
944 37.1582 29.2846 -0.997911
945 7.31729 3.72446 1.00295
946 19.9655 22.6495 1.16453
947 24.5372 2.80294 -0.905858
948 10.1463 32.326 0.565851
949 5.94118 7.41294 0.845828
950 35.0726 22.0287 2.39342
951 21.9861 8.13888 -0.345123
952 15.6115 13.6575 0.481242
953 36.7181 12.3391 -2.90328
954 5.38956 37.8983 0.58497
955 38.7525 11.3518 3.97446
956 33.5534 6.85894 -0.890691
957 31.0891 14.9799 -4.24412
958 3.94682 32.1999 1.5426
959 31.1262 33.5929 0.563832
960 3.11946 8.72476 1.49655
961 1.1751 35.3843 3.9923
962 13.1311 31.2677 0.584241
963 15.1385 28.15 -1.1182
964 5.3856 10.6001 0.0985775
965 0.0470016 32.3149 -1.64005
966 15.5033 18.447 -3.98758
967 22.6615 39.6706 -3.44296
968 35.1051 30.8769 -0.583685
969 14.5286 39.3812 -0.0435881
970 23.5754 0.336165 -1.19077
971 36.9586 11.9797 -4.29364
972 9.46284 18.5774 -0.555019
973 12.0631 20.6015 0.15963
974 26.7501 16.6668 0.375686
975 13.9433 27.8454 -3.86733
976 4.42402 3.68612 1.3519
977 4.70562 1.23422 -3.62699
978 11.6952 22.9787 1.55342
979 3.54239 33.7048 2.25593
980 37.3891 11.6755 3.74738
981 5.14561 9.26601 0.735492
982 4.88914 3.63194 4.06702
983 21.5293 17.3021 3.62198
984 13.8406 33.852 0.342311
985 5.09431 19.9899 -0.294084
986 29.2403 16.5626 -2.84212
987 6.54372 6.50537 -3.78595
988 0.186485 31.7468 -2.69247
989 14.7918 27.6965 -2.65767
990 28.649 20.1049 -0.243796
991 11.9303 21.5259 0.867572
992 39.851 14.897 1.69888
993 9.87409 17.9946 -1.48369
994 28.1958 19.6671 -1.0215
995 10.0667 21.7088 2.67986
996 32.9551 17.9569 -2.52729
997 38.301 12.7022 1.00873
998 39.3984 3.1954 0.824752
999 33.2481 28.8826 -1.41095
