1000
Particles
0 39.7094 1.9117 -0.519542
1 31.4626 17.7589 -4.0414
2 24.5148 5.01574 1.31857
3 9.19257 39.9438 1.67891
4 9.80221 16.831 -1.02148
5 25.4987 3.80756 1.71304
6 27.0831 4.35447 -0.939045
7 35.45 14.9673 3.50173
8 3.88353 28.6922 -2.98815
9 31.0594 24.206 -0.228599
10 26.4534 31.9549 1.2574
11 7.17963 33.6005 -3.50704
12 37.122 24.7747 -1.62027
13 0.635704 6.42996 -1.3456
14 30.4228 16.9395 -1.63923
15 31.7012 33.122 -2.99814
16 24.0282 32.3933 -3.52187
17 30.8733 12.9537 -2.62184
18 33.9638 16.4676 1.34632
19 15.3408 19.8321 -0.372531
20 9.31115 13.4095 -1.9758
21 36.9587 39.1177 -1.12962
22 36.0134 22.7529 2.06514
23 30.0158 16.392 0.0582212
24 32.1578 12.2004 0.360079
25 4.61208 34.3 -2.20933
26 21.9959 27.6048 -1.72591
27 15.201 18.0805 -3.10775
28 6.6263 33.2521 -1.64632
29 29.8395 8.92759 1.02377
30 22.0476 26.4216 3.72063
31 10.0337 18.1243 -2.78772
32 17.2459 9.20909 -0.0654151
33 7.49174 2.1254 1.1294
34 22.5943 15.63 -1.4806
35 26.8315 39.6275 -0.821846
36 15.0767 38.6959 -2.56399
37 39.4664 25.8825 1.0742
38 26.118 37.159 -1.55966
39 29.1026 15.2141 -3.08958
40 32.0806 36.492 0.253408
41 18.8075 16.6412 1.16434
42 31.9632 21.8354 1.3964
43 27.7935 36.9353 0.196755
44 20.6776 21.9706 0.615563
45 5.34558 26.5943 -3.95853
46 3.28797 10.7478 1.47252
47 35.1108 3.97558 0.746398
48 3.27667 36.2504 2.40068
49 8.70232 31.3188 -3.26303
50 37.5929 0.911393 -2.07195
51 15.2844 4.51488 2.00137
52 34.5248 8.11225 -4.3606
53 16.638 11.6207 -0.8785
54 39.0516 26.0362 0.484227
55 37.8211 18.4528 3.85191
56 26.456 7.99565 3.22162
57 5.19959 34.6356 -1.43202
58 36.5149 19.3641 1.17994
59 4.22593 33.1376 -2.71165
60 8.66612 26.9694 1.17469
61 14.6749 24.639 -0.958917
62 30.0827 3.45312 -3.36818
63 8.66601 15.3614 -1.36033
64 36.7429 28.541 2.39002
65 15.291 39.2099 -2.55099
66 10.2296 20.7705 -0.118476
67 23.5869 23.3084 -0.652822
68 10.7299 4.83288 -2.59054
69 12.599 4.01921 -2.05372
70 5.93683 34.6134 -1.75945
71 13.4879 11.369 -0.268351
72 6.63652 13.1958 0.95651
73 19.9341 28.0983 3.3424
74 6.36276 0.879999 2.29273
75 2.52003 35.6064 -1.33396
76 20.7264 8.18787 1.27304
77 11.9317 24.4925 -3.30085
78 1.02042 29.5157 -0.324712
79 36.2701 4.17326 -0.617883
80 35.231 4.47703 1.16556
81 5.82126 25.7931 -4.01909
82 11.6365 6.63908 0.624483
83 15.3297 22.9277 0.739072
84 21.3006 17.1767 -1.81989
85 0.274222 17.4607 -2.23464
86 20.7843 6.30948 -0.514127
87 17.759 39.638 2.35906
88 1.82352 38.9716 -3.72294
89 6.30435 35.7516 -2.98522
90 34.2421 33.8058 -3.33235
91 22.9538 11.8639 -3.65596
92 18.5286 18.8402 -0.0458585
93 19.7217 9.32471 0.382216
94 14.7748 13.7379 -1.74226
95 21.1514 3.27988 1.62493
96 11.5619 28.8054 0.251818
97 23.804 32.7129 -1.24148
98 0.44453 23.4232 0.889434
99 9.10161 33.2457 0.440225
100 30.9789 13.8686 -1.78197
101 16.0683 21.8031 1.45432
102 21.8633 31.9611 0.763031
103 13.6043 3.70567 -1.27827
104 26.7246 4.59241 0.602289
105 23.6634 29.1656 2.9158
106 36.9906 13.2354 4.38682
107 19.6294 21.6079 0.424413
108 24.4753 10.9683 -0.712759
109 36.2538 30.2118 0.701927
110 13.1762 37.6125 1.74137
111 7.62497 33.1924 -2.3116
112 32.4405 37.5892 -0.751867
113 31.5119 20.656 1.81829
114 0.377629 25.2194 -2.5684
115 29.2058 20.5577 2.4304
116 27.95 27.7186 -3.39435
117 22.057 31.4493 3.30025
118 24.3172 38.6311 2.07313
119 36.8673 19.3789 1.72182
120 33.9086 32.8732 2.31532
121 26.0773 12.2255 1.45591
122 38.6633 12.4537 1.51317
123 7.04293 21.9497 -4.1625
124 14.5452 36.5782 1.76612
125 26.2665 34.4157 4.79854
126 25.1548 23.1735 -1.68527
127 1.61289 1.03007 -0.107317
128 33.2092 13.5116 3.12013
129 1.30462 12.9096 -3.34507
130 33.5732 5.17024 -2.44452
131 29.8228 31.2868 1.15162
132 22.3601 34.0548 1.66637
133 30.281 33.6096 -1.46914
134 11.3207 32.8692 -3.60504
135 15.7459 3.39651 -0.0885536
136 29.8239 5.35358 -0.956637
137 31.3542 34.6768 -2.29348
138 10.7081 23.4011 -1.21158
139 17.2323 3.11949 0.276435
140 17.2129 30.4308 1.84932
141 36.7536 28.8708 -2.0019
142 27.1288 35.4957 0.518739
143 16.5772 25.5174 -1.44525
144 8.91317 26.4347 2.31796
145 28.3068 20.6013 -1.12669
146 33.3562 9.72218 3.85614
147 33.5281 38.0638 -2.00825
148 37.9705 9.27218 -0.954858
149 16.7459 23.7195 -3.04321
150 15.8375 11.6363 1.44656
151 37.5098 35.1972 -0.618058
152 17.9369 11.1145 -1.22337
153 19.1331 1.99589 0.973756
154 28.6283 34.0105 -3.27431
155 30.1132 33.7433 -0.740657
156 37.6503 26.2122 1.28805
157 17.6758 16.5815 1.83718
158 18.1336 28.5006 -3.70325
159 14.6753 28.4415 -2.08985
160 5.81468 13.5622 2.28492
161 13.4063 20.8524 0.5498
162 26.0673 34.3017 -4.88127
163 10.0373 4.18711 -3.82739
164 14.45 0.86618 -2.18956
165 25.0354 4.9913 2.02425
166 34.9243 9.24307 2.26632
167 12.8467 0.321 -1.12907
168 35.5239 22.6161 2.85981
169 3.11578 36.0077 1.96315
170 39.0036 33.6984 -2.4915
171 22.4791 36.9822 -1.22732
172 36.2048 21.9755 1.58325
173 24.5735 30.2579 1.90807
174 11.5048 34.7653 0.593585
175 2.49454 9.78954 1.13872
176 24.6251 24.9606 -2.55959
177 18.1846 8.54992 0.261597
178 23.119 17.6468 -1.02138
179 29.1765 8.51702 -0.150088
180 13.7572 11.2787 -1.23891
181 33.4569 32.9185 3.14777
182 19.0454 11.558 0.855305
183 5.37503 19.7233 2.83591
184 26.671 36.7172 -1.74643
185 14.7881 11.1132 -1.68271
186 26.3064 5.27806 -0.25493
187 9.30135 38.1769 -2.04722
188 22.8542 20.5447 -1.07606
189 10.7669 26.2264 -1.68396
190 27.3281 22.4322 -2.06193
191 10.7322 31.4838 1.79729
192 33.5794 5.63648 -2.08211
193 28.2641 19.2897 -0.904818
194 14.7578 29.3238 -2.58765
195 17.2719 18.9825 -3.31205
196 28.5991 34.8406 -0.384917
197 16.3477 38.7273 -1.62019
198 30.3477 17.1309 -0.348318
199 13.052 13.0211 0.41632
200 34.0795 36.8858 -3.63406
201 35.0386 19.0693 1.21078
202 18.558 19.4686 -1.79197
203 26.8774 14.8052 -3.90972
204 31.6739 33.6668 -1.4194
205 36.3214 32.1151 -1.73882
206 17.3647 4.13199 2.0258
207 0.444515 30.0078 -1.32135
208 30.3234 29.1525 -0.248561
209 8.22167 34.9579 2.55515
210 7.55171 25.3426 -0.296307
211 34.3573 23.525 0.00629292
212 2.07547 34.8401 -1.91379
213 2.43509 8.37029 -0.709647
214 36.6792 23.4635 -0.532953
215 36.7681 19.5635 1.94107
216 28.5138 20.9075 -0.691366
217 6.24198 10.9697 0.65202
218 18.8245 19.0439 -0.231811
219 25.9796 5.5848 2.59675
220 17.6294 4.51181 1.86863
221 23.6335 10.2012 0.750339
222 36.004 26.5122 3.6585
223 16.9005 36.4484 -3.90008
224 6.84971 29.1084 -2.09882
225 30.9903 12.1916 -1.33217
226 2.89192 21.4339 2.47817
227 10.0897 2.77458 2.70698
228 22.9019 9.83304 1.99308
229 35.8516 19.7172 2.38103
230 28.9235 6.92196 4.54015
231 16.4481 19.3961 -1.29705
232 31.2822 12.0288 1.71309
233 38.3357 9.22802 -1.19758
234 6.08563 38.6333 -0.43257
235 2.72121 9.40711 0.777414
236 8.30943 39.8039 1.59997
237 11.9638 27.401 3.93711
238 12.0219 10.3732 -0.999705
239 35.6668 16.3939 -0.90791
240 23.9284 24.5948 -2.06963
241 21.8664 27.4458 1.48916
242 38.7889 6.32305 -2.74625
243 28.1882 37.2277 4.18134
244 3.04493 17.9502 1.01904
245 18.5394 5.6919 2.1555
246 32.6448 11.6986 -1.12855
247 3.77996 2.63282 0.914482
248 2.42422 22.1651 4.56047
249 17.8604 31.233 1.52904
250 10.448 38.9594 0.257536
251 38.0592 8.27264 1.58712
252 32.2576 18.6028 2.58154
253 27.4871 11.1062 -0.413017
254 39.5393 35.0916 -1.63494
255 28.4593 24.5754 1.89344
256 1.92622 7.33764 0.907979
257 31.6454 16.5907 -1.62886
258 33.8563 35.1543 2.14864
259 32.0199 15.8361 -1.90147
260 6.41718 7.85606 -0.184865
261 26.3287 22.6536 -1.14044
262 27.9789 33.9038 -0.295084
263 39.329 2.50782 -1.64547
264 3.93897 28.7125 -0.643319
265 3.35837 17.2068 2.00179
266 38.7671 11.8102 2.69167
267 5.57194 24.3717 4.31335
268 1.42623 26.5043 -2.98811
269 23.1515 36.7193 0.995482
270 1.14785 9.21659 -0.913027
271 32.7107 12.5102 -1.04209
272 20.5486 14.7703 2.3278
273 28.9153 34.4091 -1.93397
274 9.80138 4.91797 -3.75937
275 3.48717 20.0537 -0.757728
276 29.0142 21.7511 -1.36026
277 8.80735 28.1593 2.0984
278 6.01795 7.54661 0.127338
279 3.13192 21.4142 3.58657
280 36.4558 20.4033 1.82434
281 23.8574 12.3184 -3.00217
282 13.8415 18.8506 2.54482
283 18.6195 38.3004 -0.891153
284 30.7744 21.0525 2.65248
285 34.5619 36.2957 -2.5206
286 33.8159 8.07834 -2.95287
287 6.93773 17.0448 3.67616
288 8.91765 36.3428 -2.13575
289 15.1911 29.7753 -1.93378
290 37.4492 24.9922 -0.345222
291 17.7478 14.8461 0.694043
292 38.3657 25.4831 0.815768
293 5.88086 4.98235 -0.0684557
294 30.343 31.0636 0.619761
295 13.9127 11.1152 0.519555
296 26.4059 24.3385 2.31928
297 0.264255 26.5879 0.290159
298 25.3449 31.6021 1.85925
299 16.5183 33.5153 0.967815
300 26.8298 7.83952 1.34833
301 30.0784 23.9317 0.891129
302 16.5655 36.0318 -3.89953
303 4.86168 28.8253 -0.344355
304 13.1691 23.3535 -2.64087
305 6.87665 23.8074 -2.55045
306 30.7387 11.9065 -2.82477
307 10.4352 17.0482 -0.595198
308 1.07763 17.7331 -1.73289
309 13.3143 36.7297 1.04153
310 16.442 20.9981 4.00786
311 25.2109 3.30065 3.81603
312 39.5982 36.7004 -2.74378
313 34.6917 1.15507 2.75909
314 16.2371 3.12756 -1.02583
315 0.438934 30.4211 -2.66669
316 36.8497 34.6664 -4.95443
317 32.0852 34.5681 -0.247685
318 22.2228 21.4125 -1.67314
319 0.938531 38.6565 -0.548065
320 0.266416 23.815 2.9612
321 32.8303 5.28567 -0.833681
322 4.21985 36.1476 -3.72439
323 19.7494 34.8597 -1.58127
324 28.898 13.3666 -2.13233
325 7.59709 25.4169 -0.292527
326 1.00943 6.97605 0.591804
327 16.16 39.6539 -2.75435
328 14.9877 28.0919 -2.2492
329 0.0428651 22.0876 -4.37959
330 0.849702 10.2371 -0.85481
331 13.4621 36.2685 1.28267
332 33.2363 14.3022 -2.95785
333 19.1894 18.7633 -2.53196
334 8.90908 8.50393 0.96358
335 12.4588 37.1773 3.86998
336 19.5591 38.3367 -2.9218
337 3.98097 16.468 -4.67366
338 12.0745 29.2239 -0.138388
339 39.2562 32.0945 -0.577585
340 6.53047 26.0084 -4.86309
341 29.2106 33.1267 0.666624
342 9.52926 11.4401 -1.33569
343 14.4873 15.2584 -1.98414
344 13.644 36.1728 0.119364
345 39.3332 26.6932 -0.213885
346 17.4607 5.6526 -0.030391
347 6.07719 35.9405 2.71576
348 9.13309 23.4981 -1.21481
349 12.7963 18.1292 -1.34076
350 9.93362 11.0909 -2.17139
351 8.22751 21.0264 -0.268194
352 24.6746 21.2952 -3.03065
353 25.5802 4.93897 2.65588
354 33.383 39.0919 -3.84426
355 22.3024 26.648 2.26024
356 28.84 29.4905 2.47523
357 14.588 27.9781 -2.10307
358 13.3352 14.9985 2.97471
359 36.2276 29.1117 -1.73079
360 34.6527 27.9028 2.81005
361 29.9407 32.6763 -1.73796
362 39.1337 24.6595 -0.161592
363 38.4131 6.94257 -0.103578
364 7.61795 12.6199 0.504309
365 5.45715 0.00989273 2.73931
366 12.6636 4.13358 -1.17772
367 12.9135 35.3967 2.00617
368 25.7672 6.70603 -0.702042
369 16.8444 33.7113 2.32811
370 18.9309 25.1051 -0.31901
371 23.7046 21.7521 -1.85847
372 26.9938 26.7827 -2.10303
373 10.4783 10.0088 3.06004
374 14.1052 18.6881 1.22892
375 12.9459 12.4164 2.17219
376 3.69614 30.2229 -0.615826
377 4.82093 10.6384 0.226991
378 11.328 4.43339 -0.607464
379 30.8958 34.0183 -0.976066
380 37.0851 28.6573 3.43506
381 13.7071 32.9821 -0.746732
382 39.9803 15.0007 -1.90112
383 16.2559 35.805 -4.64339
384 23.6223 38.8485 2.20079
385 20.9109 16.5971 -2.01792
386 22.5534 7.13671 -1.04779
387 10.8573 4.10073 -1.43708
388 29.7668 24.3251 -0.5326
389 4.37199 4.91876 -3.24339
390 29.1093 28.6957 1.77004
391 16.2955 14.0391 -2.20461
392 24.1674 28.7932 1.61881
393 20.4384 10.6023 -2.19394
394 31.2524 37.5112 -0.917141
395 33.8439 14.6916 2.11217
396 0.675777 4.39806 1.39112
397 5.72634 0.813558 3.48368
398 4.43498 34.4162 -3.84571
399 38.4887 18.7785 -1.50907
400 2.8587 38.0258 4.65921
401 22.4133 36.322 -1.06143
402 34.3894 9.42327 2.87006
403 0.275947 29.8542 -0.0922147
404 27.011 31.7787 2.4278
405 4.24251 22.0506 -0.96199
406 25.7782 1.08039 4.49312
407 38.905 0.353245 -0.762071
408 7.40291 12.8838 2.59334
409 16.5115 4.37214 -0.313669
410 24.3316 21.9702 -0.268678
411 21.5415 21.363 -0.309795
412 1.2631 7.16463 0.74447
413 15.4743 11.2006 0.883048
414 2.01824 16.5376 -0.282011
415 13.3898 27.3919 1.04981
416 28.8951 35.1646 -2.00831
417 3.61076 4.48647 -3.44032
418 30.3814 29.1454 0.286249
419 23.451 12.4058 -4.01807
420 17.8419 39.4819 0.694892
421 1.47845 14.3192 -3.25824
422 13.0756 7.04872 1.08895
423 30.762 10.7465 -1.01788
424 25.8432 20.822 2.79467
425 18.566 39.4867 -0.892933
426 12.8022 21.7359 1.3806
427 16.7917 18.9164 -2.6651
428 0.354503 7.57724 -0.756163
429 4.54387 9.94131 3.31548
430 20.2404 15.5797 3.32846
431 10.2813 9.97606 1.38339
432 19.2801 35.1888 -1.70685
433 29.7826 25.2075 0.814191
434 4.88144 23.4312 1.46069
435 26.5909 36.3161 -2.16747
436 1.37809 22.153 0.610332
437 9.88697 36.5071 -3.63434
438 9.24031 23.3981 1.81377
439 34.7936 21.8224 -1.65042
440 26.3512 39.2688 1.89974
441 9.97886 5.0278 -1.961
442 14.3073 27.7975 -1.42886
443 19.5292 16.4132 0.0294131
444 9.67349 15.2171 2.41181
445 6.04874 21.3304 3.31099
446 20.1389 8.95154 0.512668
447 0.337925 11.0054 -0.200303
448 34.1623 28.6411 1.78407
449 13.6375 16.388 3.40183
450 12.7557 19.6298 -1.11146
451 39.2936 11.8626 4.45403
452 17.2352 11.7141 -0.531998
453 4.69577 31.1457 -0.274293
454 36.6333 10.4083 0.439208
455 31.5185 3.68528 -1.59698
456 9.99466 8.97228 3.65909
457 23.1647 20.5877 -2.43001
458 36.8478 18.763 2.59832
459 8.61028 9.19638 -1.61384
460 13.0796 0.235264 -3.18942
461 9.47948 38.5645 1.81095
462 23.7797 14.8318 -4.48684
463 4.17544 35.1018 1.46742
464 34.3042 22.5927 -0.615947
465 31.2328 13.2005 -0.252195
466 31.9042 23.1272 -0.602565
467 3.93421 37.6666 -2.33359
468 29.526 37.2181 -0.843896
469 17.779 28.8202 -1.17187
470 11.647 14.7569 -0.724173
471 37.7687 15.1189 1.20907
472 15.4783 15.3936 -1.79181
473 14.0949 1.45412 -3.28402
474 7.22507 35.1649 -2.25196
475 32.4158 6.15109 -0.639679
476 21.6518 29.0767 -1.72715
477 12.8541 31.3052 -1.79318
478 34.9121 15.7405 -1.65606
479 6.56915 25.6603 -4.78387
480 33.8193 17.5168 0.642813
481 24.7286 34.6811 -3.43431
482 6.16348 29.0502 1.24428
483 12.7872 32.4697 1.20706
484 9.00261 33.0544 1.74783
485 5.86568 39.0904 0.333062
486 21.2631 26.9915 2.05236
487 31.3533 30.9962 2.759
488 34.4675 9.3208 1.4673
489 19.2235 5.51965 2.80899
490 4.1299 4.70421 -1.47201
491 17.7998 12.5842 3.32137
492 24.7473 0.496138 3.32873
493 4.37711 26.9461 1.17344
494 8.02373 18.3552 1.33541
495 30.1297 13.1437 0.122045
496 35.394 19.5123 0.709176
497 4.49169 28.6312 -2.76284
498 18.9401 16.9386 0.309145
499 6.82812 13.2113 2.97756
500 2.87145 14.7354 0.748631
501 29.4892 19.6385 3.09802
502 3.82911 0.490618 -0.407881
503 14.6923 29.0805 -0.55356
504 39.1547 31.5489 -0.0489652
505 5.74941 6.26711 -1.68971
506 29.1086 23.5965 0.284263
507 23.4216 6.5521 3.22995
508 0.939296 30.1835 -3.1737
509 32.0124 39.2637 -2.61677
510 31.4668 39.2616 -3.91098
511 23.1567 32.0561 2.21141
512 1.11185 34.5082 4.25098
513 16.8933 38.4044 0.439524
514 10.8936 27.459 -0.345266
515 18.4469 13.7589 0.57325
516 19.9079 2.50146 1.96698
517 11.2387 5.91347 1.24148
518 18.9765 17.2493 2.88433
519 20.7162 10.7434 0.171325
520 35.0988 10.9712 -1.77667
521 35.9478 28.9267 -1.81735
522 21.9604 21.2373 -1.58065
523 13.7209 19.8152 -1.53293
524 4.98469 21.9327 -1.16467
525 9.38199 11.6249 -3.51556
526 0.412806 21.5181 3.48252
527 14.7463 6.24562 -1.22686
528 21.8464 7.37914 0.431236
529 30.2138 1.16983 -3.08856
530 38.0635 8.02765 1.84752
531 24.8441 10.3263 1.20163
532 21.9074 35.0635 3.32663
533 27.4608 29.362 -0.895238
534 12.8977 28.1001 3.06889
535 9.75438 1.70536 3.95688
536 32.3311 16.8095 1.10812
537 39.4784 18.1335 2.84642
538 1.25245 39.7932 4.16348
539 3.72396 1.71562 1.48636
540 31.2737 25.8385 -0.396118
541 24.1711 22.5189 -1.52471
542 0.917531 30.1203 0.487013
543 14.3991 15.9102 -2.72691
544 7.9363 0.857479 0.896627
545 13.6091 22.6896 1.46679
546 37.5552 35.4651 -2.32499
547 6.04153 20.8532 3.20226
548 37.5511 32.4525 0.132351
549 3.3575 24.9542 1.04589
550 6.67007 31.8231 -4.84358
551 22.0007 18.8498 -0.496327
552 0.444444 6.84394 0.802088
553 20.721 24.5195 -1.95378
554 16.9664 8.3859 -0.23316
555 35.6941 17.3889 0.021624
556 30.2463 17.4097 -2.24238
557 6.2066 26.5902 -1.23069
558 32.1298 1.34725 0.362725
559 24.6401 30.3961 2.30735
560 29.2335 24.1219 0.335207
561 11.7068 19.2951 1.90409
562 4.06552 22.0033 -2.03663
563 0.521879 16.2096 -0.108672
564 15.0852 22.0671 -1.25653
565 36.5845 17.2216 0.0499922
566 17.7235 34.1693 -0.0182276
567 32.372 12.951 -0.969238
568 35.6161 7.0913 4.12997
569 5.92455 20.3004 1.21469
570 7.07139 22.787 -3.79086
571 22.7723 11.0878 -2.3181
572 2.34257 35.1337 -3.78848
573 18.5872 0.296815 3.0263
574 14.187 20.3038 1.65656
575 18.7257 20.3445 -2.2889
576 37.5031 3.53606 -1.82999
577 27.7279 27.7739 -4.21626
578 3.39053 37.8652 -1.35785
579 5.71978 6.85432 -0.0776883
580 6.19039 31.2144 -4.39368
581 6.42378 29.8421 -3.44961
582 26.4923 25.6934 0.459202
583 25.0752 36.5243 -1.70909
584 34.8041 11.4067 -0.408213
585 6.18811 14.1873 2.60922
586 27.2006 21.0057 -3.64499
587 35.0266 32.5252 2.43786
588 21.1277 35.8987 1.01047
589 26.1612 24.2952 -0.729491
590 9.78011 3.63059 -0.567017
591 1.99021 22.3759 4.18004
592 32.7294 27.3654 -1.19774
593 16.0195 27.4829 2.62841
594 10.9612 2.45335 0.834809
595 21.7591 21.0773 -3.06698
596 35.1838 34.7842 3.24816
597 31.6832 11.1271 0.902814
598 35.023 12.8693 -3.23417
599 19.0711 35.4343 -1.69357
600 5.67146 39.6615 1.1635
601 18.1639 31.4921 0.604906
602 3.33999 19.6303 1.10622
603 15.1 21.2868 0.908025
604 37.8817 27.7219 2.58892
605 8.25873 39.8465 0.861816
606 3.95458 28.0632 -1.32798
607 5.95755 12.351 0.837687
608 5.2846 0.193404 4.1316
609 25.2562 36.4522 -3.04574
610 36.5928 27.1985 2.83223
611 39.9307 23.4137 2.61868
612 21.3476 11.6072 -1.28011
613 23.5306 12.7461 -4.08985
614 38.7145 8.73071 -1.81756
615 32.8933 7.60934 0.449274
616 33.4594 15.9322 0.805306
617 24.622 31.313 1.56682
618 35.8583 4.43453 -0.329357
619 24.906 33.6485 -1.6057
620 31.7555 30.5996 3.32801
621 32.8283 13.9822 -0.0379265
622 11.0833 38.3535 1.31487
623 22.4008 12.3453 -3.84555
624 33.1873 39.1549 -4.30092
625 17.0559 8.4343 1.56337
626 6.66664 0.867816 1.89795
627 5.01352 35.4934 -2.83446
628 22.4693 11.8121 -2.11527
629 30.26 39.0985 2.04423
630 35.969 27.2856 2.72163
631 30.1272 37.961 1.03173
632 27.7818 32.3585 0.0858362
633 30.8312 23.8332 0.414594
634 38.9258 36.5311 -1.52436
635 28.2714 27.6051 -3.56889
636 22.2743 8.14066 0.478304
637 0.234715 22.9332 2.96072
638 36.7143 22.6525 2.6071
639 31.4585 3.96026 -3.24345
640 3.44067 19.6906 0.273301
641 21.1301 38.2095 -0.592292
642 15.3382 39.0741 -1.4323
643 27.2901 27.3582 -3.18154
644 11.9309 5.09214 -1.79055
645 2.96645 7.5909 1.10063
646 9.89315 11.7973 -2.29364
647 8.71112 16.359 -3.98714
648 34.4617 35.5113 1.89752
649 25.5792 27.3844 -0.153527
650 29.4723 11.1847 1.4133
651 27.5439 17.8706 1.10928
652 0.361057 39.3382 -0.20663
653 13.9688 38.6846 2.49836
654 21.2295 14.0411 2.93856
655 31.4304 34.7705 -2.77646
656 12.6896 12.8873 1.97347
657 19.1263 4.87493 3.00747
658 8.91151 26.1718 3.81747
659 29.4175 1.92946 -2.87362
660 29.8125 12.4165 -1.20943
661 38.1556 15.1884 3.77687
662 28.3608 29.7979 1.34633
663 15.8283 20.9509 2.03517
664 33.3815 16.8213 3.38397
665 32.6922 37.2261 2.72261
666 31.316 1.34103 -2.18563
667 36.7313 31.584 1.09936
668 9.1161 35.1428 -2.63878
669 17.2307 29.7577 -1.58735
670 38.4962 24.6682 0.459626
671 24.163 36.7659 0.28908
672 13.2836 27.6931 2.08014
673 35.8073 9.48741 -0.0168418
674 14.4304 19.5009 2.68748
675 31.1289 16.1105 -1.66298
676 30.9852 0.535425 -0.602133
677 31.7727 15.9873 1.53993
678 30.1645 36.833 -4.37141
679 23.4324 17.894 -3.61626
680 14.8654 22.0369 -0.0124169
681 14.0838 36.3441 2.81761
682 30.5991 37.926 -1.15049
683 33.4634 22.0674 2.1099
684 10.0295 36.3877 -0.356801
685 23.2505 28.4384 3.16495
686 3.77256 3.26215 -0.363293
687 25.4182 12.4417 1.74182
688 35.2038 1.46432 0.517857
689 10.6495 36.0529 -4.27801
690 16.8298 30.0662 -1.43821
691 14.6619 32.1851 2.37686
692 26.3497 14.7257 -4.28413
693 37.3147 15.6622 -0.79709
694 26.2459 35.5836 -0.71787
695 15.3849 30.2206 -2.02724
696 33.2192 28.8344 1.99834
697 30.7119 6.08393 -0.0497981
698 35.2206 13.6262 1.31541
699 21.6769 17.1396 -0.565537
700 4.04282 0.775337 -0.181698
701 25.6238 1.26686 1.82681
702 38.4611 1.34524 -3.5306
703 30.2862 18.9428 3.92241
704 28.4909 27.428 -2.51618
705 2.82172 37.609 3.63135
706 33.7474 33.3805 0.590344
707 13.497 8.90602 -4.58733
708 27.6126 18.2374 0.987032
709 26.7662 4.78382 -1.46957
710 20.1446 28.6238 1.19872
711 31.7716 30.5149 3.48533
712 29.2006 14.6661 0.490785
713 35.3462 12.8807 -0.887855
714 27.5961 25.7226 -0.838629
715 39.1685 5.07372 -2.54045
716 23.7837 32.731 -2.28457
717 15.1171 24.1355 -3.07719
718 12.956 27.9343 4.05262
719 9.00018 35.3556 -2.65169
720 16.2892 21.6918 2.01236
721 31.1386 37.2348 -1.28128
722 3.54917 5.41337 3.98768
723 17.1196 37.7044 -1.97141
724 12.1264 3.76016 0.723201
725 27.0942 7.83809 2.6032
726 7.33475 28.2304 -1.93725
727 3.40727 30.8661 -2.51303
728 1.60797 8.23174 1.13301
729 19.5432 0.249082 -1.09466
730 17.3606 11.9649 -0.298645
731 29.9027 19.733 1.55
732 26.4808 37.0138 -0.779248
733 35.2115 24.7119 0.115731
734 23.7485 16.7213 -1.41894
735 17.942 20.4306 -2.69958
736 24.4567 29.3776 0.781444
737 33.9499 28.5191 3.6304
738 13.9395 8.73913 -1.22858
739 11.8534 29.3671 0.224341
740 36.5549 21.2916 1.86369
741 6.28064 33.9794 0.00677663
742 23.5727 15.7198 -0.037031
743 19.3236 27.5861 -4.54328
744 30.8403 27.7864 2.80356
745 17.2642 30.3934 0.819528
746 17.774 16.8622 4.38672
747 15.7223 21.8574 -0.455586
748 12.0362 26.4795 -2.42074
749 4.61662 5.26799 -3.86894
750 4.41547 29.4702 -1.36511
751 9.00293 38.9769 -0.159631
752 32.6954 16.7038 1.21144
753 7.89293 20.3237 0.851244
754 30.4943 21.6113 2.34563
755 22.9391 7.68415 -0.475958
756 34.0975 6.23122 -1.90804
757 15.6215 22.6823 1.73591
758 34.2151 26.9999 4.31268
759 9.06335 29.4754 4.32303
760 30.1468 38.4695 0.906916
761 14.2967 15.7112 -2.39983
762 24.5977 26.6384 -0.452089
763 14.1495 4.77607 -1.26781
764 26.6316 2.89946 -1.26337
765 28.9967 29.3616 3.16948
766 8.48618 15.3466 -0.612035
767 34.7031 18.2597 2.76601
768 7.20925 12.6741 1.14799
769 23.4298 31.1735 0.101025
770 13.297 24.5161 -0.879805
771 0.131974 21.8826 -4.97009
772 16.8108 34.4982 0.589384
773 31.4432 30.3982 3.13909
774 37.2367 37.9379 -0.285251
775 19.2508 17.8085 3.1711
776 14.139 22.9624 2.40037
777 37.4156 21.2479 2.54355
778 28.2196 24.129 1.87372
779 18.9174 4.58481 2.21219
780 0.929308 5.80478 -1.84824
781 29.7065 1.18288 -1.16927
782 11.4819 5.1904 -1.60662
783 16.7026 9.10579 -2.17884
784 30.0138 0.564989 0.148085
785 22.7266 19.6636 -0.45484
786 6.468 26.2102 -3.83041
787 28.2876 3.0499 1.7427
788 3.65392 35.4643 -4.11936
789 37.3395 14.7347 3.66523
790 9.09195 31.5035 -1.36728
791 17.4004 15.1233 2.04866
792 10.2019 29.0166 -1.69565
793 24.363 37.6018 0.74013
794 24.5952 24.03 -2.10502
795 10.5778 10.8388 3.09433
796 17.204 29.2182 -4.12429
797 4.94327 30.2145 -1.18262
798 26.5037 5.68152 0.860072
799 26.0886 38.4574 -0.62361
800 29.5938 7.23003 1.41057
801 21.6895 14.2388 -0.582172
802 34.2841 14.6228 2.24006
803 9.194 2.07254 2.3807
804 2.74556 16.1234 1.54849
805 39.9015 21.9195 4.50237
806 12.3904 20.0004 -0.0206003
807 22.2873 6.999 1.27812
808 25.8972 20.7619 3.02943
809 17.39 9.10577 -2.04499
810 16.4588 37.0948 -1.59787
811 11.3826 27.8433 -4.0011
812 10.6695 37.2516 0.575353
813 1.02351 6.31552 -0.411022
814 28.9822 34.8136 -2.87915
815 33.5074 24.3889 0.0318455
816 14.0004 35.3911 1.52172
817 13.9324 35.512 1.51705
818 8.19746 12.543 -0.395471
819 25.8496 5.9268 1.98116
820 34.514 0.346123 -3.25406
821 13.1036 9.64222 -4.81604
822 8.22101 8.35131 0.907679
823 33.9957 39.5367 -3.14859
824 35.6505 15.8135 1.99701
825 34.3981 25.0512 0.845361
826 38.9868 17.9662 2.86662
827 39.444 13.7214 -1.79154
828 23.6726 10.6985 3.27649
829 17.6951 33.8303 -0.901643
830 14.3366 24.1437 0.541934
831 12.8623 36.7908 2.78664
832 29.245 27.1019 -4.15995
833 16.453 13.8955 -1.20863
834 20.3173 8.89868 -3.27762
835 4.54477 28.0499 -2.1466
836 23.1521 29.7476 3.21192
837 34.4555 26.7671 2.46611
838 26.8445 10.0448 2.21523
839 1.56789 24.046 0.682665
840 25.1624 11.7667 1.23486
841 33.2327 36.5784 -0.771414
842 27.9046 27.2787 -2.48324
843 12.012 39.9071 -1.76722
844 6.41704 15.5597 -0.582917
845 4.26792 27.2925 2.63184
846 17.068 33.7848 -0.486091
847 1.55305 23.4689 2.33196
848 23.9219 20.1733 -3.82035
849 14.8852 19.576 2.27043
850 4.87026 35.8002 -3.49831
851 0.529357 36.397 -1.29446
852 27.9975 29.3051 0.637325
853 26.8161 24.1464 -0.636214
854 0.453972 30.3171 -1.77096
855 17.3276 3.0329 2.2265
856 17.5245 35.2818 -0.396165
857 9.54175 22.3075 -0.92663
858 2.53982 26.1626 -0.354881
859 18.6954 0.686702 1.82467
860 30.8692 22.1469 3.58051
861 38.7649 12.797 3.84864
862 2.54182 36.1229 3.57085
863 12.1619 12.0528 0.721665
864 26.2769 11.4168 0.579048
865 29.4425 32.9252 2.01389
866 27.8228 39.8327 1.81422
867 16.5281 39.1658 0.569796
868 32.1866 27.1979 -0.254362
869 36.2031 14.9175 2.10528
870 10.1122 1.76117 2.82872
871 19.9714 23.9973 -1.79287
872 29.29 26.0977 1.00697
873 21.5372 20.5529 0.135985
874 35.1823 12.0734 0.701415
875 36.7296 12.0214 -1.1033
876 39.4346 9.90612 -0.569625
877 1.67341 0.751646 -3.49606
878 39.3842 36.574 -0.7745
879 4.07034 35.9448 -3.1678
880 38.9282 19.0523 -1.53779
881 4.96683 23.9287 3.28602
882 25.8367 5.99414 -0.98913
883 0.158394 25.0162 -1.55751
884 13.9152 19.6719 -3.62811
885 12.4655 11.1477 -3.19447
886 12.406 27.4994 4.22569
887 36.4751 19.3854 1.6051
888 39.4106 31.3218 -1.02709
889 6.53849 12.4511 0.0946884
890 21.1596 14.4695 2.23945
891 19.9564 20.8008 -1.46119
892 26.2692 3.24571 -3.43355
893 29.9082 29.8594 -0.891102
894 34.1552 33.0521 2.73465
895 35.6598 22.249 2.88675
896 18.9545 39.9733 1.41808
897 39.8849 12.4189 3.77754
898 19.4744 16.4831 1.31204
899 7.82033 24.5484 3.17146
900 17.7426 7.6238 0.365411
901 2.15178 38.1625 -1.99808
902 36.1355 30.9744 -2.23012
903 8.41979 38.1721 0.502744
904 20.8329 2.1526 3.31931
905 25.3918 34.0307 -2.15765
906 24.8798 25.0519 0.456963
907 17.9484 29.2967 -0.388903
908 30.7383 34.4698 -0.661849
909 17.1728 8.22135 3.65948
910 37.6144 21.2137 3.29234
911 31.4442 26.9093 -0.135387
912 23.9408 25.1519 -0.649318
913 1.8094 26.1664 -2.16155
914 5.059 23.9777 2.367
915 37.958 34.7459 -0.288075
916 24.724 19.7177 -1.24501
917 6.19781 28.8505 -1.68563
918 4.06942 37.2397 -1.44964
919 31.3199 16.2653 -3.3836
920 3.63904 19.5781 0.601118
921 33.3446 22.3884 -0.702259
922 28.1499 14.2583 -2.13236
923 10.6045 27.1723 -0.0100071
924 29.5767 36.1757 -1.79254
925 18.5748 38.6663 -0.325742
926 29.8993 35.5087 -2.06731
927 7.92834 33.1775 2.66247
928 34.477 1.35068 0.0799571
929 35.7248 29.7602 0.208124
930 18.2321 5.42891 -1.33768
931 18.3875 18.8135 -2.29299
932 8.48316 26.098 2.07344
933 11.6654 4.43003 -1.04261
934 30.9784 30.0539 2.61302
935 5.50299 2.38095 -0.15376
936 12.2727 22.1592 0.845254
937 13.3593 0.530318 -4.28769
938 22.8264 25.2757 1.11857
939 25.7365 7.67023 2.23929
940 19.3403 19.7469 -3.22643
941 22.5959 20.8017 -0.380075
942 3.60285 10.2622 1.22425
943 12.62 0.563215 -2.52437
944 39.1048 32.3849 -0.103817
945 4.57406 0.0312987 -0.0839307
946 22.7838 21.5804 -0.188097
947 23.2165 5.68504 3.57364
948 10.4358 37.6715 -0.449785
949 5.27097 12.7185 1.3411
950 31.7065 24.5673 -1.5923
951 18.8488 6.84196 -3.20544
952 14.7399 16.5474 -4.04184
953 34.3551 14.1738 1.75344
954 2.96029 39.0111 -1.93233
955 38.7609 7.00936 4.62804
956 32.1557 6.02389 -3.25922
957 31.3443 20.2168 2.79707
958 7.98052 34.7606 -0.95351
959 27.9225 37.4709 0.920022
960 3.57866 3.70201 1.9939
961 2.94154 31.9855 -1.82786
962 14.6432 30.1685 -0.380951
963 16.2508 36.1559 -3.14632
964 5.37247 12.1176 2.93805
965 39.0282 30.086 -2.52191
966 15.8052 18.9911 -3.98317
967 20.4513 1.69845 0.204901
968 35.8677 23.4298 -0.962303
969 14.4006 37.5778 3.0124
970 25.8465 37.5147 -1.49737
971 30.8153 12.8314 0.197589
972 13.5214 19.156 -1.82262
973 12.033 21.8391 1.24126
974 28.5521 15.9131 -1.48181
975 11.5465 26.2378 -0.749537
976 2.27862 1.2307 -3.16458
977 2.10077 39.1013 -2.19618
978 13.6438 24.1974 -3.50648
979 8.68042 36.4097 -1.02168
980 35.2548 13.5982 4.33602
981 7.13837 13.3077 0.236387
982 39.0159 2.07915 -1.09221
983 23.2331 11.6614 -2.71191
984 12.3744 37.0052 1.39725
985 7.6097 20.7848 0.187715
986 28.5097 13.1264 0.0303619
987 7.91509 9.49971 -4.46662
988 3.73082 28.4397 -1.07216
989 22.4109 32.5184 1.81188
990 25.9095 18.2779 0.782324
991 9.56346 25.3316 2.79862
992 39.1576 13.2557 -4.20102
993 12.3089 21.5304 -0.657545
994 23.716 20.6919 -3.25362
995 11.395 21.8365 2.11187
996 35.8298 19.2254 0.162469
997 33.8146 16.1565 0.93592
998 36.8039 39.1781 -2.52717
999 33.9534 28.2668 1.71994
