1000
Particles
0 35.6718 5.69486 -1.38129
1 34.702 18.2152 -2.43634
2 24.858 4.1088 -3.36758
3 11.9531 36.7548 -2.68868
4 12.662 17.2064 -1.03086
5 24.3616 3.0481 3.77468
6 27.0928 3.41996 -2.35859
7 34.6627 16.8385 -1.63972
8 6.36039 31.764 1.01947
9 32.7061 25.6099 -4.06742
10 28.4808 29.8362 3.03183
11 38.9271 34.8774 -2.46779
12 0.0574078 23.7308 -0.56061
13 1.96993 6.73907 3.52973
14 31.7739 18.8802 -1.80274
15 27.2602 35.3226 3.13046
16 25.129 37.0428 -1.86443
17 33.1974 9.80314 2.7741
18 38.6938 10.682 -0.610292
19 14.6016 20.0444 2.32768
20 13.9522 17.9448 3.34586
21 1.45162 1.10321 -1.02306
22 35.9908 27.7984 0.0895089
23 31.0663 14.9184 4.0028
24 27.6803 15.0714 -3.52176
25 0.645837 35.5502 -3.00387
26 25.9351 28.8682 3.47388
27 15.6793 17.2036 0.792543
28 8.73818 36.6659 3.62454
29 32.2769 9.59364 -0.108623
30 16.2059 27.7322 0.901195
31 11.0793 18.6556 -1.98289
32 14.4596 10.8399 -3.12456
33 5.33093 37.1934 -2.24694
34 19.2157 16.0216 2.48219
35 25.6203 2.0533 -0.948602
36 15.839 37.3312 4.33717
37 0.119255 25.5444 -2.44846
38 23.4435 37.5755 -1.3036
39 33.6169 15.9928 0.803889
40 30.4616 38.1821 2.37463
41 19.4035 14.9292 0.227396
42 32.8359 21.329 1.9618
43 22.6885 33.6708 3.58709
44 19.6368 18.679 3.6939
45 7.99437 26.3156 -4.13162
46 3.36274 6.80319 4.93615
47 35.7519 3.71317 2.62082
48 37.6459 33.796 0.43032
49 10.772 31.8242 -2.22575
50 34.5479 1.31864 1.77478
51 14.684 4.40356 2.92242
52 34.6621 5.5458 -0.23651
53 13.9295 12.2888 3.37286
54 34.4004 28.9856 3.03112
55 1.89073 17.3714 -0.560926
56 31.0218 6.11319 -2.07296
57 39.3362 35.1119 -0.719652
58 39.6692 11.0264 1.11345
59 3.48312 33.6124 1.99689
60 10.1334 24.0644 0.592446
61 18.6324 27.334 -0.57684
62 29.9874 38.4577 2.02424
63 10.2233 17.9042 0.570047
64 39.7516 24.3864 -0.607717
65 16.4654 4.92615 1.84084
66 5.86583 19.9766 2.02461
67 18.6275 20.2053 2.31495
68 7.14358 5.54493 1.44361
69 18.9037 9.2322 -0.344072
70 8.27467 36.0357 3.14992
71 10.9223 11.37 2.71134
72 5.01681 15.061 3.8797
73 18.4886 23.0573 1.14299
74 10.3241 36.6226 -2.13996
75 5.68638 38.1438 -1.31772
76 19.3851 9.43692 -3.50881
77 14.9129 25.7425 3.03309
78 37.2973 29.1232 1.15794
79 33.4509 2.86895 3.1233
80 33.9617 4.82418 0.415218
81 9.73029 21.4045 -1.30834
82 12.6683 6.06441 -0.64868
83 17.1943 23.4812 2.76931
84 22.9309 18.2943 1.51306
85 2.31473 15.1094 4.60318
86 20.1367 7.43122 3.11435
87 17.2327 39.268 3.64079
88 4.2017 39.8945 -2.09714
89 10.8905 30.7312 2.73437
90 34.9516 32.8082 -3.74552
91 24.2294 13.3443 0.92966
92 17.6579 15.2804 -2.79457
93 17.3871 10.6066 0.605868
94 11.1151 13.9122 -1.72206
95 17.6855 5.37839 0.147947
96 12.8026 29.4118 3.54855
97 25.5111 32.6886 2.53728
98 38.143 28.9806 3.48535
99 6.64499 29.7372 4.71528
100 31.8572 11.4357 -2.12713
101 17.1186 23.5293 1.48675
102 18.7807 34.0531 -2.95257
103 14.5879 4.30909 3.19225
104 30.0361 5.19535 -1.84058
105 24.7085 27.7794 3.06144
106 36.5608 7.07301 1.2098
107 17.1207 23.7033 2.84024
108 27.7629 11.1077 -0.737894
109 33.705 32.9788 -1.19865
110 11.94 34.1335 -1.50973
111 9.08724 31.4089 0.238439
112 31.3681 39.5459 -1.84925
113 33.4867 19.329 2.01053
114 4.24777 28.6294 2.10671
115 32.345 21.9194 -1.53129
116 26.8449 26.3826 1.67631
117 21.3854 31.846 -3.0759
118 23.685 37.7049 -0.640044
119 39.9514 17.4697 0.341722
120 37.4887 33.5854 0.758173
121 25.4781 17.0794 -2.20904
122 37.2276 10.7525 -0.114206
123 1.76757 22.4102 2.27413
124 16.4251 37.2608 2.59909
125 23.4436 36.3429 -1.67949
126 19.4019 22.5395 -0.0402748
127 39.382 3.10837 0.797142
128 29.689 12.0222 0.99816
129 1.2277 10.9814 1.86708
130 34.5226 8.69102 -1.7793
131 30.7575 30.5909 2.07806
132 16.9914 36.7098 -1.72017
133 27.9594 35.647 2.5368
134 11.9556 37.9388 0.161956
135 17.7992 4.03626 0.325646
136 25.6666 5.78788 -0.38558
137 31.3078 0.790765 -0.960538
138 9.24607 18.4038 -1.2967
139 15.781 2.94051 0.597048
140 17.5693 30.6232 1.49216
141 35.1136 33.8033 -1.73598
142 26.4553 1.17403 -2.00448
143 15.047 25.6039 2.23411
144 8.5373 22.8042 -3.17784
145 27.774 25.4544 -0.0631338
146 36.3 7.98514 2.49527
147 32.3368 36.4761 -0.685278
148 39.0533 10.5584 0.964225
149 14.8372 22.0425 3.28045
150 13.9747 13.8287 2.0468
151 37.985 37.0005 -0.906132
152 13.7877 14.0805 -1.4133
153 25.3556 2.04657 1.44195
154 31.2919 32.0572 1.87724
155 29.0107 36.2119 2.24201
156 35.1953 23.7198 4.25963
157 19.9026 14.5604 1.3291
158 19.8462 31.4715 4.55808
159 15.8667 30.0854 0.476975
160 4.14408 17.2798 0.2452
161 8.75206 19.7645 -0.661695
162 25.5581 39.9403 1.71174
163 9.453 8.92881 1.36996
164 16.0047 0.74731 0.0588233
165 24.6258 1.80005 2.06226
166 36.527 3.64884 -0.787901
167 11.5918 5.00022 2.19172
168 37.3039 18.2487 -1.7915
169 0.521781 37.0766 -1.63164
170 0.877044 35.1824 -2.67933
171 16.7141 36.4932 2.4433
172 36.9578 16.4149 0.938556
173 20.304 27.5184 -0.67471
174 10.1002 32.2124 -2.47428
175 3.04727 13.3661 -0.985769
176 25.1871 25.7235 -0.539611
177 17.1856 5.78892 1.79839
178 21.6314 15.1172 0.346859
179 27.7484 10.5281 0.972433
180 10.5269 10.8276 -0.726406
181 35.7444 29.6262 2.78643
182 17.9963 13.8043 -2.78624
183 2.53949 19.2954 0.311813
184 24.0955 36.9586 -0.776922
185 9.49546 11.4182 -0.564694
186 31.8883 7.6607 -0.571861
187 8.50682 37.4744 -0.687085
188 25.2555 17.0336 -1.80878
189 10.4808 22.0789 -3.16028
190 26.9117 23.8458 -0.532003
191 9.19842 31.7603 -0.890761
192 32.4128 7.49954 -0.599223
193 30.3772 20.0483 -2.62113
194 9.08942 30.108 3.28645
195 19.7091 17.2988 -0.888808
196 30.0913 36.3602 0.293934
197 17.608 1.07761 0.866879
198 32.8385 14.2101 -3.18618
199 14.5146 11.2077 2.58189
200 0.86 38.7872 4.10498
201 31.4394 16.8138 -1.62372
202 19.4007 18.0497 -3.18587
203 24.328 13.4098 -1.46283
204 33.2747 36.361 1.07646
205 37.701 33.7575 0.973356
206 12.8143 4.78337 1.82815
207 38.7524 30.3377 -1.85497
208 28.9742 30.4404 1.72359
209 15.0144 31.214 -4.59883
210 3.9815 20.1533 -0.918674
211 34.8157 24.6845 1.05596
212 36.8027 31.3921 0.988558
213 2.92657 6.95892 2.37696
214 39.6823 21.3777 -2.66344
215 38.0898 20.2296 1.82491
216 30.1504 26.0708 2.12732
217 3.43465 6.53232 -4.64198
218 19.6468 19.6187 1.23166
219 18.2713 8.54266 -1.30493
220 16.079 6.64247 3.92299
221 26.9233 8.52435 -2.43513
222 34.3857 22.245 0.897712
223 17.3023 39.5347 3.52114
224 12.5341 31.4405 -1.16245
225 36.005 11.8588 2.1227
226 3.62001 21.0721 -2.11476
227 6.43305 38.9431 1.08479
228 22.6472 6.8816 0.545651
229 35.7791 18.6767 -0.0358895
230 26.5778 3.84022 -4.26692
231 15.8943 20.7716 4.01587
232 26.7457 13.3288 -1.0552
233 0.386718 10.5045 2.1626
234 6.80549 37.8266 -2.93388
235 3.96646 7.53179 3.2353
236 9.01967 37.7676 -2.54225
237 12.364 30.4776 0.146445
238 14.5589 11.9034 0.500531
239 38.4072 13.9141 1.32297
240 23.1242 26.3239 0.447681
241 16.5067 28.8301 0.0452677
242 3.24483 7.80507 0.688682
243 25.4396 39.1327 0.813127
244 37.6776 17.8903 -4.13308
245 18.1349 9.19978 -2.91563
246 30.6995 12.0765 -1.8217
247 2.49951 2.00999 -0.943584
248 6.81661 23.6609 3.55927
249 17.024 34.4531 -4.37127
250 4.86304 38.9614 -0.735558
251 34.5304 6.15905 -0.504952
252 29.8371 18.9291 1.23592
253 26.3389 10.9073 1.46663
254 35.8241 29.347 2.51155
255 32.0542 22.3198 -2.37353
256 39.7922 3.65449 -0.035994
257 29.2484 17.8293 0.431137
258 29.9844 39.2385 -0.523332
259 29.7973 17.535 3.13972
260 5.5038 6.01433 -1.03267
261 32.354 21.1182 3.73634
262 27.8767 29.798 2.30909
263 6.45112 2.92762 -1.11871
264 1.36574 35.5379 2.66159
265 2.44485 15.38 2.96631
266 3.39842 9.18298 1.15177
267 8.23389 24.8153 -0.843553
268 4.25991 28.8458 2.56927
269 19.5966 37.4162 -1.73501
270 3.81056 11.137 -2.87132
271 29.7476 10.1731 2.44704
272 21.2241 10.365 -2.52522
273 34.5299 33.5712 -2.84166
274 7.17017 7.18845 -0.584068
275 1.33943 18.3813 0.142659
276 31.6868 27.4229 -0.702682
277 7.72365 29.2217 1.50968
278 7.76059 3.37782 3.73303
279 4.28041 17.0077 -0.293449
280 33.9437 19.5462 -1.0944
281 29.3661 19.0393 0.272853
282 14.3754 17.1937 2.67349
283 20.7094 39.8609 0.269987
284 33.5116 22.5805 0.987648
285 34.0831 36.8938 0.643961
286 34.3553 7.88179 -3.44989
287 5.40542 17.8582 1.88167
288 9.48856 32.4298 -2.06795
289 15.4083 30.5974 -3.26501
290 35.0168 21.3911 -0.432432
291 17.1351 19.3031 -0.0300727
292 38.5844 26.1696 1.71252
293 6.17014 6.3109 -2.08276
294 26.0194 34.8074 3.45338
295 11.0595 10.6317 -0.291178
296 33.2968 22.7454 -0.54512
297 3.87258 26.6563 1.57587
298 28.0128 26.479 -0.0518175
299 18.6406 33.9097 -1.48835
300 24.04 7.24601 2.64254
301 32.9442 21.1275 0.709605
302 15.1724 32.6651 -0.448159
303 7.83211 32.3743 -3.43876
304 13.2697 22.0331 -2.05817
305 3.33601 20.5514 -1.63973
306 28.874 13.9441 0.172694
307 9.58809 20.8893 -1.50585
308 1.78271 19.1402 2.31962
309 15.0767 3.1735 1.41895
310 18.5968 20.2084 2.23703
311 26.836 4.31964 2.58269
312 0.0852569 0.208675 1.61882
313 36.1388 0.792461 -4.04624
314 22.7138 3.85174 -3.84519
315 4.90585 29.2244 0.878814
316 32.0587 37.3645 -2.66405
317 31.7145 36.1018 -2.26955
318 26.0204 25.8086 0.761133
319 4.60704 38.1405 -0.881905
320 1.56913 22.1074 1.53396
321 32.3909 6.3133 -2.61098
322 5.33699 37.4082 -1.35755
323 21.6917 37.6026 2.69925
324 33.5301 13.2111 2.21916
325 8.44279 23.1495 -1.57492
326 36.9713 2.33728 3.11839
327 12.3846 5.32352 3.58325
328 14.6093 30.1684 2.61886
329 39.4425 22.3207 -2.04181
330 4.18669 6.46524 -4.27802
331 15.0919 32.3827 -0.00302162
332 33.6923 9.99771 1.29086
333 21.7417 18.526 3.65616
334 8.82775 11.9336 -0.635465
335 8.32763 1.58555 2.8776
336 20.825 39.998 0.720774
337 6.58319 14.2628 2.37445
338 11.7571 31.3453 1.34017
339 34.6077 33.3035 -1.48396
340 12.443 21.6083 -1.34722
341 32.805 34.1185 0.0168461
342 13.8842 11.9041 1.75791
343 11.1056 15.6621 3.51549
344 10.7536 38.1574 -0.899487
345 34.1665 28.1638 1.69658
346 16.1454 7.45814 -1.41961
347 9.65729 30.682 2.87694
348 13.58 18.6446 2.30537
349 17.1049 17.671 0.0142966
350 10.7392 11.2935 0.525502
351 7.78221 23.1152 4.11239
352 28.6103 21.7052 -3.05845
353 24.1466 2.12085 2.84209
354 39.1262 38.3631 0.147529
355 20.2299 23.8129 3.89992
356 32.1366 34.4166 -1.54311
357 13.9308 29.6676 3.29318
358 13.2439 20.3148 -2.75013
359 0.716453 29.4379 -0.262949
360 33.0486 26.7846 -0.551902
361 30.8379 29.5643 0.400681
362 34.1883 25.917 -1.71057
363 35.4156 1.9249 2.91048
364 3.65358 5.91353 -2.87547
365 4.80089 38.5122 -1.08997
366 14.0237 6.47068 1.50751
367 16.8457 32.3927 -2.92067
368 23.7343 2.97444 3.48769
369 14.159 29.7523 3.33673
370 23.1554 24.2284 -1.80595
371 26.8468 23.4993 0.430921
372 27.7195 29.7263 2.3482
373 7.51903 9.06508 3.10327
374 17.6503 17.2074 -2.9804
375 13.1942 9.65914 -2.85126
376 1.70849 33.8725 -0.649111
377 3.28042 8.77207 2.30046
378 13.054 5.93767 1.65986
379 30.707 2.22531 -1.65337
380 38.2736 25.7138 2.69337
381 12.6472 30.2766 2.09554
382 37.0153 16.5033 3.78945
383 13.9992 33.2009 -2.22036
384 20.8295 1.95328 -1.21829
385 21.1914 21.9857 0.273034
386 18.8078 7.90755 -0.306168
387 11.4399 5.16442 3.38849
388 31.0184 25.3319 -2.59321
389 8.19262 38.4464 -3.394
390 28.3117 25.7702 -0.0563122
391 16.779 18.1262 -0.152261
392 21.9503 24.4866 -0.244976
393 22.4934 16.5063 0.5985
394 38.4078 38.6043 1.27801
395 36.1363 12.6878 2.19807
396 3.33794 2.70335 -0.429063
397 6.42078 38.7043 -1.40633
398 2.87246 29.5379 1.63427
399 0.57619 20.3273 2.64362
400 1.45119 1.35402 2.01336
401 24.3802 36.7754 -2.89765
402 33.7414 7.17116 -3.14784
403 35.3798 24.374 2.27414
404 31.8204 31.0867 1.90845
405 3.15594 24.7544 -0.170768
406 27.0799 1.19049 -1.02309
407 36.5872 2.66357 -0.442834
408 8.99097 14.4272 -3.37293
409 13.1938 6.23858 -0.412672
410 26.1429 17.9218 -3.64666
411 18.1831 26.7578 -0.407945
412 2.92449 10.4544 1.98456
413 11.8115 12.5074 1.73002
414 2.52504 21.9705 0.181388
415 15.0644 29.2425 2.5088
416 26.4102 38.4625 0.481998
417 8.27274 2.17014 3.31936
418 27.425 27.0061 1.50465
419 25.7827 16.9638 -2.15506
420 19.8235 38.3331 -1.49572
421 1.42019 14.3662 -2.81572
422 14.6269 9.91722 -0.815017
423 24.9544 14.1771 1.11416
424 25.2873 23.1811 4.22119
425 21.3209 39.9678 -0.503443
426 2.56159 19.8947 -1.75171
427 16.8702 18.5955 -2.69681
428 34.5334 6.85998 -3.23797
429 2.37484 7.49457 0.95441
430 17.2767 14.5471 -3.14489
431 8.15052 11.5962 -0.997467
432 14.9119 36.3357 1.95903
433 31.092 19.3246 -1.3828
434 4.55518 24.049 2.98487
435 23.0398 39.0481 -2.31214
436 2.54871 23.2005 1.22396
437 11.3249 33.0595 0.203204
438 12.6674 21.0045 -4.4579
439 36.2249 21.4157 -1.07784
440 28.6953 38.3202 -0.1795
441 8.63146 1.11816 3.24859
442 13.6452 27.1707 -3.53273
443 20.7601 15.569 3.5128
444 9.90247 11.0461 0.342045
445 1.57141 23.1391 2.70615
446 21.4772 11.1828 -3.52909
447 2.09108 8.63299 3.17412
448 36.6875 30.3203 0.970427
449 10.1086 16.1212 -2.27493
450 12.7045 17.1469 -1.4731
451 3.85349 12.6449 -3.20441
452 18.0059 14.9807 0.381602
453 3.22016 37.1097 -1.43892
454 3.56739 8.28145 1.73841
455 29.6497 5.9913 -2.46992
456 17.8113 8.59647 0.606914
457 22.9762 22.2232 0.2522
458 35.4421 18.1237 -0.865371
459 10.2335 12.3365 0.411116
460 16.1881 3.58945 2.39151
461 7.30919 32.6292 -1.6303
462 26.7105 14.5597 -1.77153
463 3.31214 31.5328 0.674581
464 32.4838 18.9316 1.33252
465 34.5209 16.8482 -0.82196
466 33.9543 23.9546 -2.34211
467 4.60283 36.58 1.16177
468 25.6503 37.3068 -2.21675
469 16.0501 28.1123 0.240822
470 12.2021 14.1995 -3.1429
471 38.9731 12.2969 4.30337
472 12.104 14.8025 -0.410522
473 15.4691 8.72631 -2.27277
474 8.75079 32.0114 -0.424318
475 33.8379 10.4197 1.81318
476 22.5217 29.0246 -0.234197
477 13.1148 31.8916 0.3643
478 34.2669 13.5283 1.83822
479 5.7883 29.3746 2.27679
480 34.064 17.8456 -2.7214
481 22.4928 36.3071 -2.00787
482 7.5579 31.1262 -2.82168
483 10.6323 29.2131 -1.14038
484 13.1283 31.4769 -0.144321
485 8.39188 32.1288 0.429408
486 19.0541 27.0193 -0.263442
487 31.8817 27.8998 -0.661373
488 36.3454 7.08456 3.32893
489 21.781 3.29877 1.97337
490 5.19607 9.18262 3.55859
491 17.3379 10.2118 -0.449137
492 26.0131 2.89588 1.3413
493 38.1871 25.5268 0.720913
494 5.96143 16.5706 2.2976
495 32.0924 13.2984 0.863287
496 31.1418 19.5963 -1.7243
497 5.12314 32.5568 2.0771
498 21.8473 15.0003 1.6578
499 5.75701 13.2664 1.02818
500 6.51289 13.8918 0.887621
501 30.0855 19.3832 1.32514
502 7.1598 2.21773 -2.33954
503 15.0937 22.4665 2.42547
504 37.9494 29.8771 -2.66468
505 6.66116 7.61146 0.0526727
506 32.6094 25.7112 -0.606965
507 24.1593 7.26981 3.48638
508 39.3508 33.01 1.25517
509 34.2665 0.968642 4.28251
510 35.5678 1.45183 2.37149
511 26.4941 36.0409 -2.72698
512 38.2071 34.0366 2.32321
513 15.5418 34.398 0.345996
514 11.5604 24.3845 0.653471
515 18.8888 13.5364 -3.30136
516 25.3432 0.140984 0.232127
517 12.0531 3.99928 2.16433
518 21.9524 12.8899 -1.11969
519 24.2012 10.8656 2.79198
520 31.4905 1.51188 -0.70557
521 32.7488 33.1201 -1.75817
522 17.0958 23.7125 3.84437
523 11.2904 18.8653 -3.24788
524 39.2662 26.694 -1.09097
525 10.5397 13.4209 -0.408367
526 0.208812 21.351 -1.80077
527 16.1981 5.49303 0.760411
528 23.4669 4.00023 2.37197
529 31.6405 38.5403 0.589121
530 3.97454 7.74427 1.93378
531 31.3523 9.22862 1.81056
532 22.8257 38.8963 0.183418
533 23.0065 28.3721 0.613056
534 16.0722 25.6931 0.949167
535 6.86614 7.23729 -2.38736
536 31.8669 14.6585 3.41402
537 0.260431 18.0524 3.18986
538 39.2153 0.240539 -0.0419781
539 7.10173 1.48464 -2.00607
540 37.2355 23.2045 0.106648
541 27.396 22.4559 0.852882
542 0.689021 29.5301 -2.83105
543 10.5633 18.5483 -0.509936
544 6.51268 37.4433 -0.419989
545 12.3946 23.6151 -4.0922
546 36.2157 37.6861 4.16306
547 6.14485 13.4221 0.52241
548 38.9313 1.82108 0.602719
549 6.08297 21.573 -2.94775
550 10.7108 30.5531 3.19076
551 22.501 18.2057 -4.78983
552 38.9921 11.0163 1.08379
553 17.4745 27.5797 -1.42089
554 17.6085 12.3914 -1.11001
555 31.356 17.5043 -2.45202
556 29.0708 20.1328 3.8817
557 7.2078 29.2265 3.01212
558 28.283 2.69316 -1.3537
559 25.9965 29.1892 0.863783
560 32.7166 19.5368 1.80973
561 13.3139 19.9458 -2.0477
562 6.37527 23.7407 -4.27748
563 1.17705 18.1639 1.06008
564 13.4115 17.1961 -1.6827
565 37.0278 13.8766 1.48745
566 17.8908 37.7736 0.477327
567 25.7014 13.367 -1.16346
568 35.1357 8.94195 -3.46641
569 2.71923 19.6138 0.25039
570 3.65952 21.0471 -1.29216
571 23.2388 13.6921 -1.32369
572 0.553425 37.6204 -2.0364
573 21.9236 38.9907 0.052828
574 10.4257 20.273 0.00116242
575 21.1261 18.0938 -1.40881
576 2.95413 6.10615 -2.28784
577 26.677 32.4251 -0.785403
578 2.82365 39.1061 -2.22213
579 8.09289 11.4422 -0.905888
580 8.93112 38.7581 -0.469518
581 6.14587 33.6019 1.69033
582 23.3998 25.3213 -1.69288
583 22.9112 33.789 3.40235
584 36.1703 12.2754 0.201486
585 4.3307 13.294 -0.400627
586 29.0315 20.4483 3.62733
587 31.0841 32.6891 1.64891
588 18.7667 37.1234 -1.90736
589 25.0467 27.228 1.25718
590 8.75952 8.97793 1.27273
591 5.33166 23.8456 -3.86395
592 34.1817 29.2445 1.91181
593 17.1746 26.8717 1.58937
594 12.7709 5.01833 3.46947
595 17.91 26.6618 -2.22994
596 34.3432 33.185 -1.22144
597 28.2656 11.008 -0.301828
598 34.9305 9.49637 -2.25557
599 18.8474 37.2447 -3.32684
600 5.03948 38.2126 -1.08875
601 22.4013 32.6188 -0.0944609
602 1.83829 19.5085 0.603951
603 17.8178 18.5205 -2.84514
604 37.8815 24.9331 0.979285
605 8.99001 33.7848 -2.44362
606 2.07918 28.9372 0.304549
607 6.90864 10.2037 3.64191
608 5.37627 36.8765 -0.928483
609 23.4715 38.2789 -2.17796
610 37.0667 29.5269 1.75022
611 38.1532 20.596 -0.456921
612 19.0924 8.23666 -3.74188
613 29.0843 10.6368 -3.54435
614 3.60407 8.59489 0.463574
615 28.1305 11.0377 -1.44647
616 27.6008 13.3712 1.95184
617 22.8725 30.7706 -2.21148
618 30.9076 2.30867 -1.83993
619 25.1589 33.9674 -1.45479
620 33.9367 30.706 -2.28984
621 36.4004 13.7544 3.33695
622 10.2818 32.2152 0.538904
623 24.9414 16.399 -3.58558
624 37.781 37.734 -1.75805
625 22.6933 5.91405 0.0865906
626 10.0524 31.8978 0.461648
627 7.43729 32.6168 -3.39015
628 29.8496 6.4578 -0.580687
629 30.4012 1.20854 -0.112498
630 31.2768 27.9053 2.20349
631 28.6382 37.2162 -2.30218
632 31.6765 31.2744 1.92419
633 31.7308 25.9868 -3.72414
634 38.7837 34.8591 -2.90538
635 23.7773 24.9741 1.6176
636 24.5917 5.7478 -0.989982
637 0.979151 20.9515 -0.166191
638 38.6972 28.476 1.05681
639 27.6131 9.7886 3.12852
640 5.46359 15.3317 2.65789
641 22.2516 36.7193 0.378185
642 15.4591 0.964699 1.56336
643 23.5568 25.7168 0.728771
644 16.2841 7.43854 -3.27703
645 4.0459 6.74684 -4.47698
646 13.7451 12.5574 2.3935
647 14.3893 15.6414 0.433782
648 30.9778 37.1013 0.570752
649 18.437 30.3822 1.62807
650 29.2137 6.63231 -3.93575
651 29.0886 20.4597 4.814
652 1.29802 37.8128 -0.204795
653 16.7439 38.7172 -2.59129
654 21.5786 13.1598 -2.33623
655 38.8014 38.7303 -1.31303
656 13.9969 13.6288 1.05616
657 24.4287 4.11622 -2.05755
658 5.44902 26.374 1.46317
659 25.7391 2.05106 -0.590699
660 26.3513 12.7071 -1.33324
661 35.7807 17.9501 -0.852489
662 26.5123 33.1973 -1.81996
663 17.9261 14.0953 0.118418
664 32.1327 17.8445 -2.89699
665 31.5593 0.787067 -1.73263
666 32.8485 3.88742 0.350242
667 36.9573 33.9083 0.540716
668 5.05509 35.0658 1.25293
669 14.1551 28.8726 3.11636
670 36.7211 27.8661 3.51249
671 24.093 37.7657 -1.80593
672 12.2477 25.4082 -0.418536
673 34.8197 4.207 4.05384
674 14.8877 20.5698 3.23282
675 29.5934 19.0563 -0.385023
676 28.232 38.6906 -1.58739
677 36.5698 11.1195 1.98229
678 25.0806 37.1391 -0.289103
679 20.9593 11.9117 -3.73379
680 11.3255 21.915 -2.65142
681 14.5657 35.2173 1.55167
682 30.2304 0.00942155 -1.25319
683 33.1735 17.0789 -1.38717
684 4.67635 32.1366 1.01143
685 25.483 28.1246 3.38387
686 3.08775 1.38943 -1.41719
687 28.7273 6.97846 4.61715
688 39.321 39.6887 2.18696
689 11.779 39.0333 0.897014
690 15.5312 28.7772 2.01791
691 11.0842 32.5329 -0.857841
692 23.5035 15.7653 -1.65132
693 39.3462 18.6971 -1.79014
694 26.3402 30.5134 -0.923574
695 14.7939 30.7743 -0.941126
696 33.9087 28.3821 2.0152
697 26.6712 9.63437 -3.15544
698 36.9121 8.28826 0.0815843
699 26.3265 19.7095 -1.61192
700 6.41725 1.50454 -2.45575
701 29.426 5.29258 -3.92339
702 3.57323 3.03156 2.66311
703 28.5843 17.3041 0.671076
704 29.3279 28.5466 0.427256
705 5.8332 38.9486 1.09266
706 36.2709 34.0498 -2.26283
707 17.0221 7.60724 -1.67968
708 25.3304 17.8093 -4.54018
709 24.6765 1.65867 1.56042
710 17.9159 28.161 -3.01761
711 32.4062 30.2482 4.94236
712 29.4415 19.0336 0.269846
713 39.3418 9.29488 2.49084
714 20.0311 29.3543 -0.831397
715 34.8724 1.6188 3.37502
716 23.9302 36.3416 -1.48408
717 18.175 27.1236 -1.15926
718 12.0282 28.016 0.347399
719 11.8251 32.5058 1.62579
720 18.3662 27.6294 -1.15788
721 29.6471 38.5555 0.523224
722 3.5055 7.06654 -4.37984
723 17.5376 1.04254 1.46115
724 9.84251 4.15085 2.41927
725 32.2138 10.1088 -1.69663
726 8.4725 30.1565 2.14649
727 3.08932 32.2567 1.29176
728 38.1601 6.10311 -2.68968
729 20.5144 0.740103 -0.450053
730 20.2045 15.9328 2.36783
731 29.0914 19.365 -0.575568
732 21.6033 37.8955 2.4654
733 38.5092 30.4684 -3.67774
734 23.687 17.1556 -4.40886
735 17.0193 16.0289 -0.496749
736 22.7321 23.0031 -3.08432
737 35.4723 30.1797 -1.43901
738 14.7732 5.80426 3.12188
739 13.3508 28.2383 -1.9445
740 33.0727 19.4229 1.26317
741 1.74347 33.2098 -1.48458
742 21.5509 11.8411 -1.87864
743 16.7709 26.0969 0.796696
744 31.3674 28.6625 -0.120525
745 15.7184 27.7065 1.87489
746 16.2609 19.5575 -0.984894
747 12.6647 23.4428 -0.990632
748 16.5961 31.5227 -1.49829
749 3.27563 7.91632 0.888523
750 9.80241 31.9571 -0.345967
751 9.54952 37.6194 -1.64962
752 39.927 16.1856 1.83686
753 3.92005 23.2478 -3.63427
754 34.3867 15.3385 0.147301
755 22.7814 9.55147 2.62135
756 30.9346 10.418 1.41696
757 17.5316 17.7111 -1.30954
758 33.342 32.7291 -3.6988
759 11.5484 31.1046 1.63819
760 29.3457 36.9712 1.44136
761 15.2855 12.0867 1.11386
762 20.1417 31.2014 4.80771
763 22.7233 3.34488 -1.31952
764 27.5314 6.25442 -2.21249
765 28.5911 28.4397 1.72968
766 12.1524 16.6197 -0.5835
767 34.0861 17.4408 0.133528
768 5.19464 10.182 1.0657
769 23.2652 29.4714 0.205909
770 13.5921 26.9667 -0.918504
771 38.4004 18.8003 -2.97836
772 14.6743 30.7944 -4.23724
773 29.5989 28.271 3.25335
774 39.9589 38.9059 2.443
775 21.1252 16.1984 0.811303
776 11.4543 21.6082 -0.700045
777 38.7212 20.2244 0.0998105
778 29.0467 26.095 1.75108
779 24.4038 0.884045 -0.41114
780 2.00049 6.74226 2.14882
781 28.2119 1.29436 -0.0677316
782 12.1895 5.62568 2.10938
783 19.1881 10.9861 0.40075
784 30.2743 1.35047 -1.87032
785 23.3759 23.5471 0.574651
786 9.72969 27.1257 1.83231
787 27.0327 2.81793 -3.09098
788 1.52894 28.3958 -1.47638
789 39.909 16.1273 1.67619
790 6.67154 34.8082 -4.67384
791 21.3672 17.5787 -4.33207
792 10.8975 30.8526 3.08464
793 21.5317 38.1554 1.47922
794 17.9545 22.0819 1.26816
795 8.2587 12.268 -2.09492
796 17.2911 26.8622 -0.659576
797 7.35049 32.2171 -1.31888
798 24.0162 4.38695 -3.56388
799 18.5647 37.2575 -2.63139
800 31.071 8.74213 0.854769
801 22.3063 12.8591 -2.4823
802 37.3227 10.5857 0.0184734
803 8.44354 36.8439 1.03919
804 0.459336 14.5987 -3.26155
805 34.6235 20.3578 -0.676178
806 10.3167 19.875 -0.672868
807 27.0453 4.08865 2.84275
808 28.526 25.3757 -0.305072
809 15.7454 14.0738 0.836638
810 17.1185 37.0364 -3.3459
811 9.38014 29.2628 3.64906
812 16.8206 35.4868 2.59384
813 35.0993 1.33972 2.62957
814 29.5476 33.8677 0.591124
815 32.9202 18.9608 -1.17799
816 13.0206 31.4688 0.587167
817 13.9746 30.8863 1.16219
818 11.9702 10.8631 2.35761
819 25.1621 0.957723 -0.188186
820 39.2941 39.6458 1.65879
821 16.2264 10.0813 -2.30875
822 7.99209 11.5798 1.53802
823 38.5096 1.51024 -1.43479
824 38.8141 10.4163 -0.0542806
825 34.3294 28.0404 2.52548
826 3.0367 9.54466 2.99354
827 36.1148 14.3614 -0.882176
828 27.5306 10.9664 -0.772089
829 16.1178 0.308079 0.897173
830 13.1619 20.6581 -3.11302
831 12.2409 36.7442 -2.96238
832 34.9595 28.4953 3.93147
833 14.4698 21.2396 -0.2621
834 19.0702 8.88953 -1.74011
835 8.02626 30.5066 -3.55448
836 20.4297 36.8251 -4.66594
837 37.9958 28.8564 3.84054
838 29.5467 10.8575 -4.35219
839 36.1771 25.091 4.66272
840 26.7523 20.8672 -0.0414781
841 30.6163 38.1145 0.825907
842 25.7806 28.9086 4.61422
843 15.8364 0.641169 1.57289
844 8.04159 12.8197 0.343076
845 1.66085 31.2861 0.535287
846 13.6315 35.0733 2.9913
847 0.190512 23.4023 -2.30086
848 24.166 15.3192 -2.62071
849 9.76907 19.9327 -2.46526
850 4.17356 38.0572 -0.307424
851 38.7038 38.5341 -0.312346
852 25.6777 31.0189 -0.676621
853 31.3655 25.1446 -2.62385
854 1.9353 33.6529 -0.696282
855 19.6951 0.619749 -1.556
856 18.5857 31.0688 3.67228
857 6.8921 20.2588 1.4483
858 39.3111 27.0162 -0.402996
859 20.412 39.7108 -0.532532
860 29.6959 23.4899 2.23052
861 1.54061 13.6829 4.722
862 4.02182 36.0132 2.73075
863 13.6983 19.7372 -1.92387
864 25.6911 12.7171 0.722097
865 28.195 27.3951 0.0750148
866 28.7456 37.0889 -1.88769
867 16.0386 38.4718 -3.03013
868 32.2841 24.7394 -1.30132
869 35.9015 14.4702 -2.33829
870 5.54312 39.3612 1.11634
871 21.2599 22.1495 2.07628
872 33.6793 22.4121 -2.01287
873 20.2052 16.702 0.427069
874 33.9015 7.7134 -2.6814
875 2.31089 8.42786 1.21821
876 2.54828 7.38213 1.3881
877 38.2971 1.69639 0.162599
878 2.06071 38.8047 -4.22662
879 3.72767 35.9925 0.520479
880 0.390777 21.9345 -0.787931
881 13.0171 20.6975 -1.2417
882 20.6155 6.62311 0.941519
883 1.62991 25.3068 2.3206
884 14.4473 18.3672 3.84293
885 8.6186 12.6506 1.1895
886 14.8733 29.0086 1.1436
887 35.479 17.3567 -3.46482
888 36.2238 32.0636 1.19483
889 6.04625 12.1361 -0.580147
890 21.0854 13.1727 3.4255
891 22.1845 19.2222 -2.05905
892 29.1975 6.09976 -3.19672
893 29.3637 28.2375 0.458002
894 34.963 31.0429 -0.890557
895 32.4763 19.2679 -0.320929
896 15.0115 34.5717 1.07662
897 4.00504 8.27902 2.56169
898 17.6314 15.2285 -2.90085
899 7.19599 29.2744 2.61581
900 16.0645 6.28659 1.07358
901 2.61412 38.3038 -2.91133
902 1.53863 33.2888 -2.53681
903 7.80373 30.7252 -3.24186
904 19.4008 3.27336 -1.85504
905 19.0759 30.9886 4.03432
906 26.6755 24.6049 0.257108
907 24.6279 29.3737 0.659901
908 29.8056 37.49 1.2883
909 23.4026 4.13299 4.26219
910 34.1966 16.2593 -3.20281
911 31.9617 26.005 -4.1366
912 23.6493 25.9881 -1.10037
913 0.659097 22.5542 0.635832
914 10.3683 25.5525 -0.6431
915 35.4888 39.6846 -2.19247
916 24.9724 20.8095 -2.67592
917 5.66604 31.3496 1.11498
918 2.0091 36.1825 -0.418799
919 29.3089 18.6316 0.552028
920 0.822125 19.8043 0.320668
921 34.8815 22.1597 -1.14542
922 24.9664 12.627 -1.78494
923 10.3445 25.6349 -2.55156
924 25.4777 37.4294 -2.14704
925 23.2799 3.65364 1.89719
926 24.775 37.3736 -2.32862
927 10.6221 32.0988 -1.18254
928 34.5631 3.29735 0.879082
929 37.678 29.8535 -2.75909
930 14.1808 9.39586 -0.964747
931 22.4168 18.3012 -4.422
932 11.5789 23.7675 -2.47499
933 10.6189 8.35831 2.46306
934 28.3665 29.9413 2.44622
935 2.06639 5.62537 1.47467
936 3.08542 24.9499 0.795307
937 9.60686 37.4863 -0.947661
938 19.2003 22.2962 -0.4537
939 24.8376 7.22869 3.67622
940 16.7828 19.247 0.487037
941 21.5845 22.8387 0.659612
942 2.90265 8.33517 4.25204
943 11.2645 5.39094 3.61759
944 37.1973 29.1169 2.07795
945 8.19846 2.56396 4.40251
946 19.323 21.8836 -1.20806
947 25.092 4.30645 -4.18371
948 9.97696 31.3339 -0.183809
949 5.50779 7.08199 -1.79348
950 34.307 21.6773 -0.923624
951 21.9541 8.44846 2.22767
952 14.8144 12.8646 1.41234
953 36.8084 12.4501 1.78535
954 4.22845 36.8349 1.25019
955 0.336356 11.4643 3.20852
956 33.5807 7.0185 -2.77657
957 32.784 15.1599 2.49072
958 3.71323 31.3196 -0.719222
959 29.9497 32.2429 2.14372
960 4.01177 7.54043 -4.26235
961 1.34154 36.9508 3.85774
962 13.9854 30.1972 3.41657
963 15.1387 28.2031 1.56356
964 5.18145 9.62926 3.46557
965 1.70033 33.0004 -3.72991
966 16.7692 18.6782 -2.64092
967 24.6689 0.208499 3.6061
968 34.9944 30.5351 -3.80784
969 13.8336 37.836 1.29111
970 24.2614 1.03987 0.196492
971 38.776 12.0289 2.71329
972 8.18853 19.3636 -2.10132
973 11.7298 19.6447 -4.12454
974 25.6123 16.8547 -2.68008
975 14.2198 29.1936 3.14271
976 5.59705 3.588 -2.26871
977 6.50346 1.72214 -2.14106
978 12.0596 22.4687 -2.46821
979 4.56793 32.1784 0.466801
980 38.3333 11.4348 -1.44186
981 3.73549 7.50514 2.14091
982 4.63827 3.25632 0.237365
983 21.3892 15.8987 -0.0228875
984 13.6345 33.6157 -0.990354
985 5.20973 20.3343 -0.249301
986 28.898 16.9326 -0.422551
987 6.32856 7.15371 -3.52861
988 1.68275 33.0216 -3.73417
989 16.2049 26.5414 3.55651
990 29.039 21.0943 -3.57991
991 12.8636 21.8036 -2.39457
992 39.6051 13.6582 2.85325
993 9.09395 19.2982 -0.195813
994 27.2884 19.931 -4.14234
995 8.961 21.7603 -3.32853
996 33.2891 18.4061 -0.211201
997 37.3676 11.2662 1.14721
998 38.2172 1.96048 -1.50678
999 32.1743 28.4076 0.929063
