1000
Particles
0 6.3068 35.1521 1.32532
1 28.357 29.3402 0.0375933
2 16.0065 7.20959 1.57
3 11.4391 4.29254 2.03954
4 19.9208 24.8172 2.27389
5 14.3792 16.528 1.51815
6 31.2797 4.87813 0.247875
7 34.7482 17.0694 -3.2765
8 6.08603 15.272 -1.81111
9 3.82492 24.1012 -2.52475
10 21.3413 4.18824 1.36167
11 11.3961 32.0519 1.78949
12 30.5936 35.4471 4.2139
13 21.6839 3.33405 -1.41816
14 18.4326 29.9994 -0.887082
15 15.4678 29.4149 -1.87132
16 23.7693 31.4577 3.15302
17 0.617383 24.8807 -3.49687
18 32.3756 15.137 1.21405
19 17.3378 29.4206 1.07679
20 2.38202 7.40177 -3.61165
21 2.26031 3.79515 0.542522
22 5.5227 6.45636 0.284008
23 37.5203 25.1327 0.739177
24 35.727 3.75788 -1.03443
25 0.0146729 31.59 -2.19431
26 22.8881 32.538 -1.70674
27 12.123 8.15988 2.25745
28 14.3057 38.3782 0.378396
29 29.4977 2.83449 3.6092
30 15.7355 17.5093 1.59314
31 12.1568 10.2966 0.815884
32 28.3076 39.4361 3.52258
33 10.048 35.9389 1.79248
34 24.4813 30.0931 0.559602
35 26.8932 20.0939 2.91532
36 17.3212 4.00247 -2.92022
37 33.3456 32.2151 1.90863
38 35.6034 3.14514 -0.383445
39 35.0259 26.0525 0.154566
40 39.4468 37.1996 1.76783
41 14.0315 8.02436 3.16856
42 33.5168 14.4084 1.77585
43 22.406 22.1379 -1.89637
44 16.459 24.5199 2.45918
45 38.4315 22.0972 4.3184
46 39.4467 8.10631 -0.857096
47 28.1836 16.2468 3.45371
48 4.3537 36.7628 0.84778
49 6.90012 35.5201 2.96945
50 4.88761 30.5302 -2.1183
51 28.7256 4.94107 1.39218
52 33.7782 11.0251 -0.0033666
53 14.4982 6.08866 -1.39537
54 26.4427 9.02028 -3.33497
55 9.04714 9.00117 0.848564
56 9.06214 12.6173 1.24808
57 11.2654 37.0713 0.401172
58 33.5978 26.6637 0.0970859
59 5.97221 37.303 1.8075
60 8.11575 22.9526 1.82462
61 24.8992 34.3255 2.56095
62 0.370097 5.28117 -3.72348
63 16.9207 17.2437 2.38754
64 33.9207 31.7459 1.67094
65 11.2878 39.5159 -1.19522
66 0.714753 18.9462 -0.18859
67 20.7425 24.8214 2.38868
68 39.0633 5.12042 -1.82702
69 11.1598 38.1876 -1.76474
70 11.2629 2.78883 -0.382885
71 17.4206 17.1847 1.56723
72 6.75082 12.6279 -0.0304953
73 21.5573 29.8555 -1.5837
74 9.23106 4.83367 0.983824
75 27.888 34.969 2.20387
76 32.6182 1.32198 0.350007
77 9.78316 29.4857 0.944418
78 39.417 26.8335 -1.60551
79 3.40722 0.995856 1.02698
80 35.2124 16.4824 -3.42261
81 14.0406 34.1395 -4.1622
82 16.8161 16.2756 1.9401
83 14.1612 29.7207 0.258585
84 25.7456 9.27588 -3.56743
85 1.67194 19.8387 0.955851
86 21.1025 14.922 -0.927808
87 24.6412 35.2701 -1.78849
88 13.0061 2.49973 0.488441
89 9.26109 3.19993 -3.4343
90 36.8075 31.2786 -0.667039
91 26.1745 14.9087 4.30736
92 17.8845 28.043 1.82328
93 12.7414 0.0484092 -2.32237
94 15.1779 24.9781 1.25063
95 15.3668 4.58458 2.64406
96 9.6745 1.50117 -2.71185
97 23.8006 39.3813 1.87341
98 3.54589 20.6899 0.279972
99 13.5709 4.63791 -2.01375
100 37.1746 23.3869 -3.59661
101 16.2088 20.8045 -1.74096
102 24.3625 38.2278 1.59068
103 19.6186 0.883609 -0.526206
104 21.0661 11.0997 0.347184
105 13.0859 0.239758 -0.383701
106 31.4334 24.1365 1.25217
107 16.4169 19.7305 -3.19362
108 38.6748 23.9347 -0.565374
109 35.4767 27.8247 -1.07878
110 38.8751 33.0899 3.01586
111 33.2089 36.0793 2.02028
112 37.2797 4.40677 3.35723
113 34.9741 36.4398 0.300212
114 33.733 20.3339 -2.42138
115 27.3256 17.5876 1.79737
116 14.8471 31.4768 4.76391
117 29.0825 30.9763 2.45178
118 22.5701 2.78882 -1.66377
119 31.8791 11.5342 -1.76396
120 28.342 30.6164 -0.167513
121 17.8652 17.7262 0.692555
122 28.993 28.1294 -2.73222
123 13.0069 29.6139 -2.16068
124 15.2033 0.476086 2.35049
125 22.2579 6.60928 0.207381
126 30.6859 38.1781 2.55055
127 30.7355 5.21658 1.55069
128 25.893 4.24388 1.24827
129 1.85514 18.4136 -0.301762
130 23.4372 13.5638 -1.68406
131 17.1592 27.5476 2.96962
132 15.8984 38.1178 -1.76848
133 0.332295 38.2957 -1.08083
134 9.88725 35.7367 0.482931
135 15.7778 3.49311 -2.28052
136 29.54 1.13612 -0.683095
137 27.4028 23.2231 -0.920408
138 3.08876 17.2192 -2.00467
139 16.0976 36.2535 -0.103715
140 28.5077 2.21269 -3.39679
141 26.7252 2.22459 1.20315
142 20.4643 15.5954 1.62924
143 19.5789 18.2099 2.44009
144 35.8339 30.1822 -2.64504
145 22.8614 27.2141 -0.851214
146 37.0987 14.277 0.0231079
147 34.6202 29.2439 -2.86114
148 29.8818 9.8353 1.50933
149 15.7294 16.3902 -0.265319
150 11.2191 25.3113 -1.22786
151 30.3822 2.81084 2.55029
152 18.2949 10.2791 -3.28923
153 11.467 8.70702 4.70221
154 27.0396 38.8137 1.1341
155 1.33365 24.6844 -0.735402
156 0.893104 24.6934 -0.155823
157 18.4669 2.18853 2.88012
158 11.8599 9.07349 2.33128
159 24.5814 34.19 2.80687
160 12.1283 23.2452 0.732751
161 12.6717 25.8231 1.03522
162 27.8653 24.4875 0.460984
163 16.1712 16.5541 2.76501
164 22.0394 8.22501 0.537065
165 32.8712 6.33732 3.97846
166 37.7726 3.11284 -1.00585
167 2.86981 34.4108 2.12676
168 34.1379 28.7241 -2.23003
169 3.22263 6.12543 4.72596
170 30.2129 36.823 -2.45057
171 20.4554 29.0222 1.2907
172 11.5216 17.145 3.09406
173 33.1139 33.0954 2.21008
174 22.0644 6.64513 1.72891
175 0.528701 9.77346 -3.6836
176 26.603 21.4046 -1.07726
177 9.83918 5.08316 1.00945
178 34.4464 26.3003 -2.02533
179 21.261 14.8046 1.07928
180 18.4727 5.85171 -0.849522
181 15.3567 28.1309 1.0413
182 16.0302 24.9133 4.18266
183 1.5805 21.7919 -0.216444
184 1.97456 38.6047 -0.440681
185 11.1505 10.8275 2.07436
186 20.6869 37.7509 -3.91591
187 34.8667 6.84611 4.15896
188 16.6199 7.20765 2.21461
189 5.2987 18.7877 -1.11864
190 27.3293 18.5605 -0.157268
191 14.6206 20.8735 3.87104
192 1.99442 37.1859 2.62845
193 21.6855 28.8938 -1.0433
194 19.9081 24.7505 2.68451
195 3.96698 19.3962 -0.54028
196 36.1492 2.10274 1.60775
197 10.799 36.9358 0.734949
198 33.1875 23.2516 -1.0241
199 19.3046 11.2493 3.63408
200 36.7662 36.5797 0.363699
201 3.78536 14.6497 -0.116679
202 13.7725 16.5549 2.29647
203 21.389 19.1046 0.186925
204 32.1172 26.6904 1.14407
205 9.0149 32.009 1.56821
206 6.05752 1.93509 1.28645
207 36.8958 1.6103 -0.719377
208 35.3448 21.6358 -1.33869
209 2.33703 2.85028 0.00067029
210 25.2439 24.901 0.994798
211 33.9351 19.4675 -1.82994
212 30.0331 36.303 2.05581
213 38.4994 39.6682 -1.56808
214 27.9163 25.7195 2.12093
215 4.48427 14.1258 -0.658166
216 32.5583 29.3512 -2.23214
217 10.8966 8.10125 -3.59164
218 7.61877 16.0045 -3.04389
219 24.958 36.8595 0.204851
220 13.925 5.53253 -2.15294
221 19.3578 22.7705 0.708515
222 36.3115 29.684 -3.18744
223 13.6263 21.9538 0.680285
224 4.85422 27.0722 -2.84047
225 1.94303 5.83402 -1.62763
226 25.1365 17.6219 2.35055
227 9.66691 6.85598 4.08654
228 16.4828 38.7484 -2.77642
229 4.45624 26.0392 1.35519
230 31.3228 35.5329 -2.3619
231 17.2122 28.5785 2.73078
232 35.3194 31.1812 -2.07343
233 35.9002 3.51122 -2.24868
234 38.0117 9.35301 2.96864
235 1.67698 12.7567 4.021
236 17.9537 9.95134 -2.51007
237 14.542 25.1128 3.69507
238 13.8612 9.59846 -0.672502
239 35.6492 9.31219 -3.4674
240 17.9483 16.1759 -0.192731
241 36.0928 25.6306 -1.29152
242 30.3506 5.83221 2.13594
243 30.2127 34.7172 -0.849478
244 3.72412 6.18918 2.28073
245 17.9011 27.3455 2.12747
246 24.8687 7.92877 3.33877
247 5.72018 2.82142 0.549369
248 12.0429 25.8558 -0.915751
249 9.44697 39.9734 -0.0676016
250 26.1265 4.59448 2.34364
251 29.0443 0.532223 0.14151
252 27.9753 14.2514 -3.72119
253 33.0271 15.0786 0.0446115
254 9.85954 38.3749 -2.52589
255 28.7671 20.6218 0.332561
256 2.22584 39.6778 1.74701
257 28.8291 17.5488 1.83178
258 33.4019 4.06391 1.62649
259 36.1971 20.7011 2.95588
260 1.34556 2.72565 -1.47632
261 32.5067 19.6661 -0.404735
262 27.0597 36.5266 2.17829
263 1.30245 28.178 -2.59052
264 13.1174 17.3465 -2.8832
265 2.72107 27.1983 -2.50867
266 4.29182 17.0095 2.82425
267 6.23266 17.7147 -2.81153
268 18.6861 17.5842 0.164603
269 37.3485 36.6646 2.01679
270 32.2028 13.7317 -4.10321
271 3.28509 13.8572 -2.22556
272 23.1991 21.4066 0.0331791
273 34.4289 27.3498 -2.82228
274 10.8413 36.628 -2.71492
275 11.2687 32.1149 0.187217
276 31.1488 18.8081 0.838443
277 2.77935 20.3006 -2.50099
278 3.99103 15.5454 -3.72661
279 14.3701 29.3079 -2.21773
280 3.32658 29.0894 -1.29354
281 26.2138 26.4075 -1.33119
282 9.53972 18.5508 3.86626
283 27.5555 4.63159 -1.79854
284 32.7357 15.6189 -0.211367
285 7.67773 35.511 0.758302
286 36.3018 8.25298 -1.9954
287 13.8551 13.8752 2.35752
288 0.252293 1.77767 -0.3298
289 8.80582 34.5317 -2.75364
290 31.4619 27.2144 0.746278
291 17.5226 4.73609 -1.51425
292 27.9459 20.8192 3.42452
293 18.1684 6.93801 -1.08255
294 32.932 29.1007 -3.33247
295 16.4015 14.3874 -1.81859
296 21.7444 28.7267 -0.60912
297 37.0411 28.7547 -1.53114
298 21.2155 2.80277 -0.907421
299 16.1087 24.8848 3.35003
300 16.4892 12.2459 -1.58004
301 22.6081 29.8284 1.43277
302 22.043 3.79667 0.684837
303 1.75946 18.0728 1.64338
304 11.0043 32.6339 2.55566
305 2.89147 25.8387 1.99723
306 25.975 20.4486 1.05608
307 12.8679 18.1261 -3.09029
308 10.7717 30.7296 0.301872
309 20.9321 0.56852 4.12182
310 14.5843 19.41 0.9822
311 21.539 24.8922 2.73871
312 38.6908 28.6925 0.449215
313 23.8948 6.07642 0.594867
314 20.2384 0.14582 2.81814
315 2.60339 35.3772 -2.61947
316 28.7595 38.4549 4.78997
317 16.7968 28.8513 3.27313
318 25.2218 34.1959 2.16767
319 7.72686 3.71243 3.34122
320 11.9447 17.9429 3.39887
321 29.7956 9.59497 -0.401737
322 1.88433 36.9651 4.65304
323 37.4066 34.737 -1.57523
324 26.8064 14.2054 -3.96347
325 12.1207 30.1043 -0.926106
326 11.5704 8.56875 2.02815
327 11.4385 34.0405 2.68111
328 12.6404 32.3024 1.26526
329 17.2001 18.5711 1.13791
330 3.44716 10.0074 -0.00360727
331 22.2853 5.53833 -0.206008
332 37.1486 3.03222 1.9926
333 34.2772 26.765 -2.28814
334 10.7784 10.0917 1.70668
335 3.55001 35.8883 3.84268
336 22.5581 7.63242 1.6152
337 12.4983 22.6341 2.36219
338 24.7281 25.1652 3.46462
339 2.82818 29.365 1.42167
340 17.3257 11.7503 -0.708201
341 34.1214 27.1501 0.269006
342 18.63 10.5665 -2.97715
343 5.39277 15.5157 -2.8387
344 12.5773 2.11731 0.608488
345 1.40286 33.617 3.96104
346 15.1988 9.54371 0.270821
347 7.78583 36.7807 1.87133
348 12.6414 11.0517 -2.98786
349 18.4132 24.6998 3.0635
350 6.81717 15.6399 -2.56736
351 38.4279 24.7072 1.67403
352 27.8109 22.0102 1.39794
353 22.183 15.9358 1.1135
354 39.86 31.6341 -3.05811
355 14.6096 22.5604 -3.22087
356 2.24337 34.2985 0.836086
357 8.94191 7.14737 -0.189209
358 14.9458 9.48461 3.4858
359 26.6675 20.7829 -2.97553
360 33.8932 29.2666 -1.8476
361 27.9584 32.0532 0.219634
362 31.0245 27.5821 2.59092
363 31.5943 12.5322 -2.35894
364 15.5312 14.9113 -2.26084
365 38.9669 34.1832 1.21478
366 10.2539 0.534456 -0.686937
367 6.84059 0.544046 0.869758
368 21.4982 7.6782 2.0551
369 19.262 11.3083 1.04691
370 24.3615 33.5518 3.71899
371 36.0499 16.2683 1.19041
372 20.3107 26.387 -0.0105808
373 14.561 20.0835 3.93814
374 11.8909 14.245 1.6259
375 8.20421 10.3972 -1.05708
376 35.6243 30.8619 -0.663768
377 34.2644 11.037 0.169618
378 17.515 7.54665 -3.69966
379 39.8641 36.1694 0.0102799
380 36.1291 1.62726 0.536844
381 18.6821 39.1498 -1.28523
382 39.9757 12.9071 -2.7192
383 17.7776 24.9784 3.17603
384 32.3662 6.60855 1.71022
385 19.3434 26.9578 1.86463
386 27.5517 9.12579 -0.205673
387 3.14619 2.70102 4.22596
388 31.9953 33.9304 1.02807
389 20.498 35.3826 0.520064
390 29.8419 5.62184 1.99869
391 15.0286 10.4382 0.0090185
392 24.2467 15.2809 0.918651
393 20.7964 2.85714 -0.675504
394 31.546 11.8964 -1.67846
395 39.5328 10.0989 -2.4266
396 21.936 1.78088 -0.153465
397 3.16023 19.3702 -1.91842
398 27.3604 34.6866 1.92139
399 31.4007 14.4488 -2.41346
400 2.20347 4.84245 -2.85347
401 31.1346 26.8121 0.999813
402 3.18542 9.23561 -1.20192
403 9.06011 30.2834 2.83412
404 22.4201 29.7929 3.6673
405 7.58869 23.1316 2.4452
406 16.31 9.54349 0.940361
407 0.279221 9.87357 -0.822759
408 11.3482 7.69001 3.77092
409 29.1722 9.9295 -0.921746
410 22.1164 27.7788 0.0577254
411 19.4625 36.4608 -0.764206
412 2.25988 3.78678 3.21931
413 3.01929 21.1809 -2.25727
414 10.9032 4.84512 1.17175
415 12.3937 26.1832 -1.42183
416 39.7819 28.8143 -1.15891
417 2.52084 2.35262 0.616514
418 25.306 23.708 4.18634
419 27.1252 11.2593 0.544215
420 23.5299 2.6571 1.09856
421 8.61808 11.9803 2.53311
422 11.9792 11.5251 -2.42602
423 0.198695 7.30837 -0.644655
424 24.3787 17.0028 0.991205
425 21.5751 0.522973 0.728795
426 10.2832 15.2834 -1.4697
427 22.6002 28.9807 0.222381
428 12.0704 1.19995 -0.989293
429 36.754 4.83445 1.46117
430 10.4899 15.7388 -2.07973
431 6.79442 10.5069 3.846
432 14.4842 32.2384 -2.12708
433 27.4656 19.8649 1.92937
434 15.5141 19.892 0.559744
435 36.8446 30.9362 0.658691
436 34.8612 27.2418 -0.433053
437 8.41563 3.9134 1.02155
438 1.06061 1.98726 0.0830846
439 37.6898 21.7612 0.814393
440 17.4459 7.46508 -2.30217
441 21.776 35.4575 4.24638
442 17.6616 12.3683 -0.491599
443 16.3432 25.8024 2.26752
444 14.0017 23.9378 -0.338574
445 16.9575 18.7269 -1.6033
446 22.4137 6.17127 2.42643
447 11.3209 10.3444 -0.597665
448 32.1659 20.2338 -1.04741
449 15.9459 19.1426 1.26275
450 7.90753 20.7369 -2.46465
451 34.0892 20.0047 -0.279059
452 11.1243 6.76763 1.61801
453 5.44894 17.9315 0.0784461
454 33.2399 11.0368 -0.821013
455 21.3878 39.1592 1.55977
456 16.1648 16.6918 0.889301
457 25.4924 11.2613 -0.571183
458 21.6664 19.7396 0.902799
459 19.4822 0.955361 2.38456
460 9.78591 39.3214 0.438035
461 9.85514 4.1864 2.13606
462 26.5558 24.5003 2.87217
463 1.82935 31.8435 -1.01044
464 25.132 35.7267 -3.85909
465 30.8748 6.0456 3.24948
466 33.8612 24.2224 0.0599009
467 9.30443 33.2781 1.80758
468 10.7847 32.931 3.99395
469 28.2947 35.0996 4.50806
470 8.82449 11.8371 3.86855
471 26.9738 28.905 0.443445
472 15.3734 5.32226 2.25338
473 16.0204 1.40172 2.79636
474 4.4035 36.848 -2.82394
475 30.6075 36.0825 4.57701
476 14.5268 19.928 3.39989
477 10.246 36.5398 -0.266157
478 34.3691 26.5543 -1.39346
479 36.2427 28.4734 0.928635
480 37.198 27.6745 -0.579716
481 31.8256 5.60026 1.79419
482 12.8256 38.1366 0.254448
483 9.5813 36.5436 -0.866837
484 19.8373 39.4192 1.7958
485 3.65405 35.9052 1.61935
486 14.4937 24.862 4.9232
487 26.7079 30.2387 -3.24703
488 39.8046 9.34379 -3.30235
489 21.3654 7.03076 -0.723216
490 35.0729 7.43455 4.08247
491 18.3049 14.7455 -4.26834
492 19.82 37.463 -2.13892
493 0.79074 28.4683 -0.189971
494 4.82287 20.7895 0.805654
495 37.194 9.88827 2.81484
496 22.8403 35.0098 0.591597
497 16.5641 30.7009 -2.1006
498 17.3987 11.0795 1.65377
499 8.57555 15.0206 -0.909604
500 9.60195 8.46922 1.97921
501 34.9159 8.83337 1.77266
502 6.75042 2.85395 1.63665
503 22.5723 25.7153 0.168045
504 2.94358 2.9657 1.99264
505 11.9696 10.6659 2.1985
506 27.797 25.9519 0.776928
507 19.8303 11.659 1.89876
508 11.9384 29.6456 2.70786
509 20.7205 37.4279 -2.42155
510 36.2217 7.58725 4.08322
511 23.2852 30.321 1.7702
512 34.5524 28.6073 -1.45231
513 16.8134 23.8497 3.68538
514 2.61038 35.3138 -3.78133
515 16.8703 17.2128 2.16708
516 17.848 35.5768 2.04672
517 15.5091 18.6265 1.82444
518 39.6344 38.4031 1.25775
519 23.2001 23.1272 -0.941697
520 3.51542 9.44189 -3.13854
521 1.95973 38.8335 -0.877763
522 28.777 21.7783 0.277055
523 15.408 17.559 0.47673
524 15.4849 20.0563 2.42877
525 14.4786 16.1356 2.23034
526 16.8249 26.7403 1.94531
527 12.4133 9.73485 -0.0327648
528 20.6526 6.72182 0.454003
529 32.6568 34.0771 1.03646
530 30.5498 18.6342 2.11532
531 25.407 0.480637 -2.47401
532 19.61 0.390002 2.21881
533 39.1968 32.1914 0.994337
534 6.56104 28.1826 2.72238
535 30.0122 6.14135 4.05288
536 34.0728 11.9476 1.29774
537 3.80053 23.9554 -2.17769
538 19.189 39.1809 0.844541
539 20.1166 16.9314 2.06378
540 34.9537 17.6168 -1.97043
541 19.7977 25.0612 0.46563
542 31.6766 36.2023 -3.70214
543 8.41861 20.3689 -1.49413
544 35.2083 33.5518 1.45651
545 2.78468 19.4786 0.98818
546 34.5432 0.490851 3.23858
547 1.98373 10.2712 -1.92764
548 33.3085 35.2197 1.74475
549 38.8045 27.5347 -1.86628
550 36.2454 30.3821 2.59825
551 38.6937 11.0845 -1.02697
552 10.0021 2.44552 -1.06917
553 12.3454 31.1823 0.18284
554 12.5125 2.87977 1.94661
555 34.1811 8.27323 1.84145
556 2.10473 18.1386 -1.35555
557 12.7375 10.9873 -2.03754
558 27.9692 3.15208 -1.40408
559 33.8973 35.9695 0.616058
560 36.5405 25.38 -1.77061
561 2.84481 35.9185 3.55508
562 10.9541 23.2651 0.42124
563 5.14812 10.1317 -0.783799
564 6.52458 25.3188 2.35579
565 3.07484 20.7238 -0.371653
566 19.0018 1.43368 2.51576
567 33.4504 19.5879 0.315358
568 0.0328847 6.61132 1.79495
569 30.6286 29.3104 -1.26996
570 6.94934 30.7596 -4.61122
571 13.8833 8.97315 -3.66133
572 27.5109 22.9173 -0.217657
573 18.2011 30.8816 0.63169
574 10.7445 24.9352 3.11552
575 9.16364 14.1192 2.68575
576 4.20867 3.40045 -3.4139
577 20.4107 36.2447 0.671478
578 12.5617 34.196 1.91422
579 16.1608 18.3896 2.74939
580 5.42547 27.7004 -3.84379
581 4.37939 26.7849 -2.41275
582 16.2087 20.4404 1.23162
583 18.6646 28.8763 -1.54648
584 3.8123 10.6979 -2.40202
585 1.26774 24.0116 2.16559
586 24.7039 24.6369 1.51194
587 29.734 36.1116 2.01895
588 19.2042 39.3485 0.482184
589 25.1181 10.8752 -2.11544
590 1.13458 6.8168 4.64137
591 13.3306 29.9312 -1.85954
592 23.0712 23.7918 -2.05173
593 11.8086 17.506 3.65823
594 6.56821 3.73784 -2.40679
595 33.9529 28.3306 -0.417738
596 2.10094 37.2457 3.63745
597 27.2458 10.5587 -2.17607
598 0.284546 13.2622 -3.64199
599 12.185 2.55242 0.339325
600 0.0310781 38.6619 0.110777
601 20.564 36.618 -0.431076
602 16.7641 17.6584 3.41371
603 20.309 5.34478 -2.71549
604 28.2321 31.759 2.97481
605 18.4604 25.1541 1.30923
606 39.221 29.7203 -0.865685
607 39.2029 9.48219 -3.55988
608 7.9936 3.03784 3.70634
609 23.3827 12.5016 -0.801904
610 33.0959 30.891 0.393022
611 35.0092 24.9614 -2.88035
612 16.8967 6.51162 0.345951
613 17.6812 9.136 -2.73134
614 36.8431 37.092 0.529635
615 35.4594 4.11653 1.01586
616 35.0724 21.0665 1.75414
617 21.8937 28.6119 1.45857
618 4.20469 1.49276 0.242273
619 23.4933 27.8346 -0.104872
620 37.8544 2.0809 -3.30611
621 26.1349 21.6723 -3.12408
622 29.4363 5.44829 2.02097
623 16.6024 19.7243 -0.00507309
624 5.66513 9.26657 1.07581
625 11.7208 7.87013 4.64692
626 3.14729 1.17511 1.46373
627 9.90846 35.8615 -1.95946
628 17.4829 8.04269 -2.89693
629 23.2279 6.62186 0.61625
630 1.80591 6.23439 -1.93696
631 31.8867 0.701831 0.343774
632 33.922 32.5076 2.93283
633 8.03742 20.9218 -2.57993
634 39.4849 10.6628 -0.956113
635 27.1267 25.6534 0.136885
636 20.848 15.4194 2.00763
637 9.61865 33.2569 2.05421
638 29.0495 32.5182 -1.61485
639 27.7776 23.8734 -0.420149
640 5.18365 22.2021 2.16957
641 35.9782 7.86485 1.52092
642 14.3282 33.7256 4.30558
643 28.0375 35.5085 2.13232
644 11.0971 37.3396 -1.23349
645 5.22548 7.76111 0.827774
646 12.045 5.86588 1.83741
647 10.0008 4.18761 1.84668
648 27.5171 33.1943 -0.747601
649 14.466 9.45777 1.47135
650 28.4615 22.7535 1.25122
651 30.2266 21.2263 1.70684
652 3.85059 29.3565 -1.00591
653 7.36728 37.3862 0.0534502
654 26.9744 20.1865 2.73529
655 28.2218 32.5868 0.662133
656 15.8521 7.88793 3.50486
657 30.2532 10.0589 1.59009
658 4.30552 24.985 -0.558002
659 1.46087 3.79152 2.7939
660 27.73 19.6311 2.79864
661 4.41336 17.8083 -1.47094
662 35.4305 38.4289 0.207698
663 0.889368 18.3123 1.45879
664 35.7079 21.9649 -2.25792
665 35.5431 31.023 -1.64883
666 26.6685 1.27999 -2.05251
667 35.1651 27.7102 -1.69119
668 6.91122 34.1702 0.398084
669 7.99519 35.1783 1.0241
670 34.8673 29.1815 -1.80367
671 36.0576 0.538001 -0.72298
672 13.7852 38.3681 1.31267
673 1.08802 12.4542 3.53982
674 8.16476 21.6476 0.595709
675 27.7192 10.0337 -1.53643
676 39.39 7.01117 4.41683
677 8.33155 15.5459 -2.76133
678 24.7474 0.281135 -1.40902
679 17.9093 25.0194 0.745194
680 24.9487 35.7735 -1.44435
681 16.7371 33.9208 2.33523
682 35.6059 1.46134 0.898266
683 20.2155 27.292 1.40902
684 8.57956 23.4315 -2.67309
685 26.3067 20.8675 -1.80425
686 37.9538 32.9394 1.05184
687 24.0323 20.8167 0.139181
688 23.1025 11.7439 -1.27068
689 7.47908 5.68329 -1.33997
690 10.535 6.31714 0.646149
691 17.4703 33.4638 0.120875
692 27.0953 15.0654 2.59835
693 2.83773 24.965 0.111257
694 31.9732 13.8211 -2.12419
695 14.0145 30.3601 -1.85282
696 16.6916 20.9584 -2.42915
697 22.2269 2.97808 -1.6401
698 5.02368 8.18619 1.91068
699 39.0234 30.0844 -3.32394
700 7.79532 0.811124 0.841437
701 13.2312 1.46471 -0.0983941
702 8.34123 38.3109 2.5052
703 1.72178 9.75063 -2.28006
704 30.4898 0.960132 -1.37631
705 3.85278 23.536 -2.34918
706 33.4712 36.0076 0.950559
707 22.2952 1.89626 1.79536
708 37.226 25.3941 3.22627
709 28.708 13.7362 -2.93652
710 10.2118 1.14021 -1.59139
711 34.6212 32.2607 -3.33311
712 31.2139 26.7323 1.8065
713 37.5146 19.2254 -0.270293
714 28.5242 36.0018 4.54894
715 34.8639 26.6649 -2.3833
716 18.8419 32.1271 3.92652
717 16.7965 29.9483 -0.60603
718 0.753781 25.3517 -1.57072
719 9.48038 29.9376 1.36189
720 18.8903 19.9833 -1.26339
721 20.4518 35.2651 -1.64331
722 1.87164 7.16435 -3.29378
723 10.8972 37.5322 0.10074
724 20.2838 3.9731 -0.190206
725 27.5152 34.3786 2.13046
726 37.3697 25.6607 3.5808
727 14.2941 18.8433 0.322188
728 39.7628 28.5569 -2.80609
729 14.278 2.15611 -3.22054
730 24.3092 10.1779 -3.08329
731 38.9475 18.6901 -2.64277
732 20.6807 38.2832 -4.20227
733 23.1793 31.2633 2.1776
734 0.246524 8.62557 1.27295
735 13.271 33.0558 -4.62337
736 23.8929 24.3472 -1.31954
737 2.64537 32.0445 -0.0727037
738 20.4675 9.46543 -3.10315
739 12.6275 18.1365 1.32309
740 31.5549 21.2254 0.322147
741 2.32966 25.179 1.8617
742 13.9812 22.296 4.37092
743 26.825 20.7453 -3.40074
744 30.0387 21.0038 1.05041
745 20.4829 38.0481 -1.06778
746 17.9795 10.0055 -3.33245
747 16.3567 27.2369 3.49596
748 13.6883 33.0548 -3.16388
749 12.2655 3.51885 -0.887411
750 7.21356 33.169 -0.279924
751 35.0598 33.135 -3.62149
752 8.66366 22.1031 -1.09716
753 27.0924 23.4699 0.790793
754 27.0376 26.0506 -1.65516
755 34.0291 6.28168 2.03021
756 10.5946 10.6894 -0.925279
757 5.88433 33.6383 2.19897
758 4.03242 14.8358 0.960458
759 12.2115 26.6577 -0.826474
760 0.140042 27.8364 0.220812
761 4.25037 12.8041 -0.0129743
762 20.449 26.8082 0.298543
763 2.86874 2.83122 2.5424
764 15.706 18.4877 2.40643
765 2.19634 20.9818 0.277968
766 10.153 9.00663 -1.59019
767 35.6603 10.9176 -1.40644
768 6.68659 25.4951 3.10136
769 10.8315 33.7757 1.79532
770 7.2738 29.2567 -1.93532
771 12.0322 20.5169 1.21903
772 10.8679 32.0588 0.929607
773 34.7962 30.669 -3.23897
774 36.0944 30.0066 1.78842
775 14.9421 5.51831 3.71514
776 8.34498 12.5115 0.340431
777 34.8135 25.5775 -1.01969
778 34.4604 28.4945 -2.53169
779 19.5204 4.21929 2.26792
780 35.6853 7.74598 2.56815
781 15.7672 33.685 2.25043
782 3.91118 7.3767 -0.195572
783 15.4688 17.1118 2.21655
784 34.39 2.64042 1.54372
785 21.5352 15.6869 0.322206
786 9.70866 16.6312 1.40016
787 39.7686 4.72439 -3.01258
788 2.20607 26.9658 3.86329
789 1.33486 4.43855 2.36314
790 12.1477 26.9907 0.0620725
791 8.49549 20.847 -1.20315
792 10.2459 17.9165 2.06755
793 17.1453 36.4847 -1.82205
794 19.7118 25.2274 -0.188927
795 0.993046 38.9799 -0.79755
796 14.0947 15.2358 0.0930351
797 38.8203 34.2279 2.88762
798 33.0898 12.1288 1.01698
799 30.7362 5.71987 0.51152
800 39.4823 10.604 -4.14052
801 18.3931 23.2724 -0.841408
802 31.9231 24.7135 0.918878
803 11.6738 38.6502 -2.38776
804 1.94733 20.2682 -1.47486
805 2.32913 26.2112 2.86048
806 7.28512 30.2755 -4.53021
807 27.4857 18.9234 3.1545
808 16.376 30.1566 -0.0579626
809 27.3982 27.9653 3.5779
810 19.1036 28.8049 -2.77336
811 0.791128 22.2849 -2.67645
812 8.45779 3.5121 3.61485
813 6.59169 12.4275 -0.213216
814 28.6736 38.4323 4.27897
815 26.0212 19.8047 0.434452
816 15.7931 37.9516 -2.59426
817 16.4286 36.363 0.828292
818 1.7565 2.58257 2.9246
819 31.3699 6.10086 2.18031
820 12.2398 38.8032 -0.313691
821 12.1387 5.44385 2.27191
822 6.14898 35.5451 2.60786
823 20.0948 4.57216 1.5728
824 26.9501 13.6142 -1.92233
825 39.3104 2.06916 -0.821982
826 4.11776 16.0338 4.13139
827 36.3216 8.31231 -2.23451
828 16.7218 18.384 3.40126
829 11.0706 34.1289 1.68063
830 12.3629 14.5109 1.27491
831 22.0821 36.3669 1.6784
832 35.3283 2.20823 0.0670459
833 19.3212 17.4754 2.7881
834 17.0546 7.2364 -4.01824
835 1.70396 31.6631 1.79744
836 16.3605 29.9214 -2.40775
837 28.6524 36.3284 2.11416
838 15.2148 4.88743 3.87911
839 13.905 10.1525 -1.26185
840 22.7046 16.1718 2.48839
841 24.4903 36.6182 -1.3985
842 24.2615 34.0893 1.66508
843 20.3592 4.55647 1.24763
844 6.48238 25.5421 1.89753
845 7.5413 30.8448 -4.57791
846 3.82899 16.6609 2.31998
847 0.876914 25.3737 -3.65278
848 20.5841 25.5677 2.37515
849 20.3592 16.4958 1.91866
850 35.1784 31.5793 0.40337
851 6.07287 1.62965 3.25598
852 31.373 24.6377 3.88199
853 17.9282 18.1663 1.02485
854 7.6666 37.4484 0.418487
855 10.4238 36.4401 -1.08253
856 12.3301 31.8054 0.602082
857 11.4499 32.9153 2.61446
858 31.2598 29.4797 -2.3541
859 10.0294 33.9411 0.76372
860 0.702737 18.1792 -1.54143
861 5.85866 18.0128 -1.50094
862 5.02773 24.7665 1.38036
863 15.0078 9.67839 3.23231
864 9.59916 6.27695 1.64816
865 19.5819 29.1676 -4.45136
866 29.9725 39.651 -2.48403
867 29.8339 25.8068 -1.66454
868 33.6435 33.5496 0.739066
869 0.0728023 18.3569 2.06981
870 38.8681 5.12705 -3.89196
871 15.8993 20.3979 -2.00585
872 34.5266 16.4636 -3.06602
873 10.2556 17.9877 1.37251
874 20.7291 13.9708 -1.27731
875 32.666 5.93666 1.52352
876 21.0224 26.4884 -1.56185
877 0.685336 14.2826 -1.31112
878 38.1235 2.86874 -1.68671
879 10.7491 37.1859 -1.1797
880 30.8178 25.9726 2.23154
881 13.4719 23.9413 2.08565
882 26.0184 5.94255 -0.782824
883 35.6743 26.9649 -2.57692
884 35.4994 12.2188 -2.57621
885 11.3723 8.04762 3.90649
886 17.4064 17.9311 2.95562
887 4.65093 20.6258 -0.496033
888 29.3827 32.6566 -1.68118
889 37.7069 7.98602 1.56662
890 14.5897 6.59444 4.60091
891 21.7665 25.7114 0.438063
892 27.39 13.3394 -1.17382
893 31.8762 19.7065 -1.55216
894 22.2824 26.5721 -1.84228
895 31.9517 6.56523 -1.12625
896 14.0615 0.610454 -2.34444
897 3.50418 14.9696 0.444465
898 27.8345 19.5659 0.608564
899 12.6807 26.2631 0.961606
900 12.6757 38.3798 -0.974228
901 0.907181 39.4366 1.20265
902 3.38519 27.119 -2.47113
903 18.5171 34.9268 1.10445
904 18.297 36.8744 2.14241
905 33.9012 36.988 -0.169992
906 17.6055 12.4894 0.814705
907 13.0559 26.5003 -0.575215
908 31.855 1.52237 -2.76013
909 12.5677 0.568799 0.10002
910 3.89725 24.603 0.569076
911 37.4928 1.35008 -3.36848
912 25.6638 19.6631 1.5387
913 34.0325 34.8311 4.65012
914 38.3371 23.2424 -0.978478
915 37.9176 0.866665 1.25367
916 0.98131 16.0577 0.410185
917 13.9224 23.3804 0.760463
918 34.6313 6.61151 1.60279
919 20.9973 30.6447 -2.0808
920 2.3041 21.6671 -1.17099
921 35.0945 20.4653 1.07896
922 22.6732 15.7721 3.41351
923 6.61373 25.1551 0.452646
924 33.947 26.3573 -1.16403
925 17.3533 16.8914 3.53168
926 14.5847 6.34005 -3.26238
927 35.9568 28.6294 0.0920015
928 35.7409 1.11 1.0715
929 12.7599 28.8913 0.537541
930 7.02092 5.74733 1.77971
931 11.895 26.591 0.260072
932 34.0185 21.4632 -3.88208
933 21.7588 2.7398 -0.392114
934 29.558 15.3568 -2.74812
935 8.12124 8.76026 0.401219
936 17.0662 18.5615 -1.05451
937 19.9284 4.60609 0.671805
938 16.3724 19.5665 -0.274768
939 7.58371 2.65438 1.8394
940 14.3281 21.8413 1.79925
941 34.0344 25.964 -1.71812
942 3.38814 20.3603 0.792636
943 12.0268 6.12561 0.773463
944 13.1495 4.80348 -0.898899
945 2.05649 11.249 -3.55426
946 13.5795 20.8359 0.55392
947 10.4582 8.95777 -1.53249
948 22.3456 7.36686 1.16218
949 8.7111 10.1821 -3.17277
950 11.2881 31.0998 -0.856865
951 11.8182 4.96305 0.714577
952 11.7265 22.1613 0.387256
953 34.305 23.6831 -2.24159
954 11.383 32.4441 1.85794
955 8.90333 0.699012 0.35788
956 22.4526 15.7896 2.2976
957 38.5122 17.4834 1.32918
958 1.85715 4.14503 2.08836
959 38.6448 16.1967 1.45239
960 13.444 30.1828 0.0554592
961 2.99586 27.0893 -3.61631
962 12.6399 29.1377 1.68836
963 10.6025 37.9381 0.427673
964 0.197193 10.5419 -3.14009
965 38.9907 29.2333 -2.95352
966 14.4644 9.84966 2.55968
967 19.9291 37.4959 0.689256
968 36.7307 14.3871 0.42687
969 18.746 6.68955 -0.390326
970 14.2314 39.9789 -1.07289
971 16.3526 20.3558 0.904033
972 15.7785 17.3737 -0.0647406
973 1.19794 19.0538 1.37582
974 38.4861 27.9983 1.44673
975 9.1897 21.5765 1.11874
976 6.92636 15.0479 -1.10711
977 3.23477 3.30178 1.17818
978 9.99576 37.3039 0.210405
979 8.371 3.21019 1.21388
980 30.9377 6.617 0.724575
981 5.64842 21.0928 1.15368
982 2.32174 35.3959 1.87031
983 35.3229 21.1651 1.3996
984 12.7147 30.6829 0.722215
985 39.2202 28.1205 1.1124
986 17.8876 21.2964 -2.00069
987 11.036 10.3024 0.795633
988 11.4558 18.3575 1.83816
989 24.3847 33.8927 2.6175
990 18.8221 21.0379 1.56444
991 13.7289 20.9303 2.09845
992 8.54414 3.73457 2.86778
993 14.5421 7.86478 0.229321
994 23.5594 20.6672 -0.0831047
995 18.5356 9.22698 -2.55284
996 38.1436 23.0069 -1.10128
997 3.85881 17.4353 1.70216
998 38.7798 30.4549 -0.0553411
999 37.4194 5.32981 1.62259
