1000
Particles
0 39.7607 3.30422 -2.24759
1 32.665 18.5966 -1.29523
2 25.5499 2.5285 0.563884
3 10.2848 37.8836 4.03562
4 9.83678 19.1697 -5.01211
5 26.3657 2.76798 1.06719
6 26.9224 2.33016 -3.71168
7 34.9025 15.9157 -3.99298
8 2.92205 31.0542 -2.25879
9 31.4151 26.2954 -3.11941
10 23.7387 31.293 -2.83886
11 2.0994 34.2703 1.35868
12 0.901987 24.604 -0.170391
13 0.832656 6.64915 2.79809
14 32.3316 19.1277 -1.66449
15 29.7908 33.5749 -0.49556
16 27.9093 33.9786 -0.45219
17 32.9401 10.3756 -2.04992
18 36.8972 12.6921 1.90854
19 14.4468 18.6296 2.72173
20 9.54302 15.3683 -2.69802
21 39.424 39.2178 1.51657
22 36.1449 25.8678 -2.06815
23 26.3941 16.6428 0.34741
24 27.9808 12.7228 1.74888
25 1.64788 33.7826 1.12211
26 22.9986 30.4455 -1.37048
27 15.0013 17.0608 4.20745
28 6.6803 33.6112 3.87395
29 32.3801 7.88204 -2.79815
30 20.981 26.8546 0.253243
31 9.85261 18.7946 -3.0937
32 15.9757 11.5003 1.51625
33 6.70553 38.4701 -0.285023
34 19.0212 15.5366 2.46099
35 27.6235 39.411 -1.31307
36 12.0641 38.5926 3.07668
37 1.62711 23.3282 2.43614
38 23.6477 35.5375 -2.32364
39 32.1276 14.5123 1.38755
40 34.1349 36.1102 -1.45347
41 17.8749 16.6544 2.1808
42 28.3252 21.6972 -0.84479
43 23.914 33.888 -0.0332595
44 19.5807 21.6755 1.26152
45 9.02792 27.0017 0.739272
46 5.25494 10.2492 2.49734
47 35.569 4.09875 0.339314
48 2.17255 34.3356 1.28616
49 8.12825 32.6717 3.43668
50 37.9108 3.99406 -0.625752
51 14.4625 4.08976 -3.27904
52 36.769 6.13658 1.26208
53 14.0272 10.915 0.277549
54 34.6828 26.1518 0.186761
55 0.016455 16.1363 -0.0335211
56 28.8749 5.17136 -4.06849
57 1.7437 33.1235 -0.991679
58 38.2006 13.0836 2.81857
59 3.39116 32.645 -0.606194
60 9.40485 26.8227 0.467108
61 17.6121 25.5706 -0.614495
62 29.4859 0.284162 0.00926446
63 10.039 17.6461 1.60459
64 1.23994 24.6987 -0.566184
65 16.6729 1.59955 -3.37343
66 8.67212 22.3833 2.46156
67 20.6099 22.7174 -2.38297
68 9.75209 6.39245 0.843189
69 15.597 8.80562 -1.40646
70 8.02771 34.0105 1.09324
71 11.673 11.3622 -2.7886
72 5.09358 14.1793 -2.62387
73 18.8294 23.7739 2.28901
74 9.78569 38.3172 -2.64891
75 3.3433 38.822 0.134425
76 19.6269 10.9201 -1.20564
77 12.4976 24.4724 -1.2136
78 36.42 28.927 2.68212
79 36.8061 4.67473 -1.34805
80 36.9853 5.7698 2.55133
81 8.64376 26.1911 0.881754
82 10.6239 7.68504 1.8498
83 17.6874 21.3295 -0.74462
84 22.8343 18.9443 -3.62399
85 1.44759 16.409 1.52504
86 22.9078 6.92316 -0.929612
87 16.8772 37.7279 1.64986
88 5.38824 39.4787 -0.538214
89 9.68979 34.1834 0.272767
90 34.3696 34.572 -0.0526576
91 24.3387 9.90368 3.97366
92 19.0017 18.1228 2.24012
93 16.7916 10.7164 1.10036
94 12.5043 12.5645 0.192947
95 20.6005 3.57695 -1.12967
96 10.4788 28.7524 1.00639
97 24.7564 33.1015 2.45553
98 39.7357 25.5198 0.79589
99 9.05323 31.3544 -2.4836
100 33.1557 13.1183 1.22158
101 15.8572 21.6549 2.19526
102 19.1923 34.3677 -0.17362
103 12.6017 0.263844 1.32722
104 28.5407 3.90641 -3.08286
105 23.9476 29.62 -0.168474
106 38.5044 11.4286 1.43484
107 18.6597 22.8398 2.48339
108 27.5101 9.36303 1.13405
109 33.746 27.2257 1.03866
110 11.5722 36.9666 -0.521614
111 9.54204 31.758 -2.08074
112 32.0166 39.3269 1.96898
113 31.4901 20.6682 1.5297
114 3.92892 25.8197 -1.4895
115 27.9503 21.4322 2.0378
116 26.0095 26.4956 0.00807554
117 20.5378 30.7896 -3.77025
118 24.0268 37.8007 -1.0694
119 38.2062 17.936 -4.09748
120 39.3564 31.1947 2.02312
121 25.848 15.3734 2.00174
122 38.8981 12.1325 3.11086
123 5.65505 24.2057 -2.21056
124 15.334 39.8375 -2.4222
125 22.9177 33.8166 -0.597404
126 21.5301 23.5929 -0.884831
127 0.159707 1.61224 -0.653688
128 32.87 9.00107 -2.82437
129 2.79599 16.2365 -1.74353
130 34.4432 5.64935 2.68512
131 29.4843 30.9241 -4.21213
132 19.3885 34.6477 -0.688556
133 30.1926 32.8119 -3.34012
134 12.2462 35.7765 -1.36223
135 17.2249 4.17809 0.076408
136 24.1519 8.65797 3.64829
137 32.2448 38.6599 2.03038
138 10.675 21.5678 0.461504
139 16.035 4.56086 4.01506
140 16.8229 32.2957 -2.16917
141 34.8755 30.8246 0.503889
142 24.4323 36.9354 -1.58478
143 16.3666 27.5316 -0.466419
144 9.48231 25.43 2.15056
145 27.0744 23.8378 -1.73318
146 34.9051 8.46134 -1.79154
147 36.2249 36.0372 1.36274
148 38.9938 10.5094 2.93082
149 17.2218 22.5244 -0.0176209
150 15.1151 12.4732 4.1
151 36.6905 37.0818 1.4735
152 15.9785 15.1802 0.204438
153 22.2991 0.900369 3.44535
154 30.1595 32.1942 -3.54744
155 29.315 32.4323 -2.95109
156 35.7276 26.5207 -3.8928
157 16.0649 14.6026 -1.03693
158 18.4096 30.1697 1.97311
159 14.0433 30.5601 -3.62954
160 4.87702 12.9114 -2.8015
161 9.17826 21.3368 -3.17049
162 23.9552 35.6665 -2.50931
163 9.71522 6.41823 1.66057
164 17.0058 0.219299 -1.139
165 23.0842 3.23447 0.783571
166 32.8552 6.23214 1.51525
167 12.0602 4.36171 -3.40791
168 37.0665 19.64 1.51821
169 2.48582 34.9946 -0.302926
170 37.8053 34.2748 -3.62927
171 18.1847 35.6954 -1.20604
172 37.1628 17.3377 -2.84125
173 22.0051 29.1189 1.21847
174 11.6512 35.4764 -1.88153
175 2.21941 14.9936 -0.342961
176 25.0468 25.5361 1.2737
177 17.4839 7.79386 1.87445
178 23.6321 17.438 0.783539
179 27.7121 9.50638 1.43074
180 12.2742 6.44533 0.700478
181 33.6746 32.201 -3.06859
182 17.5506 13.5595 -0.524786
183 6.4126 18.7499 -3.42369
184 22.0979 37.6536 4.3191
185 11.6586 8.42435 -1.26274
186 28.2888 5.94907 -1.95641
187 8.81152 34.8476 -0.133454
188 26.3237 18.9308 2.15487
189 10.1163 25.4707 0.152255
190 25.4259 24.6657 0.34307
191 10.6873 30.9215 -2.72606
192 31.5578 7.71961 -2.03612
193 29.7731 20.0865 3.21437
194 10.0096 28.7043 0.576339
195 20.3573 19.9942 -2.0331
196 30.526 35.0405 -2.87813
197 16.0316 39.9855 0.677151
198 29.2574 15.6277 1.06258
199 13.5159 11.2118 0.40324
200 36.4458 38.4901 3.96012
201 33.0479 16.2318 1.30296
202 17.1445 18.5098 -1.49885
203 24.5167 11.9502 -2.79898
204 30.7056 34.9164 -2.27094
205 36.8958 35.8689 -1.23727
206 13.9128 4.84831 -2.1979
207 39.6164 31.9644 2.391
208 30.086 30.6527 4.64299
209 9.5 33.723 2.34512
210 6.33944 25.618 -0.134288
211 33.8948 25.1265 1.21423
212 38.5828 32.0581 -1.80749
213 1.43677 10.6235 1.30993
214 37.9714 22.5598 -1.41302
215 38.9655 20.6083 -1.45272
216 27.2122 22.9194 0.945148
217 5.97968 10.3551 -0.0248641
218 17.5431 19.4209 0.45158
219 22.2619 6.61809 0.866112
220 19.5887 5.34246 0.625282
221 23.0265 10.1601 2.37549
222 34.7987 25.9756 -1.74008
223 19.5074 36.4668 -2.41369
224 9.28827 30.7651 -2.80156
225 32.681 15.1438 2.34454
226 5.65997 20.4219 0.119647
227 9.86978 2.25558 -0.388903
228 23.6617 8.90696 2.89617
229 35.3988 18.6206 -3.20101
230 24.5035 8.28381 3.3556
231 17.2673 17.6641 1.92603
232 29.2204 13.4267 2.25763
233 39.2455 12.4444 0.0690157
234 3.88482 35.535 1.09383
235 1.56124 9.74418 -0.755484
236 10.1625 38.1957 -2.91551
237 12.5404 30.6159 -1.02289
238 12.5731 12.9993 0.867981
239 37.0112 13.3462 2.81832
240 21.0146 27.1057 -0.188397
241 20.1464 28.9923 -3.24922
242 0.809593 3.46314 -2.93853
243 25.2491 37.153 2.70761
244 39.3508 15.77 -0.347291
245 20.9363 7.78139 4.12931
246 30.329 10.9806 -1.69844
247 1.888 2.21654 1.01622
248 5.15632 26.0385 -0.617318
249 17.7133 34.2355 0.431949
250 9.51013 39.8636 1.24294
251 38.7622 5.73548 -0.487632
252 31.1511 21.9272 0.307418
253 26.834 10.3703 2.17279
254 38.5972 31.0348 0.811583
255 27.9977 25.2085 -2.07246
256 0.922929 3.29801 -3.2837
257 29.9116 16.1006 1.05911
258 35.5117 35.0173 -1.33658
259 33.0444 16.2446 1.75161
260 3.59883 7.68301 -1.54033
261 28.5103 22.694 1.49645
262 25.9541 32.0251 -3.57037
263 2.19855 1.60988 3.82199
264 1.62149 33.111 2.51433
265 4.0276 17.0899 4.71739
266 0.529013 11.3547 0.674197
267 8.03258 26.781 2.76326
268 2.78644 31.2522 -1.10368
269 21.2713 36.5553 -0.328364
270 2.59841 9.07869 -0.733933
271 32.6604 8.30107 -2.80247
272 20.3289 15.2585 1.50966
273 32.642 34.8814 0.468765
274 9.84476 5.9952 -1.09619
275 3.56407 18.5386 0.86575
276 28.1962 23.9219 -1.60376
277 7.4128 28.863 -1.32567
278 3.08436 5.56488 1.65065
279 6.6751 18.4847 -0.716365
280 34.2483 18.5582 -0.499119
281 27.9503 15.5923 0.200431
282 15.1114 18.0217 3.11636
283 17.1651 39.7165 -2.43724
284 31.8995 22.8876 0.45826
285 34.4765 38.0862 -0.287167
286 32.4515 7.79669 -1.92634
287 7.73823 19.4738 -1.52769
288 9.07161 35.6297 -0.609352
289 16.7627 31.2699 2.7169
290 36.5562 19.9967 1.30919
291 15.6141 17.3306 3.37837
292 1.57963 26.5869 3.75737
293 8.67384 4.19116 -1.06519
294 25.9892 31.9703 -2.20741
295 12.0219 7.91386 -0.315083
296 29.0283 24.3204 -3.51411
297 2.51521 25.3301 1.16903
298 23.1885 26.8575 1.46248
299 17.6503 32.8005 0.527597
300 25.322 7.84064 3.17759
301 30.0249 22.151 0.618207
302 16.3034 35.3273 -1.59304
303 4.87696 29.5704 -2.22916
304 13.9262 23.5262 2.51668
305 6.82866 25.3268 1.92567
306 31.3093 14.3568 4.20838
307 6.88865 18.7858 -2.72895
308 1.51849 17.3884 -0.501774
309 13.7149 39.1963 -3.53629
310 15.3831 21.582 -0.30883
311 23.8604 4.77343 -0.00835997
312 0.106054 37.4789 -4.58292
313 36.6451 1.43401 3.7294
314 19.0977 1.96958 -3.1677
315 1.47492 31.1285 -0.965094
316 34.2297 36.3353 -3.37341
317 32.4563 34.2441 0.858279
318 24.9359 24.3015 -0.231773
319 3.92268 1.89438 0.406112
320 2.12845 20.4046 3.41631
321 30.9702 5.29441 1.68121
322 7.30048 37.381 -4.28039
323 17.2655 36.5235 2.87568
324 31.5864 14.404 3.03577
325 8.02192 25.6019 1.01464
326 37.9492 5.77862 0.443614
327 11.5697 3.09449 -3.46392
328 15.5274 30.7972 -0.869572
329 0.499971 22.3963 -1.14697
330 4.09608 7.72668 -1.3158
331 13.5727 33.8966 0.163868
332 32.8307 9.84287 -3.67012
333 19.1101 20.7983 0.763449
334 6.80427 7.94887 -3.70032
335 10.3939 39.9685 2.30142
336 22.5936 38.2249 2.8836
337 6.03349 14.6111 -1.07123
338 11.095 32.3452 1.04563
339 36.9737 35.9667 0.922148
340 9.34413 26.6663 1.75467
341 29.9994 29.4239 1.89716
342 13.8971 16.2276 -2.68794
343 12.2617 13.2461 2.14416
344 10.5109 39.0282 3.24812
345 35.6917 25.9319 -4.44884
346 17.3712 8.38023 2.95614
347 7.29944 33.2892 3.13474
348 10.8134 20.7865 0.293657
349 14.2855 17.6829 2.88983
350 9.1644 9.34739 -3.57716
351 8.02391 23.0508 -0.531676
352 27.0112 20.3063 0.0541591
353 26.433 3.33921 1.43584
354 36.0517 38.619 3.41163
355 24.4909 25.8129 1.12356
356 28.8732 31.2569 -2.73422
357 14.0103 30.3479 -4.57528
358 13.159 15.8525 -1.624
359 37.7797 25.9631 2.83049
360 35.8463 29.4231 1.3087
361 30.0263 30.7528 2.92324
362 38.9137 22.984 -1.1557
363 37.9776 4.79146 0.593589
364 5.60105 6.93673 1.68043
365 5.7573 37.5463 4.16616
366 14.2865 4.44013 -0.643143
367 13.8706 33.9598 1.09329
368 24.4691 8.19846 2.77038
369 16.1362 30.8707 1.7472
370 19.4639 25.0181 -1.9469
371 25.8592 19.7879 -1.13566
372 26.1418 29.9633 -3.57301
373 10.0067 6.79673 0.975066
374 15.4643 19.0955 -1.75978
375 12.498 9.10147 -3.58796
376 0.766233 31.6555 -0.632567
377 4.31268 8.81241 0.543489
378 10.606 3.2637 2.2166
379 30.3656 37.302 -0.663954
380 0.372226 29.2518 -1.2663
381 12.9113 33.2925 0.614819
382 38.8489 17.9419 -2.94933
383 13.7263 37.7392 3.0083
384 21.0522 36.3119 1.06273
385 20.5454 22.444 -3.80279
386 20.8264 8.56161 4.35799
387 10.2872 4.8021 0.017412
388 30.4215 25.0695 3.68137
389 8.46168 3.75087 0.752329
390 26.8156 26.9875 2.65658
391 17.7758 15.5972 1.20069
392 24.1507 25.0377 0.0918415
393 22.8404 14.2971 -3.24855
394 34.263 36.9977 -4.72821
395 34.4011 13.1811 0.381578
396 1.07309 2.22964 2.70433
397 7.36552 38.3018 -1.63928
398 2.25444 32.1232 -2.08883
399 1.04535 20.5355 1.92096
400 2.51061 39.1293 -1.46086
401 23.7097 32.8699 1.90263
402 32.0425 5.37377 0.688284
403 37.8023 25.9981 2.47282
404 28.6577 30.8555 -1.92112
405 5.27373 23.7709 0.476177
406 27.2033 39.9249 -3.86922
407 38.3181 3.24426 -1.39404
408 7.89715 12.7984 -1.40995
409 16.526 5.632 0.648878
410 26.5642 18.7711 0.425591
411 18.1746 22.9916 1.4017
412 3.83951 7.8707 -1.39015
413 12.4772 8.62713 -3.01232
414 2.90182 16.9806 4.03289
415 16.5202 26.959 -2.85766
416 27.6256 38.0395 -0.190311
417 5.45489 4.47452 2.67183
418 28.9294 26.1959 -2.14991
419 24.7944 12.749 0.0479892
420 20.3007 37.3743 1.91627
421 1.45719 15.4739 -0.485924
422 15.4755 8.76585 -1.93624
423 27.5783 13.0444 -0.105015
424 26.9542 23.3834 -2.58058
425 18.4801 38.684 -0.0505139
426 8.07996 22.4535 2.68724
427 17.2716 17.8984 0.832638
428 37.4857 6.06041 0.0190944
429 0.649034 9.09506 0.747508
430 19.7946 14.5057 2.06242
431 8.42684 9.46958 0.969357
432 15.7523 38.6206 3.43538
433 31.0875 23.9418 -0.682174
434 5.21778 25.9831 0.0807598
435 26.4667 39.1254 -0.315129
436 2.57828 22.6462 3.11639
437 14.2356 34.9317 -2.57661
438 8.17667 24.7643 1.18421
439 33.8263 23.6471 0.274579
440 25.9963 37.2283 2.32211
441 8.63141 2.32951 2.26504
442 16.7514 26.7913 -1.86569
443 22.0202 17.4305 -0.867163
444 10.1175 11.804 2.12648
445 5.12993 25.1425 -1.33689
446 20.8618 11.4742 1.71233
447 0.23821 8.70565 1.2445
448 35.2625 30.5256 -2.22706
449 12.5018 13.4008 0.685556
450 10.8194 17.588 0.550349
451 2.34717 15.6138 2.37634
452 15.249 14.547 -1.20286
453 4.43197 33.4389 -0.919978
454 39.352 10.0487 2.59664
455 29.1223 1.55134 0.446407
456 12.2323 8.62464 -2.17635
457 23.4264 20.6476 -3.75294
458 37.3991 19.2961 1.32716
459 7.9936 10.9536 0.586305
460 12.9042 39.8771 0.301415
461 10.9493 36.5867 1.05536
462 25.4949 13.4679 -2.76298
463 3.17033 33.0797 0.161763
464 34.3873 21.1396 -0.993199
465 36.7779 14.2822 -3.16873
466 33.1448 24.469 2.1752
467 6.11799 38.3645 1.0879
468 27.3324 36.03 1.86486
469 16.955 27.8808 3.89402
470 11.4603 15.4223 -0.279309
471 38.4209 13.028 1.80288
472 16.3116 14.7019 -0.914279
473 13.453 5.31345 -1.37438
474 9.18261 33.5719 3.92678
475 34.0038 8.90021 -0.675103
476 20.8906 30.0584 -2.69817
477 10.7509 31.7006 -0.0351986
478 36.0862 13.1052 2.78649
479 5.38798 28.5829 -1.34052
480 33.4997 16.6977 1.79096
481 21.9162 35.35 -1.44379
482 5.84537 30.3698 0.0421295
483 11.894 32.0959 0.103808
484 11.4865 33.1274 -0.502795
485 8.93509 35.0381 1.48805
486 20.362 26.7693 -1.02048
487 32.3479 28.5162 0.822928
488 35.7522 8.57337 -2.40706
489 20.3328 1.76437 -2.91573
490 5.72281 6.68534 0.64648
491 17.0565 10.4366 -1.80201
492 26.1023 1.09702 -1.81942
493 2.94407 27.0472 0.445026
494 5.72293 16.1273 -2.07409
495 30.6199 12.1118 -3.77164
496 33.1878 20.721 -1.94055
497 7.63242 33.8464 2.85931
498 22.4633 15.5602 0.226177
499 4.37443 15.7529 -1.14983
500 6.2422 14.6216 -1.5598
501 29.4519 16.9505 -2.25037
502 1.88672 2.00193 1.98579
503 14.4287 27.3039 -2.23931
504 38.5243 28.4599 -4.07033
505 7.93612 7.37387 2.20829
506 28.7092 24.2981 -1.04861
507 22.9399 7.33381 -2.32942
508 0.804463 30.3521 -2.41524
509 35.5687 1.27614 0.281508
510 33.3468 1.85861 2.04403
511 24.2842 32.3425 1.31146
512 0.601249 34.0593 2.98951
513 17.1709 36.9464 2.47786
514 11.0206 25.6346 -0.40375
515 20.117 14.4027 0.0531019
516 24.4232 1.00431 -3.09589
517 14.504 3.9947 -0.26965
518 22.0182 15.6864 2.56381
519 23.4764 11.2342 2.80457
520 32.9376 6.40319 1.88255
521 32.7441 30.9198 -1.58774
522 18.1853 21.6966 1.48416
523 10.7128 19.736 2.77602
524 3.74394 25.2151 0.705132
525 9.62221 10.1414 -4.10252
526 2.04462 23.4084 2.1176
527 15.6087 7.61703 -1.10241
528 19.1709 6.42733 1.62433
529 29.1102 0.953938 2.60219
530 39.6802 10.284 3.05433
531 26.898 9.37553 1.74503
532 22.5803 34.7077 2.52788
533 24.4181 25.5297 0.83101
534 15.0601 24.6004 1.66785
535 9.41169 5.48855 -0.233297
536 32.9777 15.5437 -0.157194
537 39.1351 17.9917 -2.03026
538 1.04408 36.958 -3.01959
539 3.9893 2.7761 1.16165
540 34.3796 24.9554 -3.73424
541 25.945 22.56 -1.81413
542 1.59059 31.786 -0.931541
543 13.7592 17.908 4.14527
544 6.75912 35.956 1.0649
545 15.6378 21.5559 0.790605
546 35.6022 35.8113 -1.21853
547 6.16202 17.5414 -3.6546
548 37.5805 34.1104 -1.49838
549 7.04422 25.3478 0.0492952
550 8.07907 32.6267 4.05349
551 22.2854 18.8741 -3.51872
552 38.9754 9.0537 0.815357
553 19.6245 24.4578 -3.76249
554 17.5254 11.0246 0.391889
555 33.9502 15.4834 3.71518
556 29.8686 18.8435 0.844756
557 8.54999 27.9824 1.95187
558 29.4822 0.949207 2.05276
559 22.9957 30.5104 -0.781751
560 31.1106 24.517 0.168914
561 13.8459 17.6579 -4.58747
562 5.45476 20.0636 -0.952474
563 39.1953 15.5277 -0.717076
564 11.5508 19.7818 0.271165
565 37.73 15.5482 -2.0789
566 18.9728 35.6263 -3.30334
567 28.2154 15.0413 0.76303
568 37.4673 5.5456 2.41854
569 5.1629 18.6972 -1.21321
570 5.67942 24.119 -0.494411
571 24.5694 10.859 1.07642
572 1.03064 34.9574 1.57163
573 19.6519 0.276796 -3.05687
574 11.3867 20.3568 -1.01891
575 18.8732 18.2703 1.44231
576 39.2457 5.28877 -1.5447
577 26.3662 31.6076 -3.25393
578 3.32212 38.1693 -0.718179
579 8.26326 4.36892 -1.23761
580 6.68612 32.7927 3.83883
581 4.73258 32.4253 -0.534117
582 25.6097 25.5144 -0.251582
583 22.9225 34.4638 1.14964
584 36.0764 9.95631 0.184545
585 6.68157 13.5721 0.566503
586 27.2354 22.0493 2.57927
587 30.1441 32.4836 -3.02424
588 20.2883 36.072 2.38085
589 26.7326 25.654 0.50323
590 10.0533 5.80495 0.291625
591 4.64795 24.6839 -1.27147
592 34.0909 26.7158 -1.34206
593 16.7344 24.469 2.03855
594 10.5169 3.26328 4.23154
595 18.1302 22.6953 0.472501
596 33.9197 34.0273 1.47626
597 29.393 10.7664 1.49492
598 35.9718 12.4791 2.89143
599 19.6954 35.9566 -3.31885
600 6.33555 35.2354 0.735367
601 20.8246 34.6595 -3.18671
602 2.16603 19.7575 2.90303
603 14.8754 18.5261 3.50895
604 1.38155 28.9668 2.84508
605 10.944 36.458 2.45639
606 3.29562 28.8021 2.69762
607 6.77537 12.9485 -0.256482
608 4.68282 37.2175 4.21263
609 24.6436 34.0993 -3.01898
610 36.0457 26.5405 -3.38435
611 39.6624 22.4702 0.00477937
612 23.3088 10.8771 0.616268
613 26.9269 12.7624 1.33874
614 39.2716 10.26 1.59171
615 30.7814 11.6158 -0.837671
616 32.4999 12.9343 3.228
617 23.7876 29.0149 -2.20013
618 32.8087 2.41486 -2.24825
619 22.7791 33.1345 -0.385436
620 33.7056 31.6263 -3.98296
621 32.8226 12.7343 2.48062
622 11.0632 38.1067 -1.18186
623 24.4086 13.4003 -1.66262
624 32.6737 36.9684 3.26706
625 18.8083 7.02378 2.84655
626 8.46278 35.9418 -2.34365
627 8.9563 34.9551 0.464078
628 25.9246 10.7459 1.97923
629 30.8447 39.3174 1.03751
630 31.0574 27.3679 -0.706818
631 30.267 36.9757 1.13718
632 30.1817 31.101 3.66896
633 35.2521 26.7395 -1.64022
634 37.6038 34.7749 -4.24187
635 25.0509 25.4278 -0.110062
636 24.1952 9.34662 4.05968
637 2.09905 21.2634 3.12713
638 0.286637 26.5823 -2.39875
639 30.6405 7.70295 0.251827
640 4.74752 17.7065 2.25749
641 21.6041 38.3224 -4.29203
642 16.2322 1.41268 -1.9208
643 23.6518 25.1612 2.47582
644 14.993 7.13671 -3.29875
645 3.29264 8.21233 -0.907045
646 11.3422 14.5403 -2.40642
647 13.9694 16.1101 -0.940823
648 35.7551 35.2391 0.664964
649 22.8689 29.7762 1.07563
650 26.2112 9.78269 2.0623
651 27.8975 19.2372 -4.13433
652 0.0563501 37.3509 -3.62527
653 16.59 38.6407 1.4611
654 19.8953 13.9162 -0.760118
655 34.4139 37.489 -1.05722
656 14.0377 13.8731 -2.47448
657 22.0069 4.17279 -2.30459
658 8.84841 26.431 -0.314669
659 27.3154 39.8476 -4.23402
660 27.8464 11.689 2.41372
661 38.7645 14.9896 -2.77507
662 24.7848 31.4271 -3.35665
663 18.0354 18.5108 2.28984
664 32.7962 16.8424 1.41249
665 30.9738 0.127676 1.87047
666 32.1565 3.433 3.86949
667 35.961 34.2971 -1.91539
668 4.18788 33.2193 -2.05858
669 14.135 29.37 -0.902631
670 38.9716 22.6937 -0.821798
671 22.6243 34.1539 2.47015
672 15.397 25.9217 -2.01431
673 34.4239 7.10696 2.49283
674 15.1139 18.3966 4.7715
675 30.6031 16.1721 3.41779
676 30.9366 39.7852 0.113313
677 34.1416 12.3177 1.38222
678 28.1453 35.9189 -0.0158484
679 22.2467 15.0212 0.304227
680 10.8825 21.7127 0.607293
681 11.819 38.827 1.74962
682 30.787 37.5513 -0.155823
683 34.672 18.2566 -0.607851
684 4.00144 33.1467 0.434177
685 24.9767 30.3783 -1.7013
686 0.18355 38.924 2.44769
687 25.9172 8.12168 3.70187
688 35.5548 0.693387 1.01127
689 11.9415 36.7718 1.28029
690 17.2619 30.5953 -1.7693
691 11.6785 35.129 -1.96474
692 23.9793 14.1991 -0.656498
693 37.5875 14.7023 -2.85706
694 23.9805 33.6034 0.510516
695 13.7112 33.4554 1.63908
696 33.5226 28.2954 1.30234
697 25.5425 8.92765 -2.39152
698 37.2188 11.4153 2.66832
699 22.4288 17.9102 2.91236
700 2.54264 1.79359 0.672179
701 28.5833 2.49698 -1.00606
702 2.96962 39.3766 -1.43993
703 29.9167 14.9403 2.5897
704 28.0344 30.9764 -3.03309
705 5.08397 38.0074 -0.543657
706 35.4481 31.3831 -1.72286
707 14.6034 8.20783 -3.46068
708 25.6527 17.9722 0.140839
709 24.0635 5.66164 3.95537
710 20.7784 27.2074 0.144632
711 30.9911 30.7169 -3.29368
712 28.237 14.9542 0.71034
713 39.1507 9.68287 0.0096885
714 21.3872 30.0412 -2.14886
715 37.6895 4.0481 0.638981
716 26.9175 33.9029 -1.79419
717 17.3106 23.4279 1.27978
718 12.3764 32.0427 1.21471
719 14.0533 35.2728 -2.21344
720 18.2323 23.5817 -2.35551
721 31.0425 35.4272 -2.47985
722 3.20536 6.83029 1.46226
723 15.8984 38.0648 3.56378
724 10.5487 5.70429 0.569049
725 29.1479 4.20573 -2.32623
726 8.38225 30.9245 1.09614
727 2.38253 32.4388 -1.31269
728 1.49488 4.78039 -4.05676
729 22.7592 39.165 2.20313
730 20.0591 16.0099 1.28437
731 29.5414 18.4573 -1.05576
732 21.8857 34.8727 -1.0622
733 37.0595 26.5034 -0.942491
734 23.8485 18.1551 1.43501
735 17.8616 18.619 1.00805
736 24.3049 25.205 0.609183
737 33.9686 27.2145 0.31935
738 14.3968 6.75377 -0.109487
739 10.496 28.5661 1.04942
740 34.4451 20.5575 1.57308
741 2.3728 33.3111 0.621143
742 21.3274 14.7157 -0.172391
743 17.1175 23.2609 1.15739
744 30.3698 29.1247 1.67819
745 15.3888 29.49 -0.943512
746 16.6816 19.2953 -1.29876
747 17.3253 20.7301 -0.285208
748 13.4381 30.617 -2.22362
749 3.45965 6.5243 -0.646261
750 8.04367 32.8995 4.11794
751 7.56391 37.0708 -3.08223
752 36.7472 13.6193 2.85589
753 6.68865 24.4292 -0.706993
754 32.7611 17.3299 1.1511
755 23.1632 10.611 1.37293
756 31.448 8.85186 -3.43885
757 18.6076 20.8988 0.319971
758 32.2592 28.5941 0.478355
759 9.81774 31.1767 -2.23018
760 29.7677 39.3326 1.16166
761 15.7695 12.8665 3.81281
762 22.0661 29.5496 -1.28761
763 17.1856 5.85615 3.44463
764 28.5827 3.62554 0.61741
765 26.7504 26.7003 -0.379977
766 9.22847 14.9381 -0.853604
767 34.5393 16.3511 -0.062514
768 7.79376 10.0548 -1.2972
769 21.6201 30.3199 -3.03451
770 13.6745 28.4242 -0.318139
771 37.3925 19.3206 2.81245
772 16.0144 34.5525 -0.250384
773 29.1824 29.7425 -0.658622
774 35.982 38.5335 4.61689
775 21.6613 16.7797 2.36743
776 10.0079 21.3345 -2.00067
777 39.2019 20.5254 -0.569854
778 28.7403 23.5937 1.74258
779 19.5044 0.927328 -3.06068
780 1.50066 4.56721 -3.17596
781 29.9857 39.561 -0.129228
782 9.7508 4.09956 2.11242
783 18.4002 12.4867 1.24903
784 30.7266 39.347 2.86622
785 25.0303 21.3544 -1.54141
786 9.44624 26.6795 -0.809893
787 28.4928 0.983351 -0.755409
788 1.64856 30.8397 -0.621056
789 39.2883 14.1515 -1.65819
790 10.2955 34.544 2.46268
791 20.8082 16.4643 0.0376385
792 10.2993 30.9385 -2.43833
793 19.6202 38.2582 3.67119
794 19.991 23.4229 -2.1256
795 8.3206 9.18662 -3.93929
796 18.3651 25.4076 -0.521832
797 5.21399 33.3352 -0.495114
798 23.4218 6.86669 0.243543
799 21.2962 37.3304 0.214384
800 28.9718 8.58579 2.17434
801 24.4225 13.7373 -0.98528
802 35.9213 9.33065 -2.6137
803 6.97734 38.5771 -1.56428
804 0.844898 16.2114 -1.75158
805 35.3003 18.9957 -0.09081
806 8.62733 22.7572 -1.67449
807 22.4699 4.86897 -4.54003
808 26.3242 19.6078 -0.998731
809 15.7074 12.8222 2.06711
810 15.4705 37.8597 1.05238
811 9.7646 29.1796 -1.18153
812 13.9814 32.9852 2.32573
813 37.614 3.95063 0.973718
814 28.8453 34.0045 -2.28315
815 32.1516 22.4407 2.58132
816 14.993 33.553 -1.62272
817 16.9926 33.603 1.3397
818 11.0538 10.8506 1.63183
819 22.7818 3.61716 1.81845
820 35.3193 39.6071 3.36064
821 11.6129 10.2469 -1.83097
822 6.89977 9.97621 1.62521
823 36.411 2.20519 3.43553
824 38.5702 13.3356 2.2208
825 33.828 28.3978 -1.68538
826 39.4156 12.5299 3.19949
827 37.5998 13.4858 -0.391117
828 26.1402 8.24569 1.92599
829 17.957 35.4393 3.83481
830 12.0825 22.6539 1.43974
831 11.8622 35.3915 -3.68855
832 32.3926 30.4582 -0.835835
833 14.9144 16.7566 4.8356
834 20.7569 8.66301 2.24523
835 5.39006 32.4946 2.3331
836 20.0964 33.5817 0.305969
837 36.0919 26.8142 -1.26064
838 28.1846 12.1981 0.831797
839 1.66749 23.6488 0.391469
840 26.035 15.6159 -0.0268794
841 31.4321 39.7298 2.2862
842 25.6296 31.4336 -1.0416
843 12.7027 0.388465 1.34481
844 8.63596 12.9628 3.29224
845 3.10973 29.5756 -0.890707
846 16.1945 36.1132 1.80609
847 3.13954 22.0239 1.41135
848 24.1957 16.7386 0.784425
849 12.2099 22.4498 1.30024
850 4.13484 34.1542 0.629556
851 1.26524 36.451 0.318244
852 24.9248 31.1818 -2.32597
853 28.3135 24.6998 -1.77241
854 0.449252 31.5543 0.898465
855 18.5683 1.67202 -1.97111
856 18.5275 33.4101 1.5241
857 6.82615 21.8827 0.610079
858 1.62615 24.5802 0.0819443
859 20.1202 39.9156 -2.46215
860 29.6648 20.4711 0.0394008
861 38.7538 13.2925 -0.898099
862 2.30051 34.0023 0.812594
863 11.9998 14.865 -2.43511
864 27.8598 10.8859 1.46856
865 26.5781 30.3721 -1.99283
866 27.1936 39.1228 -1.74998
867 15.8329 1.2595 -1.71922
868 34.9739 24.9183 1.97918
869 38.7549 13.4608 2.62161
870 8.99795 3.37822 2.01426
871 19.617 21.3809 2.31504
872 32.7537 24.8496 3.57719
873 18.5284 20.9508 0.882498
874 33.1711 9.21591 -2.08577
875 38.0661 11.4976 1.21618
876 2.36743 4.82275 3.49155
877 1.62779 0.786871 -3.55245
878 0.239367 36.1737 -1.77244
879 3.4864 34.1569 -3.13143
880 0.715814 21.8244 -1.63724
881 8.42002 25.5238 2.78441
882 22.296 7.92685 -1.82801
883 3.62032 26.1355 -3.07477
884 14.7952 17.2471 4.80897
885 11.9502 13.5937 -1.27392
886 14.8574 28.8571 -1.42509
887 33.1384 16.0038 0.968244
888 39.3648 31.0921 0.205342
889 7.62554 11.449 0.586697
890 21.2915 14.7093 -0.77954
891 21.2922 20.0288 2.75445
892 29.3186 2.96586 -0.600996
893 25.7195 31.0294 -1.42288
894 32.0212 31.6812 3.28673
895 35.2533 22.2723 2.16498
896 14.8935 37.8039 0.846655
897 0.641046 11.4151 2.72009
898 17.7192 18.3195 1.72717
899 9.35971 27.3869 0.0472378
900 16.8147 5.92502 1.05286
901 4.03037 38.2868 -0.0451622
902 0.75258 29.8927 -0.265352
903 5.40943 34.4297 3.3741
904 20.608 1.74287 -1.78107
905 22.6489 33.9677 -0.350406
906 25.4561 25.2982 0.608501
907 21.2254 30.6444 -1.42669
908 30.748 35.8154 -1.81719
909 19.9951 7.73415 1.89486
910 37.0208 18.6713 1.51991
911 34.1388 26.0152 -1.40667
912 20.2899 26.4264 -1.64354
913 2.40798 23.9463 3.29157
914 8.74341 25.5222 2.73453
915 36.6165 36.2377 -1.12529
916 25.3143 19.2449 0.505296
917 5.29967 30.2729 -1.68086
918 4.11005 33.1656 0.0605339
919 32.3179 18.5067 0.415642
920 1.98941 19.1397 2.46219
921 33.141 23.7884 0.860511
922 26.1809 14.9253 2.19956
923 9.96432 26.9583 2.23742
924 27.8996 37.0549 -3.62797
925 19.3841 1.3914 -2.42941
926 27.1912 35.0911 -0.387594
927 8.93033 33.3622 1.31703
928 34.8613 3.91131 -3.24153
929 36.104 29.3826 3.48606
930 13.6584 9.78048 2.22032
931 21.2734 19.0785 -4.32697
932 9.76149 26.0204 -0.396745
933 13.1858 5.96182 -2.01825
934 30.054 30.5266 4.60308
935 5.31023 6.39521 0.860067
936 7.51897 23.1245 -1.43685
937 12.2121 39.702 -0.0846465
938 19.8535 23.2503 -2.57306
939 23.5289 9.34337 2.08578
940 17.9266 18.6885 4.89212
941 21.6604 19.4738 4.38823
942 3.46568 7.60063 -0.430259
943 11.8708 2.7167 -3.09012
944 39.8267 29.7553 0.373175
945 4.99982 1.98557 0.204778
946 21.1503 23.9699 -1.59475
947 22.5213 3.98702 2.51208
948 11.5229 37.225 1.41705
949 5.72914 8.10746 3.31812
950 33.721 24.383 0.646036
951 19.8655 9.93487 -1.67318
952 12.6124 16.973 -3.73163
953 36.6633 12.7166 1.45789
954 3.70364 1.36613 0.761057
955 39.3528 10.1476 2.67595
956 32.0635 6.4501 -1.06455
957 30.9633 16.1243 0.637628
958 2.03237 33.7749 0.575113
959 27.0025 32.3599 4.57988
960 3.15867 6.89238 -1.287
961 3.05641 32.6194 -1.30564
962 11.7606 31.6162 -0.852841
963 15.901 30.6271 1.76296
964 4.9885 11.1408 -0.410997
965 0.05418 31.8587 -0.297382
966 16.1874 18.5959 -2.09031
967 22.5547 39.834 2.40588
968 34.7147 27.3855 -1.42343
969 11.7376 39.8349 1.77405
970 25.4966 39.1908 3.16971
971 33.6894 13.46 2.26714
972 10.5513 19.8347 -0.597563
973 9.33876 23.9978 -0.592004
974 26.5653 15.7244 1.6318
975 13.6207 29.2317 0.800056
976 3.62723 3.62026 -1.15376
977 4.93325 38.6885 -0.626111
978 12.6408 22.7522 2.38784
979 4.01087 33.3608 0.656093
980 38.6637 13.1692 2.37014
981 5.3255 10.5745 2.29299
982 0.839215 1.30171 -3.74647
983 24.1351 13.6717 -2.465
984 14.2783 33.9123 -1.07417
985 6.05198 21.0975 3.36769
986 30.3965 14.9359 2.36636
987 6.0507 7.77224 0.962278
988 2.99935 31.4158 -0.446418
989 15.888 30.2812 1.40136
990 26.1604 16.6489 -0.181043
991 10.5708 23.2715 1.2884
992 39.8806 15.1541 -1.90576
993 10.472 20.0322 2.61733
994 26.7388 19.7953 1.31188
995 8.58042 21.9603 1.70561
996 37.3821 18.0332 -1.28805
997 35.8618 13.5341 -3.23371
998 38.8646 1.01461 -2.3945
999 32.9178 28.2214 -0.742286
