1000
Particles
0 38.5185 38.3397 -1.84216
1 33.0355 20.3237 4.1682
2 18.0053 4.15929 -2.46756
3 9.03084 35.7621 -1.4349
4 15.5087 21.3717 1.45254
5 22.1101 7.23876 0.0472019
6 29.8251 2.92407 -1.7871
7 33.4256 20.2901 2.97241
8 6.75339 29.2813 -0.089051
9 30.8067 21.28 1.50537
10 25.5884 32.6123 2.69899
11 2.62095 33.1809 2.41005
12 34.2847 28.4149 2.89981
13 2.25391 7.74385 2.27392
14 28.7145 17.2674 -2.17458
15 28.6276 29.7518 -2.33669
16 25.1348 33.1768 -0.5778
17 31.0352 11.7687 3.62741
18 31.887 16.0317 0.749781
19 14.7814 20.4278 3.48094
20 9.35927 10.361 -1.06141
21 35.5124 2.80456 4.34584
22 38.4369 18.7757 -0.823713
23 32.1979 18.8928 -2.88169
24 37.6892 7.47996 0.222277
25 2.68288 33.366 0.699436
26 16.635 30.5812 2.35788
27 12.4478 15.8416 2.27888
28 5.58159 31.0397 4.05376
29 31.92 10.5085 -1.11623
30 19.289 21.122 2.37087
31 13.7544 17.779 -0.0125914
32 18.3362 7.44356 -2.82985
33 5.72079 0.963581 -3.60387
34 25.1464 16.8064 1.57174
35 25.5929 0.986431 3.32054
36 19.8087 39.2605 2.32785
37 38.5242 24.6924 0.215532
38 32.0332 39.0027 -3.7498
39 27.0654 15.4514 1.27892
40 33.972 35.7686 2.04746
41 16.1335 14.3996 1.39654
42 37.9313 18.0245 -1.93085
43 25.1001 37.1039 2.91483
44 22.0795 24.5988 -0.862413
45 3.45955 27.033 -1.25256
46 2.94438 6.34451 3.94828
47 37.702 3.77451 1.52524
48 4.12765 37.8523 0.374079
49 7.7593 30.6454 1.17546
50 38.5552 39.8605 -3.60871
51 16.9564 0.758021 -0.888391
52 34.081 9.70747 0.0532829
53 14.8463 6.99842 0.470032
54 33.8094 27.1269 -0.151673
55 35.5614 18.5023 -0.143905
56 24.8415 7.10703 1.52893
57 1.74606 29.6027 4.21328
58 37.2204 22.9724 1.69743
59 2.7265 33.7852 1.45615
60 8.69258 25.5974 2.95578
61 17.9104 27.9304 1.49836
62 32.9671 39.8858 0.535706
63 11.0473 16.1379 1.1262
64 36.4547 27.492 -0.683647
65 13.7167 38.1341 2.77231
66 11.7413 15.7292 -0.576609
67 26.7708 20.3099 1.19279
68 9.9872 5.87804 0.517115
69 11.9185 5.23891 -1.72835
70 5.00243 33.6856 -1.63673
71 15.4974 9.29932 0.0939306
72 8.94579 14.6754 -0.540193
73 21.9353 26.1217 -0.560752
74 7.539 1.27287 -1.40227
75 3.84854 33.494 -1.17634
76 15.017 7.76311 -2.21921
77 8.60238 24.9384 -0.0957142
78 38.6839 29.4191 -2.46464
79 37.4273 2.43993 -4.26026
80 37.4681 3.59418 -0.707482
81 2.14418 27.1414 -3.71957
82 14.135 11.0564 0.278796
83 18.891 26.818 0.580058
84 16.1304 16.8737 2.43927
85 2.18419 21.1661 -0.691635
86 17.893 6.81941 0.17149
87 21.9071 36.7155 -1.6335
88 2.34891 0.0402968 1.16974
89 1.98545 1.46442 -1.61571
90 34.9215 34.3776 -1.83419
91 20.6177 15.2226 0.838636
92 16.4611 20.8185 3.8005
93 17.8222 9.19078 -0.0375283
94 17.7562 17.1772 -1.13847
95 18.4758 1.49561 -1.42281
96 13.1518 29.0277 -3.66093
97 23.2774 36.9693 -2.59796
98 1.34277 22.4306 -3.41595
99 12.6005 39.1415 0.171144
100 30.5329 20.1973 4.01884
101 18.6451 26.696 1.93133
102 20.2492 31.6842 0.601278
103 10.3652 1.77033 0.421825
104 24.7575 6.56835 2.72835
105 19.713 30.0131 1.15326
106 31.802 13.1988 -4.15133
107 18.1692 22.2588 -2.94504
108 23.1706 10.2072 -0.680588
109 0.799063 35.6938 2.0959
110 13.1853 1.61425 -0.280552
111 1.3808 28.8264 2.57136
112 31.8318 37.3208 -3.34672
113 38.5672 20.4427 2.10407
114 2.12167 25.9778 -2.3144
115 31.6632 22.332 -2.82956
116 23.7227 29.2469 -2.89569
117 23.8128 31.072 -0.779901
118 22.3522 2.15396 2.94621
119 34.0826 19.0635 -1.22406
120 28.9193 28.5386 -2.81098
121 25.7719 15.5538 3.51708
122 37.9955 17.1022 -1.86408
123 7.37024 24.9494 0.359482
124 15.8807 38.4236 -3.31798
125 27.6488 39.8825 2.37137
126 27.4374 20.951 -2.82614
127 38.1181 3.78551 1.15761
128 36.7284 10.153 3.15248
129 1.24184 11.7602 -0.196598
130 37.1464 4.6402 0.600307
131 33.2223 26.2884 -1.53779
132 22.6053 0.116942 0.380751
133 32.6131 31.2302 -1.10994
134 5.22996 30.0759 -3.76233
135 13.8464 5.68286 1.83639
136 27.4776 7.14117 -0.535498
137 30.9296 34.0677 -1.87237
138 10.7627 22.1425 0.278739
139 15.9207 0.397237 -1.79586
140 23.2499 35.0465 0.183243
141 34.5883 30.4316 -3.30364
142 26.2821 2.10877 3.36548
143 18.1162 27.4555 2.44009
144 3.09519 25.6138 3.51091
145 30.2373 21.2253 -1.30035
146 31.812 8.97112 3.18965
147 37.4101 0.311353 0.630292
148 37.7041 12.4477 1.22784
149 16.6009 25.6937 -0.0373869
150 19.1608 14.7021 -1.50977
151 35.9312 36.3711 0.559705
152 18.7822 9.82246 2.75581
153 20.4203 3.23917 2.51109
154 28.626 36.765 2.57345
155 31.9716 27.6139 -2.13857
156 35.3474 26.8145 -0.116617
157 12.95 13.3808 -3.0742
158 16.439 31.0398 1.42021
159 18.0806 27.6701 3.20353
160 2.69894 14.2613 -2.09866
161 13.3304 22.2845 -0.513105
162 27.2548 31.7736 -0.0778916
163 7.0453 5.97672 2.02659
164 15.1303 3.97568 0.793513
165 24.4652 8.50652 -2.18146
166 34.9674 7.37669 1.97826
167 10.6846 39.1697 -1.83294
168 0.371458 21.0016 -0.745132
169 1.91502 30.9821 3.01765
170 0.183788 36.672 2.11275
171 22.9859 38.7729 3.17203
172 39.4462 20.0435 1.65641
173 24.2015 36.9877 0.682227
174 17.5766 35.5255 -0.502607
175 0.693144 8.64015 -2.21583
176 17.8629 19.6855 2.55607
177 15.2873 7.1997 -2.23233
178 24.7266 17.8647 -0.784651
179 28.4539 10.2987 3.61487
180 18.2781 11.1639 2.29706
181 38.5204 30.8147 2.11041
182 21.5253 13.0811 3.88483
183 6.02496 23.9781 2.89088
184 30.795 38.3426 -0.941307
185 12.951 11.9819 -1.50343
186 23.7895 2.70975 1.93916
187 7.90382 38.2908 2.84036
188 20.2181 18.0213 -3.34971
189 10.3659 26.6344 -3.15953
190 25.3914 20.4415 -1.05537
191 14.1816 31.6948 1.09647
192 36.9377 4.18924 1.43996
193 30.3816 18.5323 2.7059
194 17.1445 28.3249 3.01278
195 11.5252 20.2516 0.361876
196 25.6857 37.8697 -2.34673
197 20.304 35.139 3.4198
198 29.4874 19.2989 -1.11707
199 10.8813 13.3189 0.276283
200 32.4939 38.2614 -0.960581
201 35.3276 19.5739 2.5865
202 18.1637 18.9603 3.53192
203 25.4592 17.8038 -2.52947
204 31.04 33.0915 -1.28177
205 35.7094 32.8119 2.09686
206 14.2299 4.67565 0.826881
207 39.1447 31.2126 3.78462
208 33.5523 23.4397 -0.448611
209 6.42799 30.3024 -2.71141
210 7.30388 25.0879 2.48943
211 39.1467 20.8305 -1.36901
212 35.6219 34.0755 -1.91631
213 0.491813 7.75742 -1.91277
214 32.7668 20.5782 4.19131
215 33.7384 24.883 -2.17367
216 27.9195 20.8675 -0.314963
217 7.86066 10.2036 2.8154
218 13.2108 16.9914 -1.95278
219 22.6595 3.68996 0.667052
220 12.7387 7.21002 2.0723
221 21.8761 10.6917 1.2545
222 39.602 29.2565 -1.50164
223 19.6385 31.0003 -0.575804
224 2.83402 27.3178 -2.40656
225 30.8215 9.93604 0.446098
226 0.926564 23.0054 -3.03424
227 3.88447 6.79481 -3.34698
228 21.0593 7.26763 2.06407
229 36.8269 20.195 -2.75528
230 31.4986 7.14625 2.98398
231 18.2915 23.1912 -3.62794
232 33.5041 9.21552 -0.574541
233 37.9743 13.0945 2.56431
234 8.24962 35.9375 -0.0745867
235 38.8205 8.77481 0.298956
236 9.33812 36.6836 2.24736
237 13.4494 28.6491 -3.94034
238 11.4962 12.2723 3.46632
239 34.7149 11.3028 3.12326
240 24.1841 19.9937 -0.78205
241 15.5706 30.8374 2.78389
242 39.4125 7.16767 2.50076
243 24.1588 0.350363 2.64435
244 38.3915 17.7282 -3.06192
245 23.1705 0.495514 1.92929
246 32.3777 8.26796 3.23092
247 5.54929 2.30083 0.197256
248 6.281 24.1451 3.51934
249 18.1581 33.627 2.20098
250 13.071 2.33642 0.0434434
251 39.8931 8.6753 -3.06445
252 33.2286 17.5342 -1.62218
253 31.4206 14.4928 -1.3502
254 36.9863 0.327625 0.738251
255 25.2096 26.6874 2.29921
256 2.4135 4.65752 1.66404
257 30.2996 20.4697 -1.74558
258 32.4984 37.1581 -1.94504
259 33.7863 16.1757 2.28857
260 6.47971 11.0977 1.52587
261 24.4827 23.7383 1.91868
262 28.1239 32.9135 1.81902
263 37.1286 1.91762 1.93477
264 3.71216 25.9656 0.248764
265 1.96292 22.2097 -2.6428
266 38.3613 13.1777 2.95292
267 1.54304 27.2398 -2.7919
268 2.82709 25.6366 1.13826
269 23.7188 36.8749 0.0837207
270 5.04287 8.31469 0.615212
271 30.4673 9.79529 3.80783
272 23.2871 19.658 0.386134
273 26.2561 34.1395 -2.70314
274 9.78947 7.25218 3.82538
275 7.20468 24.5851 2.17782
276 26.9218 18.4477 2.35345
277 9.29948 22.6995 -1.33896
278 5.21938 8.96294 3.39745
279 5.98378 24.829 -1.99319
280 3.72423 24.3163 -2.11314
281 23.1068 16.1413 -2.09693
282 15.9226 19.309 0.725146
283 21.09 33.6957 -0.175498
284 26.1096 20.0677 3.72191
285 0.681063 36.1802 0.654916
286 36.233 3.87814 -0.675172
287 9.67729 18.3256 -2.20677
288 2.2402 39.425 1.08211
289 11.9876 31.4539 -2.21211
290 35.5014 25.4536 3.49748
291 13.4223 11.1283 -2.54216
292 0.369249 20.9396 -2.88223
293 2.57453 3.29336 -0.483477
294 31.2938 28.7055 -2.89448
295 17.6309 8.8161 -3.68601
296 26.6442 28.813 1.66154
297 0.482872 28.1259 4.22384
298 25.3039 36.7538 2.62671
299 18.5197 29.8241 4.4512
300 24.5687 6.3565 2.55466
301 32.2464 21.8732 3.41186
302 19.6037 35.81 0.545296
303 9.21028 26.0687 -0.417774
304 8.16438 24.1526 -0.222174
305 4.44988 23.8328 0.385201
306 29.7839 14.0056 -2.44686
307 10.6728 14.8059 1.40202
308 4.90742 18.2925 -0.921302
309 12.3498 35.6837 2.87685
310 15.515 20.6354 0.879906
311 22.6851 6.24614 -2.77884
312 37.0735 37.4268 -0.614677
313 31.2191 1.82976 0.809462
314 17.179 4.30876 1.18385
315 0.0620881 31.5819 -3.26065
316 0.153303 36.197 1.38878
317 30.2315 30.9021 -1.62502
318 23.3428 21.0879 -0.293727
319 4.08221 37.3297 1.03926
320 4.13963 22.8062 -0.212716
321 29.572 4.08372 -1.25469
322 5.28977 33.915 0.734268
323 19.1166 32.1615 -2.03458
324 28.0423 16.6294 -1.01673
325 8.6386 27.2561 -2.43044
326 2.31236 12.7094 1.57841
327 21.1766 35.6383 4.1413
328 17.904 27.756 3.76991
329 5.33197 21.2256 -1.17325
330 2.46579 13.5299 1.6564
331 12.4747 38.0695 1.90402
332 33.2761 13.7114 3.39548
333 23.8221 17.9951 -0.470906
334 16.6968 8.70332 -1.2036
335 7.86812 0.108639 2.11381
336 17.5739 35.1635 0.128493
337 9.21014 14.4958 -2.44149
338 14.9261 28.4244 -0.493017
339 1.46404 31.1376 0.303674
340 2.77987 25.4865 3.77529
341 31.9988 29.9159 -1.32088
342 10.3211 14.0996 0.30833
343 10.5621 14.5505 1.84623
344 13.4908 39.2285 -0.419063
345 34.0584 27.7143 -3.60549
346 18.6849 8.19928 0.121312
347 4.56677 38.5568 0.853716
348 8.0833 18.7678 0.794533
349 16.2465 17.6898 -1.77864
350 6.24439 15.6793 2.56903
351 10.1458 21.3103 2.86361
352 27.1384 24.9452 -2.11979
353 28.1425 5.06258 0.205422
354 35.2322 38.0963 0.626834
355 19.3438 18.5045 -3.41843
356 28.4232 30.3507 -0.493446
357 12.6363 26.7052 1.49283
358 10.8915 15.2088 2.54001
359 32.4585 26.5758 -1.65948
360 28.4806 24.3304 3.70625
361 29.1362 32.5539 -2.83528
362 39.6961 24.4643 -0.0518491
363 38.7196 12.6775 3.04527
364 6.02867 13.8093 -3.23162
365 9.64538 39.1972 0.6325
366 15.9251 4.92346 1.71651
367 11.5795 1.02493 -2.83694
368 23.7821 4.33193 -2.10335
369 17.792 33.96 0.850923
370 19.7422 27.2904 -3.45614
371 22.8332 19.2136 -2.60703
372 24.3783 24.8353 -1.21718
373 16.526 11.8985 1.57455
374 12.4575 18.622 2.50788
375 15.3827 11.4713 1.59479
376 1.27307 28.0195 1.45743
377 1.76084 5.42133 -1.86035
378 11.7567 4.36715 -1.85152
379 32.8215 27.6492 -0.0514258
380 35.4898 30.9517 -3.49916
381 13.0384 37.6414 3.43867
382 3.65067 20.2516 0.195772
383 18.2751 34.1572 1.10256
384 28.4381 5.35501 -3.16049
385 16.4272 12.5819 -3.00666
386 22.058 7.2324 1.04802
387 5.44359 4.58489 3.66656
388 32.563 21.9614 2.6617
389 2.93239 3.30356 2.45657
390 34.1163 26.4203 -1.80412
391 14.8065 11.9272 -0.146609
392 20.0691 28.5058 -0.524022
393 17.8198 5.88773 -2.43924
394 25.5479 37.5725 1.82952
395 34.9256 15.9605 2.12584
396 1.35248 5.12715 -3.17428
397 1.61767 0.820413 4.38633
398 2.70144 31.1141 -2.70806
399 35.8401 20.2914 -0.826172
400 1.98702 0.0434638 2.78113
401 23.9574 35.9222 -0.30339
402 36.7399 9.65236 0.355846
403 1.37149 26.478 -4.38928
404 23.9287 29.5581 -1.93904
405 3.34515 23.9853 -2.45178
406 22.8156 2.34696 3.73388
407 37.2026 1.19536 2.69762
408 8.91682 13.3085 -1.93241
409 13.4664 6.10873 1.14246
410 22.405 24.6921 1.76418
411 18.6911 21.6666 -4.73402
412 38.9626 3.98291 -1.84511
413 16.2958 11.7836 0.744128
414 2.19675 16.1043 0.664095
415 15.9205 28.0172 0.0901435
416 22.1877 32.9417 -1.76134
417 2.04209 3.60447 2.40625
418 27.9035 24.1045 1.3376
419 21.8454 9.65906 -0.915121
420 20.9377 38.9131 1.92902
421 5.60917 17.7707 0.245973
422 9.47117 9.4686 2.79733
423 28.3228 6.89637 0.407414
424 25.2251 21.2668 0.0785316
425 21.2904 3.74236 -1.1702
426 13.6757 21.8192 0.486792
427 17.3491 18.0897 -0.727926
428 2.29932 8.78215 -2.46458
429 3.23286 10.3146 0.201876
430 20.3594 16.4451 -0.651203
431 8.44145 9.25294 2.17821
432 20.9676 32.4741 -0.567509
433 28.2317 25.7789 0.797935
434 3.07427 24.7223 3.74337
435 26.8766 36.8875 0.530836
436 0.664385 27.8459 0.491687
437 10.5505 37.9286 -1.0787
438 6.58645 22.5621 3.08703
439 32.2368 21.6638 1.69742
440 26.2825 5.00444 1.57693
441 12.1932 3.04708 -2.15121
442 16.6831 27.8108 3.26692
443 20.3807 17.1305 -1.91879
444 10.2427 17.1529 -1.76732
445 8.64759 23.3242 -1.89983
446 19.681 5.63486 -0.294835
447 2.03075 7.59939 3.48146
448 32.2408 29.8806 -2.49521
449 17.3069 17.6563 -3.44765
450 10.2872 19.1945 0.444402
451 36.3895 9.79373 2.28714
452 16.358 11.4069 -0.160682
453 5.22465 29.636 -1.20443
454 36.5999 5.80998 2.4131
455 31.2284 6.62919 0.752557
456 9.2566 5.56278 0.515836
457 25.4091 19.4556 -2.52972
458 34.4899 20.2614 4.09528
459 9.66601 6.22642 -2.1894
460 6.8979 3.43073 2.94535
461 10.2783 0.27038 -3.56259
462 24.8974 18.6999 -1.21794
463 4.26377 33.1783 -0.839665
464 31.272 19.7922 2.1605
465 31.1668 20.5356 2.08561
466 33.8349 20.6112 0.670325
467 6.10931 37.1485 0.97327
468 29.7508 34.6058 2.83409
469 16.8226 30.853 1.14018
470 10.865 15.6355 1.22487
471 34.1374 17.6299 1.13657
472 11.7318 13.8045 4.58134
473 12.5466 1.55424 -2.56278
474 4.83461 35.9465 -2.27405
475 30.6858 6.57997 3.92046
476 19.9695 31.194 -0.360572
477 16.1227 32.8658 -4.2326
478 33.4491 19.7845 2.9322
479 39.4495 28.5143 -1.25554
480 34.3981 18.5487 1.8202
481 26.652 1.43329 4.18004
482 7.19118 32.0388 -1.96103
483 12.7003 32.677 2.95832
484 10.405 38.7682 -3.98872
485 5.18392 38.8019 -1.64877
486 17.7988 28.8315 -2.96137
487 29.5565 29.9287 -0.0576014
488 35.8871 5.65231 2.83874
489 19.1997 2.98752 1.6829
490 4.73958 1.33331 -1.12761
491 14.418 10.1884 -1.01659
492 21.8191 2.82255 3.37888
493 3.25321 26.9081 -1.07991
494 8.30649 21.4575 -0.970658
495 31.5061 14.5717 -1.62682
496 32.0521 20.7468 3.67084
497 0.786305 28.7024 3.63503
498 16.7083 19.2103 -3.72453
499 10.7475 18.2423 0.323545
500 7.42627 15.2085 0.413164
501 26.8982 14.1934 2.12092
502 39.2901 6.12402 3.43644
503 16.7662 28.161 3.02697
504 35.6865 34.0237 0.29563
505 7.09764 0.912546 0.196319
506 31.407 26.8319 1.45114
507 21.1662 13.2847 2.22631
508 1.09612 27.3673 -1.22212
509 25.3981 0.845843 4.06317
510 33.5978 0.916519 -0.688853
511 23.9099 31.357 -0.402121
512 37.5167 32.1218 -0.443552
513 18.088 33.6917 -0.537562
514 15.3718 25.3224 1.83003
515 14.64 15.2159 0.65648
516 23.6788 0.145202 2.89572
517 17.0275 11.4041 1.96444
518 16.796 12.1951 -2.40478
519 16.2042 16.0859 1.75686
520 37.0331 9.86033 2.51104
521 35.2434 27.6891 -0.714656
522 23.6535 19.5685 -0.870556
523 12.629 19.6097 2.30704
524 3.01829 24.5064 -3.20343
525 6.48483 13.2725 -3.89101
526 2.39362 21.7076 -1.69058
527 14.2788 4.33121 3.56817
528 21.7124 4.28604 -2.71216
529 29.0432 5.5463 -3.05112
530 34.0493 9.3293 1.9318
531 27.8155 10.638 3.43521
532 21.8148 36.1095 -2.84475
533 23.7948 28.4453 -1.48238
534 12.7278 28.1989 -3.03119
535 5.27356 4.42589 1.98285
536 33.143 18.2932 -0.867298
537 0.660149 20.6115 -3.49314
538 2.12164 39.4205 3.52067
539 1.99091 6.06501 -4.12061
540 30.2623 27.2946 -1.2726
541 26.6187 19.197 1.16866
542 0.688239 29.576 -0.301273
543 7.83481 13.6112 0.356225
544 6.72183 3.13354 2.60265
545 17.0716 23.971 0.271821
546 2.65968 33.528 2.5259
547 7.97203 17.5111 -0.780265
548 39.2774 32.3261 -1.42979
549 3.25983 24.1848 -2.52783
550 6.1996 33.4934 1.89329
551 21.442 18.8252 -0.596839
552 0.249867 8.12483 -2.18224
553 16.879 25.0974 -1.19548
554 17.2261 7.33643 0.500915
555 37.3401 14.6317 -0.885207
556 32.1019 20.3258 1.14599
557 9.41655 23.3278 -0.23012
558 36.1857 1.46091 2.87628
559 26.6311 31.5821 -2.22574
560 28.8893 24.5532 1.94482
561 9.1241 22.0486 0.134263
562 6.68238 26.2877 0.833249
563 4.09217 18.1117 -2.61296
564 14.3338 21.7573 -0.446882
565 1.58976 18.6799 1.46547
566 18.8386 31.1465 0.602804
567 33.6111 14.1445 -3.19978
568 0.559888 7.74019 1.04156
569 1.95962 20.8335 -0.545709
570 6.40935 27.4755 0.309553
571 18.1855 12.368 3.40498
572 37.6413 32.185 -1.93453
573 23.4649 38.6969 3.06564
574 10.6803 21.9736 1.79168
575 17.8042 20.3419 1.2723
576 39.5256 4.27745 -0.363993
577 22.3009 29.8381 -0.379563
578 5.00124 37.1932 0.658052
579 8.55058 10.0824 0.171879
580 7.97428 30.1383 1.43792
581 5.25048 31.4454 4.7713
582 27.4202 27.89 0.533023
583 24.0141 1.85191 0.909515
584 37.8583 11.0369 0.745468
585 6.26973 22.9346 2.65475
586 24.1305 20.3179 -2.28996
587 31.0851 33.3885 -0.827315
588 20.4359 32.1932 0.832175
589 27.8092 21.0693 -0.262451
590 5.0188 4.43972 1.70792
591 2.00218 21.5427 -1.88788
592 33.4062 27.5429 -1.79882
593 18.7284 22.6143 -3.36161
594 7.09097 3.15221 2.64436
595 24.7073 18.6189 -2.42035
596 38.947 34.6757 -1.31838
597 29.3022 9.58565 3.23636
598 34.5301 13.4214 3.92184
599 12.5554 34.9785 4.17848
600 7.29134 38.0443 4.49363
601 20.1063 35.5051 1.54482
602 8.15569 17.8528 1.6692
603 18.3676 19.002 -4.49566
604 32.5668 21.1416 3.43883
605 8.82754 35.5272 0.285803
606 1.14553 28.8767 2.81651
607 1.60527 9.10621 -0.989542
608 4.57072 3.75211 2.6259
609 26.2879 38.7973 -3.69059
610 32.8999 22.7141 3.34757
611 2.23271 25.4529 3.96472
612 20.3299 9.82951 1.13102
613 22.5305 12.2371 -0.423664
614 38.3753 8.6953 -0.144174
615 33.698 10.1437 1.46267
616 33.531 13.9119 2.8303
617 24.6235 31.7327 -0.958739
618 1.86687 0.451492 -1.45585
619 27.737 32.9553 0.999039
620 33.5131 35.7042 1.62701
621 25.7244 17.6952 -1.83505
622 11.5707 2.61632 -3.05665
623 18.887 11.3579 0.0186769
624 32.2241 4.86903 1.21933
625 17.952 9.06312 -0.462166
626 6.12263 37.7732 -0.0122644
627 4.24668 32.6539 -1.68488
628 20.6639 11.1828 -0.962424
629 28.7134 3.56592 4.24886
630 35.4102 30.5809 -2.94271
631 27.3482 36.7681 3.16225
632 31.1338 30.7017 -1.92754
633 37.1403 20.9995 -1.01278
634 37.775 3.86961 -1.00624
635 25.3712 27.751 0.667463
636 19.3465 4.48737 -0.820615
637 1.1269 24.693 -3.50294
638 34.261 25.6801 -0.758322
639 32.3984 6.99605 1.76186
640 6.38193 17.8686 -2.19798
641 22.8774 7.15522 -0.484714
642 19.8359 37.7318 -2.41112
643 26.2405 27.6803 1.47071
644 11.5704 4.85912 -3.8661
645 4.04225 12.6727 -2.91282
646 9.58023 8.76583 3.42828
647 11.9672 16.4989 1.90856
648 33.1356 34.0903 0.516421
649 21.4056 23.3974 0.548892
650 30.6573 12.9786 1.02352
651 24.5485 19.6906 -1.10561
652 4.74634 0.88334 -0.464836
653 10.2353 2.75974 0.370137
654 20.9218 13.0593 3.28836
655 32.3284 35.6897 -0.82587
656 10.7665 13.5518 -1.45247
657 22.3529 7.74461 0.882959
658 9.56758 26.9238 -0.610445
659 31.8132 38.3066 -1.17339
660 25.1662 15.097 -1.505
661 35.6824 19.0917 3.25808
662 30.3417 31.6377 -0.553443
663 17.7373 21.8471 0.873777
664 28.2793 14.4261 4.45267
665 33.2751 0.219573 -0.388798
666 26.3452 37.5874 -2.17138
667 1.51583 33.0481 -1.03797
668 9.62395 34.5218 1.55737
669 14.2733 26.1845 -2.72618
670 37.9109 29.8007 -2.72013
671 26.6036 39.7236 3.25581
672 13.341 32.5281 2.89421
673 35.5727 5.09895 3.69251
674 13.229 19.5037 1.71186
675 28.3819 16.4148 -1.86245
676 28.9782 37.3817 -2.05349
677 29.7455 18.4747 2.71247
678 29.9177 38.3269 -2.35047
679 20.2348 21.7822 1.54776
680 17.2154 28.1877 1.10591
681 13.3586 38.78 3.44795
682 30.9904 37.2626 -2.2883
683 29.942 22.7087 1.28296
684 12.404 38.7698 -1.05601
685 25.3176 27.059 2.62546
686 38.9864 3.50807 2.49099
687 22.1265 10.437 -0.539008
688 31.6311 4.33013 0.404912
689 13.782 38.2134 1.69811
690 19.5587 30.1832 -2.3413
691 16.1795 30.9146 -0.305985
692 26.2852 15.3659 2.04117
693 37.5683 17.1707 -2.75351
694 29.2458 32.7265 -0.948763
695 16.4773 29.6257 -0.494876
696 34.3028 28.528 3.05579
697 29.3488 7.30261 -2.04722
698 34.3887 14.6246 1.78587
699 23.0338 20.6777 -0.0893562
700 3.45829 2.28959 3.56607
701 28.0065 3.0929 3.16642
702 37.946 3.94707 1.7664
703 34.4106 15.6126 2.27471
704 28.4396 29.14 -0.152319
705 2.16537 34.0244 2.48999
706 34.0286 34.1673 0.400098
707 11.0609 8.38634 2.11467
708 28.0838 17.0604 -2.562
709 23.5443 7.77091 1.37853
710 18.2738 30.0534 0.562932
711 34.0937 28.4027 -2.33104
712 27.7073 14.2631 4.54149
713 35.4008 11.4284 2.34306
714 27.6374 29.4379 2.61244
715 0.237479 6.92374 0.219623
716 21.0393 35.8176 3.78426
717 17.6649 28.6783 -1.77946
718 14.0522 30.8323 1.79445
719 9.99221 36.2769 -1.57742
720 16.0237 26.5363 2.27681
721 27.6519 35.3653 2.8037
722 39.0477 3.68237 -2.36067
723 19.8062 39.4293 0.61484
724 12.4105 2.18772 -1.18979
725 28.9705 4.97913 -3.39921
726 5.26919 30.0149 -2.24695
727 4.2563 26.7188 -0.315695
728 4.16013 9.82062 -2.48704
729 21.4848 36.2398 1.92643
730 17.7468 7.95063 -1.20147
731 33.0821 20.0514 2.70668
732 25.5163 33.8375 0.0543141
733 32.7725 22.339 1.14337
734 21.9785 9.57574 -1.9274
735 19.3204 19.7134 -2.28458
736 21.7439 32.29 1.01833
737 32.1956 30.3795 -2.43237
738 15.4963 9.45794 -2.15207
739 12.2972 30.5224 2.92096
740 1.11906 17.1106 1.0719
741 8.22405 32.8687 0.12864
742 23.4336 13.8867 2.66006
743 21.7267 24.8649 -0.575746
744 33.9206 22.318 1.45602
745 18.5803 32.029 -1.69079
746 14.5397 10.9093 -1.10153
747 17.5576 26.2863 2.68236
748 14.7382 25.7964 -3.23991
749 4.00582 3.83134 0.625834
750 6.61498 31.4038 -3.02355
751 10.0416 39.7233 -0.416213
752 34.8318 15.0586 0.673917
753 8.03147 22.463 1.00325
754 28.5729 23.663 3.31081
755 22.9271 7.65653 -0.388673
756 39.3451 7.96984 -1.78649
757 14.0838 21.1853 2.49136
758 33.4512 21.779 0.971071
759 9.1809 29.43 -0.0918095
760 33.805 0.975721 -2.10481
761 12.262 16.6801 0.202361
762 22.7379 24.7676 -0.0449691
763 15.5329 0.774587 -3.60324
764 27.1255 4.15565 2.70904
765 27.6419 28.7929 0.612037
766 9.928 16.873 0.280341
767 31.9305 14.055 -1.73694
768 8.66098 17.2109 -1.74
769 19.0954 28.3253 -1.04996
770 10.9117 24.78 2.3723
771 4.23476 22.6658 1.02093
772 16.3842 34.5738 -0.393911
773 38.4946 31.5087 3.17253
774 36.931 37.9271 -3.37647
775 14.4386 11.2063 0.338558
776 12.7423 19.9374 0.853651
777 4.90407 20.7722 1.1801
778 31.3083 26.9896 0.0678907
779 18.1375 0.734024 -1.49069
780 3.57106 2.42706 3.11279
781 30.7144 5.4709 2.02846
782 9.8475 8.28348 2.31478
783 15.4343 5.93752 -0.0125151
784 29.4933 3.02687 -3.23994
785 25.438 18.871 -2.94642
786 7.16146 24.7137 -0.0665326
787 31.9123 38.4453 -1.23909
788 3.08185 34.4933 -3.65185
789 37.9164 13.0105 3.11883
790 10.0487 28.961 2.01933
791 13.9518 18.4097 -1.22636
792 10.2654 28.5111 0.367951
793 26.7508 3.26799 3.08295
794 21.9618 24.3395 -0.404473
795 8.2407 10.1932 1.6337
796 17.7597 26.36 -0.152454
797 2.7789 29.8873 3.85321
798 28.6251 7.42589 -1.09731
799 24.0281 0.868756 1.92527
800 28.7447 9.90187 4.30367
801 21.988 15.9543 -1.48495
802 35.0304 17.7549 -0.223416
803 9.44368 1.50757 -0.551038
804 5.44124 16.8715 2.12838
805 6.57306 23.3373 2.25504
806 15.5325 25.8433 2.46126
807 23.261 8.79624 4.1573
808 23.9537 20.0118 -2.48509
809 21.5377 11.1025 0.633188
810 15.3562 38.9371 -2.60208
811 13.3405 27.0589 -1.71043
812 9.25219 0.324208 -2.20044
813 4.25543 6.28941 -1.25271
814 26.0186 0.384517 4.02586
815 33.5247 21.7292 2.87271
816 19.0187 35.8618 1.33825
817 17.1212 36.5522 -1.12621
818 6.18605 15.205 1.00917
819 23.757 4.34703 0.199985
820 35.9068 0.389055 0.293816
821 15.7946 9.57565 -0.226567
822 9.21565 5.51095 -0.412836
823 28.7036 1.15415 -1.70726
824 36.2258 19.404 1.65893
825 36.366 29.1901 -0.742377
826 4.55232 17.6779 -0.251504
827 1.11427 14.0299 -4.84926
828 20.1807 15.005 3.51831
829 16.7159 31.4859 -1.81937
830 14.6782 25.7502 -1.64996
831 10.2398 38.8657 -0.936622
832 28.4916 31.388 0.13605
833 14.3624 11.983 0.650227
834 18.0823 8.79679 -1.47954
835 3.11341 27.177 -2.37511
836 21.5621 28.2913 -1.08116
837 33.8099 29.5101 -0.274779
838 22.9725 4.30478 -1.62523
839 3.39149 23.3735 -1.59766
840 24.777 10.0778 -2.34033
841 30.9104 36.3629 3.06865
842 20.1401 30.8466 0.795915
843 9.57478 2.7732 0.999895
844 6.73977 24.2469 1.63042
845 2.72916 26.5146 -1.21793
846 16.6713 32.2296 -3.55663
847 3.694 21.9714 -0.51977
848 24.18 19.2641 -1.08658
849 15.888 13.2205 -0.580602
850 4.68536 32.3719 -2.56123
851 2.48489 37.3463 -0.659452
852 25.2667 30.1727 -0.0780745
853 27.0467 24.755 -0.12379
854 0.708761 30.6518 2.31999
855 17.3399 2.35542 1.86396
856 16.5235 35.1707 1.04667
857 11.5119 16.4964 0.225007
858 3.01882 25.0015 2.91829
859 15.0073 38.3621 -2.20778
860 37.615 20.126 -0.883312
861 4.63399 18.2979 -0.316654
862 39.6602 35.3246 2.76482
863 13.2619 12.5307 -0.856561
864 23.6216 9.78123 -0.968499
865 31.1084 30.9791 -3.221
866 24.8896 1.42923 2.52473
867 22.5627 36.7103 -3.6059
868 31.0555 26.7358 -1.99924
869 39.3864 15.3613 -1.0633
870 3.30371 5.05689 -4.00923
871 17.5971 24.0736 -1.40818
872 27.0782 25.1795 0.840829
873 18.4356 19.5522 -2.45389
874 35.514 14.7378 2.51967
875 37.3773 13.337 2.72789
876 1.34257 12.2519 -0.0431641
877 38.9983 0.655681 -4.24395
878 4.15996 0.878558 -0.711653
879 6.13459 31.933 -4.62994
880 1.19327 19.7019 -3.30843
881 3.85302 24.6209 -2.19482
882 24.0288 4.42256 1.15748
883 37.614 25.3888 1.62389
884 9.40298 18.8191 0.516483
885 12.3173 11.979 2.49145
886 16.3714 23.6355 0.190377
887 0.245439 24.3615 1.82992
888 0.147804 28.1651 -2.06912
889 6.69743 11.0361 3.27196
890 18.0712 15.8855 -3.25023
891 20.4493 19.1248 -0.475591
892 21.7321 5.04421 -2.04027
893 31.7369 28.7661 -1.05914
894 32.6134 31.5025 -1.99852
895 33.8326 16.1666 3.66393
896 20.0432 2.98981 3.76941
897 39.822 11.3433 1.68412
898 20.4215 18.3712 -4.47713
899 7.0992 24.66 3.11181
900 13.6848 7.24202 1.25199
901 1.64118 38.8417 4.33211
902 39.2948 30.507 -0.0560643
903 8.27913 36.2175 -0.649204
904 21.1367 2.20248 -0.161703
905 23.6785 31.7467 -1.19775
906 23.7872 23.9681 -1.56932
907 16.3296 31.0821 2.52052
908 33.3763 31.4834 0.0219096
909 17.8879 7.813 -0.793172
910 32.996 20.0411 3.90928
911 31.331 27.9251 -0.232532
912 27.5815 22.2038 -2.1288
913 0.255441 27.1732 -0.553734
914 3.15104 26.379 -4.59697
915 34.8043 35.5034 1.02836
916 24.595 18.8582 -2.00594
917 6.81392 26.6277 2.40117
918 3.6973 2.82467 2.76926
919 31.0876 16.5541 -1.55657
920 9.54223 20.7501 0.325088
921 32.9355 20.8979 1.79867
922 21.6254 14.6607 -4.63677
923 14.1041 28.9946 2.79414
924 30.1232 34.2951 2.38034
925 20.544 35.572 2.49641
926 27.6194 34.1526 1.02881
927 4.44861 31.1716 -2.21051
928 34.3709 2.96169 -0.641319
929 37.885 30.3703 -0.806684
930 13.0448 6.42555 4.29628
931 16.7415 19.7728 -2.26748
932 5.41072 23.7736 -0.86905
933 11.3242 6.25748 -1.86628
934 30.5093 28.2227 -3.18524
935 5.19076 5.37911 -2.51752
936 16.0345 23.3562 -1.08521
937 12.8472 0.738073 -3.84653
938 23.2802 21.4194 1.24711
939 23.2539 5.7905 -0.928611
940 19.0834 18.5514 -4.29496
941 19.1686 19.2122 -4.5413
942 8.41116 13.6997 0.553035
943 9.4894 2.20464 -1.42417
944 0.144324 33.1146 -0.353281
945 5.21873 2.48195 0.316104
946 20.1162 22.0133 3.4777
947 21.2349 5.86911 -3.33903
948 11.9679 0.615158 0.00325574
949 2.34492 14.4707 0.121971
950 32.2433 27.1171 -3.54695
951 13.3602 5.01755 0.633698
952 15.3874 12.081 -1.73308
953 30.4065 18.6316 3.57798
954 5.60232 39.843 -0.304182
955 39.8464 9.34704 1.34882
956 28.4404 8.36121 -0.442874
957 32.0678 21.8158 1.57229
958 6.01069 31.9463 -2.25647
959 26.2441 1.19606 0.917108
960 4.60297 1.2757 -0.118817
961 1.86739 27.4439 -2.71981
962 12.4674 35.3755 0.893942
963 18.1225 35.769 3.75111
964 2.62016 3.44878 0.424343
965 34.3712 25.6816 -1.60013
966 10.5098 20.5676 -0.587328
967 23.3202 0.00649045 2.29584
968 31.71 24.1975 1.00435
969 15.279 4.68572 1.77022
970 30.4293 35.8514 2.68631
971 28.5411 14.3328 0.864634
972 13.7669 18.9693 -1.10061
973 14.6723 24.3974 3.25087
974 28.4218 15.2617 1.52604
975 14.8747 22.2785 -3.20965
976 2.4987 4.58245 -0.89965
977 5.00464 36.9101 0.341593
978 13.5184 27.3161 -1.1183
979 3.53386 37.5587 -0.683529
980 35.5418 13.9443 2.36585
981 9.19869 18.0026 -0.0952466
982 35.9481 6.49798 1.97548
983 26.1798 14.3776 4.09034
984 10.0065 37.1549 1.10636
985 7.52083 24.128 1.10957
986 25.3717 15.541 -2.44889
987 8.89053 10.4989 2.47239
988 0.956916 26.7381 -3.87752
989 25.1375 32.6046 0.224695
990 24.8282 18.6483 -1.0705
991 11.3469 23.6203 1.03482
992 1.45795 15.5254 -0.739058
993 14.9505 23.9267 1.0431
994 22.6329 22.8501 2.50001
995 14.9516 23.0129 -1.12699
996 33.0753 19.3347 -3.77144
997 35.2685 16.0357 1.30198
998 38.36 36.1732 -1.93776
999 33.3314 22.5658 0.545876
