1000
Particles
0 4.64121 34.3401 -2.62857
1 27.3324 28.9177 0.22693
2 14.7619 9.76712 -0.0268102
3 14.2181 6.72054 4.45776
4 21.8846 24.4847 2.80113
5 12.479 19.1199 4.26034
6 32.5943 4.05185 1.34254
7 31.6355 17.0199 -3.51836
8 5.47162 15.1091 -1.227
9 39.7354 22.692 1.08206
10 24.4357 2.85534 0.578486
11 9.60347 33.815 -0.971489
12 29.9831 31.9986 -2.72474
13 22.3525 1.44969 0.356028
14 22.4641 29.8875 2.74389
15 18.4295 30.0047 0.515359
16 23.8135 33.5634 2.31344
17 39.3822 22.6439 4.1712
18 36.0293 13.3024 -2.19161
19 16.7181 31.4897 -2.33917
20 5.75563 6.98404 2.18053
21 3.80113 3.08948 -1.28552
22 6.5127 4.28568 -2.98579
23 36.605 22.6931 2.62721
24 36.2535 1.25273 -2.69959
25 37.2987 34.4998 2.07249
26 24.1514 32.9344 0.622022
27 13.5172 6.05518 0.72212
28 16.7378 38.7821 0.999231
29 27.0427 6.92695 2.25199
30 12.6322 18.6854 3.99072
31 10.4308 10.3486 0.564281
32 25.6719 37.8169 3.3195
33 7.5248 34.2279 -0.963274
34 23.6122 33.9354 1.5639
35 24.8465 26.1181 1.4966
36 19.0386 7.03437 -0.258146
37 30.8936 32.0289 -2.8229
38 37.9356 4.5008 -1.02219
39 38.6987 23.1174 1.13007
40 2.4518 36.5461 -0.533181
41 11.6833 9.41459 -0.274859
42 33.3543 15.1073 4.84123
43 21.7204 21.3961 -1.94394
44 17.7042 27.4311 -3.91956
45 39.7875 18.7953 -3.13928
46 1.99908 6.73765 2.11614
47 26.6914 15.1031 -2.14807
48 3.23559 1.13752 4.18311
49 6.80996 39.2735 -0.827224
50 3.85203 32.6356 -2.80285
51 26.4154 6.0933 -0.13499
52 32.1818 11.0265 0.412891
53 15.7387 5.86878 -2.55385
54 27.9955 7.9654 -1.33799
55 10.3353 12.3671 0.465151
56 8.88381 11.5702 -1.9172
57 10.2395 36.4544 3.17557
58 35.053 23.0325 -0.263431
59 4.90534 35.4243 -1.89784
60 7.5285 27.782 1.06499
61 23.1223 36.8198 1.31651
62 37.816 6.95854 1.43118
63 13.5055 18.3691 -3.35814
64 36.1552 32.9438 3.10469
65 11.6053 0.849037 1.30807
66 1.24895 17.9156 -1.56634
67 21.3171 23.9341 2.69897
68 38.2282 7.39673 2.09849
69 10.0386 37.2525 -1.03597
70 12.2165 39.9861 0.492999
71 15.4687 16.6836 -1.42927
72 8.00542 10.8761 0.438024
73 21.2592 32.4115 1.33627
74 10.2335 4.62514 1.74794
75 25.7685 35.3125 -2.70567
76 32.5099 1.78024 0.351313
77 10.4803 29.8435 -1.60075
78 0.280286 27.1578 3.29141
79 5.57501 1.8702 4.55515
80 35.9618 16.8773 2.21255
81 10.2635 37.6437 3.34072
82 18.5874 16.4228 0.478717
83 14.6148 30.2893 2.4107
84 23.4759 8.38381 4.47995
85 0.545025 18.4096 -3.36054
86 19.1217 14.6218 -3.26693
87 23.5823 33.9579 1.43838
88 13.8094 4.57565 0.114826
89 8.92362 3.04321 0.377232
90 37.3377 27.1268 1.20715
91 24.1678 12.1593 -0.152812
92 15.599 27.0639 -1.13149
93 11.7272 0.337249 2.09906
94 15.3091 27.1417 -0.358101
95 17.584 3.44526 -1.03252
96 8.87014 39.1074 -2.30345
97 23.2072 39.3519 -2.19721
98 5.13402 22.3616 -0.501772
99 14.1883 4.99689 -0.40402
100 36.0874 20.6079 -1.43434
101 14.1776 20.535 -2.97302
102 26.4054 37.7936 -0.0509756
103 16.9834 2.01213 3.82738
104 19.3789 12.079 -0.130658
105 16.4599 1.59588 0.0264308
106 30.4413 22.8816 -2.70352
107 18.3376 23.8554 0.568301
108 36.4215 19.6217 -1.32926
109 37.8571 28.8743 2.18197
110 37.3833 28.4952 -4.19225
111 31.8825 0.752658 -1.01067
112 36.5197 5.69118 -3.1168
113 36.9929 33.9768 1.53114
114 33.587 22.9206 -0.732366
115 23.1956 18.5761 2.62821
116 19.2461 33.2316 -0.338734
117 27.1122 29.472 -3.66034
118 21.8875 1.89428 1.58912
119 32.3735 9.02324 -0.669726
120 27.2801 30.0743 -3.65994
121 15.7999 20.5898 -3.20826
122 27.7138 29.8697 -4.34966
123 12.7837 28.7141 -1.38771
124 16.7772 1.01807 1.80145
125 19.9492 5.93244 -1.01575
126 29.4646 33.9779 -2.90784
127 32.0368 6.66126 0.334807
128 24.9377 5.06656 -0.719894
129 36.4203 16.5505 -1.9711
130 23.0116 11.4624 1.83823
131 15.5988 26.571 -2.29166
132 15.2306 38.2115 2.21939
133 1.01201 1.28049 2.43004
134 9.83015 34.7269 -2.64239
135 15.549 4.33962 -2.41126
136 26.7315 3.26342 1.38427
137 29.7718 21.2259 -1.14167
138 3.15282 18.4269 -2.94357
139 15.2269 34.3532 -1.71167
140 28.3648 5.84672 3.14614
141 29.4472 2.06136 0.0137109
142 18.8681 15.108 -1.23434
143 19.1893 21.4004 1.25423
144 34.5002 28.3713 0.747401
145 23.383 26.7742 -1.45986
146 0.657712 15.1378 -1.75909
147 35.0481 28.5004 -1.23293
148 32.1245 8.28582 -2.45968
149 15.0367 15.9003 3.2044
150 11.8268 24.8879 2.84825
151 27.2861 3.2408 -0.945996
152 22.2457 8.87848 1.63685
153 14.1047 8.37643 2.67664
154 26.5275 1.38012 0.102004
155 39.8147 25.3705 0.960749
156 2.36482 23.0103 1.87072
157 16.102 4.38616 0.970199
158 12.2631 10.4355 4.72299
159 21.3709 33.5105 3.04583
160 9.2053 22.9971 -2.07088
161 11.2817 23.064 3.05199
162 25.4709 26.3849 1.52853
163 14.7047 18.701 -3.6099
164 22.6203 10.3686 3.92162
165 32.7119 7.49815 -1.81322
166 37.6897 3.45721 -1.95725
167 3.7677 32.5859 -2.78244
168 36.1925 27.951 -1.09857
169 2.53393 6.23274 3.38652
170 29.2878 38.0865 0.27066
171 20.4002 31.5918 1.56803
172 11.3218 15.2668 -1.09788
173 30.6796 34.1919 1.66244
174 25.1501 6.01662 -0.54862
175 0.8724 11.8635 -2.8502
176 29.6303 22.8366 -1.44856
177 10.6248 2.96867 0.695786
178 38.0259 26.7261 1.45026
179 19.9752 14.811 -1.59587
180 18.6752 3.35186 0.46493
181 14.7005 29.27 1.05676
182 16.9164 22.7737 0.646503
183 37.8626 21.4582 -0.33622
184 39.7572 39.8043 0.380662
185 13.3801 10.5852 1.7998
186 18.6448 39.5255 1.58074
187 30.5323 4.24805 2.96198
188 17.7311 10.0388 -3.09242
189 9.22791 20.311 -2.72906
190 25.7302 19.2218 -0.98919
191 13.0788 20.5343 2.26232
192 6.43056 35.9807 2.34724
193 23.3034 28.6628 -0.0172085
194 21.629 26.7348 -0.854557
195 5.05338 20.0622 -2.25586
196 32.5705 1.82855 2.22656
197 12.5813 39.127 -1.44166
198 31.5298 27.2338 0.511928
199 20.1687 12.7839 0.466188
200 35.454 36.8202 -0.488533
201 4.63848 14.296 2.62085
202 14.2052 16.0395 3.32821
203 23.0993 19.2699 3.82142
204 33.8249 27.1978 -0.51616
205 7.0438 29.4874 0.697834
206 7.40237 2.7788 -0.158446
207 35.593 0.775767 0.924182
208 34.5581 21.9706 -0.970704
209 1.60353 5.36297 1.05095
210 26.2444 26.8715 0.878195
211 30.0365 18.2364 1.91799
212 27.5551 37.1262 -1.22865
213 37.8075 39.313 -2.46624
214 29.6358 26.1423 -1.44064
215 6.82484 14.4079 0.0790401
216 30.5562 30.2688 2.38789
217 13.2069 3.60724 -2.58484
218 6.03015 14.5643 2.1219
219 24.5821 38.1415 1.18343
220 14.3666 8.52856 1.56888
221 21.1348 24.3805 3.13922
222 37.8068 26.4627 -0.71616
223 12.095 23.1717 2.42155
224 2.26117 30.7914 1.97896
225 3.16458 6.55963 3.71805
226 26.7261 19.7716 -1.10525
227 8.4467 7.07753 1.45618
228 17.3464 36.349 -2.21915
229 7.35822 27.1863 2.34611
230 28.9193 32.1059 0.800013
231 15.1381 29.8684 2.19478
232 36.3527 31.6355 0.982798
233 31.5623 4.60742 0.819366
234 35.8554 7.60408 -2.51346
235 5.88033 13.0549 -1.16131
236 21.2638 8.51732 -0.593686
237 15.3175 26.0883 -1.93602
238 12.4139 13.5434 -1.17637
239 35.8867 9.31102 -2.9456
240 18.5279 16.5721 0.421939
241 39.6631 24.3678 2.66558
242 29.6942 7.97047 0.0450171
243 27.7259 33.9656 -4.67656
244 2.84216 4.3572 3.34517
245 18.294 28.6137 1.72045
246 24.7811 6.03845 2.10045
247 7.27833 2.38148 -2.08218
248 11.3091 23.2144 1.81314
249 9.85261 1.22706 2.3339
250 25.5429 5.57482 2.54166
251 27.0274 2.76064 0.61877
252 26.8912 16.9299 1.06105
253 35.6409 13.5583 -1.70601
254 9.8568 37.9014 0.412359
255 29.2568 19.47 2.02391
256 2.71771 1.43684 1.60193
257 25.4002 16.1537 3.0807
258 31.1965 3.77598 0.93443
259 32.2261 23.8699 -0.852844
260 1.02259 6.2222 3.59511
261 32.7024 20.9775 -2.23639
262 28.7994 38.2987 0.627098
263 1.06925 23.7897 1.44565
264 12.8952 14.4198 -2.09814
265 0.851086 32.4153 2.22462
266 4.43778 18.9236 -2.23063
267 3.68244 17.1529 4.01422
268 18.8976 17.5733 1.09561
269 0.181995 36.2291 0.0642796
270 27.1691 14.1139 -1.50601
271 4.47594 14.1878 0.0135321
272 23.0396 22.0489 -2.58901
273 37.6889 26.7516 0.592319
274 7.23367 35.6897 3.444
275 8.82047 32.2211 0.540331
276 27.3009 16.6027 4.00078
277 3.75785 23.1415 1.98852
278 2.69785 16.4122 -2.5322
279 16.7253 29.5728 -2.03158
280 4.99056 32.4724 -3.60486
281 25.1224 28.0146 -0.862608
282 8.30643 19.2769 2.09105
283 28.9942 4.3815 -2.51007
284 30.6604 13.9353 -2.59156
285 9.09049 38.4008 0.487429
286 34.8493 7.3578 -4.07579
287 16.3067 14.6134 0.535899
288 1.69553 2.15658 1.41792
289 6.87548 36.5187 2.54782
290 34.5105 26.8253 -0.922181
291 16.4996 4.52573 -2.14444
292 28.6575 20.1545 -2.2148
293 18.5301 6.82025 0.949424
294 31.7828 31.188 1.37826
295 16.2906 13.6233 1.70668
296 22.0895 26.5305 -2.4516
297 37.5854 27.8948 1.61295
298 20.6659 2.42469 -3.68911
299 16.4055 22.666 -0.90205
300 16.9959 12.3605 1.52275
301 23.9741 31.7925 -1.19078
302 25.6664 3.28211 1.66166
303 0.736339 16.0498 -2.15676
304 10.8889 31.8757 2.06167
305 3.60838 29.4473 0.905323
306 24.0832 19.525 -1.88049
307 14.5799 16.9762 -1.72522
308 11.1487 33.482 2.79915
309 20.8349 39.8411 -3.207
310 12.6379 17.3946 -1.85025
311 23.3559 25.33 -2.33813
312 0.912235 28.9137 -2.3365
313 26.9816 7.00553 2.46363
314 22.3242 0.0237514 -1.66984
315 39.4717 34.9599 0.771309
316 27.252 1.46012 0.600172
317 17.6599 30.9214 -1.70611
318 23.1012 33.8608 0.797282
319 4.52314 2.48713 -2.21687
320 11.8597 16.1149 1.17623
321 31.4555 9.34116 1.17093
322 5.18581 37.4689 1.19393
323 0.286138 32.5875 1.78437
324 24.7665 17.427 -2.63432
325 13.0027 29.3968 -3.51253
326 10.3583 5.67147 -0.548734
327 10.2629 32.7487 -1.01275
328 13.3446 30.9662 -2.94015
329 16.2412 21.6194 1.99534
330 2.18468 9.16127 -1.7028
331 24.2569 3.35434 -1.06808
332 35.4711 2.28207 -4.00349
333 30.4895 23.9924 -3.30409
334 8.80727 7.79338 4.27462
335 5.65686 36.687 1.47271
336 22.405 5.13265 -0.96505
337 11.106 23.107 1.49845
338 23.1733 26.5841 -0.542741
339 0.66457 32.7447 2.25136
340 18.5955 12.0119 -0.340831
341 38.254 26.6783 -1.39069
342 20.4618 10.0933 2.20937
343 5.58433 14.2017 2.08296
344 14.7705 5.51113 1.70226
345 0.967009 33.9719 0.203463
346 14.1283 11.4132 -1.23038
347 9.50465 37.4556 -1.81718
348 8.69424 8.73756 3.02127
349 19.2427 23.18 -1.72831
350 9.19091 16.3675 2.63669
351 39.4419 26.7986 0.136532
352 30.9948 19.4539 -2.87761
353 21.3123 14.4105 -1.72923
354 39.1986 33.5795 0.86283
355 13.4317 20.8675 0.0478598
356 2.56544 32.8978 0.745944
357 9.79642 5.10882 0.642696
358 11.2828 10.1756 -3.42025
359 26.5578 24.798 3.20053
360 36.7108 28.7093 -1.4161
361 24.1974 34.2113 -0.62126
362 32.7201 26.8365 -1.3375
363 29.7846 12.4748 -2.31079
364 15.7052 13.6209 2.05783
365 39.1245 36.965 0.76929
366 11.0473 0.559038 1.10418
367 2.41392 2.06227 1.91599
368 22.8038 9.61924 0.299074
369 17.9828 10.6436 -0.545468
370 22.946 35.6895 2.8846
371 37.9942 15.3239 -1.5732
372 21.7764 25.8564 -3.59231
373 13.9161 18.4428 -3.90272
374 13.4441 16.5075 1.12787
375 6.471 10.9541 1.09313
376 35.8353 27.1439 -3.62799
377 31.6083 10.5359 2.80556
378 19.2021 6.06214 -0.352941
379 0.162494 36.5543 1.18543
380 35.2387 39.8603 -1.73612
381 16.5748 39.3034 1.95307
382 1.75159 11.6475 -2.55704
383 17.4621 22.1986 -1.58632
384 34.2093 6.07701 -0.0902744
385 22.0566 29.2469 0.501377
386 27.2507 12.3894 1.12774
387 1.90582 1.75526 3.95489
388 29.6584 33.3389 -3.69095
389 19.0801 34.3979 1.34374
390 27.4012 8.0787 -2.62789
391 13.2582 12.2807 -0.22974
392 22.2663 17.9943 3.39352
393 17.1926 2.00307 1.36798
394 30.7816 11.0752 1.06663
395 37.3493 9.69046 3.29025
396 22.1754 0.250955 1.34581
397 5.79008 19.2211 -1.21446
398 24.5101 35.1785 2.14614
399 29.1313 12.6807 -0.457324
400 2.40615 5.97603 2.45495
401 31.524 27.5379 2.36264
402 5.32794 6.4649 2.10451
403 11.0732 26.7064 -0.504826
404 22.9456 33.667 0.047963
405 6.21944 19.9334 -0.0253009
406 18.4425 6.9937 0.923465
407 1.18572 10.5596 -2.03732
408 12.089 5.87033 -3.1096
409 32.1691 8.85047 -1.39476
410 22.8106 27.104 -2.42073
411 16.5196 38.0151 0.243148
412 2.14014 5.39777 2.8377
413 1.10843 20.1021 1.65388
414 13.7968 5.53006 1.97862
415 11.4471 25.0517 2.47542
416 39.7343 30.8022 0.762786
417 3.97439 2.39657 -2.38242
418 28.9867 23.7842 -1.55105
419 29.3591 11.8979 -2.12729
420 25.247 4.6321 0.373571
421 5.33713 11.0504 2.64056
422 10.68 13.8207 2.54036
423 1.83056 7.43764 2.50813
424 21.3135 15.0008 -1.51028
425 23.7493 38.4087 -0.250591
426 14.1505 12.5776 -2.15478
427 24.1106 27.0278 -0.831472
428 11.9345 39.1146 1.44606
429 35.7534 2.33306 -1.86391
430 10.311 13.8584 1.62095
431 5.97294 10.3755 1.95035
432 12.4361 32.7676 1.78026
433 24.7243 18.1686 -3.52345
434 12.4074 21.6221 1.25407
435 37.0629 28.983 -3.56417
436 39.5808 25.5964 0.659258
437 10.2281 3.49623 -0.739371
438 1.65247 2.20829 1.01076
439 34.2273 22.0642 -3.24828
440 21.0657 7.55934 -0.781908
441 21.146 36.3068 -1.51497
442 21.031 7.99015 0.392462
443 15.8014 25.9706 -1.87697
444 15.1137 27.3223 0.00310076
445 13.8256 20.0034 -0.207729
446 23.3545 3.04682 -3.03231
447 11.5068 6.1102 -0.13066
448 31.8454 20.4285 -2.07664
449 16.7983 18.6159 -1.81539
450 9.7608 21.4695 -1.95983
451 32.748 21.0356 -1.33749
452 13.484 4.23403 -2.2328
453 5.10576 16.1179 -2.59148
454 29.3716 9.37424 1.922
455 20.068 0.350317 1.58764
456 17.0846 19.2698 0.654236
457 25.554 10.101 0.755424
458 21.1225 21.2013 0.0699991
459 16.2125 3.49158 -2.21862
460 11.2865 0.643058 0.579574
461 12.3344 2.66345 -0.041475
462 27.2159 24.3645 2.77893
463 0.714232 32.0488 2.29048
464 24.0881 36.0536 1.7799
465 29.6852 6.22996 -2.72614
466 32.6886 23.0302 -1.26155
467 8.31293 34.9915 1.6101
468 9.43876 35.0938 -0.61357
469 26.2308 38.0683 2.09125
470 9.45763 14.9396 -0.65052
471 27.9133 28.5602 2.99016
472 15.879 4.85906 -0.851586
473 16.3799 39.7167 2.70603
474 5.44865 38.249 2.84847
475 30.0566 34.6499 2.08746
476 15.92 14.7118 -1.43329
477 10.6366 37.4395 1.78975
478 31.9817 24.9273 -2.16008
479 37.8714 27.0684 -1.14344
480 0.400516 27.4309 2.38105
481 32.7303 5.92134 -1.83102
482 15.3622 39.5332 1.37365
483 7.40363 35.4706 0.972168
484 20.7072 1.46693 -3.05264
485 4.9659 0.503103 0.609571
486 10.6896 23.5794 1.0014
487 26.806 26.4892 -0.628232
488 1.51688 11.2565 -1.09028
489 20.3086 3.83152 -1.74972
490 36.0799 1.86845 -1.49931
491 18.3493 12.0584 0.245141
492 18.4405 36.5328 -0.947326
493 0.321002 30.5419 0.463696
494 8.75368 19.8239 -2.15832
495 34.741 8.0531 -3.8462
496 22.8525 35.4113 3.60986
497 15.9779 32.4373 0.379969
498 19.113 9.45308 0.214332
499 8.16082 17.3584 1.6767
500 10.7301 5.68908 -0.55029
501 35.3686 5.50647 -0.246759
502 8.21823 3.45933 0.0954155
503 24.1261 26.7659 0.43633
504 3.38182 3.15541 -3.1775
505 10.758 5.28057 -2.50284
506 26.3489 25.7028 1.31237
507 20.5791 13.2743 3.25077
508 9.32968 30.1512 2.87071
509 19.9859 37.459 -3.17875
510 1.02444 7.31337 2.1197
511 22.9142 33.6879 -0.466723
512 36.5614 25.828 0.523025
513 14.6334 22.2174 4.54748
514 5.86696 37.0573 0.63471
515 14.4806 17.3973 -4.30637
516 17.9059 34.4908 1.70783
517 14.3767 18.8843 -3.16614
518 0.126675 0.0516682 -0.205751
519 21.8465 23.8502 2.39746
520 6.30393 10.8632 2.59927
521 3.95684 1.48485 2.84627
522 29.8921 23.2678 0.391962
523 13.9311 17.5577 2.05842
524 13.722 24.4104 -0.54966
525 12.8568 14.3297 -3.63852
526 15.6337 26.6433 -2.41071
527 10.5935 9.99741 -1.77814
528 22.4613 3.37077 -2.83318
529 30.7468 34.4155 2.65149
530 31.0068 19.5937 -2.84651
531 23.0313 38.5754 -2.13424
532 20.5864 1.52104 -0.230602
533 37.7067 36.3885 -0.283976
534 6.47513 28.6863 1.2312
535 26.4465 6.84224 4.14261
536 36.0197 11.0086 -2.70298
537 5.68385 22.986 -0.819694
538 17.8568 38.5819 -0.41265
539 19.7814 15.5054 -4.39839
540 35.2283 21.6254 -0.815722
541 21.1543 26.0992 -1.84867
542 29.466 33.5163 -4.30818
543 8.62399 19.6066 -0.859881
544 36.152 30.1272 -0.822576
545 0.395803 19.5359 3.15719
546 33.0809 2.58244 1.51041
547 5.76703 10.6017 -0.248979
548 35.8837 34.4013 2.57864
549 1.14584 25.7738 -0.298206
550 36.3308 27.7677 -1.15537
551 39.971 10.7731 0.517484
552 14.5548 2.36762 -4.28926
553 13.4373 29.8145 -1.64993
554 14.668 6.07577 0.583874
555 32.5842 9.72771 2.30787
556 0.544477 18.648 -2.14435
557 14.5539 14.3088 -1.52897
558 30.2966 2.73605 -0.383562
559 33.1727 34.9779 -2.00114
560 39.7302 23.9032 1.86677
561 3.28822 32.3276 -2.39369
562 8.94397 24.7962 3.77316
563 6.38028 9.20239 2.03912
564 5.27496 25.9238 -0.359313
565 7.82753 22.9804 2.08295
566 16.2739 2.34578 0.634904
567 33.1589 18.3154 0.825609
568 1.2216 7.51733 3.28476
569 29.3195 30.8413 0.701792
570 7.31253 29.1398 0.163265
571 16.6149 9.96908 -2.67015
572 29.9681 23.6739 0.285571
573 20.1535 31.6628 -0.366605
574 9.67261 26.1613 -2.56724
575 6.21912 13.1778 1.82496
576 5.07806 6.25662 0.334272
577 19.2205 38.8864 3.4311
578 12.0244 36.3215 0.244778
579 12.4174 17.7866 -3.50131
580 5.68449 26.2933 -0.654592
581 2.91278 30.4839 0.668573
582 15.3611 21.3107 4.30732
583 20.6621 28.6302 -0.451978
584 6.03519 8.66524 1.87627
585 1.85815 22.6888 2.94118
586 25.7877 28.8679 1.83632
587 27.7861 35.7921 3.68218
588 17.292 0.443532 0.435245
589 26.5742 10.5588 -0.68684
590 7.69166 3.55537 -1.89843
591 17.6565 29.3662 3.06509
592 23.1168 20.2385 -2.8552
593 7.54704 19.4964 2.19004
594 8.33975 4.12798 -1.10132
595 34.7657 25.9578 -2.76265
596 2.42461 1.16694 3.63104
597 26.5725 9.61614 0.84775
598 39.0012 16.2084 -4.86682
599 13.3784 3.55227 -1.38594
600 1.04749 37.098 -0.286719
601 20.0164 37.4204 -2.56991
602 18.9512 20.591 -1.13591
603 24.2389 3.17858 -2.24323
604 26.8177 27.0906 -1.91179
605 18.467 27.0961 -2.81509
606 38.6659 29.6647 -2.29944
607 36.7679 11.0853 -4.38416
608 7.48712 3.38838 -1.92316
609 24.3092 11.3386 0.389473
610 31.7577 30.8201 1.94111
611 31.1736 26.2903 3.04732
612 17.3767 7.04449 -0.1205
613 17.9851 8.96068 2.29654
614 0.260231 36.5268 2.08709
615 37.1077 5.60927 -3.62905
616 33.0094 20.5079 -1.07401
617 22.0633 31.7 2.82216
618 6.05394 0.434999 -0.610161
619 26.8429 28.0027 -0.900119
620 37.5817 2.24124 -3.30019
621 26.9856 22.3281 0.690422
622 27.8875 9.9046 1.24378
623 15.2589 21.7517 3.06682
624 5.58129 13.5755 -2.25845
625 12.8298 4.93221 -1.50401
626 3.81388 1.34722 4.32704
627 7.33279 35.8362 0.696265
628 19.528 7.39473 2.02811
629 26.0287 5.73284 0.963103
630 3.63661 2.61691 -1.80631
631 30.8332 39.0915 -0.0879485
632 30.3613 31.24 -1.27258
633 9.01468 19.2646 -1.30169
634 1.63431 11.7029 -4.32126
635 29.0342 26.3514 -1.15055
636 17.0417 15.7499 1.27701
637 9.08664 34.4496 -0.308071
638 23.963 27.4074 -0.714701
639 26.7181 25.9139 2.25503
640 6.37161 22.728 -1.05916
641 36.7194 7.00386 -0.872585
642 12.5017 37.8926 -2.97536
643 28.6163 38.2715 -2.64299
644 9.3527 36.2246 -1.72907
645 4.55281 7.28787 0.887281
646 17.0273 5.04102 -0.540751
647 14.6513 5.0509 -1.41547
648 24.7793 35.2449 -3.62688
649 11.0841 13.4754 3.34671
650 30.6113 22.6081 0.0257293
651 30.3252 24.8672 -4.69981
652 5.26084 30.1103 -2.00385
653 9.2012 38.1409 1.12254
654 27.6801 19.4825 -3.74037
655 24.646 28.193 0.245664
656 16.0149 8.28923 -1.83186
657 31.5241 10.581 0.30685
658 4.94031 24.5279 0.335807
659 0.46837 6.90238 4.57177
660 26.9817 20.0803 -1.13556
661 4.29229 19.7171 -2.22195
662 36.7549 38.4666 0.555506
663 39.9862 18.5927 -2.19662
664 31.7559 25.2095 2.15318
665 36.3895 28.4484 -1.62946
666 27.7578 3.40272 0.397203
667 37.9886 27.5018 1.10502
668 6.16236 36.1408 2.54059
669 5.95338 39.3323 1.40211
670 35.6987 28.3794 -2.33551
671 36.5752 38.7009 1.26357
672 19.4553 38.3258 0.240414
673 3.77122 13.5171 -3.78394
674 11.6976 22.6656 0.209042
675 25.9476 10.5693 1.82719
676 1.46587 5.38702 3.1795
677 5.22456 15.8556 -0.893957
678 25.5627 39.254 1.94075
679 19.6585 28.6214 2.77663
680 22.1867 35.2687 2.94865
681 17.6093 33.316 -0.410657
682 36.3004 39.7741 -0.483547
683 21.1715 28.2806 1.02879
684 6.89064 25.1481 1.64363
685 29.6735 20.3732 -0.651777
686 37.0047 31.8087 -2.2345
687 24.5885 19.3317 2.60051
688 20.0472 13.4295 1.2616
689 6.09874 5.23936 -2.89298
690 11.8968 3.16842 0.610595
691 13.3099 30.1638 -2.39915
692 26.3927 16.971 1.33929
693 2.95676 25.911 3.84441
694 26.2282 16.9055 3.75027
695 14.4082 30.4498 2.10556
696 15.0773 20.0962 -1.66906
697 22.2362 0.265697 -1.09915
698 5.01473 9.17638 -0.949215
699 36.7267 28.1449 -1.40301
700 9.48 38.3468 0.832177
701 15.6503 3.97484 -0.611531
702 9.43488 1.27632 2.11329
703 3.25099 6.9332 1.08008
704 28.9694 0.828604 -1.82731
705 8.39684 20.4976 -2.14931
706 32.4082 35.8783 -3.73341
707 25.7902 1.36131 -0.688797
708 36.69 20.9393 0.512791
709 27.5633 15.4962 -3.86488
710 11.8995 38.5936 -0.47773
711 38.1508 30.7726 -1.92274
712 26.7998 25.295 2.15399
713 35.5083 16.8179 2.56476
714 26.5898 37.6001 1.07034
715 38.9177 25.0869 -1.86128
716 19.9211 34.5367 0.330928
717 18.5377 28.5946 2.9943
718 0.551801 26.9407 4.39297
719 6.9589 28.1691 0.89669
720 22.9763 19.4222 -2.01779
721 20.2175 34.1341 -1.24433
722 2.70699 6.58701 2.66229
723 10.2746 37.0932 3.48568
724 17.2916 3.92482 -2.70599
725 26.5513 37.2795 0.554312
726 1.24987 27.5048 1.34654
727 12.265 16.222 -3.21538
728 1.04852 30.8125 1.61301
729 13.7618 6.3573 -1.53775
730 22.0891 11.3253 1.50291
731 37.6005 16.7498 0.514458
732 22.2307 39.9467 -0.324426
733 22.3233 33.3407 2.55121
734 0.862337 7.31754 1.19558
735 12.6703 37.6887 -4.3374
736 24.2953 25.9971 3.76374
737 5.47599 32.7758 -3.87985
738 21.092 10.3322 1.53631
739 13.481 15.6411 4.61057
740 32.4494 21.7636 0.760973
741 2.48501 26.4974 1.37756
742 12.308 20.8917 0.78073
743 24.7827 24.6593 -1.22839
744 31.4136 23.0314 -0.0657045
745 22.9094 0.499683 0.221755
746 22.0141 9.22708 1.03613
747 19.5483 28.6326 0.973813
748 13.7986 29.112 -0.579884
749 13.6376 6.10687 0.209994
750 4.88228 32.9399 -4.05728
751 38.0016 32.4826 -0.942582
752 10.5215 23.2015 3.54461
753 26.9641 25.1042 0.742518
754 27.3916 26.2336 0.376412
755 35.5006 4.91129 -0.0845403
756 12.5956 9.96854 1.02304
757 5.49635 33.8952 -2.08667
758 4.57972 14.7752 -0.614194
759 13.8457 27.8548 1.35988
760 2.18542 26.6761 2.91066
761 3.7228 14.8788 0.460062
762 21.7964 26.8148 -1.09694
763 2.54754 5.38625 3.23109
764 12.185 19.4521 3.61449
765 0.539952 18.08 0.470224
766 10.048 9.73374 -0.412616
767 36.4557 9.58017 -2.06062
768 4.69886 23.8142 -1.54012
769 11.313 36.9611 0.688135
770 6.34365 28.7043 1.4567
771 13.3849 17.5 -1.80998
772 9.58705 31.5206 -1.93191
773 33.1807 27.5741 -2.34559
774 36.812 28.9708 -1.5708
775 15.6775 4.58337 -0.0743663
776 10.6272 9.82361 0.897582
777 34.7282 24.8743 -0.448182
778 35.1327 27.9055 -3.71752
779 18.4029 5.49525 -2.12917
780 35.2844 8.64513 -2.46383
781 13.892 36.2182 2.01342
782 3.20994 10.2627 3.4245
783 14.7278 18.5649 -1.83331
784 32.477 4.10383 0.15136
785 22.2419 19.4047 -0.17434
786 7.44403 20.3066 2.01757
787 0.146609 4.49877 1.46348
788 2.52072 29.4852 1.14384
789 5.35318 6.12935 0.188339
790 14.9022 29.5629 0.94528
791 9.76693 20.0926 -4.61398
792 9.91211 20.0802 1.68558
793 16.4479 33.9665 -0.88183
794 19.814 28.2566 2.7131
795 2.0457 2.30921 2.71674
796 17.9978 14.0894 -0.49425
797 38.4841 38.5611 0.444243
798 35.5276 12.0194 3.34992
799 28.0504 10.7536 0.684689
800 1.0023 12.7665 1.27388
801 17.8215 25.3773 -0.152268
802 31.1568 26.79 1.14516
803 12.1368 39.7258 0.256596
804 1.12636 16.2831 -1.48967
805 1.3434 31.1996 1.16469
806 7.29602 30.3009 -1.60516
807 28.9066 15.3801 -2.49354
808 17.0357 29.8769 2.88786
809 28.0651 28.0885 2.83757
810 19.4341 30.4014 -1.30297
811 38.601 21.436 -0.619556
812 13.0857 2.9757 -0.42486
813 5.63185 11.2229 0.640951
814 26.0844 38.5097 0.524954
815 26.8314 21.2428 -1.75223
816 16.9821 35.4602 0.570869
817 15.0817 34.6162 -1.84872
818 1.00511 5.63175 1.41558
819 33.3563 5.80823 -0.969524
820 12.6844 39.1685 0.852456
821 15.2863 7.15661 1.54425
822 5.19092 33.69 -1.52254
823 19.5184 1.27165 -0.947777
824 29.3279 12.9127 -0.690346
825 0.356242 3.78792 3.59063
826 2.72533 16.8491 3.42332
827 37.6158 5.17819 -0.793693
828 16.9413 18.7303 -1.96121
829 12.7792 39.7242 1.8023
830 13.7434 16.2838 3.19617
831 22.888 39.0624 1.30354
832 35.7507 39.4691 0.959666
833 19.0649 17.7598 1.27688
834 17.2249 6.91468 -1.66539
835 38.1938 28.3878 3.44631
836 19.9618 29.1863 -1.30782
837 28.5471 36.3942 3.01534
838 14.1927 3.52478 -0.458568
839 14.4561 12.8931 -1.74655
840 21.7584 15.2368 -0.0258396
841 24.0731 36.5118 -0.0989587
842 21.9978 35.1051 -1.23816
843 21.0332 2.35908 -0.696126
844 6.20018 25.4169 -0.44552
845 7.28427 32.9589 -3.35948
846 3.73308 17.4724 1.234
847 1.15201 24.7207 1.24467
848 20.9573 28.4063 1.52554
849 22.4399 19.0768 -1.89414
850 33.3845 30.9497 -1.44136
851 3.32775 2.33717 -2.88127
852 30.4254 25.1798 -4.42796
853 21.1044 16.2959 0.910685
854 9.91861 37.3122 -1.46972
855 10.3973 35.927 -3.69262
856 13.5192 29.4746 -1.22929
857 13.3334 34.6145 2.84154
858 29.5776 31.8442 -2.72473
859 7.34107 35.4269 1.69764
860 0.278876 17.6064 0.0243796
861 6.66724 19.4238 -0.867911
862 6.04906 23.121 -1.43952
863 13.9081 12.2828 -1.97879
864 8.24548 6.85421 1.42185
865 20.4509 31.571 1.71282
866 30.1749 1.97976 0.875247
867 26.3236 26.181 1.04208
868 37.2996 34.0246 0.90311
869 36.0642 18.6047 3.54763
870 37.864 6.20117 4.11814
871 12.2441 24.0122 -2.88636
872 34.3098 15.0933 -2.40045
873 7.81173 18.8462 -2.07013
874 20.7002 14.8337 -1.5863
875 30.7004 4.03689 1.86993
876 24.4943 27.0169 -0.949832
877 3.97803 12.8259 -2.85429
878 37.5961 6.09182 -2.1463
879 14.4224 36.1578 2.53424
880 29.282 25.666 -2.30678
881 11.7246 22.8921 0.981966
882 27.125 7.53801 1.14031
883 36.7304 27.3706 -2.2357
884 30.7056 12.6664 -1.11151
885 11.5323 5.79517 0.097515
886 17.878 22.0657 -1.53385
887 7.53566 22.4281 0.981028
888 28.5049 34.5928 -0.404778
889 38.3925 8.687 -0.552218
890 14.986 7.91534 4.55983
891 23.7875 30.0908 -0.984288
892 26.6112 15.3322 -1.49191
893 33.1991 20.8195 0.662346
894 24.7341 26.6704 2.86368
895 33.4389 9.42866 0.929208
896 16.6049 2.10477 1.96771
897 2.75085 17.9313 -1.06322
898 23.9605 19.9793 3.84952
899 13.4605 24.4302 0.49706
900 13.4975 38.9352 1.0979
901 2.22314 0.858128 -3.89619
902 0.195993 31.0228 2.8649
903 20.5678 37.3153 -2.74346
904 17.5397 37.0105 -3.33627
905 34.8823 36.1158 -2.4827
906 19.259 7.02792 -0.6402
907 15.4393 24.9843 -2.50762
908 26.1246 3.22077 3.03098
909 10.0163 37.5876 -1.25066
910 6.36374 23.0207 -0.0782989
911 34.8333 38.7581 -1.35626
912 24.8395 22.1073 1.10926
913 33.0539 34.754 -1.46067
914 37.7566 20.9742 -0.944229
915 37.6087 39.9124 -0.850227
916 39.0429 15.8378 -0.609822
917 13.7937 25.1082 0.186948
918 32.1057 4.78489 2.41833
919 20.7069 31.5653 -0.113018
920 0.0596477 20.8737 -0.699558
921 33.4731 18.9755 -3.40991
922 23.4839 16.3289 -1.49928
923 6.37848 24.5108 -0.829729
924 34.4641 23.4002 -1.55445
925 16.4471 16.8367 -1.2931
926 14.895 7.71691 0.671922
927 37.6013 28.9095 3.80226
928 32.2395 1.01187 0.229256
929 11.3429 26.4658 -1.14947
930 7.41929 6.24497 0.697785
931 14.1172 27.3166 1.08739
932 32.3739 23.1533 -0.623293
933 20.1801 0.822119 -0.416665
934 28.4749 15.4268 -1.3964
935 10.5322 6.97148 0.0946601
936 17.8554 22.8578 0.432912
937 16.2751 4.06721 -2.97085
938 14.1515 19.725 -2.3761
939 9.46743 3.69234 -0.678567
940 11.6729 19.1442 1.30685
941 34.9201 23.4503 -1.61939
942 6.26829 19.8776 -2.87289
943 10.8448 3.86022 -2.43107
944 15.6553 5.55489 0.768093
945 5.73027 12.6006 0.232883
946 13.4772 17.4924 -2.87589
947 8.57837 8.66154 1.53756
948 21.3931 1.87514 -1.70143
949 6.54376 11.5061 1.91598
950 12.6091 29.8931 -1.33616
951 12.9764 5.02348 -0.354283
952 10.4679 20.0509 2.33499
953 35.6098 24.2644 -0.511408
954 11.3055 30.1336 -1.64875
955 8.1977 1.7192 0.621983
956 20.0183 15.2184 -4.52504
957 35.2752 16.7654 1.47847
958 1.52559 7.56594 2.51591
959 35.4558 17.5405 1.88173
960 13.8325 29.0991 -4.24189
961 1.03862 28.1978 -1.01595
962 14.5191 29.7032 1.08037
963 9.46729 35.7058 -0.774323
964 1.77452 11.1721 -2.01873
965 38.7801 30.556 1.05522
966 12.1618 14.1994 -2.41266
967 15.917 34.9654 -0.900795
968 0.187648 16.2929 -2.92262
969 17.8966 3.33917 -1.48658
970 15.7208 38.4626 2.58421
971 14.5006 20.6016 -1.86159
972 17.5773 22.2437 0.381517
973 38.0811 16.8561 0.420401
974 39.1412 28.5437 -3.24769
975 12.7669 22.2653 -1.02032
976 7.61198 16.4679 0.66481
977 4.16822 3.10732 -2.4381
978 8.96572 36.7973 -1.36993
979 9.36114 2.36269 3.7937
980 35.1561 5.06085 -0.178458
981 5.9928 23.6159 0.863735
982 39.7078 39.639 -0.306331
983 33.7548 19.5244 -2.20155
984 12.9331 29.6987 -1.70454
985 2.26407 29.5564 1.57086
986 19.5521 25.9253 -2.19737
987 9.71293 9.53673 1.75248
988 10.4446 19.5451 1.61803
989 22.9161 33.7121 -0.144703
990 22.1566 24.3341 0.918282
991 12.5295 16.8305 -0.012533
992 12.4039 2.06216 1.50148
993 17.3111 8.32843 -0.577648
994 22.9465 20.1688 -2.65736
995 21.6328 8.55027 0.809732
996 0.551446 17.9545 -1.33889
997 3.53628 17.3755 2.04673
998 38.6605 30.4909 -0.671832
999 36.3829 5.0422 -0.899701
