1000
Particles
0 36.3414 6.19052 1.57399
1 34.7698 18.8837 -0.573148
2 19.2406 37.6686 1.18984
3 9.25112 35.1063 -1.22587
4 12.0313 16.0302 1.63626
5 24.6159 37.1977 -1.60386
6 32.6641 1.9556 3.65482
7 35.1473 14.7003 3.71399
8 4.53794 32.7202 1.70297
9 30.7271 23.7143 0.344566
10 29.3314 28.8346 3.1935
11 35.4719 34.3212 -0.0261382
12 0.84129 27.4388 0.0173305
13 4.01826 8.29142 -0.905932
14 28.6476 18.5241 -0.182445
15 25.6992 28.9691 -1.62317
16 27.4347 38.464 -3.76385
17 33.4939 13.2868 -1.88544
18 2.14105 15.9643 -0.326205
19 14.1821 20.2796 1.68115
20 8.94962 15.2685 1.04023
21 0.108233 3.32447 1.67129
22 0.380209 27.8027 2.49136
23 38.2604 17.7734 -0.63502
24 29.6567 13.7043 2.47454
25 37.7757 32.7459 1.73334
26 19.7529 29.1663 -2.85512
27 16.7395 16.0409 4.48788
28 2.55441 1.41086 -2.79251
29 33.7023 5.57371 0.426467
30 6.81019 25.3579 -0.245471
31 10.8092 15.3417 -1.43876
32 14.6169 13.0054 0.00808352
33 4.58041 35.4854 -1.75346
34 18.8864 12.8718 1.52334
35 18.8364 0.676069 -0.817433
36 13.4204 6.78483 -0.761182
37 2.26283 23.4461 -0.277119
38 18.7268 38.5545 2.59149
39 35.7806 17.4295 -2.40216
40 34.5795 36.5598 0.308497
41 16.258 11.7362 0.423637
42 28.9553 22.9329 3.20809
43 23.7583 30.2553 -1.5475
44 19.9403 21.0543 -2.01342
45 2.76106 24.1197 -0.10469
46 2.15508 3.49224 -0.776227
47 36.9393 8.00717 0.0222383
48 2.02382 30.2456 0.293366
49 9.75465 32.9069 -0.84886
50 35.3575 34.9138 0.717711
51 16.6853 8.49448 3.43118
52 31.5527 38.7254 3.90073
53 17.8954 9.90818 4.22204
54 30.2013 26.5343 -0.832368
55 37.1228 16.094 1.55588
56 30.5599 11.2613 1.42885
57 36.6105 34.7564 -1.25223
58 38.748 10.0936 -1.49859
59 7.96626 33.0298 -3.801
60 3.79274 21.8297 2.22706
61 18.9512 24.0483 3.89313
62 34.2974 3.67267 -2.49134
63 6.75517 19.1902 -4.82991
64 0.821282 23.8583 -0.973948
65 16.3908 2.27315 1.09976
66 3.99771 20.8978 0.365604
67 30.0593 14.4721 4.32336
68 9.38985 1.85759 2.27654
69 17.93 6.49049 1.82411
70 7.65081 33.3259 -4.28195
71 3.96848 11.1286 1.11878
72 7.07794 17.3374 4.10526
73 21.802 21.8406 -0.136734
74 11.8807 0.844594 -2.79036
75 2.68966 1.07508 -1.11851
76 18.888 5.54352 1.65094
77 19.4676 18.5018 -2.28054
78 29.4537 23.939 -0.975219
79 26.8276 36.2899 2.58239
80 32.9614 4.03713 -0.123287
81 9.91896 21.7288 1.8282
82 9.1615 7.74668 1.42882
83 14.578 19.6563 2.04877
84 27.1095 15.6641 -0.921781
85 39.3016 9.9345 -2.83987
86 19.342 4.23043 -3.45126
87 22.7762 1.48144 -2.57968
88 4.33876 2.24806 2.77649
89 10.9154 29.066 -2.60954
90 34.2539 33.312 0.880621
91 20.0615 14.4869 -1.81159
92 21.2845 14.7306 0.832985
93 18.6717 9.74891 -1.52405
94 9.79631 10.9416 0.257184
95 18.462 1.48369 -2.73838
96 17.4195 29.6829 -2.7446
97 24.3459 31.8676 0.252206
98 1.43155 29.4819 1.04329
99 9.63867 32.3701 3.06381
100 26.2455 0.291269 1.08904
101 16.3196 22.7529 0.337045
102 26.2889 36.0762 2.05637
103 13.2111 6.3696 -1.00083
104 31.817 7.34525 -2.02985
105 19.6101 28.9722 -0.588784
106 38.8855 7.95682 2.09423
107 16.8269 25.2888 -1.01964
108 20.2167 12.5809 1.62113
109 36.2091 30.6329 -1.31856
110 7.591 32.1464 2.35082
111 12.5234 31.9254 2.99987
112 32.8223 38.2904 -1.57737
113 36.3426 15.2191 0.743654
114 10.2116 27.6503 -1.6542
115 36.6449 21.1218 -2.55829
116 27.9241 24.714 -2.58964
117 24.0796 29.9854 0.082074
118 18.5585 35.6772 -3.3925
119 37.0471 19.8132 1.8335
120 1.1681 32.1999 -2.30742
121 19.725 16.3285 0.265125
122 29.7033 10.088 3.16495
123 4.65129 18.5861 1.86236
124 13.9021 7.32486 -2.58343
125 22.2471 38.1712 2.58693
126 20.0541 18.7391 0.7487
127 39.7662 1.01501 2.12367
128 32.0409 12.2436 -4.47588
129 6.21004 10.1815 1.17906
130 30.6184 8.16502 -2.8577
131 35.3646 26.8636 2.3856
132 13.483 34.3666 -2.54189
133 25.945 31.9889 3.10676
134 12.1325 33.4866 0.223336
135 23.5281 2.95313 0.666576
136 28.3994 6.91187 -2.41611
137 34.8089 35.6214 -0.494566
138 7.82756 14.6278 2.61421
139 9.3302 6.02734 1.30713
140 17.0531 34.1621 -2.45122
141 39.0705 36.9539 -3.63153
142 26.6472 0.540776 -0.0414062
143 20.9885 27.0313 -1.16151
144 1.8915 25.4678 -1.99864
145 28.6429 27.0647 -2.82331
146 0.679083 3.27151 -0.927774
147 37.2875 38.2756 2.33303
148 38.8439 3.73246 -1.10313
149 19.7899 25.6895 -1.42949
150 6.86703 13.0256 2.03004
151 38.4044 2.10506 0.0293271
152 16.989 17.1651 -3.56657
153 23.4095 6.43902 -0.856342
154 27.4883 29.3428 0.940641
155 27.8935 33.8493 2.74594
156 37.1795 29.9661 -3.92522
157 27.5044 17.4577 -0.660606
158 20.6817 34.6443 -1.12666
159 16.815 27.2556 -2.13099
160 6.98365 22.3538 -1.88652
161 7.29384 14.6731 0.0305275
162 27.2282 37.8565 -2.69839
163 9.89741 5.74027 2.24664
164 12.489 2.15194 -0.940739
165 20.66 3.73718 2.45252
166 35.3484 1.00321 -0.824558
167 12.9741 5.42067 1.22946
168 35.044 24.2773 -3.4728
169 2.46119 30.2281 1.28036
170 39.4241 36.756 -2.1618
171 11.5251 33.5623 -2.16378
172 39.0486 21.9287 -1.75968
173 15.8192 24.9714 -1.44048
174 10.5066 35.5561 2.24505
175 4.23129 16.7422 -2.01939
176 24.519 26.2073 0.391693
177 18.3545 8.60975 -3.02514
178 20.8138 16.0406 -1.72119
179 24.8331 2.83233 -2.23277
180 12.5792 15.2492 1.36645
181 35.6773 28.3743 -1.65898
182 20.4121 9.19215 -2.24722
183 0.650849 17.0609 0.457624
184 24.0659 35.0222 -0.95785
185 9.23361 9.40436 0.0192622
186 35.7006 10.6011 0.725679
187 6.67656 38.1847 -2.63016
188 21.3486 16.1495 -1.27773
189 5.99147 22.6255 -0.756005
190 26.3577 22.0661 -1.35431
191 15.2691 32.118 -0.212825
192 32.2628 11.177 -1.6818
193 27.5375 23.4425 2.11426
194 5.63337 31.8439 0.45881
195 21.1766 17.1704 -0.181832
196 26.6329 37.2753 -1.27694
197 14.4771 4.8845 2.71919
198 34.592 10.6341 0.630774
199 19.6895 6.0292 2.08368
200 1.71494 2.67548 -2.79517
201 35.4502 14.7956 4.62125
202 19.2577 17.6929 1.13416
203 22.9234 11.4393 -0.741629
204 35.0225 37.5947 1.63758
205 6.90872 29.8636 0.617717
206 4.18499 2.65582 -0.551118
207 0.294392 32.1219 -0.144169
208 31.2205 29.2939 -0.985868
209 15.5447 26.3884 0.881532
210 8.97791 22.0413 -4.55295
211 35.2223 27.2554 1.79656
212 2.62566 31.0563 -0.0693864
213 1.84346 6.5173 2.60263
214 1.56485 16.0639 2.08933
215 0.543483 14.3476 -4.38868
216 31.0812 26.2051 2.11907
217 12.3212 6.24825 0.272812
218 24.9914 19.7608 -2.23141
219 19.588 11.7616 0.184868
220 16.8793 9.26567 1.81136
221 29.2778 13.7826 1.08441
222 34.9518 21.5593 -3.0629
223 17.8062 0.15198 2.42945
224 19.2968 34.7941 -3.34215
225 30.089 11.6688 3.87782
226 5.5839 21.5984 0.314594
227 6.29139 34.2199 2.13579
228 26.8753 9.05395 -2.89137
229 36.1944 17.1972 -0.292069
230 29.6061 9.4815 0.607728
231 19.1872 18.805 0.311128
232 27.4996 14.9436 -3.21949
233 38.3802 8.79862 -1.45324
234 6.43217 33.2893 2.26844
235 3.43355 8.12253 -1.26718
236 6.80988 35.3068 3.32297
237 12.0534 24.3846 -3.20272
238 19.2035 17.3141 0.168296
239 36.2924 13.1091 -2.70485
240 22.7378 27.0861 -4.73752
241 14.3512 27.4062 -1.13732
242 1.98951 3.12649 -0.606224
243 25.1352 2.83708 -1.54387
244 2.30841 13.3728 -2.83883
245 17.8344 4.98693 2.47867
246 25.6851 12.1876 -1.99046
247 35.2256 6.36301 0.992827
248 4.48715 22.2027 0.85242
249 16.9512 31.9109 -3.32879
250 6.0946 1.86225 -1.29025
251 32.1932 1.60787 1.11662
252 28.6702 12.5397 -1.20107
253 19.0467 10.5841 -0.671252
254 1.00078 23.6329 -4.24618
255 33.2556 23.4561 0.630163
256 1.59984 5.99928 0.185729
257 30.4204 12.5444 2.25366
258 28.9359 36.404 -1.83525
259 30.8129 13.2916 -2.95448
260 5.4801 4.58269 -2.2885
261 0.175645 16.1358 -0.241198
262 30.0608 26.4446 -1.80891
263 9.68352 5.48772 0.561123
264 4.31886 35.3803 -4.57017
265 1.87103 9.95065 -0.369638
266 2.27486 3.49805 -0.262893
267 8.8028 26.2542 3.5341
268 2.21998 24.0467 0.801693
269 18.5807 36.815 1.29124
270 1.01869 10.3578 -1.09255
271 23.3142 10.976 0.0625054
272 19.3528 12.1816 1.06131
273 34.7998 34.527 -1.5755
274 10.9767 6.56591 -4.47102
275 4.13744 16.7058 -0.696752
276 35.5177 30.1776 -2.05894
277 9.07615 27.5501 0.562727
278 8.58992 0.00595664 -0.679673
279 3.1918 16.4051 -2.36817
280 37.366 30.5312 4.0252
281 30.2095 18.6403 0.491336
282 16.9088 16.7788 -4.14344
283 26.9478 39.2502 -0.562855
284 34.2897 26.8899 2.43786
285 0.380466 36.0218 -0.884629
286 31.1357 5.03715 -0.516415
287 9.24177 11.3642 3.60848
288 9.48786 34.4634 -0.749896
289 15.2061 35.7714 -0.927187
290 31.907 24.1081 -0.217678
291 16.2283 21.0892 -0.955054
292 0.169588 28.0399 1.37281
293 9.09808 5.01148 2.61433
294 19.9481 29.7694 -1.26876
295 14.7914 14.6752 1.73433
296 38.2408 28.0319 -1.72622
297 2.77573 24.8307 -0.488444
298 25.5739 20.8259 0.571988
299 17.7201 33.6595 -1.45905
300 30.2291 7.35692 1.79903
301 34.6484 22.8556 -0.374759
302 11.6062 35.5667 -3.57491
303 8.42327 33.3663 -2.70552
304 17.9321 25.3692 2.70337
305 3.9408 20.5005 3.69049
306 24.8429 8.26278 3.72454
307 8.42043 20.4658 -2.39638
308 5.23038 16.1269 1.44153
309 11.3403 2.21178 0.935991
310 18.459 22.1625 2.03935
311 24.5425 3.74463 -2.68681
312 35.1248 4.66848 -1.36268
313 36.2506 39.3197 -3.96338
314 22.387 38.5462 2.02614
315 2.73146 28.7326 1.72761
316 31.0957 39.3024 1.23853
317 34.3625 35.8502 0.836106
318 29.0787 28.1854 3.45314
319 6.60988 37.1102 -3.53627
320 4.14783 20.1906 0.818135
321 32.3632 6.28855 3.10615
322 9.9562 33.8351 -2.31885
323 16.0967 33.4205 -1.32375
324 28.9466 19.5754 -1.69654
325 3.55562 22.2431 1.84146
326 32.152 34.9615 -2.95549
327 12.2903 3.20666 -0.509529
328 13.5841 29.9534 1.41906
329 38.3579 10.6888 -1.25809
330 3.52961 4.25434 -0.77232
331 18.9566 29.6754 -1.2387
332 29.0035 11.7683 -3.19048
333 29.2641 15.8137 -4.6786
334 8.83508 15.0975 0.180095
335 8.89037 36.5532 2.10807
336 22.5853 5.36742 0.617268
337 5.27614 13.8128 -0.457526
338 9.70823 26.0044 2.53051
339 36.7282 37.1777 1.49726
340 11.1151 19.2424 -3.67819
341 34.7162 33.393 1.52818
342 11.8628 17.2017 -3.06653
343 11.3165 16.8998 1.38664
344 9.69126 35.4189 1.88649
345 34.8932 28.9549 -3.16329
346 12.6747 9.4947 -1.91529
347 4.88059 31.212 3.17076
348 15.4448 17.2917 -1.43942
349 19.2026 19.6402 -0.857843
350 10.1096 10.0675 0.853551
351 9.30315 25.4772 3.68292
352 27.8765 22.5084 3.83249
353 23.014 0.79893 -3.88194
354 34.1434 0.0240234 -3.0966
355 20.7078 27.4999 -1.94996
356 33.7814 34.5969 -0.972149
357 15.8751 32.597 -1.07948
358 19.0928 16.9214 1.01441
359 37.8415 34.3718 0.277777
360 31.4971 27.873 -2.31033
361 31.7414 31.9341 -3.07512
362 36.8398 29.9797 -3.72684
363 27.8097 3.60427 0.31305
364 4.99036 0.751004 0.882787
365 3.72604 4.28286 0.307582
366 14.6205 3.07275 -2.45314
367 21.0924 30.7043 2.70938
368 21.0997 5.47904 0.32209
369 14.4992 27.3396 -1.25393
370 28.7227 25.2024 -2.34008
371 27.7894 23.3098 3.14249
372 27.8083 30.6599 1.99519
373 8.9328 14.1543 1.30386
374 15.9563 19.5908 -4.10808
375 18.3695 7.1771 2.57863
376 1.545 32.0183 -1.40205
377 4.44164 13.6687 -0.713524
378 18.3061 8.7947 -1.63458
379 27.2134 5.07503 -2.01391
380 2.32468 27.0811 -1.62745
381 5.73277 32.2392 -1.9857
382 31.5991 24.5982 -2.69303
383 15.786 35.4568 0.846294
384 14.2255 38.7587 1.56543
385 24.8823 16.8723 -2.29062
386 18.3242 10.3713 0.257967
387 11.9711 6.48779 -1.43283
388 28.3168 22.8994 1.87478
389 11.12 34.5583 -2.84881
390 30.1862 24.5845 1.97388
391 17.0564 17.4146 -3.26071
392 22.5463 24.2844 3.80753
393 31.2808 17.5089 -2.28265
394 0.760289 3.16794 -1.30326
395 33.384 13.316 -2.90593
396 5.76128 3.72567 -2.34884
397 6.83009 35.5149 0.901292
398 1.14809 27.1884 -0.693888
399 38.971 13.1351 0.235847
400 1.75866 0.543327 3.41138
401 25.1581 2.11197 2.27338
402 34.1405 9.03928 -1.00025
403 2.39802 22.6586 0.00802174
404 1.25238 29.7669 -2.34317
405 2.47585 23.5398 1.03922
406 24.94 4.57389 -0.953423
407 33.1543 0.326954 -3.71419
408 9.40297 11.8245 2.41168
409 13.4055 6.84193 -0.298811
410 31.1201 19.0872 1.30798
411 18.5668 26.6718 -3.30817
412 37.2346 7.2783 -1.37536
413 14.9701 13.4579 -0.527082
414 6.17431 13.8935 -3.33086
415 17.1178 27.7484 -2.76502
416 26.2173 38.3501 -1.31952
417 6.71764 37.4493 -1.46753
418 30.1581 24.5975 -1.48302
419 25.4412 15.8777 -2.25533
420 16.9539 31.6724 -2.63577
421 39.1559 18.498 -1.79976
422 15.8658 10.2116 -1.42736
423 23.1474 8.92911 -3.1388
424 22.6598 26.7049 -3.39915
425 20.2459 1.75081 -2.47546
426 3.5302 22.4576 1.49815
427 20.2514 21.988 -1.03477
428 36.1237 8.28188 -2.79156
429 39.0101 10.6147 -1.13749
430 23.1188 14.2006 0.311416
431 5.20081 8.49048 -1.37503
432 18.3461 35.4123 -0.83865
433 30.0433 21.3465 -3.31525
434 2.52176 28.1392 3.64708
435 21.9056 0.936335 2.2484
436 4.80131 22.1702 -0.233809
437 15.0863 29.5714 4.12401
438 15.3014 20.2426 -1.8484
439 34.783 24.4177 -1.23262
440 21.6413 1.9542 -0.95526
441 1.14653 2.93208 2.09939
442 12.7299 30.7841 2.77399
443 20.8339 15.0817 -1.09814
444 8.18813 7.86654 3.67638
445 2.35108 26.3037 -1.53945
446 16.3847 13.035 1.05076
447 4.79362 6.30273 -0.0829636
448 34.4926 32.7566 1.57595
449 9.15502 21.4295 4.4665
450 14.8399 16.8388 2.32156
451 38.8006 7.11356 -0.162725
452 21.8254 20.303 -3.54657
453 7.55197 33.8812 3.50053
454 3.19957 7.34428 -1.62451
455 32.861 1.64332 2.74399
456 21.3767 12.6952 -0.936465
457 24.8566 17.6125 -4.13591
458 35.2553 13.7947 3.75541
459 8.03259 11.2588 1.03883
460 11.096 38.3252 0.721954
461 6.58102 30.4166 1.58368
462 23.1329 10.1672 -0.497936
463 3.05239 32.441 -0.122047
464 31.0881 16.8397 -3.04009
465 33.7956 16.8617 -1.09507
466 39.5284 25.7137 2.28
467 34.3924 35.3524 -0.770617
468 25.8411 30.3281 1.50609
469 13.742 25.5883 2.49758
470 16.4465 19.0259 -3.30427
471 3.46048 12.6326 -1.02543
472 6.88126 12.9478 2.29671
473 18.4988 9.02145 -1.08394
474 4.74828 29.5918 2.69826
475 32.4119 8.0665 -0.0897141
476 24.469 32.7842 -0.975732
477 9.50105 34.4245 0.528963
478 33.8099 16.0052 -2.09461
479 3.61023 32.5166 2.07689
480 32.8585 16.7623 -3.4086
481 18.8165 32.9714 1.02248
482 2.95307 31.9307 -0.714947
483 4.26556 31.9497 2.10294
484 15.1579 27.4548 0.301896
485 6.90124 38.2541 -2.50512
486 18.3017 25.0846 2.00529
487 32.2931 26.4091 0.484628
488 38.8769 3.2894 1.42734
489 20.0504 4.94585 0.542919
490 11.3589 15.6542 -0.693507
491 17.095 10.7693 -1.19687
492 21.6842 5.84938 -1.67723
493 1.36767 27.08 -2.3029
494 6.34249 12.8207 -0.430639
495 29.3946 12.0836 2.9467
496 33.1412 19.8828 -1.2133
497 5.68875 30.3619 2.08077
498 26.1412 14.5662 1.47732
499 6.61703 12.0796 0.338932
500 8.51439 12.0121 -0.575022
501 33.1244 18.8839 4.22842
502 7.37829 1.97375 0.526999
503 11.4098 17.4265 -2.21869
504 35.9096 28.0079 3.7423
505 0.41283 7.90681 0.601839
506 30.1088 25.3203 4.87995
507 27.4514 10.3006 -2.37278
508 36.1735 36.8406 -0.256146
509 33.3191 38.7926 0.143057
510 35.3724 38.4475 -1.20327
511 26.9012 2.67904 -1.63535
512 36.3456 32.0976 2.34497
513 21.7908 32.3959 -2.42918
514 13.1015 27.4387 -0.688321
515 21.265 14.8687 -0.905948
516 30.0538 38.07 0.466857
517 13.3735 6.74583 -0.955167
518 29.567 16.1358 3.38381
519 15.6763 12.929 1.02249
520 33.9886 0.782114 3.58703
521 30.1713 35.2457 1.06563
522 14.9216 22.632 3.8047
523 8.77932 15.6311 2.30078
524 0.307919 28.6925 2.77643
525 8.37341 16.1998 1.40352
526 3.57151 19.4893 1.96698
527 20.8919 14.2283 0.2331
528 19.8446 5.27614 -0.898751
529 31.8307 37.569 -1.63094
530 4.77868 8.05491 -0.452491
531 29.1647 11.595 -3.15803
532 14.8392 33.4526 4.47752
533 20.2771 24.8186 0.180075
534 19.7471 21.9314 0.469742
535 6.88627 3.74144 -0.0193767
536 34.6413 14.2437 3.32144
537 36.8171 15.165 2.27311
538 36.2304 35.1933 -1.80516
539 0.620171 3.41179 -2.78361
540 32.0056 16.6263 -4.11573
541 29.0263 17.2192 1.46476
542 39.6683 28.1866 1.51825
543 9.36551 15.0059 0.602255
544 5.22052 34.4037 -3.52214
545 14.2874 25.8551 1.81524
546 39.0296 35.5367 1.67628
547 3.4922 14.2995 -0.877714
548 36.6033 3.08246 0.283009
549 4.87247 27.0421 3.57117
550 3.9969 31.4352 1.19829
551 18.0422 24.2261 3.62033
552 35.252 13.0225 1.13506
553 19.5298 28.3075 0.0646253
554 18.7098 13.7024 2.13558
555 28.4656 13.7041 3.71824
556 28.8596 19.8377 -1.68097
557 2.97409 26.7759 -1.33652
558 28.0281 4.59306 -1.06454
559 24.2656 31.8755 1.31767
560 31.3307 12.8888 -3.41613
561 13.3593 29.0477 1.53872
562 2.90259 28.3623 0.621593
563 1.73541 18.3773 0.877431
564 16.6201 20.3983 -2.01029
565 39.4015 14.9744 -0.815452
566 14.8034 38.8791 3.19576
567 21.9846 13.8991 -2.42597
568 38.219 9.9841 0.0913237
569 6.14509 17.0788 -1.28593
570 3.8521 22.1748 1.49542
571 30.4762 13.831 2.9844
572 1.70567 37.2224 1.55052
573 13.7007 38.9782 -1.26523
574 8.64076 21.4785 -3.23359
575 29.9635 17.126 2.40545
576 4.16301 2.79876 2.4207
577 24.1141 30.6334 -0.493599
578 0.20802 36.2033 -2.19161
579 6.03622 5.08532 -1.89155
580 10.5279 4.50938 -0.446668
581 3.84562 31.8191 2.07196
582 20.1359 26.451 -0.770089
583 22.65 37.3781 3.97318
584 37.0962 13.2018 0.831723
585 7.5009 11.5892 0.290976
586 28.7633 17.2767 2.48683
587 29.9717 35.4619 0.366893
588 19.2562 36.8478 -0.437051
589 16.5203 27.238 -1.36333
590 6.74667 6.74562 -0.470699
591 3.16387 31.7382 -0.156871
592 30.5437 32.4451 3.25736
593 20.6206 31.8823 -1.64438
594 11.5841 3.89603 0.286094
595 19.0434 23.0973 0.857585
596 39.4094 36.6168 -4.16828
597 23.442 13.8342 0.760003
598 31.2202 11.5577 -2.27053
599 16.1732 1.66421 1.08456
600 2.63687 0.65244 1.35603
601 20.1892 36.5196 0.178633
602 2.88036 16.5804 -2.317
603 18.1411 13.7779 0.357006
604 37.4313 16.955 0.9338
605 9.55537 36.288 1.00556
606 2.06625 28.9006 2.9048
607 6.40212 12.9555 1.51846
608 4.70966 36.1952 3.59069
609 20.1186 36.4184 -0.104862
610 36.6946 29.0657 -2.88976
611 39.1076 19.4728 -0.371336
612 23.0737 7.82981 -3.28999
613 30.9223 13.5596 -3.03162
614 4.72119 10.7201 -0.598819
615 27.4943 9.68196 -3.38522
616 24.7802 18.4268 -3.83318
617 22.044 28.0622 1.14449
618 26.7007 39.6493 2.43878
619 21.6638 39.8279 -4.42346
620 35.1175 37.8971 0.883645
621 39.4414 18.4883 -1.81751
622 8.24164 30.9294 -0.0447064
623 22.4579 7.22296 0.696101
624 35.0327 35.1869 -0.520656
625 19.4144 6.17192 0.767546
626 8.59352 29.7206 -0.197652
627 9.03675 30.7052 -0.646724
628 23.4469 9.19508 -0.880481
629 26.2037 0.348661 -1.63864
630 34.7612 28.6196 -1.18001
631 31.2279 39.584 0.658936
632 32.5183 31.0849 -0.563077
633 28.9919 26.692 -0.839044
634 0.727621 35.281 -1.59918
635 24.8739 28.0152 1.91813
636 27.6429 8.96189 -3.22289
637 39.4465 22.564 -0.691312
638 38.9367 27.0858 2.30217
639 30.3556 14.4908 1.74754
640 9.64907 10.8534 2.7302
641 20.1557 37.7505 0.525324
642 11.8307 1.39674 3.70217
643 24.0641 31.1671 0.272292
644 19.593 39.9975 -2.02726
645 7.75106 6.25717 -2.84316
646 12.469 11.6243 2.35706
647 11.8016 17.8178 -3.20593
648 25.8834 39.5818 1.1655
649 14.1979 32.445 -1.33524
650 28.7869 9.52629 4.30769
651 31.9845 20.9371 -3.2181
652 0.585204 2.75496 0.663221
653 10.3365 2.15311 1.76095
654 21.7369 13.4961 -0.822978
655 32.7216 35.6684 -3.18794
656 14.4059 12.1721 -1.5896
657 30.0388 6.63886 2.4008
658 1.56334 27.9161 -0.247763
659 22.5854 0.879258 -3.85768
660 29.1182 13.755 4.22876
661 36.8186 22.9053 2.46129
662 24.7474 31.6265 0.164848
663 12.1655 7.05062 -0.726914
664 31.9718 16.5845 1.292
665 34.343 39.3391 0.12089
666 39.948 10.0518 1.87073
667 2.70005 34.5891 3.36854
668 39.8536 35.2459 -1.42415
669 11.2542 28.823 -0.394513
670 0.848589 28.7205 0.916459
671 14.0307 0.611865 -0.17167
672 7.40969 25.0227 -3.6916
673 39.498 3.52346 -1.00929
674 16.139 25.0132 2.29187
675 28.221 17.5308 0.773052
676 30.6972 34.375 -1.66437
677 31.8631 9.34083 -0.806459
678 24.5432 37.6989 -2.06981
679 21.5447 15.8528 -1.85874
680 6.79818 21.5278 -2.01197
681 12.4173 34.9147 -2.19007
682 27.6155 0.278479 -2.25081
683 32.452 15.8046 -1.67168
684 4.06351 33.0883 0.948247
685 19.0749 24.7483 1.2037
686 6.00205 39.237 3.34722
687 22.1936 12.8712 2.69313
688 0.646252 3.86003 -3.51123
689 10.983 34.9279 1.00513
690 11.4473 29.1424 -3.96603
691 12.5793 31.3426 2.92431
692 30.2627 17.4734 -3.10149
693 38.1498 21.8957 -1.36255
694 29.9577 30.5267 -1.57704
695 15.1207 34.9483 -1.14083
696 36.3709 27.6063 2.01777
697 17.9937 12.3946 3.18846
698 36.3951 13.5297 -1.22875
699 23.1177 24.1209 3.77986
700 6.12448 36.8257 -1.46902
701 27.8744 10.1758 -3.85877
702 7.31534 38.987 -2.39665
703 25.8381 18.33 -1.59078
704 31.5958 24.7937 0.00547158
705 2.30832 0.290584 1.39417
706 38.1782 0.215923 1.24783
707 18.7908 8.84768 -2.99705
708 20.6145 18.6157 0.0199928
709 21.3155 0.754023 4.21048
710 15.5364 26.6423 2.27325
711 34.7916 35.3512 0.61088
712 29.0596 11.1116 -0.61506
713 39.3709 6.16261 2.00427
714 18.7331 22.7564 -0.091391
715 33.5001 1.71818 3.42796
716 24.4455 36.9863 0.569074
717 16.1475 23.8307 -0.635276
718 9.76503 30.0216 2.26784
719 16.9425 30.5245 -2.62653
720 24.0963 34.3954 -0.327078
721 31.3275 38.3711 3.67252
722 3.02903 2.29844 -3.41497
723 12.7802 0.657836 -2.35384
724 6.31178 5.58668 0.917584
725 24.4501 11.4863 0.908913
726 7.38675 30.4025 1.38249
727 3.09584 31.2645 1.72936
728 38.4157 5.98617 1.17333
729 20.7292 5.30487 0.780191
730 28.4817 17.8673 -1.09661
731 28.9656 16.0487 3.14473
732 17.5991 27.4134 -2.34068
733 0.730502 29.5363 -4.14805
734 29.5956 14.0388 2.5261
735 14.3498 19.8922 0.211399
736 22.8303 25.3573 2.08597
737 36.2735 30.281 -1.72133
738 15.1807 6.14884 -1.12833
739 16.6185 28.6284 -2.54862
740 28.1201 20.5548 1.47957
741 4.29632 34.4987 0.0175013
742 19.3682 16.4802 1.81006
743 15.9367 23.2921 2.03982
744 29.3356 30.8065 -3.55531
745 14.5337 27.1441 0.476464
746 16.3957 21.0608 -1.68246
747 16.9522 25.5368 -1.77483
748 19.3061 28.5005 -1.57
749 5.11991 2.91676 -1.98929
750 10.0438 35.803 0.376649
751 10.8783 35.2776 -1.03734
752 36.8006 11.5477 -1.43806
753 4.14401 27.5269 2.34815
754 30.8163 13.6877 -2.39733
755 24.4366 9.03937 2.35009
756 28.6552 11.9187 -1.59399
757 19.474 17.4677 0.276991
758 35.3864 31.9706 -1.38683
759 10.823 31.9553 -0.438705
760 32.1732 31.3876 -3.58239
761 20.0494 12.6361 4.42341
762 21.6155 32.2213 -3.73236
763 20.9303 8.09149 -2.14242
764 25.2828 9.55056 0.300481
765 21.1381 16.6842 -1.40801
766 9.41702 14.9292 1.22097
767 0.0944426 14.2057 -4.34207
768 7.32402 8.87429 -1.57579
769 25.9576 30.1597 -3.92682
770 7.91474 24.9618 -0.882241
771 2.3121 21.3101 -2.11419
772 15.8111 28.4424 -2.7622
773 29.6437 32.6238 -1.09658
774 2.38797 0.482514 2.00171
775 19.6126 16.444 2.21951
776 6.29539 23.8688 0.696347
777 0.678238 15.9245 1.66063
778 27.0426 23.0117 2.35015
779 26.5875 37.7193 -2.92425
780 0.0446833 6.33636 -0.274321
781 29.7488 33.7941 -0.602974
782 14.2155 0.846095 -2.23373
783 16.9863 13.8666 -1.45914
784 29.3132 37.2028 -1.86535
785 24.9557 25.1728 1.33873
786 3.44598 28.1434 4.44575
787 30.2391 4.2319 -1.8204
788 1.74895 28.8239 2.43124
789 1.0897 13.3521 1.059
790 7.6021 33.0216 -4.03076
791 18.7333 14.1254 1.88926
792 3.57464 30.7901 1.54027
793 16.7437 2.48964 1.51606
794 19.3422 18.6626 1.4397
795 9.33173 13.7542 1.21895
796 13.6563 24.7954 0.931099
797 4.3747 33.9823 0.593436
798 27.1974 9.53259 -3.13276
799 20.5736 35.3278 -1.85161
800 28.5889 11.1386 -1.68925
801 24.0664 13.2535 0.576242
802 36.2144 15.5617 1.38176
803 12.3445 32.4637 1.09082
804 4.60322 12.7517 -0.896607
805 33.6492 25.2675 -4.20975
806 13.1543 21.2457 2.28158
807 34.2781 6.60003 -1.61145
808 28.1287 24.5508 -2.62629
809 16.2226 16.6182 0.12252
810 18.6946 36.1916 0.446712
811 9.36629 27.7065 -0.360754
812 11.2753 36.603 -2.14123
813 37.0194 3.44533 -3.048
814 28.5584 30.6411 2.04207
815 27.6493 19.8122 1.44222
816 4.53312 31.8626 -0.545948
817 17.1475 30.8153 -2.25195
818 11.3473 8.21689 0.613355
819 26.9288 39.736 -0.926627
820 38.7663 38.8306 3.44926
821 13.4364 10.4183 -0.53766
822 6.74717 9.54113 -1.37861
823 0.880047 3.90362 -1.48152
824 32.9168 12.2799 2.64819
825 33.29 25.4631 -2.72976
826 8.86292 14.2257 0.993432
827 34.9128 13.5755 1.16503
828 23.6852 9.47667 -2.83872
829 11.2366 38.1458 3.37205
830 14.1589 26.4512 2.13015
831 9.76504 37.1198 -1.33736
832 36.1337 26.8074 2.0162
833 14.6954 28.8528 1.31752
834 21.909 1.24798 -1.37623
835 1.81672 36.3557 1.64761
836 13.6103 39.4297 0.558557
837 38.1836 30.1287 1.40759
838 31.0459 5.74784 -1.74527
839 33.3092 24.554 0.865969
840 27.0893 18.9083 0.843924
841 28.7407 38.2266 -2.20099
842 22.0922 33.9994 1.59467
843 17.0383 6.2456 -0.261892
844 10.9854 9.40826 -2.31196
845 4.37544 32.6474 0.632877
846 11.7368 37.4435 -2.65215
847 1.89363 27.8369 1.3449
848 23.9687 11.2262 0.335751
849 9.45926 23.1563 -0.133056
850 39.8163 1.65769 -0.835549
851 35.9937 39.3318 -0.680381
852 29.009 28.9069 1.38764
853 31.7544 30.4856 -2.87176
854 0.597868 35.6413 -2.3097
855 11.8631 39.3748 -1.99262
856 22.0584 31.4425 1.63151
857 5.9025 19.4626 -2.23528
858 2.04398 23.7679 0.87383
859 19.6735 1.14327 -3.47727
860 25.2317 23.0367 1.59736
861 39.8758 20.6974 -1.43175
862 0.268315 35.0727 -3.3946
863 13.9106 22.6082 -1.79798
864 24.2774 13.6776 2.27785
865 25.3987 24.4707 3.89823
866 29.8148 37.8858 -1.79266
867 12.4284 2.92272 -2.19206
868 38.9164 23.7437 1.0263
869 34.8095 13.6652 4.18066
870 4.30854 3.61432 0.514337
871 16.1473 23.738 1.64576
872 30.8675 24.7557 0.0936303
873 17.3155 18.3415 -2.33813
874 38.5875 2.92371 1.06743
875 7.48511 8.29504 -1.78478
876 0.474137 4.19323 -2.63094
877 0.930354 36.3923 4.10331
878 1.40082 1.88464 0.803757
879 5.52029 31.449 2.52799
880 36.336 22.4094 0.988134
881 11.9219 16.3945 -2.16155
882 20.9658 2.31963 -3.85774
883 3.35235 23.382 -0.159102
884 16.1271 17.1086 1.02513
885 10.0428 10.8838 2.00885
886 16.7149 28.0693 -4.34985
887 36.7783 13.4053 0.854719
888 38.0985 38.6959 2.46431
889 8.07983 12.0234 0.800268
890 23.184 14.0754 1.76875
891 29.6948 16.7575 1.03294
892 30.3175 7.78204 0.032412
893 35.3964 26.0524 1.00612
894 33.8916 39.1381 -0.578571
895 0.393571 15.9174 0.716006
896 13.8552 39.5602 0.410943
897 3.5217 8.0481 0.555306
898 20.9842 14.2184 -0.770996
899 9.49655 32.1903 -0.340392
900 14.6228 9.34331 -0.685621
901 2.33216 35.8185 -3.3955
902 3.29018 32.9767 2.32218
903 1.99542 33.7136 1.34854
904 14.8997 3.99714 4.88308
905 22.3009 31.3069 -1.5263
906 22.752 25.8265 4.3865
907 27.1955 23.7294 1.79012
908 30.6844 37.5332 -0.571192
909 23.8912 10.963 0.812085
910 35.7579 14.4343 2.47437
911 29.425 25.7127 -1.83596
912 24.529 18.2659 -4.41811
913 3.42653 23.1186 0.0306292
914 8.10968 24.279 -0.753874
915 30.3986 34.0044 1.00973
916 23.5521 17.8726 -3.43939
917 3.10912 32.4805 2.52399
918 35.8133 38.2142 -1.14952
919 27.8452 10.7 -0.436146
920 4.19469 24.3297 -1.95863
921 39.5583 20.4459 1.05982
922 18.7646 16.6599 2.22327
923 5.95388 23.0112 -1.55377
924 26.4106 36.6898 1.31548
925 19.0829 3.2332 -2.38817
926 22.6521 39.2203 2.77399
927 9.1422 31.3712 -2.48862
928 32.7395 35.9517 -3.38748
929 1.97277 31.5338 -1.83755
930 15.0588 9.99683 -2.76889
931 21.2688 16.9002 0.578475
932 11.3292 28.8995 -2.00551
933 14.713 9.33947 1.54582
934 25.5555 30.6641 -2.11256
935 3.10478 0.933945 -2.18403
936 3.56567 23.6489 1.23495
937 8.39076 2.52189 2.49149
938 22.6985 24.6487 2.12302
939 24.2166 8.74643 1.95816
940 11.8975 24.5021 -4.24172
941 25.2634 17.8016 -3.57309
942 3.43774 13.2017 -4.16349
943 7.04124 1.46243 2.03074
944 36.3771 26.5365 0.769313
945 7.9007 39.3919 1.89216
946 19.119 22.3058 1.64501
947 25.3103 4.12763 -2.51435
948 7.23767 31.0576 1.68654
949 7.00117 7.04635 -0.605632
950 35.8088 30.3381 -1.50917
951 19.5109 12.3455 0.722197
952 16.5148 15.5318 0.865714
953 38.9149 5.1902 2.93793
954 39.1213 36.4927 -2.78942
955 0.580621 10.5751 -1.36346
956 34.2498 6.84323 -0.852579
957 31.4532 13.0205 -3.25922
958 5.2893 32.2604 0.925652
959 23.3091 30.2309 1.38905
960 13.7175 0.352986 -2.76914
961 4.05728 29.3662 1.13149
962 11.2237 38.5399 0.851024
963 14.6117 28.4221 1.05055
964 6.64671 8.85513 -0.244296
965 39.4156 33.9855 -0.0156752
966 15.0617 18.128 -4.57945
967 29.9294 34.8798 -0.190581
968 34.646 29.4529 -3.34054
969 11.7172 1.63622 3.93195
970 26.3535 39.4854 0.0234476
971 1.57248 9.82769 -1.9264
972 3.03759 27.6792 -3.86015
973 10.4302 16.3609 -3.01963
974 30.7406 16.939 4.16315
975 10.3032 28.5015 -1.89899
976 8.64925 3.20122 1.47283
977 10.81 39.4249 1.10157
978 16.8999 26.6022 -2.32493
979 3.28873 32.935 2.61625
980 2.09096 13.6431 -2.61623
981 0.826048 6.67471 0.877427
982 39.2211 0.109607 0.959403
983 21.9149 15.3193 0.242265
984 9.76325 37.0968 -2.17328
985 3.69809 22.3593 -0.238607
986 30.8685 19.8395 3.62959
987 16.4268 5.89116 -0.587987
988 34.9021 35.924 0.928868
989 14.3444 26.4496 2.57506
990 30.8388 24.925 -1.40317
991 9.32198 25.1779 -4.15357
992 38.5752 12.7188 -2.80487
993 7.30745 21.0745 -2.61091
994 29.3919 25.2719 -4.11417
995 5.33495 19.4816 -1.13069
996 34.5641 19.6708 -1.98018
997 36.9806 7.58279 -2.20048
998 34.216 39.3673 0.188863
999 28.277 30.3346 1.3683
