1000
Particles
0 39.4205 1.40097 -1.45011
1 33.9153 17.817 -1.28853
2 19.9584 2.66862 -0.941983
3 8.24742 38.0593 -1.34423
4 14.8181 20.2662 -1.59817
5 23.8202 5.89482 0.473201
6 29.4059 1.76278 0.758939
7 34.903 15.3865 -2.43824
8 7.11566 27.1983 0.374844
9 33.1107 22.2231 0.43358
10 23.9319 33.7578 1.97997
11 4.49513 30.2872 -0.32448
12 34.7905 27.2964 0.408077
13 0.629823 6.5512 0.731071
14 27.9703 17.4719 4.17378
15 32.7951 30.5364 -3.324
16 23.7639 33.3684 1.56647
17 31.5467 12.2193 0.295856
18 31.9974 14.4291 -4.25152
19 14.6141 20.1333 1.80463
20 9.47581 12.8789 -1.99527
21 35.9654 2.0746 -0.531537
22 35.9688 21.2612 -0.526976
23 30.3439 17.548 1.58388
24 34.354 8.54323 0.054563
25 1.27552 32.1291 1.58745
26 20.1904 30.2235 2.68159
27 14.8962 17.6107 3.38291
28 5.30055 31.1886 -1.73755
29 32.2369 11.2233 1.27291
30 20.3704 24.1064 -0.2959
31 14.2896 18.2344 -0.0132846
32 18.2891 9.04474 -1.29111
33 7.37422 0.739507 1.36134
34 23.4692 15.2561 3.59963
35 28.0546 1.22412 0.0630654
36 15.8226 36.7631 -0.310176
37 36.8575 24.3597 1.56898
38 29.2066 36.94 -0.956995
39 28.0567 16.7909 2.0501
40 33.4117 34.789 1.60316
41 16.4945 15.3791 -2.31597
42 34.8555 22.0141 -1.97076
43 27.2811 36.3879 -1.8203
44 21.6723 26.3129 -0.377108
45 5.63147 28.034 -0.833669
46 1.37292 10.0419 -3.30309
47 37.2768 2.62357 -1.16812
48 4.71243 36.1131 -1.32037
49 7.77615 31.9964 0.666395
50 39.7351 1.49125 0.758611
51 14.9659 1.30335 0.190704
52 34.4351 8.06332 -1.35208
53 15.8923 7.13821 0.117176
54 35.4817 26.7176 -1.86433
55 35.0742 16.5708 0.653265
56 27.4742 7.55739 -3.10064
57 3.16145 31.7619 0.41806
58 37.1231 19.8319 -0.869436
59 1.88958 32.1859 1.0588
60 6.78521 25.563 -2.33583
61 15.2901 24.2247 0.807271
62 30.3221 0.310715 -1.57557
63 11.3652 13.8465 3.58264
64 36.6622 30.453 -1.12127
65 12.5449 0.347631 1.155
66 10.7736 16.5756 0.990919
67 25.5082 22.357 -2.15394
68 11.5178 7.54248 -0.655956
69 11.7327 3.79751 2.9188
70 5.92407 33.1753 -1.2688
71 13.0076 7.08868 -2.7872
72 5.01955 15.3818 3.38964
73 18.3181 29.1037 0.70132
74 6.35422 1.46247 0.420068
75 2.88584 34.5852 -0.0610005
76 18.631 8.20476 3.58981
77 7.07581 24.183 -3.66982
78 38.2255 29.4396 -0.441966
79 39.6784 3.63641 1.1631
80 39.498 3.62804 0.0551603
81 4.57621 27.8429 0.405987
82 12.4301 8.7339 -2.20619
83 17.263 23.9905 1.00804
84 17.8832 15.4147 -3.19773
85 0.682962 19.1983 1.69836
86 18.0204 5.81743 -2.72759
87 18.3028 38.1121 -2.43586
88 4.6671 37.382 0.482051
89 3.9456 38.2896 1.84307
90 35.4359 34.51 1.16367
91 19.8695 11.8881 -1.6398
92 18.2878 20.146 0.864577
93 17.9719 8.21215 -2.71189
94 14.9341 15.9282 -0.981613
95 19.4611 2.74406 -2.89082
96 13.0333 29.7333 1.11027
97 21.9313 37.0552 0.676345
98 39.8361 22.5129 -2.89911
99 10.5292 34.4762 1.31009
100 31.4252 17.7423 2.46586
101 18.3939 22.3843 3.69864
102 21.7424 33.6976 -3.0218
103 10.7994 0.686527 -1.85176
104 26.301 3.58253 0.792865
105 21.3843 28.81 -0.956711
106 35.6952 10.762 -1.38353
107 19.8855 24.2058 -1.53094
108 24.5182 9.73169 -2.24339
109 37.3354 33.1057 1.24126
110 14.1982 1.96161 0.433942
111 5.8169 29.7338 -0.585004
112 31.9817 39.2446 1.69733
113 34.3724 21.3754 -1.76371
114 1.03254 25.0249 -1.25092
115 31.0126 22.0165 0.368282
116 22.1268 29.3425 -0.79712
117 23.0362 30.6823 -2.50916
118 24.1562 2.0742 1.51744
119 35.6674 19.2167 0.747703
120 32.4183 31.0773 -0.973818
121 25.4553 12.4534 0.637991
122 36.7786 15.5266 -1.96924
123 6.03751 23.91 1.63906
124 14.2742 39.0773 2.61915
125 26.8202 38.9802 0.517559
126 29.748 23.3283 -1.65883
127 0.800216 2.55774 1.9886
128 33.5795 8.6968 -1.91788
129 3.78826 13.3608 3.89681
130 34.3117 2.35145 -4.42896
131 32.4033 25.7479 -4.32814
132 22.6394 37.4538 -0.0775988
133 32.8121 29.7449 -2.80781
134 9.22875 27.8369 -1.7761
135 13.3523 3.49381 -2.69906
136 29.4082 6.06674 -4.70761
137 30.2691 34.9015 -2.30512
138 10.3799 23.7922 1.76224
139 14.5367 1.67144 0.613114
140 20.9949 32.0614 0.259197
141 35.7605 30.7917 -2.53438
142 26.2638 38.3282 2.0963
143 17.1682 28.3806 3.17999
144 6.70214 25.5921 -0.917187
145 29.9459 19.8426 1.9024
146 31.631 8.39129 0.355795
147 35.5457 37.882 -1.22628
148 37.2808 9.36665 0.14593
149 16.5263 24.5874 2.00962
150 17.0252 14.3143 1.17516
151 38.3802 35.5594 -0.730275
152 16.7515 11.5023 3.55067
153 21.4001 1.59448 -4.06037
154 26.9623 36.7662 -1.43259
155 33.6129 29.1455 2.32236
156 35.0039 26.8375 -3.75382
157 14.9479 12.6586 -2.18799
158 17.0164 29.8196 -2.2063
159 13.2985 25.1545 3.0474
160 5.03494 14.951 2.86166
161 11.1667 22.1916 -0.43855
162 25.8679 34.7127 -3.61988
163 7.0813 3.67361 -1.12816
164 13.0931 1.18246 -1.66277
165 27.3243 7.10131 -1.14429
166 33.6109 7.86658 -1.65962
167 11.0945 1.71745 -3.92435
168 35.3053 21.4993 0.814439
169 3.70121 33.9356 -1.90837
170 0.214746 36.0252 0.606652
171 22.7959 2.05049 1.39643
172 37.5665 20.5891 -3.65458
173 23.2979 32.724 -0.0379788
174 12.8917 35.5993 0.869053
175 3.05898 7.95951 1.02754
176 20.6843 24.6939 -3.31639
177 18.1505 8.22395 1.43191
178 22.9448 16.746 -3.8308
179 28.8255 9.23456 2.95594
180 16.1576 11.0589 3.64837
181 36.8849 31.0026 -2.32308
182 20.6802 13.4081 -2.75951
183 4.8008 20.9453 -2.14068
184 29.6166 36.8708 1.72064
185 16.1101 11.8138 3.22052
186 25.8888 4.06815 1.0398
187 7.03943 39.9674 3.78222
188 19.1569 19.1557 -4.75826
189 10.9658 26.1732 0.94958
190 26.7432 23.8524 -1.53946
191 11.1944 33.1594 1.05964
192 34.3051 2.86515 -4.19888
193 29.5086 18.9535 1.87923
194 16.6307 25.1132 4.11324
195 14.1369 19.3361 1.35989
196 27.2964 37.1184 0.639142
197 16.7763 36.1354 -3.9282
198 31.0407 19.4321 2.17405
199 10.7953 12.7365 -0.68897
200 35.8029 37.837 1.75335
201 35.8405 21.0642 -0.148118
202 18.5547 19.8884 0.917149
203 25.9825 15.4591 1.79178
204 33.3836 34.8836 3.18103
205 34.7871 32.9579 -0.578999
206 13.1198 3.28901 -0.901422
207 38.8195 30.0547 0.471937
208 32.8138 25.5246 -1.44743
209 6.79727 31.8593 -1.1971
210 6.21049 24.0866 -0.164002
211 34.6602 21.117 -1.06417
212 38.8951 32.0004 3.62716
213 2.07721 6.5432 -0.126001
214 33.258 23.6303 -0.638968
215 36.111 25.173 0.808812
216 30.3551 21.3073 1.8233
217 6.03328 8.34215 -2.61419
218 16.1489 17.7462 -2.48776
219 25.9833 4.35788 2.3712
220 15.4048 5.50836 0.168297
221 24.7017 9.55803 -2.83176
222 34.929 30.4328 -2.16601
223 18.847 35.6412 -3.5665
224 8.14368 29.3938 -2.82669
225 28.5776 10.4397 0.170907
226 0.848476 21.7856 -2.01428
227 6.71876 3.98704 -3.82718
228 22.5153 7.84715 -2.9695
229 36.9953 19.9374 -0.724152
230 28.2588 7.7888 -1.90352
231 18.0215 20.9263 2.75125
232 32.9849 10.1191 -0.929794
233 39.2283 9.85536 2.59626
234 6.74245 0.196184 4.27172
235 0.260313 7.08784 -0.291057
236 8.19161 39.1597 -2.17268
237 12.0907 24.3284 -1.79408
238 11.2019 12.726 -4.11295
239 34.2387 11.0713 3.67318
240 22.222 21.9474 -1.54729
241 19.8107 30.1885 2.34419
242 0.366145 5.65037 -0.96705
243 26.1614 38.2184 1.7452
244 0.95288 18.5177 0.772307
245 20.6494 1.78644 -0.216203
246 31.6271 8.68729 1.95813
247 5.97859 2.08906 -0.601605
248 2.96398 22.0127 1.06106
249 19.3041 32.7077 0.285038
250 11.0332 3.05807 -3.53477
251 0.986413 8.66884 1.43188
252 33.2599 17.6123 -1.05928
253 31.3682 12.0809 0.729209
254 38.8123 36.6848 -3.59421
255 26.0544 25.1441 2.30211
256 3.95684 5.58993 -2.32581
257 31.0069 17.6751 -0.190606
258 31.8123 35.9747 1.57318
259 31.8841 17.0579 0.258978
260 4.95126 11.1926 4.03444
261 26.1594 23.9053 2.98837
262 27.088 31.0834 -0.656008
263 1.43091 3.3065 1.58003
264 5.98178 26.035 -3.73798
265 2.00702 19.6541 1.86527
266 39.199 10.3407 1.8807
267 3.48619 27.6239 3.12492
268 2.4903 26.0854 1.72736
269 21.8692 38.1412 2.97105
270 4.38174 8.57763 2.80182
271 32.5831 9.88288 -3.08904
272 21.075 18.1766 2.1451
273 26.6532 36.5379 -2.11838
274 12.7785 5.09406 1.13331
275 6.74742 20.6494 2.16286
276 28.6023 19.3373 0.309308
277 6.97404 25.7304 -1.30498
278 8.11938 8.40433 -2.0569
279 4.5896 23.0224 0.76252
280 1.74553 21.5885 -1.16468
281 23.9575 14.6183 0.943384
282 13.7302 18.1771 0.623299
283 20.8877 36.5998 -1.729
284 28.9645 22.2374 3.0896
285 36.8056 35.7898 1.08603
286 34.6436 7.03972 -0.987916
287 7.84953 17.9729 -1.32576
288 5.4894 38.7531 1.41648
289 13.0508 32.191 3.00262
290 35.3249 26.6954 2.5753
291 15.3987 12.8358 -1.56143
292 36.8512 22.643 -0.980099
293 3.8786 4.11009 -1.76041
294 32.2685 26.2733 -2.01902
295 15.9467 10.8564 -1.49375
296 30.2597 24.3131 1.22395
297 1.11867 27.2864 3.40203
298 22.8168 36.1296 -3.44471
299 17.5975 31.0332 -2.0703
300 27.7814 6.58825 -2.28487
301 32.5279 23.7187 0.985513
302 16.3664 35.393 -1.57701
303 8.5949 25.8848 -0.776378
304 7.97138 22.3567 -1.5307
305 5.03021 24.4155 -0.724747
306 32.2879 11.5668 0.556412
307 9.85315 14.6665 1.27927
308 0.799693 16.225 1.021
309 12.865 35.181 0.277985
310 19.4182 21.6423 2.52304
311 27.0938 7.46101 -3.42098
312 38.0289 37.0967 -3.38043
313 33.3064 0.739184 2.56998
314 14.7712 1.99393 0.647033
315 37.942 29.4049 -2.05256
316 36.7309 33.9478 2.77948
317 34.0974 31.8803 0.865098
318 22.3654 20.9011 -3.41964
319 4.03245 35.5866 1.14249
320 2.35904 23.6234 -2.05155
321 30.5539 2.20035 -3.06433
322 4.28356 32.8278 -1.44104
323 19.4661 33.0867 -1.37863
324 29.4725 16.0445 2.7927
325 6.45994 25.1159 -1.2467
326 3.74814 8.83465 -0.382613
327 17.6956 37.8788 1.11835
328 17.9223 25.9497 -0.0825616
329 1.83633 21.4525 0.745515
330 3.84938 11.4996 -0.324679
331 12.4589 35.3059 -0.118625
332 31.7613 12.156 3.19067
333 17.9667 18.4184 0.691081
334 11.8743 8.64557 -1.46192
335 9.19415 0.147495 2.6614
336 18.6213 35.8119 -1.87071
337 6.97206 18.4714 -0.47306
338 14.3059 26.4122 -1.44325
339 0.457988 31.3551 -3.92289
340 4.74028 24.8289 -1.65519
341 33.6588 29.9973 -2.91611
342 9.51383 10.9089 -3.62968
343 10.7275 13.1491 -3.60632
344 11.5557 0.618604 0.527513
345 36.4551 27.5598 2.13865
346 15.1323 7.48839 -2.52727
347 6.22641 39.7611 2.60187
348 8.06783 22.3386 -3.3618
349 13.6314 18.125 -0.642743
350 7.18756 14.2694 -0.804243
351 7.99032 24.5713 1.36172
352 29.1876 24.6447 2.13205
353 26.4797 4.18148 2.86712
354 33.6846 38.231 -1.49561
355 20.5982 24.083 -1.91436
356 27.5484 28.2931 2.28731
357 13.0282 25.9859 -2.99875
358 12.022 16.9498 0.728757
359 33.3995 27.4901 -0.347705
360 31.9508 24.989 -3.2338
361 28.4497 31.7071 -1.7761
362 36.0841 24.3341 3.91298
363 39.8422 6.59819 -0.653505
364 6.85872 13.0407 -0.564621
365 6.30862 1.73334 1.42726
366 13.6226 4.14728 -0.324485
367 11.3687 0.265895 1.51446
368 25.8957 4.99634 -2.51742
369 17.391 34.0992 4.34227
370 17.1512 25.6051 0.920892
371 22.0002 20.5284 -1.88547
372 24.8509 25.9355 3.84352
373 12.9657 7.96862 -0.633141
374 11.9241 20.084 2.84996
375 13.0556 11.1834 -2.63481
376 2.79053 29.5894 1.04724
377 4.10016 5.62267 -2.02404
378 13.4347 4.44833 0.266921
379 33.4831 29.9518 -0.74173
380 36.4669 31.6252 0.423221
381 11.7307 33.0359 1.33035
382 1.50958 16.7181 2.76975
383 16.5596 34.5295 1.70723
384 25.003 2.20973 0.0470483
385 17.4315 14.4754 1.86527
386 23.2254 6.28157 -0.825436
387 7.21281 3.17998 -2.86052
388 31.0338 23.3583 -0.390003
389 5.22645 5.339 -2.52506
390 32.4355 27.7032 -0.278061
391 14.7156 12.8775 -0.35695
392 22.5111 26.7397 -0.042818
393 19.4675 9.5504 -0.739044
394 28.7119 38.7747 4.05669
395 32.9495 16.0778 3.81247
396 3.05611 6.57351 2.34045
397 2.53963 3.37481 -2.63461
398 3.45855 29.9161 -0.544115
399 36.81 18.3422 0.6926
400 4.12449 36.352 1.57302
401 22.6965 36.8392 -3.10963
402 34.0851 8.83389 -1.51733
403 2.58159 29.786 0.0625754
404 25.2825 31.3658 0.0520628
405 0.332547 22.2295 -0.185509
406 26.787 1.61686 3.65849
407 38.9924 0.105367 0.230721
408 6.5685 12.3102 -0.472402
409 14.1848 6.21345 4.22043
410 22.9404 22.3472 0.535993
411 18.0133 23.2025 0.269989
412 1.46036 6.19057 -0.423238
413 17.0379 12.1686 2.99412
414 4.27206 14.6204 1.9402
415 14.6664 26.2062 -1.06495
416 22.8705 35.7625 1.78445
417 4.01666 5.82416 0.0742181
418 32.3685 25.5132 -1.67633
419 21.6543 12.2812 4.37822
420 19.8092 39.7858 2.57327
421 5.13574 15.0171 3.91147
422 9.61135 11.881 -3.93187
423 29.4543 8.21153 -3.94451
424 26.8336 21.3087 2.47973
425 23.455 2.47352 -0.860472
426 10.7069 23.4226 1.44405
427 17.5136 16.8943 -2.41824
428 3.83112 7.60519 -0.837827
429 3.74112 10.399 -1.42534
430 20.1566 17.5582 1.19609
431 8.48389 9.35052 -2.79897
432 19.1742 34.8881 1.41989
433 31.565 25.7442 1.69256
434 3.72797 24.6404 -1.50062
435 28.8928 37.5435 0.138954
436 38.3303 25.5886 1.05447
437 10.8628 36.9047 1.93326
438 8.52988 21.6444 -1.65246
439 32.1823 18.6742 -2.17578
440 26.5572 2.8185 0.254693
441 10.3932 4.68697 -0.996701
442 14.1478 24.8224 2.94006
443 17.6553 17.3026 3.11721
444 8.85363 15.6897 0.579947
445 4.96498 23.2566 -2.51851
446 18.6345 8.98355 -1.79834
447 1.18048 8.69476 -0.585501
448 33.6582 27.6008 1.74979
449 14.1844 15.6741 -0.503597
450 9.86266 20.7858 0.0744787
451 35.9325 9.8534 -1.17524
452 16.6899 12.0613 2.8611
453 6.16001 29.5577 -0.626275
454 37.5182 7.92631 2.6095
455 32.6316 4.99709 -1.67136
456 9.64124 8.11503 -3.3676
457 24.0255 20.3464 -0.940506
458 34.5856 17.3756 -4.00732
459 11.8823 9.41694 -2.6538
460 8.17716 1.86902 1.8368
461 9.67671 39.4278 0.987758
462 26.3026 15.0956 2.01881
463 39.9753 34.6218 -4.48668
464 33.6512 18.254 -3.59549
465 31.6301 17.3692 0.874831
466 34.8873 22.0552 1.55971
467 5.55507 36.7907 1.22574
468 28.0952 36.2531 0.0094834
469 16.7262 28.7978 2.28698
470 9.90425 13.9524 3.28425
471 36.2484 16.1341 0.709681
472 13.6951 14.7394 -1.16286
473 12.7453 2.8326 0.993858
474 5.98006 34.8898 1.09051
475 30.4004 4.37865 4.14173
476 22.124 30.6242 -1.60474
477 13.3171 32.2114 1.98011
478 34.4842 15.951 0.450616
479 4.16226 27.3514 0.482673
480 34.5057 15.184 1.99497
481 25.9566 38.3519 0.468969
482 9.54115 30.2834 -1.78054
483 13.9175 31.6077 0.962726
484 8.51477 37.9348 -2.5226
485 4.71308 0.0727661 0.485003
486 17.8113 27.783 2.74578
487 31.1821 30.3043 -2.54234
488 34.7964 8.1024 -0.529928
489 18.9881 2.66059 -2.23167
490 3.01612 3.0933 -4.29712
491 15.4787 12.0042 -1.43556
492 26.5671 0.968864 4.23195
493 4.12014 27.2698 2.56854
494 9.03295 21.1452 -0.456584
495 30.8163 16.5123 0.383529
496 33.1558 17.6575 -4.04786
497 3.88998 28.1904 -1.7051
498 17.8348 15.4706 -2.46756
499 7.5876 18.028 -0.757595
500 6.36487 13.261 0.858065
501 27.7539 17.3031 1.79739
502 1.93499 4.13153 -2.01684
503 15.8623 24.8302 0.421525
504 36.6581 32.3037 -2.14491
505 6.01601 2.24164 -1.01859
506 28.6272 25.0835 3.72504
507 22.0319 9.52787 -0.236257
508 1.95448 28.0959 1.42766
509 29.1359 0.106739 -0.091526
510 33.0692 1.44685 2.00982
511 21.3658 30.1903 -1.59696
512 38.8879 31.5301 2.26034
513 18.9216 36.4428 -3.46536
514 12.1335 24.1672 -2.37237
515 16.8427 14.428 0.688611
516 21.528 2.05451 -3.67131
517 11.5385 9.04553 -2.41733
518 17.2047 15.1039 -2.72465
519 18.3708 14.7025 3.55864
520 36.2039 9.42287 2.55599
521 37.3696 30.6885 -0.471512
522 22.4354 22.5173 0.364776
523 11.5159 18.6417 -2.59888
524 3.6385 25.1057 -1.42447
525 9.27629 13.0245 -0.233712
526 2.00287 20.6655 1.22392
527 11.8989 3.09593 -1.94879
528 23.0215 5.41578 -0.733499
529 29.0845 2.66386 -3.11148
530 38.295 8.69663 0.438083
531 28.3453 11.4835 2.05496
532 21.1408 37.3087 0.787397
533 23.9645 29.1559 -1.3429
534 13.9131 29.2756 1.24358
535 7.72954 1.94681 2.51226
536 31.4733 18.9976 -4.69825
537 39.8606 19.4479 -0.0840199
538 4.28594 38.0071 0.722146
539 2.14936 4.56857 -2.35577
540 30.8942 26.6028 0.749721
541 26.9419 20.6073 1.6641
542 39.1896 28.1149 -0.375611
543 11.4088 15.1562 -3.09796
544 6.69205 2.25868 0.665002
545 12.684 21.1494 -1.92191
546 2.42618 34.8044 -1.16817
547 4.63666 19.0135 -2.0841
548 39.0617 30.4929 2.78378
549 3.09731 24.2609 -0.374375
550 6.7218 32.3926 0.485907
551 18.8248 19.4642 2.23671
552 39.8129 6.44319 -1.82235
553 18.1824 23.4171 -0.559967
554 15.426 7.30197 -1.91929
555 36.0082 16.3676 0.158113
556 30.4988 18.4738 1.07178
557 8.22446 26.0888 0.145111
558 33.8189 0.547824 2.06268
559 25.3925 32.6995 2.50756
560 32.0269 24.1878 0.15164
561 9.9488 20.626 -2.22154
562 6.73235 23.6786 -3.96109
563 0.403787 16.2662 -0.750247
564 13.2642 21.4369 -4.05357
565 38.795 17.4443 0.861999
566 18.2494 33.9956 1.68323
567 33.0598 11.92 0.851309
568 39.2319 6.86646 0.379263
569 2.62567 18.8123 1.2815
570 5.46715 26.121 -0.164169
571 17.3753 11.8599 0.099305
572 38.2411 32.1658 -0.997423
573 20.809 1.37272 -2.23971
574 14.2581 19.8372 2.10386
575 17.9853 19.4349 2.90812
576 38.6666 4.18191 0.903817
577 23.8399 30.3167 -0.882999
578 3.41745 35.0653 -1.24391
579 8.48361 8.79138 -3.36807
580 8.19209 29.3974 -2.08934
581 7.52334 29.2319 -0.134445
582 22.9841 29.0829 -1.84
583 25.9364 1.70264 3.40526
584 36.4229 9.90576 -0.397224
585 4.57051 17.8411 1.43608
586 26.5872 23.019 -2.97196
587 32.4103 32.089 3.75198
588 21.2675 36.3571 -1.57599
589 28.495 21.9399 -0.265483
590 6.42471 2.8558 -2.90027
591 2.08967 20.7483 1.92817
592 32.5988 25.9482 -1.61519
593 18.1944 25.1419 -1.00766
594 8.32045 2.45651 2.71351
595 24.1455 19.9981 -0.207683
596 36.537 34.1846 3.88405
597 31.6238 7.80504 1.30974
598 35.3371 10.0431 -3.78158
599 14.5169 34.8629 -0.42922
600 4.9929 39.9747 -1.15234
601 19.5214 34.8373 1.6864
602 6.03893 19.156 -0.0275259
603 18.883 20.2739 1.43283
604 33.4404 24.818 -1.29305
605 6.3749 0.304445 0.166451
606 3.4826 28.5794 0.122194
607 2.96614 10.5571 -0.372199
608 6.37177 2.69608 -1.14532
609 24.9509 36.7181 0.487429
610 34.9504 24.3728 2.88905
611 0.760951 22.8874 -1.07517
612 17.4491 12.2582 2.90946
613 23.6661 12.8597 -3.05388
614 39.2394 7.21551 -1.39573
615 32.9295 7.1071 0.74094
616 33.2152 16.3753 -2.10098
617 24.2473 32.6782 0.603725
618 39.064 2.25165 -1.04918
619 24.5265 35.2822 -0.0970793
620 35.4203 32.7587 -0.234262
621 27.572 15.3838 -2.55097
622 11.172 2.72478 -1.31668
623 17.1139 11.9159 0.585956
624 33.8892 1.24495 0.30219
625 16.449 9.53846 3.00088
626 4.65663 39.7746 -1.97911
627 2.72189 33.6603 -1.55939
628 21.4731 12.8928 -2.4909
629 30.1935 1.6298 1.64391
630 34.433 31.1331 -0.580419
631 29.1356 38.172 -1.27416
632 30.9575 32.07 -0.880454
633 34.4013 23.1683 -2.53738
634 38.8547 39.8232 1.39046
635 24.054 28.269 -1.87448
636 20.2508 4.87696 -4.81031
637 0.355444 23.0438 -1.76383
638 35.5949 26.0164 0.774731
639 32.8247 4.89579 -0.28366
640 4.26002 17.9083 0.181269
641 23.591 2.03955 1.25547
642 15.9732 37.3921 -1.2113
643 23.8166 28.3545 -1.40149
644 13.311 4.35364 -0.330678
645 4.47989 10.9748 1.8195
646 9.14088 11.2852 -2.40579
647 8.84166 17.4269 -0.75086
648 33.4501 35.1317 2.89857
649 21.6079 23.9039 -1.66074
650 31.4364 12.3994 2.93839
651 27.0424 21.2391 2.23619
652 0.809829 39.3343 1.88524
653 10.2698 2.19993 -3.77882
654 20.9123 13.2417 -1.84558
655 31.3202 35.8156 1.68327
656 10.7305 12.6375 -1.47206
657 22.4269 6.19409 -1.47529
658 11.282 28.8269 -2.62678
659 29.6482 0.73149 2.16883
660 27.7115 15.3862 -3.61446
661 36.7304 17.2507 1.58365
662 28.3536 30.5788 1.35208
663 18.5304 21.5009 2.26847
664 32.2488 13.7538 -2.81541
665 32.0666 38.8062 -0.0828909
666 29.201 0.176608 1.86613
667 37.3435 33.0304 0.87413
668 9.09047 34.5394 3.09612
669 16.8912 29.3253 -0.117621
670 37.3435 25.3101 2.13304
671 25.2061 35.97 -0.0718611
672 15.23 30.0278 0.170597
673 35.406 8.13796 3.66733
674 10.9021 17.1567 -0.0856832
675 29.7691 16.6472 1.97132
676 29.6045 0.495878 0.854809
677 29.9974 17.0924 2.56949
678 29.8857 37.1795 1.66587
679 21.369 19.5766 -1.06404
680 15.034 24.7634 0.53201
681 12.1232 39.8342 0.366116
682 30.743 35.6678 1.09939
683 31.1912 23.4073 -1.13075
684 12.3839 34.6401 -0.967783
685 24.3559 27.4478 -0.82342
686 4.40798 4.16123 -0.649443
687 22.8401 12.7164 -3.55529
688 32.7362 1.68049 2.87505
689 13.2446 34.541 -3.373
690 19.5119 31.2864 -0.855849
691 17.7257 30.9524 -0.727267
692 26.2177 14.2743 4.01893
693 36.244 15.5525 0.127238
694 24.6446 35.8931 -1.41754
695 17.1082 29.1735 -1.55058
696 33.9131 27.6142 -1.2415
697 29.802 7.7542 -3.60729
698 34.8633 14.0482 -3.32757
699 21.596 20.7767 1.1811
700 3.97977 2.55789 1.96748
701 28.3097 1.64231 -1.00273
702 0.257827 3.5563 1.93096
703 33.6236 16.8168 -3.0949
704 28.6263 28.6564 1.06499
705 0.405562 34.4253 -3.69707
706 34.7218 32.5466 -0.0813936
707 11.3504 8.85235 -2.14313
708 28.9022 19.7174 2.78004
709 26.756 3.99369 2.19339
710 20.0529 30.6587 3.79486
711 34.518 30.0917 -2.16774
712 30.048 14.3286 0.977914
713 35.7557 9.84159 -0.923906
714 25.0235 27.7295 3.84147
715 1.44612 4.83277 -2.26392
716 21.5184 37.373 -0.654354
717 16.3772 26.8636 0.673137
718 13.7641 29.0468 1.79802
719 7.53358 35.656 1.38817
720 15.2335 23.7007 2.62558
721 28.7027 34.6309 3.13007
722 3.38956 4.02241 -1.7171
723 17.1664 38.1001 -1.85629
724 12.1273 3.40319 2.93475
725 28.5525 6.23051 -2.00143
726 8.27694 27.6132 -1.39122
727 2.61571 29.1933 -1.47037
728 4.21535 12.0212 -0.683139
729 17.855 37.2624 -1.27956
730 16.695 11.4666 2.32076
731 33.0339 18.9955 -4.75663
732 28.3099 37.1992 -0.432729
733 34.2988 22.6797 -1.80177
734 23.5446 13.0978 -3.59394
735 19.751 21.0385 1.67184
736 23.1742 29.4572 -0.361974
737 33.809 28.1232 2.0201
738 12.7133 7.64187 -0.88323
739 11.3374 30.3457 1.45453
740 39.8569 18.8635 0.300824
741 7.2894 32.8704 -0.544445
742 23.7267 14.7269 3.75623
743 19.4302 26.9056 -0.194728
744 32.4536 25.3127 -3.35403
745 21.8124 33.3445 0.304841
746 15.9998 12.8705 -0.116702
747 17.7417 23.7589 1.43254
748 13.3146 22.4251 -3.842
749 4.98189 5.16307 -1.17502
750 4.49182 28.4082 -2.8461
751 7.39513 0.449633 4.00977
752 33.6264 14.5137 -4.65553
753 7.93555 20.5117 0.687975
754 30.1948 22.1852 0.207577
755 24.0488 5.5175 -0.821504
756 39.3284 7.55455 0.477459
757 14.8104 21.4301 -3.02158
758 32.5722 24.5964 -2.22172
759 10.8428 29.766 -2.01245
760 32.5716 0.0673687 2.48881
761 13.0645 17.902 1.46524
762 24.2411 25.8196 2.14716
763 13.7315 1.36818 0.872028
764 26.7328 2.35439 1.19715
765 27.3615 27.4742 -0.00930701
766 9.1943 15.9401 0.355042
767 32.0411 16.6389 3.01317
768 5.46103 15.3762 1.83578
769 22.773 28.0164 -2.0161
770 11.1073 23.9621 -0.0148016
771 0.90885 22.1848 -0.602041
772 14.3506 34.3662 -1.85651
773 34.335 30.2466 -2.1778
774 38.396 35.678 0.767468
775 15.5749 13.1453 -1.3408
776 14.4295 21.3715 -3.36759
777 2.25658 21.2055 1.96784
778 30.3597 25.4902 1.77562
779 18.2945 2.30736 -0.557266
780 3.69442 4.02194 -0.931198
781 33.1899 2.09734 1.68504
782 13.4406 6.26984 -1.27369
783 14.9532 7.17449 -1.55429
784 32.1019 1.96129 2.1982
785 23.6849 20.5382 -0.203636
786 5.18592 24.0149 -0.853467
787 31.0788 1.6263 -1.58819
788 1.31026 35.0067 2.24824
789 37.7133 13.1227 4.30768
790 10.3898 29.2851 -1.80279
791 16.7279 15.8345 3.40929
792 10.8734 28.7907 -0.158645
793 27.1046 1.14584 0.649105
794 23.5905 21.4108 -0.696176
795 9.81952 9.72017 3.48778
796 18.4474 25.8243 0.748546
797 5.7891 28.8454 -1.42982
798 29.2646 4.81591 1.49081
799 28.0691 39.2236 2.49517
800 30.2605 11.205 3.07551
801 22.9328 15.2453 0.19773
802 34.8312 15.6852 0.852508
803 6.03215 0.538689 0.00505406
804 5.12404 18.0443 -1.71788
805 3.77095 23.4377 3.37703
806 13.8021 21.8791 -3.30946
807 23.139 8.31888 -2.58852
808 26.8993 21.0565 0.204994
809 18.2085 9.57712 1.02265
810 14.9324 39.4297 2.3476
811 14.164 25.3989 -1.39699
812 10.2188 0.293234 1.57471
813 2.83427 7.08505 0.601361
814 26.8081 37.4446 -0.219355
815 34.8312 22.3786 -0.454366
816 15.2506 36.0073 -1.52725
817 15.5569 37.0872 -1.60535
818 9.9498 13.7683 -1.25711
819 23.8724 4.2599 2.17591
820 34.6775 0.305522 3.95102
821 12.5399 8.54173 -1.90758
822 8.9312 9.17658 3.69716
823 32.4704 39.1915 -0.522506
824 39.0428 17.0743 4.08614
825 33.4044 27.7455 2.24652
826 2.18956 17.2899 1.87139
827 0.738941 15.161 0.356782
828 21.2771 12.8945 -3.29438
829 17.2909 34.5346 2.96447
830 13.9548 24.3483 3.27802
831 10.1634 39.9035 0.717873
832 29.4419 30.0293 -0.113984
833 14.5015 14.3582 -1.17403
834 16.7957 8.8857 1.23987
835 5.51003 27.743 -2.07896
836 21.3938 28.8192 -1.85108
837 32.6588 26.3342 -4.00034
838 27.7143 6.94658 -4.02767
839 1.57262 24.6586 -3.93455
840 25.4741 9.12856 -3.23146
841 31.6382 35.7912 -0.504996
842 21.8485 29.8682 -0.629611
843 8.89033 2.5581 0.653346
844 7.01371 20.5978 1.68228
845 3.18828 25.5645 -0.647733
846 16.3499 32.2385 2.13809
847 1.04047 23.2775 0.484239
848 25.8383 18.7897 0.568895
849 15.8216 15.5238 -2.03143
850 6.08404 32.6144 -0.175424
851 4.1332 36.7742 1.79114
852 25.1004 31.3832 -1.25888
853 25.6285 27.466 4.56864
854 39.136 29.3158 1.42793
855 17.4538 1.87068 -0.621335
856 15.3048 35.4733 2.21268
857 12.296 16.4673 -0.901806
858 4.06605 25.9316 0.00287641
859 16.2282 38.3202 -2.10195
860 34.6097 22.512 -1.69009
861 1.36599 15.9951 0.325091
862 0.262604 33.2283 -1.62044
863 11.7509 11.4989 -1.82435
864 23.7399 12.4977 -1.72602
865 34.0451 30.9065 0.832377
866 29.2822 39.8938 1.71861
867 17.3415 37.9857 -1.99184
868 29.4618 26.6873 -1.85894
869 38.2473 16.9223 1.5628
870 5.8178 5.09192 -2.86085
871 18.7222 25.7933 1.85134
872 28.8641 25.4727 0.179634
873 19.0817 20.3697 1.64113
874 36.3227 13.8781 0.645255
875 38.0334 14.3009 1.40128
876 3.55312 12.6721 0.400405
877 38.8989 2.32793 -1.37294
878 1.51411 38.4061 0.401664
879 4.75737 31.3966 0.107128
880 0.480527 18.4825 0.416085
881 1.73187 23.3954 -0.24185
882 28.6595 5.99582 -3.6954
883 39.7191 26.3192 0.0257601
884 10.2608 21.6221 -1.84566
885 14.0365 12.2983 0.537481
886 13.8921 23.7801 2.39188
887 37.9423 21.7117 -0.0816761
888 1.62117 30.2611 0.979327
889 7.76984 12.4379 -2.23119
890 18.6197 17.6496 4.15955
891 20.4396 23.4145 -0.136133
892 24.568 3.15485 1.61296
893 32.3828 26.1937 -4.07858
894 34.6111 30.3169 -1.1402
895 33.2469 17.41 -2.89974
896 20.2574 1.22855 0.718138
897 0.538337 9.94979 -3.7255
898 20.171 19.318 2.52286
899 4.77555 24.2855 -2.75277
900 14.8301 6.89536 -2.12588
901 2.71035 38.9733 -2.8328
902 36.3834 31.0435 0.649659
903 7.25115 38.7499 0.803403
904 21.6509 1.25938 -4.1293
905 23.7451 34.5311 1.52684
906 24.6395 25.2638 4.5594
907 15.7138 27.2249 2.0716
908 34.4278 31.6548 -1.08099
909 18.2176 8.41951 3.10427
910 36.1843 23.2469 -1.8684
911 31.3756 28.0458 0.691565
912 26.8002 23.0368 1.23105
913 39.7845 25.8367 -1.90205
914 4.74835 26.2195 -0.519284
915 37.5842 32.5203 1.75433
916 27.0622 19.407 -0.884304
917 8.66188 28.122 -2.028
918 3.75166 2.0547 2.25095
919 28.8089 17.7851 2.36557
920 7.15117 18.9534 -3.28323
921 31.8858 22.8105 1.9173
922 23.7973 13.5444 -2.48274
923 13.1908 29.4315 1.77365
924 28.3197 33.0763 0.342001
925 18.0669 36.7516 -3.63519
926 27.2663 36.9374 0.43465
927 4.69412 31.0626 0.529968
928 34.0041 2.22614 0.829758
929 36.3071 30.531 -2.00934
930 15.3656 6.46149 -1.55598
931 16.5773 17.4574 -3.20964
932 7.08311 24.3242 -3.24367
933 13.0957 6.08523 -2.11158
934 34.2175 30.0417 -2.20276
935 6.35945 3.42829 -2.53606
936 13.516 24.3585 2.31956
937 12.1751 2.30948 2.32207
938 22.2604 21.5095 0.0747259
939 26.0064 6.71305 -3.28887
940 17.7077 18.7198 1.41588
941 20.6731 23.5208 1.65634
942 4.76693 13.9728 3.83551
943 8.58418 2.53413 1.46453
944 38.0877 33.3241 0.807156
945 2.91147 1.97993 1.36706
946 20.5365 21.1371 -0.87713
947 23.5006 5.83168 -1.98555
948 10.4722 0.415933 3.07399
949 3.83908 14.2423 2.55903
950 31.4448 25.5543 0.852691
951 15.7501 5.44451 0.229923
952 15.444 13.9134 -0.133726
953 31.6045 17.5343 2.66843
954 4.77795 0.974894 1.26643
955 0.867855 8.1448 1.6489
956 31.4628 6.65208 0.726847
957 30.8714 21.4742 0.182514
958 3.58759 32.4243 -0.68928
959 29.1636 39.4739 1.42774
960 2.7601 4.0615 -2.14061
961 2.62581 29.9586 -1.27434
962 15.9088 32.8099 -0.899994
963 16.9872 35.3074 -1.85434
964 4.45873 4.84472 -2.16535
965 35.4035 29.5213 -1.05465
966 13.425 19.1234 1.38118
967 20.692 0.352915 -0.539124
968 35.3793 24.5276 2.39321
969 13.1674 0.945732 -1.47781
970 28.771 36.5626 -0.88913
971 31.262 14.4261 -2.16621
972 13.0647 19.2163 3.63466
973 11.4893 23.3111 -0.0619576
974 29.2229 16.2408 -0.466726
975 11.2347 23.717 0.319801
976 2.73046 5.26591 -4.36627
977 4.22672 36.9696 -1.78402
978 12.3313 23.9651 -1.98625
979 5.6959 36.9091 2.0206
980 33.6192 13.187 -2.21467
981 5.67984 18.265 -1.97745
982 38.9235 5.03516 -2.72691
983 24.602 11.7795 -0.666872
984 9.11042 38.5491 1.96144
985 6.65151 21.2624 3.96752
986 28.5614 14.6507 -1.03884
987 8.10447 11.9456 -1.34226
988 1.71338 29.729 -2.33964
989 23.3682 33.6285 1.48876
990 26.5421 16.9508 -2.08936
991 10.9034 23.4043 -0.129929
992 3.11136 15.4573 3.34251
993 11.4166 22.7477 -1.2286
994 26.1169 20.771 -0.0404
995 11.1246 22.31 0.931177
996 34.5752 17.5426 -4.01033
997 34.0689 13.7563 -1.71722
998 39.1474 35.7537 1.29561
999 33.1106 24.6299 -0.663768
