1000
Particles
0 5.10356 35.4392 3.33998
1 26.0419 29.6303 0.00506259
2 14.7403 9.45465 2.24168
3 14.0471 5.03586 -0.301762
4 22.3292 24.4491 -0.495067
5 13.9993 18.7251 2.71287
6 32.7753 3.37866 -2.19988
7 33.3455 16.0397 -2.31578
8 5.36515 15.9782 1.56579
9 0.0883696 22.4908 3.97441
10 22.9508 2.65347 1.66475
11 8.67184 34.5746 -1.02437
12 30.809 31.5717 -2.28806
13 21.9339 1.49184 -2.49179
14 21.6367 28.7951 -0.17393
15 17.8646 29.5962 0.526769
16 23.0504 32.0505 0.577186
17 0.993171 22.236 -2.97372
18 36.5864 13.9416 -0.481639
19 17.3909 32.3406 -1.42704
20 5.31052 7.19887 -1.98901
21 3.67275 4.30945 -2.43179
22 6.2463 5.06935 -0.366283
23 37.5025 21.9667 -2.63234
24 37.2637 3.18662 -0.523129
25 38.4696 33.671 -0.0222118
26 23.4136 31.5394 -0.209317
27 12.6678 6.62414 -1.28045
28 17.3877 39.1677 -1.14895
29 28.539 6.13522 2.90932
30 13.5268 19.4234 -1.16061
31 9.76107 10.8618 1.03961
32 25.4919 36.9326 3.19792
33 8.14974 35.6509 -1.07042
34 23.3678 32.5198 1.14699
35 25.3151 24.4845 1.52304
36 17.1815 6.94064 -0.346226
37 31.4486 32.3747 -0.7639
38 38.6045 4.42512 2.01251
39 38.2479 22.6158 0.170475
40 2.012 36.8519 -0.192041
41 12.5728 9.96514 2.56943
42 34.4972 14.3576 2.31426
43 22.8961 22.6948 1.33689
44 18.2065 26.8576 -0.246401
45 39.3957 18.3175 -0.148837
46 1.62812 6.30891 0.489579
47 27.1956 14.9764 1.06909
48 3.87624 39.6512 2.8116
49 6.97301 38.7656 0.199338
50 4.18628 33.4029 1.5295
51 26.31 7.2892 0.443218
52 32.5205 11.0276 4.25131
53 15.523 6.43049 0.99981
54 28.4822 7.62943 0.335045
55 9.37435 12.032 0.621351
56 8.08938 12.2725 1.42386
57 11.4326 36.2472 2.67575
58 35.1229 23.4869 -1.66319
59 5.30851 35.1196 1.3028
60 7.10509 25.5703 0.0537854
61 23.1014 35.8175 -1.40733
62 38.8978 5.54791 0.78996
63 14.8124 18.9654 2.08622
64 36.1268 33.2073 0.35633
65 10.4209 0.630229 -1.52717
66 0.0124532 18.424 -1.25491
67 22.0506 25.0016 -0.424646
68 38.6258 5.77676 2.64857
69 10.0714 38.1483 -1.4883
70 10.8001 0.100413 -0.900588
71 15.8086 18.084 2.88604
72 7.29689 10.9223 -3.54168
73 20.7099 32.1366 2.29977
74 8.95765 5.04576 1.96774
75 26.8433 34.8655 2.64933
76 31.6161 0.926375 -0.609497
77 9.94934 29.4292 0.297284
78 1.15082 26.1382 -0.186981
79 5.98632 1.21658 -0.772888
80 36.4579 17.4357 -4.63246
81 11.5309 37.2129 -3.7327
82 17.4944 17.4091 1.38496
83 14.7562 29.0367 2.84109
84 24.0724 9.28075 2.56687
85 39.3169 18.3956 0.508445
86 18.5221 13.5708 -2.68309
87 23.2164 32.6496 1.79653
88 13.3801 6.01574 3.26039
89 7.6985 3.43362 0.121332
90 37.352 27.8013 -0.497944
91 24.4346 11.8807 1.53016
92 16.6926 28.3246 2.0878
93 11.2442 0.169487 1.54519
94 14.8856 26.4412 1.05166
95 16.6678 4.82261 -3.99546
96 9.02215 39.5075 -1.27911
97 23.7083 0.0412026 0.757195
98 5.05003 21.2012 3.09345
99 12.7994 5.75535 3.7635
100 36.6088 22.2384 -0.955602
101 13.9588 20.7187 -0.101484
102 25.3992 36.4846 -4.2632
103 18.498 3.18729 -2.56169
104 19.1135 11.6985 2.94978
105 15.8572 39.8785 1.48646
106 30.3574 23.5016 -0.882927
107 18.059 23.1028 0.486301
108 37.4536 20.1562 1.56396
109 38.8907 29.2245 -3.96427
110 37.9088 29.2098 -1.44279
111 30.8265 39.6393 -2.23916
112 36.848 5.84653 1.45763
113 37.1946 34.2333 0.124299
114 33.2685 23.2941 2.31689
115 24.8904 17.3482 -2.61508
116 18.5137 33.7834 1.98179
117 26.7661 29.7473 -1.63527
118 22.6916 1.91384 0.386243
119 31.0808 9.96264 0.51478
120 27.0551 30.6799 -1.18266
121 15.9799 21.0699 -0.858177
122 29.2359 29.5784 0.276001
123 12.771 29.1565 -2.63634
124 17.1513 1.02896 -2.64471
125 19.8437 5.80461 -0.21785
126 30.33 34.6444 -1.06974
127 31.0686 7.57788 -1.05947
128 24.6857 3.76767 1.23095
129 37.0384 17.3704 -1.36414
130 24.2936 10.8045 1.0417
131 16.9629 27.4195 4.83321
132 14.8033 37.726 -1.95028
133 0.630055 39.8954 -2.54981
134 9.22817 35.4333 -4.25434
135 16.038 3.09392 1.12621
136 26.8135 1.79871 1.01882
137 29.1088 22.5113 -1.15301
138 2.932 19.503 -2.08882
139 16.2836 35.5167 -4.10446
140 29.1812 4.98606 -1.56692
141 29.4331 2.89687 -1.05322
142 19.0229 16.3069 -0.677667
143 18.9304 22.1651 -1.19316
144 35.7574 28.9698 -3.82891
145 22.2317 28.0942 -1.64722
146 0.186163 16.7134 0.748787
147 35.5288 29.6567 -3.70341
148 32.8152 9.22762 -1.76048
149 15.6756 16.4476 0.580919
150 12.0017 24.0519 2.42059
151 28.313 3.38953 3.27681
152 20.473 8.48788 -0.435857
153 13.2009 8.03008 1.77439
154 25.6427 0.470132 -2.96853
155 0.364448 25.1868 -3.37746
156 2.94906 22.7477 -2.82138
157 15.9828 4.23665 -2.28676
158 13.7618 9.42662 2.96365
159 21.7358 32.7252 2.37739
160 10.033 22.2438 1.3823
161 11.5065 21.5923 -1.37891
162 25.7391 24.4476 2.02773
163 15.768 18.6686 -4.12772
164 22.5338 10.5546 0.872467
165 34.2601 7.84934 1.89925
166 38.3547 2.69916 0.326399
167 3.62589 34.2213 -1.02453
168 38.0831 28.0609 -0.368564
169 4.0831 5.25435 -1.46222
170 27.7489 38.2531 1.20567
171 20.1641 30.2448 -2.64295
172 11.724 15.9683 3.84285
173 32.3291 33.5077 -2.95286
174 24.4611 6.21066 -2.73922
175 2.47089 11.99 -1.67568
176 28.3278 22.8064 -2.38084
177 11.2126 2.76384 -2.13828
178 38.5745 26.0775 0.888659
179 20.5586 15.7556 -2.83466
180 18.0621 4.263 -3.6644
181 14.6432 28.7811 2.35994
182 15.6121 23.9429 -1.33567
183 37.8858 21.1703 1.70717
184 0.272263 39.4546 -2.50712
185 12.2214 8.88876 2.98431
186 18.0804 38.7267 -1.2428
187 31.5525 3.22095 3.72614
188 17.3811 9.6606 1.1109
189 8.20374 21.0121 -0.387989
190 26.0174 18.5965 -0.403386
191 13.2748 19.7158 -2.1706
192 6.82772 36.6015 -0.374297
193 21.7487 28.2441 0.469422
194 20.1992 26.2949 1.03863
195 5.30071 21.5192 0.0807197
196 33.1808 0.843561 -3.81727
197 12.3764 38.0411 2.71345
198 31.6719 25.6838 1.76157
199 19.8821 11.9659 2.37426
200 36.2236 36.2449 2.5758
201 3.87036 14.6509 -2.19262
202 14.4964 15.7043 0.0860747
203 22.7192 19.1542 -2.50884
204 32.1757 27.0787 1.90901
205 7.85698 30.1125 -0.217692
206 7.12972 1.73796 1.91755
207 34.0526 1.24576 -0.927366
208 35.5458 23.004 -0.773902
209 2.22587 5.23784 -0.18684
210 25.4006 25.7803 0.986148
211 31.4158 17.0203 2.47448
212 28.2736 37.0155 1.57109
213 37.4237 0.356181 0.791473
214 28.3475 26.438 -4.84563
215 6.81879 15.1766 3.67663
216 30.9004 31.5133 -2.29583
217 12.1782 5.03806 -0.0710848
218 7.09744 16.0466 -2.81223
219 23.7439 37.1331 -4.02696
220 13.7393 7.53265 2.24214
221 22.0217 24.6261 0.904469
222 37.7196 27.2484 -1.67051
223 11.4514 21.9544 -5.00344
224 2.58018 30.9374 -0.993441
225 4.16057 6.01345 -3.25279
226 25.9847 19.1675 0.176159
227 8.37237 5.60125 1.35734
228 17.5141 36.249 -1.17526
229 6.14121 26.217 3.23848
230 29.4139 32.195 -2.18297
231 15.3499 28.4412 3.90536
232 35.9776 31.9464 -3.33557
233 32.5963 2.76791 -4.30124
234 37.4582 8.26902 2.12651
235 4.321 12.4443 0.849343
236 19.8146 7.8085 0.132539
237 14.7231 26.234 2.97587
238 12.4598 12.1811 -3.87634
239 35.9103 10.4044 0.238037
240 17.9181 17.6052 1.46903
241 0.448653 24.5111 -0.899845
242 30.2593 7.49769 1.4699
243 27.843 33.5531 1.76523
244 4.06217 4.45477 -1.73385
245 18.2524 28.2118 0.0354266
246 23.7718 5.37563 -0.124487
247 6.49202 2.81131 0.441267
248 11.0352 22.08 -3.5307
249 8.79124 0.393643 1.25631
250 24.6946 5.2884 0.539678
251 28.0285 2.00918 3.51022
252 28.0165 16.6215 -1.56557
253 36.7861 14.3533 -2.61653
254 9.73094 39.056 -0.289526
255 30.2711 18.1056 -2.34113
256 3.12135 0.90839 0.3493
257 26.8807 15.1686 0.796069
258 32.5111 2.67092 -4.09678
259 32.1529 24.1556 -4.3179
260 1.71114 5.06699 2.05003
261 32.3072 22.5053 -2.51285
262 27.086 38.2551 1.30493
263 1.40333 24.9769 -0.52921
264 12.1218 16.0957 3.88965
265 0.861354 30.8221 0.745444
266 5.82153 20.1839 4.00218
267 5.2841 17.7774 -2.50298
268 17.7051 17.9829 0.439675
269 39.6897 35.3203 -0.840616
270 28.8187 14.6491 -2.11605
271 3.93843 15.0077 0.329851
272 23.5596 21.8067 0.146598
273 36.0297 26.8563 4.49094
274 8.41664 36.2402 -3.04493
275 8.82189 32.7351 1.24863
276 28.1692 16.5185 3.32644
277 4.44367 22.7548 -1.72646
278 3.31708 18.3184 4.19195
279 17.5883 30.7459 1.55625
280 4.4569 32.6526 1.24651
281 24.1223 27.0936 0.063687
282 9.32383 19.3751 0.492024
283 28.3633 4.3077 1.34685
284 31.3075 14.7116 4.00758
285 9.09852 39.3019 -0.0460488
286 35.449 7.41823 0.079007
287 15.6047 16.1073 -2.24737
288 2.45981 1.56832 -0.992011
289 7.4848 37.032 1.40206
290 32.2715 26.7836 0.600718
291 16.6806 4.81282 -2.25211
292 29.3047 20.8176 -2.50004
293 16.5481 7.02658 -0.93816
294 32.3171 31.1915 1.82349
295 16.1773 11.6632 -3.94135
296 21.6792 27.7206 -2.19191
297 38.4011 28.114 -1.33767
298 20.0214 3.38069 -0.519286
299 15.9874 24.3961 -1.36421
300 16.8468 11.5564 -4.41605
301 24.1343 31.0456 0.589337
302 24.5807 3.02078 0.748513
303 0.56579 16.8117 -0.409212
304 11.7495 31.9861 -0.41182
305 3.07314 27.4318 1.80282
306 25.9195 20.3124 -2.2309
307 16.3242 17.3352 0.335918
308 12.0894 31.9095 0.946801
309 20.4399 39.6802 -0.553379
310 13.8471 18.7467 -2.39393
311 22.7132 24.6673 -0.371198
312 0.373127 28.5494 0.0455516
313 28.4687 6.08786 0.0190485
314 20.8859 0.267277 -2.01579
315 39.8465 34.1788 -1.46068
316 28.1905 0.556482 1.46022
317 18.8996 31.8817 -0.141421
318 23.3096 32.9514 0.37504
319 5.43956 3.50531 -1.47508
320 10.9459 16.4999 -1.69851
321 30.5888 9.21728 -2.20995
322 5.4947 36.3729 -1.33911
323 38.8386 32.4342 0.655061
324 25.5097 16.3703 -0.752138
325 12.424 29.9236 -0.983804
326 9.34878 6.64536 -1.44962
327 9.24826 34.1062 -2.59878
328 14.2158 31.6586 3.87257
329 16.0499 20.7209 2.66497
330 3.08402 9.09632 1.90337
331 23.2249 3.24229 0.426166
332 36.272 2.51238 -1.22579
333 31.9205 24.6416 -2.32375
334 10.1373 8.44095 -1.42502
335 5.59571 35.9456 -2.51448
336 22.957 4.92716 -2.40447
337 10.7952 21.2244 3.12727
338 23.1008 28.0179 2.36523
339 0.798586 31.0842 1.09839
340 18.2601 11.8295 1.24092
341 39.0293 26.3938 -3.3913
342 20.5868 9.04455 0.407449
343 4.9083 13.2131 3.78648
344 14.2108 4.45938 -0.271662
345 0.269609 34.8107 0.033943
346 14.9919 12.1296 -3.77434
347 8.5194 38.3325 -1.52277
348 9.64323 9.38758 -0.386522
349 19.074 24.8306 1.16988
350 9.7951 14.5575 0.526186
351 38.8187 25.3598 2.1004
352 30.8487 19.2699 0.381846
353 22.1842 15.4167 -2.18721
354 37.6866 33.5307 0.625498
355 13.6022 20.8244 -0.096011
356 2.78758 33.818 -1.06653
357 8.70545 5.63232 -2.02708
358 12.5678 11.409 -1.42153
359 27.0524 23.2919 3.08164
360 37.6544 28.2964 -1.08646
361 24.5148 33.7045 2.97255
362 32.0974 26.1509 1.09593
363 31.4116 13.3069 4.01438
364 16.0071 11.8742 -3.12726
365 38.9022 35.9787 4.22568
366 10.037 39.8618 -1.00577
367 3.37268 0.913044 0.337748
368 22.5622 9.44763 -2.81203
369 16.9504 11.3313 -2.37384
370 22.3156 35.1371 -1.94857
371 37.5119 16.1846 -1.42629
372 21.0085 25.99 -3.80039
373 13.951 18.1548 4.10288
374 13.3859 14.7849 -0.0864037
375 7.29265 9.98893 2.56626
376 36.7979 28.155 -1.69607
377 31.9704 11.0205 3.75589
378 18.3044 7.35225 -1.31545
379 39.4059 35.4954 -1.98657
380 34.5677 0.843494 -0.617658
381 18.1677 39.3506 -0.520764
382 2.8365 12.3058 0.665708
383 16.0129 23.4477 -1.26869
384 34.4589 7.09281 -1.54406
385 20.7849 28.2324 -1.87376
386 27.5347 10.8484 -3.02026
387 3.29068 2.5108 3.6861
388 30.8385 34.5726 -1.22031
389 18.5467 34.444 0.724628
390 27.0547 8.20371 -1.53097
391 13.9882 11.9724 1.37827
392 21.9437 17.0129 -3.83551
393 17.743 2.82555 -0.358238
394 30.3134 11.093 -1.5528
395 37.6875 10.3016 1.62053
396 21.4078 0.897589 -1.64913
397 6.2063 20.5642 -0.612819
398 26.027 34.4858 2.25732
399 30.4287 13.4024 3.03589
400 3.47556 5.23285 -2.78351
401 31.7795 26.504 0.819345
402 5.52064 6.74709 -1.32757
403 10.0199 28.0079 -0.797467
404 22.4196 32.2876 0.722057
405 6.50051 21.1749 -1.57032
406 18.2471 7.67186 2.92687
407 2.36707 12.033 -2.45299
408 11.0333 6.94397 0.763069
409 30.5675 9.26959 0.041767
410 22.2926 28.1452 -2.05266
411 17.152 37.7327 -3.86626
412 3.13833 5.18326 -3.35384
413 1.22044 20.5676 -2.18859
414 12.9113 5.68116 4.08526
415 12.1291 23.6987 1.72111
416 39.7092 29.4456 1.72788
417 3.01988 3.69199 -2.35105
418 28.1079 24.6444 -4.58956
419 28.5286 11.1212 -1.27328
420 25.4526 3.7882 0.682993
421 6.18705 10.9041 -1.99959
422 11.4691 12.5811 1.64436
423 2.17509 6.60539 -0.0509544
424 22.2823 16.272 -2.68356
425 22.9189 37.9742 2.77681
426 13.9124 14.2353 0.340462
427 22.5594 28.3776 -0.801537
428 10.1931 38.8325 -0.201175
429 36.5084 3.71784 -1.35733
430 9.78897 13.3407 2.58862
431 7.20781 9.31146 -1.56039
432 14.174 32.4539 2.3196
433 24.8621 18.8316 2.53951
434 13.0818 22.1028 -1.37648
435 38.3829 30.0117 -2.13387
436 39.6127 24.8131 0.55981
437 10.6985 2.72918 -1.87286
438 2.31045 2.30174 2.67324
439 35.0951 20.9387 1.45229
440 19.8418 7.82573 0.30602
441 21.7007 37.2636 -1.64679
442 19.8657 8.1615 -0.605269
443 16.4565 26.1498 1.13182
444 13.6751 26.2672 0.808748
445 13.9508 19.2801 -2.64036
446 23.233 4.09181 -1.44763
447 11.8269 6.68012 -1.6064
448 32.795 20.9741 -1.16543
449 16.683 18.0917 3.4456
450 9.33391 21.5924 -1.6063
451 32.328 22.397 4.35899
452 12.6369 4.56664 -0.205389
453 5.4791 17.4429 -1.8668
454 30.7212 10.4322 -1.22072
455 19.547 39.5507 -3.48993
456 16.4739 19.1296 -2.82502
457 24.5409 9.50393 0.953107
458 21.8378 20.1029 -1.47525
459 17.7342 3.2206 -3.07892
460 9.42915 0.624068 0.68396
461 11.8178 3.29284 -3.08311
462 27.028 23.6811 2.2776
463 0.507712 30.664 1.13668
464 24.1538 36.1076 -2.30758
465 30.4596 7.03218 0.210543
466 31.9179 23.6885 -3.89148
467 8.01132 35.6639 -1.97694
468 9.69065 35.7919 -0.727992
469 26.834 36.1245 -0.823298
470 8.16193 13.6637 0.507507
471 26.9056 28.4392 0.905943
472 15.4699 5.9201 -0.016768
473 17.2337 0.147824 -3.62827
474 5.98259 36.9037 0.730469
475 30.4818 35.2501 -1.85759
476 15.6683 16.3084 -0.379161
477 12.0471 37.6021 4.56681
478 32.8411 25.2529 2.5617
479 37.8722 28.4198 -1.00295
480 0.815197 26.4689 0.402915
481 33.5923 6.88248 0.782017
482 15.5485 38.0046 -2.98473
483 8.25679 36.2957 -2.96189
484 20.2579 1.90645 0.801795
485 3.80095 39.4133 3.32202
486 10.7735 22.257 1.15254
487 26.1334 28.5006 -0.400574
488 1.9589 12.2015 -2.02058
489 21.5244 4.66659 -2.42004
490 35.8514 3.47602 -0.754414
491 17.8267 12.5356 -0.0120532
492 17.9757 36.8502 -1.43209
493 0.797091 29.196 0.529435
494 8.63992 21.2781 1.47794
495 36.1409 8.33073 -3.98034
496 23.1419 34.5669 -0.251575
497 15.3794 30.3651 -2.7201
498 18.3422 9.27143 0.0924897
499 7.61967 16.2193 -1.39239
500 9.27839 6.18029 -0.149333
501 34.6814 6.19906 -0.392701
502 6.79159 4.07507 1.48435
503 22.4456 27.2058 -1.15555
504 4.74322 4.12542 -3.89441
505 11.1604 5.87394 -1.82566
506 26.8637 25.9627 -2.04668
507 21.2934 13.0794 -2.16648
508 8.94991 29.5007 -0.744782
509 19.9584 37.6236 1.66005
510 0.725257 6.67012 1.06525
511 22.543 32.9191 0.544995
512 35.1792 26.7847 -0.527849
513 14.5533 22.8054 3.96814
514 5.3792 36.6128 -1.8413
515 14.2692 17.4664 -1.22444
516 16.7436 33.9274 3.19672
517 14.7299 20.0553 -3.10933
518 38.9718 0.259135 0.766239
519 22.4801 23.6923 2.1723
520 6.02607 9.87225 1.82568
521 3.82904 0.330116 0.581772
522 28.258 23.3373 1.57397
523 14.2131 17.5742 -1.8885
524 14.6846 23.5777 -3.37877
525 13.083 13.8414 -1.97302
526 16.601 27.1726 3.44106
527 10.795 10.3634 2.25565
528 22.8891 4.13164 -0.35478
529 32.3902 33.7907 -2.89944
530 31.4635 18.1496 2.25173
531 23.8599 39.2733 0.814981
532 19.5477 2.95878 -0.573996
533 38.7142 35.923 -3.02685
534 5.74486 28.1786 -2.12764
535 27.4992 8.17454 -2.71056
536 36.3186 11.5956 -1.35833
537 6.21679 24.2784 2.85913
538 17.9464 0.120688 -0.407329
539 19.8469 16.4837 -1.67339
540 35.6155 20.2668 1.58765
541 22.8362 25.432 0.68683
542 30.811 33.5922 -1.9986
543 8.09967 21.2602 1.06281
544 36.1959 31.5078 -3.27595
545 0.99604 20.2127 -2.45649
546 32.9385 1.06843 -4.31267
547 4.29578 9.94282 -1.53165
548 35.5771 34.5057 -1.00648
549 0.839048 25.5046 -1.65115
550 36.8819 28.3553 -1.90317
551 38.4354 10.6642 0.6657
552 14.3545 1.67866 -0.818643
553 13.3646 31.575 4.74727
554 14.0289 4.54302 0.255623
555 33.8453 9.20471 -0.760182
556 39.6397 17.8726 1.46418
557 13.9167 14.5091 0.889776
558 30.4222 3.9132 2.37991
559 34.045 34.8323 -3.61112
560 39.5444 23.9956 -0.717427
561 3.55045 34.0289 -2.04062
562 8.45366 25.2196 -3.38791
563 7.15108 9.37965 -4.0243
564 5.38348 25.7708 2.14645
565 8.37087 22.4452 1.29271
566 16.7694 2.19938 -1.94892
567 33.1806 17.9172 1.29959
568 1.81921 6.79922 0.826013
569 29.6685 31.7535 -2.29075
570 8.20139 29.8703 -2.00215
571 15.1175 9.61893 0.736349
572 28.5614 23.7602 -4.82333
573 19.938 31.5624 3.45771
574 8.84083 26.9405 -1.41357
575 4.54551 13.1054 1.63384
576 6.00291 5.37083 -2.30792
577 19.3877 37.7757 -0.823685
578 12.2083 35.5191 0.944535
579 13.7144 18.8635 -2.443
580 5.78544 27.9226 -2.9218
581 3.35237 30.6279 0.0825598
582 15.3926 21.6386 -0.424652
583 18.6858 29.0741 -0.736363
584 6.2469 8.11191 0.516561
585 2.24302 24.0669 -1.28706
586 25.1874 28.0655 -1.24099
587 27.7839 34.8405 0.557428
588 18.1075 0.045077 -1.11362
589 25.3121 10.9979 0.921653
590 6.20093 4.63525 -2.03908
591 17.7578 28.7948 -0.919884
592 23.0264 21.2473 -0.943016
593 8.43608 17.5446 -3.83032
594 7.8533 4.64095 3.50516
595 35.1147 27.3138 -1.59889
596 3.39342 39.9561 1.14514
597 25.4771 10.1008 4.36741
598 39.6901 14.9993 0.238744
599 13.6861 3.61894 0.0679072
600 39.7758 36.9379 1.46584
601 19.6687 37.5103 -0.038527
602 18.5952 19.2812 1.9796
603 22.9055 2.8374 1.04824
604 26.4358 28.963 -0.604606
605 18.523 26.9237 0.60017
606 38.9663 29.7668 -2.55655
607 37.4991 9.79747 1.25172
608 6.8263 3.95169 1.29998
609 24.4502 11.0558 4.10131
610 33.4718 30.4537 -0.0815847
611 32.3579 24.8698 4.44075
612 16.1344 6.61224 0.712655
613 17.2241 7.75918 2.66283
614 39.7649 35.1815 -0.705366
615 36.8969 4.8326 -3.91276
616 34.0168 20.8717 -3.80668
617 21.8239 31.2172 3.07256
618 6.44183 39.2354 2.45735
619 25.5539 28.6349 -0.0535392
620 37.6295 2.3342 -0.425414
621 25.8859 22.1286 -0.974082
622 28.6775 8.55642 -0.902458
623 16.8152 21.9434 1.14695
624 4.7092 13.0874 1.40138
625 11.7864 6.49494 -0.6741
626 3.85871 39.9687 -0.0335031
627 7.86469 36.7956 -2.14635
628 19.0668 7.40154 1.99984
629 24.9311 4.93037 -0.756882
630 2.91706 3.74841 -2.64881
631 30.5206 39.1621 -1.25552
632 30.7546 31.8606 -1.08328
633 10.058 19.8969 -1.50632
634 2.25949 12.3785 0.683615
635 28.2206 26.0017 -4.87805
636 17.0894 15.0637 -0.675346
637 8.61802 34.274 1.38272
638 24.3754 29.3556 -1.90517
639 27.2453 26.2207 -3.92766
640 6.96389 23.4485 2.40279
641 36.8733 6.20748 -3.63834
642 13.1091 37.3012 1.42289
643 28.5428 37.8228 2.11608
644 9.51707 37.1203 -0.000135996
645 5.54453 5.48286 -2.72542
646 15.9699 6.47627 -1.45375
647 13.5477 4.72496 1.21803
648 25.8362 34.9699 1.03221
649 12.3677 12.255 -4.32995
650 30.595 23.5242 3.67991
651 31.6755 24.8993 -0.229868
652 3.83728 30.8936 -2.7766
653 8.70605 38.8977 1.50035
654 29.422 19.6308 -1.96621
655 24.113 30.0092 -2.75517
656 15.861 9.92695 -0.503255
657 30.3821 10.7638 0.876574
658 5.22123 25.4378 3.11206
659 0.980911 5.97245 -2.00886
660 27.9298 20.1145 1.36215
661 5.96178 20.4759 1.65819
662 36.4463 39.8597 -0.154889
663 38.687 18.2083 -0.393335
664 32.8492 23.852 4.00659
665 37.2095 27.9858 -0.352727
666 28.5174 3.51428 1.0329
667 38.5104 28.1948 -2.88989
668 5.62491 35.6819 1.61989
669 7.12639 38.4837 2.8553
670 36.7768 29.7052 3.89656
671 35.5079 39.3924 -0.0465572
672 17.7621 38.4638 -1.7569
673 3.60559 13.0395 0.589975
674 10.6817 21.639 1.58641
675 25.1348 9.94889 4.29198
676 1.8739 5.48797 -1.83198
677 5.34984 17.76 -2.78136
678 24.7374 38.6558 2.26404
679 18.9853 27.8492 -0.0138253
680 22.5973 34.5725 0.317728
681 16.0486 32.6978 1.50775
682 35.9617 0.2799 -1.78876
683 20.312 27.3212 -1.26528
684 7.47499 25.2295 -0.560572
685 29.1465 21.9725 -1.04048
686 37.8147 33.1611 -0.347593
687 25.2883 20.1331 -0.998605
688 19.4696 11.3541 4.64702
689 5.74563 6.52509 -2.60888
690 11.8941 3.97448 -2.69278
691 14.3364 31.7503 3.96436
692 26.9809 15.4737 1.46009
693 3.08698 25.2626 -0.198252
694 27.964 15.9863 2.16154
695 14.8276 30.1718 -3.59593
696 14.2717 21.4342 -0.816928
697 21.4989 0.995071 -1.63519
698 5.61217 8.86014 1.79393
699 37.8431 29.5702 -2.34965
700 8.29589 38.9589 0.111531
701 15.1529 3.18937 1.3591
702 8.48362 0.667415 1.01068
703 4.03754 5.88043 -2.65713
704 28.6884 2.37113 0.816416
705 6.91206 21.4014 -1.09079
706 32.2874 36.0685 3.04528
707 25.141 0.0538828 -4.63048
708 36.0704 22.4215 -4.06423
709 29.1229 15.3832 -2.15522
710 10.5901 39.6789 -0.525754
711 36.7882 31.4886 -1.11199
712 27.0725 25.0353 -2.46614
713 36.1075 17.1597 -1.88851
714 26.4595 36.1909 2.70279
715 38.9434 25.4656 -2.23323
716 18.3385 33.7985 1.65799
717 17.4701 28.758 -0.0235321
718 1.13864 26.3081 -0.396207
719 6.47773 27.4309 -3.63556
720 22.9543 18.21 -0.06084
721 20.3552 34.1248 -2.94329
722 4.43653 6.2307 -0.757857
723 11.9503 36.8032 -1.19536
724 17.1073 4.58153 -1.07859
725 26.9128 35.4055 1.20032
726 0.752623 26.5601 -0.0294478
727 11.8912 17.2 3.48978
728 0.277088 29.3843 3.72778
729 14.1841 7.15551 1.84837
730 23.4778 11.5281 2.57949
731 37.2046 17.7283 3.17117
732 20.9161 0.487586 -0.425638
733 21.5648 32.1808 2.71804
734 0.911202 7.00167 -0.119624
735 12.9627 37.089 1.60552
736 25.1148 24.7719 3.8343
737 6.44469 32.9799 0.0238997
738 20.957 9.41175 1.56332
739 14.0302 15.8674 1.33164
740 31.8388 22.7937 -1.68739
741 2.35082 26.0022 -1.89064
742 12.4359 20.129 -4.83882
743 25.6832 24.6515 1.2041
744 31.4123 23.1114 -2.93721
745 20.9866 0.00210751 -1.28794
746 22.3531 9.42727 0.302623
747 19.2658 27.8846 -0.727314
748 14.2295 30.6909 -0.715177
749 12.4223 6.1506 3.54866
750 4.62931 33.7298 2.96535
751 37.0483 33.7733 1.70575
752 11.1793 21.6701 -2.07595
753 27.2185 23.5656 3.53736
754 27.2525 25.7184 -1.19672
755 34.44 5.77266 -1.57235
756 11.9646 8.57041 0.0306604
757 6.92236 33.4584 1.95129
758 3.54554 16.0539 0.0691695
759 14.1836 27.6739 1.95111
760 1.92213 25.5579 -3.13796
761 3.362 13.2969 -2.63611
762 20.6787 26.5575 -3.92392
763 4.0118 4.48038 -2.71009
764 13.7036 19.2453 -2.60954
765 39.1334 18.4191 -0.746179
766 9.16203 9.10007 0.0744972
767 35.8135 11.1087 -0.368573
768 5.08101 25.484 3.58156
769 11.8429 35.9715 1.45717
770 5.91258 28.8755 -1.68387
771 13.2934 18.3118 -3.37018
772 9.52693 32.1363 1.91908
773 32.817 28.2916 -1.2773
774 37.3811 30.1176 -4.07553
775 15.4805 3.63963 1.06228
776 9.4601 11.2992 -0.756803
777 35.7529 24.8969 3.13416
778 35.511 28.0333 -0.551362
779 17.7512 6.82432 1.08997
780 36.8667 8.1631 -4.41866
781 14.4368 35.8805 1.50713
782 3.78148 8.62604 1.84192
783 15.9871 19.0638 -3.58088
784 31.9369 3.01135 2.50906
785 22.1956 18.0089 -2.63291
786 8.19789 18.3514 -2.7621
787 0.185931 3.24937 -0.999688
788 2.9016 29.0087 3.9556
789 4.72293 5.06943 -3.0583
790 14.0141 28.3022 1.99477
791 10.9751 20.2985 -2.57014
792 8.97564 20.5567 1.18775
793 16.653 34.8735 -3.27989
794 19.7664 27.6542 -1.56137
795 2.19566 2.32808 0.420299
796 16.2196 14.6019 -3.31218
797 37.7705 37.5915 -0.812595
798 35.5853 12.3347 1.42416
799 28.7964 9.99289 -1.48399
800 0.292596 12.261 0.798493
801 17.3994 24.7433 1.96442
802 31.021 25.6131 2.48767
803 11.577 39.7377 3.02502
804 0.196497 17.6908 0.752184
805 0.40546 30.0585 0.394052
806 8.74096 30.7278 -2.79245
807 29.0682 17.0986 -3.80816
808 17.0653 29.4117 0.771414
809 26.8093 27.7856 0.260876
810 19.432 30.5681 -2.95153
811 38.6087 19.9456 -3.40855
812 12.6576 3.24908 -1.17515
813 5.72699 10.4822 -0.887342
814 25.6639 37.7217 1.79293
815 27.0697 20.766 2.95727
816 16.5053 35.497 -3.68513
817 15.8883 34.9755 -2.87019
818 0.673562 4.40528 -1.29922
819 31.929 7.27778 -0.0333
820 11.7911 38.4938 -1.56809
821 14.9725 6.43431 -2.12415
822 6.79834 34.2696 -2.76826
823 19.5453 2.99392 -0.289567
824 30.1252 13.4055 0.219973
825 0.536542 3.60778 1.12207
826 3.63662 18.616 3.29359
827 38.9454 5.65241 4.03476
828 16.8073 18.2617 2.32484
829 12.953 37.7395 0.965163
830 13.8728 14.9542 0.203962
831 22.506 39.0655 -0.327455
832 35.1593 39.9119 -0.426589
833 19.1315 17.7007 0.952818
834 16.3394 7.04387 -1.4606
835 38.6249 29.3693 -1.55097
836 18.7011 29.6184 0.466027
837 29.5854 35.0519 -0.44174
838 15.0366 2.56995 0.117271
839 14.1753 13.4718 -0.535367
840 22.2732 15.8841 0.418211
841 23.2949 36.5937 -2.60016
842 21.2609 36.2927 3.17698
843 20.8721 3.57551 -1.99391
844 5.1125 26.2699 4.50126
845 7.6391 32.5685 0.576319
846 5.20668 17.7229 -1.39785
847 1.74303 24.8394 -1.37818
848 19.6276 27.3705 0.067769
849 21.7731 18.1807 -2.50775
850 35.1797 31.2967 4.73049
851 4.84271 2.82722 2.48397
852 31.9821 25.1711 0.655984
853 20.375 17.7066 -0.459753
854 9.682 38.9056 -0.271087
855 11.3529 36.7553 2.16165
856 13.1924 30.4185 -1.20317
857 13.0914 34.804 -0.0258513
858 30.4942 32.2903 -1.71637
859 8.26854 35.8566 -2.24668
860 39.5055 16.804 0.606377
861 7.04222 19.8851 1.72641
862 5.85649 24.4947 3.83553
863 13.8663 13.1091 0.619978
864 7.9039 5.34106 0.533022
865 21.1522 30.492 3.19584
866 30.852 1.62414 -3.32652
867 25.8177 24.3495 3.15554
868 36.4571 33.7596 -0.0397573
869 37.407 19.0109 -4.46527
870 38.774 4.99969 2.04041
871 11.9877 22.577 -4.15173
872 35.2421 16.2508 1.71701
873 8.09499 18.0651 -4.09677
874 21.0533 16.7059 -0.62614
875 30.5104 4.37252 2.02189
876 23.4376 26.4691 0.355108
877 3.19508 12.7905 0.11286
878 38.5999 5.41353 0.671879
879 13.8761 36.665 -2.86227
880 28.2703 26.3909 -1.18935
881 11.1466 22.1235 -3.15695
882 26.3423 7.41469 1.96407
883 38.0223 28.1436 -2.81857
884 31.4233 13.4104 3.58918
885 11.4306 6.32549 -0.933702
886 17.8671 21.7525 1.58325
887 8.63684 22.4522 -1.11997
888 28.812 33.1072 -0.0784447
889 37.1417 8.40384 2.77949
890 14.9055 8.49034 3.03632
891 22.2117 29.2398 -2.57123
892 27.7504 15.2604 1.62914
893 33.376 21.3136 -2.28714
894 24.1323 25.3339 0.480848
895 34.7805 9.14066 2.57339
896 16.6149 2.08085 1.02641
897 3.77824 18.8294 3.39558
898 25.2562 20.4507 -2.74001
899 14.1915 24.5804 1.56319
900 13.5837 38.7714 -1.11364
901 3.23759 0.235181 1.37326
902 0.579299 29.4216 2.42877
903 19.3835 37.2995 0.429445
904 18.3092 37.3832 0.93494
905 34.9974 36.4472 1.41425
906 18.4023 7.69959 3.49621
907 15.2985 25.0116 -2.90312
908 28.047 2.74255 2.71773
909 10.8073 38.3063 -2.2322
910 6.13984 22.519 -1.50994
911 35.0006 0.100981 -3.16236
912 23.4992 20.9231 1.9792
913 33.4064 33.8348 -0.711671
914 37.9633 20.6028 1.24192
915 37.4132 1.46894 3.59936
916 39.6732 15.1434 3.19725
917 14.0822 24.8168 0.763349
918 32.5678 3.43041 -4.16617
919 20.561 30.9636 3.67429
920 0.131967 20.4834 -3.34086
921 33.6321 19.6939 3.42783
922 22.3682 17.5107 -3.1989
923 5.51319 25.6402 1.5198
924 35.7312 24.2549 0.627572
925 16.7216 17.0926 0.592443
926 14.5092 7.69668 0.123386
927 38.909 28.5815 -2.75922
928 33.126 1.00112 -2.29642
929 11.0933 28.1115 -1.53288
930 7.43479 6.36432 1.47993
931 13.4435 26.0576 2.57327
932 31.4121 23.3249 2.91697
933 19.3324 2.4131 3.12216
934 28.4352 16.8914 -1.01281
935 8.88946 7.3632 -0.6711
936 16.9948 22.0008 4.26759
937 16.5536 5.61248 -1.43542
938 14.307 20.6537 -1.0071
939 7.74852 4.31979 2.09062
940 11.7203 19.6695 3.3416
941 35.5542 24.747 -0.0283195
942 6.55063 21.2413 -1.51772
943 11.209 5.03622 -0.767749
944 15.4038 6.37856 -1.17161
945 4.38545 12.4506 1.40556
946 14.5549 17.7338 3.99526
947 9.43571 8.23265 -3.03175
948 20.729 3.32377 -2.18369
949 6.7832 10.7106 -3.42353
950 12.4355 31.448 1.10709
951 12.3961 6.37339 2.72503
952 11.5622 20.4977 -2.71468
953 36.2005 24.7274 2.6199
954 9.92974 29.788 -1.62244
955 7.84737 0.987406 -3.15008
956 21.1954 15.927 -0.952779
957 35.5168 16.9826 -2.89246
958 1.68335 5.94896 -0.610448
959 35.8071 17.6542 -3.58496
960 13.1746 28.735 -0.948356
961 1.86267 27.6684 -2.46207
962 13.0674 29.5053 -0.0940493
963 10.5624 36.7441 -0.758584
964 2.22238 12.5967 -0.997431
965 39.194 29.179 0.0355733
966 11.9994 14.4988 2.06459
967 16.7383 35.9167 -1.95873
968 39.7994 17.2793 0.0676702
969 17.0229 4.18988 -3.18345
970 16.955 37.8063 -2.77939
971 13.7349 21.9855 -1.95865
972 16.9738 21.9789 3.54826
973 37.439 17.4139 2.5277
974 0.169269 28.9325 3.39244
975 11.8785 21.6275 -1.14131
976 8.10999 15.5303 2.3451
977 4.30088 3.58246 -2.94494
978 9.13835 36.7734 -3.28281
979 9.76158 1.59365 -1.40538
980 34.7578 6.33995 -1.43867
981 6.47603 23.0292 1.81239
982 0.732219 39.1685 1.62621
983 35.0061 20.9277 2.89104
984 12.5401 30.8117 -1.58865
985 2.10696 27.3694 0.221095
986 20.1273 25.3907 1.75182
987 9.94752 8.8042 -2.88603
988 11.2838 19.2043 -0.560928
989 21.5361 32.185 3.11552
990 22.23 24.5216 0.820188
991 13.2526 17.7508 -2.92264
992 11.0189 1.20044 -1.05828
993 17.3134 7.96469 -0.0835089
994 22.9121 20.9734 1.04679
995 19.8692 8.51182 0.900069
996 39.5647 18.7173 0.31485
997 4.85959 17.2711 -0.480823
998 37.3818 31.352 -0.292064
999 35.7784 5.94898 -3.9557
