1000
Particles
0 6.60957 36.0107 3.73409
1 27.3391 29.5711 2.06755
2 14.1295 7.47516 -2.53687
3 10.8155 4.50206 -3.38982
4 19.2089 23.938 -0.58037
5 14.3536 18.1767 3.88479
6 33.1534 5.61098 -1.20215
7 34.8922 18.5442 2.85052
8 4.83132 14.8586 -1.00734
9 2.65477 23.7015 -1.18147
10 21.4946 4.57885 1.13628
11 10.5319 33.2842 2.19124
12 31.2183 33.8479 -2.30989
13 21.5312 4.152 1.75124
14 18.056 29.3575 0.311279
15 15.4296 29.1037 0.531004
16 23.6608 31.5786 1.47071
17 0.70523 24.0063 1.18987
18 33.2588 16.0798 2.44734
19 16.8959 29.4047 2.64334
20 2.80646 7.96735 -2.71335
21 3.39575 4.70753 1.28636
22 4.74518 6.20875 -3.67058
23 37.5727 24.5367 -1.91112
24 36.3648 4.1506 1.70998
25 0.801507 33.2035 -0.0289299
26 24.5696 32.1035 0.0896936
27 12.6888 8.59043 -1.99556
28 15.0475 39.6108 1.54061
29 31.157 2.87993 0.148373
30 14.7532 18.6107 3.9289
31 13.0661 10.155 3.60429
32 27.7328 39.1094 -3.49122
33 10.8197 35.1847 1.79886
34 24.382 31.6817 2.59013
35 25.6604 21.456 2.301
36 18.4699 4.43169 -4.31522
37 33.4331 33.1116 2.0014
38 36.1704 4.21768 2.79274
39 35.2798 24.5872 -1.05022
40 0.426334 36.1865 -1.54252
41 14.4136 9.13141 -0.893917
42 33.9192 15.061 2.56396
43 21.9525 21.8084 1.20165
44 15.1695 25.1929 -4.68335
45 39.7433 21.9079 -1.44629
46 0.329457 7.65219 -1.97579
47 26.6589 16.5657 -3.42487
48 3.71107 37.0552 0.674682
49 6.86821 36.664 0.543987
50 4.64285 31.7527 0.209227
51 28.3502 5.83855 3.12058
52 33.7464 10.7026 0.00560061
53 13.4803 5.24955 4.08225
54 26.3277 8.91704 -2.23452
55 9.23901 10.9443 1.69494
56 10.4106 12.5667 -0.061937
57 11.8739 35.3255 -1.44881
58 34.2276 25.6182 -2.46585
59 4.2804 36.5436 4.07852
60 7.16232 24.534 2.08503
61 23.5593 35.0124 -3.60921
62 39.5288 4.24568 -3.67301
63 15.5336 16.3704 1.89325
64 32.8824 31.2841 2.69931
65 10.9289 39.9841 0.662794
66 0.112991 19.0853 -3.33595
67 19.7079 24.5588 -0.0722358
68 38.098 5.13557 1.45717
69 12.2821 37.4398 -1.09738
70 11.5744 2.9027 -2.93397
71 15.7512 17.3219 1.92323
72 7.11679 11.3942 0.213094
73 21.3727 30.5133 3.27561
74 10.0216 4.99219 1.42643
75 28.1157 35.811 2.92521
76 32.0335 1.38865 4.78628
77 10.1101 28.394 -2.15612
78 38.3959 25.8149 -1.84585
79 3.15146 1.22534 2.64835
80 36.0103 17.4171 -0.746478
81 13.3212 34.5371 2.66435
82 15.736 16.5947 2.05456
83 13.695 27.909 -1.61783
84 24.4888 9.5455 -3.57121
85 1.22311 19.2587 -1.95239
86 20.6564 13.6028 -2.33863
87 23.6442 34.6986 -1.16888
88 14.3979 3.49295 -1.11734
89 8.43996 2.06906 3.52962
90 37.2066 30.9592 -0.525305
91 24.6116 14.8974 -3.43731
92 16.4986 28.9465 1.55303
93 13.048 39.8233 2.62772
94 14.158 25.1544 3.81681
95 16.2472 3.27809 -0.117159
96 9.49553 0.492423 1.18087
97 23.8725 38.3218 0.0157358
98 4.84345 21.5379 0.337438
99 13.0406 4.16128 3.73556
100 37.4696 23.2857 1.80496
101 16.1569 21.6677 3.30955
102 24.4781 37.5369 -0.0114676
103 18.5055 1.74324 2.01744
104 21.5318 11.4916 4.33466
105 14.2037 39.64 -0.123479
106 31.5532 24.7026 4.61294
107 17.5469 21.1119 0.624524
108 39.8053 22.3871 -1.89171
109 36.4717 27.8712 1.22042
110 37.634 33.0977 -3.60882
111 33.3837 37.6223 2.36309
112 36.9202 5.60531 1.32355
113 35.6414 35.9974 0.0377372
114 33.5935 21.6037 3.24861
115 26.6737 16.9847 -1.81833
116 16.6449 30.6028 -0.634678
117 27.4736 31.5866 -4.27017
118 22.567 2.59086 -3.1651
119 30.9199 10.9444 -2.52964
120 27.9125 30.7214 -2.83361
121 17.2435 18.7975 1.93937
122 27.6677 29.0641 1.18274
123 12.0346 28.5306 -3.18642
124 15.3928 1.32804 -1.35479
125 21.7655 6.71561 -0.947387
126 31.19 37.4007 -1.67773
127 29.2476 6.31834 1.65234
128 24.3522 3.7414 2.27586
129 0.716077 18.2569 -4.01437
130 23.6844 12.5177 -1.23584
131 16.8752 26.3166 -2.20865
132 14.1737 37.603 4.58948
133 1.59057 39.0214 2.22343
134 10.6098 35.8614 2.05042
135 16.0749 2.40611 -1.76547
136 29.4147 2.13219 -2.45565
137 26.9567 22.9704 3.16506
138 3.93366 17.8864 0.275801
139 15.8674 37.7548 2.29068
140 29.2196 3.63872 2.00129
141 26.5638 3.30397 -1.69547
142 20.518 14.5984 -4.31132
143 19.2929 19.5496 0.475309
144 35.8628 28.8503 -0.222004
145 23.6806 26.2859 0.893211
146 37.781 15.1565 2.3552
147 35.2172 28.1064 -0.743239
148 30.1563 9.23026 -2.59607
149 14.425 18.1761 1.9622
150 10.6803 25.6194 2.82683
151 31.3149 2.3806 2.79348
152 18.7161 10.3336 1.39208
153 12.3412 8.28563 -0.635525
154 27.4114 39.6979 -0.353355
155 1.06215 24.0725 -1.07861
156 0.571574 23.8061 0.13414
157 18.1972 2.551 1.18533
158 12.3947 9.41317 -1.76799
159 23.1526 34.5652 -3.65275
160 10.7541 23.3769 -4.55915
161 12.622 24.4608 -2.57652
162 28.9476 24.7768 2.5367
163 15.0339 17.9115 2.83706
164 22.639 9.94823 2.34221
165 33.3615 7.47324 -0.326948
166 37.7469 2.78681 -2.62504
167 3.48911 34.7018 0.0750811
168 35.2695 27.6416 0.59122
169 2.74271 7.31314 -3.52474
170 29.3002 37.6705 1.5802
171 19.0323 29.3695 1.01986
172 10.9309 16.1531 -1.59112
173 32.5559 33.2469 -0.182647
174 23.233 7.79934 0.190001
175 1.02407 8.98289 1.11147
176 27.2555 22.1794 0.857346
177 9.68294 4.84915 -0.07355
178 36.1635 26.2414 -0.573151
179 20.7087 14.7097 -4.18466
180 19.9651 5.62372 -1.70955
181 15.2018 26.6809 -4.42903
182 15.8009 24.1456 -2.84816
183 0.381716 21.7726 -1.72312
184 2.00378 37.5866 1.24334
185 11.8765 9.75835 -0.756537
186 20.3666 39.0923 0.933247
187 34.6864 5.39288 -1.24084
188 15.8609 8.32614 1.20079
189 5.57838 18.804 -0.894852
190 26.4415 18.8344 3.43561
191 13.7008 19.8786 -0.369192
192 2.54651 36.5641 -1.35679
193 20.763 28.9966 0.895131
194 19.0663 26.1894 1.22167
195 3.82974 20.2423 1.8373
196 35.1863 2.86955 3.65669
197 11.6331 36.3229 -0.0604432
198 32.6793 22.905 -2.73904
199 19.3352 11.8542 -1.0775
200 37.331 35.8511 -2.89599
201 3.88424 15.1923 -2.10497
202 12.2307 16.2032 4.49872
203 22.9431 18.654 1.26489
204 32.0133 27.7542 2.26547
205 8.94079 30.8966 -1.17655
206 4.69891 2.16095 -2.58616
207 35.7999 3.50529 2.54807
208 34.7072 22.2511 0.631192
209 2.02863 4.66331 1.01239
210 25.3341 26.9784 -0.401312
211 32.6186 18.6033 -4.23982
212 29.7145 37.401 0.293803
213 37.8347 38.6752 -4.84061
214 29.5578 26.1508 0.187592
215 4.65641 14.0686 2.25006
216 31.6689 30.6538 2.79138
217 11.5818 8.29541 -1.09459
218 7.19029 15.8552 1.63466
219 24.6393 36.6996 1.5389
220 13.1464 5.07602 1.9123
221 19.6468 22.4017 -1.52569
222 35.8436 27.766 -2.0349
223 12.196 21.6112 -2.39113
224 4.87206 28.9892 2.10634
225 2.32758 6.47329 -0.55918
226 24.8327 18.5456 -0.702523
227 8.67752 6.37539 -1.93113
228 16.2579 39.5412 0.25325
229 4.56537 26.4084 -4.36655
230 30.5304 33.8546 -3.11918
231 15.8008 28.677 2.23945
232 34.6985 30.9883 3.03939
233 35.4409 4.38595 1.05272
234 37.3989 9.29151 1.84148
235 2.19625 13.4323 -0.902527
236 18.5962 9.20542 0.433944
237 13.8282 24.7513 -3.26144
238 13.0128 10.1247 3.87631
239 35.0567 9.60172 3.49916
240 18.8857 16.4067 3.40788
241 37.9263 25.9 -0.629738
242 29.1365 6.59181 1.38165
243 28.5284 35.2716 2.86482
244 2.11463 5.22482 3.91784
245 17.0599 26.8936 -0.215753
246 25.2527 6.78558 1.25229
247 5.7239 2.62129 0.134748
248 12.3559 24.8804 -4.65865
249 9.59436 0.0965684 1.7304
250 25.1571 4.29432 -0.877264
251 30.1495 0.0965823 0.741413
252 28.3778 14.0027 -0.0410904
253 34.2711 16.2573 1.80406
254 10.5789 39.2373 1.28781
255 30.0819 21.6388 1.70741
256 2.62412 1.07304 1.93361
257 27.0142 16.656 -1.60949
258 33.2098 4.29988 3.51322
259 34.2187 20.9702 2.48341
260 1.98484 3.79981 1.76117
261 32.439 20.2064 3.36267
262 26.4685 37.7348 3.08461
263 0.698962 28.7895 1.43229
264 11.434 16.9992 -4.33081
265 3.23426 28.0487 2.38033
266 5.67548 17.4691 -0.409583
267 5.8782 17.7751 0.135309
268 18.6779 18.5442 2.03578
269 38.6666 36.6261 -1.06959
270 30.8995 13.0418 -4.49244
271 4.02198 13.3942 1.8784
272 24.18 20.9665 1.26343
273 34.9909 27.1705 1.12912
274 11.8321 36.1874 1.42647
275 9.73696 32.7016 2.31523
276 30.5701 19.2664 2.09521
277 3.78508 20.5817 0.176148
278 3.51581 17.1601 1.14416
279 15.5498 29.4366 0.210751
280 3.83996 29.536 -0.229847
281 25.4703 27.8367 -0.584943
282 10.1124 19.2822 1.1868
283 26.3983 5.26445 -3.00061
284 32.2925 17.0554 3.75505
285 7.27588 37.2282 2.12906
286 36.9635 9.38781 1.68968
287 14.9975 14.7198 1.95877
288 1.41526 0.894446 -1.47267
289 7.68206 35.5268 0.634313
290 30.7793 27.3756 -3.76207
291 16.8007 5.30292 -2.95536
292 29.01 21.5541 -0.791457
293 19.1585 5.9365 -2.73826
294 32.7696 28.4211 -0.422785
295 17.0124 12.8995 -3.0293
296 21.9335 29.2325 2.17204
297 38.1215 28.4235 0.801984
298 19.5155 1.89688 4.2056
299 14.7756 24.4663 -2.79873
300 16.9441 11.4574 -1.59197
301 23.5005 29.8835 -1.80861
302 22.1726 4.46735 -0.481225
303 1.21902 17.7912 -2.67745
304 9.32927 32.5439 3.00809
305 1.33086 26.3965 -3.68252
306 26.5053 21.2415 3.72208
307 13.3706 18.3356 -2.25617
308 11.8147 31.2692 0.664017
309 20.7273 1.29108 -3.53328
310 13.9484 19.5471 -0.225163
311 22.3732 25.6376 0.670407
312 38.0693 28.4145 -1.63302
313 24.0456 6.27546 3.15439
314 20.2506 0.937194 -1.63262
315 1.42155 35.3709 -1.77609
316 29.3937 37.924 -0.747017
317 15.9932 29.0561 1.17204
318 24.0656 34.7096 -3.30674
319 7.19577 3.12133 -4.25293
320 11.6569 16.3168 -2.04601
321 29.9489 10.0284 -2.77432
322 2.6474 37.2235 1.22201
323 37.4332 32.8242 -1.92118
324 25.4078 14.7462 -1.76299
325 11.0987 29.3424 -2.73573
326 12.1677 9.03611 -1.87696
327 11.7985 34.7058 -3.16492
328 13.6425 31.482 -0.93215
329 17.0512 19.0883 1.28774
330 3.92494 8.52857 -1.87824
331 22.7519 5.26944 -0.198053
332 37.7326 3.1737 -3.50104
333 34.2338 24.8781 0.0430977
334 11.6912 9.93363 1.39713
335 3.07576 36.4517 0.807773
336 21.2634 7.15577 -2.02761
337 11.5299 22.6721 -2.31741
338 23.5925 26.5489 2.12804
339 2.64815 29.7863 1.33776
340 18.7257 12.0361 -0.262974
341 35.8002 26.6609 0.25065
342 18.0463 10.2584 1.81553
343 5.96322 14.4423 3.60889
344 12.8906 3.28058 2.7513
345 1.72488 33.7505 -0.0117408
346 14.4465 10.9363 1.44902
347 7.00032 37.6708 2.934
348 12.4368 11.4443 3.70619
349 18.0721 24.2353 -1.05206
350 7.67259 14.0091 -1.93123
351 38.8101 24.0017 -1.96443
352 27.6648 21.945 0.785531
353 22.8874 16.7375 2.80921
354 0.377725 33.0431 1.17675
355 13.2672 21.9928 -1.55724
356 2.18309 34.4239 -2.3736
357 9.13705 6.60387 -2.44782
358 13.8363 10.3196 1.02918
359 26.7997 21.9723 0.891435
360 34.887 27.5613 -0.890963
361 26.4377 32.0459 0.762903
362 31.0896 27.6351 -3.81742
363 31.738 12.3021 1.30128
364 17.3003 13.8966 -0.63865
365 39.2333 33.4668 -1.81104
366 11.2254 0.00945787 -1.64203
367 5.62619 0.968485 3.13248
368 21.255 9.18761 -0.235878
369 20.2071 12.4695 0.95046
370 22.8952 34.6465 -3.14884
371 35.9885 17.6285 0.300619
372 21.8932 27.2229 0.831931
373 14.1073 19.6754 -0.744499
374 12.6245 14.9264 2.17462
375 8.08292 10.7438 1.33821
376 35.7106 29.4705 -2.17166
377 33.4628 11.2485 2.90188
378 18.1877 8.0114 0.273004
379 0.395289 35.6887 -2.16073
380 35.8273 3.63058 2.79793
381 19.28 0.367895 1.75872
382 0.922335 12.1941 0.211598
383 17.2347 25.1505 -3.29188
384 33.0542 7.94908 0.642805
385 20.7753 28.199 1.37953
386 27.7168 7.66158 0.0696383
387 4.21887 1.97194 -1.41967
388 30.5584 33.4437 -3.12829
389 21.9102 35.5502 1.49075
390 28.7217 6.78131 3.02364
391 13.3577 11.068 2.46664
392 24.304 14.9753 -0.612166
393 19.7708 1.46786 4.56973
394 30.5004 11.5859 -0.442858
395 39.848 8.5321 3.87656
396 21.0294 2.44416 -3.2984
397 4.6305 19.8666 1.16149
398 26.499 35.5836 3.80083
399 30.6378 15.7711 3.82242
400 2.51706 5.54881 -3.68514
401 30.9569 26.5206 -0.0319414
402 4.23055 8.20956 -2.00535
403 8.92474 28.984 -2.00807
404 22.2061 30.9771 1.75743
405 6.738 21.776 2.81916
406 17.4288 10.2034 -1.97734
407 2.11342 9.45037 1.08207
408 11.0935 9.00513 -0.609457
409 28.6814 9.68253 -3.13448
410 22.2043 27.9292 0.950439
411 19.5111 37.1276 3.73784
412 3.39026 4.81743 2.38843
413 3.34513 21.5692 -0.820361
414 11.0198 4.5541 -0.64235
415 12.7858 24.7737 -2.26907
416 0.766285 29.4077 -2.31274
417 2.72258 3.48057 -3.65787
418 26.7949 23.4209 -0.0523682
419 28.0544 12.5 2.21218
420 24.1378 2.94344 1.46746
421 7.59996 11.8535 -0.465166
422 10.9381 12.8829 -2.4959
423 1.76504 7.82921 0.742567
424 25.6681 16.7881 0.51431
425 22.7849 0.0344 -0.170115
426 11.1491 14.1181 -2.97519
427 22.5931 28.9636 4.31254
428 12.6876 0.335181 -2.09499
429 36.1992 5.59601 1.9399
430 10.177 14.4112 -3.35698
431 7.46613 8.81035 -1.77553
432 14.4469 31.7524 -1.56113
433 26.423 19.5929 3.7533
434 16.1189 21.3855 3.22208
435 37.8691 30.5888 1.37885
436 35.8787 26.7959 -1.65643
437 9.11523 4.71439 -1.42704
438 1.58157 0.830411 -0.799106
439 38.7433 22.2392 0.56101
440 18.1708 8.91367 1.46204
441 22.488 36.0127 0.697406
442 18.1834 10.9377 -0.871927
443 16.5843 25.4491 -2.16491
444 12.7891 24.5388 -2.86875
445 15.193 19.1438 3.82123
446 22.5713 6.49303 -2.51907
447 12.2883 9.35535 1.35238
448 32.5801 20.3956 2.33286
449 15.278 19.9584 3.98691
450 8.79809 21.4585 2.89434
451 33.2357 20.0074 2.56502
452 10.5981 5.96061 -1.89065
453 5.77326 18.5664 1.19682
454 32.8199 11.5587 1.22799
455 20.8919 0.108258 -3.94879
456 15.9806 18.2971 0.598263
457 26.3855 9.98047 1.29219
458 22.2214 18.2277 -2.23089
459 18.4775 0.813988 -1.46309
460 10.0359 39.5028 0.300173
461 9.84206 4.431 -1.21121
462 26.7641 24.442 1.27861
463 2.12436 30.5917 -2.95318
464 23.8057 35.2866 -1.68808
465 30.4823 6.96546 -0.629318
466 34.0964 23.912 1.94261
467 10.1934 34.5709 1.32643
468 10.5328 35.1368 1.14513
469 28.4422 35.8691 3.11505
470 9.61034 12.3462 -1.43184
471 26.8944 28.947 2.04025
472 14.8954 4.0177 -0.480945
473 16.4451 1.51295 -0.803749
474 3.35262 36.8874 3.56013
475 30.0044 36.9726 1.16581
476 13.4948 18.928 -1.80667
477 11.6026 35.6899 0.434408
478 34.1795 25.3854 -2.29709
479 37.2281 28.1098 -1.7481
480 38.7966 27.812 1.03696
481 32.5914 7.03363 1.27387
482 13.0189 38.2018 2.60729
483 11.3257 36.4149 -1.85967
484 20.17 0.259695 0.9084
485 3.66022 36.7564 0.826507
486 12.515 24.2757 -3.31929
487 26.293 30.7013 -4.0675
488 0.431795 9.43181 2.44113
489 21.0184 7.58962 -2.4118
490 35.5852 6.25196 -0.441493
491 17.6186 13.9555 -0.362368
492 19.1977 38.1115 1.32687
493 0.440775 29.2419 1.39616
494 5.57346 20.6718 -1.40316
495 37.0892 9.79927 0.0640149
496 23.1689 35.4012 -1.10217
497 17.5197 29.8824 0.713317
498 18.1109 10.9077 -2.8378
499 8.17707 15.4431 0.976839
500 10.1838 7.90181 -0.67313
501 33.9767 7.1895 2.05633
502 7.11425 2.46009 -2.43758
503 22.4767 25.679 2.33062
504 3.90781 3.5217 -0.030929
505 11.9869 9.02589 -1.22127
506 27.9992 25.4858 -1.61357
507 19.9738 12.7892 1.12845
508 10.8433 28.8905 -1.61039
509 19.3637 37.389 3.23461
510 36.6508 8.25946 2.44685
511 24.0883 32.1015 1.31762
512 35.3871 27.8964 -0.586294
513 17.2529 23.1403 -1.27618
514 2.3977 37.3662 0.422016
515 15.5026 16.1865 4.34644
516 17.057 35.132 -1.12155
517 15.6966 20.321 0.86743
518 38.5922 38.9991 -4.39206
519 21.9911 23.4492 2.85298
520 4.61563 8.95347 -1.08242
521 3.66224 38.9835 1.42512
522 29.6504 22.4471 -1.17074
523 14.032 18.7424 1.75324
524 16.3289 21.8632 0.658388
525 13.9653 16.4954 4.36081
526 16.708 26.3469 0.0402308
527 13.1086 10.0261 1.56924
528 20.752 6.70649 -3.43792
529 33.4152 33.6742 0.238621
530 31.7262 20.5255 1.07428
531 24.2412 39.3116 3.20777
532 19.0866 1.03552 -1.60753
533 39.747 33.6466 -4.38056
534 6.68725 27.8122 0.645307
535 28.5964 6.6916 3.85304
536 35.5434 11.465 -0.183097
537 5.09993 23.0192 -1.07455
538 19.0756 0.450863 2.04162
539 20.8179 17.9208 -2.83699
540 34.9131 18.7906 0.945105
541 19.1914 24.5389 -2.65195
542 31.0989 34.684 -1.57514
543 7.99585 20.4098 4.00281
544 36.1388 34.4507 0.454087
545 3.30853 21.0467 1.50787
546 32.8275 1.26442 -3.76315
547 2.06109 9.32542 -0.5949
548 35.2075 35.7268 -0.481563
549 39.7357 26.4103 -3.12693
550 36.957 28.6674 -1.17411
551 38.6744 11.9145 -1.91756
552 11.132 1.10715 -0.0241248
553 13.1152 31.6576 0.264284
554 13.9076 3.16739 1.90294
555 33.82 8.95997 -2.8554
556 1.02968 18.1526 -1.73422
557 13.8832 12.2501 1.20839
558 29.769 3.51633 0.790482
559 35.7946 36.0129 0.898119
560 37.7599 25.3863 -3.68987
561 2.21226 36.3551 0.14424
562 10.4868 24.4089 2.15672
563 5.69845 11.1985 0.0635253
564 6.12948 25.4626 -0.854367
565 4.58689 21.2187 1.2832
566 18.2367 1.52196 3.67354
567 33.5235 19.0917 -4.2776
568 1.32774 6.68416 1.06105
569 30.7864 29.8473 1.19374
570 8.62985 29.9989 -1.4294
571 14.3546 8.92866 -1.17428
572 29.0015 22.8039 1.01228
573 18.0914 30.2465 -0.908627
574 10.3604 25.2967 1.90418
575 7.91814 12.9393 -1.02714
576 4.74333 4.1637 2.93325
577 20.4197 37.5342 2.04294
578 13.065 34.3826 -1.24021
579 14.7246 19.4731 2.06727
580 5.70184 27.8506 -1.56464
581 4.05093 27.5985 0.0475963
582 17.2822 20.8953 2.81614
583 17.6012 29.6217 0.86043
584 5.3343 10.5238 0.194818
585 1.41933 23.1527 1.0197
586 24.1385 26.1206 0.696004
587 28.8186 36.1068 0.316982
588 19.3891 0.185043 3.6686
589 25.3079 10.8006 -0.90097
590 2.23288 6.5435 0.0169587
591 14.6314 29.6112 0.506864
592 23.3169 22.0874 -4.06254
593 11.2097 17.1441 -3.38996
594 6.2032 4.68524 0.88197
595 34.6972 27.7319 0.464195
596 2.11743 37.017 1.6631
597 27.5609 10.5707 0.104288
598 39.8917 14.2519 -2.30017
599 12.2627 1.93633 1.97436
600 0.107134 39.7635 0.790344
601 19.8741 37.6275 3.506
602 16.6233 18.6855 2.95478
603 20.732 5.95487 -2.12407
604 27.4414 31.3689 -0.781417
605 17.5175 26.0751 -4.10988
606 38.7307 30.029 1.39124
607 38.8037 8.44636 2.64214
608 9.15944 3.92976 1.06676
609 24.1874 12.3428 -0.437369
610 33.7978 29.6605 -1.32675
611 34.3601 24.7192 -1.82264
612 15.5797 6.27015 3.45246
613 17.4574 8.98563 -0.426022
614 38.5622 37.1672 -0.365854
615 35.6332 4.90594 2.47904
616 34.0815 20.6905 4.31923
617 22.5863 28.7287 1.7862
618 4.57453 0.560172 -1.90833
619 24.275 27.7089 2.86948
620 38.2162 2.72113 -4.2287
621 26.1544 21.55 3.16684
622 29.4217 7.19478 1.3291
623 17.2987 21.3422 0.0819635
624 6.45912 10.3983 2.47635
625 12.0826 8.36882 -0.12675
626 4.02078 39.7055 -0.36559
627 11.1256 35.8421 1.11136
628 18.4454 7.57823 0.125003
629 24.0382 6.29541 3.78827
630 1.16858 6.45795 -2.47228
631 33.1179 0.165121 1.90959
632 33.0701 32.3184 1.46155
633 9.43423 22.0835 1.92741
634 0.810663 9.81755 -0.168825
635 27.0878 26.444 -4.46222
636 19.5263 15.2165 4.32262
637 9.27021 34.9575 2.53226
638 27.7596 31.7867 -3.64243
639 28.6836 25.1744 2.35612
640 4.71851 21.2822 1.29173
641 37.0283 8.55262 0.290191
642 13.6803 34.046 1.79154
643 29.0296 36.1626 -0.326726
644 12.0177 36.6434 1.21164
645 4.65687 7.36833 -2.08596
646 12.259 7.19345 -0.580734
647 10.0509 3.92889 0.175694
648 25.8696 33.2872 -4.34506
649 13.5066 10.3835 1.84928
650 29.6199 22.0871 0.453237
651 30.3746 22.2412 0.0494264
652 4.65147 29.3604 1.58219
653 8.2726 37.4226 1.81197
654 26.814 21.2968 0.818415
655 27.1725 31.9343 -3.06516
656 15.4796 8.78737 0.492463
657 29.9552 10.8195 2.422
658 5.25438 24.5344 -0.429642
659 1.05957 4.95848 0.441686
660 26.971 20.0286 -0.32382
661 5.36893 18.9805 1.34939
662 35.9001 39.7004 3.66865
663 0.341696 19.7277 -2.07048
664 35.2461 22.3353 -0.0843921
665 36.3108 30.1777 -0.581159
666 27.2338 2.4052 1.78798
667 36.5346 27.699 0.931228
668 7.30392 35.9352 1.18479
669 7.39094 36.551 3.51816
670 35.3581 28.3885 -3.09191
671 35.6607 1.34541 -1.97402
672 14.7441 39.8842 1.01953
673 1.77146 13.7534 2.11246
674 9.35073 22.396 0.19341
675 27.912 9.99771 0.0130322
676 0.404323 6.33755 0.191307
677 7.89839 16.2473 2.20789
678 26.3883 39.4514 0.443463
679 17.7651 25.6077 -2.1162
680 23.3924 34.8801 -2.02408
681 16.5387 32.5296 -0.813864
682 35.5092 2.91677 3.19347
683 20.7134 28.6012 1.10152
684 8.08055 23.094 4.89094
685 26.6635 21.5225 3.44098
686 37.2623 32.0688 -2.50864
687 25.0776 20.1329 2.09514
688 22.6937 12.4081 -3.93693
689 7.53048 7.34371 2.68057
690 9.97948 5.5709 -1.39641
691 17.282 32.7261 4.05627
692 27.3545 16.5056 -3.21637
693 3.13026 25.9973 4.32463
694 31.4278 13.5124 -4.93666
695 14.9789 29.8991 0.429695
696 16.4791 21.9128 0.0213764
697 21.2473 3.7452 0.590732
698 4.08624 8.49093 -4.22063
699 38.3017 30.8346 1.06019
700 8.32107 39.8737 -0.875576
701 13.9572 1.20179 -1.3072
702 6.56975 38.388 1.10129
703 2.80328 8.54426 -0.0738788
704 30.4482 1.83476 -0.983936
705 5.44682 22.7607 0.00872231
706 35.0483 37.2812 0.260836
707 23.1857 1.59668 3.17139
708 37.4111 24.5628 -3.4565
709 29.7189 14.6527 0.981136
710 11.4682 0.90308 1.40637
711 34.903 31.9487 -2.90028
712 30.6887 25.3622 -1.06063
713 36.6358 18.4086 -3.45542
714 27.9722 37.7415 -4.84474
715 36.3746 26.4968 0.878205
716 17.4281 30.9424 -1.90593
717 15.424 30.1131 2.88477
718 0.538231 24.2945 -0.955929
719 8.99725 28.9647 -3.57404
720 20.1509 19.3932 -0.359332
721 22.2557 34.7231 -0.236848
722 2.11372 7.41507 0.0245138
723 12.0534 37.5596 2.22228
724 19.3962 4.41765 -2.5237
725 27.524 34.7874 -1.34018
726 37.7377 26.3124 0.990658
727 14.0217 18.7516 2.0469
728 0.481858 29.1179 -0.354123
729 13.8439 3.30478 2.31975
730 23.8896 11.2771 -0.847666
731 37.7603 17.8132 -2.36187
732 19.8347 39.7057 0.759663
733 23.2553 31.6676 2.49391
734 39.079 8.09683 2.64343
735 13.004 33.1029 1.9034
736 24.0712 24.3807 0.767704
737 3.41738 31.4692 -0.80873
738 19.7333 8.98022 4.54323
739 12.6635 17.9706 -0.467586
740 32.0426 20.3447 1.50961
741 1.59161 25.1256 -0.103413
742 12.8089 21.5569 -2.60068
743 26.6591 21.911 0.300864
744 30.5046 21.9484 1.17275
745 19.676 38.2538 2.08535
746 18.5327 9.03372 0.886758
747 16.4192 26.2846 0.997493
748 13.6374 31.7434 -0.986956
749 13.035 4.11194 0.0690708
750 6.54063 32.4285 -2.20288
751 35.4511 34.4174 1.28107
752 8.75333 22.8265 2.13578
753 27.0255 22.6395 0.140374
754 26.2921 26.3234 3.15896
755 33.7265 7.00368 0.621566
756 11.6831 9.80814 -1.21521
757 7.39175 34.1076 2.3618
758 3.54459 15.1284 -1.96487
759 12.6241 26.1575 0.964279
760 39.2417 28.362 -0.413305
761 4.78686 12.8178 1.79223
762 21.0693 27.1191 2.2134
763 4.29842 3.94236 2.74444
764 14.8709 19.5649 1.02484
765 1.17931 20.932 4.35396
766 10.5548 9.86985 1.49886
767 34.5186 10.4229 1.97002
768 5.90016 25.4033 -3.10625
769 11.8667 34.0064 -0.949707
770 7.87502 28.9826 -0.444945
771 11.9224 20.7659 -4.12346
772 9.66163 32.6421 1.02174
773 34.8104 30.3639 3.24362
774 37.0877 30.6941 1.61371
775 14.9498 4.25189 -0.811761
776 10.1726 12.3974 -0.45797
777 34.758 24.3481 -1.31084
778 35.3933 27.5129 0.480495
779 19.1401 4.04621 -0.999584
780 36.1704 6.55943 -0.240746
781 15.3212 34.0167 2.73903
782 3.5121 7.21673 -2.62235
783 15.7108 17.7173 0.309027
784 33.4371 3.25 -0.321993
785 20.8636 16.5394 1.81765
786 10.4383 17.6501 1.01467
787 39.1692 3.72983 -1.01331
788 1.32944 28.0661 4.00006
789 1.58027 5.99411 1.56977
790 13.7608 26.5566 -1.91415
791 9.05975 22.1541 1.85851
792 10.8469 18.3975 1.1633
793 16.8346 35.1894 -1.92347
794 19.3516 27.0104 1.17775
795 1.77303 39.7322 1.55396
796 14.8803 14.171 0.0576565
797 37.7629 34.2826 3.39806
798 34.8879 11.9963 0.827834
799 28.8516 6.61955 3.02644
800 0.0565148 10.4126 1.97867
801 16.5774 22.6131 1.91381
802 33.5173 24.5364 -2.92522
803 12.6476 39.1367 -0.453057
804 1.23989 18.6748 -0.168481
805 1.62453 27.5575 1.08923
806 9.16248 29.6311 -1.47948
807 27.2169 18.9599 1.02513
808 14.9661 29.8701 0.0902293
809 27.7761 27.6772 1.52631
810 17.8836 29.5252 3.2665
811 0.0430253 22.1096 -1.09155
812 9.91137 3.82094 -1.23126
813 6.53145 12.3262 3.51945
814 27.5464 38.3092 -3.77111
815 26.6312 20.9272 3.5323
816 14.9173 37.559 4.5724
817 16.5954 36.1491 -3.59035
818 2.95824 3.4547 -4.74404
819 30.2038 6.69365 -2.54006
820 12.9371 39.1267 2.76529
821 12.7995 7.18867 1.5863
822 6.36725 34.9141 4.07309
823 18.9674 4.47525 -3.04153
824 27.5627 13.5385 2.279
825 39.8431 2.66947 -1.65422
826 3.20588 17.0423 1.96683
827 37.7335 7.97946 -0.209317
828 15.2769 19.0213 2.91476
829 11.661 35.0576 1.14641
830 12.4346 15.3418 0.543768
831 22.8036 36.5185 -1.90606
832 34.9194 2.79754 1.33928
833 19.4878 18.6086 -0.533512
834 15.5468 6.76989 3.71724
835 1.70599 30.5801 -3.17001
836 15.1474 29.5246 2.24612
837 28.8447 37.5711 0.788316
838 15.2752 4.13668 -2.18029
839 13.1156 11.1554 2.14013
840 23.7578 16.7926 -0.39133
841 23.4582 36.4286 -2.64152
842 22.6034 34.5393 -3.12435
843 20.0998 4.67789 -0.842576
844 5.26464 25.7593 1.31541
845 8.2153 31.0613 1.62508
846 4.93318 17.1058 1.04689
847 1.38832 23.9519 -0.963488
848 21.1851 25.6008 2.27988
849 19.2705 16.4688 -4.66134
850 35.4086 31.2867 0.831295
851 5.36578 2.21928 -3.08483
852 32.1087 23.9679 4.18408
853 18.6893 18.8816 -0.482376
854 7.03445 38.2649 3.03784
855 11.4957 35.3522 1.26816
856 13.0155 30.5079 0.266706
857 12.4129 33.8903 0.831333
858 30.8753 30.2896 1.88472
859 10.5749 35.3631 2.44999
860 39.971 17.9182 -1.342
861 7.25877 18.5573 0.0807773
862 5.79526 24.375 -1.47988
863 14.2421 11.2115 2.18046
864 8.42652 6.43453 -3.6698
865 18.5967 29.9086 2.03601
866 30.6906 39.7282 -0.000800956
867 29.8216 24.8232 -4.0454
868 33.7642 33.0596 -0.739645
869 39.3727 19.0121 -4.79837
870 38.5719 4.9351 1.47285
871 16.3086 22.3899 1.9429
872 35.1843 16.5603 0.056829
873 11.6046 18.1124 -1.86517
874 19.831 14.9882 2.21984
875 33.2189 6.55435 -0.820654
876 22.3527 27.4189 0.00164931
877 0.858351 14.0546 -2.17559
878 37.8631 2.94723 -3.14947
879 12.4008 37.0912 0.550976
880 30.7765 25.1739 -1.95911
881 11.7998 23.8909 -3.27677
882 25.9758 5.95233 -3.83003
883 36.9333 26.4416 1.48281
884 34.2227 13.5743 3.75671
885 11.7315 8.83831 -0.937488
886 17.9589 18.5115 1.422
887 5.72262 21.8441 0.940095
888 28.124 31.9237 -2.79886
889 37.4668 9.42505 -0.0559205
890 14.3414 5.71499 2.07772
891 22.0436 26.8272 2.74435
892 27.6824 13.7133 2.44997
893 31.753 19.1805 4.43062
894 22.6837 26.4205 3.22046
895 32.6757 7.42327 -0.142967
896 13.8957 0.252298 1.9414
897 2.43522 16.1373 -0.239092
898 25.8047 19.2556 2.4583
899 13.1338 24.3919 -1.1305
900 13.1151 38.196 0.642175
901 2.46279 38.8962 -1.00394
902 3.06107 27.5018 1.32013
903 18.925 34.9334 0.422834
904 18.7992 35.6456 -0.423051
905 35.4385 37.0379 -0.912795
906 18.0354 10.7017 -1.56058
907 13.27 25.8582 2.47586
908 32.1172 1.78845 4.48609
909 12.5911 0.220269 -1.55345
910 4.3938 23.4895 0.578847
911 35.6703 1.4368 -3.86845
912 25.4897 20.139 1.1039
913 32.2008 35.601 3.97411
914 39.9937 22.0885 -1.3849
915 37.5329 0.138659 1.05522
916 1.20972 15.2857 -3.10815
917 12.8543 23.3425 -3.1072
918 34.7862 5.37857 -0.372942
919 20.5065 30.4199 3.01868
920 1.41359 21.309 2.87276
921 34.0733 19.4894 2.18774
922 22.4391 17.52 1.31569
923 5.93879 25.703 -3.08388
924 34.0749 25.1011 -3.07589
925 15.9313 17.1005 2.23858
926 14.7029 5.74648 -1.5165
927 37.1572 28.0104 -0.782358
928 35.3205 2.24232 -1.85887
929 11.9048 28.7316 -3.64451
930 6.63176 6.14885 -0.172129
931 12.3224 26.019 1.34055
932 33.8774 21.7335 2.36847
933 20.5315 2.23447 -3.66573
934 28.4733 15.766 0.751043
935 8.53908 8.37072 -1.34793
936 16.6984 19.3384 2.93746
937 19.8144 4.85858 -0.754558
938 15.9167 20.6331 1.58394
939 7.84404 2.89888 3.35265
940 12.9356 21.4583 -1.65736
941 34.192 25.6021 -3.61501
942 4.21135 21.1187 -0.378495
943 12.3823 7.06817 0.845004
944 13.3359 4.39187 3.30635
945 2.10319 12.2714 1.29808
946 13.6653 19.4983 -0.142684
947 10.0246 8.79127 -0.474258
948 21.0357 7.05605 -1.60532
949 7.70697 10.958 2.60807
950 12.2504 30.9007 -1.77686
951 11.9056 4.10742 -0.721568
952 11.5301 21.1711 -0.786006
953 34.7482 23.1188 0.965518
954 10.6569 31.1581 -0.906489
955 9.2343 0.352117 0.929552
956 22.6588 17.4433 0.561023
957 37.3903 18.1384 -2.8241
958 1.42611 5.75698 1.1046
959 38.576 17.5776 -4.14057
960 13.9874 29.0824 1.37963
961 2.48567 28.4983 2.07738
962 11.3149 28.2501 -1.65801
963 11.7791 37.4113 -1.59828
964 1.28445 9.47425 -0.313268
965 39.8971 30.6347 1.73621
966 13.6424 11.3775 0.658215
967 18.1213 37.9238 1.37236
968 38.332 15.0891 -0.458776
969 19.9187 5.19405 -1.68281
970 14.9159 0.0515441 -0.730902
971 16.8255 21.4779 0.829711
972 15.5399 19.5326 1.09034
973 0.0120688 18.9893 -1.24147
974 38.735 28.6215 0.0196489
975 9.63651 22.4452 2.24839
976 7.13669 14.1221 -1.90859
977 4.73969 3.45086 1.52258
978 11.1274 37.3728 1.3918
979 9.03191 3.20991 -1.41222
980 31.4046 7.28406 -2.06307
981 6.53221 22.1067 0.530474
982 1.90064 36.7914 0.918078
983 35.1599 20.3083 0.822668
984 12.4709 29.313 -0.498581
985 39.3906 27.8765 4.09072
986 19.0006 22.2933 0.467488
987 12.3946 10.589 -0.329912
988 11.326 17.9254 -2.49014
989 23.8019 34.161 -2.04687
990 19.7139 22.3084 1.60931
991 13.2879 20.3384 -3.68558
992 9.22299 4.7763 -0.288346
993 14.4911 8.48388 -0.535902
994 24.6116 20.8245 -0.119601
995 18.2577 8.97706 -1.81716
996 38.8588 22.4112 -2.41812
997 4.81167 18.2204 0.289012
998 39.846 31.974 2.0347
999 37.0311 6.58688 2.83652
