1000
Particles
0 38.7745 37.1209 -1.55703
1 31.7426 20.927 1.63275
2 18.5213 4.52864 0.524939
3 9.69661 35.0116 2.32863
4 17.2832 20.5156 3.62014
5 23.9991 7.47034 1.08315
6 30.6009 3.6388 2.6256
7 32.6035 20.6002 1.0825
8 6.66076 29.3475 -0.442704
9 29.1486 19.8191 -3.22431
10 27.2303 33.3586 0.954788
11 0.0259795 33.9339 2.46412
12 33.1365 28.7521 1.02579
13 1.72705 8.36119 1.03813
14 28.1199 18.1584 3.59016
15 27.5797 29.2329 -4.67651
16 24.0567 33.6455 -3.96969
17 32.0123 11.3345 -3.30304
18 33.6827 14.9971 0.00189247
19 16.033 20.2512 -3.63323
20 9.23772 11.8783 -3.19014
21 36.2618 3.31033 -0.766248
22 38.7073 18.9979 1.3243
23 31.1444 20.3491 2.05537
24 36.8901 8.58621 2.84065
25 1.40936 34.8242 0.688229
26 17.5189 30.6883 -0.488429
27 13.1114 17.4956 -1.38437
28 5.21642 31.6884 1.96099
29 32.5617 8.65517 -2.10072
30 18.9084 20.6561 2.22512
31 14.3975 17.3277 2.40159
32 17.721 6.64246 0.561648
33 7.53369 38.8179 -1.28101
34 26.1225 16.4416 -1.02119
35 24.6063 0.223739 3.78269
36 18.2945 0.309608 -3.00054
37 38.1003 25.9322 2.18465
38 33.7854 38.2512 0.811064
39 27.9308 14.4934 -0.564235
40 32.3756 35.9488 -3.68717
41 14.6031 15.2484 3.90967
42 36.44 17.7571 -0.855277
43 25.4288 37.8633 1.69873
44 23.9775 25.0691 1.43564
45 4.30138 27.8739 -0.312568
46 3.19538 7.76407 2.00246
47 37.1449 5.53125 1.18224
48 2.81738 36.8382 -2.00675
49 8.76849 31.328 4.61828
50 38.3755 1.60826 -0.111211
51 17.1733 39.1283 -2.88874
52 33.3816 11.5901 2.86376
53 13.4962 7.07112 2.42052
54 33.7057 28.1056 -0.312301
55 35.4571 17.3927 0.289922
56 25.6854 8.31222 -1.98513
57 1.38283 30.6077 1.22944
58 39.0593 24.4577 1.63493
59 1.09098 34.9997 0.860742
60 7.22527 26.7211 2.80993
61 15.9714 27.6198 -2.25403
62 35.1802 39.0238 1.11354
63 10.9742 14.8343 -0.309808
64 38.53 27.5985 -1.85466
65 12.7733 38.1306 4.71603
66 11.8693 16.307 -0.615938
67 26.4579 20.9268 -1.63847
68 8.43093 5.30492 -2.60602
69 12.3105 4.61649 -1.66509
70 4.9026 34.2449 2.38576
71 15.6266 10.7402 -3.64703
72 10.1415 14.64 0.804337
73 23.4697 25.6457 1.70404
74 7.56 2.11602 2.46145
75 3.39327 32.9867 2.55028
76 16.7061 7.80676 0.74416
77 7.65646 27.717 3.22564
78 39.7182 29.4033 0.0586369
79 36.6848 3.6749 1.63628
80 37.0333 5.71739 0.886159
81 39.4251 26.8399 -3.0154
82 13.1578 11.8113 -3.22141
83 16.5614 27.1955 -3.02911
84 16.475 14.9083 -1.37943
85 2.84361 19.3876 -3.11874
86 16.3512 6.47686 2.70116
87 21.8942 37.2093 -1.05073
88 2.51983 1.49098 -1.24334
89 2.77099 0.914472 -1.95053
90 36.4841 33.6699 1.19354
91 19.5211 16.7707 0.647224
92 16.6259 22.1306 2.3884
93 17.9238 8.43592 0.0753585
94 16.5587 17.07 -2.85954
95 18.4836 1.86503 2.88047
96 10.8013 30.0448 4.20348
97 25.0165 35.4423 3.66412
98 1.25727 20.9801 -1.6328
99 12.1992 1.15386 1.39181
100 29.0572 19.3777 -1.36317
101 19.4392 27.0166 -0.979211
102 19.3838 31.0197 -3.76804
103 10.8702 3.20174 -1.59502
104 24.8468 6.52434 0.151606
105 20.1034 28.0055 1.06982
106 31.9386 10.9831 -1.28774
107 16.2713 22.713 3.05309
108 24.0407 9.13588 -2.19198
109 0.735776 37.2206 -1.5204
110 14.1635 1.44355 -1.80815
111 1.73706 31.3245 1.9237
112 31.1613 37.2387 3.64899
113 39.0739 21.6452 -0.471281
114 1.36311 25.3725 -3.51245
115 30.8419 23.2214 2.0102
116 24.7436 27.7811 -1.69507
117 25.3873 31.6772 1.78721
118 22.2776 1.36278 0.00438657
119 33.0053 19.7253 -1.52188
120 31.1663 27.4328 -1.47514
121 27.069 16.0909 1.16838
122 37.4095 17.2823 -1.1767
123 6.8101 26.4031 0.523471
124 15.9893 37.6011 1.67146
125 26.6758 0.672563 -1.71002
126 27.601 21.677 -1.93787
127 37.6873 5.36602 4.22452
128 36.4281 9.27383 3.22745
129 2.6601 12.577 1.72391
130 35.9537 5.14038 4.18373
131 35.502 25.9852 -1.01035
132 21.6077 39.9211 -2.32933
133 33.99 32.1245 1.14508
134 5.21977 29.945 1.82978
135 13.0147 7.27112 3.83206
136 25.9733 7.03694 1.0517
137 29.1539 32.7805 -0.770026
138 11.5325 22.9068 2.45529
139 15.7296 0.057736 2.02619
140 24.3124 33.9461 -2.36921
141 31.8865 29.3934 -1.89737
142 24.7899 3.19548 -1.4611
143 16.4288 25.8282 -1.48564
144 3.58013 23.5009 0.28023
145 29.0902 18.9808 -2.0955
146 31.7845 8.01039 2.64977
147 38.1152 1.62294 -0.431171
148 36.2128 11.0978 -2.87459
149 16.2892 26.3934 1.06894
150 18.7279 14.5332 2.54535
151 35.666 37.6464 -3.80677
152 19.5079 11.1722 0.53775
153 19.7947 2.81908 -0.83757
154 28.3101 38.8964 0.494455
155 33.4335 26.6175 -1.30151
156 35.597 26.9091 -2.46256
157 13.887 14.0993 2.24378
158 18.1754 30.9551 -0.225524
159 16.2381 27.2469 -1.1646
160 5.00868 13.9964 0.0302313
161 12.336 21.3707 -2.22004
162 27.8125 31.9616 -0.487048
163 6.81755 5.08292 -2.09701
164 15.29 4.63879 3.11919
165 25.6442 9.15565 -0.573416
166 35.1893 9.44608 2.30246
167 10.8307 36.9543 -0.257955
168 0.157091 20.9868 0.332085
169 39.7505 31.5174 -2.7346
170 1.38161 36.9308 -0.963114
171 24.2007 39.4496 -0.229348
172 39.5423 17.833 -1.47579
173 24.3541 36.9097 -3.14926
174 17.7609 35.5922 -1.71104
175 38.8855 7.58732 -0.916427
176 18.2129 22.0691 -0.387826
177 12.6679 7.17471 2.52686
178 24.7898 17.0378 1.27304
179 28.3763 10.8173 -2.54957
180 16.3225 10.7473 -1.99475
181 38.1504 29.3492 -2.22823
182 20.9084 12.0005 1.84378
183 5.90024 22.5337 2.51489
184 31.4358 39.9559 2.32301
185 11.8844 10.51 1.44416
186 22.6686 1.75714 -2.82777
187 8.88392 39.1873 -2.52389
188 20.2321 17.3673 -0.23118
189 9.29756 26.5235 3.86225
190 23.4301 20.9182 1.38805
191 13.284 31.012 0.467511
192 38.2807 5.69849 0.980103
193 31.2375 17.2783 -3.99233
194 15.9701 29.4168 0.363694
195 10.5033 19.6924 2.5376
196 27.4641 38.5566 -1.55394
197 18.1509 36.4036 -3.71757
198 28.8616 18.1204 4.22874
199 11.136 10.803 -1.38749
200 31.9555 36.6358 4.34014
201 34.9639 17.9269 1.36311
202 15.7031 19.193 -3.13898
203 26.6077 17.7432 -0.892437
204 30.6044 30.7003 -0.128215
205 37.3815 31.6492 0.236431
206 16.2715 4.18771 0.887377
207 38.198 32.2245 -0.362817
208 34.344 22.6315 -0.149728
209 6.09164 31.7157 2.39867
210 6.48821 25.2189 -1.07092
211 38.8781 22.0504 -0.7036
212 36.743 32.3521 -1.23442
213 39.9086 6.22203 -1.70152
214 31.137 21.6376 3.69578
215 33.6413 24.9849 0.672225
216 28.0706 21.9352 0.377015
217 7.06576 8.83169 -1.78949
218 14.4239 16.4331 1.05582
219 22.5724 1.02059 -2.09233
220 12.4815 5.83179 -0.476593
221 21.6094 10.8145 2.97531
222 39.664 31.5003 1.15407
223 19.1843 28.5943 -1.6554
224 2.61423 25.5391 -3.23422
225 32.916 8.73437 -3.65259
226 39.9675 21.6893 -0.965888
227 4.50778 7.9842 1.74906
228 20.5832 7.40385 3.49998
229 37.4538 19.4971 -0.602009
230 31.4633 7.86076 2.69548
231 16.8475 23.6426 1.63215
232 33.6072 7.53041 -2.33202
233 37.061 13.4086 -0.0415297
234 7.66624 36.3957 2.10946
235 37.9293 7.03725 -3.5288
236 9.74363 38.2193 -1.52224
237 12.5938 28.9415 2.86329
238 10.6817 10.7433 -3.82841
239 34.3294 12.4965 -0.909995
240 22.7772 20.9382 2.85774
241 13.4693 31.5802 -2.30858
242 37.6723 6.15344 3.36099
243 23.6554 0.794257 0.820704
244 36.1299 17.3395 -2.54608
245 21.4372 0.49941 0.122774
246 31.2772 6.90372 -4.5194
247 6.53157 0.345598 -1.44382
248 5.319 25.1147 -2.8395
249 16.9513 34.8533 1.31416
250 14.9086 2.72672 -2.76447
251 38.9666 6.26028 -1.19202
252 34.0039 16.1072 -0.057274
253 31.9756 13.4138 -0.908702
254 37.518 2.44573 1.3999
255 25.8436 27.2884 1.46755
256 2.54328 6.56314 -0.222188
257 28.6235 18.8958 -3.52165
258 32.0117 35.732 -2.41433
259 34.6896 15.7274 2.77048
260 4.93833 8.87163 -0.470319
261 24.8313 24.2073 1.60716
262 28.6943 33.2206 -2.25843
263 37.0834 4.44892 0.483367
264 6.26317 26.1302 0.619354
265 2.52669 22.5544 -2.93104
266 37.8718 14.2079 -0.185792
267 0.64907 25.2622 -0.99802
268 4.77243 26.5476 1.80345
269 24.1318 38.4034 3.19888
270 3.23836 10.4473 -3.62399
271 32.0133 8.96058 -1.82781
272 21.948 17.9809 -1.46388
273 25.1297 35.4234 2.88929
274 9.9942 7.01485 1.92588
275 5.80921 24.6447 -0.348331
276 28.6351 18.1729 4.46274
277 10.6786 21.7582 -1.5033
278 3.88611 10.0372 -4.53697
279 5.37603 25.5991 -2.63311
280 4.67503 24.1419 -2.18628
281 22.7713 15.4954 1.28684
282 14.8213 20.0071 2.21701
283 20.7567 34.7854 0.7342
284 25.2889 21.3236 2.0236
285 1.34721 36.9939 -3.04564
286 36.2042 4.67457 2.63486
287 10.1645 20.0405 1.1049
288 2.50539 0.2481 -0.889644
289 12.8012 30.647 -0.66963
290 35.4495 24.8004 2.87871
291 12.6748 10.1343 3.09408
292 0.557215 19.2404 0.567337
293 2.0836 4.44904 -2.84198
294 31.3274 27.9638 -2.52118
295 17.0978 8.69751 1.85596
296 26.0113 29.6433 1.20441
297 0.52921 26.5542 -3.60318
298 25.9107 37.4847 0.427683
299 17.9734 27.1992 -0.582171
300 25.284 7.36025 -1.82233
301 31.9456 24.2227 2.05708
302 18.5487 37.3985 2.5991
303 8.52662 28.0995 2.10244
304 10.6885 24.7457 1.11411
305 5.10455 22.5986 1.16819
306 30.953 13.6396 -1.52043
307 11.9907 14.1135 3.54859
308 6.76344 17.2829 -2.39951
309 12.9945 34.4085 -1.16382
310 16.3051 22.7382 0.279632
311 23.0021 6.05295 -0.732738
312 36.0584 39.8032 2.50271
313 29.343 0.646313 2.83183
314 18.0936 3.55134 -1.42475
315 39.5533 31.5096 -0.174705
316 0.184437 35.498 4.74246
317 28.1428 28.8424 3.67016
318 24.1934 22.0862 2.2716
319 4.03905 37.0412 1.55644
320 3.73946 22.9797 -2.27607
321 29.7195 3.54467 3.35636
322 4.61966 34.9599 2.13564
323 19.3737 32.9771 -0.627605
324 27.9727 16.2564 0.630838
325 8.05767 28.9578 1.35264
326 3.64622 13.0882 -2.00988
327 22.3061 35.8553 -0.921209
328 15.8029 26.7414 -2.63272
329 8.11496 20.066 -1.86347
330 4.55411 13.9519 -0.481483
331 10.8762 37.1131 -0.899958
332 33.4214 13.7949 -1.41776
333 24.5499 15.9202 -1.12805
334 16.9011 7.64729 1.31346
335 8.45899 0.766331 0.311264
336 17.4695 36.0055 -4.11922
337 9.86318 14.5665 1.47313
338 14.6247 28.9724 3.01339
339 0.352538 31.8383 -2.72432
340 4.21631 24.5478 -3.85143
341 31.4867 29.3389 -1.67699
342 10.9621 14.0085 0.626531
343 11.6418 13.635 1.05475
344 12.059 0.801834 0.577793
345 31.8518 28.8432 2.79333
346 19.1128 7.53572 -1.66433
347 5.72001 37.6598 2.03467
348 8.18451 19.0241 -0.652626
349 16.1792 16.6392 -0.762238
350 5.97787 17.1632 -2.74613
351 11.1125 21.7145 -2.69833
352 25.9841 25.4477 0.558292
353 27.7452 6.50955 -1.80746
354 34.8734 37.5814 1.10375
355 18.0251 17.4893 0.284207
356 27.7648 32.0967 0.932325
357 11.5451 26.8086 -1.2863
358 11.7553 15.1987 -0.22088
359 35.182 26.4534 -0.429619
360 29.1423 25.1578 3.46009
361 30.6988 30.7917 -1.5416
362 39.4446 22.5942 4.1038
363 36.6327 12.4202 -2.25436
364 5.57941 16.0805 0.997838
365 9.93357 38.579 -0.141915
366 16.2023 5.72642 0.701391
367 10.5814 1.01591 -2.3088
368 22.4076 2.26842 -2.09034
369 16.6789 35.216 0.688597
370 20.6409 26.9252 -1.01495
371 22.4996 18.9854 -1.11463
372 25.1981 25.3548 -0.0956107
373 14.8659 12.5653 -3.43112
374 12.0585 19.437 3.55709
375 13.5086 11.557 -3.45499
376 0.280482 27.1858 1.61506
377 1.07999 6.12276 -0.342303
378 11.787 4.58735 -2.1273
379 33.5372 27.8391 1.94891
380 34.8123 31.6051 0.462333
381 12.7486 35.659 -2.52551
382 3.9891 19.6968 -3.72642
383 19.1382 33.5216 1.20587
384 29.5133 6.60179 -2.07669
385 15.4868 14.6292 0.834031
386 23.8034 6.86253 -0.619783
387 5.46775 4.80336 -1.35936
388 32.002 23.2086 2.21131
389 2.51602 3.73761 -3.08783
390 33.9093 25.7311 -0.266917
391 14.7343 13.7778 1.45469
392 22.0073 28.3006 -3.19103
393 19.2199 5.41879 -1.20742
394 26.1151 36.9189 -1.3239
395 35.995 16.6831 1.64969
396 0.330233 6.04389 0.0169031
397 3.20749 1.13974 0.291337
398 0.823379 31.7124 -4.3822
399 36.3319 19.4101 0.690473
400 1.94097 0.957909 -0.815002
401 25.1187 34.6922 -0.642329
402 35.8754 9.20137 3.54933
403 0.125793 25.606 -2.97122
404 24.9349 27.4778 -1.8925
405 2.68229 23.6927 -1.8616
406 22.6586 1.93042 -1.29748
407 38.0607 2.93148 1.22759
408 9.27392 13.3086 0.29251
409 12.0769 5.94786 -2.23374
410 24.7769 24.9342 0.619392
411 16.6097 21.705 3.9308
412 0.335768 4.66581 1.72858
413 14.7391 12.1697 -2.55462
414 3.08288 17.3374 -4.2379
415 14.5085 29.7139 2.64156
416 21.2077 34.2364 0.853434
417 0.76428 4.65505 0.783808
418 26.843 23.4901 2.86304
419 24.3632 8.62768 -1.46204
420 21.9842 39.2911 -1.73002
421 6.71001 17.7132 -1.86629
422 8.20443 9.53938 -0.30875
423 28.1121 6.45485 -1.88104
424 26.7233 21.2573 -1.78526
425 19.9243 2.39943 -3.95763
426 11.8012 20.3271 2.84037
427 17.8741 16.0074 0.746139
428 3.19705 8.03347 2.1644
429 3.80792 8.41672 -1.06302
430 22.0697 16.7776 -4.83837
431 6.62434 8.1097 -2.81325
432 19.186 31.0824 -4.06619
433 28.7867 26.5722 1.87193
434 3.37845 24.8108 -0.969754
435 26.8526 37.5321 1.88697
436 0.730352 25.4249 -2.48842
437 11.7206 36.6997 -2.13372
438 6.32881 20.9513 -0.451992
439 31.8438 22.2378 3.84835
440 26.3576 6.64405 3.86356
441 12.0307 3.43572 0.603221
442 14.7592 29.2456 1.37709
443 21.6281 16.307 -3.92125
444 10.3228 15.6985 0.454225
445 10.0432 23.3867 1.36943
446 20.7908 5.49569 -1.57379
447 2.62543 7.65602 0.13503
448 31.1712 28.7857 -2.51214
449 15.7575 18.3271 -2.97709
450 10.3606 19.7316 1.99601
451 36.5914 9.65393 1.71798
452 15.1544 12.6175 -3.78607
453 6.09218 29.9548 1.88035
454 36.2678 6.21492 3.45607
455 30.7641 6.60876 0.928428
456 8.17106 3.45228 -0.114407
457 24.0793 20.1779 0.700784
458 35.6461 18.5538 -2.80132
459 9.53854 6.02657 3.16251
460 7.88544 2.96182 -1.00523
461 11.371 0.822353 2.55482
462 26.0615 18.0457 -1.0199
463 3.68635 31.6733 -1.07184
464 30.9781 17.4513 -3.60064
465 29.3087 20.2412 -2.48243
466 32.4498 20.495 -1.42569
467 7.64686 37.0368 2.66052
468 29.4061 33.3949 -2.47475
469 18.2394 32.6896 2.26495
470 11.7124 15.5292 -2.57933
471 35.7111 17.398 0.846767
472 12.551 11.608 -3.20782
473 13.5096 0.955337 -1.72224
474 7.11903 36.4666 1.41234
475 30.4609 7.9632 1.22039
476 19.0794 28.9074 -0.0695205
477 15.4273 34.6304 -0.243829
478 31.7784 20.4669 4.31522
479 39.9369 28.0892 -0.822939
480 32.213 19.8055 -3.14291
481 26.2499 39.1714 -0.955383
482 5.58234 32.3379 0.587947
483 11.717 32.7484 2.80404
484 11.257 36.5679 -0.575194
485 7.21856 37.8015 0.0495698
486 15.8169 29.8688 0.621787
487 29.0291 29.1285 -4.52978
488 36.6438 7.33504 1.36846
489 19.4233 3.63619 0.948737
490 7.12194 0.694737 -0.186652
491 14.3196 10.0459 -1.51482
492 19.9792 2.49918 -3.30249
493 3.33342 25.5741 -0.362401
494 8.38877 19.7512 -0.94914
495 33.4383 14.5957 -2.07542
496 30.1604 20.8751 3.48664
497 0.917376 26.0758 -2.98151
498 15.9468 17.4311 -1.74846
499 10.6011 19.8199 2.64569
500 7.32472 14.8218 -0.845674
501 27.4366 13.489 -0.566823
502 37.5423 6.19362 3.73395
503 16.1155 29.7316 -0.205598
504 35.1744 33.5302 2.15098
505 7.22133 0.762385 -1.73956
506 30.252 27.1857 2.23655
507 19.7993 12.5451 -4.30838
508 0.338303 25.1363 -1.96787
509 25.4177 39.728 -2.1481
510 33.9137 1.0647 3.37421
511 25.454 30.3257 0.876447
512 37.6808 31.6066 -2.7925
513 16.1439 33.4558 -2.85659
514 13.4307 26.7967 2.16073
515 15.1143 16.2198 1.595
516 22.4387 39.1763 -2.27815
517 16.215 13.5401 2.73661
518 14.5207 11.1651 -0.842634
519 15.6002 16.1216 1.2552
520 37.3912 9.2414 0.897499
521 36.1899 27.1168 -1.12186
522 22.5361 18.315 -4.36692
523 11.2192 19.9581 2.85504
524 3.96381 23.9564 0.369028
525 7.29312 13.6112 -2.00214
526 3.36293 22.1155 -1.83328
527 15.469 5.46015 2.96042
528 21.3801 1.93892 -2.89971
529 30.15 8.15197 1.18289
530 35.0704 10.0354 2.45681
531 27.5295 10.5974 -0.0399476
532 20.8955 37.4734 -2.47024
533 24.0001 27.2037 -0.790727
534 12.4179 28.457 0.280629
535 5.22389 4.63462 -2.92357
536 32.0163 19.2941 1.66911
537 0.485987 18.936 0.215816
538 0.192646 1.03968 -2.76431
539 39.691 5.46495 -1.59673
540 28.751 27.2807 -2.14258
541 28.2344 20.6121 0.58104
542 39.9946 31.2491 1.4115
543 8.92003 12.4049 -1.37288
544 5.50254 4.05497 2.37664
545 17.4963 23.4018 -0.339394
546 0.336151 32.2299 -3.44555
547 8.5912 17.423 -2.66114
548 39.9075 32.1021 -0.777228
549 3.46035 23.235 -2.51661
550 6.6888 32.9176 -0.42214
551 20.5502 18.4928 3.52157
552 39.5335 6.07498 -1.57917
553 16.1214 25.6208 1.51946
554 16.9336 6.98937 0.685927
555 38.335 15.4082 1.71608
556 31.162 21.7925 1.39644
557 10.0255 23.915 2.45766
558 37.3247 2.68642 0.763585
559 28.228 32.7478 -1.35573
560 28.7399 26.1628 1.31536
561 10.5207 21.3063 -1.71797
562 6.29375 26.4384 -2.10601
563 4.00144 16.85 -2.04296
564 14.647 22.5907 -0.465945
565 0.287727 17.7953 -0.790221
566 17.8063 31.2848 -2.84611
567 33.8112 14.5017 -0.942796
568 0.301837 9.48884 -1.15235
569 3.37348 20.0041 -0.88937
570 5.29396 28.9964 1.76169
571 16.0127 11.9387 -0.923709
572 38.2487 31.7489 -2.61443
573 22.9385 38.4238 0.330744
574 11.8179 21.3889 -0.956728
575 18.6348 22.2275 -0.167104
576 0.497742 4.184 2.02009
577 20.9224 30.0336 -0.734105
578 6.7866 37.3795 0.802847
579 6.22464 8.2818 -3.50266
580 7.34399 29.0767 0.503103
581 6.0043 31.568 0.0519122
582 28.995 28.1233 -1.58589
583 22.8028 1.56081 -2.13638
584 36.5489 11.0768 -2.70339
585 6.63289 21.5891 -1.12484
586 22.413 19.8566 -3.3855
587 29.9333 32.5269 -2.00906
588 18.6551 31.5757 -2.62822
589 29.1683 19.173 -1.26583
590 4.35032 4.74804 -2.27218
591 2.09805 22.7353 -2.77328
592 33.9661 27.6972 1.67407
593 16.4473 23.3335 2.96956
594 6.53285 4.13433 1.80639
595 24.0251 17.6402 -3.14313
596 37.9238 34.2189 1.27254
597 28.5567 10.3569 -3.29591
598 34.7513 11.5799 -2.99317
599 13.5533 34.0726 -1.00142
600 7.43482 38.9442 0.627184
601 18.7195 35.5308 -3.60002
602 7.24199 18.7765 -1.42718
603 15.9635 17.8518 -1.90573
604 31.0457 21.7212 2.57363
605 8.36355 35.6602 1.4869
606 39.745 29.7119 1.01931
607 2.84068 8.56867 -0.543279
608 3.89562 5.31517 4.33381
609 25.8682 37.8165 -0.92907
610 33.3991 22.8288 -0.842356
611 0.71387 24.4012 -2.22211
612 21.4465 10.5651 1.44456
613 21.4443 11.8381 1.17604
614 39.2192 6.81444 -0.304357
615 32.1009 11.0784 -2.69961
616 33.0928 13.7943 1.44626
617 23.9511 32.7885 -3.94247
618 2.15117 0.57644 -1.85127
619 27.5184 35.2759 1.00091
620 34.254 35.9148 -0.019328
621 25.0761 16.2131 -0.472416
622 12.9649 3.39269 0.0581861
623 17.9195 9.66231 0.616963
624 32.1367 5.8513 -1.38897
625 18.1858 8.48083 -0.248003
626 7.07984 38.2149 -0.0753163
627 4.13971 33.0315 3.46768
628 20.753 10.2851 3.59755
629 26.4385 2.16125 -2.68604
630 33.1721 30.8901 1.60022
631 27.8299 35.9994 -0.433033
632 30.3566 30.1767 -1.21974
633 38.2948 21.4267 0.858988
634 38.3804 6.07335 -2.93598
635 25.1652 28.1674 0.644985
636 20.9691 3.70972 -2.64717
637 0.697786 23.6617 -1.28336
638 33.908 23.3054 -2.60363
639 32.3172 8.32119 1.18726
640 6.55572 18.8304 -2.51088
641 24.5385 5.84556 -1.09104
642 18.0614 38.2183 -2.34226
643 27.0461 28.1637 -2.84536
644 11.8387 5.35033 0.205435
645 4.92461 11.7566 -0.485671
646 7.86441 6.68943 -1.56354
647 11.5054 17.7276 -2.09726
648 33.8636 35.4726 0.686969
649 21.8369 23.6415 -2.34221
650 30.5345 12.8382 0.147971
651 23.0345 20.1137 4.2773
652 4.12125 39.2034 -1.04389
653 12.1454 3.90138 -0.558484
654 20.3171 14.3208 2.84093
655 32.8405 33.5787 1.15319
656 11.4499 11.1311 -0.995457
657 24.2768 7.77308 -2.11539
658 9.15791 28.5432 2.05916
659 34.1104 37.6809 0.776339
660 25.1972 14.749 -0.339523
661 36.7752 18.4083 -1.4106
662 32.5137 31.9469 1.06072
663 15.9966 23.136 3.66115
664 27.7641 14.2997 2.69978
665 35.415 39.2822 -0.72003
666 27.1694 38.7738 -1.4848
667 0.373774 32.7042 -2.0336
668 12.067 33.9182 -0.0478212
669 12.9414 25.4141 0.526294
670 39.1143 29.0178 0.985974
671 26.5217 38.2639 -1.76806
672 12.9213 31.1869 -0.655568
673 35.1341 4.74836 0.595993
674 12.8092 20.4721 2.21681
675 29.4892 14.9156 -0.875088
676 29.578 36.3698 -0.340841
677 30.4724 17.2706 -3.069
678 31.0452 39.9982 2.90099
679 20.6391 20.9998 0.875562
680 15.6893 28.7874 0.818442
681 10.8043 39.373 3.16607
682 31.5611 35.4629 -1.58228
683 29.2895 24.7967 3.59664
684 11.1796 38.2785 3.36823
685 26.1377 27.7048 -0.151924
686 0.340767 2.5664 -2.69061
687 23.6986 10.5368 1.57792
688 31.4969 5.95303 -2.62718
689 12.9011 0.507505 1.69063
690 19.3158 28.9528 -2.25253
691 16.9433 29.938 -0.364611
692 25.3117 15.1144 -2.42469
693 36.8662 17.0705 0.858739
694 29.6239 30.356 -1.12099
695 16.4236 28.8436 1.4834
696 32.682 28.5628 1.63985
697 30.5008 7.28291 0.0885962
698 34.9578 13.7812 -1.50847
699 22.2364 21.1648 2.14789
700 2.28666 4.18658 -1.56056
701 27.1113 2.22091 3.30978
702 38.4424 5.95559 -3.07667
703 36.2972 16.6355 2.20362
704 27.9945 29.89 3.00791
705 1.79567 33.6163 -0.903825
706 33.7669 35.988 1.71726
707 10.7032 7.70907 -2.13507
708 27.8162 16.4337 1.66438
709 24.6622 8.84876 -0.974876
710 16.9355 29.1446 1.89357
711 31.7793 28.6822 -2.40817
712 27.0964 14.1326 1.84009
713 33.6723 11.7495 0.588905
714 27.9774 28.9531 3.74008
715 39.4573 5.94438 -2.83655
716 18.8064 35.4155 -2.21337
717 16.459 28.7402 3.16623
718 13.4323 30.0337 -0.3802
719 9.83285 36.6616 -2.66488
720 15.3607 26.7002 -0.412136
721 29.7076 33.4667 -0.653508
722 39.831 2.91436 -2.65052
723 19.9625 0.861838 1.91702
724 15.1565 1.60618 -2.03391
725 28.1788 3.65051 -2.07725
726 6.37227 29.0395 1.45561
727 4.36978 27.5117 0.890104
728 2.05855 10.6464 2.93959
729 20.3145 37.4065 3.20443
730 17.7365 7.34254 -0.241343
731 31.3592 20.9211 2.67091
732 26.0739 35.8109 1.30714
733 33.5429 24.6052 1.40636
734 24.1451 8.85628 -1.03234
735 18.8587 20.2503 1.62115
736 19.8449 30.8485 -2.84208
737 31.3794 30.9764 1.65652
738 15.973 9.97798 -2.49358
739 11.8106 29.0971 0.945725
740 2.7136 17.7961 -0.0456934
741 10.0118 33.705 1.03614
742 23.2143 13.0219 0.459364
743 23.9557 24.1401 -0.373135
744 34.025 21.9243 -2.18578
745 17.8014 33.3411 2.7222
746 13.9424 11.2236 -3.03656
747 16.0213 27.0897 -1.61625
748 13.7102 25.4043 0.400461
749 2.69909 4.60532 -4.04512
750 4.34413 32.2484 2.09669
751 10.3359 0.26693 0.990147
752 35.5658 15.6074 2.57399
753 9.66552 23.2858 1.89503
754 28.6233 22.9234 1.29625
755 24.6925 7.33218 -0.0338356
756 39.3987 6.11626 -1.38472
757 15.2587 22.1857 0.982624
758 34.3355 21.4927 -0.146021
759 8.38648 29.8594 -1.65777
760 35.6195 39.0566 0.253079
761 13.8325 18.1901 -0.517622
762 23.7036 25.7984 1.21161
763 15.8652 0.494552 -0.591468
764 25.975 2.34484 -3.2053
765 29.3855 28.4999 -4.50345
766 8.841 15.514 -4.25593
767 33.4984 13.8528 -1.56361
768 8.08299 18.3122 -0.0308697
769 18.6031 26.9848 2.74999
770 10.1777 26.1384 4.7876
771 3.88463 22.0861 -3.02622
772 16.6475 35.5384 4.12108
773 37.4527 31.0851 -1.54478
774 37.0071 39.9104 1.1758
775 14.5673 10.6559 -0.437579
776 11.9811 20.7438 2.90651
777 5.05464 21.5771 1.4669
778 31.4899 26.4967 0.0844038
779 18.0176 0.154787 -3.35257
780 2.17425 2.89596 -2.7215
781 30.536 3.90021 1.00845
782 10.0962 6.80724 4.42749
783 15.3663 5.9936 -0.186045
784 29.3855 1.27023 3.18699
785 26.3983 17.029 -1.328
786 6.12404 25.4766 -2.23432
787 33.9025 37.7925 0.854932
788 2.65771 35.6638 1.11868
789 37.9115 13.8974 -0.960245
790 10.2082 30.6593 2.36668
791 15.0187 17.1644 0.882381
792 9.81896 28.8378 2.51271
793 26.5691 2.26316 -1.1235
794 23.8841 25.0739 0.263808
795 6.58528 9.44231 2.40641
796 16.1693 27.2002 -2.45309
797 2.91118 31.1755 0.0163509
798 27.8228 8.53126 4.37156
799 21.9113 2.14063 -2.17249
800 28.2052 10.3739 -1.83571
801 22.1873 14.4946 4.26594
802 34.2365 17.2243 2.15728
803 9.50428 2.04017 1.59138
804 6.10116 17.6819 -0.201222
805 6.53373 23.9459 0.56555
806 15.309 25.7956 0.709901
807 24.3546 7.73444 -2.3598
808 21.7158 21.3827 0.754578
809 23.6751 9.54481 -1.91553
810 16.8085 37.933 0.0814005
811 11.6679 26.7089 -3.78759
812 8.4737 39.5082 0.407313
813 4.56341 7.89903 0.799801
814 25.5815 38.8464 0.234925
815 34.9119 20.0436 0.374071
816 18.6192 36.67 2.07671
817 16.9183 37.2541 2.80016
818 7.42575 15.4987 -0.175687
819 23.8241 2.39566 -0.606404
820 37.9667 1.9407 0.383739
821 15.2837 8.90157 -3.60109
822 8.56394 5.19513 -3.89333
823 27.7802 0.412314 -2.59893
824 36.1975 17.857 -0.831184
825 38.1383 28.7308 -0.291403
826 4.09697 16.9121 -1.57105
827 39.4209 14.966 -3.01673
828 19.2748 16.6289 0.51188
829 18.1244 32.5461 1.25046
830 12.1086 25.6262 4.40281
831 10.5958 37.1109 -0.511386
832 29.1569 32.0235 -1.14913
833 12.927 13.6076 1.35573
834 18.4271 7.5177 -0.574537
835 2.68511 26.3833 -3.91003
836 23.2116 27.6227 -1.97976
837 32.0422 28.8274 4.04113
838 21.4576 3.7497 -1.74367
839 3.89827 23.1287 0.0424644
840 24.8198 11.287 2.62103
841 31.7996 34.4089 -1.24075
842 18.5518 30.0068 -2.90268
843 11.1278 3.22364 -0.437858
844 7.02106 24.1498 -1.22449
845 1.58977 25.3659 -3.71334
846 15.2056 34.4357 2.49849
847 3.54641 22.5322 -0.150873
848 22.7962 21.2467 1.51787
849 13.7846 14.095 1.90312
850 1.63233 31.7836 4.43923
851 3.52949 37.7223 1.58932
852 26.9062 30.7813 -0.078782
853 25.8445 23.7846 3.26499
854 0.987172 31.3656 -2.14824
855 17.5279 1.22064 -1.27888
856 16.8092 36.3865 -4.71251
857 11.3401 18.1545 -2.66787
858 3.08444 24.2576 -2.38611
859 13.4113 37.1173 -4.83228
860 39.247 21.1518 -1.52109
861 5.21979 17.526 -2.97645
862 39.5873 34.0156 0.662309
863 12.2576 12.7102 2.31063
864 24.8066 8.40037 -1.8281
865 29.8046 29.2175 -3.537
866 24.2904 1.4805 -4.0738
867 23.6879 35.803 0.925771
868 31.2685 26.474 0.631448
869 38.5913 16.5975 1.87976
870 2.23273 5.08956 -4.19395
871 17.7674 23.6032 -1.18555
872 26.3429 24.595 0.80436
873 17.5661 19.817 0.511438
874 36.7694 13.729 -1.93651
875 35.6187 11.4679 -3.10282
876 1.46569 13.8058 2.09753
877 39.9716 2.13268 -3.76311
878 3.71345 39.6198 -3.20032
879 4.94066 33.2836 2.79803
880 1.14271 19.7251 -3.04255
881 3.94959 23.1713 -2.75675
882 23.6915 2.23586 -0.889891
883 36.7828 24.533 -4.0978
884 8.59977 19.2854 -1.73936
885 11.6135 10.4552 -4.04297
886 15.5113 24.5326 -3.76446
887 39.7242 22.9149 -1.96012
888 39.0917 26.9967 3.3974
889 5.22849 10.3339 2.30361
890 16.5576 14.7053 -4.05649
891 19.6786 20.02 0.19299
892 20.5603 3.8951 -3.70895
893 31.0036 28.9377 -3.37091
894 33.5166 32.105 0.552684
895 33.9908 16.1956 2.97604
896 19.0455 3.82013 2.19415
897 37.8599 12.9023 -3.06127
898 19.6413 17.2255 -1.83157
899 7.28224 24.6444 -0.537489
900 13.9521 8.24475 1.32176
901 1.137 37.7599 -3.28453
902 39.2407 31.2925 2.24429
903 7.95083 35.0548 -0.078688
904 19.3298 1.44516 1.12858
905 26.0665 31.9009 0.759403
906 24.1366 23.6792 1.81426
907 16.6508 29.8651 2.79652
908 34.0324 32.3576 0.951112
909 17.2963 6.83047 0.488273
910 30.738 20.6461 2.44053
911 31.0237 27.3189 -1.07065
912 26.0396 23.282 1.67286
913 38.5846 26.7002 2.38516
914 1.96239 25.2993 -0.416627
915 35.8074 35.0328 -0.812975
916 24.2983 17.2529 0.715281
917 6.55313 27.0699 1.49827
918 2.30851 4.41498 -2.79362
919 30.051 16.4505 1.88094
920 11.0599 20.7951 3.18466
921 31.6715 20.0329 -2.93896
922 20.7696 14.1577 -0.137396
923 13.714 30.3404 -0.0765651
924 29.8813 33.0305 -0.503325
925 18.7143 36.4265 3.54588
926 26.8519 35.842 1.35419
927 5.10805 31.8147 0.99933
928 34.37 2.35623 -2.05426
929 39.0606 30.9483 -0.818441
930 11.7823 5.92155 -0.112733
931 15.2398 18.664 -2.87352
932 5.94082 22.4113 -1.58602
933 12.9701 5.57683 1.2005
934 29.9151 27.7844 -2.3485
935 4.751 5.45555 -4.60337
936 15.8783 23.6109 -1.93211
937 12.4293 0.18854 -0.0145172
938 23.8564 22.2752 2.79728
939 22.1714 5.15735 -0.557732
940 19.028 17.3945 0.123936
941 18.458 17.6242 -1.87292
942 7.40602 13.026 -1.43554
943 9.70889 4.56742 2.76842
944 0.1597 33.8917 0.318861
945 6.84305 0.80808 -3.17409
946 18.6782 22.0895 1.08035
947 20.773 3.39905 -3.89772
948 12.8568 2.40855 1.2767
949 4.87741 14.3473 -0.828609
950 34.0364 26.1731 0.446256
951 13.3762 5.66233 1.1138
952 14.9484 14.1457 1.58094
953 30.4324 17.1105 -2.88741
954 5.49578 39.4315 -1.19994
955 38.8166 7.38666 -3.00673
956 29.7276 10.471 1.24822
957 31.418 21.1663 3.80628
958 5.36811 33.0154 1.33038
959 26.3875 39.8226 -0.365696
960 4.09472 39.6172 0.0432024
961 1.35381 24.956 -1.33622
962 13.3886 33.8466 0.516612
963 17.7689 36.3241 -1.39217
964 2.18746 4.53857 -2.89696
965 34.2082 22.9682 -2.08458
966 10.9187 20.3481 1.22544
967 22.8373 38.9252 -1.50531
968 31.1357 23.6673 3.3396
969 15.5333 4.81853 1.57416
970 28.9871 34.387 -3.10138
971 28.9139 14.4527 0.248507
972 14.0607 19.483 2.04996
973 11.9074 23.5971 3.26483
974 29.5707 14.6152 -0.388103
975 16.3639 21.52 1.5241
976 2.74602 5.16115 -1.3353
977 4.51551 36.7138 4.046
978 12.6991 27.4895 -0.0808479
979 3.51569 37.9433 -4.19277
980 36.9397 15.3719 1.86106
981 10.4961 20.2306 1.27825
982 35.5702 7.58783 -3.89315
983 26.8481 14.1297 -0.697259
984 7.95203 37.8113 0.791304
985 8.6794 24.3669 4.85719
986 24.5377 14.5527 -2.16419
987 7.85582 10.8237 1.16234
988 39.4868 26.1273 -3.87127
989 25.4711 32.2452 2.239
990 23.1694 17.8766 -2.5371
991 10.4241 26.2389 2.08975
992 39.0241 16.2029 2.27674
993 13.6606 22.2946 -1.62461
994 20.4464 24.5248 3.09488
995 15.563 22.6752 2.80508
996 31.3298 19.7755 0.444142
997 37.3522 16.8537 0.430767
998 38.5557 36.3644 2.29789
999 33.1783 22.7317 -1.76825
