1000
Particles
0 4.40839 35.6104 0.610755
1 28.6535 27.9608 1.47775
2 16.984 5.59758 -1.06544
3 11.7972 2.40791 0.633738
4 22.3332 23.2706 3.00954
5 12.7763 17.1581 -1.95435
6 32.4721 3.1014 -0.277456
7 35.0157 17.3803 -0.178856
8 6.83825 16.5394 2.49915
9 4.07415 23.1148 -0.265908
10 22.1241 2.59339 -0.660403
11 12.9342 29.2635 -0.634086
12 31.5855 35.0589 1.40323
13 19.7183 0.930396 -0.496821
14 20.139 28.5824 1.12206
15 16.5882 30.4199 2.70194
16 25.7725 29.784 1.12033
17 39.5539 24.7475 -2.58663
18 31.9392 15.1084 -1.88679
19 16.5198 27.6588 0.168563
20 2.28001 9.46248 -1.35177
21 0.191719 2.0332 -0.489696
22 5.90936 6.05694 0.189734
23 39.1634 25.662 0.302116
24 34.6296 3.57563 -1.20682
25 0.686996 29.6997 1.82199
26 23.666 32.5924 -0.469258
27 11.2129 7.18067 -2.75685
28 13.842 36.1832 -3.01218
29 31.8479 3.0419 2.90934
30 14.497 17.2332 0.686077
31 13.6127 10.437 -3.18173
32 28.9485 37.9099 -0.459823
33 9.97122 34.5917 2.2627
34 24.7759 27.0107 1.27114
35 25.535 19.7349 1.40926
36 17.4506 2.47898 3.14248
37 32.4668 30.0944 -0.894839
38 33.0176 2.65716 2.51044
39 34.3006 24.6121 1.90636
40 39.6366 37.0037 2.58401
41 14.3931 8.92237 -2.65322
42 33.762 15.3881 -2.87634
43 22.3475 22.0856 -0.557495
44 18.2294 24.4801 -1.79277
45 39.6533 20.6959 0.86423
46 38.7457 7.82612 -1.07181
47 27.1415 15.7887 0.571754
48 5.0611 39.5948 0.410197
49 8.09326 34.1626 2.71003
50 4.35634 29.5974 -4.11247
51 27.4185 5.23296 -2.46082
52 32.5696 9.502 0.291765
53 15.676 6.71581 0.777992
54 23.9858 8.97418 0.0126963
55 10.8813 9.51516 -0.544912
56 11.4593 14.1718 -1.91827
57 9.71279 37.0433 1.76572
58 31.4877 26.4474 0.163188
59 5.04357 37.1431 2.14587
60 6.12971 22.0954 0.0121578
61 26.7 36.0399 3.74978
62 1.4646 6.68056 -3.1574
63 16.4052 15.0627 0.580844
64 31.4263 30.3985 -1.27336
65 9.64757 0.0801766 4.76598
66 0.781379 17.7431 -2.33745
67 23.1019 23.1447 -2.32293
68 39.5656 6.49868 -3.1551
69 10.3862 38.3768 1.6795
70 10.4841 2.14875 2.04403
71 18.5688 14.4135 -0.516265
72 7.11463 13.505 1.16833
73 22.8105 29.0433 -3.99591
74 10.3248 2.45684 3.52384
75 26.8609 32.4254 -2.93718
76 31.7468 1.51177 0.132963
77 9.04124 27.8786 0.08203
78 0.388954 26.7443 -3.31077
79 3.74362 0.184913 1.32543
80 36.4911 14.1423 2.27265
81 15.0649 35.7896 -0.0958307
82 16.5263 14.6363 -0.663003
83 12.9612 29.1343 2.3835
84 24.4411 9.47538 -1.45741
85 2.69863 17.3724 2.11995
86 20.0643 12.8601 3.7193
87 26.7825 36.1168 3.48704
88 11.5439 39.8881 3.99463
89 9.03513 1.97964 -2.15458
90 36.6043 31.8963 0.332129
91 24.7049 14.2959 -2.27391
92 19.8994 27.7844 1.78725
93 12.6032 38.9961 1.8512
94 15.8241 25.9929 0.801468
95 15.7396 2.60148 0.173584
96 9.03037 1.33443 -0.744977
97 24.0561 38.1824 3.09537
98 3.36383 21.1289 -0.211248
99 12.8666 3.39064 1.03379
100 37.0298 22.7842 -0.239755
101 16.9568 22.7071 -3.19982
102 24.8975 37.9268 0.835413
103 19.9556 39.7695 2.27967
104 20.955 10.09 0.94257
105 11.8101 38.6464 -0.164093
106 33.6935 24.0667 2.71365
107 16.9309 20.9619 0.50619
108 39.8339 24.0358 -1.19985
109 34.8719 30.6676 -2.28859
110 37.795 33.7911 1.9556
111 33.1802 32.3895 -2.58505
112 35.2146 4.87674 0.94035
113 35.9246 38.3707 -3.28632
114 32.5731 20.8832 -1.44062
115 26.5609 17.5321 -3.10319
116 16.291 30.2192 4.35593
117 32.0716 32.2873 -3.66928
118 22.1427 5.35907 -1.085
119 31.9219 11.2439 3.52181
120 29.0495 32.9258 0.776831
121 17.9687 14.8522 -2.49468
122 29.4447 27.007 0.104788
123 11.2278 28.7705 3.48972
124 15.4108 1.26715 1.17006
125 23.3617 5.91922 -0.498268
126 31.3135 38.7809 -0.993918
127 32.7419 3.97157 2.49064
128 25.6328 4.67828 0.894694
129 2.3996 16.222 -1.31166
130 21.7548 12.4657 1.72896
131 20.6614 27.6435 1.58224
132 15.3523 0.041748 -0.729607
133 0.0394707 0.0816285 -2.50994
134 10.4891 33.8304 2.59126
135 17.3792 2.59024 3.04578
136 30.5508 1.36172 3.59111
137 25.5758 23.0637 -0.448866
138 4.34984 16.6499 0.0792392
139 15.4631 35.3805 -0.323646
140 30.8621 1.34066 1.43753
141 27.2248 0.862774 2.26711
142 18.605 14.0001 3.04552
143 19.2651 18.5836 -3.82797
144 37.4943 31.8004 -2.73615
145 22.8248 27.9733 -2.01572
146 35.5384 13.075 -0.785831
147 34.4128 30.9133 -2.31905
148 28.9669 9.50885 -0.553896
149 13.0504 16.6464 -0.326006
150 10.8079 25.0506 2.42744
151 31.4814 0.668727 1.74155
152 19.188 9.53929 -1.46796
153 13.4836 7.4586 -3.28269
154 26.2412 39.1338 -1.65499
155 1.44542 24.6676 -0.0736664
156 0.722097 24.7581 -0.403256
157 18.1554 2.11022 2.44026
158 12.9356 6.47561 -3.97748
159 25.5506 32.3775 1.51134
160 9.78853 21.9807 1.52557
161 11.2331 23.9233 -2.44218
162 24.5533 22.953 -0.358176
163 14.823 15.9869 1.06598
164 22.507 8.58208 -1.94641
165 33.6391 3.6869 1.72704
166 35.8959 2.70035 -0.843829
167 2.69538 34.7443 -1.54879
168 33.1116 30.0431 -1.34412
169 3.11354 4.13437 -2.80732
170 31.3823 37.7867 4.27219
171 22.5314 29.1434 -1.98377
172 11.5744 17.1728 -1.30706
173 33.3364 31.654 2.17754
174 23.5478 7.95505 -0.521551
175 0.565612 11.3001 -0.535295
176 24.4242 21.7532 0.847438
177 10.5775 3.35632 1.31037
178 34.6275 27.8617 1.95447
179 21.6766 11.9713 3.77032
180 17.6918 7.02138 -0.262451
181 12.1859 26.5966 0.249824
182 15.9426 27.6403 -0.478672
183 1.05582 22.0926 -0.132862
184 2.35722 39.2125 -4.10514
185 12.7202 10.0498 -0.325725
186 22.1608 37.4195 -1.394
187 33.8059 8.57368 0.0400258
188 15.0467 8.80235 0.05384
189 8.76508 19.5193 -3.42632
190 26.3119 17.82 -0.518545
191 16.7211 23.77 2.83607
192 1.93007 37.9379 -2.96905
193 20.6373 26.8509 2.49275
194 18.8998 22.894 -3.84035
195 5.32874 17.9503 2.66395
196 34.8971 2.17545 -2.63277
197 10.2736 37.435 1.93665
198 31.2487 21.6568 1.66692
199 20.1317 12.2555 0.764795
200 35.8379 35.6346 -0.327489
201 2.24606 13.736 0.919763
202 11.9325 14.3808 -1.01372
203 19.3221 20.5379 0.268868
204 31.0153 25.0439 1.51464
205 7.44384 31.134 -2.25693
206 5.36703 2.26066 -0.657214
207 34.4053 2.53954 -0.930695
208 36.8332 22.4151 -1.51395
209 2.29607 1.69525 -1.92712
210 23.9397 22.277 2.80841
211 34.1449 19.2841 -3.96371
212 32.0297 34.7057 -4.02906
213 38.7003 39.2782 -2.48751
214 25.7652 24.2778 -0.879097
215 3.158 14.2305 -0.421374
216 31.8818 29.0544 2.35497
217 12.9955 6.72286 -2.10519
218 7.45975 16.6765 2.73803
219 26.0227 38.6809 -4.29831
220 14.7956 6.75883 1.94558
221 18.9522 22.4095 -3.98559
222 37.0299 31.1393 4.29362
223 15.1232 23.5951 -1.68646
224 5.70552 28.7127 -1.05156
225 1.86773 8.25351 1.04979
226 26.6766 14.8354 1.46911
227 10.0563 8.34429 2.45248
228 15.3914 1.53622 1.10794
229 4.37569 26.6038 2.40317
230 33.5372 38.3589 -2.07316
231 19.4896 28.1055 1.46626
232 35.8685 32.4995 2.19149
233 35.6982 4.00929 0.0769071
234 39.4716 9.91181 1.62905
235 3.79663 10.8631 -1.2783
236 17.9857 7.82682 0.434952
237 16.1246 27.6281 -0.172113
238 14.4916 10.757 -0.773226
239 37.8125 9.5308 0.11152
240 17.6775 14.5219 -0.0377194
241 36.1307 27.2255 3.23408
242 32.7014 3.15783 1.77816
243 31.2333 34.589 3.26488
244 5.0251 5.24964 -0.0906621
245 16.4983 27.693 -1.08367
246 25.8983 7.79534 1.41756
247 5.18908 4.91033 -1.052
248 9.1609 26.5769 1.47361
249 8.16967 1.67391 -0.758044
250 24.4086 4.81897 -0.997758
251 28.1013 3.6461 -3.65347
252 28.6281 15.5212 1.49591
253 31.2972 15.4358 -2.34966
254 9.19996 38.5088 1.70184
255 28.4219 20.4032 -1.19695
256 2.23879 0.591134 -0.680198
257 27.3628 17.6276 -2.50386
258 33.3001 2.0829 0.714168
259 36.357 19.3598 3.32617
260 0.754558 2.6054 -0.532532
261 32.036 19.5202 0.874217
262 28.4403 36.3002 -0.370218
263 2.28573 30.6692 -3.61449
264 12.9333 20.1329 2.1388
265 4.31992 27.5757 1.86049
266 4.12479 15.9722 1.32741
267 7.48442 16.917 2.96953
268 19.0036 18.4991 -3.31173
269 38.7743 35.0759 3.60037
270 32.7664 15.0962 -0.00473891
271 1.73775 14.0929 1.3758
272 21.0937 20.4599 -0.889264
273 33.9982 29.682 -3.39827
274 9.74642 38.7395 0.431305
275 9.55933 30.9867 -1.72355
276 31.4071 18.3724 -1.411
277 2.28959 21.6547 1.61125
278 3.40622 14.1165 1.03149
279 15.9509 29.0888 0.216869
280 4.32619 30.3061 3.1896
281 24.3395 25.5509 -1.18299
282 12.0422 18.6602 0.527532
283 27.2901 4.84806 -0.991019
284 31.5286 15.5565 -1.08075
285 8.08091 34.3709 1.8296
286 39.6579 6.19776 0.0223957
287 12.387 13.7536 -2.1433
288 0.329531 1.04434 -2.75639
289 10.9091 34.0153 -0.249571
290 30.8793 24.7587 3.65984
291 17.226 2.82849 0.65462
292 28.4587 20.2276 -2.37407
293 20.2953 8.19663 -1.62297
294 32.8127 29.1841 1.68427
295 16.7907 14.8053 0.659156
296 23.2077 28.9036 -1.26165
297 37.6052 31.4519 -4.24574
298 21.1398 1.38163 -0.792807
299 17.2181 26.2953 -2.02724
300 16.2324 12.8244 2.56794
301 21.7001 27.1198 -2.29303
302 22.2498 3.38129 3.11094
303 2.24333 15.8887 0.781851
304 13.1932 31.7395 1.36482
305 2.6315 22.3982 2.42851
306 24.1369 19.1581 -2.02076
307 13.5679 20.0482 -0.447947
308 8.54724 29.8859 0.507229
309 22.7306 1.61867 -1.3958
310 14.7231 20.8988 2.72267
311 22.3208 26.1185 -0.90352
312 38.9487 26.6504 -3.44714
313 24.4616 6.05756 -3.80257
314 21.2843 39.5441 0.159242
315 2.40979 36.4977 -1.53288
316 28.6373 37.4322 1.17486
317 17.3672 27.5676 -3.38613
318 25.0287 32.106 2.08177
319 5.93225 4.53179 2.9163
320 13.3012 19.7723 0.303203
321 28.7368 11.6289 4.50939
322 2.16841 38.1698 -4.0711
323 38.9789 35.3199 1.87398
324 25.8198 14.7348 0.0169676
325 10.7829 29.392 0.310513
326 13.0903 6.69326 -2.49382
327 11.296 34.4654 -1.01035
328 14.1594 31.3002 -0.311597
329 17.1479 15.668 -0.667452
330 3.15419 9.65522 -2.44699
331 22.684 6.89523 -1.55233
332 35.5483 2.8379 -1.35273
333 33.6551 28.5301 -1.02619
334 12.4477 8.56422 2.65037
335 1.83336 34.7054 0.561695
336 24.305 7.67695 -1.56285
337 10.7808 21.7924 -2.84109
338 25.3461 25.0541 -1.27319
339 3.56475 29.6253 -0.357376
340 19.3855 12.265 4.1821
341 31.5624 27.2405 3.79487
342 18.0394 10.223 0.710182
343 7.9653 16.4463 1.60057
344 13.6476 1.82927 3.95406
345 1.50196 33.4618 3.90459
346 17.0376 11.2846 -0.533778
347 7.4212 37.7195 2.14564
348 11.7647 13.3961 -0.244666
349 20.7256 23.5902 -1.98964
350 7.51712 17.0636 -0.222364
351 37.4929 25.1406 -1.45181
352 27.6668 21.6644 1.21485
353 23.5042 15.7617 -2.16323
354 0.609883 30.9216 -3.66379
355 16.3252 20.8386 2.86231
356 1.90097 34.5514 2.8792
357 7.64042 8.51993 -0.609403
358 16.1396 11.0009 -1.66282
359 26.3965 22.0273 3.22828
360 32.1978 29.4949 0.55024
361 28.0932 32.042 -0.42701
362 30.7938 29.2106 3.50852
363 33.0721 15.2414 -0.508836
364 15.6507 13.6098 0.357653
365 38.6175 34.4835 1.38681
366 7.59791 39.6812 1.63434
367 3.64541 39.4097 -0.397226
368 23.1051 6.53179 0.23585
369 20.6871 8.95939 -3.38987
370 24.4951 33.4893 4.46428
371 38.7406 14.7178 -1.08127
372 20.5096 25.1334 3.52372
373 15.972 19.9001 1.97433
374 9.82588 14.2812 -1.91473
375 8.46639 10.652 -3.32959
376 36.5524 31.3662 1.45297
377 33.1302 9.38761 -0.730325
378 17.449 6.37106 2.23664
379 1.35113 36.8458 4.38464
380 34.9097 0.237044 1.3234
381 18.1565 39.1024 -1.11013
382 1.32171 13.1016 1.79612
383 19.4517 24.9065 -2.19748
384 30.986 7.12978 0.714362
385 20.5068 25.4786 -0.554868
386 25.6465 9.87466 -1.56926
387 2.07273 1.84762 -1.09818
388 33.2429 32.9496 -2.28629
389 18.4066 35.4074 -1.38776
390 32.6839 5.28214 -2.2237
391 13.3983 10.8114 -0.8782
392 23.7043 14.514 -4.14213
393 20.5569 0.112184 0.383119
394 30.7081 13.1728 0.61858
395 0.247989 11.7008 0.0481269
396 19.6172 0.690101 0.537943
397 4.33995 20.0846 -0.770394
398 27.1498 33.0754 0.867773
399 29.201 14.5986 1.13317
400 3.58256 3.63147 4.04407
401 31.0808 28.0782 -0.0786254
402 2.19326 9.80597 -0.363476
403 8.45171 28.7374 -2.05087
404 24.5014 29.8651 -4.25601
405 6.63542 23.6774 -0.427289
406 16.9426 11.1715 -0.433143
407 0.101957 10.9518 -2.84208
408 14.4685 6.15535 1.01755
409 29.1181 12.4345 3.48472
410 20.1299 26.2159 0.160282
411 17.6239 36.0556 0.387351
412 4.59351 4.4076 -0.862376
413 4.73048 21.8079 -0.372173
414 9.92433 2.87749 2.93872
415 10.1301 25.3689 -2.22969
416 2.53047 30.9319 -1.48233
417 2.29826 39.7153 -1.15919
418 24.7993 22.8735 1.47106
419 24.7814 10.1505 -2.76465
420 24.6364 2.28425 -2.05234
421 9.94225 13.6018 1.20572
422 10.3725 14.0188 -1.7799
423 1.84999 8.45654 -0.601041
424 23.7659 16.4675 -0.858049
425 21.093 0.803249 -0.757937
426 10.2571 16.2439 3.73539
427 21.1915 26.5576 1.61812
428 10.4323 1.60302 2.9968
429 35.9075 3.77289 2.7096
430 12.0027 16.2736 -2.62056
431 5.51391 9.72027 -0.748276
432 15.2207 30.7764 2.9449
433 26.5892 20.905 -0.317221
434 13.9857 21.0875 3.54143
435 37.9364 32.2533 -3.55943
436 34.2369 30.6293 -1.16115
437 7.96871 4.40543 1.00477
438 1.49481 0.185502 -0.300419
439 36.1795 22.0103 -3.05185
440 16.8248 9.91244 -2.65564
441 23.2543 34.9767 -1.6356
442 16.4641 12.0755 2.12156
443 19.0958 26.1193 0.573301
444 12.6844 23.1664 -4.81258
445 14.1261 19.7403 -0.665535
446 21.9056 5.66408 -2.27102
447 12.5759 9.65967 -2.67841
448 30.9518 19.855 -0.0757008
449 14.8919 18.26 2.44748
450 7.06863 22.5129 0.0950468
451 33.8017 19.2632 -2.45785
452 10.6984 6.98757 -1.49064
453 4.60838 17.3897 0.577802
454 35.5843 11.8916 2.09297
455 22.7578 0.553962 2.28126
456 16.7464 15.2519 -0.514555
457 25.9778 13.479 1.23561
458 20.5634 20.2337 0.879927
459 19.4124 0.269545 0.619777
460 7.68448 38.8539 2.48316
461 10.3587 1.90515 3.39132
462 25.13 22.7943 -2.55976
463 2.91803 30.6297 -0.800302
464 26.6865 37.1245 2.00708
465 32.6075 7.32224 -2.33117
466 33.832 24.2987 1.93284
467 9.23816 32.2819 -1.61724
468 10.118 32.6373 -3.524
469 26.7777 34.3976 -3.03469
470 10.8868 13.5637 -1.37645
471 28.4723 29.6325 -3.72188
472 16.0317 3.11259 2.95759
473 16.8487 2.25888 1.62029
474 5.04999 37.2419 2.9893
475 30.9719 37.3877 3.30954
476 14.6464 19.1016 0.376551
477 8.73278 36.4428 1.39031
478 31.8429 26.3736 0.843339
479 34.3288 30.8967 -0.735074
480 36.8082 29.4184 3.35139
481 33.0066 3.02513 2.7754
482 12.5208 38.0756 -1.36338
483 8.34075 36.5773 4.6665
484 22.7142 0.95275 -2.37121
485 1.73668 35.5366 1.07521
486 15.9284 26.0317 0.103785
487 28.1382 30.7466 3.10749
488 1.92256 9.395 1.14375
489 21.5613 8.51992 -1.90129
490 36.1453 6.77539 -1.94058
491 18.1617 14.3089 0.0657965
492 21.7947 37.3142 1.67415
493 39.2055 29.2597 0.61125
494 5.46166 18.4468 0.509535
495 38.703 9.89389 0.271468
496 23.6565 33.3397 -0.356822
497 13.7923 32.781 0.00194236
498 18.8381 11.7005 -2.43075
499 8.85747 17.2946 0.192388
500 11.8515 8.46394 3.95009
501 35.0616 8.27979 -2.54818
502 5.43402 2.60453 -2.54903
503 22.169 26.6862 -0.539506
504 4.36613 0.537936 0.399734
505 13.9425 9.33848 -1.56482
506 25.9627 25.2949 -0.462374
507 20.6842 10.8968 1.95399
508 11.4133 29.4102 0.15462
509 19.323 39.1238 1.62081
510 34.8731 8.23898 -2.27806
511 23.5375 28.9813 -3.67382
512 32.9067 29.6789 -0.0709205
513 18.4391 24.4092 -1.716
514 3.83857 34.7599 0.445241
515 16.3186 15.0858 -0.0859156
516 18.16 35.5716 0.31085
517 14.3764 16.6845 -0.447282
518 38.7784 38.6493 0.498009
519 23.4372 23.0931 2.24514
520 2.4155 8.21239 -1.1345
521 0.308647 37.8881 2.07355
522 29.1667 22.1056 -2.27765
523 12.9692 18.0908 -0.984747
524 15.9043 21.3155 3.43637
525 12.6062 16.4774 -1.10881
526 17.7281 26.2259 -2.54362
527 13.1673 6.51257 -4.58638
528 19.8994 7.56254 -0.303725
529 32.7434 32.3298 -1.7564
530 30.9907 16.5411 -3.74692
531 26.3103 39.0189 -3.30212
532 20.8005 0.324008 -1.08469
533 0.389168 30.9824 -4.59342
534 7.12058 28.297 -2.10738
535 29.5679 7.78835 -1.38569
536 33.5094 12.9605 -1.09067
537 2.70469 23.4096 -1.56743
538 19.8448 39.821 0.782368
539 19.0372 16.364 1.22828
540 37.2535 18.666 4.51624
541 21.2122 23.3234 -3.73176
542 33.7738 38.3904 -1.66979
543 7.62532 20.1871 -3.58332
544 36.4283 32.1425 1.26077
545 1.71735 18.5544 -2.4815
546 33.4317 39.7813 1.42614
547 4.19803 10.9945 -3.27118
548 34.9028 34.2581 -2.12083
549 39.5928 27.4392 -1.76475
550 37.6117 31.5301 -3.46081
551 37.1034 10.4835 1.58689
552 13.0833 2.11455 1.34246
553 9.85892 30.13 0.602154
554 10.6996 0.816188 -3.0296
555 33.0493 8.25852 -0.936256
556 2.03552 15.7131 1.53386
557 11.6915 12.5412 -3.39266
558 27.8791 5.0804 -0.461452
559 32.9947 34.7364 -0.0317553
560 36.8501 24.8487 -2.87502
561 3.79827 36.792 3.14786
562 9.95923 21.8798 1.71458
563 6.33335 11.0145 -0.0714081
564 6.7436 24.7992 -0.604598
565 4.58152 20.398 0.54031
566 19.5419 39.7945 2.15796
567 31.7864 18.826 1.72966
568 2.14224 6.62312 -2.46933
569 30.102 30.0804 2.00122
570 6.60371 30.5907 -2.17853
571 14.4438 9.75012 0.175831
572 24.7422 24.5943 -2.66322
573 19.8944 29.6746 -2.60383
574 10.4496 23.7268 -0.39111
575 9.15589 14.0995 -2.38109
576 5.56087 5.26475 1.47913
577 19.7163 35.2655 -1.6714
578 11.9361 34.7875 1.82609
579 16.37 15.6277 0.39658
580 7.59655 26.5488 -3.38896
581 5.6212 26.5792 2.48722
582 16.1664 23.2008 3.77043
583 20.595 27.5097 0.333873
584 3.92698 14.0377 0.032891
585 1.9097 22.243 2.83812
586 24.573 21.571 1.04782
587 30.3025 35.7779 -1.79927
588 19.2387 38.9608 3.49759
589 24.2892 10.4518 0.847656
590 1.7805 6.34965 -2.80532
591 12.0274 29.0317 0.787483
592 22.374 26.4225 -1.16497
593 11.3611 17.6 0.950119
594 6.0013 5.45105 -0.468063
595 32.8332 29.1289 1.94258
596 2.31425 37.5498 -1.99391
597 28.8548 12.6638 1.54004
598 1.80472 13.6687 0.394247
599 9.75398 0.794288 -0.358411
600 39.1815 38.0728 0.491018
601 19.3656 37.3114 2.72431
602 16.9513 15.1605 1.52224
603 18.6316 6.46779 1.19474
604 31.1073 32.9946 -2.2304
605 19.0282 23.5967 -0.386014
606 37.7119 30.8676 -3.29335
607 39.7795 9.87503 0.253727
608 6.04597 2.74828 -1.77902
609 25.4476 11.2498 2.68045
610 31.5545 29.8601 0.507258
611 36.5198 23.5936 -2.8496
612 16.7222 7.26089 2.16275
613 16.1361 9.01629 -2.65174
614 35.0595 35.7088 1.05863
615 35.4575 3.85835 0.648851
616 34.8265 19.0291 -1.00453
617 22.9601 28.1513 -1.42099
618 3.06862 0.948869 -0.389796
619 23.3111 28.2547 -1.72791
620 36.3052 1.96713 -2.0765
621 25.1365 20.9956 -4.26435
622 29.7351 5.33673 -2.37411
623 15.8382 19.5567 3.61349
624 2.48732 8.51233 0.608005
625 12.9538 6.36441 -1.52028
626 2.57234 1.43349 -2.36781
627 7.1064 36.8571 3.40396
628 17.9937 7.55293 2.12982
629 24.4441 7.33662 -2.69149
630 2.83319 4.51801 -0.62681
631 31.0322 0.311111 -0.763202
632 35.7369 32.2974 -0.492541
633 5.57866 20.9292 -0.868518
634 38.0826 11.2834 0.748862
635 25.6922 23.2222 -2.29626
636 19.8398 13.0414 2.05137
637 9.75263 31.8194 -0.944787
638 31.3202 32.2496 -1.148
639 25.3018 23.4409 -1.49168
640 6.04115 19.4852 0.829627
641 35.0784 8.48834 -1.38465
642 14.9786 32.9386 2.33918
643 28.3103 34.9789 -2.33093
644 11.0518 38.6898 -2.58453
645 6.23769 6.75406 4.18198
646 12.6315 4.20987 0.398513
647 10.1424 2.36172 2.49046
648 25.8512 32.5358 1.39608
649 14.2227 10.0558 -2.19615
650 27.291 23.0303 2.32464
651 29.6409 20.5436 -3.47646
652 4.07127 29.3033 -3.4887
653 6.1302 36.6877 -2.3093
654 25.1593 18.2465 -1.24867
655 28.1785 32.9415 -1.02634
656 14.7344 9.22094 -2.90558
657 30.4389 10.4933 -0.594268
658 5.75859 26.8717 -0.710254
659 2.27157 3.7536 2.13249
660 27.6699 19.7374 -1.88335
661 4.08778 17.3082 0.269327
662 37.6555 38.4009 -3.32764
663 0.498777 18.6064 -1.37594
664 36.0077 21.5899 -1.31256
665 37.0966 32.873 0.764902
666 27.5293 0.677495 1.08601
667 32.7853 29.2998 -0.950798
668 8.89132 33.2302 3.20211
669 8.99517 33.6849 3.26504
670 33.1065 31.7064 0.299853
671 37.2192 0.00709893 -1.26438
672 13.8477 36.19 -2.28531
673 1.83059 11.5813 -1.13601
674 5.96078 20.7453 -0.307991
675 28.4138 12.03 2.46694
676 0.920317 6.82258 -3.09894
677 9.02801 18.3007 3.83516
678 23.7454 2.14594 -1.1231
679 20.0649 24.6156 -2.089
680 26.4913 36.7774 3.96689
681 15.347 33.3145 -1.69105
682 37.3927 38.4033 -3.11773
683 19.5966 25.9804 -0.626681
684 7.8138 24.4932 1.70342
685 24.5878 22.2538 1.15864
686 39.0448 32.4434 -0.980497
687 21.2358 20.1364 -3.32022
688 25.1442 11.6162 3.15787
689 7.79053 5.21248 1.82494
690 8.85659 6.90379 -0.0242921
691 17.9095 32.9777 0.417411
692 27.3039 16.0342 -1.61573
693 2.15006 23.3248 -0.391534
694 30.9504 15.4074 -3.15737
695 12.5819 29.5333 0.709255
696 17.4615 21.8903 -1.59787
697 23.1581 3.57044 0.0950357
698 2.47028 7.45087 -1.69325
699 38.9204 29.1535 2.69939
700 6.91699 1.19067 2.52198
701 13.46 0.568695 1.08964
702 8.16792 36.4574 1.7169
703 2.42414 10.1373 -2.90766
704 30.5878 0.280816 1.93706
705 4.33086 22.5228 1.71782
706 33.8265 33.0798 -2.81195
707 20.4753 0.887934 1.2902
708 39.4674 25.5378 1.34869
709 29.1334 15.1484 -0.648004
710 13.1777 1.13672 3.42139
711 35.5603 32.5017 0.283257
712 31.2847 25.4778 3.82463
713 38.9729 18.2341 1.20303
714 30.6437 38.9997 -2.36098
715 35.3067 28.9835 -3.13802
716 17.1965 32.3371 1.64433
717 16.9374 30.6924 1.58882
718 2.47145 26.8202 -3.09186
719 8.51901 29.4842 0.130643
720 17.9992 18.6946 1.42764
721 19.6746 35.6611 -1.75707
722 2.77575 4.23948 2.83374
723 9.24098 37.9912 0.708821
724 20.7449 1.49462 1.20754
725 26.4505 31.3969 1.78587
726 0.498325 26.7268 -2.20677
727 13.2922 20.8167 2.52482
728 1.53475 30.5248 -3.64306
729 15.6483 2.50492 2.5037
730 23.7278 9.1637 0.0658401
731 0.182655 19.0559 -4.3014
732 22.0111 39.4252 0.632266
733 23.7864 30.0444 1.95721
734 39.4657 7.82153 -0.470875
735 14.6136 32.3745 2.58438
736 24.1718 24.5355 -1.01179
737 0.62318 32.396 -2.94794
738 18.5236 10.3399 -0.0851404
739 12.2545 17.5303 -0.878345
740 30.603 21.1364 -0.270112
741 2.5836 21.5364 0.189119
742 16.2183 22.826 2.37412
743 26.4854 19.9467 -3.80149
744 29.8868 20.9603 -3.08867
745 21.4334 36.6427 1.97941
746 16.5415 8.91772 0.240075
747 16.4537 28.0673 0.517505
748 13.9162 32.9014 1.00076
749 13.0099 1.87673 2.03027
750 7.5344 34.0497 1.7646
751 37.7951 32.8562 -4.11119
752 9.25903 21.037 2.82029
753 24.5874 22.7877 0.299488
754 26.5084 26.5456 -1.56866
755 35.0347 4.95105 2.37516
756 12.1442 9.70393 -3.08817
757 3.25039 33.2385 0.420454
758 1.99916 15.4167 0.64531
759 9.87662 27.8338 1.10884
760 38.0739 27.8344 0.424236
761 5.96061 13.3207 -0.553058
762 19.6504 25.5294 0.508225
763 5.08679 0.948182 1.8275
764 15.1484 16.8785 0.324009
765 0.400232 20.2801 -0.604343
766 12.3323 10.4569 -2.8237
767 35.87 12.3903 -1.7912
768 8.33025 24.3824 1.59852
769 10.2864 32.7143 4.29811
770 7.43203 28.4928 -1.44267
771 11.8398 18.6759 1.33731
772 9.81453 30.7738 0.986332
773 32.6519 29.9552 -0.727221
774 38.2972 32.0826 -3.64733
775 15.3786 7.22978 -0.247994
776 9.22068 11.7462 1.78901
777 32.7767 26.1579 2.09863
778 32.8247 30.5676 1.10354
779 18.4366 4.54286 -2.98819
780 37.9322 7.0964 2.58142
781 14.1443 32.3972 2.87231
782 6.67908 7.27869 3.92354
783 16.268 15.1654 2.29826
784 33.8125 0.412553 1.09183
785 19.37 13.6186 1.36288
786 8.54278 16.7416 3.88092
787 0.943553 5.29122 0.0978561
788 2.04247 26.6825 -0.175559
789 0.995095 3.33849 -2.21429
790 10.2165 24.9145 0.285571
791 7.46236 21.0452 -3.41382
792 10.5653 17.3774 -1.8322
793 18.2669 38.421 1.64053
794 21.9294 24.3371 1.28114
795 1.08348 1.05575 -1.26275
796 12.3663 14.4448 1.48375
797 37.5707 33.5921 2.5273
798 35.7444 11.2749 3.08435
799 32.4485 3.21988 -0.410186
800 38.6929 11.288 -0.708805
801 18.1463 22.0778 -0.700308
802 34.4487 24.7321 4.50544
803 10.3139 0.0242139 2.23303
804 1.64869 19.4092 -0.64684
805 2.47701 25.7395 0.431181
806 7.15488 29.8979 -1.99593
807 26.8689 17.6297 -2.65615
808 16.5988 31.3298 2.73078
809 26.5628 26.8743 -1.8364
810 19.144 27.4515 2.62932
811 39.5819 24.4918 -1.68553
812 8.24458 3.22568 -2.65678
813 6.86982 10.8636 1.05341
814 28.2295 37.1928 -1.97872
815 24.3237 19.1048 0.594705
816 17.0478 39.3836 -1.85073
817 17.9324 34.3934 -1.59236
818 2.40977 1.55583 -1.06927
819 30.8599 8.6331 -0.589145
820 9.82755 39.8989 1.21851
821 12.5905 6.11565 3.05748
822 5.08494 36.4132 3.08932
823 18.1109 3.31429 1.33416
824 25.7766 14.1973 -1.77386
825 38.8502 0.942583 1.03714
826 3.05388 15.5968 -1.63614
827 37.5014 9.88848 0.430064
828 14.9435 18.6237 1.89834
829 11.252 33.9819 2.39584
830 12.2949 14.1894 -1.52651
831 23.5804 33.8254 -1.63437
832 33.8016 0.609693 -0.622863
833 17.9886 15.9394 0.581246
834 15.8237 9.47547 -1.72664
835 2.27761 30.1542 -0.674303
836 16.6794 29.4565 0.541865
837 30.3616 36.6402 -0.463629
838 16.655 3.36306 2.75147
839 11.8612 13.0299 0.121265
840 23.9046 17.0471 -3.10671
841 26.5882 36.8625 1.89693
842 24.6075 34.8215 -0.70194
843 20.6524 1.42157 0.563132
844 6.27434 24.1782 0.0805177
845 7.31836 30.4954 -2.67003
846 4.58237 17.8718 -0.892403
847 1.58501 24.9356 0.394676
848 22.1032 25.0685 2.29824
849 19.8355 18.0532 -3.56801
850 37.4764 31.9627 -1.33544
851 6.30804 0.919946 4.22487
852 32.6137 24.2522 0.515681
853 17.5072 17.9652 3.38895
854 6.37389 37.2683 -1.93136
855 12.0121 36.7009 2.56831
856 10.2264 29.7994 1.67828
857 11.656 33.1682 0.260325
858 31.1806 30.1971 2.70866
859 10.3511 33.6332 0.0525586
860 0.146911 18.9911 4.57926
861 5.20866 17.5431 0.578559
862 5.05429 25.0592 1.77739
863 16.7965 10.6814 -3.53365
864 10.9183 6.97366 -0.97238
865 20.7793 28.4817 2.21477
866 28.9033 38.0057 -1.33934
867 30.8904 25.4357 1.97079
868 32.1596 31.3444 0.675245
869 0.28167 18.2304 -3.93733
870 39.3802 5.06796 -1.69372
871 16.7038 21.1845 1.90839
872 35.5702 16.5421 2.92588
873 9.70531 18.7995 2.23251
874 20.794 11.7413 1.2362
875 32.9698 3.17477 -0.346945
876 21.8963 26.1789 1.20491
877 0.190557 13.5414 -4.53898
878 39.6156 2.95881 -0.918792
879 8.68034 37.3132 3.04196
880 32.9014 24.8912 2.10827
881 12.5224 22.8575 -4.41214
882 26.6337 4.59282 -1.62261
883 36.5536 28.4717 1.99861
884 36.05 12.6297 -1.23992
885 13.5201 6.96573 -1.12178
886 19.3019 18.1627 -1.60283
887 4.99555 21.7949 -0.388693
888 30.2826 31.405 -0.122845
889 36.7724 6.18971 1.48514
890 14.7012 9.3617 -0.538748
891 22.126 23.4856 2.45093
892 27.8601 13.0433 -4.02878
893 32.4276 20.3805 -2.83748
894 22.3711 27.3885 -2.90852
895 32.6847 7.77934 -2.13799
896 14.5137 0.421108 0.336062
897 3.42162 13.3232 -1.47493
898 26.2279 17.8397 -3.87107
899 10.0556 26.0371 1.2661
900 10.34 39.0491 0.216036
901 1.24414 0.213026 -1.13253
902 5.18293 28.465 -1.20508
903 18.126 34.1568 0.975617
904 19.1768 37.5942 -0.862234
905 33.5062 34.4648 2.27638
906 18.9063 12.5232 4.05861
907 11.6817 26.5286 0.494649
908 31.496 0.792875 -0.216235
909 11.0766 0.25691 3.32901
910 3.31979 23.5706 -1.24394
911 36.4198 2.75406 -0.49824
912 25.289 18.5011 0.0692056
913 34.9785 35.678 -0.672905
914 37.7918 24.3804 -0.437865
915 37.6284 0.162999 -0.745778
916 38.6406 17.1101 -1.41246
917 15.2344 23.8851 -0.612252
918 34.9623 6.35579 -3.58047
919 22.2665 30.5138 -4.1516
920 1.71692 21.567 1.90451
921 35.6649 18.7509 1.19485
922 24.3956 16.3226 -2.05946
923 6.43313 24.8835 -2.44673
924 32.5715 26.2504 0.426369
925 16.0141 14.7273 1.31565
926 15.4197 7.89128 -2.89424
927 36.6593 31.6245 2.22009
928 34.4432 0.525042 0.926576
929 12.9603 28.5506 1.63421
930 8.34017 5.13358 2.05101
931 11.1159 25.9312 2.40512
932 33.4611 20.8415 -1.0695
933 20.1332 0.810847 0.995071
934 27.9997 16.0844 -0.75082
935 6.4743 10.1627 -2.61028
936 15.7228 18.6979 1.06966
937 19.8645 3.03495 3.80211
938 16.3881 19.4878 2.30761
939 8.56323 3.18927 -1.65699
940 15.5121 23.4888 -0.689927
941 31.9771 26.1112 0.59144
942 4.66838 18.8779 2.09896
943 13.1271 5.54351 2.94587
944 10.6927 6.03259 1.06761
945 4.15956 10.2513 -3.95536
946 14.8831 21.3566 1.4622
947 12.5641 9.44414 -2.26708
948 23.0695 6.11296 0.134381
949 7.91381 9.89706 0.448993
950 8.29039 29.9663 0.976722
951 10.3602 3.65397 1.32512
952 11.7797 20.9103 -4.16343
953 35.3856 24.2278 1.88377
954 10.6581 30.805 1.27166
955 7.19891 2.84985 -0.631545
956 24.3557 15.0149 -1.40788
957 38.511 17.8555 -0.460647
958 4.63674 2.65598 -3.19088
959 37.8586 15.9408 0.350584
960 10.7244 29.5452 0.140329
961 5.40098 27.6521 -1.69889
962 12.4353 28.0837 -0.443133
963 9.3481 39.7548 4.01666
964 1.01713 8.8609 -1.25585
965 38.4061 31.138 -0.602365
966 15.4965 10.907 0.702462
967 19.0452 39.9018 3.70606
968 37.0764 13.5577 0.5578
969 18.1903 6.10322 1.49647
970 15.6829 1.29053 1.46102
971 16.1326 21.8446 2.60309
972 13.3615 17.3805 0.0409657
973 1.30743 17.4151 -1.72295
974 38.1233 28.4506 1.03242
975 8.2847 20.2491 -0.900945
976 7.4101 15.9131 -4.41539
977 3.54899 0.688968 0.919403
978 9.53192 37.4719 1.81133
979 8.91465 1.32166 -3.35987
980 30.8136 8.71916 -3.5837
981 7.75573 19.0691 3.87608
982 2.02186 37.1082 -2.00516
983 35.8265 22.4936 1.23513
984 9.23245 29.5399 1.00461
985 38.8229 29.1679 1.63306
986 18.9016 22.0552 -3.38532
987 12.5545 10.2536 -0.0649029
988 12.0615 18.5411 2.25229
989 23.6198 33.6995 -0.987404
990 17.8079 21.0891 -1.75431
991 15.1843 22.7768 2.20183
992 10.2132 3.45116 3.04659
993 14.1787 9.36333 -1.17104
994 22.3391 19.0426 -3.13462
995 18.5252 9.21952 -1.91885
996 37.1192 22.1657 -0.788652
997 3.60563 17.8429 0.539009
998 37.5152 32.0045 -3.204
999 36.7059 5.14035 -0.493857
