1000
Particles
0 3.44021 33.7873 1.39765
1 38.9837 25.4456 -0.689996
2 17.0701 38.7537 0.238351
3 10.538 33.4399 1.60037
4 14.4019 23.7106 3.63532
5 19.4495 7.97015 -1.15419
6 29.755 3.37559 -3.0726
7 37.5893 21.4437 -1.29648
8 7.53964 26.1533 -1.79949
9 30.4984 20.1926 0.61271
10 27.1075 38.6084 2.30958
11 0.654236 32.9265 -0.727627
12 35.8302 30.1335 -2.27031
13 6.88891 8.66286 -1.84627
14 28.7086 26.7096 0.739676
15 16.9793 28.6226 -2.24173
16 23.095 32.6535 1.64529
17 30.9021 19.7342 -1.00063
18 34.2746 6.12347 0.931309
19 15.5335 24.668 -2.03982
20 5.79727 8.65929 0.397048
21 37.6631 4.88993 1.96703
22 6.69342 11.6121 0.733322
23 34.2929 18.695 3.34191
24 37.0969 5.07443 2.0058
25 0.70464 33.5651 -0.572117
26 15.6687 30.2331 -2.58254
27 16.5627 14.1801 -3.23782
28 4.42942 32.0324 2.21434
29 32.2011 39.4736 2.26028
30 16.6755 19.5723 2.20448
31 8.28745 17.689 -0.889445
32 20.913 5.64389 -4.57259
33 7.38561 39.0231 3.02844
34 26.9983 17.9706 1.09535
35 23.5582 5.91995 0.00315548
36 14.9603 2.85828 -0.812273
37 37.1707 25.6935 -0.439426
38 31.7403 0.0140055 3.02781
39 34.0978 18.0576 2.78442
40 37.9484 35.1741 0.221921
41 13.081 13.1614 -0.386464
42 37.7671 17.3487 0.529703
43 25.8161 30.3673 0.575509
44 17.0923 29.3765 -0.755968
45 5.75706 29.1562 -0.338979
46 1.86971 8.08755 2.60903
47 31.9666 5.89755 -0.440528
48 6.26383 31.3324 -3.51335
49 5.76774 31.8508 0.888909
50 38.3741 37.0732 0.431802
51 19.2814 35.2712 1.36156
52 29.1923 6.39171 -1.21735
53 10.2909 5.15948 -1.23281
54 24.1637 26.1045 0.380115
55 2.19886 14.3033 0.860431
56 19.6832 8.03919 1.20266
57 7.03482 36.8831 -0.155612
58 39.0114 25.9238 -1.03321
59 8.13849 36.9851 -0.429836
60 7.53137 23.2194 0.0950506
61 14.5966 35.1395 -3.38704
62 36.759 3.34242 -0.779115
63 3.28897 16.5914 -0.440838
64 1.07925 26.6928 -1.53285
65 6.56281 4.40319 1.36694
66 9.71277 19.9699 3.94808
67 22.462 24.7841 0.919996
68 10.031 3.047 0.314003
69 15.9871 5.53205 0.546607
70 7.84498 2.66133 -1.77653
71 22.3589 10.5869 2.08563
72 6.23243 12.1392 -1.00797
73 21.2536 25.2281 -1.67192
74 11.875 8.33186 -0.251703
75 0.69311 35.0057 3.76676
76 23.3226 2.75797 1.63999
77 6.81065 25.2138 -0.902538
78 4.8941 34.5288 1.13681
79 36.2243 4.50106 0.453976
80 27.9657 7.98302 -0.550016
81 5.31648 32.4618 -0.850727
82 15.5045 14.3656 -4.54668
83 15.9829 32.0051 2.0677
84 21.5439 13.8696 0.808834
85 4.05857 20.729 1.21532
86 20.7629 9.07117 1.72148
87 25.5518 34.2112 -0.481793
88 0.292318 0.809266 -2.5649
89 3.94271 3.98305 0.233725
90 0.459815 39.6507 -1.26199
91 22.1885 17.4085 1.25665
92 14.4279 24.7505 1.96454
93 10.0566 2.1987 2.90664
94 17.3699 25.633 -2.29364
95 20.3231 3.2329 -0.194926
96 8.32182 38.0578 1.62688
97 18.6069 0.109088 1.10158
98 1.71005 21.796 -0.125379
99 11.8725 3.97473 -1.04189
100 28.4853 21.85 2.41635
101 20.9013 28.4421 0.0483905
102 17.1042 30.1967 -4.5753
103 9.30676 3.653 2.3736
104 23.5059 3.49444 -0.766256
105 16.7936 34.4049 0.885605
106 31.7005 20.3246 1.76355
107 22.8188 21.0284 -2.23032
108 31.855 20.6081 0.467383
109 1.99315 31.6884 -0.499812
110 10.6348 4.51583 -0.682234
111 34.1982 32.5492 -0.479449
112 30.3166 2.97338 -3.20889
113 34.3418 29.4281 -1.55642
114 32.8857 27.3774 0.64279
115 30.299 22.4687 0.389471
116 23.4021 30.8483 3.20141
117 27.6089 27.8876 0.324561
118 25.5777 3.38115 1.75675
119 35.8125 15.5749 3.35523
120 20.9621 24.5944 -1.90394
121 26.671 13.3258 -3.66492
122 34.7744 20.7026 1.57768
123 8.69222 29.5008 2.79687
124 7.96478 0.320263 -0.982737
125 20.9626 39.5431 -0.0158684
126 21.6339 29.1074 -2.6364
127 37.8616 5.38172 -2.73579
128 32.7801 3.8245 -0.683458
129 2.66883 12.3983 -1.29874
130 24.8489 8.09132 1.42698
131 24.3481 28.4455 4.13148
132 18.4046 3.59333 1.53138
133 36.3206 34.3366 1.55569
134 6.5717 36.0435 0.980208
135 12.4052 3.37029 -2.91071
136 23.3082 1.9127 -1.766
137 25.9138 32.1272 -0.41971
138 8.05284 18.7449 -1.13046
139 14.8062 1.72599 0.174208
140 24.1724 34.3482 -2.69936
141 32.9661 31.8308 -1.34344
142 23.6976 11.3386 2.82733
143 14.3568 24.1707 1.50145
144 3.70984 33.8155 0.95592
145 21.0927 25.1625 -3.52297
146 31.6344 14.3296 -2.69118
147 35.9697 2.12464 2.53534
148 34.5368 9.14072 3.0748
149 10.7859 22.8877 -0.869991
150 16.3343 28.8041 -0.82343
151 31.506 1.12436 -0.681793
152 15.6681 15.7638 -0.325821
153 18.5463 2.13733 -1.17506
154 23.2737 37.9845 2.58238
155 32.9345 21.3435 -4.29465
156 38.652 26.5803 -0.994477
157 11.8719 6.24489 -2.84465
158 9.61791 38.4713 2.30174
159 21.2645 27.9957 0.639697
160 39.1753 18.9112 -0.7834
161 5.71638 26.1118 2.00152
162 24.1667 32.3483 -2.0465
163 8.59878 9.88857 1.00634
164 18.4108 6.26681 -2.66151
165 30.932 9.68112 0.899354
166 33.3338 7.53382 -0.787431
167 8.05922 39.4984 1.88036
168 35.4416 21.9346 -4.19791
169 0.335612 1.60603 -2.27945
170 3.3849 36.5804 -1.17159
171 23.3643 35.4632 -0.333796
172 2.27731 18.9011 0.88412
173 23.4562 29.9169 2.82858
174 18.2809 4.49151 -0.206351
175 4.16327 10.7984 3.20444
176 16.5747 20.2199 3.3028
177 14.99 5.80628 -0.016677
178 25.8967 17.5405 4.20734
179 25.3243 7.76678 0.829003
180 14.8514 10.6778 -2.67403
181 3.60037 29.4745 -2.39809
182 16.4313 21.0616 3.42603
183 2.75292 20.3337 3.0586
184 36.0444 5.53472 0.0287518
185 7.5754 15.2481 1.41879
186 16.8655 1.69088 1.45633
187 10.7582 3.62529 -1.7032
188 24.2745 16.3799 -3.13233
189 6.17499 24.5742 -0.856286
190 23.1727 21.2069 -1.98249
191 16.3562 29.7325 -4.14859
192 37.293 0.421944 -1.65808
193 25.6149 26.5315 -0.57263
194 20.0482 25.5898 0.428119
195 6.41508 15.4879 1.63087
196 28.9102 34.7284 -0.292718
197 17.4501 34.5595 0.528312
198 30.2237 22.4014 -0.942256
199 15.3635 13.5087 -3.67713
200 32.764 0.0200818 0.32987
201 0.0769995 18.9237 -0.161296
202 10.0707 21.2842 1.82487
203 27.428 13.6683 -0.457601
204 29.7291 31.3709 2.46279
205 0.561746 32.0712 1.60976
206 15.3783 6.20837 -1.03553
207 32.2449 33.936 1.84078
208 38.8932 24.4826 1.48155
209 9.72823 38.8451 0.0521101
210 10.1354 25.3953 0.666487
211 32.6034 16.6523 0.091945
212 37.3192 35.006 0.0651924
213 36.9923 5.37287 0.950069
214 28.7718 20.7725 3.18707
215 38.8361 20.6365 -1.83828
216 31.2553 27.0971 -1.7452
217 7.3269 8.8796 -1.49037
218 15.1684 18.4677 -2.09732
219 20.1886 39.3089 -1.09483
220 9.69397 2.72051 0.514163
221 22.9804 12.3018 -2.23616
222 2.95753 33.9063 0.666082
223 20.4721 23.8051 -3.06598
224 5.92077 30.2794 -2.76318
225 39.204 10.1071 -1.41575
226 32.6456 15.2565 -2.8644
227 2.29684 13.0903 1.00336
228 16.2024 6.28236 -1.1096
229 39.6461 19.1208 -0.711223
230 28.828 7.28656 -1.4524
231 17.5385 31.9935 -1.01198
232 33.5686 39.293 2.19062
233 36.7078 6.45184 0.00154584
234 5.06904 4.92841 -2.63554
235 39.5722 5.04502 0.00606656
236 13.6517 1.6459 -0.106893
237 12.1587 26.0566 -2.15488
238 10.1739 12.8145 0.845656
239 30.9032 10.9162 0.704195
240 14.41 17.741 -2.90271
241 6.21559 30.2678 -2.50749
242 36.9391 3.415 -1.9249
243 32.2471 39.7405 1.99203
244 39.728 18.0792 0.232547
245 22.8089 4.87511 -0.897264
246 24.5766 7.46206 2.45421
247 5.02032 37.7884 3.53139
248 6.77194 30.1849 -0.583882
249 9.96966 39.8642 1.64951
250 17.9417 3.07188 3.92602
251 37.7481 3.14124 -0.0155163
252 34.5507 16.0782 -0.602433
253 32.7451 15.7847 -0.507195
254 5.64507 36.4104 0.966069
255 23.6181 19.7797 -2.11415
256 5.55845 5.38367 4.12874
257 32.3139 20.0409 1.29659
258 26.7155 38.8357 0.86465
259 38.0525 13.9298 1.66062
260 1.79113 9.8453 -3.45793
261 33.6381 27.0231 2.53871
262 30.556 29.7394 -1.62149
263 3.5624 2.86461 2.20241
264 13.0138 24.4508 -1.71149
265 36.8759 29.5399 1.30792
266 38.9678 14.9788 1.61786
267 3.61147 31.4052 1.99439
268 14.6802 18.6777 -2.26296
269 23.3841 35.3685 2.0153
270 2.47723 11.6903 1.71711
271 31.8282 2.79569 0.489511
272 17.2994 15.1356 -2.97556
273 28.3605 34.5826 0.797359
274 11.479 3.8537 -2.66139
275 11.4286 22.4022 0.521989
276 30.3483 21.7395 2.53226
277 4.95874 18.5099 1.12158
278 1.38845 13.1809 -1.6874
279 12.8209 28.9213 1.43455
280 6.24458 29.7656 -3.52549
281 23.0894 18.5164 3.77919
282 8.12755 17.685 -1.83667
283 18.5799 33.5755 -0.45597
284 28.217 20.821 3.12132
285 38.814 39.7295 3.81075
286 34.5662 5.98319 1.10223
287 17.7167 13.6824 -0.479746
288 0.758363 2.06492 -2.74146
289 13.7302 34.6014 1.68304
290 29.5317 25.8137 4.64955
291 12.7859 3.02044 0.314808
292 34.2668 19.4085 3.4577
293 11.6474 5.18014 0.306662
294 24.9994 28.08 4.53878
295 26.2042 14.0071 -2.54638
296 24.483 23.6798 3.51114
297 39.8741 27.904 -0.405243
298 22.4267 39.0427 1.43763
299 17.1571 29.5476 -3.24212
300 22.8378 9.87328 2.08283
301 23.4695 24.1918 -0.886452
302 16.8517 35.5596 2.10275
303 39.8397 18.9215 2.96328
304 5.94936 32.2234 0.323918
305 0.0930765 16.9572 0.281279
306 21.1899 10.4697 -0.174077
307 10.4165 16.8985 -3.99491
308 4.54123 26.5452 1.36228
309 14.659 32.0334 1.751
310 14.7286 21.6562 2.38192
311 22.8852 11.1176 1.67991
312 36.5596 38.1236 -0.423501
313 22.9148 39.4553 1.10153
314 13.6901 6.46103 0.0129925
315 2.54332 38.7363 -3.78955
316 36.3339 30.9055 -2.75495
317 22.2274 27.9006 -1.74496
318 29.7921 28.9715 1.7693
319 5.01244 6.31416 2.05609
320 6.04855 23.54 0.00887024
321 27.5518 2.40733 -1.69115
322 1.81316 36.0328 1.17475
323 5.80228 38.0942 3.27525
324 30.0426 21.7616 2.25948
325 12.4762 30.1095 1.67336
326 7.83214 19.292 -1.7664
327 14.0504 36.791 1.54116
328 21.3643 30.4435 -0.172296
329 6.7507 24.2303 1.40033
330 38.7527 16.4275 -1.71104
331 18.5585 37.6097 1.6287
332 33.6223 9.70406 0.654366
333 34.0733 24.9198 -4.14206
334 17.1222 4.4933 -0.356151
335 2.87949 4.88707 2.19491
336 16.7662 35.1395 2.96893
337 8.90669 26.2547 1.62802
338 11.9166 22.448 -3.20453
339 37.5333 29.9173 0.186279
340 6.88411 21.5162 2.07564
341 32.5207 27.7177 0.170709
342 9.83732 16.4329 -0.965833
343 9.33021 18.4421 2.79498
344 11.7545 1.59141 0.689932
345 31.1313 29.0771 -0.601843
346 15.0355 10.4168 -1.30303
347 0.459482 2.11164 -1.11152
348 12.2892 24.2442 -2.96776
349 18.3035 25.8395 0.299347
350 4.35621 17.8512 0.797944
351 4.22451 21.5338 2.95784
352 26.5928 26.9419 0.740822
353 23.4073 10.3151 3.26331
354 4.1999 39.5782 1.30884
355 17.4864 26.2589 -0.1244
356 35.7469 37.9495 -0.662548
357 7.83713 21.6305 2.12498
358 15.7448 12.7571 -3.94319
359 29.142 24.033 3.21458
360 32.0477 21.3369 -2.21678
361 30.0665 30.4322 2.58309
362 39.3556 24.7983 0.248908
363 2.51683 10.3703 2.94635
364 8.63597 10.2427 -0.237235
365 8.88464 36.0089 3.05211
366 12.4725 4.01938 -2.38634
367 12.3995 36.5805 -3.58518
368 24.3071 11.1596 -0.368941
369 13.3638 2.14496 -0.220548
370 21.3318 30.0553 1.12197
371 27.3789 17.8518 4.11485
372 18.0931 30.4062 -4.01057
373 15.9745 16.3069 3.07206
374 9.51459 16.1884 -0.449705
375 11.3603 13.8739 2.63393
376 38.9988 30.3461 -4.27158
377 2.65565 9.71125 -3.6554
378 12.3805 5.17645 -2.55472
379 0.119481 33.0786 1.16997
380 32.1602 26.9201 2.10716
381 14.4582 37.2955 -0.760992
382 5.25256 18.2615 0.366949
383 18.5767 33.3362 -2.68782
384 31.6028 9.24995 1.84808
385 21.107 24.3666 -1.93586
386 27.0562 6.23653 -4.09629
387 32.956 36.9941 -1.22861
388 29.2239 29.0416 2.89292
389 9.5436 5.4772 0.957867
390 36.4838 20.4418 3.21621
391 12.5776 18.8315 0.503655
392 20.5223 22.7416 -3.81436
393 19.9552 2.26818 0.832377
394 23.5002 0.638854 1.31717
395 36.0701 13.505 -3.75408
396 5.26458 36.166 0.932443
397 9.49466 6.91589 0.962829
398 32.9843 31.4546 0.151771
399 34.4326 18.7318 -3.55542
400 6.78614 4.36515 0.583156
401 28.8372 27.0704 -0.622586
402 35.208 7.05745 -0.295434
403 4.33466 30.6965 -0.751714
404 21.7299 28.6885 -1.32091
405 4.14925 20.485 0.341906
406 22.5301 7.66862 0.654834
407 34.9457 7.85789 -0.59042
408 2.76425 8.56529 -2.09631
409 20.4935 0.931746 1.75128
410 18.9668 26.4043 -0.139401
411 14.8353 30.3302 -1.40398
412 3.10533 37.1908 -3.82527
413 10.2926 16.9467 -0.972422
414 7.01401 10.0616 -0.605527
415 10.6409 28.5564 1.85516
416 14.0188 37.7135 -1.86791
417 2.88674 36.4091 -3.64376
418 25.4335 25.4845 -0.717222
419 24.8925 3.23739 1.0371
420 24.1473 3.96313 -0.945534
421 6.54776 17.91 -0.077308
422 10.5628 18.6764 2.11504
423 33.1381 7.2335 1.18092
424 22.6518 24.3145 -1.96923
425 15.2674 5.69535 -0.00638339
426 10.6793 22.1783 0.541089
427 19.6976 25.3345 1.29872
428 5.19933 8.82969 -2.1145
429 5.78369 9.40061 0.445474
430 16.5276 14.7306 -2.90069
431 8.2147 4.05529 -1.34317
432 21.6872 30.2337 2.55613
433 25.41 20.5856 -0.929532
434 9.93035 24.8482 0.690332
435 32.1093 33.5918 0.964036
436 1.74771 31.344 -2.65903
437 8.43575 38.6596 2.20521
438 2.00377 31.9333 -0.744707
439 35.5233 11.3702 -0.632321
440 20.9834 9.39819 3.09566
441 9.21719 39.3451 2.24608
442 4.29045 20.1349 0.104993
443 26.4443 15.7616 -0.851905
444 13.0702 22.4709 -2.8406
445 12.2811 16.7012 -2.14871
446 14.7108 9.67035 0.881166
447 8.28578 2.30287 0.746346
448 32.1001 28.4911 -0.48158
449 19.7352 19.7751 3.67921
450 2.03398 14.6859 -1.11697
451 34.9233 10.191 2.44959
452 14.6293 17.8682 -0.378766
453 5.65739 24.0388 0.105989
454 37.6552 11.2376 3.08731
455 31.9273 2.51884 -1.41849
456 10.2936 13.1032 1.00202
457 25.8002 15.8184 -1.06263
458 30.5692 16.6875 1.82197
459 14.4599 5.33397 -1.41145
460 6.14911 0.220918 -0.196183
461 5.16523 0.69735 -0.0725122
462 23.7835 18.2042 2.2009
463 6.2338 34.3479 1.70749
464 30.1672 25.245 2.9101
465 29.0486 15.8265 2.71423
466 36.3606 21.6283 -4.53718
467 12.028 36.546 -2.25921
468 23.4333 30.3178 2.16497
469 21.2722 39.5777 0.531346
470 11.1842 18.8108 -0.169788
471 39.0319 22.2409 0.247829
472 15.1776 6.76838 -1.58853
473 9.43172 37.1281 -0.327363
474 6.86467 1.84335 -4.47557
475 32.8147 6.10419 0.436331
476 8.56506 24.7272 1.4666
477 14.0595 37.5894 -0.170255
478 25.2192 17.6117 3.3939
479 35.0309 31.1225 -1.73425
480 32.8869 19.9892 0.516275
481 25.2404 0.668358 0.00524981
482 10.9988 32.9795 0.875574
483 7.61011 34.3121 1.09001
484 18.4986 34.0608 -0.855664
485 5.77525 2.36712 -0.650516
486 17.2524 29.7022 -3.2633
487 29.4881 26.2144 1.45061
488 35.542 6.43814 1.23619
489 26.4548 0.586712 0.233272
490 7.4212 4.94182 -0.373635
491 17.4635 11.8185 -0.584609
492 21.307 0.731455 0.71803
493 5.16963 26.2255 1.403
494 8.39252 10.9366 0.145869
495 33.3086 8.74501 -0.341849
496 21.2243 23.1102 -2.00843
497 4.76054 34.899 1.24794
498 18.9858 16.8229 -1.38583
499 11.4125 21.6931 -1.65269
500 3.72523 17.1206 2.58086
501 32.1115 7.1857 0.714882
502 0.685943 3.63808 1.50458
503 23.0849 24.9312 -0.151917
504 38.8306 37.1573 0.0741056
505 4.80775 9.65823 -0.569336
506 24.3261 26.9841 0.761291
507 21.0131 8.57792 1.36162
508 5.59828 29.8475 -0.307469
509 16.8425 1.56084 1.29582
510 36.5755 6.75715 3.13063
511 24.2408 35.8886 4.40711
512 29.6116 26.2446 3.23726
513 10.0934 23.1712 -0.433938
514 6.35849 31.1655 -2.39129
515 15.4198 16.7014 -1.61092
516 16.0814 37.9025 0.482751
517 16.608 13.9263 -2.29841
518 5.46467 7.38029 -1.1253
519 25.0161 20.5353 -0.504808
520 0.309617 2.0977 -2.28327
521 37.6535 30.1911 -0.595161
522 22.9497 19.8409 -0.214603
523 9.20604 18.9456 2.88603
524 8.49801 25.3754 4.31633
525 3.21851 12.2802 2.33157
526 7.84578 25.4487 -1.72553
527 13.7962 3.55188 -2.36699
528 21.8695 1.68473 -3.91983
529 36.8398 3.07713 -1.80212
530 30.7582 12.1458 1.74787
531 28.1285 5.45101 -2.94314
532 17.262 37.1726 1.1317
533 10.5889 32.7873 3.03472
534 10.8393 22.4148 -0.94494
535 0.375398 2.29346 -3.47103
536 31.3405 11.8806 -1.32583
537 4.17975 28.9387 -1.05986
538 2.63902 1.96626 -0.553991
539 12.2339 5.68582 -2.97655
540 29.7527 19.9674 0.99822
541 23.0654 21.1358 -0.96852
542 33.3907 31.741 -0.435195
543 11.9913 16.9156 -3.2044
544 35.7971 37.1547 -2.07939
545 11.2596 28.1557 1.10809
546 39.5787 2.98567 -1.2941
547 3.24917 10.2772 2.53138
548 36.1912 33.5007 0.812059
549 1.14562 27.0318 -1.13125
550 4.54584 25.3832 0.210453
551 30.2252 12.0658 1.4437
552 2.45721 38.3047 1.86257
553 15.0778 32.0487 2.76984
554 17.8979 9.99133 -2.59819
555 39.4913 9.6798 -4.55609
556 35.7209 20.9536 -1.01417
557 4.50904 18.2116 0.425886
558 34.6428 5.96712 0.247227
559 27.3887 27.3052 -0.992678
560 26.1191 26.303 -0.186368
561 2.46171 24.2765 3.17327
562 10.2569 25.7814 0.52072
563 6.85333 11.0124 1.34868
564 16.6528 28.1231 -2.53501
565 1.56351 20.9688 0.161466
566 14.0616 37.4004 0.625906
567 28.5823 13.4071 1.68501
568 37.343 4.4044 1.03013
569 34.1775 26.4645 2.88355
570 39.3571 28.7855 -0.369233
571 14.1846 15.9461 -0.633232
572 34.6943 31.6865 -1.35581
573 26.0908 30.2209 -0.381636
574 8.10786 22.4506 1.56922
575 20.7429 18.1268 -0.909068
576 1.98859 0.220512 -2.73726
577 21.7414 30.8658 1.70206
578 8.74367 39.0053 2.20017
579 11.8144 11.1974 1.24778
580 7.93546 31.831 2.5027
581 8.31741 30.7363 2.85446
582 30.0919 18.96 -0.374737
583 19.5276 36.3759 1.36786
584 38.3521 8.38458 2.55721
585 0.438606 27.0327 -0.293773
586 20.3863 21.4569 -3.07796
587 30.6101 32.0187 -1.02327
588 20.1501 38.2743 0.524118
589 23.4331 15.9686 -0.0507443
590 4.96572 7.67956 -2.00357
591 5.25036 30.579 -2.15046
592 33.6575 25.4798 -2.55663
593 10.7019 23.1782 0.58068
594 5.5545 4.27285 3.26379
595 32.6664 21.8849 -3.1876
596 38.5064 38.6241 1.17452
597 30.0228 11.7295 2.26293
598 34.3002 10.5209 0.732178
599 6.98544 32.0857 4.02573
600 9.09739 38.2761 -0.485671
601 17.8299 32.1613 -0.829466
602 13.114 22.0615 -2.51152
603 13.6655 6.37329 -0.797223
604 28.4109 28.8729 2.99565
605 9.55083 32.2625 -1.10141
606 38.5035 26.7118 -0.321461
607 38.4709 8.09242 -0.359145
608 6.90457 4.22799 -0.161878
609 20.8324 0.769468 0.9471
610 34.427 24.7015 -0.937312
611 3.73847 24.5202 -1.26072
612 22.1578 9.88601 2.17339
613 20.9857 10.3784 -0.0475296
614 38.7949 3.81785 -1.38647
615 33.9255 7.83851 0.789537
616 30.8507 20.53 0.87439
617 22.9494 27.5267 -0.997508
618 5.20628 0.800686 0.0621368
619 20.6513 33.7691 -0.797613
620 38.8667 0.905452 0.603208
621 23.6576 18.1705 2.64877
622 21.7684 2.04809 -2.33616
623 19.6428 10.3675 2.20202
624 29.2936 4.86203 -3.72011
625 17.9857 9.29913 0.900525
626 4.73326 37.6022 3.01622
627 6.4433 31.6841 1.67312
628 16.6419 2.2869 1.62806
629 25.1766 5.28166 2.02405
630 0.0452829 29.7087 -4.14237
631 24.8609 1.99865 2.90129
632 33.8904 29.8673 -1.06027
633 4.63757 25.6774 -0.394721
634 38.0875 4.46283 1.78188
635 23.4612 25.6014 2.49891
636 24.028 8.36968 0.440989
637 5.19772 32.1369 2.12195
638 30.134 25.7274 1.02372
639 34.152 13.2294 1.28126
640 8.43874 23.3609 0.535508
641 28.6172 6.14367 -2.00868
642 14.8407 34.1495 0.517649
643 30.4381 29.854 -1.45055
644 11.8656 3.80005 -2.12278
645 7.56699 6.58922 -3.36916
646 13.2208 6.11478 -0.416047
647 7.00644 13.5303 -1.8668
648 32.2636 36.6046 1.7521
649 17.4937 19.1002 2.27075
650 26.5896 19.6147 -1.38195
651 25.1928 24.8288 -0.342583
652 9.22637 35.7903 3.0708
653 5.22665 0.745369 0.653005
654 24.0931 15.0824 -1.16241
655 38.1657 31.0271 -2.44629
656 3.23952 12.692 0.644675
657 22.4324 6.80756 3.29962
658 8.77469 26.4125 2.9213
659 1.899 39.9277 3.55637
660 22.3752 12.1349 -2.88412
661 39.4979 19.845 0.0775512
662 38.1902 32.9176 -2.01396
663 10.2241 22.0518 -1.4646
664 32.0564 14.0953 -0.762802
665 32.7507 36.0301 -0.563748
666 22.5846 39.8673 1.08557
667 39.3464 33.643 -0.475939
668 9.03148 38.7623 1.80372
669 14.041 34.2701 0.544699
670 36.8897 33.1178 -2.28286
671 31.6728 3.68182 -2.66759
672 16.479 30.3918 -2.97043
673 38.2834 1.63038 1.37257
674 4.08863 18.4843 3.03173
675 32.1001 14.9463 -2.92847
676 35.8913 0.198369 1.23743
677 38.0535 21.5884 -2.95908
678 23.9702 0.966245 2.92355
679 23.3663 17.884 2.98806
680 18.9298 30.3567 -2.87568
681 6.83923 3.77988 1.06737
682 34.3725 39.7503 -0.654136
683 22.3333 25.2055 0.887993
684 3.25198 2.30777 -1.26498
685 24.714 29.2788 1.28316
686 39.664 0.515816 -3.25644
687 22.5807 8.31852 -1.4909
688 26.0191 4.7648 1.85367
689 11.5187 3.04886 -2.37674
690 20.8016 32.1965 -0.57855
691 17.2452 32.1066 -0.822409
692 30.7537 15.1872 -4.12764
693 3.26553 19.098 1.70109
694 25.8514 23.603 -2.18196
695 16.9718 28.6318 -2.97912
696 21.0156 25.3201 -0.895199
697 30.7063 2.74448 -2.27067
698 35.1046 15.8914 -2.1778
699 29.8812 22.213 2.68246
700 0.534274 3.42962 -0.840444
701 17.4752 5.34965 2.69547
702 0.1007 37.1515 4.79312
703 0.988074 11.0709 -4.28193
704 25.2609 34.7512 0.30713
705 12.9373 33.2934 1.18869
706 0.752912 33.3085 -0.280947
707 15.9871 5.84354 -0.349998
708 35.5815 17.8856 -1.09916
709 22.4114 11.027 1.52901
710 17.622 36.5009 2.45404
711 36.7087 25.8506 -1.35779
712 30.752 21.449 2.65597
713 32.5553 16.5748 -0.242978
714 23.2388 26.6236 -1.51975
715 36.5166 38.5694 -2.78558
716 16.7943 29.5332 -3.28027
717 16.7765 29.1972 -1.06297
718 6.73998 29.8817 -1.52722
719 10.2404 35.9822 2.85553
720 6.69935 25.7915 -1.28417
721 24.261 37.8595 -4.71128
722 1.55422 39.6243 3.22647
723 9.58257 2.68713 3.54599
724 17.0514 39.364 2.13732
725 24.8821 38.3133 0.876542
726 5.62036 28.1476 -1.03305
727 6.01216 26.5126 -1.61527
728 36.2151 4.2101 3.28659
729 20.3956 0.452863 0.866545
730 20.5011 11.4699 2.43786
731 30.8722 20.1078 -0.772884
732 28.5942 32.851 -1.85513
733 30.4055 29.802 1.67808
734 32.5385 4.82988 -3.64951
735 21.0179 28.8427 -1.47925
736 15.9822 31.4786 1.31884
737 0.59949 32.9667 2.34142
738 20.3236 7.69154 1.71716
739 12.5047 23.7494 -4.18701
740 35.1964 25.8693 -1.95006
741 7.86539 32.0797 -2.99533
742 18.0763 13.2677 -0.941135
743 22.8619 23.3331 -0.290276
744 35.012 19.3943 1.25224
745 10.7412 39.2266 0.317967
746 15.6216 13.3257 -4.04917
747 20.43 24.7263 -0.498685
748 21.3975 32.1888 -1.37095
749 2.96508 0.641153 -3.23326
750 4.19877 35.8567 0.737458
751 5.68112 38.3161 0.155953
752 7.40408 21.2847 1.44688
753 16.1503 22.1443 -1.76769
754 28.8348 23.547 3.04027
755 23.8021 5.6746 1.83283
756 2.25727 4.73554 0.503357
757 12.6755 29.7097 -0.630983
758 36.7901 20.6689 -1.68463
759 7.57697 32.0449 -4.00146
760 30.9903 32.6261 -1.34304
761 11.6442 19.6853 2.70638
762 22.4901 22.7182 0.740063
763 5.47579 0.690186 1.33131
764 23.1503 10.1912 2.99773
765 33.5688 16.8591 -2.62376
766 7.03141 12.7297 -0.601963
767 30.6749 4.62049 3.01592
768 6.25 16.2179 0.610361
769 14.2757 32.6104 0.945183
770 6.18253 25.6983 1.19811
771 6.90967 20.257 0.240203
772 14.4905 36.8886 1.20398
773 31.7344 28.54 0.764852
774 38.2627 38.9447 0.48086
775 15.594 10.5396 -1.42063
776 7.13484 16.046 1.06694
777 38.6695 26.4173 0.985306
778 35.9273 21.7518 -3.5747
779 13.332 37.4284 -1.06998
780 4.82786 5.22611 3.91362
781 39.1158 37.0374 -4.20074
782 7.69103 12.8217 2.91881
783 12.182 8.33078 -1.33464
784 37.5697 2.7685 -3.85466
785 20.2309 8.42013 2.47996
786 5.7346 19.0412 1.8561
787 31.5821 2.83061 -3.15932
788 39.7174 2.81447 -2.82663
789 34.5003 6.93753 -0.471042
790 13.1104 28.0484 2.00309
791 12.8348 22.3564 -0.214786
792 12.0082 22.279 -0.391081
793 19.2492 32.2424 0.276864
794 21.3373 32.0352 1.03286
795 39.0772 7.17978 -0.490446
796 20.2553 21.9453 -0.569043
797 39.9932 32.0597 0.230481
798 27.8232 10.1611 -0.78495
799 24.4867 5.32944 2.23413
800 35.3355 3.2268 1.67187
801 15.7054 11.8845 -4.20172
802 35.2604 20.7543 3.10191
803 10.5702 1.97972 0.537665
804 2.41686 21.6948 -0.273887
805 2.44356 25.9351 2.85196
806 6.30437 30.7555 -0.628965
807 27.969 14.6828 0.120532
808 19.8302 28.7058 -0.356673
809 29.5254 13.1586 1.41499
810 14.0031 37.2334 -1.5439
811 6.60059 24.1373 -0.160849
812 8.01986 4.94066 1.50342
813 2.379 9.23875 -2.78751
814 25.6367 38.2693 4.35083
815 30.7744 14.2795 -2.30897
816 18.3895 1.90108 -2.1436
817 7.21823 39.6208 2.53123
818 6.08981 9.30138 0.77478
819 29.0108 1.95138 0.737735
820 1.58348 3.7913 2.95277
821 14.6873 16.1128 3.34479
822 8.91731 2.93915 0.353733
823 22.7859 0.66838 1.44135
824 27.4579 12.6982 -2.43713
825 1.94742 33.9199 -0.148222
826 6.50066 15.3323 -0.304162
827 0.901642 9.77932 -1.87215
828 20.1242 18.1483 0.0773741
829 12.287 35.9419 -3.05758
830 7.66924 19.7078 -0.992878
831 12.6323 39.2801 -0.141329
832 32.9172 1.73842 0.766345
833 7.99508 13.7658 -2.03545
834 20.844 8.68535 4.1856
835 6.31335 32.0785 0.403286
836 16.7325 34.0702 0.625335
837 30.1499 38.8212 1.20063
838 19.4289 3.98012 0.185668
839 3.37773 18.0976 2.51645
840 24.5968 15.2732 -2.29707
841 26.4319 30.6807 0.737504
842 16.4439 28.6992 -2.07286
843 17.9181 6.18325 -2.2429
844 6.24024 24.1815 0.0660745
845 4.43888 26.7942 2.92328
846 13.6684 30.9496 -3.76968
847 4.29207 27.5054 1.87097
848 24.1338 26.3576 -0.613426
849 24.0806 15.5619 -2.20285
850 30.3431 35.856 -2.49268
851 5.43418 1.96529 -0.278422
852 25.5914 25.855 -1.66705
853 20.7915 26.1882 -3.28998
854 39.5648 37.548 -3.16893
855 10.558 37.4931 -2.04113
856 9.22236 39.4083 1.35149
857 7.44614 21.7989 2.36758
858 0.0685148 27.8241 -0.826658
859 13.4249 39.4569 2.83381
860 36.3425 19.1588 2.6291
861 3.68376 16.8761 0.78218
862 7.36659 38.046 3.39872
863 11.8989 9.50247 0.576526
864 21.1539 10.8058 2.565
865 28.8467 38.0097 -2.94337
866 26.1988 4.00568 1.12407
867 23.3637 25.6438 1.64202
868 29.8775 26.7425 -0.399253
869 34.989 16.5992 -2.25129
870 34.059 2.84156 -0.972449
871 18.9024 25.6861 2.21829
872 30.9662 23.101 2.87402
873 16.6924 14.7998 -2.722
874 33.8993 15.4277 -3.31639
875 30.1979 3.45643 -2.11347
876 9.36285 18.284 3.77892
877 31.7054 10.3144 1.49932
878 2.82251 37.6647 2.56794
879 2.99071 34.7532 1.68992
880 34.8414 23.1318 3.63828
881 9.30468 24.6667 -0.821418
882 26.9496 3.90655 4.48623
883 27.9905 27.6358 1.22021
884 9.77848 21.8192 -0.208276
885 12.1894 11.1679 0.0546925
886 16.0321 19.269 -4.86889
887 6.0292 24.788 -0.579645
888 29.4767 25.0974 4.1573
889 2.93373 8.7289 -4.39603
890 14.9136 18.9351 -3.07412
891 20.1816 23.9092 -0.230789
892 10.8385 4.35837 -1.40461
893 31.6732 27.8378 0.112572
894 39.2023 29.4928 -1.78217
895 37.1266 9.20336 3.29968
896 18.2612 3.80233 0.738365
897 39.2963 14.5933 2.90199
898 18.5922 17.451 -3.78959
899 10.8588 24.3547 3.92978
900 12.4959 3.00403 -2.49087
901 39.0504 36.2282 -3.71829
902 1.56146 32.9934 -0.241306
903 8.24822 39.2416 0.562055
904 14.3013 38.1858 0.161224
905 31.7275 37.3201 1.36483
906 20.9958 14.2283 -1.00146
907 8.00419 28.0538 -4.09143
908 32.5658 34.9179 -0.795208
909 7.55899 39.945 2.45672
910 39.1888 19.8132 2.51682
911 31.3094 29.4925 -0.795004
912 25.2194 15.4282 -2.12085
913 0.219834 30.7541 2.08299
914 36.6459 20.7701 -1.83212
915 32.6536 35.799 -0.914759
916 29.2833 20.9235 2.04956
917 12.9978 23.2777 -2.69953
918 34.9654 6.88014 1.76875
919 31.8272 21.6895 -0.381251
920 6.03231 22.7086 -1.22557
921 23.6573 24.7973 -1.16493
922 25.419 14.7169 -2.40627
923 5.05659 26.5014 1.26848
924 28.1789 29.696 -3.00374
925 23.0011 7.98754 0.550245
926 27.0239 6.16855 -4.49912
927 5.88005 30.7383 -3.74687
928 35.4203 2.68568 2.47299
929 5.31821 35.1899 0.0413675
930 5.47073 7.23969 -2.58118
931 19.158 14.3195 1.11761
932 4.36987 22.0868 1.35568
933 14.9825 4.63255 -2.24154
934 29.4746 24.6419 -3.98783
935 11.4678 7.56537 -2.0837
936 15.6275 21.0341 -1.36007
937 19.0734 4.14402 -0.205811
938 20.3526 21.4155 -2.13818
939 14.8498 6.13604 -0.786616
940 13.5602 24.5555 2.05849
941 26.0108 17.6327 2.04165
942 10.6717 17.9063 3.08007
943 13.9602 5.72552 2.09861
944 6.36106 36.9821 2.01507
945 39.7149 3.39798 -0.763978
946 17.8407 25.6731 0.385393
947 12.6005 4.23641 -2.4276
948 22.4688 6.31958 -0.0391083
949 5.84672 11.7388 -0.0473973
950 1.3373 32.2546 -1.69509
951 11.9937 9.33661 -0.835202
952 13.1774 24.6928 0.316545
953 33.3845 24.2995 0.543526
954 6.02079 1.50572 1.16111
955 2.89497 0.78961 -0.590612
956 29.4739 15.7923 0.920508
957 34.7926 19.487 3.55394
958 1.73584 37.7625 1.19551
959 25.4533 5.23243 0.981244
960 7.38142 36.1662 -0.0522722
961 39.2473 24.9555 2.44059
962 7.30986 24.69 -0.351994
963 13.8866 37.712 -0.76363
964 2.07762 7.23305 0.395027
965 34.4659 27.3825 0.260028
966 15.3423 17.5829 -1.75374
967 13.5572 38.7936 0.664123
968 34.8564 21.1254 1.22189
969 11.7568 4.52323 0.145124
970 17.0579 31.9599 -0.357441
971 28.1481 11.0764 -1.4854
972 10.7537 18.8793 0.594856
973 6.98572 28.0089 -3.66822
974 28.0658 26.5164 -1.98384
975 7.01654 21.7568 3.08087
976 5.17218 14.2096 -0.990798
977 6.72292 37.5188 3.44828
978 14.1125 35.9914 0.890558
979 7.12117 2.92532 -3.17655
980 36.8634 16.2401 -1.1206
981 3.99933 22.9288 3.06712
982 38.8585 4.18831 -2.46251
983 35.0908 17.5334 -0.766043
984 8.0313 32.0561 -1.97522
985 4.18294 24.0438 -1.43131
986 23.0794 17.8228 4.64276
987 11.2055 18.5148 2.30197
988 5.90187 26.8655 -0.304339
989 25.9436 31.1325 -1.3508
990 23.8491 14.8658 -1.39031
991 10.8125 23.6044 1.91128
992 4.17952 16.9575 1.29608
993 14.5148 20.5597 3.66472
994 23.511 19.5947 -1.35985
995 15.6444 16.0464 -0.476728
996 34.5098 20.4097 -0.868441
997 34.1084 18.0537 2.65262
998 37.0836 34.9992 0.445539
999 33.5357 10.6621 -2.04565
