1000
Particles
0 4.75419 33.242 1.4247
1 29.0561 29.6793 0.553936
2 14.5988 7.75711 -2.39737
3 10.3188 2.44636 -0.687988
4 22.0243 23.5941 -0.546332
5 14.5581 16.6101 -2.13724
6 31.4831 2.13447 0.398645
7 33.3176 19.487 -0.011388
8 8.76161 17.7049 3.30267
9 3.2325 24.5874 1.86154
10 23.998 3.90931 -4.21802
11 10.9311 28.1175 3.77551
12 31.1595 31.7492 -3.65827
13 17.1855 1.86752 1.57437
14 19.8787 28.5422 1.69034
15 15.1435 30.2117 0.657374
16 28.9365 30.0144 1.51558
17 37.1957 22.4452 1.75389
18 33.1441 15.3631 -0.945578
19 13.2004 28.7457 -2.96033
20 39.5155 9.33252 1.07464
21 0.253637 2.23249 1.65701
22 7.65771 4.80929 -0.369323
23 36.1401 23.3393 0.712436
24 33.3268 8.73979 -2.8702
25 1.64867 28.9613 0.00207033
26 24.3245 31.4645 -1.88098
27 15.3518 8.31328 4.13157
28 12.7981 34.7569 0.390758
29 29.4082 2.56625 2.05238
30 14.5013 17.0887 3.05068
31 11.2972 9.95386 -1.87134
32 28.3602 39.2926 -3.80834
33 8.8496 33.4403 1.4025
34 26.2841 28.6086 -0.799006
35 24.4531 20.0349 0.740937
36 18.1598 1.62866 0.267092
37 33.9924 29.2256 1.76035
38 32.106 2.22894 -1.58612
39 35.0499 23.514 -3.27175
40 39.3736 39.2307 -1.17433
41 14.4174 9.33829 3.37472
42 36.5285 18.1486 2.5446
43 21.8728 23.6967 -1.29552
44 21.0778 24.7481 4.68893
45 0.935644 20.7824 2.33551
46 37.22 8.63976 -0.501455
47 29.1477 14.0077 1.55221
48 4.94137 39.4325 0.256863
49 7.03239 34.0086 -1.83186
50 5.46484 29.9066 -0.509674
51 27.0225 5.17266 -1.37706
52 32.8949 8.41105 -2.86434
53 16.471 5.2668 1.4429
54 21.8558 11.0257 0.020328
55 7.48037 11.4425 0.12992
56 13.387 14.2159 1.8142
57 10.77 33.8035 2.19516
58 31.4356 28.2595 1.05605
59 4.44061 35.1314 0.684016
60 8.38214 22.8307 1.0578
61 26.302 34.8612 0.595483
62 0.337797 3.48796 1.97276
63 12.6624 12.0969 0.229638
64 31.1652 29.3492 3.04964
65 9.59921 1.28139 1.12109
66 2.58017 19.1108 2.23358
67 24.3374 22.1974 -2.81305
68 0.337631 7.27902 -3.43576
69 13.247 0.952432 3.48429
70 10.7267 4.33579 -3.3801
71 18.8021 17.4893 -0.380852
72 5.70144 14.8405 2.62619
73 23.9701 30.1982 0.979127
74 9.547 2.52052 -0.913686
75 29.7435 31.3239 2.58878
76 30.0356 0.742399 -0.300816
77 9.03762 27.7273 -1.4711
78 3.17441 31.1142 3.32233
79 1.79142 39.1327 -1.10305
80 36.8672 14.1917 1.42781
81 14.0574 36.6558 3.74663
82 14.6834 12.546 1.23891
83 11.3157 27.4101 -4.53964
84 24.7151 9.15328 0.950286
85 1.08652 16.0906 0.223333
86 21.4743 14.6457 -3.83707
87 27.3478 33.8844 2.61434
88 9.82442 1.25277 0.107936
89 9.47036 1.91798 -0.439986
90 0.19569 31.3701 -2.59321
91 25.5843 17.4391 -1.83703
92 19.3791 28.0034 2.89375
93 11.1024 1.24454 1.35108
94 16.6001 26.3915 3.63074
95 17.4361 2.4231 0.576133
96 9.77955 0.816536 2.83365
97 20.1026 38.4378 -0.944695
98 5.07638 19.3592 0.62733
99 11.2907 4.78768 -3.22114
100 35.0818 20.768 3.68654
101 18.5689 22.9946 1.43473
102 24.9339 35.8675 -0.187488
103 19.6532 38.3405 1.27659
104 20.6231 8.5916 -4.44839
105 13.1495 38.8243 -1.73774
106 34.8911 24.2138 -3.46055
107 18.0237 23.1555 2.99431
108 38.9681 23.655 1.61477
109 0.0951375 31.4091 -3.03493
110 1.13171 32.7843 0.903992
111 33.6118 32.1341 2.05438
112 32.6359 2.34156 0.137901
113 35.8919 36.6098 2.48313
114 30.0827 25.497 -0.716109
115 25.7736 17.6875 -0.837721
116 20.3999 31.519 -1.62043
117 34.1104 30.9945 -4.80204
118 19.1349 6.11656 1.47083
119 30.9759 11.7963 0.139141
120 27.0823 32.3792 2.041
121 16.7258 16.8181 -1.56785
122 28.9678 27.5851 -1.03312
123 10.2776 27.6995 2.1611
124 13.8627 3.03829 0.917301
125 19.7983 6.42785 -3.22894
126 32.2987 36.0152 2.20089
127 32.3301 3.96073 2.53585
128 26.5063 6.97924 1.36254
129 2.61304 16.3374 -1.75997
130 25.0325 13.159 0.0313282
131 20.1536 27.6863 3.70518
132 16.2161 37.361 -2.4365
133 0.406963 0.923326 3.10115
134 8.76554 32.9759 -0.468507
135 18.8354 1.45388 1.67436
136 28.657 0.227081 0.22582
137 23.1864 23.56 1.81496
138 2.92404 15.5138 -0.919776
139 14.6017 36.9307 3.66397
140 28.5503 39.9801 -1.41785
141 28.538 0.818817 -2.02415
142 20.0818 17.5393 -0.205948
143 20.9311 20.1151 -1.11606
144 39.8766 31.2935 -3.66232
145 22.5976 28.3178 2.27022
146 34.7714 12.4061 0.430104
147 37.2054 31.1697 3.56054
148 28.4085 8.30781 0.656016
149 12.6768 15.2722 1.73443
150 10.3121 26.206 -3.20966
151 27.8965 0.939335 -1.99209
152 16.4693 10.0391 -4.02954
153 16.2929 8.51907 1.02211
154 26.9349 39.2181 0.727625
155 37.9615 23.4622 -1.42863
156 38.5736 24.4062 -3.10121
157 19.302 2.05842 0.492498
158 13.7188 3.06273 3.33362
159 28.1601 32.9144 0.596782
160 8.60277 19.3812 3.01016
161 12.3176 24.0046 -0.105091
162 23.2749 22.5289 2.32929
163 10.6334 12.3522 0.425809
164 21.3885 9.81748 3.05931
165 32.48 3.59046 3.33983
166 37.8497 1.76138 1.27759
167 6.33688 37.0627 1.06304
168 34.8718 26.8778 1.09222
169 2.43314 4.56098 3.04072
170 34.8449 36.8349 -3.20037
171 23.7468 31.1464 -2.63893
172 10.8391 20.4969 -1.96422
173 34.5477 27.5032 2.17348
174 21.8561 11.2366 -1.0825
175 39.4354 12.3171 -1.06844
176 23.9307 19.7917 -2.15162
177 9.93214 4.39628 0.300916
178 33.126 24.9972 2.27254
179 20.5126 13.4154 1.96478
180 16.4413 7.26824 4.37617
181 15.201 24.9776 -0.0904736
182 15.2701 24.5225 1.18986
183 38.6336 19.8189 -2.89966
184 1.32845 0.621095 -4.83514
185 9.62744 9.79087 -2.50833
186 21.0629 35.9642 -2.99221
187 37.3474 7.28038 4.59603
188 13.5671 9.76879 -0.658657
189 9.71211 18.7835 0.380897
190 25.2067 22.0278 -2.08067
191 17.3333 26.5986 0.141829
192 2.0887 38.8628 -1.88913
193 21.2204 26.1079 -4.1782
194 20.4775 21.7558 0.0891041
195 7.29582 17.1721 -1.1616
196 32.8922 2.66884 -2.12898
197 11.1755 36.1849 -1.09886
198 30.4653 19.6339 1.69453
199 19.3728 12.2358 -0.536733
200 35.7416 36.9958 -2.78583
201 3.43275 13.7251 0.248533
202 8.96094 14.4781 -3.75253
203 19.4934 20.0501 3.37387
204 31.5963 25.6045 3.1231
205 8.85987 30.1535 -0.618782
206 8.50513 3.76749 1.06515
207 31.9097 1.41237 -1.143
208 34.9569 19.7813 0.780613
209 4.54805 39.613 1.01882
210 20.8241 20.1089 -3.09386
211 32.8991 22.1486 -2.5497
212 28.5112 32.5147 -0.346189
213 38.3978 1.0271 0.110407
214 27.8149 22.7325 -2.86451
215 4.90994 15.7718 0.468063
216 30.4044 29.7253 -0.801327
217 10.8291 9.33986 -3.93884
218 7.91046 15.2157 0.74229
219 26.5476 35.4102 2.26107
220 13.0862 4.56249 2.08819
221 19.7792 22.4839 3.3446
222 0.539595 30.743 -0.770733
223 15.542 23.3806 -2.52551
224 3.67473 28.4533 1.92901
225 2.2833 8.02673 1.18308
226 26.0072 13.0823 1.52857
227 8.86025 8.81713 3.18238
228 13.7337 2.4257 3.743
229 2.80342 25.0172 2.13234
230 36.3318 39.0938 -1.92031
231 15.9176 29.4195 2.07577
232 38.5802 32.5575 2.00226
233 32.9663 2.62574 -1.50942
234 0.0097995 8.07366 -2.8938
235 1.2131 10.0269 0.602563
236 20.9027 8.6429 -4.07472
237 14.5124 23.9034 1.94311
238 13.3693 11.6666 -0.818755
239 32.909 11.0174 1.94001
240 16.7485 16.8896 -0.200842
241 39.1726 28.6541 4.14718
242 29.5791 0.839304 2.52096
243 30.6126 31.2027 0.842289
244 4.53987 5.2646 2.90441
245 14.4278 30.0356 2.96845
246 27.1041 7.71381 1.947
247 4.08205 4.55961 2.7538
248 8.40982 28.1831 -1.64434
249 7.62201 2.3531 0.36899
250 26.4203 6.04536 -0.13631
251 27.5251 2.72764 0.087175
252 29.8313 14.5325 -0.286431
253 33.1997 15.8003 -1.48342
254 11.3829 36.948 -3.3014
255 26.7862 24.5859 -3.43018
256 3.39967 3.40959 1.08942
257 28.7643 16.8675 -3.20721
258 29.8482 2.24847 1.14196
259 36.1912 18.4831 3.15348
260 39.7455 3.49048 -2.21002
261 33.3945 20.857 -2.54988
262 29.6988 36.7101 -2.54287
263 2.93878 35.4702 1.17438
264 10.5474 20.8087 -2.00157
265 2.52894 28.4643 1.66507
266 3.35729 14.5348 -0.876645
267 8.11796 14.3129 3.228
268 18.7141 19.2635 -1.06184
269 0.863482 35.1438 -0.697142
270 33.5598 13.3795 -3.13712
271 39.619 15.3301 4.08457
272 20.8489 20.4281 -2.9892
273 37.244 31.0931 3.32876
274 12.1029 38.6666 -1.53046
275 9.91417 29.7107 0.274031
276 33.7252 20.9242 -0.4594
277 1.15746 19.7744 3.58979
278 6.78684 14.9837 2.10432
279 13.2561 28.775 -1.82791
280 7.66066 31.9488 -0.132307
281 24.8506 25.7173 1.39447
282 8.98182 18.0784 2.62161
283 27.6347 5.9827 -1.67232
284 35.5545 18.5738 0.77547
285 4.19102 31.617 0.833386
286 0.445733 7.59434 -3.52311
287 13.0974 16.5483 4.67099
288 1.65033 1.4378 1.32874
289 9.16153 33.1889 -0.28612
290 30.6197 27.6815 -0.865881
291 15.8624 2.98062 -1.06812
292 28.9715 19.3892 -2.56136
293 18.3259 8.50683 3.28293
294 29.6884 27.9984 -3.30623
295 15.3646 14.9301 2.31419
296 25.0154 27.7741 -1.14179
297 1.98006 32.0096 -1.30746
298 23.5311 3.66016 -3.16226
299 18.7717 27.2951 1.52944
300 15.706 13.4221 3.09284
301 21.6612 26.4548 -4.33005
302 25.9474 0.299918 0.533819
303 2.16013 15.697 -2.2779
304 12.9903 32.1818 -0.447232
305 1.03636 21.7021 1.47707
306 22.4864 18.6531 -1.44816
307 11.1893 21.2767 -3.71782
308 7.9163 28.8102 1.47009
309 21.1829 39.1784 -0.685337
310 14.9222 19.1626 -1.52469
311 21.7788 25.8005 -3.71545
312 36.8732 26.4637 -1.86743
313 27.6079 8.34981 -2.22253
314 20.7116 38.4809 -0.736148
315 2.86824 36.5102 -2.0667
316 29.5615 38.6127 -1.5432
317 18.6678 28.9509 4.07731
318 27.4671 29.5339 0.138477
319 8.09889 5.34198 -2.34851
320 11.878 18.0777 -0.376748
321 27.177 9.89248 1.33853
322 3.26502 0.037869 2.37065
323 1.62802 36.5535 -1.25827
324 28.4992 13.9796 -1.00055
325 11.6977 30.3809 -3.89089
326 14.4817 6.19348 -0.827196
327 12.3516 33.1344 0.231662
328 14.0887 30.838 1.6219
329 13.9281 16.8659 -3.3479
330 1.90228 11.3438 4.78577
331 21.2439 7.07145 -0.750203
332 35.9756 1.94712 -2.7726
333 32.4049 28.9063 2.26118
334 15.6478 8.09797 3.05349
335 1.45229 36.0002 -1.93049
336 23.8165 9.52766 3.39414
337 9.74399 21.4246 1.06691
338 25.8733 25.027 1.5068
339 2.27942 32.5723 -1.98348
340 17.4484 13.39 0.223807
341 31.908 28.3486 1.56777
342 17.6087 10.3123 0.69544
343 7.47519 15.7825 0.932749
344 11.4814 4.16484 -1.41522
345 2.51716 33.2392 -1.20293
346 18.7454 11.3767 -2.66348
347 7.92141 1.06188 -1.73732
348 11.4194 15.5388 3.24721
349 21.6595 23.1266 0.179379
350 7.61253 12.7785 2.71982
351 38.1057 23.8984 -0.780426
352 26.9927 23.945 -4.17546
353 21.7223 16.4005 0.0242433
354 2.37571 35.6788 -1.37741
355 14.9631 19.7563 0.879267
356 1.23176 36.2607 -1.76309
357 7.51889 11.5011 0.36491
358 13.4707 10.933 -0.961909
359 24.6136 24.6364 0.615248
360 31.4265 29.0206 2.24635
361 32.0746 30.9549 -3.85516
362 32.0037 29.1202 1.19901
363 35.1096 15.4849 0.202979
364 16.2637 10.9424 -2.60843
365 38.5117 33.7608 -0.391911
366 7.71949 0.266121 -0.999711
367 4.63611 38.6211 2.87092
368 18.3038 7.11021 -2.13738
369 18.3666 7.91698 1.39561
370 23.2421 33.5896 0.955076
371 37.2078 17.3472 -0.240104
372 22.1567 26.2978 -4.50638
373 16.0479 18.431 0.0661087
374 8.24235 14.1519 0.143067
375 8.00012 8.73732 -0.0798411
376 37.8393 29.2039 -2.71953
377 33.2486 10.6088 -1.87182
378 17.4503 5.63135 0.320677
379 3.61791 37.5173 3.81473
380 34.492 38.6358 -1.51194
381 14.8094 0.0281684 0.679687
382 3.29531 13.6001 2.77762
383 18.5109 27.6054 0.161442
384 27.055 7.26482 -1.15308
385 18.2454 28.1172 2.95117
386 26.8829 9.22322 0.935824
387 0.959493 2.01629 2.80111
388 34.4872 31.8901 1.80179
389 16.3343 38.0127 -2.09341
390 31.2865 9.78751 -2.06812
391 9.12209 11.0728 -3.05892
392 26.3131 17.605 0.299633
393 18.4552 36.4946 -2.18072
394 28.1144 10.921 0.920524
395 1.15901 14.1056 -0.814352
396 14.8466 39.568 1.82008
397 7.3912 16.819 -2.63449
398 29.6792 33.5827 1.13254
399 27.8553 12.6555 0.350229
400 4.44062 1.05232 2.68933
401 29.2013 28.306 -0.102752
402 39.4227 9.65309 0.975357
403 10.1107 28.2731 -3.52297
404 20.8474 30.906 3.04564
405 4.85392 22.7678 3.9258
406 17.7068 9.51386 2.38647
407 2.169 11.6394 -2.14151
408 11.3591 5.90674 -1.42335
409 30.3845 10.8056 1.86331
410 16.6201 23.1238 2.72665
411 16.7578 36.6455 -1.51277
412 2.42412 4.13263 3.91996
413 6.93772 22.5514 3.54961
414 10.7643 3.62923 0.351594
415 9.90444 26.7605 -2.72802
416 5.10978 33.4595 0.226125
417 1.88834 2.05199 1.1128
418 25.5494 22.619 -2.01178
419 25.6757 10.7778 -0.358705
420 26.6002 1.12156 2.82053
421 8.24433 13.1376 2.65887
422 8.60949 14.1293 0.316327
423 38.6887 9.72912 0.182421
424 23.0076 18.9302 0.0232583
425 20.7347 4.62925 -0.725034
426 10.3288 16.5667 -3.57541
427 19.1021 25.6034 1.39597
428 8.43316 2.76035 0.899161
429 38.6531 4.36566 0.183422
430 10.1726 17.091 -3.33338
431 5.72623 9.94429 1.55851
432 14.2405 29.9962 2.80357
433 25.7473 22.4488 -2.86496
434 11.4196 21.8713 -1.98442
435 1.163 31.3071 -1.20629
436 37.7724 31.0983 2.95912
437 7.89773 2.91907 -1.82497
438 0.0476808 0.774451 0.762002
439 36.891 20.0031 3.01211
440 20.5395 8.29752 -2.78192
441 20.6823 34.6357 -1.0132
442 16.4694 10.4625 -1.09823
443 20.4535 27.8274 1.01927
444 13.9566 22.9093 3.08566
445 13.1876 18.1793 -2.18426
446 20.6662 7.61653 -0.303097
447 11.4996 8.02869 -1.0501
448 32.7352 22.5916 -1.35393
449 14.8387 15.8247 -2.08279
450 8.53947 17.753 2.95757
451 34.717 17.9346 -2.43625
452 8.15689 9.06378 -1.1378
453 7.4371 15.7994 2.34457
454 35.561 10.3123 1.85498
455 26.8792 39.5028 -0.540154
456 13.1711 12.4732 2.18754
457 26.3382 14.2702 -2.05932
458 20.8748 18.7189 -0.849782
459 18.097 36.5213 -0.668019
460 8.2081 1.75011 -0.852873
461 10.6673 3.20781 -0.0957194
462 20.7617 20.7332 -2.95897
463 5.6907 32.9551 -3.0215
464 29.0859 34.3809 0.41745
465 30.3892 10.2815 -0.374756
466 34.673 24.3926 -3.09472
467 6.89318 33.0683 -1.39784
468 10.7555 31.3138 2.67464
469 26.1967 33.047 -0.348992
470 13.1995 16.3094 1.07216
471 31.7037 29.3229 4.6781
472 17.5548 1.1823 0.566606
473 14.9606 39.4716 2.03475
474 5.73829 0.931426 2.11366
475 33.2281 0.53433 -2.09454
476 14.3814 16.7672 -2.53956
477 9.8776 36.5612 -2.64019
478 30.47 26.8489 -1.85209
479 38.1399 31.8496 1.67287
480 35.8785 27.0483 1.1626
481 31.8642 1.00734 0.487036
482 13.6914 0.788522 2.51343
483 8.52288 36.9839 -0.84491
484 26.0328 39.9921 -0.376923
485 1.67997 36.8874 -4.36843
486 16.8167 29.7433 0.378847
487 32.8623 30.5441 -2.9868
488 39.9752 7.91736 -3.12401
489 21.0142 9.41724 -4.08993
490 39.8204 5.89817 -3.13097
491 16.6653 15.2859 1.24765
492 19.2894 36.7834 -1.33369
493 1.45904 29.3994 2.96321
494 7.42765 15.3591 1.06773
495 38.3908 7.73106 -2.34043
496 25.9941 29.8526 -0.736703
497 15.945 37.3573 -0.932449
498 20.0439 12.0625 -3.85013
499 10.66 18.3852 -0.712945
500 7.63567 8.90652 -0.946673
501 33.357 8.61702 -3.54609
502 5.7832 2.51471 -3.90462
503 21.4957 26.3458 -3.92652
504 2.7889 2.93485 2.75735
505 9.54832 7.29843 2.06545
506 29.1107 26.8919 -1.69639
507 24.0776 10.6612 -0.369393
508 10.7669 31.0144 3.71685
509 16.6198 39.7362 0.564265
510 34.0995 11.0343 -0.87844
511 21.276 30.5875 1.40907
512 31.8918 28.8864 1.18634
513 19.8274 23.0003 3.14037
514 1.39682 35.4933 -3.53575
515 13.6936 13.5341 3.09044
516 15.8039 37.276 -3.16875
517 15.429 12.8309 0.480358
518 36.8115 39.586 -3.21046
519 23.1778 21.5367 3.98262
520 0.466979 5.00042 2.59383
521 36.9967 33.4442 3.65415
522 28.1997 22.1914 0.95577
523 10.7091 21.3034 -1.65735
524 16.4022 22.3932 2.60693
525 12.1185 16.0735 -3.68451
526 17.5549 26.9459 0.752569
527 13.195 3.77839 1.94383
528 16.8442 7.71251 1.60716
529 33.5769 33.4708 2.35643
530 28.4616 15.4914 1.62543
531 26.9832 39.3881 -0.179022
532 20.2765 1.06386 -4.0802
533 3.45785 33.0616 0.954083
534 9.97874 27.9208 -3.53948
535 31.3022 7.92057 -0.893326
536 36.0768 14.6475 3.23763
537 2.38151 27.4198 -1.32299
538 19.6403 38.1527 1.64182
539 21.0916 15.0406 -2.70387
540 39.286 16.6018 -1.55093
541 24.2049 25.1381 1.93065
542 33.5123 37.824 0.984037
543 7.37548 17.661 -3.49905
544 39.9746 32.0062 -4.09284
545 4.11776 21.6495 3.70992
546 35.8334 39.6386 0.441559
547 5.41121 11.3033 1.51598
548 36.4378 38.9802 -2.70156
549 0.0475073 30.0618 -2.70572
550 39.1986 29.7148 -4.1329
551 32.8595 8.58537 -1.10121
552 13.9835 1.73588 0.514844
553 9.40037 32.9343 2.42694
554 11.528 5.16508 -1.12073
555 35.3041 10.2027 -0.465858
556 39.0056 12.8619 -0.394917
557 6.99782 12.2192 1.98608
558 28.1645 2.49021 -0.3635
559 31.2568 32.5719 -3.23938
560 34.7294 21.1054 -0.569221
561 0.611195 39.5199 0.0256463
562 10.0479 24.5222 4.14528
563 4.99989 10.083 -0.0161057
564 9.27663 24.2164 -2.69095
565 6.20446 19.9506 -1.45048
566 17.4155 37.0039 -0.541984
567 27.4125 17.1158 0.593807
568 1.44675 4.18107 -3.30466
569 30.8642 29.3451 2.77848
570 6.88131 27.758 -3.29448
571 15.5933 11.0151 -0.725882
572 28.5652 27.1079 -1.92332
573 20.5895 31.7646 -0.706585
574 8.8387 21.799 2.08929
575 11.5103 15.2337 2.03293
576 3.00566 3.98542 3.35763
577 21.5941 33.676 -3.51183
578 12.6171 34.2096 2.19046
579 13.6434 13.447 3.20555
580 7.36347 27.2961 -0.965818
581 6.14454 23.9266 -0.510548
582 14.9092 23.2126 2.00302
583 19.6474 28.3384 2.05843
584 5.41779 14.7108 -0.263079
585 3.27159 23.6533 -0.724928
586 23.805 19.7291 -4.34986
587 31.2373 38.4308 3.24316
588 17.5443 35.9958 -1.88494
589 21.8432 10.7891 -4.45899
590 1.74003 4.66921 -2.70673
591 12.787 26.0185 -1.82566
592 23.5304 27.1088 1.31405
593 6.17307 19.6044 -3.43639
594 5.20083 5.54033 4.34472
595 30.5544 28.1042 -2.14037
596 2.00662 39.5583 -2.7352
597 28.2593 10.0641 -1.14616
598 1.36907 13.2269 1.2707
599 9.03307 0.195621 -0.254676
600 37.1646 38.3848 -0.434591
601 20.3304 35.1799 0.346461
602 14.0782 15.7053 -2.04498
603 16.1778 7.60441 4.15081
604 33.083 31.437 -0.836983
605 18.3233 23.0836 1.3
606 38.7169 29.9231 3.47956
607 0.943821 11.3948 -1.80141
608 4.32475 2.83896 0.526211
609 26.39 9.81896 -1.10619
610 32.7547 29.051 -3.3572
611 37.3023 26.9176 -2.99102
612 17.8227 9.41851 1.91762
613 16.0239 9.57459 1.27931
614 36.9411 38.9451 -2.1672
615 32.9833 4.52585 0.447058
616 36.0779 18.2214 3.19313
617 23.7598 27.1547 3.03409
618 3.81137 3.58592 2.98116
619 20.868 28.6606 1.34136
620 39.2256 3.53329 -2.46151
621 25.3013 19.2014 -1.90497
622 30.9588 5.75491 -3.07504
623 18.8818 19.2698 -1.81639
624 39.9922 7.51836 -2.98702
625 10.792 7.95369 4.40928
626 2.58888 3.4717 3.75339
627 6.83291 0.455985 -1.78842
628 17.821 6.52516 1.81485
629 26.0893 7.64178 4.60618
630 1.30842 2.08754 1.13444
631 29.4403 0.968837 2.71713
632 37.6497 32.3628 3.92897
633 4.86277 21.3382 0.873489
634 38.359 8.69227 -1.91903
635 28.7625 22.8725 1.8372
636 21.2641 11.9369 -2.54407
637 3.91113 32.7103 -1.71945
638 33.1493 29.2887 -1.90468
639 28.1914 22.5423 -1.30769
640 8.54912 17.4195 2.66211
641 36.8168 8.23426 -0.0608507
642 13.2114 31.5964 -1.26544
643 28.6625 36.5667 2.92979
644 12.3769 2.44655 -2.45783
645 8.32868 5.94745 -2.19345
646 14.3887 5.1453 -0.743197
647 10.6467 3.44716 -0.965598
648 29.1573 30.7174 -0.599162
649 14.3084 11.2435 -0.12777
650 28.0506 20.0078 -0.154773
651 28.5934 17.5058 -2.83456
652 6.54068 29.9581 -2.81505
653 5.01506 38.8728 -0.492232
654 23.3547 18.2253 -0.0559837
655 31.8971 30.6075 4.21151
656 14.7199 8.46655 -2.76683
657 29.2688 11.569 1.44517
658 8.32941 23.1736 0.441597
659 1.03144 2.4082 3.40901
660 24.0909 19.2233 1.37032
661 4.19113 14.7194 -1.10229
662 38.6155 0.328316 -1.1895
663 1.99379 20.2291 1.76705
664 34.1931 19.8507 3.28802
665 36.9032 33.4024 1.55825
666 28.3709 0.00485387 -2.35909
667 32.7939 29.348 1.23314
668 9.01323 31.1088 4.12671
669 8.76697 29.8146 -1.78916
670 33.5314 32.3829 -4.27756
671 35.597 0.542498 -2.24729
672 14.5677 36.7908 4.3711
673 0.575586 9.59397 1.90143
674 4.66524 17.9601 -4.03633
675 28.7036 12.1192 2.10717
676 0.696908 3.57414 3.07389
677 9.14095 18.4225 1.35862
678 26.9217 2.06058 0.553583
679 21.6699 25.2508 -2.97282
680 27.3266 36.8256 3.0908
681 15.9797 36.478 0.11636
682 37.9717 38.9404 -1.46816
683 20.5593 26.1883 2.57903
684 6.07825 27.4605 -0.218059
685 26.0767 24.1071 -0.222816
686 1.31267 37.1987 -4.22795
687 20.1943 20.1678 -1.65545
688 26.2392 9.20289 1.78796
689 7.50715 2.98232 -1.37203
690 7.30557 2.12808 0.897818
691 17.8987 32.139 -0.730958
692 27.4106 15.7829 1.97116
693 39.3727 23.2114 1.06432
694 32.3368 16.5022 -0.462106
695 10.7625 27.9117 -4.46203
696 17.6038 23.7899 -0.526773
697 26.5492 1.97249 -2.35627
698 0.445372 12.2205 -2.16351
699 0.506478 28.827 1.08569
700 7.82375 1.52085 -0.407601
701 13.4111 3.50854 0.259675
702 9.05786 38.5907 3.31295
703 1.67271 10.4061 0.902034
704 29.0128 39.8314 0.309153
705 5.45431 22.6155 2.97125
706 35.0435 32.4049 0.257359
707 19.977 39.9746 -2.34852
708 39.0082 23.1288 1.64292
709 29.3067 14.5213 -0.098814
710 13.727 2.45631 3.45898
711 37.9865 31.7597 3.08381
712 30.7528 27.373 -3.01117
713 37.2042 17.1605 2.46406
714 31.1359 38.1178 0.731981
715 38.0934 29.2739 -1.42555
716 15.7075 31.8943 4.25987
717 17.2643 31.5141 1.4755
718 3.42187 30.2258 0.707705
719 11.2417 30.2535 4.29223
720 16.0456 18.727 -0.130741
721 20.7968 35.4611 -0.451944
722 3.52251 3.53526 4.38982
723 8.06452 39.2831 1.85673
724 21.6573 0.0449019 -0.543361
725 28.4682 33.2062 2.29508
726 2.72306 31.8072 3.19218
727 12.1699 22.1185 -1.43894
728 1.60115 34.5515 -3.00821
729 17.2373 1.89315 1.04437
730 21.8525 10.9631 -2.20429
731 37.6516 18.3833 1.9132
732 20.6544 39.9997 -1.53769
733 27.917 28.5499 -2.60721
734 38.7167 9.16186 1.49148
735 13.9177 31.5542 -2.39194
736 26.4225 25.146 -2.50133
737 1.02149 35.833 -0.173374
738 19.3997 11.6817 -0.578044
739 10.3005 19.9345 -0.939175
740 33.6934 21.0946 -2.82216
741 1.11704 22.0243 2.5342
742 17.1812 20.3615 3.27192
743 24.7351 22.0461 -0.140965
744 32.2297 22.4875 -2.34488
745 17.8089 36.4025 -2.41523
746 16.2826 9.20602 1.50281
747 15.864 26.6184 2.01759
748 15.7618 32.5392 3.26664
749 9.95398 2.24743 1.49871
750 3.8108 32.1837 1.01289
751 2.49206 31.7605 -0.453575
752 7.78454 17.6446 4.47244
753 20.9609 20.0992 -2.82798
754 28.1594 22.8474 -4.30934
755 34.7957 5.08376 -1.08953
756 11.1582 9.41532 -4.26669
757 0.774995 35.3862 -3.34834
758 1.15178 16.0189 -3.02005
759 9.61323 26.3493 1.38996
760 38.7476 29.4175 -1.67667
761 7.78008 16.7066 -2.53839
762 17.5954 24.013 2.49489
763 7.36962 1.56348 -1.43816
764 14.1547 16.6511 -2.51011
765 36.4866 19.5054 2.90686
766 10.9198 11.3397 2.11521
767 34.7871 11.6278 -0.734047
768 8.31242 18.0061 3.8373
769 11.4177 30.5224 1.41749
770 5.38591 27.3529 -0.63382
771 10.8331 21.0356 -3.50707
772 12.7031 30.415 -0.36396
773 34.4387 31.418 0.895951
774 2.77086 31.6037 2.74068
775 16.2512 8.40936 4.19401
776 8.9209 11.5053 -0.00206786
777 34.6993 25.2004 -3.81049
778 33.5157 29.0608 1.56785
779 18.177 4.27807 3.82114
780 39.9313 4.95283 -2.66297
781 15.2065 37.2852 -1.1761
782 10.026 6.58429 2.34508
783 12.4136 12.8957 1.31571
784 31.5441 0.933104 -1.3651
785 20.7172 9.30416 -3.92981
786 7.56035 16.5629 1.8303
787 39.7514 6.97908 -1.88013
788 3.69571 30.4706 2.31024
789 1.12064 1.61885 0.39926
790 9.00807 25.5273 4.5133
791 8.26344 21.3555 1.59802
792 10.5645 21.4209 -0.82977
793 17.8265 36.573 -3.61623
794 21.2323 24.5609 -1.76017
795 1.60105 1.10485 -4.30719
796 12.9605 15.1871 1.52426
797 0.25811 30.6253 -4.00549
798 33.5224 10.9869 -0.250919
799 30.9157 2.60222 1.06213
800 36.8073 10.5271 1.03606
801 18.0059 23.0313 0.954909
802 35.7246 25.983 4.327
803 11.8647 2.9547 -3.48604
804 0.697005 20.5093 0.756309
805 1.3346 23.9036 -2.6102
806 6.88302 28.6043 -1.1725
807 28.9017 17.0206 -2.65928
808 16.63 32.3876 1.48929
809 27.0523 26.5969 0.759616
810 15.2741 29.6197 2.24591
811 35.4546 23.1021 0.590921
812 8.91112 4.27605 -1.11764
813 8.32767 11.0481 0.692053
814 31.242 37.7814 1.00912
815 23.8333 18.7472 1.86012
816 15.0927 39.8374 1.6563
817 16.9877 32.9808 0.679454
818 2.29303 3.59352 2.76267
819 29.3536 7.30019 0.567411
820 11.552 0.437383 -0.0577329
821 14.1649 8.07432 -2.3183
822 5.45671 38.4011 -3.85468
823 20.0495 3.70968 -3.22858
824 27.8939 13.2637 -0.246282
825 38.8105 0.817872 -0.861547
826 3.43267 16.1285 -0.338686
827 34.344 10.9964 0.487864
828 14.0796 16.6506 -1.99698
829 13.2593 31.8911 -1.44864
830 9.82517 12.9832 -1.04384
831 24.5951 35.9183 -1.99307
832 31.8095 1.95297 0.518732
833 15.8032 12.8612 1.58094
834 17.6751 9.78325 1.71011
835 2.55894 34.8344 3.03722
836 17.4073 31.1504 -0.150114
837 29.8547 36.5557 -1.09537
838 17.5286 2.55844 0.479794
839 11.045 12.9895 0.814461
840 27.1686 16.8258 4.04385
841 26.2508 34.0978 1.1528
842 22.5514 35.1354 -0.566719
843 20.1359 4.52956 0.433157
844 3.16807 23.6965 0.42249
845 5.63737 30.2321 -3.90063
846 6.70103 16.4933 -1.15903
847 3.09169 24.0035 -0.801818
848 25.6769 25.2711 1.16354
849 20.8972 19.773 -1.43935
850 34.2751 35.2951 -2.20363
851 8.12276 2.14979 -1.5415
852 29.784 25.9421 -1.32122
853 16.0221 18.2615 -2.10118
854 8.08217 1.40249 0.807853
855 14.2386 34.5107 -4.15261
856 13.0902 31.3255 -0.947604
857 10.6164 32.1597 0.242768
858 32.6995 29.4614 -0.659211
859 11.1003 35.1614 -1.43166
860 39.4974 17.5084 0.0751585
861 6.31051 14.667 2.78394
862 3.72365 24.2269 1.90148
863 16.1635 9.60776 0.48557
864 10.0688 8.71788 -2.46152
865 20.1216 28.6228 3.06194
866 30.538 39.2016 -1.96829
867 28.637 24.5305 0.364918
868 34.9844 31.0434 0.692376
869 1.27402 16.4714 -2.81368
870 0.177591 3.16788 -2.19554
871 18.8513 19.895 -1.19879
872 39.0115 16.3903 -1.05108
873 8.07967 17.4209 -4.64628
874 22.3944 11.441 -0.8856
875 30.3886 2.02813 0.844169
876 20.2224 23.6721 1.62126
877 38.6712 12.7858 -0.424489
878 37.4667 1.80943 2.96537
879 8.06853 35.3506 -1.32268
880 33.8339 24.1179 -3.12341
881 14.0889 24.1257 0.552334
882 29.2936 4.68871 2.71425
883 37.0198 28.6033 1.43526
884 36.5798 14.2234 3.49143
885 15.6891 9.69591 0.972351
886 18.1801 19.6624 -1.38639
887 3.05646 21.4492 0.581759
888 34.1667 28.7691 1.03826
889 38.2452 5.86573 0.665257
890 14.8029 9.56316 2.23474
891 21.8955 24.0871 -1.51309
892 26.5179 10.2168 0.448739
893 31.9111 24.9987 2.26224
894 21.9416 26.1942 -3.29841
895 34.5124 7.89734 0.49206
896 14.8827 38.2737 -3.40233
897 4.06418 14.2937 -1.38544
898 24.9749 19.8637 -1.16291
899 8.3725 23.8923 0.509688
900 10.5899 0.0805473 1.94903
901 0.326282 1.37947 1.67533
902 3.50994 29.0119 0.938785
903 15.4734 35.9371 0.82228
904 17.84 36.674 -0.30474
905 33.6489 35.2825 -3.33352
906 21.1695 15.242 -2.80135
907 11.4361 25.3344 -4.22117
908 32.3088 38.9854 -3.28244
909 9.91025 1.21459 2.41249
910 3.41842 23.9907 0.908159
911 36.4241 1.54683 1.30925
912 27.0849 16.5681 1.86946
913 33.0104 33.3093 1.03356
914 36.7365 24.0672 -1.01849
915 39.0846 1.80349 4.27879
916 37.3584 18.6412 1.10477
917 17.3003 25.6527 1.03976
918 35.9377 7.74291 -1.53888
919 24.8721 29.8893 2.27067
920 0.721074 22.0106 0.12186
921 31.2698 17.7456 -0.615034
922 26.0854 18.3755 -1.50895
923 6.66386 26.6451 -1.17493
924 32.4431 25.2973 3.95288
925 16.7028 15.7556 1.0984
926 16.2454 8.7539 2.67462
927 0.085677 31.7204 -3.92553
928 32.4387 1.06764 -1.46841
929 12.0423 27.0849 -1.54902
930 8.62193 1.49847 -0.620298
931 9.85837 23.8397 2.17218
932 31.7974 25.4746 2.7676
933 17.9944 39.394 0.466755
934 29.5573 19.9964 -1.5997
935 5.94076 12.3911 1.8611
936 14.5722 18.4133 -0.153879
937 22.48 5.77541 -2.43693
938 15.5089 17.8047 -1.15559
939 10.3789 1.50576 0.713592
940 14.5198 24.7754 -2.30075
941 33.4359 24.8609 -4.03349
942 6.53149 16.607 -1.48873
943 11.2714 4.98989 -2.7859
944 9.3923 1.74882 0.173099
945 5.58198 9.12087 3.25444
946 12.9339 20.465 -1.17611
947 13.9219 9.68697 -1.09189
948 17.3319 8.12018 1.21453
949 7.90607 9.57159 -0.097449
950 3.94037 28.414 1.93615
951 9.04603 5.06694 -1.51761
952 9.97025 21.9836 -1.44565
953 36.6721 22.3212 1.14142
954 12.3955 33.5075 0.220991
955 7.63906 2.14066 0.876968
956 31.0726 15.0627 0.884462
957 37.2806 18.9787 1.20724
958 6.0295 3.03314 -2.79036
959 37.3643 15.583 2.25232
960 12.1594 30.7429 -1.29857
961 8.6999 27.2211 -3.72342
962 12.417 26.5174 -0.84468
963 10.6169 37.4256 -3.63584
964 38.9407 9.39525 -0.910972
965 1.29035 29.9483 -1.92907
966 14.7522 10.8994 0.941127
967 19.5402 0.343679 -1.70204
968 36.8266 12.0554 1.54248
969 16.1891 7.34189 4.94917
970 13.6465 1.64324 1.17457
971 15.5312 19.1553 -1.8191
972 12.2267 18.0188 0.951531
973 3.34836 18.7094 3.93391
974 38.9824 26.9372 2.17428
975 7.13681 19.5769 -4.42307
976 7.56389 14.4956 3.34433
977 4.79479 0.295573 2.85803
978 10.5237 33.1955 0.507934
979 9.86414 1.67591 0.577684
980 29.7305 13.2706 -0.719908
981 5.2386 19.6988 1.6429
982 1.81758 38.8468 -0.654785
983 34.6956 24.1013 -3.65259
984 9.31814 26.2995 2.75486
985 39.5661 28.7111 -4.91024
986 22.7102 21.7141 3.99797
987 11.6407 9.3703 -1.01792
988 10.9791 19.6675 -0.707658
989 24.7125 28.6068 -1.13037
990 20.2511 19.7832 1.67958
991 12.4869 20.8452 0.349729
992 9.43576 4.23234 -1.17294
993 14.5599 11.2379 0.480474
994 22.3057 19.1734 0.900097
995 15.4795 11.8092 -0.21748
996 35.1259 21.3075 2.50719
997 6.4631 15.7748 1.34838
998 34.1409 35.1686 -1.67628
999 37.7704 4.80809 -1.20007
