1000
Particles
0 39.6109 3.73477 -1.87095
1 34.2955 18.11 -3.24682
2 24.254 2.70204 3.34435
3 10.8612 36.4312 0.88302
4 8.96044 17.2639 2.26784
5 27.0463 3.11064 0.60832
6 26.1208 2.40081 0.0575739
7 35.9001 17.3697 -2.11999
8 5.40557 31.3312 -4.63767
9 31.6096 27.5721 0.883131
10 24.8244 31.8773 -0.886237
11 1.08453 32.9185 1.03235
12 1.30149 23.9322 -2.02998
13 39.92 6.29613 -0.476131
14 33.0263 18.6566 2.86405
15 29.3964 34.7317 3.20616
16 26.2491 32.8657 1.78405
17 33.014 12.0664 2.88796
18 36.2044 11.3981 3.06376
19 14.037 18.3161 -0.502399
20 11.7707 16.1958 -1.56388
21 39.0879 39.9139 -0.778751
22 37.1141 26.353 1.93213
23 27.7779 16.5461 -2.72945
24 28.4359 14.735 -1.86149
25 0.862194 31.5424 2.15569
26 23.4244 30.9792 3.04954
27 15.7774 18.6728 -2.60148
28 7.03223 35.2215 -3.01235
29 34.1227 8.89107 -2.18274
30 20.3695 27.4003 -2.67502
31 10.181 18.8286 -1.42527
32 13.5438 10.0419 -1.02938
33 5.32757 38.8314 0.20244
34 17.3789 16.3325 2.63915
35 29.1491 39.3493 -0.528639
36 12.6715 37.3069 -2.04326
37 1.46716 22.6568 -0.489515
38 23.7761 36.805 -4.15272
39 32.7898 14.1567 -0.367446
40 34.3208 37.4418 -0.255196
41 16.2801 16.8502 -3.20473
42 28.9433 21.4321 -2.15225
43 23.2422 33.2204 2.5695
44 19.6754 20.1534 0.176178
45 9.61876 25.8687 -0.743815
46 4.48275 9.92852 -0.464461
47 34.5973 5.44945 3.52535
48 1.33143 32.2172 2.16862
49 9.2863 31.8463 -1.65036
50 36.9542 3.41257 -0.0105193
51 14.7371 3.48848 -0.727872
52 35.7376 5.78129 2.00198
53 12.8401 11.3877 -0.545697
54 33.1472 27.6445 -0.410327
55 0.862266 17.1026 -3.58757
56 29.6176 6.98542 -4.05912
57 0.621667 31.3398 0.967189
58 37.8913 11.2817 -3.27688
59 2.99894 32.9242 3.81176
60 9.01416 26.7066 2.13235
61 17.8889 25.0594 1.91523
62 29.9135 38.8066 -2.65523
63 10.6042 17.1209 0.274933
64 0.0906543 25.2039 3.15769
65 17.2839 4.41114 0.164635
66 7.42911 22.2015 0.240568
67 20.5223 22.1844 0.573608
68 8.92664 6.66666 0.025638
69 16.3684 9.93159 2.74775
70 7.03728 34.6405 -0.883995
71 12.4663 10.2756 1.78647
72 6.81934 14.47 -3.82576
73 19.0041 23.7882 2.67164
74 10.7597 36.5362 1.05195
75 3.20892 37.2917 -3.44677
76 19.4598 10.462 0.760627
77 13.6555 26.2026 -4.40793
78 35.6337 26.7074 1.24059
79 35.7431 4.04816 -0.980586
80 35.7208 5.92666 2.94175
81 8.79741 24.0335 3.60986
82 11.6176 6.72689 0.0584622
83 17.2996 22.3391 0.385856
84 24.0454 17.7983 0.681304
85 39.7534 16.5596 1.62474
86 22.3574 6.98975 2.56195
87 18.3535 37.1025 -3.50909
88 2.9233 0.162097 -1.2969
89 10.3086 34.0412 -0.42529
90 33.5881 33.5253 0.876957
91 25.6838 10.9078 -1.17641
92 16.7002 17.4565 -0.11745
93 15.4433 10.5921 -0.835033
94 10.833 13.3925 0.764229
95 19.4828 5.57681 -3.5302
96 11.1865 26.8756 -1.50093
97 24.492 31.9678 0.400902
98 38.8309 26.2966 -0.273026
99 8.41681 31.8688 2.33262
100 31.4748 12.6049 1.32572
101 17.9229 21.8449 3.54958
102 19.1138 35.1466 4.28256
103 13.2563 1.12669 -2.26376
104 27.6709 4.50605 0.966837
105 23.2988 30.0452 2.19368
106 37.1674 10.8687 0.26859
107 18.8039 21.7618 2.98524
108 27.969 8.7603 -3.48233
109 33.378 29.5553 -2.7445
110 10.2061 36.0024 -0.527765
111 10.2895 33.7816 -4.02242
112 33.2171 38.7506 -3.27689
113 32.5337 19.283 -0.0253853
114 2.43402 28.1694 -2.87393
115 29.0654 21.4565 -2.6636
116 25.8247 27.9003 0.850329
117 20.4301 30.0208 -0.951639
118 22.4012 38.6778 0.966218
119 38.382 16.4374 1.85575
120 37.3728 31.1766 3.04894
121 25.3338 16.1972 -0.576507
122 37.3783 11.4145 3.91852
123 5.98729 22.5791 1.06881
124 15.115 39.8633 -1.41378
125 22.5904 34.8397 -1.84526
126 22.0149 23.4549 1.13376
127 0.904114 3.02205 -0.811901
128 32.6535 10.453 -0.571802
129 3.24344 15.5092 0.442271
130 34.6699 5.81697 0.398678
131 30.0116 30.5474 -1.36861
132 18.1466 34.9298 3.08165
133 29.2432 33.687 4.47783
134 12.8332 36.1829 -1.95645
135 18.3888 3.6363 -0.70918
136 24.498 8.82113 -4.24258
137 32.8242 39.5681 -2.67974
138 10.9 21.577 2.36593
139 16.0961 3.30495 1.08343
140 16.5733 32.1435 3.86942
141 36.4653 31.0577 3.8773
142 26.3831 38.3781 -4.04594
143 15.8368 27.8813 2.23861
144 9.99664 25.2099 0.725986
145 26.1842 24.5779 -1.62585
146 35.4085 7.88636 -1.39427
147 35.0325 35.9538 -0.831717
148 37.9962 9.78394 -0.130958
149 15.3956 23.4573 -1.38446
150 14.9004 14.3171 -1.37663
151 36.814 37.7568 -1.94003
152 14.8978 15.6764 3.57243
153 24.894 1.02688 -3.26813
154 31.9387 32.9031 -0.761872
155 30.0405 33.1683 3.55128
156 35.5621 26.5743 0.526667
157 15.8177 15.854 -1.70648
158 20.0366 29.075 -1.90084
159 14.101 30.5034 -1.59069
160 6.45715 13.6807 1.78053
161 9.76414 21.3784 2.87585
162 25.1087 37.9301 -1.32106
163 9.6977 8.2526 -2.55315
164 16.4867 1.23557 3.13346
165 23.945 2.11728 2.34401
166 33.9925 4.4851 -4.57177
167 10.5684 4.75799 1.62439
168 36.8017 19.5987 -1.50598
169 1.70145 35.392 1.62944
170 38.0002 34.0346 2.18291
171 17.01 35.0463 -2.73229
172 37.6093 17.1061 -2.77448
173 22.097 28.742 -0.131547
174 10.5433 35.9608 1.42617
175 3.43994 14.2002 2.60603
176 23.7606 23.6652 1.13445
177 18.0743 8.12402 -1.56042
178 22.5359 14.9887 -0.741658
179 28.9088 9.04718 -3.67948
180 11.8609 5.89636 1.61997
181 33.7966 31.7934 -4.76995
182 16.1564 14.8238 1.86608
183 6.71859 19.7401 -0.417794
184 21.9177 36.5843 -1.02123
185 9.80867 8.98357 -2.70466
186 30.1377 7.78087 -2.61449
187 8.16725 34.6195 -0.722438
188 26.8561 17.1749 -0.355641
189 10.7861 25.6405 4.30245
190 25.2414 23.0945 -2.34313
191 10.0323 32.2619 -1.20596
192 32.0596 8.71629 -3.0337
193 30.701 19.2831 3.80917
194 9.52413 29.376 -3.57091
195 19.2378 18.8584 -0.272988
196 32.2855 35.9207 -3.2806
197 15.6722 0.459742 3.25029
198 27.7013 15.6326 -1.86859
199 12.8776 11.4349 0.723846
200 38.404 38.6182 -3.30221
201 33.4869 16.2976 -1.54577
202 16.924 19.1738 -0.277965
203 25.9354 12.469 -3.73311
204 31.6896 35.3113 -2.59073
205 37.4762 35.255 3.33231
206 14.4317 5.42976 1.80978
207 37.8376 31.3945 1.64541
208 29.6706 30.1705 -1.89116
209 11.0073 33.7784 -2.92329
210 6.2837 23.7241 1.72601
211 35.0314 25.3558 0.113182
212 38.2166 31.9657 -3.02214
213 1.05598 9.86896 -2.20672
214 36.0926 23.8323 -1.7015
215 36.8355 21.3437 -1.08384
216 28.4682 22.5719 -1.83181
217 4.19278 9.54677 -2.5445
218 18.6794 20.2371 1.51408
219 20.6776 7.6743 0.428536
220 19.9092 6.32496 -2.53984
221 23.8125 8.80319 2.34143
222 32.6721 25.5359 1.51019
223 19.0559 36.4327 -2.626
224 9.69726 31.9435 -3.12064
225 33.9108 13.0053 3.59249
226 5.71313 21.8731 -0.22537
227 7.94048 2.16543 1.18151
228 24.3562 7.93729 -3.62227
229 36.8567 20.9802 -0.179705
230 24.7663 7.72511 -3.0725
231 15.4746 17.0933 -0.715193
232 29.3655 13.0168 -0.0825607
233 39.8147 12.1227 0.579196
234 5.89775 34.9052 -2.4567
235 1.08687 9.16347 -2.23556
236 11.283 37.0997 0.135776
237 12.0602 28.8542 0.378621
238 13.6674 13.1923 2.80406
239 36.9766 13.6922 0.708236
240 21.0103 27.3604 -2.7403
241 21.5001 29.3602 0.723679
242 0.126742 5.03769 -1.48649
243 26.7578 38.3598 -2.30027
244 38.7196 17.0096 2.58269
245 20.4506 8.55164 0.000703491
246 31.5571 10.5965 -0.300409
247 1.62841 3.4965 0.00424698
248 6.26268 26.0393 2.01245
249 15.6067 34.4656 -1.01525
250 7.04257 0.465989 -0.38145
251 37.9711 5.13283 -3.57059
252 31.2964 19.5685 1.86551
253 27.7763 7.95729 -3.40301
254 36.8208 30.4924 -0.255231
255 29.8041 24.4913 -4.89732
256 0.414884 4.14111 0.920388
257 29.9803 15.899 -1.82979
258 34.4232 37.2637 1.30485
259 33.105 17.1933 -0.422407
260 3.84855 7.71659 3.93559
261 29.0122 21.7108 0.600964
262 27.9518 31.9237 1.74679
263 2.13643 3.24288 -1.73665
264 0.802164 31.7713 -0.304593
265 3.21683 17.7187 4.18251
266 1.44201 10.9623 -3.99917
267 8.11136 25.8294 2.12743
268 2.3806 30.306 1.05029
269 19.5208 37.4142 -3.37888
270 2.53459 10.2061 -2.87778
271 32.5256 9.51847 0.377402
272 18.3249 14.1796 2.06672
273 32.2292 35.1325 -2.60561
274 9.11834 6.46665 -0.0200261
275 1.47258 19.1929 -0.263618
276 28.1475 26.4964 0.0292757
277 8.02018 30.5365 1.55667
278 3.62829 3.64811 3.32385
279 7.85391 19.0124 2.41984
280 35.276 19.0095 -0.827966
281 29.2068 16.8708 -3.96085
282 15.826 17.1391 -0.017754
283 18.2082 38.7322 1.28915
284 31.8308 23.4699 -0.753606
285 34.6725 38.3114 0.706228
286 34.0101 9.4336 -1.50453
287 8.15237 19.0555 3.18184
288 9.21351 35.5122 0.416764
289 18.079 30.4724 -1.41321
290 36.4993 20.8872 -1.97652
291 15.739 17.238 -2.37138
292 0.801883 26.979 0.223087
293 6.8164 6.1317 -0.515585
294 27.6267 32.8152 2.21972
295 10.6602 7.34715 3.38998
296 29.7621 23.504 2.09605
297 2.98949 26.7403 -3.41037
298 25.8505 27.1331 1.85656
299 17.699 33.2957 1.50913
300 25.3691 7.2078 -4.52314
301 29.4954 21.3933 -2.3086
302 14.3888 35.5906 -0.256492
303 6.23262 30.4022 -0.63817
304 13.6244 23.5102 -3.30645
305 6.68523 22.7693 1.17448
306 30.8011 13.4956 -2.41892
307 8.73924 19.5715 1.76829
308 0.465592 18.6832 1.10761
309 14.7268 0.824807 2.44072
310 15.7993 21.1194 0.584502
311 25.0032 5.25765 4.69794
312 1.27436 37.5955 0.716916
313 37.9201 1.88301 0.225593
314 19.2367 4.03 -0.476872
315 1.63286 29.869 1.90402
316 35.012 37.5841 1.66141
317 32.3421 34.3815 -0.542356
318 24.6033 23.1693 -1.7413
319 5.42168 0.694976 1.70902
320 2.843 20.919 -1.06004
321 30.5121 6.01963 -1.86671
322 8.70272 37.7325 -2.15233
323 18.1459 37.1262 -0.451404
324 33.4584 14.2518 1.10799
325 9.42525 24.8444 3.35439
326 35.9402 4.29075 0.693445
327 13.7689 3.4452 -0.447509
328 15.2034 29.9244 -2.68801
329 39.1571 24.4807 -2.07168
330 4.91737 8.3786 1.30347
331 13.7205 32.3673 1.08761
332 35.0265 10.1536 2.0542
333 18.8903 18.8172 0.698665
334 7.68134 7.96912 1.57823
335 9.72003 39.4552 -2.50641
336 21.709 37.0704 -0.993916
337 6.60047 14.8817 -1.77423
338 11.199 32.9397 -4.3629
339 35.105 34.3688 -1.0495
340 9.41124 24.3246 3.28409
341 29.6393 29.6619 -2.27775
342 13.6694 14.2455 0.757139
343 11.0729 14.0596 1.7636
344 10.656 37.6472 -0.622681
345 34.2608 26.1576 0.142706
346 17.6254 6.83255 -1.00533
347 9.44592 33.3892 -0.954784
348 11.8555 21.1604 1.80037
349 14.4902 17.1671 -2.6306
350 9.18511 10.8729 -3.64373
351 8.11609 23.1041 0.167861
352 28.2787 19.9675 -0.0203981
353 25.9101 2.97017 -1.41108
354 37.9564 38.0925 -3.9325
355 21.9768 24.8284 0.379378
356 30.5361 31.7162 -1.84095
357 14.4051 29.16 1.93494
358 13.5689 17.7045 -3.53618
359 39.0108 26.8536 1.23228
360 34.8881 27.5883 1.92866
361 31.3212 28.8765 -1.10983
362 38.0333 24.5669 -0.685344
363 35.6288 3.19028 1.97587
364 5.13691 6.54082 -1.53564
365 5.3862 38.7551 -0.933023
366 12.4518 6.21575 -2.5853
367 15.634 33.3865 1.68632
368 24.0816 5.92062 0.679793
369 14.9439 29.7353 -1.28451
370 19.6357 25.9978 -3.46016
371 26.0946 21.9243 -0.344068
372 27.9902 31.4725 2.44472
373 8.72405 7.26379 1.11313
374 15.2165 20.0242 2.24729
375 12.6895 9.76645 0.195639
376 0.755268 30.9035 -0.0419568
377 3.00774 9.29776 -0.87255
378 12.8401 3.61599 0.541522
379 30.9684 38.9714 0.0245413
380 39.5934 28.3121 2.58209
381 12.0602 31.1747 0.187741
382 37.6828 18.2491 -1.64421
383 13.7156 36.8098 0.833842
384 19.8566 36.9717 0.126967
385 21.4611 20.3685 0.955643
386 20.2157 7.72987 0.368412
387 9.86651 5.21973 0.547914
388 30.2679 24.6162 -0.897267
389 6.64354 3.02459 -0.0374588
390 27.0088 25.3579 3.74584
391 16.0531 15.0605 0.135945
392 22.8211 23.0723 4.09678
393 23.1094 14.3108 0.106201
394 35.0085 38.068 1.52265
395 33.4185 13.4 0.803796
396 1.51063 3.81619 -3.47355
397 5.81407 38.5207 0.316956
398 2.46111 30.9366 4.4717
399 39.7836 19.8169 -1.14517
400 2.22545 0.419634 -3.61921
401 24.6161 32.2737 -1.8463
402 31.9305 5.921 -2.38189
403 37.4133 25.5828 1.09424
404 31.0105 31.9755 -2.20978
405 3.45354 24.3951 0.320999
406 29.6446 39.9672 -2.87449
407 37.5794 3.53111 -4.03749
408 7.31646 13.2966 -0.0165294
409 16.6518 5.49403 -1.7734
410 27.1032 17.1731 -3.88046
411 18.5493 23.8569 2.01559
412 2.5852 9.96495 -0.756859
413 13.4507 10.0496 1.54687
414 3.08678 18.5762 3.0094
415 16.9928 27.2244 -0.831673
416 27.0831 37.8021 -3.54957
417 5.98921 2.96943 -0.439285
418 29.4497 27.3454 -0.0731426
419 25.1392 14.576 -0.335666
420 18.4444 37.2896 -1.82914
421 39.4703 15.7975 -1.85482
422 15.0762 9.53375 2.14563
423 26.7035 11.4903 -2.0069
424 25.6276 22.9398 -1.21939
425 18.8439 38.1117 3.40097
426 7.29318 22.1075 -1.2244
427 16.498 17.6016 -1.2557
428 35.9822 5.38224 2.95758
429 0.0403046 8.51655 1.30836
430 18.4414 13.3817 -0.940249
431 9.2345 10.0263 -2.42173
432 16.7255 37.8423 1.58601
433 31.0286 23.0789 0.164194
434 3.94025 24.7449 2.16542
435 23.8589 38.5181 0.325143
436 2.61038 23.2575 -0.38448
437 12.4397 35.6708 -1.03692
438 8.17752 22.6911 0.389465
439 35.4054 23.6461 -3.25414
440 27.4193 38.319 -2.92192
441 6.92169 2.80472 1.59987
442 15.3081 27.0016 0.682544
443 20.4468 16.9322 2.82098
444 11.2912 10.6537 -2.49724
445 3.85931 24.4051 2.21283
446 20.7747 12.2334 -2.27766
447 39.4003 8.63596 -1.68082
448 36.6815 30.5194 0.117838
449 10.7914 14.643 0.476112
450 11.3279 18.7263 -2.04852
451 3.3377 14.0702 0.40193
452 15.904 15.0797 3.86241
453 3.69726 34.3339 -1.71697
454 0.0401927 9.72451 -2.4737
455 29.5671 3.02909 -2.25226
456 13.0463 9.17481 3.09887
457 22.1927 20.1072 -3.45769
458 36.57 18.6661 0.723825
459 7.61314 11.933 -4.1335
460 13.9663 0.938886 -0.863875
461 9.85802 35.4428 -0.0448973
462 25.4873 15.3963 0.539741
463 2.68276 32.2998 4.0152
464 33.162 20.5881 2.05692
465 36.9069 15.6939 -1.6615
466 34.2743 24.3895 0.706192
467 5.46525 38.3266 1.19379
468 26.1667 34.6693 -1.07346
469 17.7321 29.1148 1.32336
470 11.6431 16.8427 -4.37763
471 36.8186 13.2124 1.83188
472 14.6267 16.581 0.14337
473 13.2127 7.58319 -1.95986
474 10.4091 33.2745 -0.11945
475 35.1394 9.57316 -0.276754
476 21.7651 29.9756 1.47538
477 10.845 34.5379 1.15254
478 35.9251 13.2235 -0.882006
479 5.29457 29.4409 0.368267
480 33.9157 17.256 -3.11294
481 21.1202 35.5238 -3.1876
482 6.68293 30.5743 -1.76064
483 11.6468 29.7079 0.0549816
484 10.8925 34.2155 4.00205
485 8.79994 33.8476 0.834448
486 19.596 28.4207 -1.60879
487 31.9811 27.5688 1.93663
488 35.2842 7.62639 -3.18328
489 21.276 3.35473 -3.7301
490 4.4548 6.74051 -2.98316
491 17.184 11.2133 1.09082
492 25.1872 1.94722 0.800058
493 1.09506 26.6532 -2.02474
494 4.23963 16.877 -0.561128
495 31.0101 13.2548 -1.01473
496 33.0508 21.2219 -1.02051
497 7.71177 34.0454 -0.78905
498 22.3912 15.2666 -0.0732048
499 5.98986 15.2592 -3.73286
500 7.18699 14.6539 1.44427
501 29.378 18.1177 1.86546
502 2.82009 1.15648 -2.01185
503 15.4628 28.4228 2.20965
504 39.1805 27.9114 2.83751
505 7.58041 7.18325 3.29132
506 29.5296 25.2886 -3.73921
507 23.2688 8.03547 -1.69007
508 1.32482 29.9784 -0.631
509 33.8548 2.86247 0.867842
510 32.7381 1.68225 4.60822
511 24.1413 31.7574 -1.3851
512 0.0685837 32.6057 1.11528
513 16.7081 34.4253 0.486791
514 11.96 25.1657 1.83792
515 18.2029 13.6732 2.16476
516 24.7322 2.25579 1.15108
517 13.9634 3.83202 0.481699
518 21.7546 15.0075 0.919721
519 24.5899 10.8618 -0.413419
520 32.8116 4.94372 1.31935
521 33.0244 30.2201 0.00132819
522 19.7184 21.5133 2.65826
523 10.9125 20.4807 1.72079
524 3.08963 24.8592 1.30059
525 8.58114 11.9372 1.55807
526 0.616958 22.1854 -0.463222
527 15.7587 8.33057 0.869697
528 21.1956 5.95136 0.772019
529 31.196 1.47501 1.43195
530 0.636101 9.71319 -2.89793
531 28.6355 8.0819 -3.23961
532 23.2573 34.4848 -0.703269
533 23.8949 24.0264 0.668703
534 16.8247 26.4096 2.88021
535 7.10636 6.49474 -0.672422
536 32.4514 14.0028 -1.74881
537 38.8688 16.7813 0.634893
538 0.760516 37.3218 0.0139556
539 4.09053 2.87397 4.3848
540 36.1589 25.2519 0.391867
541 26.2392 22.5785 -2.7452
542 1.81757 30.2885 1.7624
543 13.9321 18.1099 -3.48124
544 7.93657 36.2969 1.91432
545 16.1171 21.8502 0.349619
546 35.4704 36.9272 0.693803
547 8.09072 18.4054 0.0197563
548 38.9042 36.6512 -1.50256
549 7.13979 23.451 0.515855
550 9.34774 32.3052 -1.96698
551 21.6733 19.0259 1.25373
552 37.0121 8.47347 0.86872
553 18.9755 25.123 0.297705
554 17.1172 11.9541 -2.51916
555 33.2603 16.3244 -0.458763
556 29.1719 20.3696 -1.44625
557 6.25491 28.213 0.677274
558 29.585 1.51786 1.05575
559 23.23 29.8295 2.02568
560 30.1788 23.7483 1.46813
561 13.7328 17.5493 -0.951969
562 5.05024 20.3666 -2.70289
563 37.523 16.7701 3.12892
564 12.4109 18.4283 -0.498637
565 36.1729 16.365 -1.87283
566 18.0525 35.1607 3.12446
567 26.6893 13.6742 -2.93942
568 36.9344 6.80375 -1.17872
569 5.92259 18.5228 2.68169
570 5.61014 22.7645 2.11289
571 26.1482 10.1801 -0.994828
572 39.6574 34.255 -4.36716
573 19.9453 38.2115 -1.51247
574 9.28702 21.404 1.70008
575 18.9551 18.1356 2.30038
576 38.3299 6.43605 -1.85975
577 28.164 31.2187 -0.222966
578 1.42742 38.1524 0.71348
579 6.50908 6.93269 -3.83069
580 7.11126 34.863 0.0301708
581 5.61366 34.491 -3.61942
582 24.0128 23.8503 -3.09105
583 22.8672 32.3192 3.04368
584 35.2307 10.7474 2.44669
585 6.45755 13.6525 -0.333554
586 28.5529 21.2522 -0.323493
587 31.5127 33.4214 -3.17849
588 19.3135 36.5335 -3.23921
589 24.9896 24.6245 -2.95679
590 9.45128 7.27863 0.269179
591 4.43728 23.9448 1.16343
592 33.2127 28.3136 -2.73001
593 15.598 23.9064 -2.92666
594 12.498 4.17353 0.0511957
595 16.6666 23.6524 -0.966096
596 34.7082 32.6272 -0.895439
597 29.4073 10.057 -0.744851
598 35.3908 12.8614 -0.395253
599 19.3287 37.067 -3.44261
600 6.79062 35.1734 -1.22197
601 21.3986 34.3527 1.75228
602 3.90969 19.5097 0.941836
603 15.3366 20.4118 1.91745
604 0.385263 27.0707 0.0420824
605 9.45216 34.8525 1.00506
606 2.39929 29.7324 2.61917
607 6.72193 13.4114 1.37514
608 4.64866 36.9192 -1.43765
609 24.677 36.0308 -2.22847
610 37.5141 26.5886 -0.0865998
611 37.2031 23.7492 -1.92889
612 22.3895 8.9975 0.742625
613 26.842 11.6788 -2.32611
614 38.4788 8.53615 -3.01249
615 29.4626 10.4545 1.30198
616 31.044 13.2287 -4.62732
617 22.2834 29.8663 1.90726
618 31.8084 3.15115 1.71882
619 22.8966 33.3456 2.38994
620 35.1684 30.4405 3.01152
621 33.4516 12.8409 3.64299
622 10.4512 36.0947 2.40461
623 23.5688 15.3931 -2.36002
624 34.6388 37.55 -1.17719
625 20.8525 5.49605 1.95354
626 9.46488 35.4342 0.306339
627 8.59328 34.0247 0.436446
628 26.0586 9.56177 1.64025
629 31.455 39.88 -1.77232
630 30.8038 28.5186 -1.01974
631 28.6816 35.5105 -1.83288
632 29.8577 33.2153 1.55094
633 33.1117 27.1117 1.08857
634 38.122 35.5526 0.464193
635 23.2111 24.4873 1.94655
636 24.7995 8.20464 -3.81982
637 2.11574 21.115 0.878134
638 39.0115 26.1529 1.32796
639 30.5817 8.89105 3.96892
640 4.52843 15.2545 1.68891
641 21.8784 36.8143 -0.0859684
642 16.2436 1.33045 4.24292
643 23.3151 23.9457 0.492218
644 17.0628 7.66822 -0.48052
645 1.05102 7.55573 -3.48504
646 12.3429 14.126 1.00877
647 13.4903 15.8636 -1.99694
648 34.3835 37.1988 -0.833899
649 22.0292 29.3099 1.21619
650 27.1285 8.49306 0.444356
651 28.3057 21.0097 -1.96606
652 1.25538 36.9211 -0.213186
653 17.2154 38.4317 0.0441198
654 18.6772 12.2676 -0.44793
655 35.083 38.7775 -2.94294
656 13.5303 14.4058 -0.174749
657 23.1464 5.05603 3.86729
658 7.52449 26.1048 -0.198424
659 28.7281 39.8422 -2.32316
660 28.9097 10.7104 -0.449982
661 38.6858 16.3151 1.31699
662 24.8978 31.0845 -0.701316
663 17.4347 18.0516 3.48293
664 33.6721 17.3461 0.185692
665 32.5284 39.5685 -3.07513
666 31.3132 5.08661 -1.9823
667 35.3261 35.0067 2.10258
668 5.84061 34.3155 -3.28858
669 14.9587 28.6299 0.0927907
670 38.7661 25.7282 -0.692179
671 22.7525 33.5854 -1.85089
672 14.0907 26.2644 3.88656
673 34.1595 5.40143 3.84121
674 15.3231 18.6208 0.256858
675 29.5143 15.0111 -0.644556
676 30.5919 39.2621 -2.04057
677 35.2152 12.7357 -0.644183
678 26.3293 36.6073 -0.163236
679 22.5512 14.2509 -1.32365
680 11.6606 23.0011 -0.635915
681 12.5779 37.0551 -2.6133
682 32.3053 37.8076 -4.1087
683 34.906 17.6086 -2.8351
684 3.15665 32.5585 1.15276
685 24.3188 29.0071 0.112889
686 1.37417 37.1191 -1.60424
687 27.8756 7.09786 -1.02047
688 37.4868 39.3115 2.85606
689 12.1284 37.1569 1.29104
690 17.246 31.7625 4.19547
691 10.3762 35.3847 0.106571
692 22.8657 14.9773 1.33294
693 37.3684 15.7983 2.15315
694 25.6316 32.9731 3.13417
695 13.7548 32.7403 1.58989
696 33.055 29.4149 0.353756
697 25.039 9.71656 -1.45655
698 37.3524 10.5944 -0.679021
699 23.446 17.8381 1.46627
700 3.37747 0.579517 -1.37518
701 28.708 2.38428 1.40104
702 2.33555 1.67649 -1.3287
703 28.8116 14.116 0.212745
704 29.0817 30.0065 -4.35927
705 5.56393 0.573773 2.65657
706 36.4287 31.1748 3.31774
707 15.1174 8.72959 3.57532
708 23.7869 16.4378 1.61331
709 23.4069 5.55336 3.51738
710 20.7459 28.1044 -1.64891
711 30.5096 30.0166 -0.920193
712 27.9795 16.2149 -1.68014
713 37.7475 8.60713 1.14574
714 21.9166 29.5133 -0.566253
715 36.0631 3.25476 3.18047
716 25.4867 34.3964 -1.26328
717 15.4783 24.26 -3.71837
718 11.3071 29.5437 2.02274
719 12.2748 35.1238 1.65407
720 18.2299 24.3048 2.88267
721 31.67 36.7731 -4.00137
722 2.30808 5.78037 -2.69934
723 17.5972 36.9868 -2.64879
724 8.14513 4.43122 0.950151
725 30.229 6.51432 -1.89395
726 8.31204 30.7895 4.25
727 1.72998 32.0237 1.67444
728 39.8089 4.92557 0.791895
729 21.2741 37.6181 -2.11136
730 18.6988 16.1507 -0.174065
731 30.0542 19.249 1.39125
732 22.1066 36.3765 0.67813
733 37.7228 27.0523 -1.29575
734 22.9047 16.9777 1.81978
735 16.1997 18.0835 -1.41925
736 22.3929 23.6096 2.1469
737 33.2637 28.5707 -1.67033
738 14.5735 8.02168 2.44032
739 9.80729 26.6265 0.880583
740 35.8163 20.8106 -2.27514
741 1.97292 31.4961 0.419196
742 19.0851 14.9125 -0.789494
743 15.6 24.3136 -2.0261
744 29.5271 29.7686 -2.1359
745 15.9404 29.8464 -1.99145
746 16.3474 19.9256 1.25008
747 16.5577 20.9518 -0.500842
748 14.452 30.8896 -0.295855
749 1.55096 7.06737 0.0334884
750 9.93477 32.6368 -1.10702
751 9.89325 37.4183 3.12413
752 36.9275 14.9961 -0.524888
753 5.76362 23.2407 1.65185
754 34.5662 17.3991 -0.316597
755 22.4656 10.1695 0.268628
756 32.4214 8.81691 -1.19496
757 18.4384 19.4881 -0.24901
758 30.864 28.44 -2.38781
759 11.1852 33.4596 -3.97147
760 29.2596 36.9404 0.568136
761 15.1308 13.7196 -2.83379
762 20.8516 30.2193 0.113357
763 18.6617 5.45455 1.67991
764 26.9704 4.61114 1.69572
765 26.9854 26.8745 1.97766
766 10.7154 15.9365 1.4188
767 35.6037 17.5964 -0.404182
768 7.99185 10.6837 3.75774
769 23.6382 31.043 -0.342238
770 13.57 27.3823 3.68912
771 38.5929 19.7377 -0.190078
772 14.3374 34.8323 -0.266336
773 29.1807 29.5208 -1.60808
774 38.246 37.9806 -1.6311
775 21.0824 17.0491 1.32323
776 11.6069 21.4398 1.01285
777 37.2289 20.6077 -1.97312
778 29.3235 23.8163 1.38826
779 21.0971 0.396817 -0.790223
780 0.613508 4.94918 -0.368889
781 30.0626 38.9787 1.22558
782 11.852 4.37559 -2.00855
783 16.7139 12.3242 0.804839
784 31.439 39.135 0.383719
785 23.7188 22.0929 0.00270471
786 8.54188 26.9795 2.66548
787 26.6295 0.394397 0.58422
788 1.55919 29.9287 2.50201
789 38.763 14.006 1.11644
790 9.59751 34.5064 -0.97464
791 19.6724 16.4961 3.84061
792 10.6921 32.9004 -0.581741
793 20.1213 37.5454 -3.27304
794 19.9737 22.8732 1.99068
795 9.21169 9.73591 -0.845302
796 17.9616 25.9786 1.29614
797 5.72625 34.6704 -1.87796
798 22.4646 6.27406 1.02578
799 19.8564 37.0534 -3.347
800 29.78 8.35841 -1.33708
801 23.5756 14.03 -0.179875
802 36.5843 9.05319 1.72573
803 6.095 39.5002 0.980592
804 39.1181 16.3013 2.52352
805 35.7583 19.2403 -3.29588
806 9.04817 22.922 0.0500894
807 22.6473 5.30234 3.71311
808 27.497 22.2365 -0.733208
809 15.674 13.7566 -2.56274
810 16.8579 36.8133 -0.00179131
811 8.37985 29.2081 0.244026
812 16.1845 32.6965 2.62192
813 36.0259 2.83626 1.55341
814 29.7128 35.5996 -1.35943
815 32.2864 21.2038 -0.592354
816 14.3141 34.0332 -1.56149
817 14.7388 34.7901 -0.70037
818 12.1358 9.6415 2.53191
819 24.875 1.35246 0.828571
820 37.9546 37.9788 -1.05268
821 12.3875 9.34519 2.03171
822 7.25221 9.39248 2.33471
823 38.155 2.27084 0.720307
824 36.9781 11.7042 3.41758
825 34.341 29.8211 0.285807
826 0.393455 11.2358 0.150527
827 37.3126 12.2854 0.805026
828 27.9299 7.84537 -1.77259
829 18.3137 36.98 -0.433288
830 11.878 22.38 1.94802
831 11.9397 36.2696 -0.315559
832 34.4756 30.029 2.22706
833 15.5036 18.0481 -0.411996
834 19.7957 7.19615 0.272169
835 7.06558 31.5608 -3.05615
836 19.6813 34.6493 4.2453
837 36.2772 26.927 1.19698
838 27.5692 12.2219 -3.56929
839 39.7095 23.6659 0.249443
840 26.6989 16.9498 -2.68889
841 32.2654 0.46927 -2.12973
842 27.2086 30.8297 2.07665
843 12.8454 1.15908 -3.41335
844 7.9247 13.3055 -0.408718
845 2.55918 30.0028 2.42677
846 13.8913 36.0763 -0.112499
847 4.09636 22.2369 -0.388373
848 22.8856 15.0116 1.13116
849 12.5073 23.5089 0.134542
850 5.19948 35.3173 -4.43431
851 0.324648 36.7833 0.0421859
852 26.9835 31.0459 1.27987
853 29.4457 25.0047 -0.341422
854 1.00453 30.5574 -0.0284624
855 17.1594 1.82212 2.90228
856 19.5155 33.0006 0.879175
857 8.03564 21.7701 -1.20971
858 39.8978 24.0744 -2.46086
859 20.2927 38.9946 -1.10142
860 28.8686 21.5417 -2.96507
861 39.7173 13.9522 -1.99697
862 2.22646 33.1688 2.16589
863 12.8031 16.4019 -2.12587
864 26.1472 10.6421 -2.69031
865 27.9301 29.6433 -3.17772
866 28.7342 39.3659 -2.77363
867 15.5846 0.923566 -2.51814
868 34.3509 25.6654 -0.284846
869 36.7629 13.1638 -0.490179
870 7.015 2.37022 0.327159
871 18.9114 19.8783 0.0464111
872 32.7857 23.3101 -4.24524
873 18.5973 19.6398 1.14364
874 34.9719 10.68 3.43664
875 0.018818 10.6799 2.58365
876 2.33923 5.1682 4.58684
877 0.456626 0.328377 3.66473
878 0.274133 36.6349 -1.19404
879 4.08624 34.3519 0.648952
880 0.243768 21.5202 -0.40326
881 9.30605 24.2404 1.68108
882 21.268 7.53548 -1.7639
883 2.92197 27.2074 -3.49908
884 15.4273 17.794 0.133016
885 10.9679 14.7637 1.46885
886 14.945 28.7937 0.501692
887 34.4279 17.3999 -2.35451
888 36.9982 31.4168 -1.07824
889 6.03967 10.8212 0.0862684
890 18.3514 14.0928 -0.15525
891 21.4786 19.1025 1.16446
892 28.04 3.34055 0.00142615
893 27.7796 31.1506 2.70876
894 33.5583 31.5288 -2.12009
895 34.8519 21.5029 -1.30905
896 14.0094 36.2015 3.0446
897 1.05893 9.82066 -1.49693
898 17.3931 18.1218 2.33192
899 7.69299 28.357 -0.225268
900 16.7381 5.5045 -2.88268
901 3.48312 37.2463 -1.4751
902 1.57306 30.0163 2.16899
903 4.8849 32.1608 1.43871
904 19.6187 2.04892 -4.28792
905 20.3341 32.808 -0.988216
906 24.7736 24.2022 -3.13731
907 21.8416 29.8021 -0.102674
908 31.5438 35.557 -1.24739
909 20.7685 5.73209 2.27079
910 36.5325 17.8271 -1.03693
911 32.5158 26.5117 2.18411
912 20.8815 26.7491 -2.52014
913 2.56211 23.0702 1.7122
914 9.78377 25.0186 3.8849
915 35.1494 37.085 0.0917775
916 25.5948 18.2074 2.42824
917 4.95492 29.6149 -1.81061
918 3.17339 34.493 -0.177253
919 33.0335 18.7355 1.60596
920 1.31725 19.0159 0.712367
921 33.7793 22.4769 3.53262
922 26.461 15.0045 -0.228322
923 10.6241 26.1219 2.80664
924 28.1879 36.8061 -1.95149
925 20.7629 3.59011 -1.06761
926 26.0826 34.915 -1.79313
927 10.5837 33.7958 -2.97072
928 35.0896 5.05833 0.577502
929 35.848 27.88 1.03323
930 14.1272 9.76471 0.476964
931 20.7312 18.6046 2.56372
932 11.526 24.0946 3.38
933 11.5862 7.66686 1.87102
934 30.5271 30.6408 -1.55052
935 3.66444 5.40291 -0.308991
936 6.23192 22.4037 1.32269
937 10.5668 37.7853 -0.303404
938 20.155 22.8339 -0.556888
939 24.1945 8.71667 3.19978
940 16.8667 18.796 -0.157424
941 21.9482 21.5376 -1.1362
942 2.2008 6.89397 1.02526
943 11.8287 4.43526 -1.53384
944 39.449 28.3893 0.959656
945 5.21852 3.11302 -1.44999
946 20.543 23.0264 0.0856807
947 23.2027 2.65783 1.83395
948 9.98602 35.4515 0.823396
949 6.28534 7.6387 -4.21874
950 33.9934 24.451 1.42279
951 19.5546 10.2089 1.02229
952 13.9133 14.6897 2.47312
953 36.0902 12.9433 -0.966212
954 4.52718 0.880311 -1.44626
955 37.8929 8.77259 -0.883446
956 31.4547 7.62978 1.87572
957 30.5856 15.3914 -1.59991
958 2.56074 32.3261 4.04125
959 29.0989 34.0132 3.74524
960 0.3878 7.33739 -3.9226
961 0.989802 33.4127 -1.09611
962 11.4772 30.7941 1.28262
963 15.1823 28.5691 2.01617
964 3.95468 10.329 -0.546867
965 0.119269 31.2382 2.21768
966 16.0499 18.8023 0.960274
967 22.1631 39.7239 2.55161
968 34.1846 28.0413 2.62074
969 11.83 37.9889 -1.9266
970 25.8856 39.475 0.294412
971 33.7946 12.9803 2.83648
972 10.0483 18.8784 1.35607
973 9.73559 23.5642 3.03782
974 26.0312 15.6903 -1.90772
975 13.9107 27.9587 3.2172
976 2.26129 3.27185 -3.37001
977 2.94113 39.5973 -1.89685
978 13.3146 23.5871 -0.471281
979 3.79642 33.3469 2.86144
980 37.4662 11.4143 0.43294
981 5.30403 10.1131 0.346498
982 1.91406 1.93783 -1.00253
983 23.2333 14.9705 0.323965
984 12.952 33.5956 0.732993
985 7.71847 21.0553 1.07933
986 29.1817 14.3109 -2.70131
987 5.6982 7.38354 -1.3416
988 1.64355 30.801 1.11644
989 16.2654 28.571 0.0656857
990 27.3487 16.9648 -4.32138
991 12.6969 22.7153 2.80513
992 38.89 15.5075 0.178958
993 9.24465 18.0583 2.63148
994 27.3637 19.4841 1.90873
995 8.1822 22.5253 -0.709807
996 36.623 17.5906 -0.308889
997 36.9219 12.7706 2.94
998 38.9591 2.21447 -0.83715
999 31.4239 27.7904 3.05045
