1000
Particles
0 0.896874 2.1643 -0.767541
1 33.7294 18.3939 1.9336
2 20.5612 2.59016 1.50111
3 6.94596 37.0627 -1.18285
4 14.9583 20.3917 -3.82884
5 23.8761 6.54582 3.00831
6 29.8654 2.95729 1.41248
7 34.9097 17.0683 3.50108
8 6.9786 27.0222 -3.46904
9 33.5019 21.4276 1.04155
10 23.258 34.1332 -1.70479
11 4.76725 30.5274 1.01952
12 34.5946 28.2551 3.02653
13 2.1833 6.80014 -1.95497
14 28.472 16.9706 -0.906109
15 30.817 29.9108 -3.32719
16 24.8348 33.3257 -2.28574
17 30.6553 13.0691 3.38795
18 31.2599 14.9924 0.0766286
19 14.4614 21.7508 2.82845
20 8.9179 12.0408 0.799754
21 36.4146 2.29906 -1.85452
22 36.7285 20.8528 0.0687202
23 31.7978 17.3798 0.481667
24 35.5318 8.21595 -2.17929
25 0.688864 32.9916 -0.705033
26 19.1668 28.8851 -2.722
27 14.7641 15.9785 -0.751569
28 5.80996 30.648 -1.12719
29 32.4933 12.4708 -1.5695
30 20.6952 22.8878 -2.77997
31 13.6937 16.596 -1.38259
32 18.2163 9.69991 1.09664
33 6.91721 1.88809 2.37282
34 22.8612 17.0341 1.47955
35 29.0874 0.354166 -0.473866
36 16.4905 37.6939 0.8372
37 37.3968 24.0533 -2.28041
38 29.3908 36.1096 -0.661188
39 28.0735 15.2987 3.23559
40 33.1323 35.9399 -0.219033
41 16.7207 14.4174 -0.0806218
42 36.1005 21.1043 -0.925321
43 26.8718 36.5227 1.65493
44 21.1412 25.8191 -2.43788
45 5.84814 26.4719 -1.84946
46 1.52233 8.51967 0.185943
47 38.0759 2.9099 -1.51407
48 3.95975 37.0704 0.911156
49 8.41914 30.5718 -1.18501
50 0.984602 1.64475 0.0267536
51 15.3168 39.7738 1.00082
52 34.5804 7.72594 -1.68145
53 16.5993 7.33385 -3.6683
54 35.8933 28.0064 -1.08975
55 35.9935 17.5572 3.67335
56 26.6487 6.74209 -2.13575
57 2.88259 30.6141 -3.78658
58 37.1754 20.7388 1.64913
59 2.33586 32.8727 -0.673345
60 7.99928 25.3592 1.63352
61 15.8172 25.7929 1.61631
62 30.7586 38.5732 -1.31893
63 10.4816 13.4944 -2.37233
64 37.0989 29.3202 -0.933931
65 13.1397 39.5925 -1.93048
66 11.6691 15.1356 -2.81634
67 25.6111 21.8384 2.63144
68 11.3383 6.07418 3.72997
69 12.4636 2.67158 -1.09587
70 5.39304 33.4187 -3.59574
71 12.9556 8.64676 1.63285
72 6.15778 15.7743 -1.39443
73 19.3037 28.2563 -1.09044
74 6.09873 0.672168 -2.01838
75 2.60677 34.2556 0.666493
76 16.9857 7.77136 3.47381
77 7.20616 23.6044 -0.32311
78 37.8419 30.1319 -0.675165
79 0.121322 3.08422 -0.508846
80 38.1141 4.42946 2.92046
81 3.6888 26.9741 -3.08561
82 13.8383 9.83715 1.26559
83 17.7063 25.1398 -0.057099
84 16.5874 15.214 -3.17981
85 0.25046 19.6816 -1.4142
86 19.3417 5.25129 1.22954
87 18.7362 37.1286 0.618914
88 4.75363 36.9781 -1.67852
89 4.27291 0.326689 2.32924
90 33.4634 35.0988 2.41962
91 20.3833 12.2645 -2.36835
92 17.2943 20.9134 0.192629
93 16.8297 8.87701 -3.33965
94 15.3776 15.8075 -0.379204
95 19.7264 1.84746 3.24945
96 13.2405 30.016 1.21268
97 22.4085 37.4878 1.1712
98 39.9341 21.3463 1.83052
99 11.4029 36.0688 0.726536
100 31.5664 17.6883 -2.40562
101 18.8401 22.9442 2.07591
102 21.3112 34.3002 -0.77722
103 9.18526 1.03259 -0.985732
104 25.5002 3.33412 -0.951415
105 22.2625 30.0647 1.69364
106 35.1805 9.18197 -2.40277
107 19.3743 23.1267 -2.25692
108 22.9446 10.6733 3.42212
109 38.2064 34.5938 1.15205
110 15.3482 0.989455 -3.25143
111 4.89352 29.1537 2.12213
112 33.398 38.7515 0.362808
113 35.7401 21.0087 -1.43329
114 2.31331 24.6948 0.486352
115 31.4614 21.3155 -1.18707
116 23.3286 29.0347 1.77249
117 24.5263 31.113 0.0907628
118 25.4575 2.43487 -1.43491
119 36.3427 19.4621 2.2057
120 31.4598 30.5325 -0.97771
121 25.3938 14.112 -0.729843
122 38.1784 16.0588 -0.0184433
123 7.25023 23.5726 0.0161548
124 14.3596 39.5653 0.211428
125 28.0159 38.7903 0.913128
126 30.2445 21.9667 -0.672833
127 0.029815 3.05045 1.59208
128 34.3 8.90157 0.289922
129 4.43866 13.0172 -1.00642
130 35.0958 2.63511 4.02241
131 31.5272 26.2293 2.60194
132 21.6843 38.3659 1.71316
133 32.6836 29.4934 0.0537854
134 7.40154 27.6807 -2.56611
135 13.108 1.98461 0.514164
136 28.8818 5.14281 2.31471
137 30.3985 34.3086 3.16908
138 11.3307 23.1206 0.168477
139 15.5937 0.753295 -0.62249
140 22.3843 33.5478 1.49684
141 34.8641 31.6389 -2.46443
142 26.5451 38.9363 1.25451
143 17.1964 26.9141 -0.775666
144 6.94335 24.7426 -0.772331
145 31.0692 20.5656 0.768652
146 30.9262 8.953 -0.403921
147 35.2348 38.7902 2.0167
148 37.8954 9.94531 0.464944
149 16.9688 23.9172 2.80832
150 19.0478 14.9612 0.978603
151 38.1095 36.3154 -1.36605
152 17.5482 11.5117 1.72108
153 21.8508 2.13486 -1.09598
154 28.3712 35.5743 -0.250428
155 33.6426 28.7453 -1.26381
156 35.2755 27.1125 -0.210511
157 14.5241 13.3051 1.32332
158 15.6205 29.999 -3.13079
159 14.6144 25.2511 0.0684843
160 5.17072 14.815 0.0596919
161 12.5865 22.8752 1.34793
162 24.7118 33.4306 -1.48026
163 7.78916 4.83613 1.28788
164 12.9498 0.78242 -2.80149
165 27.2832 7.16548 -0.33662
166 35.3486 7.59796 -0.829272
167 9.51319 0.978004 -2.55349
168 36.6742 21.0013 -0.209488
169 3.47744 32.934 -0.25732
170 1.92596 36.7987 0.42791
171 22.7962 1.79808 -2.96071
172 37.3764 21.1052 2.75003
173 23.0148 33.3811 0.124115
174 14.0982 34.9798 -0.880153
175 2.94396 8.89128 2.67543
176 20.5139 23.4649 -0.885891
177 17.0795 7.80486 -4.82673
178 22.3602 16.8529 1.83196
179 28.3865 10.2285 1.95563
180 16.1938 9.15881 -1.20668
181 36.9633 29.8908 1.79449
182 20.3796 13.6478 -0.556418
183 4.46256 22.8128 1.1222
184 29.8765 37.2526 -1.21062
185 15.1578 10.6832 -3.0093
186 25.4935 3.30235 -1.15636
187 7.62143 0.344521 3.3798
188 19.3027 18.0493 -2.07089
189 11.2156 26.4166 -0.35574
190 26.8024 23.6214 -1.07505
191 10.524 32.4158 -2.57714
192 35.0508 3.92992 1.82218
193 28.9079 18.3818 -1.89107
194 16.9575 26.3915 1.27545
195 13.3007 20.6664 1.20442
196 27.3284 37.0854 1.95061
197 17.1066 36.3698 -0.825821
198 32.2805 19.9433 1.30822
199 10.0089 12.5312 -2.87656
200 35.2263 38.4534 2.35729
201 35.8796 20.1067 -1.14237
202 18.7016 21.0286 -1.80213
203 25.7416 15.6682 3.74365
204 32.3006 35.6266 0.0730649
205 34.9284 32.2385 -0.629293
206 13.5228 3.02033 1.5838
207 38.2651 31.0588 2.99011
208 33.3676 24.1249 -0.384863
209 8.10401 31.5439 1.40642
210 7.5756 23.6822 0.103914
211 35.8578 20.7619 -1.16916
212 37.492 31.4203 -1.8013
213 2.32412 6.33844 -2.18357
214 34.7529 22.9719 1.4116
215 35.0442 25.7654 -1.18874
216 29.7947 21.234 -4.55221
217 6.26009 9.06457 -0.53956
218 15.0099 16.9639 0.116218
219 24.2905 4.15003 4.15312
220 14.4275 5.59032 -2.70327
221 23.2884 10.7961 1.89086
222 36.1508 30.4978 -1.80932
223 18.366 34.7924 -1.65635
224 7.31567 28.4211 -3.94966
225 30.1165 9.92725 -0.70249
226 0.602601 21.0766 3.16404
227 7.62759 4.26278 1.81045
228 22.7481 6.09538 -1.14662
229 37.7714 20.2086 1.0762
230 28.8623 8.80408 1.80679
231 17.0426 21.6691 1.85583
232 33.1381 10.5598 1.39171
233 38.1141 10.5224 -1.65192
234 6.94882 39.4137 -0.409344
235 39.5474 8.80473 1.86206
236 7.52464 38.947 1.79484
237 13.5458 24.9987 1.39384
238 11.3338 12.6781 1.7669
239 34.2726 10.5623 -0.792516
240 22.2119 21.672 -2.83215
241 18.678 29.1602 -2.47259
242 39.9188 4.9946 -4.23248
243 26.0476 38.4811 1.94913
244 39.985 19.2838 -2.77204
245 21.5403 1.62056 -0.239614
246 31.5681 9.96465 -0.650133
247 6.15772 0.419487 0.747439
248 4.59545 22.367 0.3696
249 18.8786 32.0421 -0.156268
250 11.1676 1.99684 0.55931
251 1.62272 7.74011 -2.8031
252 31.8441 16.5387 -2.65004
253 31.4798 13.9375 2.57777
254 38.6637 38.0993 1.98995
255 25.6359 24.0718 -2.97079
256 3.85797 4.3151 -2.63439
257 30.8922 19.095 1.46971
258 32.3272 36.6883 -1.2512
259 31.9075 16.5772 -1.63127
260 5.54326 11.9683 0.905347
261 25.0152 23.4356 3.55805
262 26.4813 32.3136 -1.74062
263 0.951027 2.67029 -1.42123
264 6.61062 25.2909 0.695365
265 2.00571 21.0111 1.22934
266 38.1314 10.3755 -1.7396
267 2.32676 27.6298 -4.47794
268 2.50782 25.8868 -1.80175
269 20.1726 37.5905 2.50191
270 3.93322 8.81892 -0.396229
271 32.0722 11.0122 2.69266
272 20.0603 18.5202 0.149054
273 27.0328 35.2405 -3.41117
274 11.9363 5.19068 1.50918
275 6.33496 21.075 1.89691
276 27.4508 18.4314 -2.03561
277 7.46741 25.0421 -0.892415
278 8.06711 7.60032 -2.16302
279 4.09125 23.1626 1.12749
280 2.63986 22.764 0.976112
281 24.2809 14.9603 2.3571
282 14.0448 18.0957 1.23977
283 20.4097 37.4719 2.03498
284 27.7014 21.8512 1.14202
285 38.1295 35.1458 -0.479771
286 35.3963 6.72817 -1.99136
287 9.13868 17.9831 -1.09917
288 5.42662 37.6962 -1.7455
289 13.0137 32.5912 0.221277
290 35.7768 26.5734 -2.09754
291 14.6829 12.7636 0.924065
292 38.0564 22.9364 -0.905042
293 3.20805 3.30112 4.23838
294 31.8545 27.4045 1.26525
295 17.2866 10.1928 -0.652945
296 29.819 25.2144 3.35222
297 0.381301 28.0454 3.29217
298 23.029 35.1065 -1.48443
299 17.6472 30.8452 -3.12406
300 26.3847 5.71034 2.33958
301 32.86 22.7842 -1.77307
302 17.6298 36.2876 -0.197566
303 9.09482 25.6182 -0.106742
304 6.60882 21.9033 2.80717
305 5.93056 24.4837 0.752496
306 31.3134 12.9308 3.75497
307 9.16201 13.0006 -2.27905
308 2.34575 17.1992 0.0413564
309 13.3727 33.5637 0.671564
310 18.4893 22.67 2.63015
311 25.4902 7.2078 2.92883
312 38.0813 38.6769 -2.41814
313 31.7311 1.19242 2.40297
314 15.6143 2.8702 2.08111
315 37.9681 30.8403 1.78666
316 36.8047 34.3112 -0.640108
317 32.7931 31.5081 -3.9367
318 23.4463 19.7731 -0.395374
319 3.67079 36.5809 1.72079
320 3.7038 22.5461 -0.427873
321 30.0903 3.8469 1.79839
322 4.57307 31.96 0.263575
323 20.3735 33.2079 0.769401
324 28.0127 15.5784 3.00537
325 7.18643 24.8008 1.52012
326 3.56758 9.74982 1.6537
327 18.9424 36.2423 -1.56845
328 17.7019 26.2878 -0.126975
329 2.72071 21.9192 -1.32209
330 3.91564 12.6712 1.8454
331 12.5627 34.7006 2.89375
332 30.9851 13.6979 2.52705
333 18.5387 18.088 0.612025
334 13.444 7.94958 -0.719301
335 8.89513 0.701785 1.01517
336 18.6494 34.8742 -2.91831
337 7.87605 17.262 -1.12555
338 15.6638 26.4755 2.07597
339 0.622379 32.8551 0.796527
340 4.76551 25.1629 -0.886087
341 32.6254 29.6101 -1.85439
342 10.1239 11.6052 1.38556
343 9.60934 12.5235 -3.17996
344 11.705 1.04191 -1.89763
345 35.9302 28.5243 -2.81835
346 15.5761 6.54197 -4.12721
347 5.934 38.7721 -0.319029
348 6.9142 21.3502 3.5693
349 14.049 18.4403 1.41126
350 6.84198 14.9462 -0.214248
351 9.25368 23.8768 -0.154282
352 29.2588 25.6435 1.20693
353 25.5403 3.40887 -2.55806
354 35.2541 37.6471 -0.369445
355 20.6081 22.437 -1.48262
356 27.2826 30.2428 2.63397
357 12.5282 27.7119 0.773968
358 12.014 15.7395 -0.0832176
359 33.8142 26.8657 -1.77592
360 30.9395 24.1952 -3.13297
361 28.6009 32.5149 0.324095
362 37.4742 23.8751 -1.72831
363 39.1217 8.14618 2.76897
364 6.52198 13.6662 -0.622066
365 6.86487 0.363362 1.69129
366 13.6384 3.7675 -2.2184
367 11.1707 1.05857 0.732747
368 25.7923 5.56708 2.49867
369 18.8993 34.3011 0.268865
370 17.8901 26.2985 0.209856
371 22.4878 19.5885 -2.10865
372 23.5149 24.6793 -1.8874
373 14.3842 9.3632 0.865046
374 10.9901 19.378 2.01133
375 13.4417 11.3859 -3.80013
376 3.96207 28.378 1.35703
377 3.15791 4.15374 -1.36885
378 13.0954 3.16625 -1.93252
379 33.2753 28.272 -0.223714
380 35.9442 31.3908 -1.30322
381 12.1066 33.7438 0.41092
382 1.1118 18.4205 2.30298
383 16.0404 33.4608 -0.758342
384 26.0012 3.04599 -0.473322
385 17.7313 14.6785 -1.55624
386 23.3015 5.1437 -0.426248
387 6.45522 3.95336 -0.144065
388 32.8544 22.7867 -0.637737
389 5.13695 4.30274 -2.62343
390 32.5642 28.2706 -0.496999
391 14.7875 12.8858 1.60005
392 21.9363 26.7953 2.95265
393 18.4118 8.36709 3.81537
394 29.0438 38.7012 -2.52613
395 32.5695 15.145 -0.495837
396 3.04998 5.71212 -1.22682
397 1.68413 2.69449 -0.477201
398 3.7849 29.6487 -1.81655
399 36.3204 18.3668 3.45225
400 3.63263 38.072 1.60185
401 20.9171 37.6704 3.05153
402 35.2373 8.58079 0.3965
403 2.06431 28.4051 2.73688
404 26.1535 30.0692 0.449572
405 2.03576 22.1992 -0.983667
406 25.5275 1.51548 3.74428
407 38.5147 39.4667 -2.45823
408 7.62385 12.7997 -1.3195
409 14.6182 4.84245 -0.451178
410 23.6722 23.3667 2.7896
411 18.4665 22.5203 1.11461
412 1.87505 5.09078 -0.589605
413 16.8307 11.3635 -0.832655
414 4.33902 14.4326 1.80613
415 15.7227 26.3999 1.26108
416 22.0171 36.1751 2.31232
417 4.0219 4.06921 -1.53996
418 31.2725 24.5558 -2.15689
419 22.0563 10.9019 -0.892623
420 20.4106 38.218 -1.40748
421 4.24663 16.3455 2.43772
422 9.94032 10.6132 -1.72429
423 29.9967 9.006 2.89271
424 25.8556 22.27 3.38977
425 22.8962 4.20654 -4.40482
426 12.4741 22.9326 0.722521
427 17.4235 16.4461 -2.87127
428 3.75732 8.76291 0.87527
429 3.24728 11.0548 1.79522
430 19.2697 17.8779 -2.15779
431 8.57716 9.01147 1.63875
432 20.1611 34.9189 -0.131121
433 30.4362 25.8555 3.47862
434 3.59785 25.6894 2.88657
435 29.0705 37.0646 0.0130646
436 37.2174 26.0903 -2.16568
437 10.619 36.6911 0.897472
438 7.00178 20.8759 3.45087
439 33.2216 19.0753 1.69169
440 26.4775 3.29268 0.0782712
441 10.6953 3.66375 -1.22812
442 14.6928 25.2077 0.505785
443 18.8671 17.6349 0.0690203
444 9.17737 16.9985 1.03183
445 4.84731 23.2407 0.342696
446 18.1786 8.89933 -1.1314
447 2.26721 7.71824 0.502834
448 34.3858 28.6724 2.47984
449 15.3904 15.7226 -1.44773
450 9.41903 20.6967 0.791987
451 35.0559 8.35895 -2.15383
452 17.3528 11.1198 1.10021
453 7.12265 28.3905 -1.54893
454 37.8461 7.03716 -3.58806
455 31.2112 4.25091 2.9224
456 9.36418 8.34298 -1.15834
457 24.7489 19.6211 -4.03457
458 34.1477 17.6286 1.56616
459 12.0785 8.423 1.58431
460 7.30588 3.40906 2.09773
461 9.7407 38.6622 1.64496
462 26.1534 16.2202 3.70189
463 1.60701 34.2845 1.2244
464 32.5809 17.9705 2.6298
465 30.8426 17.5441 -2.29912
466 36.0659 21.1594 -1.96444
467 5.90836 37.8695 -3.00373
468 28.1992 34.8442 0.171577
469 15.6073 28.5883 0.965746
470 9.6011 12.6387 -0.970606
471 37.1566 14.9486 0.152703
472 14.0452 14.9834 -1.26029
473 12.0893 1.02675 -2.42467
474 4.69434 35.8895 -1.902
475 30.325 5.30476 0.719151
476 22.4039 30.6829 -0.160302
477 14.879 32.9901 0.0394401
478 34.3005 17.3819 1.19175
479 3.02752 27.8461 -0.982143
480 34.3056 15.2689 1.40619
481 26.2607 38.4151 3.12805
482 8.86551 30.2852 0.962273
483 13.1787 31.8008 -4.52247
484 9.21168 37.8833 0.371992
485 6.13739 39.4908 1.44665
486 17.4856 27.6117 0.771474
487 29.5758 30.7136 3.40558
488 36.05 7.80009 0.204353
489 18.9393 1.11558 -0.560672
490 2.68157 2.01464 -1.3738
491 14.444 10.4608 -2.93179
492 25.7672 0.61303 2.15613
493 3.50705 26.6131 -0.841957
494 8.413 20.5009 3.39885
495 32.1325 15.6872 0.327568
496 32.6246 16.6347 -0.577074
497 4.49444 28.9919 0.233044
498 17.0819 16.0203 -3.92354
499 9.15099 18.4935 0.359232
500 6.46998 14.6919 1.75804
501 28.887 16.4962 -0.396152
502 2.31869 4.48064 -1.62713
503 16.6838 25.1649 -1.53478
504 36.6767 32.2013 -3.93162
505 5.69935 2.23057 -3.35803
506 28.832 26.3351 -0.283542
507 21.4414 10.3701 -3.70151
508 2.58917 26.8767 4.27793
509 29.5792 39.1416 -1.89134
510 31.6974 2.00412 -2.50571
511 22.4265 30.376 0.905879
512 39.0389 32.5438 1.46834
513 18.0959 34.8162 -1.23862
514 11.5851 25.6423 2.33436
515 17.0662 14.2742 -2.97546
516 22.1529 2.01411 -1.79657
517 13.3083 8.06373 -0.256508
518 16.5543 14.5161 -1.15356
519 18.3688 15.2832 -4.19798
520 36.8193 9.22921 1.49332
521 36.5401 28.7758 -1.75999
522 21.7058 22.7685 -2.67163
523 11.2107 18.5619 2.27341
524 4.2851 24.3855 -0.931634
525 8.32319 12.8575 -3.7193
526 1.87762 20.7959 0.767585
527 12.5857 2.65351 -0.101362
528 23.4535 4.28174 -1.13514
529 28.1812 3.63216 3.67326
530 37.6994 7.83751 -3.66195
531 28.0823 11.8829 -1.7232
532 21.6698 35.9713 -4.51473
533 24.9833 27.7278 -1.93941
534 12.8131 28.5368 -2.42616
535 6.4384 2.76446 -3.60265
536 32.2094 19.8947 0.960534
537 0.259567 20.0186 -3.86221
538 4.95525 37.2244 -3.15938
539 2.16567 4.32217 -2.67281
540 31.122 27.706 0.681634
541 26.9622 21.8864 3.29307
542 39.004 26.8959 1.1792
543 10.4293 13.8832 -1.81178
544 6.04891 3.278 -0.721081
545 13.2648 22.6189 1.27076
546 2.82655 34.2452 1.2238
547 4.65307 19.0604 2.86791
548 39.2526 32.1541 1.85843
549 2.45123 23.9397 2.6113
550 6.74356 32.5837 3.42499
551 19.3547 19.9384 -2.47391
552 0.277014 6.97564 1.28077
553 18.9205 23.3515 1.64452
554 15.4528 5.89179 -2.49276
555 36.0472 15.5237 -1.5915
556 30.5822 19.7169 0.706549
557 9.55346 24.6966 -0.581912
558 33.1634 0.987911 0.625536
559 25.3195 31.9855 -1.4231
560 31.4612 24.0622 -0.179861
561 8.63594 21.8528 -4.39576
562 8.08836 23.744 -0.451777
563 1.97322 17.2683 1.03114
564 13.0467 23.0283 0.51552
565 39.771 18.0107 -0.506544
566 19.2506 34.1992 0.797591
567 33.9432 11.865 -2.70489
568 39.264 7.00058 1.20118
569 2.86361 19.5042 -3.39541
570 6.81787 25.717 2.0501
571 18.4755 11.6506 -2.69111
572 37.3293 31.9689 -3.64196
573 21.6536 1.4919 -2.02205
574 13.1017 20.4209 2.94251
575 17.6286 20.2026 0.46266
576 38.1854 5.29863 1.23862
577 24.0196 29.6661 1.24497
578 3.25397 35.7783 -0.0219141
579 8.3912 7.47578 -1.3053
580 7.26805 28.4018 -3.12218
581 7.83872 28.7109 -4.46972
582 23.7987 27.743 -2.64767
583 25.8096 1.5093 1.10367
584 35.9756 9.06018 0.753465
585 5.55809 19.1393 0.957709
586 24.5456 23.4647 2.44904
587 31.9758 32.9188 2.31718
588 21.1353 34.9528 -3.46518
589 27.6694 22.6875 0.0122827
590 5.5876 2.46216 -1.68725
591 2.45965 20.5939 3.9932
592 32.4511 27.0411 1.30367
593 20.0732 25.2113 -0.264293
594 7.73245 2.71327 3.08766
595 24.7341 19.3563 -0.871969
596 37.1342 34.3472 0.623545
597 30.6315 9.31757 2.94148
598 36.0276 9.36265 -0.0466058
599 14.5407 33.4303 -2.0147
600 6.52117 39.3781 0.0109117
601 20.0248 35.8021 1.89024
602 5.58957 19.6688 2.6784
603 18.8968 20.446 -0.594346
604 33.6443 23.9786 1.2458
605 6.30598 38.777 -1.69664
606 3.95896 28.26 -0.892095
607 2.21701 9.92366 4.40261
608 5.24277 1.90078 -3.41168
609 25.888 37.8166 -0.618837
610 34.3552 24.6499 -1.98051
611 1.92434 23.877 0.0293389
612 18.1351 11.0642 -1.10265
613 23.6449 12.8275 -0.138277
614 38.9766 7.48864 2.97081
615 33.3228 9.04216 0.810379
616 32.1572 15.3895 -2.69701
617 24.4798 33.2375 -3.21542
618 0.872077 2.04778 -0.876025
619 25.4158 33.8239 -0.135387
620 35.8359 33.2073 0.392249
621 26.8253 15.4356 2.35356
622 10.3256 1.73973 -0.51917
623 18.0647 11.449 -0.0965995
624 33.2163 2.96516 -4.16983
625 16.8472 9.7399 1.60134
626 4.83877 38.8781 -2.23564
627 3.92553 32.4123 0.704931
628 21.9222 11.371 -2.38163
629 30.8118 2.60503 -4.20474
630 35.3247 31.2659 -0.132262
631 28.6476 36.7023 -2.71618
632 30.7339 31.206 -1.8073
633 35.2275 24.0025 0.265259
634 37.5759 0.257675 -1.03654
635 24.7077 27.7218 -2.17801
636 20.782 4.90166 0.546391
637 1.37266 23.4879 0.780704
638 34.6567 26.3073 -3.07385
639 33.635 6.60886 1.68031
640 5.34657 19.1302 0.268114
641 23.4893 4.00164 -4.77601
642 17.2971 37.7178 -0.414139
643 23.7708 27.0046 -1.73386
644 13.2101 5.67447 0.646767
645 5.20114 11.6537 1.06891
646 10.2614 10.4807 -0.831224
647 10.6943 16.825 -0.408775
648 32.857 35.4138 -0.828053
649 20.7556 23.1155 -1.47447
650 30.559 13.3543 2.24075
651 25.9141 21.753 4.15378
652 2.45077 39.929 0.904917
653 8.55113 1.87781 -2.28703
654 20.5206 12.9877 -0.844923
655 32.4152 36.7537 1.42299
656 10.9408 11.8842 -1.48847
657 23.1862 4.64307 -2.70082
658 9.40548 28.1893 4.35928
659 30.4893 39.2366 -0.855908
660 26.5961 15.5885 3.38874
661 36.9732 17.6792 1.0733
662 28.3708 30.9209 0.812578
663 18.5069 22.5024 0.510724
664 31.5967 14.0126 1.84637
665 31.9207 39.3504 -3.77588
666 29.4245 39.2691 -3.64187
667 38.7043 34.4791 -0.0560338
668 8.546 35.0953 0.87424
669 15.9635 27.7678 -1.68656
670 37.1157 25.9234 -1.5185
671 26.2255 37.724 1.77147
672 14.5666 29.9024 -0.956918
673 35.7751 6.89565 -2.14713
674 11.0984 17.5582 3.63518
675 28.8989 15.9415 2.93518
676 30.144 39.8313 -1.38797
677 30.0899 16.7114 -0.324948
678 29.2683 38.3684 -2.5121
679 21.0897 19.9042 -1.07614
680 15.7478 26.2171 2.60283
681 12.5546 0.491955 -0.00537296
682 30.1781 36.0636 4.56959
683 31.6842 23.3105 -0.34229
684 12.4935 35.6922 0.556581
685 25.2999 26.459 -0.368422
686 2.87494 3.16947 4.45622
687 22.4349 11.6911 -1.56249
688 32.2108 2.88626 -2.58352
689 12.9343 35.3353 1.33143
690 18.8887 29.9793 -1.48384
691 17.1714 30.2138 -3.04733
692 25.8946 13.8347 -0.265804
693 37.4005 14.7337 1.3434
694 25.0992 34.1456 -1.61318
695 16.151 27.848 -2.76126
696 35.0797 28.6782 2.9788
697 30.0985 7.35564 1.31703
698 33.0729 14.1603 3.60869
699 22.2734 19.6548 -2.17718
700 4.00268 3.0775 2.90763
701 30.0112 1.63986 -0.377543
702 38.9308 4.42513 4.42396
703 33.0939 15.7543 0.439697
704 28.1961 29.0227 4.34845
705 1.52609 34.7091 -1.05966
706 34.7541 33.0639 0.446506
707 10.6653 7.68677 -1.18046
708 28.8593 18.3641 0.36093
709 24.8511 4.95959 1.37441
710 19.0506 29.8716 -4.07492
711 35.3877 30.0649 -1.06416
712 30.161 13.7687 3.24148
713 36.1219 9.27273 1.16922
714 26.263 27.5301 0.953606
715 1.67931 4.23247 -0.0461181
716 20.811 37.7291 2.98271
717 17.0151 26.5858 -0.346978
718 14.3692 29.3748 1.18851
719 8.12233 35.8108 -1.14747
720 15.3504 23.2756 -2.79915
721 26.9996 34.245 -2.55664
722 2.92691 2.93641 1.22601
723 18.1089 37.7108 -1.1687
724 12.3217 2.65175 0.673027
725 27.8924 5.69259 -2.02574
726 7.35755 28.2043 -3.3341
727 3.87451 28.8527 1.52572
728 6.1213 12.7619 0.291591
729 18.82 36.3748 -2.03466
730 17.7215 10.4271 0.876914
731 33.4597 18.5592 1.11215
732 27.3946 36.0467 -1.24166
733 35.4398 21.8118 -2.7625
734 23.2819 12.9516 0.281871
735 20.3871 21.0763 -1.04616
736 23.1406 29.8877 2.32179
737 34.4475 29.2818 2.64672
738 14.3859 8.13386 -1.01607
739 11.4878 30.9212 -0.0733623
740 39.6459 19.497 -3.0287
741 6.82138 33.1757 3.34169
742 23.6302 15.3243 0.982638
743 20.1402 26.0919 -0.670183
744 33.1103 23.8389 -1.05954
745 21.6496 33.6885 -2.33276
746 15.0484 12.732 1.37814
747 18.2204 23.1938 0.628477
748 13.1856 24.0984 0.538349
749 4.39677 4.00438 -1.84863
750 4.64669 28.5079 0.921714
751 7.5123 0.896369 4.19596
752 32.5738 14.8049 -2.89372
753 6.75697 20.784 4.81386
754 31.0357 22.1988 -0.925694
755 24.2782 6.79724 3.04812
756 38.8792 7.9662 1.89626
757 13.5136 22.1241 1.04034
758 32.6903 23.335 0.311246
759 9.79723 29.4698 -1.25346
760 32.2953 0.582465 2.48962
761 13.0829 16.7781 -0.783834
762 22.8137 25.0233 -3.90519
763 15.1614 1.25434 -1.86085
764 27.0326 2.76632 -1.59814
765 27.2113 27.6078 -0.380844
766 8.89793 17.0612 1.70527
767 31.7549 15.9955 -1.44012
768 4.6941 17.2491 1.44208
769 21.2662 27.3381 2.50256
770 10.2362 24.0171 2.26316
771 2.47216 22.0194 -0.425011
772 14.8566 33.3323 -1.98919
773 35.8166 30.4156 0.144855
774 37.4491 36.3143 -0.595793
775 15.1027 13.1519 -0.562795
776 13.5073 22.1288 3.1701
777 3.50702 22.103 -0.320678
778 30.9784 26.6699 0.99308
779 18.9688 1.52049 0.895718
780 2.69039 2.63281 3.47747
781 32.1254 3.39051 -4.21369
782 11.9137 6.14593 3.44053
783 15.4219 6.35539 -4.32111
784 31.1198 2.64998 -2.97507
785 24.1495 20.057 -2.84963
786 5.63965 23.2561 1.50625
787 30.7928 0.607155 1.72612
788 2.15455 34.373 -0.935263
789 37.8051 11.7114 -0.917225
790 10.7005 28.2762 -3.48286
791 16.0367 17.4539 -4.78198
792 10.7285 27.2747 -0.735297
793 26.5756 0.985473 1.89794
794 23.4483 22.018 -2.93184
795 9.74677 9.57234 -0.702045
796 19.0636 25.8888 -2.26259
797 5.93683 27.5728 -3.85471
798 29.0987 5.43629 1.50649
799 28.5038 39.2738 -0.693582
800 29.1665 11.3638 3.8812
801 22.4162 14.8672 0.535885
802 36.1032 16.1081 -0.952112
803 7.0143 0.263378 0.0302521
804 5.51816 18.4781 1.58706
805 4.16316 22.4918 -0.973043
806 13.3462 23.2433 1.89127
807 23.9263 9.01319 1.69927
808 26.0043 21.9786 3.50121
809 19.0722 9.58174 -2.04664
810 14.6813 39.8792 1.27326
811 15.5497 26.0556 0.75887
812 9.24515 0.725083 -2.24937
813 2.82452 6.81209 -1.20324
814 26.8771 37.2851 2.71878
815 35.6259 22.7053 -1.30831
816 16.8512 35.7355 1.0629
817 16.065 39.0869 1.90651
818 8.50633 13.7436 -3.44341
819 24.2916 5.3606 2.93547
820 33.7513 0.0087695 0.928822
821 13.8352 8.26572 0.694563
822 8.84962 8.08469 -0.372442
823 31.608 0.0270505 3.88129
824 39.4175 17.9506 -0.236983
825 34.6741 27.9985 1.20494
826 3.02973 16.3624 -1.91061
827 0.444819 15.2403 -1.78108
828 20.3476 11.6481 -3.43184
829 18.1703 33.7473 -0.800979
830 13.7027 23.9711 2.3687
831 8.96661 0.0226237 1.64051
832 28.4714 29.0315 4.24363
833 14.5939 14.5387 2.55006
834 16.6154 9.05232 4.21391
835 3.83258 27.4963 -3.12025
836 23.0371 29.315 2.15657
837 32.9975 28.3343 0.374971
838 26.7146 6.14468 -4.07468
839 2.21884 23.7205 0.375859
840 25.1655 9.16945 -0.216868
841 31.0055 36.0626 1.31456
842 22.9149 30.1264 0.768356
843 8.40799 1.81479 -1.47762
844 6.26927 21.4534 1.46135
845 2.44014 24.9885 2.39282
846 17.5661 33.2741 0.335592
847 2.41808 22.1629 -1.10175
848 24.9593 18.8548 -3.58964
849 15.7365 14.896 -1.94982
850 7.03804 32.0515 0.0994061
851 3.32112 37.4166 -1.31608
852 25.3715 31.1595 1.73125
853 26.8688 26.5557 -0.0808917
854 38.4606 31.3693 3.08178
855 17.5799 2.85611 -0.288391
856 15.3505 36.7145 0.927343
857 13.1716 16.3986 -3.77016
858 4.65658 24.6231 -0.817598
859 15.6621 38.8895 -1.20864
860 35.9264 22.2658 0.314081
861 2.33274 17.2844 1.45533
862 0.527141 33.5602 1.43407
863 12.1397 12.7056 1.15036
864 21.9628 11.6491 -2.293
865 33.1718 30.996 -3.44892
866 29.1501 39.5766 -3.32596
867 19.0401 36.9361 -0.0495748
868 29.9018 27.5206 1.1284
869 37.7739 17.1957 -3.52228
870 5.9093 3.98285 -0.594739
871 19.7893 25.2836 -0.892138
872 28.9876 25.9105 0.0307802
873 19.8768 20.7704 -3.62383
874 37.5494 13.9733 -1.17171
875 38.22 14.2652 -2.25973
876 2.52709 12.1877 -2.72992
877 0.141986 2.38724 2.44865
878 2.66853 39.1329 0.316102
879 5.58228 31.3495 -1.61211
880 39.9761 18.577 -2.7525
881 2.53069 24.037 2.2139
882 26.9286 5.7943 -3.8508
883 0.497211 26.2218 0.277191
884 10.4694 19.8254 3.74916
885 14.0099 11.6625 3.33027
886 13.4292 23.6537 1.51754
887 39.6747 21.3906 -0.0763952
888 1.23839 30.8125 1.17551
889 8.12608 11.1896 -3.1051
890 18.1811 15.8814 -1.02797
891 20.7136 21.9542 -2.98332
892 23.7488 4.13922 -4.15974
893 32.1818 27.5505 -0.258798
894 34.5449 29.7495 2.94026
895 32.4936 16.7925 -0.0985955
896 19.8997 0.789018 -1.72938
897 1.0414 9.61734 -0.544093
898 19.7627 18.8501 -1.17721
899 5.57348 23.705 2.36193
900 14.853 6.46233 -1.47527
901 3.58727 38.6695 -1.52313
902 36.9301 30.7947 0.99704
903 6.62852 37.7297 -0.945764
904 21.5903 1.79016 -0.630208
905 22.275 34.6676 -2.65622
906 23.7622 24.5283 -1.01918
907 14.3366 28.2693 2.75629
908 34.8352 31.6321 -2.15706
909 17.029 8.35309 3.68385
910 36.0298 22.7912 -2.3244
911 31.5491 28.2581 0.0801444
912 25.1178 23.8092 1.8773
913 1.20602 26.2922 2.32975
914 4.63786 25.8031 -3.74872
915 36.7248 31.739 -1.24396
916 25.6643 19.2718 -0.935506
917 7.83909 27.1318 -3.07147
918 3.65367 2.57547 4.1445
919 29.0334 17.6837 -0.0289941
920 8.0932 17.7905 -1.62296
921 32.2116 21.7205 0.0228605
922 22.5329 13.815 -0.644679
923 11.8814 28.8599 -2.64475
924 28.7561 34.6094 -0.343064
925 19.2606 36.0111 -0.634189
926 26.8613 35.7811 -3.31345
927 4.74398 31.701 3.11886
928 32.6885 2.54944 1.46111
929 36.823 30.4317 0.858627
930 15.1542 5.73825 -1.62786
931 16.3582 18.4173 1.21187
932 7.04668 23.8814 -0.871709
933 12.936 5.73711 0.13906
934 34.3596 29.344 3.29526
935 5.14547 3.0942 1.15185
936 13.496 24.2734 2.93021
937 12.0122 1.27585 -2.55003
938 22.4706 21.8022 -0.706532
939 25.2694 6.97805 2.12263
940 18.7613 19.5477 -4.10051
941 20.4417 22.7257 -3.56721
942 5.04107 13.7515 1.97431
943 8.29606 2.61081 -2.16698
944 39.1907 33.9281 2.07325
945 2.6036 1.58504 -1.95569
946 21.4212 19.9955 0.0433571
947 23.6071 7.07689 2.4324
948 10.1291 0.212371 3.58852
949 4.21371 13.7811 2.48588
950 30.4212 27.1818 1.83113
951 14.2671 4.89366 -2.64021
952 14.7897 13.6864 4.0562
953 32.3514 17.1596 -0.275641
954 4.89989 1.02745 2.03642
955 1.82818 7.44716 -0.966628
956 30.82 7.98742 -0.13394
957 31.4756 20.6677 -1.81082
958 4.5556 31.7948 0.379758
959 29.4353 38.9644 -0.6663
960 2.1702 2.74633 -0.943254
961 3.68062 28.6498 -1.87022
962 15.7164 33.4114 2.57139
963 17.2038 34.7803 0.905999
964 4.43329 3.94529 0.291674
965 36.3819 28.6654 -1.40818
966 13.4062 20.8165 0.472568
967 21.6211 1.49753 -0.403635
968 34.8671 25.3935 -2.74361
969 13.6872 1.73607 -3.85027
970 28.4497 35.7974 -0.567761
971 30.4497 14.0308 1.71599
972 12.0053 19.8522 -2.25475
973 12.3003 23.5222 -1.62605
974 28.9114 15.6248 2.71002
975 11.9285 23.435 -0.79215
976 2.09498 5.55335 -1.98585
977 4.90703 36.9053 -3.90129
978 11.7569 25.8367 1.52155
979 5.78443 37.4467 -2.20222
980 34.9065 12.0135 0.593878
981 7.18993 17.6287 0.108881
982 38.6445 6.36444 0.145678
983 25.2961 13.6691 1.57453
984 8.96744 37.7028 -1.83221
985 5.89673 21.4164 3.78499
986 27.5399 14.4707 -3.63747
987 9.0928 11.1385 -0.979573
988 1.51623 28.7383 -2.36027
989 25.2679 33.4068 -0.17841
990 26.3171 16.7783 2.24722
991 12.0747 22.725 -0.824989
992 2.22808 15.7446 1.18122
993 12.9347 23.4699 1.77567
994 24.8236 21.8424 3.12175
995 11.8923 23.0006 1.29388
996 34.3022 16.8116 2.66294
997 34.1619 14.3484 -0.421433
998 38.8438 37.606 2.24647
999 34.1133 23.225 -1.98897
