1000
Particles
0 1.52908 2.37568 -1.53057
1 31.4351 18.1862 -0.235555
2 26.8502 3.21167 0.546566
3 9.37311 37.7844 1.4522
4 9.55732 16.9213 0.26402
5 27.2782 3.6446 0.348546
6 27.8691 3.33723 -0.540732
7 35.9404 16.013 -4.19054
8 4.70737 31.5057 0.949312
9 31.9012 22.9207 4.07555
10 26.0019 29.0019 -0.745724
11 6.43388 34.0096 -1.20372
12 38.635 25.5412 2.51034
13 0.234038 5.04986 1.69989
14 29.5837 18.3807 0.897899
15 31.5806 32.5944 3.14152
16 26.6588 33.6036 -1.82239
17 32.3165 13.728 3.5466
18 35.5471 14.7211 -2.3982
19 15.5995 19.3154 -1.0443
20 8.32618 12.4957 3.77697
21 39.1071 37.8723 1.19436
22 38.4182 22.4294 1.31819
23 28.913 17.5185 0.862763
24 30.0693 10.9555 0.21962
25 4.21929 34.5007 1.33883
26 22.4824 29.2256 -3.66604
27 14.9012 17.1876 -0.685815
28 5.19259 30.8901 3.00651
29 31.9306 7.91206 -1.51668
30 22.2866 25.9645 -4.15084
31 9.09372 17.0175 0.340878
32 16.6163 8.94571 -3.21882
33 8.06262 2.91571 0.857778
34 21.4274 16.3087 0.00539043
35 28.0626 39.733 2.92229
36 15.1033 38.5911 -0.926595
37 39.4292 24.5712 1.58842
38 26.0356 37.2028 -1.43355
39 29.9102 16.7574 2.72352
40 31.9879 37.3381 -3.66041
41 18.3337 15.7098 -2.61409
42 30.4071 22.4841 0.931717
43 25.9111 34.9267 1.9084
44 20.4493 23.4567 -0.533133
45 8.22182 27.2948 0.0949112
46 3.36162 11.9269 3.11283
47 34.2404 3.62281 -0.520597
48 2.50926 35.439 -1.07193
49 8.08103 31.873 1.58172
50 37.8724 2.74734 -1.21978
51 16.6758 6.41321 1.29602
52 35.2196 7.00041 -0.157185
53 14.5168 10.6749 3.85142
54 37.6591 26.8346 0.210026
55 0.0466265 17.8756 -3.20776
56 27.8131 7.11555 2.48306
57 5.96391 34.2735 1.3309
58 37.3101 16.7887 1.13246
59 4.88511 32.53 1.60077
60 8.50205 27.6382 -3.44422
61 15.8038 26.6838 -1.05224
62 31.5835 2.37579 0.846367
63 9.23565 15.2372 1.1549
64 39.3773 26.8779 1.47367
65 15.6218 39.9737 -2.17776
66 10.0327 20.6195 -2.20781
67 21.4181 22.5542 -2.13668
68 10.0983 6.54869 -1.46078
69 13.5094 4.96909 -1.78687
70 7.86688 35.3098 1.70054
71 13.8283 10.4107 2.27332
72 4.981 12.6699 -1.38938
73 20.6373 25.2673 2.20422
74 8.31887 38.5452 4.02017
75 3.7466 37.6051 -0.424557
76 21.4574 8.84479 4.5111
77 12.7525 26.0371 0.551958
78 38.8729 29.656 -1.4773
79 35.1158 2.34638 2.08416
80 34.3418 3.97791 0.483132
81 4.92143 26.5729 -1.70169
82 10.1897 7.80532 -1.26729
83 14.8395 21.9418 -3.1931
84 22.9857 18.2122 -1.97012
85 39.8124 16.7549 2.71396
86 21.677 7.39919 1.64093
87 17.4945 38.6252 -2.89451
88 4.46095 37.8601 -2.5911
89 8.70772 35.0186 1.65688
90 33.4725 34.8993 -3.49245
91 24.636 11.5527 1.1251
92 18.7816 18.0217 -0.335364
93 18.8796 10.711 -2.27024
94 14.2336 13.1101 -2.84436
95 22.3249 3.22847 -1.16557
96 10.4083 29.6293 1.71168
97 23.8083 32.4633 -1.56366
98 39.6647 22.2012 -1.67458
99 8.97775 31.3723 1.98881
100 32.1491 12.9972 0.839144
101 14.9248 22.274 -3.49402
102 19.868 31.8665 -2.33679
103 13.2483 2.24213 0.489786
104 28.0283 4.97934 0.131461
105 24.2607 28.0981 -0.193379
106 39.3162 12.3719 -1.59086
107 17.7583 21.7714 -1.0187
108 24.9368 11.4405 1.83919
109 34.0176 27.5218 -0.254241
110 12.055 36.3551 3.91607
111 7.91651 33.7321 -3.11897
112 32.1869 39.1512 -0.603504
113 32.3148 19.7045 0.817864
114 2.61551 25.3575 3.78102
115 29.0058 20.3666 -4.049
116 29.3565 26.2919 1.06309
117 20.7561 29.1315 3.22318
118 26.527 38.8778 1.50955
119 36.8163 17.5488 3.11984
120 36.3147 31.6766 4.5846
121 27.5104 12.178 -2.0382
122 39.1206 10.3396 -2.00683
123 5.98793 23.2202 -3.04972
124 15.9454 36.4882 -3.59826
125 25.6031 34.0898 -0.563775
126 24.1215 23.5621 1.42693
127 0.147419 1.54 -2.42499
128 32.2957 12.0511 0.277428
129 2.97211 12.4065 -0.757498
130 34.2551 4.7367 1.77789
131 28.2563 28.9067 0.830776
132 22.9152 35.343 4.01334
133 32.1742 32.304 3.13741
134 11.5755 32.8311 3.45271
135 16.8399 3.65288 -2.56198
136 27.2016 6.20488 1.75561
137 31.1304 36.7209 -0.697012
138 11.6283 24.707 1.87225
139 16.161 3.5354 -1.27007
140 15.969 31.7794 -3.75651
141 36.384 29.3768 0.659426
142 27.4159 35.3625 0.387713
143 16.8387 26.2133 1.31307
144 10.9234 26.7525 3.1775
145 28.4153 21.0364 -0.404421
146 31.8769 9.6219 -0.534948
147 34.2226 37.1763 2.93463
148 38.2408 10.0889 0.139678
149 15.9188 22.1543 -0.288953
150 15.7532 11.2261 -0.952493
151 37.6421 37.3832 2.58202
152 17.5404 12.1398 0.308175
153 20.3855 1.00943 -2.67356
154 30.0711 31.4321 3.05345
155 29.955 34.0461 1.62434
156 37.1529 25.3531 0.347178
157 15.8288 17.0861 -2.06157
158 19.9721 27.331 -1.9626
159 14.8752 29.7313 0.123963
160 4.56867 12.3673 3.38327
161 12.0124 20.053 -0.22775
162 26.6243 34.5312 -1.60032
163 10.2792 4.92606 -0.868788
164 16.4512 2.77809 2.27393
165 25.0474 4.53619 -1.21535
166 34.4066 7.56874 -1.27379
167 12.3647 3.27457 1.63171
168 36.6193 22.7867 -0.572362
169 4.32227 36.19 0.0856098
170 38.6071 33.3159 -3.2992
171 20.1117 37.0816 2.20682
172 35.3008 20.8932 2.30054
173 23.655 28.88 -2.64239
174 12.1682 35.2843 1.66961
175 2.53505 12.1094 -1.84316
176 24.1247 24.1946 3.71762
177 17.042 7.84627 1.90816
178 23.0633 16.6577 -3.61367
179 28.92 9.34195 0.259124
180 13.1878 8.40894 2.77792
181 33.4272 30.0636 1.49555
182 18.1751 12.1983 0.460903
183 6.8515 19.2944 -2.08461
184 24.4342 37.6258 0.231103
185 12.8508 8.52441 2.13194
186 27.1937 7.42747 2.26918
187 7.40477 36.2514 3.09367
188 24.4651 19.7044 1.93327
189 8.67524 27.6941 -2.34791
190 26.7153 24.6817 0.927172
191 10.0372 30.8837 0.214705
192 33.8908 6.35769 -0.208098
193 29.2003 21.0594 4.08333
194 12.3942 30.461 0.06688
195 17.5041 19.3204 -1.65459
196 27.7818 35.3493 -1.30188
197 16.4311 38.9841 -0.636653
198 28.8879 16.3318 -4.95157
199 14.8721 11.0555 -3.98104
200 34.0107 36.4154 -2.50043
201 34.1944 18.8851 -2.60851
202 16.9529 20.6805 -0.409579
203 25.0056 13.6081 -0.610574
204 32.1315 35.2316 -0.614579
205 37.2906 33.0758 -3.09384
206 17.7495 5.26457 -1.48924
207 0.00467464 32.4625 -1.31688
208 30.5822 29.3499 0.323119
209 7.76101 33.403 -3.03237
210 5.91644 24.1124 -0.757957
211 32.9404 24.0123 1.88566
212 1.21998 34.9699 -3.8729
213 3.89461 11.2359 3.52321
214 36.7007 22.6269 -2.6594
215 38.231 19.7462 -1.48705
216 27.176 21.2377 -0.410656
217 7.54002 10.1503 -4.33349
218 17.0979 19.6646 -4.05163
219 25.0243 6.45697 2.00277
220 18.6977 5.44391 1.93282
221 22.4874 11.1732 4.75252
222 36.0522 24.6004 -0.854574
223 18.5908 34.5278 -4.30193
224 8.91332 29.9762 -1.80272
225 30.7122 12.942 -1.27887
226 4.60558 19.9838 0.40371
227 11.9622 2.11363 -2.18613
228 22.8971 10.6069 -0.718423
229 35.3932 21.2774 2.20449
230 27.1817 6.72145 1.77268
231 16.9672 20.0053 -1.48303
232 29.6098 12.4262 -2.227
233 38.4547 10.4792 0.258968
234 6.69176 36.9008 -0.208046
235 2.3659 11.6267 2.15939
236 8.27877 38.4858 2.75682
237 10.7621 29.2719 0.427611
238 12.7965 10.1812 -3.84793
239 35.0775 15.0265 2.8866
240 22.6927 25.5733 -2.25573
241 22.7854 27.3902 -1.29179
242 38.3586 4.06003 0.556776
243 27.9019 37.3274 0.527019
244 0.0486955 16.9659 2.36739
245 20.0186 6.60369 3.77699
246 30.9159 10.4179 -4.31329
247 1.92289 1.57637 0.202852
248 3.53646 23.909 -0.879275
249 16.327 31.3437 -0.991124
250 10.5218 38.2996 3.51027
251 0.11661 8.61116 0.678793
252 32.5218 18.7297 -0.442499
253 27.8357 11.0587 -1.84146
254 38.1191 33.5828 -4.02828
255 28.2161 25.2316 -3.2826
256 1.80036 6.51859 0.663685
257 32.6348 17.5118 2.14235
258 33.9018 34.6104 -2.53324
259 32.3629 16.3681 -0.911365
260 5.13268 6.98895 2.79919
261 25.8071 24.0245 2.52552
262 26.9027 32.5373 -1.43075
263 1.2372 1.70479 -1.59984
264 3.35567 30.0738 -0.990567
265 2.92434 16.0632 -3.93946
266 0.749959 11.0759 -1.29216
267 5.18943 26.3221 -3.74705
268 2.39412 28.991 -1.3261
269 21.1849 36.7531 1.54879
270 0.908125 9.56537 1.60235
271 33.0708 10.209 -0.889296
272 19.7747 13.9387 -3.2488
273 29.9665 34.9924 1.87378
274 8.58679 6.51495 -1.87237
275 4.10497 21.4345 2.50831
276 28.8646 21.6343 4.55896
277 6.42549 26.9893 -0.388059
278 3.63179 6.84678 1.64595
279 5.40108 20.0702 0.802313
280 35.4946 20.4386 1.37594
281 27.1024 12.3176 -3.26851
282 15.301 17.1852 -2.13927
283 17.5171 39.1484 -3.53649
284 31.1406 21.3004 0.484129
285 35.6085 37.8743 1.25333
286 33.3006 8.69449 1.66072
287 8.69445 16.4479 1.47251
288 8.64318 35.6761 -1.84364
289 15.2631 31.0908 2.1575
290 37.4218 23.1807 0.918164
291 17.0552 16.3242 -2.77069
292 38.4358 26.4812 -1.48183
293 7.70046 7.06174 1.16748
294 27.4416 28.5027 -0.409557
295 12.8114 8.80971 -1.14782
296 26.0047 23.7776 3.30868
297 0.481878 25.9624 0.109944
298 25.6643 28.1256 1.91154
299 17.5254 33.3217 -0.439452
300 27.3245 6.20007 1.09006
301 28.5533 22.0252 -2.69294
302 16.7017 34.8512 -0.762617
303 5.80605 28.9934 0.0825368
304 14.3189 21.9049 -1.43725
305 5.90198 23.8794 -3.78939
306 30.8073 11.2897 -1.27108
307 8.93362 17.248 -0.41283
308 0.857833 17.4226 -3.71774
309 13.9772 36.9868 -2.50785
310 15.1135 22.0595 -0.95389
311 26.7846 3.24373 1.12609
312 39.8563 37.9265 -1.36574
313 36.3775 0.687001 -0.741335
314 16.2496 3.17615 3.35518
315 2.47497 32.1354 -2.5162
316 36.5077 34.7089 1.23815
317 32.3393 35.4486 2.41415
318 22.1056 21.2319 -3.86633
319 2.60204 0.680022 -0.538631
320 38.5578 21.6895 1.51564
321 31.8928 6.81325 0.861791
322 6.14703 37.6874 0.654678
323 18.7099 36.3629 -1.01704
324 29.5807 13.0417 -2.0144
325 7.08896 26.1954 -2.80917
326 0.459999 7.39489 0.0602324
327 15.1919 0.87028 -1.73609
328 17.4202 29.3347 -3.68211
329 39.1881 21.4605 -1.01522
330 2.24405 10.1648 -2.20696
331 11.7043 35.2046 4.45764
332 33.1928 12.5123 -1.05961
333 20.0075 20.2766 0.969899
334 8.76501 7.51145 -1.36356
335 12.6904 38.3376 -2.90279
336 21.5212 0.349756 1.70568
337 3.95394 13.7157 -3.70888
338 11.7437 30.0806 0.732313
339 38.2576 32.2946 -2.11909
340 5.74952 25.9343 -2.1942
341 30.9169 31.7751 1.38059
342 11.6725 15.0134 -1.69198
343 15.1272 15.0512 -1.25008
344 12.2264 36.5785 2.79366
345 38.3022 26.8793 0.868305
346 16.1791 6.98668 -3.01735
347 6.99579 36.5532 2.16903
348 10.3266 24.4128 -3.50464
349 14.7917 16.8228 -1.04121
350 10.9152 10.2144 -3.92545
351 6.56419 22.7008 -0.96448
352 25.8022 20.9559 0.645166
353 27.8215 5.13471 0.804495
354 34.0323 37.6456 -0.151471
355 23.3503 24.3556 -1.22064
356 29.7404 29.0866 -0.621928
357 15.232 28.8491 2.1185
358 12.7858 14.8599 3.2709
359 35.6832 28.9774 2.80971
360 35.1528 27.6711 1.90784
361 30.2507 30.8884 1.49085
362 38.9006 22.5712 1.25372
363 38.6319 6.75252 0.945737
364 5.83758 11.6428 1.91078
365 7.08948 37.7726 4.39524
366 13.1875 5.25832 -2.63125
367 13.2397 34.1921 4.4403
368 26.5427 7.54016 0.744349
369 17.1245 31.3442 2.42654
370 16.5245 26.098 -0.676969
371 23.9675 20.8521 -3.13695
372 27.1197 27.6989 -1.05172
373 12.8534 7.65806 0.565592
374 14.2741 18.0488 -3.42998
375 11.9157 9.71561 -3.02649
376 2.93309 31.1733 -2.31509
377 5.44629 8.05023 -1.36833
378 10.9539 5.1556 -0.835549
379 30.8678 34.6252 -0.499673
380 38.2464 28.4749 0.110201
381 13.1185 31.7856 -2.05899
382 39.8744 14.504 -1.25729
383 14.763 35.9139 -1.10632
384 22.6226 36.3713 -0.20501
385 21.566 18.5662 2.46944
386 21.3106 5.36839 1.89555
387 11.6826 4.61343 2.91631
388 30.3582 26.0272 0.901378
389 7.13428 4.22481 -2.23915
390 30.6265 28.0077 -1.19421
391 16.45 15.7995 -2.20781
392 25.6962 27.0388 -0.185314
393 19.7956 12.8349 -2.79559
394 32.3884 36.8455 3.01496
395 32.9974 14.2206 -3.93231
396 2.30049 2.75147 -0.899544
397 7.87107 1.51239 0.59396
398 4.92389 33.1237 1.22565
399 0.476397 18.4479 -3.45053
400 3.85617 39.1505 -0.900588
401 22.2045 35.2941 2.78126
402 33.7168 7.97315 1.57368
403 39.248 29.6624 0.571516
404 28.8263 30.2216 4.42498
405 4.3031 23.0591 -3.65619
406 26.11 0.288975 -4.37346
407 37.2097 1.44196 3.29141
408 5.26351 12.2407 0.964497
409 15.778 3.89332 0.0973315
410 23.9643 20.735 -3.9094
411 20.0147 23.2206 -0.252596
412 2.29657 8.68903 1.88152
413 14.2201 8.61565 0.0047711
414 0.185362 16.4288 2.45492
415 15.1337 25.7903 0.767209
416 28.1679 37.5005 0.823217
417 6.10618 5.49047 1.62701
418 29.9382 27.128 2.02096
419 25.0918 12.9547 0.331168
420 19.3229 38.5807 0.0222462
421 3.16171 14.6025 -1.93814
422 14.6552 6.73199 -0.83491
423 29.9799 11.6482 -0.0253543
424 26.5438 21.7066 -1.81914
425 19.4213 39.6465 0.583743
426 9.7954 21.3425 -2.33898
427 16.9868 19.2159 -4.45303
428 39.7453 8.65968 2.7404
429 4.5287 8.42822 0.460921
430 19.7812 15.9591 2.66282
431 11.3134 8.13679 -0.492425
432 17.3333 37.8818 3.95179
433 29.6953 25.0704 2.48463
434 4.67132 22.9243 -2.19175
435 27.2455 38.9031 1.30103
436 3.21097 21.6398 -0.0571454
437 11.5585 35.738 4.3871
438 6.32969 24.019 -1.74184
439 34.4713 25.154 -0.254669
440 27.2754 39.4388 2.66033
441 9.79046 5.21987 1.97238
442 15.753 28.1952 0.289019
443 18.8682 17.0451 -1.55886
444 9.95422 14.0292 0.83534
445 5.75574 22.3372 -1.33069
446 20.1343 11.6231 2.3236
447 1.45609 9.88746 -1.83239
448 34.2107 27.5127 1.33651
449 13.4641 15.244 2.51406
450 13.4683 19.7855 1.52489
451 1.10064 11.9111 -2.76861
452 17.4791 12.2282 2.35702
453 5.86262 30.6481 1.7599
454 36.9046 9.31156 -3.29396
455 29.2653 3.60214 -0.929631
456 11.7448 9.75557 -3.82942
457 24.4677 20.3803 0.864551
458 38.703 18.1081 -1.16249
459 10.8711 9.73275 4.6755
460 13.7855 39.4575 1.48223
461 8.81395 37.1172 3.76086
462 24.8182 15.1422 2.1592
463 4.16016 33.3134 2.47627
464 33.4652 22.682 3.40325
465 33.4592 14.0447 -3.10955
466 32.6119 21.7908 -1.35528
467 4.78371 37.4366 -2.49932
468 27.4528 37.1822 1.72701
469 16.2979 29.5769 0.358755
470 10.8645 15.4111 -3.12218
471 39.1485 13.6237 1.16681
472 16.4415 16.9709 -2.4789
473 13.5876 2.08209 0.0346134
474 9.00942 34.3854 2.05413
475 31.9713 9.27545 -0.794135
476 21.9365 28.8626 -4.01937
477 12.1375 30.5484 -0.198988
478 34.0919 14.6418 -2.27593
479 5.40637 26.4805 -1.27927
480 33.1409 18.9481 1.10976
481 24.1347 34.2544 -2.26753
482 8.22307 28.586 -3.34453
483 13.3857 31.5147 -2.05641
484 10.5419 31.6652 -0.615664
485 7.18352 37.0689 2.90808
486 22.5731 26.7555 -0.743082
487 31.3075 30.3845 1.96191
488 33.8702 8.34667 -1.38219
489 21.4753 3.70823 1.81602
490 4.3976 4.95918 -3.12627
491 17.5872 11.8192 0.466564
492 24.2194 39.3328 -2.65047
493 3.55963 27.4015 0.648925
494 7.6193 16.9531 -2.6297
495 30.981 11.8439 0.896153
496 32.8878 18.7222 -1.17839
497 6.07118 30.0978 2.72535
498 18.7135 15.6973 -2.76808
499 4.63383 13.4865 -3.67467
500 3.89239 12.9903 1.43657
501 30.5873 17.6469 2.43408
502 2.14683 0.646681 -1.7258
503 14.607 29.1937 1.64042
504 37.824 31.0851 2.68519
505 7.14743 7.24676 4.09041
506 28.3772 22.5029 -4.49491
507 22.5235 6.15179 0.709038
508 0.393325 30.8 -0.386168
509 32.0472 0.395396 -3.08296
510 31.4379 0.43884 -0.30065
511 23.4943 32.55 -0.403077
512 0.970501 34.213 0.517103
513 16.2838 36.7203 2.90812
514 11.092 27.5745 3.94296
515 18.7493 14.6939 0.470794
516 21.5202 2.07461 -1.45044
517 11.9916 5.11882 2.7496
518 18.652 17.2418 3.80433
519 20.6594 12.2196 2.8228
520 33.307 10.1605 -0.667366
521 33.6529 29.7464 1.0766
522 21.0521 21.1189 -1.39502
523 13.8428 19.9556 2.10342
524 4.53799 22.4209 -0.677002
525 8.96605 12.2374 3.648
526 3.38017 22.0263 -1.26682
527 14.1393 6.5696 1.03608
528 21.8188 8.44695 3.35531
529 27.2379 2.26157 -0.902838
530 38.9654 8.10709 -0.684836
531 26.2389 10.9504 -2.07291
532 22.9154 35.2408 3.93189
533 25.7185 28.1878 -1.32483
534 14.4774 28.2118 2.28551
535 8.5918 4.14642 0.17704
536 32.6054 17.6963 0.923412
537 38.5367 16.7183 2.18549
538 0.975123 38.5169 -1.53485
539 3.35138 1.05066 -0.727709
540 32.7708 24.566 3.13459
541 25.4612 21.8992 -0.380022
542 2.91643 31.738 -3.44559
543 14.2424 16.9457 -0.885957
544 7.59865 38.5481 0.978715
545 13.7248 21.4498 -1.24836
546 37.3352 36.4093 -0.488915
547 4.96782 19.2093 1.47871
548 36.8004 33.2623 2.76519
549 3.95511 24.2956 -2.69338
550 7.9565 32.0918 3.17775
551 21.5461 17.634 0.869562
552 39.3294 7.59996 3.09423
553 19.9903 25.0084 -0.744636
554 16.1808 10.3426 -3.67942
555 35.0324 17.59 -2.06745
556 29.7835 17.9666 0.252486
557 8.1093 28.0526 -1.39918
558 31.0902 4.0581 0.344521
559 25.0653 28.1498 1.16346
560 28.9854 24.462 -1.26725
561 11.438 18.8832 1.61384
562 6.15565 19.8271 0.919441
563 39.9248 17.2706 2.66725
564 15.4095 20.5701 0.828645
565 36.4355 16.8918 -4.35506
566 17.7379 32.8275 -2.00048
567 31.1631 11.4317 -1.84626
568 35.0482 5.76569 1.88388
569 3.82225 18.9834 1.34561
570 6.79183 22.5341 0.299276
571 22.1617 11.2295 -3.5184
572 2.03897 34.5898 -0.392398
573 19.9709 39.626 -1.69434
574 14.2922 20.9348 0.992613
575 17.6206 20.0204 -2.56832
576 36.1146 3.30315 2.23343
577 27.4453 29.3962 0.198168
578 5.44381 37.2254 -0.963288
579 5.44143 5.88825 3.74496
580 7.9026 32.0245 1.19614
581 6.47004 30.8097 0.892268
582 25.209 24.3293 0.928658
583 24.2615 35.523 0.498697
584 32.9894 11.4858 3.35433
585 7.66023 15.4341 -3.13697
586 27.2405 20.5265 1.71623
587 33.5755 32.2355 1.33852
588 21.7132 35.4215 -2.80354
589 24.5481 24.1463 2.5669
590 11.4362 4.52273 3.6033
591 3.373 24.2028 -3.48198
592 33.1927 25.426 -1.0023
593 17.5283 26.2522 2.59348
594 9.46164 3.35445 -0.398304
595 20.7876 23.5253 -0.524493
596 36.6895 34.4349 -1.16206
597 30.2766 10.214 -1.71184
598 34.715 12.0136 0.976903
599 18.5202 34.4338 -4.42189
600 7.6695 37.9156 3.90549
601 19.8666 31.9363 -1.13456
602 1.43651 18.2551 -1.0815
603 14.8961 19.6845 1.79626
604 39.6057 28.8106 -3.41628
605 8.60826 37.4068 1.97178
606 2.45242 28.6916 -2.98217
607 4.95957 12.8175 -1.2899
608 7.08022 38.8941 2.01337
609 24.6205 34.8568 -2.50296
610 37.7717 27.852 1.49979
611 39.7623 22.2178 0.973279
612 21.2916 12.528 0.897599
613 25.6775 12.5858 0.86245
614 0.169339 9.55526 -2.28872
615 31.7069 9.11996 -1.93815
616 31.7844 12.749 2.77363
617 24.4848 28.7523 0.45509
618 32.9451 3.25878 -0.676988
619 24.0871 33.5277 -0.105697
620 32.3685 31.6715 1.12023
621 31.7397 12.275 -0.352928
622 11.6594 36.8915 0.745322
623 24.4613 11.9308 -1.77387
624 33.8959 37.44 2.38138
625 16.7532 7.64696 3.90509
626 7.11692 37.9381 0.737694
627 7.27244 36.337 1.92602
628 24.3317 12.3828 -1.94256
629 31.0901 39.2993 -2.26688
630 33.9986 26.7585 -1.42529
631 29.273 36.4929 0.576348
632 28.9072 31.1412 4.44359
633 30.5337 23.8836 -3.691
634 36.4221 35.0537 -0.276822
635 30.0594 26.1323 1.08767
636 22.6157 10.175 4.92976
637 39.5099 21.2264 -1.7645
638 38.9237 22.4612 -0.600517
639 30.6305 5.6307 3.82513
640 2.97433 20.4263 1.5635
641 21.1572 0.143565 2.15773
642 15.4402 0.884977 0.19407
643 27.6087 26.5904 -0.142368
644 11.677 5.85405 -2.56803
645 2.6406 8.47545 -0.372463
646 10.5757 12.9679 3.43653
647 11.2827 15.7524 -2.62999
648 36.2078 34.6387 0.852234
649 27.0689 27.5667 -0.203611
650 29.2498 11.5851 -1.01441
651 27.697 19.0913 2.55132
652 39.4502 39.9378 1.10758
653 15.4975 37.2972 0.792259
654 19.0657 13.7026 1.21157
655 32.7727 36.1062 2.90393
656 12.6041 13.9056 -0.616541
657 20.8428 3.0832 4.18128
658 7.5466 25.5602 -1.55738
659 29.8526 2.3158 -0.98823
660 30.3082 12.1525 -2.34885
661 39.4102 15.3405 1.09847
662 27.5135 29.7437 -1.6903
663 16.2668 21.6851 1.70959
664 34.0736 18.3199 -4.30525
665 32.415 38.3601 -0.851593
666 32.5017 3.3452 2.74174
667 36.8183 32.9029 -4.33721
668 7.52519 33.9888 -2.38348
669 15.6626 29.3049 1.22386
670 37.7778 22.1493 -0.0861072
671 24.2859 35.3333 -2.23328
672 14.0345 27.5157 1.86699
673 34.4516 10.4546 3.95745
674 15.2299 18.0631 -0.827241
675 30.7602 16.716 1.75603
676 30.4811 39.4611 -3.36762
677 32.7167 15.4742 -1.96029
678 29.2445 36.4363 -0.0844991
679 24.293 16.417 -0.11109
680 13.4885 21.174 -0.0301292
681 13.6977 36.7113 -1.94469
682 30.5187 37.8054 0.55449
683 34.3489 20.2396 -1.74885
684 8.40208 35.178 0.426369
685 24.6538 30.1916 1.64797
686 1.97854 1.90827 0.0802933
687 24.7126 11.1244 0.332181
688 33.0722 1.01737 -2.6316
689 12.3862 36.1533 4.16677
690 17.1364 30.5244 0.849687
691 13.3279 31.643 -1.03169
692 24.7632 13.8844 1.16925
693 36.0606 16.7411 -2.20167
694 24.7166 34.6468 2.02718
695 15.5331 31.7615 -1.46234
696 33.0431 29.085 2.83564
697 28.1253 9.12891 0.135116
698 35.5105 11.1854 3.02191
699 20.7299 16.9499 2.62505
700 3.57732 0.44052 -1.85389
701 27.9439 3.08339 1.56225
702 39.733 0.334901 2.2646
703 30.3131 16.5726 2.38141
704 29.5954 28.3104 -0.74869
705 5.07549 37.5944 -0.834659
706 35.0118 30.9795 -3.45865
707 14.3389 7.14588 1.15492
708 26.8446 18.4543 2.01075
709 25.9484 6.12814 -2.81707
710 22.0279 26.905 -4.10008
711 32.698 31.6038 1.76079
712 28.3611 15.3214 -1.93982
713 35.3851 11.5888 0.751229
714 24.2743 26.9181 0.137997
715 38.197 3.87071 -0.172289
716 26.6682 32.1871 0.0582884
717 15.4597 23.3987 -2.79854
718 12.7913 29.6646 -0.613724
719 9.81597 35.928 -1.40485
720 15.0109 23.0693 -2.53023
721 31.4905 35.6504 -0.445957
722 4.05262 5.15145 -2.88958
723 16.4037 35.2886 -1.03369
724 12.7561 2.92912 0.726694
725 27.7085 7.55742 0.474712
726 8.71239 29.5205 0.555496
727 3.4289 31.4334 -2.42261
728 1.34128 8.3509 -0.229174
729 21.8005 1.81403 -2.63985
730 17.6664 13.8956 0.727243
731 29.7952 18.805 -2.31704
732 26.3254 37.3927 -1.71686
733 33.7569 25.2471 -2.66391
734 24.1385 16.8113 -1.12013
735 15.4009 21.8436 -1.97455
736 25.7508 27.5468 0.258827
737 34.0414 27.2796 -0.132486
738 13.7989 7.37598 1.12308
739 11.486 29.0347 -1.93284
740 35.4371 21.0134 -1.83164
741 5.24019 32.9046 2.77805
742 21.8704 16.5007 0.0852521
743 18.8899 25.484 0.337116
744 31.2234 26.0581 4.27818
745 15.7267 29.3555 1.61227
746 16.7496 18.453 3.25758
747 16.5682 20.7932 -2.25393
748 12.3558 28.6469 -0.521539
749 4.00419 4.55803 -2.40748
750 6.03786 29.6459 4.0258
751 8.45008 37.5437 1.33264
752 34.847 16.1098 2.0083
753 6.1307 21.9806 -2.52331
754 31.559 18.9406 -0.126391
755 23.6772 8.06022 0.253634
756 33.3248 6.87095 1.03237
757 15.0441 21.2228 -1.88097
758 32.932 26.6204 -2.83532
759 9.42074 29.6299 -2.05627
760 29.1811 37.949 2.53514
761 15.5906 12.4886 -0.980838
762 24.2237 26.7787 -1.47376
763 13.0086 5.38694 -3.92508
764 27.5762 4.79608 1.9792
765 28.4864 28.0445 1.37431
766 8.72613 13.2708 2.5097
767 34.6518 19.2242 -0.37843
768 7.80984 10.6404 -2.02952
769 23.0789 32.1908 1.58862
770 12.2297 25.7806 -1.49028
771 38.6316 20.4851 -3.42853
772 15.9989 33.173 -3.3348
773 31.3108 31.0008 0.721953
774 38.3953 37.7954 2.22443
775 19.4586 17.9406 1.66658
776 10.814 21.7631 0.077949
777 37.8747 21.6887 1.13816
778 26.5747 23.9988 2.52811
779 19.2502 3.82543 1.11294
780 0.602017 6.17076 -1.10975
781 29.5684 1.27291 0.815269
782 10.3064 5.32939 2.16081
783 19.8243 10.7818 1.18338
784 30.0856 0.468971 -3.19005
785 23.7931 18.6998 2.42307
786 8.41826 27.7695 -3.08744
787 27.7217 2.56655 1.18919
788 2.48036 33.3858 -4.64142
789 39.3089 14.0584 1.55575
790 10.4775 31.1201 -2.08439
791 17.1503 15.5833 -2.9858
792 11.8248 30.7423 -1.24896
793 21.0619 37.0483 -0.280934
794 21.6254 24.3399 -0.734489
795 11.0389 8.88786 -0.542031
796 17.1837 28.9136 -4.14385
797 5.61548 30.609 3.61411
798 25.839 6.01044 -1.1166
799 24.5863 37.756 0.220218
800 28.8772 8.92254 -2.76663
801 20.6439 13.0216 -3.33473
802 35.0554 11.4352 2.5355
803 8.70415 1.96089 -0.894188
804 0.456959 16.4612 1.94239
805 38.4601 20.5318 -4.34437
806 10.8039 21.0073 -1.48828
807 22.4152 4.04076 1.26944
808 25.714 21.5131 -0.87589
809 18.5295 11.674 0.417305
810 16.6103 37.3494 4.183
811 11.9252 29.3693 -1.35775
812 10.7324 35.9585 2.76924
813 38.3584 4.98692 1.74028
814 28.2324 35.2341 3.79308
815 31.5336 21.6584 -2.71297
816 15.195 33.7577 1.84078
817 14.849 34.493 -2.54726
818 8.33498 12.322 3.16359
819 24.3929 6.77309 1.28893
820 35.6401 38.6169 0.472037
821 12.8235 8.26178 -0.413558
822 9.23538 8.83643 0.882429
823 34.3766 1.18013 -1.68921
824 35.9357 15.3968 -1.85318
825 34.069 25.8703 -1.36495
826 38.9863 16.6094 -1.42687
827 39.8281 14.5718 0.740895
828 25.4406 10.764 0.625647
829 16.7206 32.894 -1.30432
830 12.7966 24.6475 1.85726
831 11.2929 35.7413 2.49413
832 31.3178 26.0118 3.65689
833 15.6668 17.1976 -1.36429
834 20.3106 9.3074 -1.23663
835 5.72748 29.9454 1.01446
836 23.0563 31.3823 -0.607354
837 35.5851 26.6114 -1.45817
838 27.562 10.1243 -2.36136
839 3.0271 22.043 -2.56366
840 26.545 12.7551 4.55502
841 32.3513 38.7055 -0.803295
842 27.2593 28.5244 -0.117325
843 15.06 0.167213 -0.223933
844 8.87013 14.5279 1.62408
845 2.73519 27.7704 0.953843
846 14.9028 35.474 -1.73051
847 1.24597 21.361 1.73419
848 24.3226 18.1799 1.70747
849 15.0791 20.1173 -0.126216
850 7.17294 36.2664 1.70549
851 0.920977 37.6029 0.143022
852 27.2416 28.688 0.953322
853 25.6112 24.4502 3.58587
854 2.48879 32.3206 -2.73017
855 16.8677 3.2818 4.66383
856 18.2934 33.1195 -0.691924
857 9.8363 23.2589 2.20585
858 2.71174 27.1685 1.3345
859 19.5594 0.462664 -2.5206
860 29.8978 21.5178 2.76065
861 38.9248 12.9966 3.50439
862 1.09124 36.8587 0.218584
863 11.2807 14.4685 -1.22682
864 27.4452 10.7561 -1.59913
865 29.6912 29.9885 2.32763
866 28.7828 39.2129 2.13549
867 16.5776 38.8364 -0.431972
868 33.5845 26.5726 0.752909
869 36.817 15.3708 -2.28118
870 9.61829 4.14031 -0.055469
871 21.2435 24.127 -0.354785
872 30.9107 25.8461 0.992333
873 20.3963 22.2021 -0.879891
874 33.1383 11.0417 -0.810964
875 38.4672 11.43 3.2888
876 0.796538 8.9844 1.00115
877 2.47562 39.5415 -1.144
878 0.292517 37.3991 -1.92701
879 6.33958 36.2837 0.965504
880 0.240664 21.0518 -0.917668
881 5.20415 23.7122 -0.847558
882 23.7808 6.97795 -0.599177
883 3.10354 25.6115 3.20487
884 14.1496 19.5867 1.84644
885 12.936 9.89794 -0.639742
886 14.1391 28.0569 2.13704
887 36.2028 18.7703 -0.329682
888 38.9961 32.0594 2.43093
889 7.19891 10.3622 -2.75048
890 19.9405 14.5303 3.36488
891 19.0681 19.9811 3.00625
892 28.5802 3.04722 0.402879
893 27.5848 28.8415 1.10263
894 33.0988 33.263 1.91624
895 36.2869 22.3605 -0.229357
896 19.929 37.8819 1.51809
897 1.74642 12.2502 -3.93055
898 18.6321 16.3603 -0.366255
899 10.3147 26.8319 -0.44631
900 17.1153 6.38142 1.09698
901 4.93163 38.0147 0.125433
902 37.4564 30.5785 2.24153
903 7.51878 36.8595 0.379924
904 21.8623 2.79811 4.63005
905 24.0354 34.8967 -1.3353
906 24.5054 24.9361 2.50046
907 18.3213 29.6547 -3.55984
908 29.0592 35.9352 0.422727
909 17.8379 8.42892 1.64524
910 37.4521 21.3197 0.908085
911 32.7739 25.4995 -2.79388
912 22.3718 24.4312 1.63524
913 2.42534 27.2596 1.52145
914 5.21308 22.6505 -2.3013
915 37.5077 34.1727 0.0922684
916 24.619 18.733 2.52612
917 6.09718 29.6331 0.629055
918 6.56991 36.2414 2.06113
919 32.605 17.637 -1.3062
920 2.53646 17.5158 -0.451621
921 32.486 22.7424 -4.58573
922 25.615 13.7846 -1.73748
923 9.78462 29.1977 0.682383
924 28.2112 37.0708 2.46479
925 17.2841 38.3489 -2.41863
926 28.4483 37.0616 0.0252573
927 8.09896 32.6149 4.0082
928 33.8701 3.49936 1.62666
929 35.8458 28.5636 2.97653
930 15.7748 6.82146 -1.19475
931 19.127 19.1452 4.09303
932 9.12553 26.2742 -1.40767
933 12.2181 5.27042 -1.85085
934 31.6478 31.1786 1.29871
935 5.397 4.55857 -1.91172
936 10.6388 21.4942 -0.161641
937 14.935 39.3673 -0.164169
938 21.268 22.7505 -0.20883
939 24.7089 8.24438 -2.98397
940 16.8028 20.8362 -1.3943
941 22.1734 20.5114 -1.38478
942 3.6275 7.82061 -0.546589
943 12.5652 2.14203 0.986246
944 37.9554 31.2401 3.84634
945 6.10656 0.251573 2.90098
946 22.0066 22.4954 0.625992
947 23.022 4.07532 -3.38432
948 9.43593 35.8582 -2.60225
949 4.94618 11.6379 2.50791
950 32.8984 24.1338 2.26473
951 21.0151 8.6882 3.88167
952 12.5867 16.5054 -0.871977
953 34.8422 13.8511 -1.30891
954 4.51022 39.6637 -1.16122
955 39.1623 8.57214 1.87546
956 32.291 7.66044 -3.48235
957 31.415 17.982 0.053999
958 5.68769 34.0716 1.00572
959 28.022 36.0104 2.80578
960 5.2703 2.23937 -1.58438
961 3.56549 31.3388 -1.00161
962 12.4098 30.5323 0.203952
963 18.2274 33.5993 -3.99492
964 7.41519 10.5267 -1.53942
965 39.2351 31.4501 2.69132
966 15.7355 18.0414 -0.445544
967 21.4668 1.96347 -2.89912
968 35.4871 24.2542 -1.38176
969 14.3139 38.2377 -1.13494
970 25.415 39.6722 -4.14084
971 31.1908 12.7788 -0.539502
972 14.0654 20.4316 0.985737
973 10.6237 23.6643 -2.95121
974 27.466 16.6974 4.34762
975 12.3139 27.5208 1.7817
976 2.28951 1.04371 -2.98916
977 5.7642 39.187 -0.279499
978 13.9554 24.8708 2.12409
979 7.66915 34.8206 0.278819
980 36.912 15.159 -2.33546
981 5.20702 12.2318 0.858285
982 0.372679 3.57068 2.75556
983 24.195 14.1504 0.448235
984 11.8007 35.7521 1.72227
985 6.90408 21.5034 0.195168
986 29.4061 13.5281 -1.58763
987 9.55887 8.83099 -1.81801
988 3.63597 30.903 -2.9431
989 20.0139 31.4621 -0.2638
990 27.4272 17.9041 0.549872
991 11.3166 24.9692 2.78697
992 0.695976 13.2941 -1.7165
993 12.8778 19.9226 3.08666
994 25.1478 21.0397 1.1041
995 9.44433 20.6788 -0.0830594
996 35.0834 20.6416 1.26974
997 34.5395 13.7557 -0.048597
998 36.7174 0.976149 0.0993516
999 33.6636 27.8002 1.92553
