1000
Particles
0 38.9513 1.72685 -0.538404
1 34.0395 18.3681 -2.12544
2 20.4054 3.43403 2.79898
3 8.24211 39.1913 -1.95646
4 14.2692 20.3532 1.71503
5 23.8711 5.60584 3.30953
6 29.1779 2.13978 -1.80854
7 35.3989 16.1339 -1.24386
8 6.17418 27.4936 -1.35184
9 33.4778 22.161 0.0193049
10 23.8829 32.9704 -1.80792
11 4.50509 30.8816 -1.62617
12 34.6358 26.7333 0.71895
13 39.5001 6.32 2.14848
14 28.3792 16.8277 2.2603
15 33.5866 30.6198 0.663305
16 23.348 32.6108 -1.16363
17 32.1791 11.8028 1.3882
18 32.7028 14.7233 -3.14631
19 14.7082 19.3079 3.01287
20 8.89058 13.8032 -0.942003
21 35.9044 2.4498 -4.26026
22 35.5766 20.7074 -1.55572
23 30.3564 16.6429 -4.11061
24 34.3148 7.9568 0.611608
25 2.13822 31.5942 2.57781
26 20.1125 29.7032 -0.734383
27 15.3638 17.3201 -0.951717
28 4.95114 31.709 -1.69069
29 31.2362 10.6317 -0.258279
30 20.4297 24.3916 -0.233225
31 13.4952 17.4623 0.974019
32 18.2347 10.1013 -1.33947
33 8.18652 0.679081 -2.82688
34 24.4503 15.9526 -0.796009
35 27.3253 0.673779 1.40893
36 15.5298 37.4945 3.91426
37 37.7852 23.8428 3.42545
38 28.733 37.3549 1.21308
39 28.8082 16.2712 3.46053
40 33.3536 33.722 1.27486
41 17.2337 15.9655 -1.65313
42 34.878 22.3921 -4.90664
43 27.111 36.1957 0.0880482
44 20.7525 25.9143 -4.25851
45 6.00198 27.8395 2.12643
46 2.29977 10.4569 2.05202
47 36.5494 3.41934 -1.62126
48 4.1615 35.9721 0.780006
49 7.13903 31.0711 1.94522
50 38.9967 1.10484 1.39975
51 14.6185 2.08327 -2.67091
52 33.7607 8.20665 1.08797
53 15.3292 7.80797 -1.50584
54 35.5023 27.7088 0.467779
55 34.7384 16.7674 -2.88653
56 28.1727 7.97212 -0.591341
57 2.97954 31.4688 2.84008
58 36.7063 19.6592 -0.111453
59 2.06695 31.1634 3.30398
60 7.42926 25.9274 -2.41082
61 15.0814 23.8668 -0.254716
62 29.4004 0.843196 -0.852749
63 12.1893 13.9453 -1.58841
64 36.4099 31.1082 -1.51755
65 12.6462 39.5814 -0.000134804
66 10.5091 17.0958 -2.41255
67 25.3023 22.8469 2.37271
68 10.6669 7.26591 -1.18592
69 12.93 3.81764 -3.53357
70 5.23251 33.2853 1.20104
71 13.9053 7.62656 3.53975
72 5.92431 15.6703 -2.22617
73 18.5181 28.1452 -3.72594
74 6.42745 1.8482 -1.41429
75 2.70887 35.4746 -0.100881
76 18.9969 7.52755 1.94175
77 8.19365 23.9389 -2.30834
78 37.746 30.3801 -0.618366
79 38.8316 3.98304 1.03167
80 38.6513 3.89317 -1.81347
81 4.26684 26.9556 -0.0151452
82 12.4277 9.3427 -1.75444
83 16.4109 23.4985 -0.156838
84 18.7864 16.0939 -0.123151
85 0.922641 18.5319 -1.50781
86 18.3843 6.57531 0.775666
87 18.713 37.719 -3.4679
88 3.66214 36.7889 0.132532
89 4.65815 37.619 -2.85508
90 35.3687 34.6459 1.16605
91 19.6583 12.8141 -3.13882
92 18.6158 19.6123 0.366675
93 18.235 7.84471 3.99182
94 15.633 16.4944 -1.10795
95 19.9567 3.25645 4.8901
96 12.3836 29.0912 -0.453161
97 21.367 36.3194 0.393791
98 0.151043 23.4769 -2.56865
99 10.7697 34.0112 0.623313
100 31.3351 17.7037 3.92209
101 19.3816 22.5127 1.09138
102 22.575 33.7141 0.587236
103 11.7435 0.570454 -2.33506
104 26.3278 2.61999 -0.633278
105 21.6958 29.3636 -2.82245
106 36.0091 11.354 -1.65184
107 19.0829 24.9217 0.743528
108 24.5124 10.3929 -2.63105
109 36.3061 32.5636 -0.411904
110 13.4932 1.99377 -4.08385
111 5.11156 30.7222 -1.34734
112 31.7219 38.3517 2.51695
113 33.952 21.3019 -1.37989
114 0.665549 25.7272 0.337282
115 31.0088 22.0462 -3.21665
116 22.3932 29.8775 2.47795
117 23.3287 31.7609 0.224046
118 24.231 1.2933 2.21099
119 35.6299 19.2375 2.76141
120 33.0209 31.7257 -1.8695
121 25.5751 12.4139 1.41014
122 37.242 15.6923 2.66476
123 6.46729 23.6821 -2.21951
124 14.8455 38.4267 -4.14535
125 26.8611 38.3511 0.560011
126 29.4129 23.0008 1.24324
127 1.18385 1.63341 1.24575
128 33.4219 9.50673 -0.159826
129 4.49489 12.9658 0.312766
130 34.0659 2.3809 -0.78933
131 32.5799 26.11 -1.3793
132 23.1502 37.4794 -2.70355
133 32.9018 30.0738 0.930642
134 9.17887 28.6265 -2.62516
135 13.8544 3.28926 -0.741201
136 29.4381 4.99117 2.01124
137 30.278 35.4267 2.3043
138 9.86587 24.2855 1.36192
139 14.4007 2.43823 -4.08826
140 20.2739 32.6848 0.183008
141 35.6474 31.3991 0.135777
142 25.6517 37.7219 2.52884
143 17.2987 27.5543 3.63006
144 6.77106 26.2354 0.0133554
145 30.1724 19.6843 -0.14052
146 32.2841 8.33056 2.75787
147 34.7309 37.672 1.17961
148 37.0954 9.34028 -2.91749
149 16.5467 23.9447 -0.682275
150 16.3033 14.1711 -0.606698
151 37.4612 35.2789 -3.65461
152 17.4549 10.7366 -1.91561
153 22.0498 1.04893 0.534526
154 26.7061 37.164 1.32192
155 33.4616 28.4373 0.237665
156 36.1063 26.8497 2.48543
157 15.501 13.4461 -3.44671
158 16.665 30.1435 -1.36417
159 13.3093 24.6002 -1.7076
160 5.4399 14.3079 4.1503
161 11.2267 22.4586 2.96271
162 26.1424 35.5278 -0.41015
163 7.50699 4.1219 3.35701
164 12.6896 1.66765 -3.7584
165 27.1258 7.70245 -3.28967
166 33.8623 7.5009 -0.878904
167 11.6622 2.04565 -2.95441
168 34.9643 20.7033 -3.17597
169 3.58787 33.8106 -2.58024
170 39.1212 35.895 -1.02527
171 22.9865 0.918425 0.0194864
172 37.6809 21.3281 -0.441187
173 22.8974 32.5655 0.541678
174 12.9271 35.086 3.04125
175 2.66851 8.37286 -0.390672
176 21.7626 24.2237 -3.25912
177 18.0736 7.55492 1.05753
178 23.3382 16.3791 0.0951429
179 29.286 9.65757 2.1089
180 16.0833 10.6283 0.190031
181 36.3777 31.5988 -0.560273
182 20.8632 13.6379 0.0814825
183 5.39962 21.8314 0.370165
184 29.0158 36.3834 -1.71335
185 16.132 11.0483 1.99242
186 25.3713 3.1499 -1.70169
187 8.00455 0.0788901 -2.14528
188 19.431 19.2221 -4.14935
189 11.1035 25.8078 -0.00803011
190 27.3759 23.911 3.05701
191 10.7976 32.0404 0.300171
192 34.6223 2.3987 -1.15249
193 29.4444 18.0193 2.11182
194 16.7199 25.0263 -0.525779
195 14.7362 18.7138 1.99626
196 26.2858 37.159 1.10299
197 17.8357 35.8523 -3.0229
198 31.6835 18.9773 0.798434
199 11.4268 13.1776 -2.91191
200 35.4874 37.1342 1.32347
201 35.8385 20.4526 1.31894
202 18.8858 19.058 1.52353
203 26.478 15.5436 0.365504
204 33.6604 33.9967 1.42927
205 34.9791 33.8224 2.41137
206 13.5088 3.37213 -4.13169
207 39.2068 30.2817 -1.5088
208 32.0522 26.2067 -0.857953
209 6.30075 32.4793 1.53018
210 6.35998 24.4549 -1.90529
211 34.1457 21.609 -3.19603
212 39.0828 31.649 -0.725378
213 2.04856 6.21781 -4.00531
214 33.5543 23.7119 -2.52682
215 36.3262 24.3733 2.73251
216 29.7931 21.4725 0.475657
217 6.72112 9.09331 1.44392
218 15.8716 18.1642 -0.865837
219 25.5058 4.21714 0.110905
220 14.7443 5.83911 -2.9499
221 24.9358 10.2457 -1.1052
222 34.9129 30.9313 2.57353
223 19.2561 36.0381 -2.62708
224 8.57341 30.3251 -1.34299
225 28.9556 9.75292 3.63589
226 0.784108 22.8019 -2.76196
227 7.70933 3.78082 2.67928
228 22.1112 7.51543 1.00826
229 36.0982 20.2324 1.90663
230 28.8425 8.47189 1.97394
231 17.3408 20.9466 -1.61728
232 32.5224 10.8361 -0.207557
233 39.5458 8.81647 -1.00871
234 7.43806 0.647628 -0.370924
235 39.4093 7.50838 -2.42678
236 8.52468 39.761 -3.06505
237 12.1782 25.4518 -2.40075
238 11.6679 12.1745 2.23392
239 34.8009 11.6047 -1.81976
240 22.5796 22.5729 -1.5679
241 20.0844 29.5748 1.55641
242 39.5954 5.9389 3.43068
243 25.8834 37.6192 2.06425
244 1.60061 17.8054 1.51687
245 19.4877 1.692 -0.147333
246 32.2812 8.43129 -2.59465
247 4.88709 2.33852 -1.13024
248 2.14863 21.5615 -0.513737
249 18.5315 32.5252 -1.26662
250 11.6274 2.90942 -1.01101
251 39.9804 8.26034 0.0172884
252 33.5706 17.9745 -4.09446
253 31.1693 11.4569 0.878191
254 38.9723 36.319 1.25096
255 25.934 25.7962 -1.40674
256 4.26751 6.23529 -0.6183
257 30.5226 17.2946 -4.51812
258 32.4046 35.2348 1.72871
259 31.3987 16.4687 -2.202
260 5.52699 11.3352 0.502958
261 27.0548 23.9197 1.42888
262 26.0982 31.6312 -1.31151
263 0.796172 2.71631 -0.311639
264 5.73039 26.6825 0.183954
265 1.5225 19.5359 -1.26204
266 39.263 9.9084 -0.205432
267 3.93501 27.3851 1.5576
268 2.01728 25.8246 0.0604199
269 21.5235 38.2269 -1.20157
270 4.74747 7.72086 1.4711
271 32.9237 10.6091 0.538671
272 21.6004 17.6167 1.22429
273 26.4088 36.8093 0.982651
274 11.7691 4.93472 -1.84501
275 6.13471 20.2557 -0.480914
276 29.1225 18.6898 3.86627
277 7.73138 26.3106 -1.03454
278 8.55966 8.93407 -2.47762
279 4.20897 22.3581 -0.276726
280 1.29305 21.1953 0.117646
281 24.0991 14.5756 -0.884142
282 13.2902 17.6825 1.31637
283 20.5115 37.1434 3.02941
284 29.2449 21.391 1.40933
285 36.0799 35.4584 -1.24164
286 33.7127 6.97035 -1.14036
287 8.50717 18.8519 -3.64189
288 6.15529 37.9485 3.25314
289 13.4694 31.5721 -3.42516
290 35.6538 25.6324 0.156435
291 15.5507 13.8938 -3.86678
292 37.2737 23.0736 4.39833
293 4.32173 3.63024 -2.75724
294 31.8543 27.01 -0.270375
295 15.5141 10.7766 1.24115
296 29.7175 23.4203 -1.18569
297 1.00839 27.4012 1.29179
298 23.4218 36.5634 -2.50654
299 17.5266 31.5513 -2.13796
300 28.3873 7.39045 -1.13112
301 31.6647 23.2154 0.243489
302 17.0509 35.8085 -3.22217
303 8.10497 26.8342 -0.68316
304 8.7814 23.1224 -2.98591
305 5.11654 25.0878 -3.97507
306 31.7501 10.5544 1.2633
307 9.50281 14.8131 0.345126
308 0.364936 16.5104 -3.26064
309 12.1519 35.4308 4.10063
310 18.8974 21.2037 2.19802
311 27.6845 8.00995 -0.0235598
312 38.5821 36.4652 -0.318341
313 33.3314 39.9262 2.27262
314 14.0196 2.2597 -1.52334
315 38.2384 30.2268 -1.22224
316 37.7073 34.1932 -1.78225
317 33.4237 31.9465 -1.31671
318 22.917 21.0723 3.80821
319 3.2172 35.3716 -0.451969
320 1.91073 24.2538 -1.40757
321 30.9237 2.30681 2.66388
322 3.54349 33.7008 -1.36487
323 18.8827 33.8731 -0.336481
324 29.4929 15.633 2.23833
325 7.06111 25.7509 0.54879
326 2.86148 8.65406 0.810143
327 17.2377 38.1889 -0.696255
328 17.6762 25.296 1.88417
329 1.35855 21.1657 -0.0434825
330 3.96464 11.1732 3.17796
331 11.5599 35.8082 3.87045
332 32.6922 12.1616 2.4919
333 18.4625 18.1261 -2.85668
334 12.2391 9.12423 1.0108
335 9.43585 39.3144 2.64286
336 18.9331 36.7203 -2.18977
337 6.30916 19.1764 -1.33232
338 14.1182 27.4316 -1.693
339 39.8331 31.3488 -1.00074
340 4.38436 25.3985 4.00335
341 33.2946 30.4293 -0.850635
342 9.93076 11.1449 -2.05003
343 11.215 13.9083 -4.55578
344 11.0165 39.6477 2.35773
345 37.0509 26.7546 4.46308
346 15.881 8.19501 -4.50081
347 6.42917 39.5003 -1.02412
348 8.47177 23.2493 -0.126015
349 13.3537 17.7966 1.0513
350 7.11002 13.6063 2.5667
351 8.36165 23.7331 -2.54215
352 29.5232 23.6585 1.34327
353 26.8895 3.78737 1.36566
354 32.9881 38.8687 -0.247707
355 20.9544 24.8175 -2.94562
356 27.0312 27.6538 -0.90216
357 13.7989 26.3316 -0.13333
358 11.9025 15.956 -4.6529
359 32.335 27.6474 -0.735618
360 32 25.1633 2.20053
361 27.8777 32.3749 -1.46127
362 37.0826 24.3966 2.3569
363 39.019 6.27013 0.596221
364 6.9654 12.7536 2.33696
365 5.83075 1.96658 4.54016
366 13.2861 4.78232 -0.567105
367 12.0444 39.5508 1.86867
368 26.7739 5.57782 1.99762
369 18.0961 33.9814 1.43116
370 17.8828 24.9559 1.48518
371 22.3992 21.5064 -1.88493
372 25.5436 25.4231 -2.04471
373 12.4591 8.75265 -0.00775395
374 12.9778 19.917 -1.92166
375 13.1446 11.5253 -2.89708
376 2.22124 29.6626 -1.05773
377 4.02807 6.49745 -2.11591
378 12.7 4.86323 -0.693992
379 32.8053 30.3738 0.654545
380 35.9266 31.4828 1.30068
381 10.7883 33.147 1.90188
382 2.09958 16.0397 1.63702
383 16.3103 34.444 -0.913587
384 25.3259 2.38596 -0.336705
385 17.6729 14.62 -3.54757
386 22.9689 7.2124 -0.282781
387 7.83907 3.67661 2.20492
388 30.333 23.3426 2.31174
389 5.45215 5.96279 -2.15522
390 31.9723 28.3274 -0.535043
391 14.8068 13.1947 -3.76433
392 23.1278 26.8656 3.40587
393 19.84 9.96433 -1.91758
394 29.3515 38.412 -3.7055
395 33.8378 16.4151 -0.138539
396 3.09221 5.6287 -1.13106
397 3.72444 3.45326 -2.97736
398 2.39338 30.2971 -1.54683
399 36.4647 18.2879 -2.72265
400 3.72879 36.0526 0.622062
401 23.3414 37.5409 -1.93937
402 33.6184 9.87586 -1.49282
403 1.49033 30.0108 -4.57838
404 24.785 31.1535 1.1145
405 39.9901 22.9475 -0.372367
406 26.5855 1.46444 4.10144
407 39.6325 39.6178 1.0133
408 6.05215 12.2726 -1.50544
409 15.0569 6.95268 4.09542
410 22.9681 22.1847 -3.59253
411 17.6691 22.9216 -2.07006
412 1.42094 6.04452 -0.56788
413 17.7852 12.0159 -4.339
414 4.99398 14.0781 1.00186
415 14.4885 26.9727 2.52038
416 23.114 34.8641 -3.63887
417 4.01565 6.18368 -2.10531
418 32.3598 25.7313 1.69914
419 22.5413 12.7955 -2.79994
420 20.8278 39.4076 -1.76239
421 5.52344 14.4916 1.62478
422 10.2617 11.7305 -3.95911
423 30.282 8.23718 -2.45844
424 26.2285 21.2389 0.968938
425 23.1264 2.0582 3.12024
426 9.87514 22.6888 -1.38636
427 17.968 17.6807 -2.16448
428 2.73232 7.56745 -1.36957
429 4.24928 10.9116 1.92671
430 20.3864 16.5928 0.295032
431 9.43299 9.23022 -1.08659
432 18.3499 35.0794 -1.13441
433 31.3954 25.8993 1.16649
434 3.54345 24.4362 -0.859627
435 27.9981 37.5377 -2.21638
436 38.495 25.0194 -4.26363
437 10.6183 36.0697 -0.135062
438 9.07065 22.0868 -2.68114
439 32.7515 19.2077 -1.38248
440 26.6643 1.90638 0.976788
441 10.7746 5.5181 2.10592
442 13.801 24.7302 -0.452626
443 18.6165 17.0814 -1.50139
444 7.92446 15.0763 -1.07901
445 5.82542 23.4605 -2.53508
446 18.452 9.39971 -2.56694
447 0.474499 8.60645 1.45483
448 33.4334 27.4319 1.28054
449 13.4166 16.0155 -0.915673
450 8.96515 20.9152 3.25441
451 35.8569 10.9284 -1.82625
452 17.4941 12.2167 2.59802
453 6.34665 29.6286 -1.5947
454 37.4706 7.73683 -0.665007
455 32.4073 5.60428 3.45324
456 10.426 8.28581 0.572718
457 23.7301 21.031 1.20596
458 34.7687 17.5639 -1.63636
459 12.7862 10.1334 0.404012
460 8.64026 1.72751 -2.02632
461 9.47175 38.3257 3.27629
462 26.4521 14.0772 1.34471
463 0.623686 34.816 3.04618
464 34.1606 18.4761 -1.37281
465 31.3806 16.3432 -3.71621
466 33.9996 21.5763 -0.372709
467 4.64632 36.142 -1.22067
468 27.4908 36.1851 -0.963346
469 16.8541 28.3559 -0.266879
470 10.8917 14.2248 3.08296
471 36.0072 16.7047 1.77587
472 12.9263 15.2129 2.37418
473 13.4355 2.63004 -0.355479
474 6.41967 34.1159 1.17029
475 31.3467 4.76369 2.33332
476 23.0497 30.7236 -0.791204
477 14.0492 31.482 1.82522
478 34.8991 15.7993 -1.32287
479 4.34575 26.8163 1.01362
480 33.9816 15.2014 -2.13453
481 25.9045 37.5888 1.52385
482 9.06865 30.8271 -0.757087
483 13.8644 30.4985 0.752189
484 9.60886 38.0757 2.83493
485 4.07592 0.249652 1.06024
486 17.7565 26.8186 2.68574
487 32.1107 29.993 2.01153
488 33.9229 7.69019 0.069182
489 19.2768 3.12782 1.37365
490 3.62834 3.64955 -2.53581
491 15.5832 12.0262 -2.8304
492 26.7252 0.776354 -0.0171748
493 4.03033 26.686 0.877431
494 7.95547 21.609 1.10911
495 30.8167 16.4931 -3.68996
496 34.0093 17.7431 -3.84876
497 3.95935 29.2115 -0.436417
498 18.3534 15.5307 -1.59072
499 6.87171 18.6521 0.0480893
500 5.8617 13.0346 0.9294
501 28.6427 17.1993 -0.687
502 2.33124 4.45269 -3.34268
503 15.3887 24.954 -1.34037
504 36.3744 33.2387 1.20127
505 5.68379 3.27438 0.0953221
506 28.9151 24.8698 -0.144712
507 22.1335 8.73747 2.71111
508 1.68423 27.3593 3.40403
509 29.5859 0.274182 -2.13661
510 32.8778 0.778074 0.732184
511 22.192 30.8705 1.99957
512 39.0339 30.7791 -2.33471
513 19.3216 36.8134 -0.64649
514 12.6529 24.7986 -1.78094
515 16.4937 14.707 -2.89361
516 21.9981 2.89031 -0.909992
517 12.0349 9.52547 -1.59068
518 18.0364 15.8813 -0.695717
519 18.6062 13.941 -2.68227
520 36.4667 9.11179 -3.59016
521 36.3501 31.1453 -0.494582
522 21.4693 22.9691 0.381576
523 11.3311 18.77 -3.49699
524 3.17472 25.5633 3.4666
525 9.03608 13.8125 -0.924322
526 1.31278 20.0028 1.42713
527 12.7947 3.75334 -2.63637
528 22.2587 5.86292 -1.148
529 29.8461 2.59762 -3.4591
530 38.2073 8.89129 -2.91008
531 28.337 10.3692 1.51732
532 20.8486 36.5362 1.01818
533 24.2348 29.9437 -2.41676
534 13.5536 28.7786 -3.30744
535 7.79492 1.87467 -1.99069
536 32.3025 18.7434 -3.69229
537 39.6993 19.7181 2.09323
538 4.04459 37.4477 -3.27819
539 2.8405 4.24032 -2.72219
540 30.5573 25.7874 -1.1415
541 26.4603 19.8438 0.887528
542 39.3889 27.5855 -2.5002
543 12.0489 15.3987 2.71935
544 6.81275 2.3587 -2.25585
545 13.0398 22.267 -2.1455
546 2.14228 35.6445 0.214087
547 5.59091 19.7159 -0.810433
548 38.6022 31.0449 -1.3997
549 3.04594 24.1556 -0.463293
550 6.84998 31.6987 3.34365
551 19.4951 18.6463 0.625157
552 39.4645 7.4731 -3.56073
553 18.8002 23.4632 -2.11126
554 16.2126 7.49584 -1.19884
555 35.8105 16.4761 -2.35261
556 30.5971 17.9209 3.11376
557 7.84992 25.7817 -1.52688
558 33.3472 0.0382849 2.20531
559 25.4069 31.8948 -2.61882
560 31.4874 23.672 -1.04217
561 9.43225 21.114 0.426552
562 7.21582 23.8996 -0.960689
563 0.514465 16.3496 -3.9197
564 14.2063 21.7153 -1.1834
565 39.1034 16.7776 1.34555
566 19.0143 34.3465 -0.898974
567 33.243 11.4164 0.663489
568 38.4522 6.7146 1.15384
569 2.04011 17.7615 0.915669
570 4.56246 26.3339 1.47058
571 17.689 12.4786 -2.61742
572 37.6355 32.5898 2.94631
573 21.187 1.4679 -1.19593
574 14.6226 19.2184 3.11468
575 18.4188 18.9087 -0.480295
576 38.3052 3.93231 0.293626
577 23.6007 31.3281 3.23437
578 2.82545 35.5833 -2.88497
579 9.14101 8.95484 -2.40882
580 8.0894 30.2662 -0.406607
581 7.2122 28.7698 2.51525
582 23.4416 30.1399 2.24552
583 26.7082 1.10976 2.76573
584 36.279 10.8978 -2.29347
585 4.37128 17.7028 3.46768
586 26.7296 22.5352 2.0351
587 33.0783 31.7127 1.66099
588 20.6508 36.6636 0.985925
589 28.6751 21.8783 2.59975
590 7.20025 3.16131 4.42182
591 1.62361 20.0404 0.629775
592 32.5086 26.5596 0.0479374
593 17.5752 24.561 0.736175
594 9.17803 1.80321 0.0867746
595 23.0443 20.556 3.98663
596 36.1101 34.3287 -0.582104
597 31.9502 7.76571 -3.73818
598 35.3234 10.1966 -0.19026
599 14.8309 35.2726 -3.04463
600 4.34523 0.543226 -0.564926
601 18.6823 34.2694 -0.0516105
602 5.746 19.9384 -0.931261
603 18.7491 19.9032 2.67569
604 33.5829 25.7751 -1.22092
605 6.56751 0.761544 -1.87392
606 2.66981 28.734 0.385731
607 2.90426 10.8792 4.24353
608 6.00277 3.01926 1.33615
609 24.2552 36.9593 -1.13657
610 34.4105 24.4533 -4.28983
611 0.362651 23.9846 -3.26194
612 18.2399 11.6983 -2.89949
613 24.4576 13.1112 1.27401
614 39.0581 7.97339 0.775691
615 32.1621 7.43965 -2.62644
616 33.5862 16.4617 -3.06842
617 23.406 32.5577 -2.38441
618 38.1465 2.66136 -2.1774
619 24.9983 35.5375 -1.88765
620 35.3421 32.2684 1.91418
621 28.4246 15.5558 3.94599
622 11.5541 3.13165 0.3657
623 17.4681 11.4836 -3.8484
624 33.5245 0.569232 -1.00487
625 17.1595 10.0238 -1.72339
626 3.88358 0.230065 2.17192
627 2.48979 34.599 1.35719
628 22.3821 13.3742 -1.36319
629 30.5772 1.47573 0.785267
630 34.1593 30.6738 1.02698
631 29.845 38.7643 -2.29424
632 30.0057 31.947 1.88874
633 34.1626 23.2383 1.66247
634 38.7839 38.6539 2.88319
635 24.7094 29.0669 -1.32031
636 21.0607 4.62768 -2.85678
637 0.896427 23.7003 -0.663063
638 35.525 25.276 2.97887
639 32.555 5.93693 1.76813
640 4.24844 17.4997 1.85854
641 23.1744 1.51607 1.22932
642 15.4852 37.8722 -2.74376
643 24.1782 28.9941 -1.93141
644 12.4332 5.03366 -2.04126
645 5.23992 10.7929 1.40107
646 10.062 11.8678 -1.77654
647 9.32897 17.6758 -2.75812
648 33.433 35.8781 -1.99101
649 21.6844 24.0137 -1.36729
650 31.3288 11.7906 -0.871289
651 26.4746 20.7606 1.29399
652 0.665913 38.6914 -0.541085
653 11.0546 2.04647 -3.56063
654 21.2615 14.2683 -0.442117
655 31.1437 34.8403 1.34899
656 11.4752 13.0548 -3.93058
657 22.4521 6.28925 0.994327
658 12.3891 28.6247 0.595472
659 29.3601 0.938985 0.417661
660 28.1638 16.1128 3.64885
661 36.8144 16.7101 1.43832
662 28.3259 30.8381 3.52369
663 18.1214 21.2806 -0.343002
664 32.9414 14.61 -1.35833
665 31.6045 38.7493 2.13097
666 29.603 39.4407 -0.93439
667 36.5022 32.5445 1.15342
668 9.17328 34.2173 4.33529
669 16.2475 29.5655 0.222053
670 37.6862 24.9318 -2.05948
671 24.4759 36.6983 -2.39647
672 14.2868 30.1615 -1.09613
673 36.0807 7.48648 -2.94774
674 10.533 17.3852 -3.14178
675 29.9222 16.7743 -2.9549
676 29.8086 0.137366 -1.65761
677 30.6248 16.5989 -2.2374
678 29.3543 36.1889 0.831169
679 21.4099 19.83 1.5699
680 14.3245 24.4224 0.813478
681 12.2135 39.0829 0.45939
682 29.6819 35.4835 2.10986
683 31.06 22.9093 -1.56458
684 11.663 35.2452 1.25029
685 24.6742 27.7147 0.892317
686 4.12775 5.28764 -2.26211
687 23.7157 12.628 -1.64612
688 33.0018 1.27273 -0.737045
689 14.1435 34.7386 -2.50829
690 19.9075 32.2502 3.49167
691 17.3454 32.0077 -1.58827
692 26.4893 14.0696 -1.18317
693 36.8102 15.903 4.24878
694 24.7959 36.5291 -2.13389
695 16.4333 29.6818 -2.47494
696 32.9529 27.9755 2.50251
697 30.7515 7.64107 -2.77968
698 34.8995 14.842 -3.52444
699 21.6314 20.1196 3.03085
700 4.13248 2.33398 -0.972561
701 27.5206 1.3653 -2.32897
702 0.161887 2.47181 1.2922
703 34.3833 16.9531 -2.09704
704 27.7487 28.489 -1.65072
705 1.03869 34.1779 4.67634
706 34.2919 32.746 -3.46003
707 11.9247 9.72666 -0.52662
708 28.892 18.8399 0.734595
709 27.0942 3.89934 2.93055
710 20.4661 30.3037 -0.971897
711 33.7946 30.3974 2.37843
712 29.9251 13.377 3.18003
713 35.7825 10.9859 -1.49698
714 25.3724 27.0282 2.72605
715 1.88473 5.41811 -4.06216
716 21.1025 36.9946 2.89963
717 15.5658 25.9876 -0.0398883
718 13.1623 28.3464 -4.34427
719 7.86231 34.9542 -3.17155
720 15.786 23.1958 -0.130863
721 29.8467 34.2364 2.47359
722 4.09382 4.6451 -1.25135
723 17.0578 38.6779 -3.24207
724 12.6452 3.00977 -2.76497
725 29.3644 6.83498 1.36956
726 8.13699 28.7521 3.98155
727 2.00347 29.9413 -1.71881
728 4.19967 12.1298 -0.657651
729 17.3191 37.9865 -2.69265
730 16.8607 11.0137 -3.34699
731 33.2671 19.0067 -1.32341
732 27.5227 37.5305 -0.589868
733 34.5035 22.8138 3.99846
734 24.3384 13.5075 3.98409
735 20.0257 20.2365 -1.49171
736 22.7524 29.8176 0.197924
737 33.5989 27.444 1.91923
738 13.2506 8.24252 -1.17971
739 11.19 30.5702 4.73849
740 0.0787045 18.0879 1.89421
741 6.42053 32.9275 1.07934
742 24.734 14.8052 1.94204
743 18.778 27.1123 -3.59487
744 32.7945 25.8527 -2.48248
745 20.7287 33.0263 0.460975
746 15.8079 13.4901 -1.95162
747 17.2521 23.6714 1.28871
748 13.2186 22.9235 -1.42991
749 5.31755 5.87564 -2.82959
750 4.36534 29.3601 -2.92346
751 8.40924 0.4578 -3.06597
752 33.8468 14.455 -1.16103
753 7.30779 19.9899 0.327418
754 29.3184 21.6926 1.10233
755 23.9511 6.56286 2.89208
756 38.7282 7.79793 4.74838
757 15.0471 22.2833 3.75107
758 32.7827 25.5294 -1.29468
759 10.6471 30.174 0.0784215
760 32.1145 39.3553 1.69116
761 12.9969 16.976 0.665881
762 24.9623 25.3284 -3.75758
763 13.5212 1.41812 -2.66376
764 27.1587 2.01604 0.749319
765 26.5745 27.4961 0.628861
766 8.26116 15.7055 0.0069608
767 32.99 16.5644 -1.81915
768 5.76138 14.2588 2.12282
769 22.7301 28.7041 0.92315
770 10.5195 23.7989 0.887273
771 0.602401 22.8098 -2.88982
772 14.8847 34.9276 -0.974346
773 34.0552 30.2328 1.38314
774 37.4862 35.4947 -0.445158
775 15.5072 13.934 -2.04482
776 15.2789 21.9297 4.07669
777 1.89304 20.633 2.34792
778 30.1947 24.3504 2.91098
779 17.5447 2.61444 2.68348
780 4.23038 3.88689 -2.08372
781 32.7066 1.32966 0.273484
782 12.6913 6.46403 1.46455
783 14.8467 7.34283 4.2786
784 32.3259 1.07387 -0.722203
785 22.9105 21.2038 -0.898894
786 5.47397 24.781 -3.17989
787 31.1587 1.93403 3.27827
788 2.18457 34.6737 -3.00584
789 38.205 13.29 -0.300108
790 10.1726 29.0603 -1.09601
791 16.4837 16.0988 3.79662
792 9.88338 28.5149 0.884987
793 26.4515 0.136948 2.19593
794 23.5516 22.0101 1.19243
795 10.151 10.2498 -0.0931869
796 17.4979 25.1044 -0.64838
797 5.6565 29.6085 0.135896
798 28.3828 4.09999 1.19134
799 28.4267 38.2355 0.404391
800 31.0683 10.4952 -0.163931
801 22.0105 14.8714 2.11338
802 33.8786 15.6387 -1.04172
803 6.22653 1.25584 -3.8189
804 4.87834 17.5265 1.0158
805 3.68711 22.7508 1.17991
806 14.2528 22.4196 3.65383
807 23.9115 8.43996 2.11214
808 26.2958 20.3958 1.144
809 17.7595 9.65075 1.42341
810 15.5785 38.6476 3.40212
811 13.9794 25.2544 -1.85317
812 9.9656 39.8352 1.16321
813 2.22851 6.70738 -1.5958
814 26.2179 37.079 0.210684
815 34.352 22.6377 4.44237
816 15.7902 36.2919 -3.59079
817 15.7892 37.7818 -1.14529
818 9.53797 14.6545 0.147466
819 23.9369 4.42614 -0.085301
820 35.2957 39.9202 0.725804
821 12.2682 9.57524 -2.30179
822 9.80576 9.49273 0.0238524
823 32.0046 38.6033 0.493253
824 39.1542 16.7998 0.504657
825 33.4442 27.1086 4.20071
826 2.1081 16.1136 -0.646546
827 0.500189 14.798 2.87446
828 22.4136 12.8277 -3.13644
829 18.1883 34.4699 -1.89881
830 13.6317 23.9511 0.0900825
831 10.0309 38.9523 3.52869
832 28.7003 29.3567 1.85504
833 13.8944 15.1516 0.797
834 17.602 8.65535 3.64416
835 6.13959 28.0803 0.371588
836 21.7581 29.483 -0.669134
837 33.0423 26.456 -1.63491
838 27.9127 7.16164 -2.60064
839 1.45678 24.8908 -0.899286
840 26.389 9.62166 -0.204272
841 31.456 35.5729 1.91078
842 22.4596 30.3406 2.83287
843 9.10201 1.93388 -2.89963
844 6.66903 19.7133 0.387749
845 2.40684 25.7056 -1.22495
846 15.9379 31.8709 -1.58195
847 1.08131 23.5661 -3.06146
848 24.9778 19.1 1.37079
849 15.8176 16.5804 -0.30911
850 5.14702 32.8744 -0.49881
851 3.5278 36.4075 -1.07438
852 24.2143 31.5989 0.889452
853 25.9585 27.5117 0.281456
854 39.5308 29.4321 2.97342
855 16.9227 1.49402 0.817332
856 15.6124 35.5349 -1.24897
857 11.2505 16.9714 -0.556511
858 2.9749 26.0133 0.0878279
859 16.5085 39.2451 -2.46789
860 34.0737 22.4146 1.57253
861 0.5867 15.1264 0.115035
862 0.668907 34.2085 3.84904
863 12.1869 11.9388 1.25327
864 24.695 12.7154 2.91202
865 33.7068 30.9455 0.774372
866 29.8808 39.2172 -3.1317
867 17.4772 38.7089 -0.712279
868 29.3952 26.8114 -2.08627
869 38.9418 16.2616 1.29464
870 6.26939 4.64999 2.45812
871 18.704 24.9853 1.56301
872 28.2764 24.9275 0.572858
873 20.0709 20.1105 -1.83748
874 35.9644 13.8061 -4.31
875 37.9642 13.1436 1.87486
876 2.52175 12.5525 0.336445
877 39.0555 2.86066 -0.811901
878 1.67094 37.5361 1.76401
879 4.42649 31.9017 -2.04491
880 39.9976 17.5183 1.35223
881 1.61958 23.8816 -0.651378
882 29.403 5.62111 2.43844
883 38.9571 26.4375 3.15111
884 9.92567 21.1914 1.27476
885 13.7588 12.8279 -2.46975
886 13.3132 24.0447 -1.26699
887 36.9669 21.3826 -0.711117
888 0.993062 30.0068 -0.141297
889 7.91782 12.2321 1.09104
890 19.2674 17.8424 -2.98091
891 19.841 23.0076 2.79094
892 24.4249 2.40897 3.05386
893 32.4272 26.2454 0.475344
894 33.6737 30.9431 0.468601
895 33.8333 18.3455 -4.2042
896 19.4528 1.10894 1.45048
897 1.24684 10.2641 -0.661108
898 20.1496 18.5599 2.8004
899 5.38085 25.0427 -0.951429
900 15.0151 7.47001 2.46277
901 3.34742 39.593 -1.14469
902 35.9519 31.3249 -0.197156
903 7.36244 39.2595 0.685057
904 21.4363 1.93341 1.56535
905 23.1285 34.1386 -3.466
906 25.6251 25.3866 -2.15074
907 16.7075 27.1041 1.86742
908 34.2447 31.2722 0.476509
909 18.9184 7.81714 0.446317
910 37.2211 23.6966 1.75272
911 31.1491 28.6348 -0.617175
912 26.2929 22.3119 1.34239
913 39.4138 26.641 -1.29585
914 4.01182 25.9806 0.80567
915 37.0818 32.7641 -0.133185
916 26.0624 19.1889 0.420685
917 8.90144 28.7699 1.76236
918 4.06759 1.10576 -0.237917
919 29.6747 17.3047 1.14055
920 6.93843 19.7299 -0.889907
921 31.3585 22.459 1.47197
922 24.7341 13.1797 2.66757
923 12.3149 29.348 1.48269
924 27.3744 33.3644 -0.055963
925 18.3398 36.9171 -3.1493
926 26.9628 36.3122 2.28039
927 4.75648 31.5792 -1.28568
928 33.823 1.8205 1.52533
929 35.4861 31.0251 0.779045
930 15.7196 7.54276 -4.31775
931 16.445 17.9937 -0.30738
932 7.9418 24.5886 -2.82915
933 12.5413 6.28228 -0.245384
934 34.1282 29.7831 -0.462736
935 6.57169 3.70701 0.609869
936 13.1627 23.4794 -3.11937
937 12.3108 2.20069 -1.16472
938 22.134 22.4301 -4.36975
939 27.0925 7.14121 -1.13773
940 18.3156 18.1147 -2.45531
941 20.3218 22.4579 -2.28644
942 4.85679 13.2814 3.14808
943 9.07112 1.89737 -2.35083
944 37.3884 32.4402 3.10058
945 3.30618 1.01769 2.47648
946 20.5472 21.5904 1.79297
947 23.3922 6.1964 -0.341443
948 10.1876 0.229246 2.00749
949 4.56235 13.8264 3.22486
950 31.1643 25.5556 2.5557
951 15.058 5.93954 -0.649207
952 15.3828 14.0148 -1.06077
953 31.7442 16.6674 -2.00551
954 4.51927 1.10219 2.04864
955 0.612945 7.49693 -1.4481
956 31.9876 6.53736 4.6154
957 30.4777 21.5076 -1.94511
958 3.52507 32.1694 1.87234
959 29.3471 39.3685 -3.00259
960 3.68278 4.35535 -3.65044
961 1.88486 30.7728 -1.34508
962 15.0329 32.7109 0.974247
963 17.2777 36.0257 -1.07905
964 4.54994 5.83172 -2.37539
965 35.0636 29.3589 -3.62768
966 13.1999 18.1309 -2.12898
967 19.9762 0.917903 -0.738021
968 35.9705 23.8556 1.23485
969 13.5202 1.2838 -3.43556
970 28.1273 36.9961 -0.347353
971 32.0073 14.9426 -3.07684
972 13.3397 19.8736 3.32091
973 11.1539 23.1348 -0.386464
974 29.235 15.848 3.99168
975 10.4573 23.5868 -0.856775
976 3.09388 4.84411 -3.71832
977 3.90654 36.5295 -0.917536
978 12.6802 24.7586 -1.4012
979 6.67126 36.2555 1.68898
980 34.0155 13.9798 -0.633837
981 6.12881 18.327 0.989878
982 39.2133 5.03902 -3.63345
983 24.1685 11.5141 -0.573329
984 9.9536 38.7493 2.70536
985 7.24251 20.7027 1.71404
986 28.9192 14.8617 2.9389
987 8.62939 12.1345 0.79359
988 1.21004 29.8427 -4.28748
989 22.6693 32.7139 -0.0288775
990 25.9754 17.7294 -3.05485
991 10.1557 23.3627 -0.350668
992 3.08586 15.5126 -0.161246
993 11.3802 23.2659 -2.04219
994 25.3402 20.5081 2.68025
995 10.9406 22.705 -0.112027
996 35.0728 17.1265 -3.49986
997 33.9583 14.4615 -1.265
998 38.2978 36.0738 -1.08931
999 33.1803 24.3562 -3.63754
