1000
Particles
0 39.3199 34.3871 -1.82996
1 31.1672 20.6678 -3.05255
2 20.629 5.65281 -0.182348
3 10.2554 35.079 -4.12794
4 17.8691 21.5956 3.74824
5 23.6376 9.2701 0.311528
6 29.3929 2.81867 -3.67252
7 33.352 18.0063 -1.4463
8 3.49785 28.9755 -1.96154
9 27.1479 19.5635 4.31289
10 27.3289 34.4853 4.41527
11 38.6056 34.4001 -1.47064
12 31.7044 29.5271 3.43626
13 1.94892 9.11163 -4.2227
14 28.8892 19.1504 2.9289
15 26.6825 28.5795 -2.94103
16 22.0128 32.0057 2.80538
17 34.4584 11.1749 1.39417
18 36.5402 12.7026 -1.20504
19 15.5721 21.3416 0.596903
20 8.72589 10.3186 -0.105642
21 38.356 4.74661 -2.0142
22 0.204694 17.5641 -3.3798
23 30.2002 21.5017 2.58846
24 36.4673 8.17459 1.72512
25 3.06638 34.4006 1.43615
26 20.1953 29.9477 -0.884897
27 13.3639 18.1065 -0.0519593
28 3.59231 30.386 -0.219689
29 32.118 7.34227 -0.732483
30 18.4579 19.8325 -2.43003
31 14.0346 18.5542 2.5649
32 22.3038 8.48909 -1.64602
33 10.289 0.157581 -2.9735
34 28.2275 16.1327 0.604942
35 23.9176 0.285194 0.975426
36 17.9121 0.455997 -3.25416
37 37.1701 23.3579 -2.632
38 31.6028 39.8097 -3.51352
39 29.8821 16.115 2.66318
40 34.4757 34.8034 -3.81778
41 17.0953 12.1765 1.12667
42 37.9707 17.5913 -1.07947
43 26.4096 35.8549 3.67056
44 22.7059 26.0179 -3.65738
45 5.08813 28.8894 -0.882406
46 1.44841 8.02297 -2.6183
47 35.025 4.45634 0.541939
48 3.04509 35.3579 -3.37828
49 8.36571 33.1203 1.84979
50 37.7947 0.510146 -0.824763
51 17.1941 39.2856 -1.03904
52 33.1012 13.6886 -1.35014
53 13.7858 4.77806 -2.30816
54 32.901 28.973 3.66847
55 38.8843 19.6982 1.45381
56 24.7638 6.55244 -1.54397
57 2.17472 30.486 -1.56739
58 38.6933 23.2419 2.06869
59 4.98772 34.9153 -1.53431
60 6.85386 26.4753 1.99625
61 16.1083 27.52 3.84518
62 34.1081 1.3843 -0.406632
63 9.64862 14.6716 3.28399
64 37.6563 25.522 -0.565363
65 14.1596 37.4906 -4.35387
66 12.8317 18.1491 2.09076
67 25.9901 18.8781 -1.208
68 11.1525 4.30537 -0.859996
69 12.5763 4.98772 3.01431
70 7.54208 34.8116 -0.163815
71 18.8016 10.0479 1.91979
72 9.05716 14.124 -0.81445
73 24.6656 28.2991 2.46817
74 6.24239 3.23178 0.205494
75 5.31056 34.0754 -0.298379
76 17.9718 6.20109 -4.16571
77 7.94021 26.6129 0.907753
78 0.668528 30.0601 0.0331776
79 36.6203 2.87485 -0.284135
80 36.1439 6.37733 -1.5351
81 0.192467 24.4006 -0.978475
82 12.2961 10.6691 -2.16649
83 17.898 26.4739 -0.087562
84 16.5948 16.1576 0.114157
85 39.849 19.2081 -0.137377
86 19.1365 5.09667 -1.48379
87 20.9779 35.2242 -2.93538
88 4.71292 38.8209 2.43776
89 4.30797 37.8749 -3.35661
90 37.6283 34.7957 -3.74726
91 20.071 18.5504 -0.0443482
92 14.3852 21.6887 -1.22777
93 17.5044 7.07221 -2.55564
94 15.3502 20.5317 1.74124
95 17.6357 39.5564 -0.676791
96 10.0309 30.1259 1.60638
97 23.1456 34.6745 2.5112
98 39.9904 19.6149 -1.58232
99 10.4107 2.93257 3.47211
100 26.4416 19.8173 1.99436
101 22.6271 24.8997 3.44412
102 20.5357 34.2687 0.719144
103 10.8988 3.79933 0.946585
104 23.9183 6.61162 -2.0739
105 20.8675 30.5938 -0.544223
106 31.5368 14.1735 1.4295
107 16.0484 21.8433 -1.18064
108 25.0088 8.63964 -3.8383
109 37.3414 37.6587 -2.43644
110 13.6983 0.376617 4.46616
111 0.00529187 32.2831 0.128909
112 29.1769 38.3545 1.5412
113 0.271805 23.3673 -0.0910062
114 38.799 25.4053 3.43805
115 29.766 25.3655 1.33792
116 25.7499 30.0131 2.24671
117 24.9103 32.1844 -0.528128
118 21.3896 2.55704 1.14686
119 33.4528 17.1221 0.216644
120 28.4268 28.1088 1.83595
121 25.518 13.1975 -3.10982
122 37.08 18.301 -1.26718
123 7.23107 28.1998 2.82316
124 15.3759 0.77905 -1.94093
125 27.4 0.78232 1.36344
126 29.3704 22.6034 -1.03262
127 36.506 5.89571 4.23272
128 36.9093 9.27533 -1.84033
129 0.762247 14.2313 3.16958
130 33.3994 4.54281 -0.558593
131 36.8819 24.6527 -1.54506
132 19.3268 0.30702 -3.76449
133 34.9526 31.5343 -0.126178
134 2.55755 29.0882 1.21612
135 11.3137 8.32538 -1.03397
136 25.7035 6.52761 -0.212861
137 27.2381 32.8039 2.28068
138 13.0315 21.9832 1.41282
139 13.8102 1.46781 3.42117
140 21.5017 32.015 2.4863
141 31.5197 28.6523 0.4691
142 25.4709 4.00804 1.22138
143 17.4746 26.2122 -0.765952
144 0.16461 25.2727 0.955408
145 28.1488 19.4855 1.57337
146 32.3774 6.8181 0.499116
147 37.6966 2.97274 2.4209
148 36.8856 10.4593 -2.00185
149 14.8642 24.067 3.31557
150 19.7718 13.8165 -3.34584
151 37.8832 0.017725 0.495056
152 20.0127 13.4649 -4.47131
153 20.2568 3.36639 -1.91474
154 28.2246 36.9519 2.33224
155 34.9137 27.7475 0.486718
156 37.2371 25.966 -0.0414591
157 13.7058 12.1251 3.4953
158 18.3823 32.431 -0.886358
159 17.7827 26.2096 -0.922653
160 1.79509 12.5031 -3.34632
161 8.32838 21.9513 2.52332
162 25.7885 32.6341 3.59853
163 7.24772 5.79039 -1.23416
164 14.8683 2.97527 1.25057
165 24.4659 10.7298 1.6932
166 35.5996 9.38522 -0.713893
167 12.4917 35.2324 -2.74432
168 1.0989 22.5495 0.626033
169 37.9912 33.0072 2.11609
170 4.88052 36.0564 -1.12283
171 22.1725 0.725451 0.715682
172 1.63435 18.4559 2.60463
173 22.351 34.84 -1.92004
174 14.4272 37.2679 3.07109
175 39.5836 5.07042 -3.60743
176 20.6435 21.3408 -0.193297
177 12.1519 10.0278 -0.417069
178 25.6199 16.8106 1.80688
179 31.7528 6.90886 -1.84985
180 16.9046 8.78674 -3.30925
181 37.7753 27.9938 -1.77063
182 22.8921 13.8857 2.8374
183 3.65338 24.977 0.387887
184 32.7085 2.54815 0.68052
185 10.9833 13.7802 1.25817
186 21.8118 1.0232 1.40654
187 8.90298 39.3816 -0.833973
188 20.63 18.7289 -0.276775
189 9.57123 25.7624 -0.261951
190 23.6914 23.3621 -1.49724
191 13.7728 30.1314 -0.184742
192 37.7916 5.24872 1.3741
193 33.1299 17.1402 0.823724
194 19.0493 26.4873 -1.50733
195 11.3461 18.335 3.08956
196 28.7174 37.8433 0.87113
197 15.9201 34.9374 -0.619104
198 29.3887 19.036 0.224775
199 11.5043 10.7539 1.09344
200 31.2435 35.513 1.97859
201 34.3304 18.4336 0.643755
202 13.6357 19.1255 -1.01128
203 26.1232 16.2035 -0.84351
204 32.1688 29.9522 1.43796
205 35.3721 31.0358 0.0309569
206 16.8141 5.48483 2.07552
207 36.4496 33.1912 -1.28653
208 34.9254 22.7402 0.259844
209 11.4516 33.2373 0.105869
210 8.24588 25.4495 -0.166512
211 38.1168 21.7198 -0.600191
212 34.4821 32.8423 -0.480394
213 0.452761 9.99128 2.31985
214 29.3672 21.6013 4.3239
215 36.0304 22.2331 3.75406
216 29.23 24.1124 -1.40967
217 9.3551 8.83213 1.97054
218 14.3903 17.8896 0.406472
219 20.9525 0.310998 0.70437
220 12.9563 6.2196 3.73915
221 22.3396 9.27364 -0.28543
222 37.6314 33.4388 -0.176083
223 20.39 27.3841 0.0543407
224 2.05987 29.874 1.67579
225 34.1478 9.68488 0.787532
226 37.8313 22.254 1.32309
227 4.88743 10.5827 2.3962
228 18.2958 7.2089 -2.91894
229 37.8949 18.533 -1.46316
230 30.4814 6.80291 1.11461
231 19.2023 23.9844 0.426826
232 32.1292 6.41692 -3.1606
233 39.4907 10.7913 -1.52444
234 8.75625 38.1382 1.13293
235 38.3552 8.63305 1.75796
236 13.6212 36.2791 0.806928
237 10.6319 28.053 -2.12318
238 11.0844 11.5662 0.443431
239 36.1074 12.4312 -3.73119
240 21.3427 20.9282 -0.610741
241 14.4532 30.2798 -1.50988
242 37.3481 8.12538 1.84857
243 25.0552 39.6075 0.395618
244 35.9121 19.0302 2.05433
245 20.3101 2.94171 2.7954
246 30.2044 4.34603 -1.62477
247 7.50372 0.285486 -3.17051
248 7.80454 25.8976 0.0423242
249 15.4498 34.3448 2.2378
250 15.6724 1.50568 -0.091806
251 36.9471 7.34562 2.96263
252 33.0412 16.5506 -0.485213
253 32.2644 14.0121 1.50895
254 39.4619 0.813284 -4.37253
255 25.7194 26.4398 2.24136
256 5.8885 5.83613 -2.63591
257 27.7882 18.0609 -0.567461
258 33.102 35.7057 1.65907
259 37.8444 15.3444 0.546989
260 4.48935 10.7327 2.09265
261 25.8875 25.3395 2.99282
262 26.6836 34.335 2.38738
263 35.4933 5.06157 -3.54792
264 8.72421 25.3473 1.66815
265 0.0818597 25.7617 1.87638
266 38.1564 14.6037 1.14711
267 0.752286 26.3037 3.22308
268 7.82462 26.2911 -0.536058
269 23.7898 36.5311 0.434264
270 2.25409 10.6535 -2.77192
271 32.2657 7.35334 -1.00004
272 19.6585 19.0545 2.20224
273 25.2017 35.1805 0.218272
274 9.72797 8.31914 2.07299
275 7.52898 25.0328 -1.44262
276 28.3115 18.641 3.06217
277 7.58026 20.2956 -2.43329
278 4.16806 12.7051 0.375314
279 7.47375 26.2096 1.96502
280 7.77053 26.2219 -0.39849
281 24.1439 15.7357 0.952018
282 15.5079 20.8474 -0.0765887
283 21.2701 34.4869 -0.584266
284 25.1209 20.4456 -2.88448
285 38.6218 37.6471 2.60075
286 32.9496 5.74035 4.51983
287 11.1157 15.5762 -3.41641
288 1.34253 37.9887 1.92863
289 10.6461 29.9121 4.56966
290 37.0532 23.5538 -0.411003
291 14.3997 9.99196 2.68894
292 38.3668 19.2164 1.01704
293 3.94254 4.87162 2.20072
294 31.118 28.3546 2.41137
295 18.4173 9.3681 -0.976046
296 25.5457 27.6158 0.349176
297 39.6497 25.8935 -3.11153
298 25.8164 36.192 1.96362
299 21.2792 26.2648 3.27599
300 23.6536 3.39297 -2.76856
301 30.1647 24.3125 0.604926
302 19.8997 38.5827 -0.854069
303 6.85532 28.4459 0.802539
304 9.30709 26.2782 2.51928
305 4.54454 24.6527 0.0287303
306 31.7311 14.3424 2.10595
307 11.7983 13.1096 1.64267
308 4.99178 18.5991 -0.674662
309 14.6079 33.4105 1.80163
310 16.7657 21.3991 -1.29266
311 21.8941 5.50575 -1.77543
312 34.7426 2.75791 0.412155
313 27.8463 0.60686 4.07259
314 16.8442 3.35273 3.87955
315 39.157 34.7429 -2.09309
316 38.2768 37.2948 3.37104
317 27.1981 27.5666 1.21477
318 25.8507 25.2348 0.869009
319 3.26295 35.7759 -1.68236
320 4.01264 25.564 1.46502
321 30.2338 1.99367 -1.3861
322 6.74121 35.7697 -1.83498
323 18.0041 33.2051 -1.82202
324 27.2758 16.5291 3.41942
325 9.51621 31.4385 -0.0635928
326 2.96316 15.7018 -0.0383885
327 21.6807 34.9704 -2.72116
328 18.0036 26.9015 1.80595
329 8.53126 17.877 1.13195
330 2.5913 12.3185 -1.26301
331 14.7355 37.3834 0.840593
332 33.5456 13.0659 -0.306321
333 24.3251 16.3433 1.859
334 17.8644 6.21281 -1.04191
335 7.35117 0.612123 -3.06526
336 15.2355 37.2261 2.22239
337 10.2692 15.9057 1.68076
338 14.1437 29.397 3.6433
339 39.0724 33.5896 -1.40172
340 6.85066 26.344 0.453798
341 31.5508 30.4973 -4.80231
342 10.3666 13.9674 0.55659
343 10.7762 14.0316 0.280013
344 12.2602 3.2598 0.661855
345 31.5481 28.8305 4.30674
346 18.3212 7.07795 -4.34941
347 3.65449 35.8177 -1.91036
348 9.17464 18.8867 -2.75047
349 17.7642 19.3529 -1.31452
350 4.78252 18.7224 1.8261
351 7.76181 19.8034 -2.83261
352 27.6374 26.637 2.47247
353 26.8587 6.96389 -1.82423
354 37.5758 39.2541 -1.66122
355 17.5304 19.5768 -3.89834
356 27.5665 34.4434 1.57203
357 11.7287 26.4261 0.195346
358 13.0516 18.4368 -1.05082
359 36.0932 25.2283 -2.97887
360 29.2842 24.8601 -0.00351285
361 28.7319 30.0505 4.03453
362 0.973666 23.3152 -0.327301
363 38.4735 12.8461 1.48739
364 5.01722 16.052 -1.63222
365 10.8861 37.3593 0.548709
366 16.8367 8.24847 -3.72069
367 10.7414 1.51175 0.245675
368 21.8556 3.60698 0.551152
369 15.4591 37.3276 1.64916
370 19.8406 28.1343 1.49204
371 20.9111 17.4507 2.28147
372 25.2826 27.1814 1.80403
373 16.7482 12.0744 0.0338822
374 11.7883 17.9543 1.14165
375 14.1457 11.6002 4.15317
376 39.6585 27.4323 -2.84801
377 1.83081 5.63477 0.659482
378 11.8605 3.16388 -1.24682
379 34.2073 28.5197 -1.25685
380 35.8264 30.2244 3.02053
381 11.9563 34.8631 -2.27603
382 4.28593 16.187 -1.77207
383 21.8928 34.0045 0.00893436
384 30.7307 6.03351 0.579028
385 16.3262 16.5144 0.757624
386 24.099 8.72498 -1.11723
387 4.05958 4.0959 3.35833
388 33.0927 24.8541 2.24278
389 2.52535 4.90032 -0.179777
390 34.0402 23.1674 3.98069
391 18.5859 11.242 -1.56373
392 21.5253 28.9264 -2.23606
393 20.0833 5.39291 2.85952
394 27.973 36.0403 -0.0117866
395 35.218 17.0591 -1.02247
396 1.40732 5.89524 -1.94268
397 3.73901 1.7839 -2.02398
398 39.5387 30.4501 0.582722
399 37.8181 21.7916 -0.863779
400 1.67638 39.5317 -1.24095
401 23.9908 33.3341 0.419546
402 35.5391 9.94222 1.00431
403 39.6829 24.3048 2.25711
404 24.9219 28.7888 1.09336
405 3.3798 26.1082 -0.137663
406 22.4746 0.897464 -1.20446
407 37.8511 4.73027 -1.84711
408 6.62204 13.2977 3.64988
409 16.0182 3.64264 1.52602
410 23.1068 24.8861 -2.80318
411 14.523 21.5933 -3.59031
412 1.90645 4.95379 -2.07969
413 12.1221 13.5054 0.245889
414 4.50194 15.421 1.4367
415 11.5317 28.7595 -1.46738
416 20.4106 35.0355 -2.56188
417 0.379732 2.10258 -1.01674
418 27.377 23.3519 -1.03427
419 24.4415 6.32218 -0.379271
420 21.1511 2.36753 1.83882
421 8.33226 18.4399 -1.20533
422 11.0267 10.6808 0.862465
423 27.4494 7.55411 0.466453
424 27.258 22.4374 1.57266
425 20.3193 3.53588 -1.46115
426 7.72953 20.3251 -4.05797
427 15.3875 17.7358 -1.36588
428 3.73354 8.49833 2.37226
429 2.66479 9.40914 0.101061
430 19.7774 18.1629 -0.956219
431 5.74683 10.3068 -1.18956
432 21.6209 33.4511 -0.860941
433 28.1338 23.9019 -2.0561
434 6.80261 25.5304 0.913838
435 29.417 34.9408 0.866867
436 0.324109 24.5469 1.93253
437 12.6641 34.0012 -0.618257
438 4.9046 20.883 -0.0178239
439 34.447 21.6336 -3.82239
440 24.8619 7.59286 -0.803308
441 13.1161 1.94387 0.168641
442 11.4184 27.367 -3.64617
443 21.6579 16.6675 2.9703
444 13.5462 18.2193 0.748717
445 9.82854 25.6832 0.797339
446 21.4831 8.48382 0.824284
447 3.32871 6.47362 -1.63903
448 28.9552 28.4795 1.49014
449 15.28 20.4454 1.09728
450 6.91108 20.0636 -3.0347
451 36.2057 10.5519 -1.34842
452 12.1758 14.3849 3.79374
453 6.94878 28.7329 3.08991
454 34.4033 6.9069 -0.552765
455 31.1039 5.96215 -3.709
456 7.87341 6.14131 -4.04889
457 24.6074 19.8082 -3.1253
458 34.7157 18.0778 -2.38665
459 9.78627 5.79522 -1.05781
460 8.14996 3.40262 -1.34867
461 11.0751 1.54055 0.399831
462 26.3852 17.4109 0.325378
463 2.5508 30.9761 -1.46739
464 30.187 21.5418 1.16651
465 28.1153 19.4479 -1.47207
466 31.8933 20.5689 -1.15026
467 11.2685 35.1866 -1.7979
468 25.8922 32.4692 3.64894
469 17.4058 33.4392 -0.507638
470 10.4473 13.8465 1.78802
471 35.3301 19.1576 2.32782
472 12.2255 10.258 -1.98358
473 14.2665 1.79124 0.765274
474 7.37506 37.1728 -1.33681
475 32.2396 5.75676 2.3544
476 19.5624 27.2268 2.31439
477 14.629 34.1602 1.54565
478 29.785 22.7924 2.46881
479 38.7851 25.9663 -2.36676
480 33.3776 18.5323 -0.0807818
481 26.2564 38.3634 -0.371248
482 8.39148 31.3264 -1.25046
483 13.3651 30.7259 -0.845937
484 12.0826 34.8529 -2.77751
485 7.66028 1.50596 -2.41364
486 15.6862 30.2191 -0.0267242
487 31.1349 30.6835 -0.600059
488 36.0591 9.35547 -0.669467
489 16.7007 2.9702 3.30813
490 9.46306 1.36252 0.111548
491 16.1747 7.40735 0.669959
492 19.3507 0.0884899 -1.47728
493 4.11305 27.7901 0.958609
494 9.53173 18.5677 -0.816045
495 33.6165 16.677 -1.83167
496 29.8857 21.8295 3.71323
497 0.204031 26.2209 1.75928
498 16.2482 16.7968 3.98468
499 10.6317 18.9601 0.944399
500 5.81817 16.3125 -3.70622
501 27.7356 11.9661 -1.54977
502 35.5885 6.25194 -0.547963
503 16.6395 30.8186 -1.70974
504 37.4852 34.8243 -0.385212
505 9.87796 1.4623 1.39872
506 28.6261 27.5912 0.783893
507 21.0278 13.2436 3.47903
508 39.9477 23.686 -1.24692
509 24.1555 38.0368 1.85673
510 32.9164 2.22986 2.50951
511 23.0172 32.889 0.600161
512 36.9401 32.4783 -0.182231
513 15.5735 32.5676 -0.170418
514 11.3693 27.9119 -4.2565
515 14.164 16.9587 -1.31008
516 20.8752 39.3948 -0.232403
517 15.8846 16.0271 2.75301
518 13.8447 11.8461 1.46529
519 15.0918 18.1748 -2.7611
520 35.8407 10.7334 1.36261
521 36.6989 23.5482 -2.66734
522 21.3353 17.8102 -2.38858
523 11.5316 18.7794 3.26357
524 7.04614 25.1851 -1.15687
525 5.80635 11.2843 0.347104
526 3.62835 26.4427 0.827545
527 15.1604 6.36652 3.34353
528 20.7853 2.88288 2.15489
529 32.0062 7.15398 -0.343046
530 34.4189 10.7475 -0.432392
531 25.928 10.3788 -4.0596
532 20.1212 37.6322 -1.56868
533 20.9439 28.2324 -2.02535
534 12.2991 26.1516 -1.03433
535 4.24347 3.82245 4.37747
536 33.1752 18.1785 -1.75376
537 1.31868 22.8759 1.00389
538 3.12271 2.0402 -2.19425
539 2.30631 5.01662 0.0540791
540 29.3505 25.4874 1.30903
541 26.092 20.9844 -2.01864
542 37.8015 30.9357 -1.75891
543 8.47617 15.2876 0.981791
544 2.90215 3.09789 -3.07861
545 17.5846 22.8897 -1.54108
546 1.9861 34.2397 0.0355639
547 6.03627 16.653 -0.474788
548 36.7636 33.0903 -0.224339
549 0.98465 26.5625 2.11699
550 6.841 31.6001 -0.790729
551 21.0896 18.5975 -2.46558
552 1.66501 5.34551 -2.79384
553 19.5015 27.6055 2.83146
554 20.7103 8.60698 1.267
555 39.4048 15.5717 1.77546
556 32.4146 23.4007 1.43909
557 8.80811 25.4562 -0.889118
558 38.1689 4.48232 1.99986
559 26.7237 32.7774 1.42134
560 30.0268 25.1971 0.0807601
561 6.13304 22.309 -2.31195
562 4.72918 26.1503 0.392151
563 5.28693 14.24 -1.39941
564 14.452 22.2154 -3.52345
565 2.0058 19.0756 2.00436
566 19.6386 34.7318 0.591131
567 33.8694 16.7196 -0.478613
568 2.8453 9.71004 -0.840669
569 3.89698 20.2866 1.5415
570 4.3456 30.0562 0.0958716
571 19.0084 11.5144 -0.742986
572 37.1822 29.6617 1.21844
573 22.9279 36.6052 2.22136
574 11.452 21.3132 -1.53042
575 20.7394 19.4401 -2.22058
576 39.8027 1.41721 -4.04089
577 23.6573 31.4808 1.16366
578 7.43716 36.8679 -0.00332543
579 7.01228 9.91548 -4.43211
580 9.17541 30.228 -0.639823
581 6.66029 30.8458 -4.50902
582 28.372 25.7577 2.25425
583 21.2128 37.9538 1.01425
584 36.9865 11.5798 -1.41129
585 3.70709 20.7904 -1.13751
586 22.9103 20.8849 0.934453
587 28.9613 32.8731 -0.98845
588 19.1483 32.1347 -2.84972
589 27.6244 19.4867 -1.17268
590 2.82526 3.06621 -1.29801
591 1.56513 24.2181 0.57858
592 33.1706 29.9662 1.52953
593 14.5842 24.1106 0.919032
594 3.69649 3.36447 1.79286
595 24.8311 18.7359 -1.90233
596 37.6227 34.4449 -0.264343
597 27.856 10.8504 -0.092022
598 35.3238 11.4239 0.148721
599 14.9699 30.6606 -1.34964
600 7.49716 1.15226 -1.67697
601 20.4851 34.7155 -3.08766
602 8.54857 18.4826 0.94958
603 14.9198 16.8437 -1.63348
604 29.3902 24.7162 0.438393
605 8.98643 36.4111 1.18936
606 0.837742 31.0033 -0.520847
607 1.01102 7.4086 -0.502755
608 4.9862 5.94303 -2.89555
609 25.146 38.6627 0.453318
610 31.6273 22.4309 -0.702191
611 38.9714 24.2861 1.89529
612 22.3695 8.9561 -1.36368
613 22.5683 11.0784 -0.269738
614 2.19083 6.40099 1.01202
615 32.3973 13.7958 1.3547
616 33.6654 10.7933 1.48206
617 22.6048 32.8654 1.08415
618 2.56922 0.0970551 0.435338
619 26.4212 34.6181 4.12949
620 35.9939 36.3242 1.66618
621 23.4665 16.1871 3.89862
622 13.6337 2.64253 1.57223
623 17.2322 7.048 -1.17945
624 30.3667 6.27646 0.291727
625 19.9552 10.4557 1.6085
626 7.66812 37.8696 -1.40372
627 4.51541 34.1497 -1.40139
628 17.2968 6.96132 -2.64827
629 24.6334 0.481816 -2.55709
630 33.9798 32.5252 2.42634
631 27.3871 35.0079 1.10579
632 30.6632 30.9355 -1.14968
633 39.1947 23.9091 1.43822
634 38.9878 6.71714 -0.0827378
635 26.7014 29.1097 -2.56084
636 19.6231 4.22593 -3.79211
637 0.988176 24.4038 -0.196317
638 33.001 23.5248 2.85431
639 33.4809 9.83074 0.313321
640 7.86962 19.2004 -0.744501
641 25.1536 4.47287 -0.3691
642 16.1064 37.6085 0.814804
643 27.8663 26.0597 3.05251
644 10.1882 5.2485 -2.96403
645 2.09254 13.4976 -1.66439
646 9.78055 6.39223 -1.55961
647 11.7511 18.1547 3.45144
648 36.6675 35.1383 0.130612
649 20.2803 23.5826 -0.603028
650 30.5201 14.2575 1.01752
651 24.3715 21.0978 -4.56332
652 6.71568 37.8616 0.931924
653 12.9229 3.57878 -3.87359
654 21.2391 15.1331 0.0888263
655 34.315 33.8738 3.36143
656 11.3474 13.1585 1.35403
657 24.3856 9.56186 0.221764
658 8.05771 29.1708 -2.28135
659 34.907 37.5808 2.67291
660 25.3024 11.0683 -2.22038
661 37.5159 18.4967 0.347924
662 34.2215 33.0938 1.30451
663 14.829 21.6211 -3.22562
664 29.7234 16.6276 2.83554
665 35.6646 1.99993 -2.4575
666 27.0039 35.3211 2.59531
667 38.2164 33.838 3.59042
668 12.6614 32.3756 -1.77624
669 15.5387 25.9533 -2.79414
670 39.2949 26.2019 -1.99168
671 28.5943 38.4119 2.88433
672 15.8678 30.849 -0.953665
673 32.984 3.45731 -0.345782
674 9.61459 20.3374 1.98809
675 29.6644 16.1717 0.968547
676 29.7496 35.3802 0.091112
677 30.0352 21.1171 0.986299
678 31.3741 0.572185 -1.35758
679 20.8934 19.916 -1.2091
680 19.2108 28.9043 1.42097
681 9.17721 38.1334 0.32346
682 33.3082 33.867 -1.54105
683 29.0583 25.9441 0.14565
684 9.71918 38.8886 -3.49819
685 25.0468 25.658 -0.349632
686 0.405594 3.63994 0.736663
687 22.5755 10.2859 0.817955
688 30.996 4.65823 2.83599
689 14.5422 2.3433 0.465367
690 19.8683 28.5912 1.93452
691 18.9729 31.8964 0.126037
692 25.0857 13.2303 -1.84961
693 0.623181 19.6245 0.916522
694 30.5306 31.2153 0.396923
695 18.931 27.4162 -0.259126
696 30.6072 28.9171 3.66144
697 32.3791 6.16759 1.02283
698 34.8662 13.973 0.276009
699 25.21 24.7993 0.157024
700 2.39978 4.79033 0.25553
701 25.9312 39.3196 -1.11565
702 38.5538 5.47195 -0.561611
703 39.3017 14.7369 -1.54685
704 26.1139 33.3716 2.13516
705 5.19391 35.0776 0.836569
706 35.3024 34.7618 -0.637155
707 10.8505 11.2128 2.42728
708 29.177 17.166 3.08612
709 25.3373 10.12 2.23238
710 18.3534 28.422 -0.85786
711 35.3238 24.904 0.138734
712 25.8818 10.3253 -0.434478
713 33.102 13.9126 -0.118561
714 28.3944 30.0845 0.959273
715 0.805019 3.78805 0.217493
716 19.7847 34.326 0.195
717 18.1912 26.4931 -1.52168
718 10.8173 27.59 1.42108
719 12.1303 33.4392 0.305936
720 10.779 27.1932 4.12047
721 29.0135 34.4205 0.305315
722 39.1257 2.67718 -2.82398
723 18.932 0.268673 -1.71135
724 15.744 0.854441 -1.40729
725 26.7146 0.829927 0.406817
726 7.92469 28.3288 0.854386
727 5.25934 28.2871 -0.489625
728 2.70577 9.63769 -3.12374
729 20.2129 38.4953 -0.0650674
730 18.9494 6.94999 -2.61236
731 32.3672 21.0533 -2.74536
732 26.1444 35.3705 3.24147
733 34.1495 25.1525 -2.40762
734 24.5092 9.42033 1.66276
735 18.3113 19.6911 -3.82168
736 19.7588 31.8764 -3.56734
737 33.8746 33.8049 1.01847
738 18.3302 9.28912 0.388615
739 10.7604 28.3138 -2.74087
740 4.63258 19.3721 1.02177
741 11.943 33.1258 -0.741139
742 24.6889 13.6221 0.0259039
743 24.1374 25.5859 2.79715
744 34.4203 21.4171 -2.22124
745 16.6973 33.9267 -2.55807
746 13.7862 10.8867 -3.38532
747 12.1161 26.8827 -2.10703
748 16.3065 27.3512 1.48697
749 4.83487 6.08927 0.813904
750 0.678024 32.9687 -3.76529
751 10.4079 1.29813 -1.28068
752 38.2035 18.0325 0.936512
753 10.931 23.6281 -1.85235
754 29.2189 22.3698 0.74714
755 22.7956 4.26766 -1.64096
756 1.12773 4.6556 -0.913572
757 13.8729 22.9888 3.80651
758 35.81 22.9007 3.33259
759 6.7543 29.8538 1.93003
760 35.0523 38.0106 2.90128
761 12.3636 20.2366 -2.15459
762 23.8107 27.2207 1.8562
763 13.1388 39.0527 -2.53909
764 27.1502 4.39613 -0.35922
765 29.6633 26.1472 1.34861
766 10.1244 17.201 2.18912
767 33.7452 15.9024 0.377485
768 5.5597 17.4723 -3.37435
769 20.4999 27.5691 1.07808
770 8.32862 25.4711 -1.31429
771 1.56154 22.7744 1.46913
772 14.6139 33.7384 1.57642
773 36.8192 31.7729 1.37008
774 38.215 39.5688 -1.09466
775 18.7017 8.88802 -1.08747
776 10.1195 22.023 -3.01406
777 5.35567 25.1194 0.788267
778 33.2083 27.7346 1.30964
779 16.7389 38.7433 1.27813
780 3.42964 0.035171 -0.182775
781 31.617 2.30229 4.66718
782 11.4559 7.89924 -3.35176
783 14.4951 7.3043 1.7021
784 30.0794 39.2634 -0.0993076
785 25.1305 15.6531 0.463583
786 7.42464 23.6967 0.143429
787 35.1998 1.57763 0.101557
788 3.08931 35.7506 -4.21627
789 39.1802 13.0267 -0.960199
790 9.4033 30.802 -0.184339
791 15.783 20.5613 3.02954
792 9.33255 26.8853 3.45823
793 26.2208 39.1534 -3.09275
794 24.0122 27.4826 2.81489
795 6.91093 9.14283 -3.3589
796 18.4639 27.6173 -0.308516
797 2.29868 31.0074 -1.13305
798 26.1123 7.64724 -1.40575
799 20.5042 6.48091 0.543148
800 30.2025 6.91463 3.17164
801 22.3743 16.088 3.7828
802 33.6414 17.8578 -0.220799
803 12.4833 3.85793 -0.537283
804 4.87713 19.272 1.67749
805 4.10214 22.3498 -0.722691
806 13.4621 28.8253 -0.246959
807 23.3886 8.97214 0.448601
808 22.9565 22.3179 1.94466
809 24.846 9.50807 -0.159352
810 15.917 37.9407 1.43381
811 11.3156 25.948 -0.983912
812 10.5451 0.805832 -1.10376
813 4.54997 8.70849 1.18797
814 26.5798 37.8968 -1.78052
815 35.3214 17.6404 -1.14583
816 19.83 37.2543 -2.61824
817 15.8356 37.2964 -0.514424
818 6.00202 15.2229 0.228313
819 26.5706 3.54612 -3.72424
820 39.9777 3.68392 -0.138179
821 15.779 6.86176 2.51311
822 8.88802 5.17835 3.20922
823 26.0494 38.9803 -2.85546
824 36.2848 18.9988 -2.88405
825 38.6299 27.3228 -0.628323
826 5.24964 15.053 0.78961
827 39.2499 13.8623 -0.530827
828 17.1763 17.459 3.80232
829 18.2333 32.7486 -0.862582
830 11.5742 24.1754 -3.51758
831 11.7062 38.0127 1.24288
832 33.3389 30.7816 1.11956
833 12.6891 13.1053 0.788414
834 21.674 8.16893 0.859716
835 3.54321 28.2894 -1.48424
836 21.5734 27.6469 -2.68853
837 31.002 29.5962 4.11271
838 20.5895 5.10038 2.96356
839 5.63371 24.6939 -0.379525
840 23.3887 13.694 2.17013
841 29.7854 32.3 0.175076
842 18.6605 29.7238 2.37563
843 11.4779 2.38966 1.02555
844 7.46563 22.4053 -0.687751
845 2.96397 27.9832 2.14682
846 13.6771 33.7261 1.0948
847 3.15939 25.6872 0.827447
848 24.939 25.1799 0.429262
849 16.7992 15.7676 0.977535
850 0.188516 32.6416 -0.561863
851 1.04406 36.7454 -0.630057
852 27.3334 29.823 2.12666
853 27.7995 24.2744 0.400555
854 39.5234 30.7492 0.432539
855 15.2155 1.19869 -2.16168
856 16.1143 35.1087 -0.425207
857 13.8023 18.0085 -0.391044
858 5.03748 26.3975 0.726658
859 15.6906 36.9739 -0.586955
860 38.6404 18.8898 -0.140938
861 4.86056 15.8091 -1.63627
862 4.50907 34.8642 1.33824
863 12.121 13.425 1.1421
864 25.2414 8.37537 -3.22112
865 29.4372 29.0559 -0.585713
866 24.7833 1.53692 -4.92165
867 24.1039 34.7016 0.644053
868 29.7596 25.5848 1.61798
869 0.109971 15.9615 -1.78354
870 2.4312 6.50265 1.93327
871 19.4622 23.7711 -0.733649
872 28.2459 24.6507 -1.05131
873 15.0039 23.7403 1.67413
874 37.4594 12.8921 1.86409
875 33.6419 11.5884 1.85227
876 2.30875 15.839 0.448816
877 38.0315 4.29073 1.35327
878 4.97491 38.4199 3.04762
879 3.66115 29.5019 0.665796
880 3.8284 20.0418 2.65965
881 3.87359 24.5849 -0.61264
882 24.0723 2.007 -0.53516
883 37.0875 23.4436 -3.43736
884 9.72009 17.0648 3.43458
885 9.54817 11.7381 2.23552
886 16.0928 22.3055 -3.03536
887 39.6506 23.5823 -1.44256
888 37.2068 23.4668 -3.32878
889 4.64297 11.3963 2.58195
890 17.3141 16.2395 2.13938
891 20.6371 21.2954 0.874727
892 18.4168 1.17169 -3.55726
893 32.0312 30.2289 1.31637
894 34.9042 33.3854 0.462079
895 33.7317 16.9058 0.148506
896 17.8516 1.46847 -0.939389
897 38.1418 9.2765 2.57763
898 17.5235 16.273 -0.581446
899 8.21326 22.9001 -0.034121
900 15.6953 7.71343 3.62263
901 39.3074 39.1359 -3.03887
902 38.3422 33.6161 4.45867
903 7.43716 33.5952 4.21315
904 19.2078 0.0264629 -3.28994
905 24.5303 33.526 -0.586125
906 28.2232 22.8951 -0.350352
907 16.5372 30.9475 0.029547
908 33.7731 32.7021 2.22924
909 17.3226 5.34269 1.63367
910 31.1348 21.3439 1.67218
911 30.6522 27.1012 -2.43732
912 26.1458 22.1602 -4.28041
913 38.3823 24.1465 1.40081
914 3.99557 25.3101 0.340787
915 35.5804 33.7818 -2.36972
916 24.8886 18.6447 3.09976
917 7.22946 27.0559 3.07277
918 3.34033 6.43874 1.48714
919 30.6543 18.6229 1.81982
920 6.24844 20.8927 3.97383
921 30.5167 21.6126 1.43645
922 23.0782 17.2987 1.8081
923 10.2983 27.0295 -3.55653
924 29.6747 32.7452 -0.099619
925 17.3096 0.264243 0.815354
926 27.5974 35.1971 1.51988
927 7.6737 31.8575 0.426389
928 35.052 2.83178 1.00558
929 38.0217 31.1656 -1.35582
930 11.7755 6.44777 4.04353
931 12.0249 19.3349 3.52472
932 5.81968 24.0752 -2.5177
933 15.9312 4.86589 0.814735
934 29.3542 26.2068 -0.368932
935 5.72628 6.37161 -2.28726
936 13.089 20.8029 2.78412
937 13.3018 2.34287 -0.0162068
938 22.764 24.8589 -4.30128
939 20.8895 6.63271 3.16397
940 18.0615 19.3501 -1.33705
941 20.5923 18.5942 0.947099
942 7.92603 11.4268 0.885699
943 10.4359 5.76173 -1.63156
944 4.97669 33.3193 -1.05937
945 6.38071 3.34645 0.638316
946 18.9983 24.62 2.37504
947 20.0969 5.74323 3.46782
948 15.5256 4.0838 0.382466
949 1.2987 13.1584 -2.72898
950 36.7765 27.321 -0.808101
951 14.9071 7.18374 2.39877
952 16.4903 16.5703 1.57889
953 30.3003 19.4595 0.126238
954 7.47382 38.073 -1.30814
955 38.788 8.5362 2.77273
956 28.9623 10.1835 2.47302
957 31.8894 21.1292 -3.50265
958 6.48903 35.1041 -2.92038
959 28.3764 36.3954 0.844049
960 5.75072 37.9451 4.77879
961 2.98941 26.0064 0.419569
962 13.9732 31.2943 0.641729
963 15.7941 38.8921 1.76914
964 1.43156 7.35693 -0.251489
965 34.0507 22.6814 1.31902
966 11.4078 18.9382 1.84607
967 20.5939 0.497151 2.55525
968 30.0253 23.7538 2.41157
969 16.07 4.17578 1.71977
970 27.8404 34.631 3.03671
971 31.1367 16.5191 1.04498
972 14.0114 18.6682 -0.149372
973 11.2324 24.8258 -3.64315
974 29.2814 16.8185 0.83952
975 13.9317 20.7904 -2.46865
976 4.59655 8.62628 1.63729
977 6.79195 36.74 -0.930591
978 11.6427 27.822 -4.28033
979 5.12564 36.4999 -3.52239
980 36.8753 14.1577 -0.20693
981 9.21725 19.6527 1.18693
982 33.994 10.3051 2.03465
983 25.7141 13.4518 -1.6088
984 10.1022 33.9723 -1.50168
985 9.50782 22.1976 -2.14521
986 23.0925 13.938 2.21021
987 8.48158 10.8998 1.1851
988 39.7073 24.1049 0.227265
989 24.467 33.1109 0.506067
990 21.1884 16.9329 2.0667
991 8.86591 26.353 1.93761
992 1.09277 16.4618 -1.27447
993 13.932 21.7297 -3.04676
994 21.432 24.582 1.727
995 13.6913 21.3821 -1.79981
996 30.0876 20.0996 2.14388
997 37.7676 17.913 1.59538
998 35.802 36.5929 1.89178
999 32.2585 20.8833 -1.86681
