1000
Particles
0 35.3196 6.61582 3.19032
1 35.2752 19.0388 -1.48449
2 25.6319 3.69431 -0.13757
3 12.5513 36.7087 0.137179
4 13.1481 17.3263 3.31501
5 24.2905 3.81205 0.58411
6 27.4753 4.04952 -3.89374
7 34.2264 17.3154 0.00960164
8 5.4078 31.3179 2.1599
9 33.5342 25.232 2.31156
10 28.9742 29.0462 3.00558
11 39.4278 35.6959 0.455899
12 39.2994 24.5368 0.441679
13 2.2843 6.10558 -3.14063
14 31.269 19.0004 0.236544
15 28.3083 35.0296 1.25714
16 25.0699 37.3002 -0.107306
17 33.2054 9.38868 1.96706
18 38.6677 11.2196 -2.29541
19 15.3207 19.3286 -2.74677
20 14.6325 17.5508 0.509744
21 0.492363 1.20583 -0.265428
22 35.9119 27.6486 2.1028
23 30.8588 14.6268 1.5049
24 28.4961 15.5501 -1.59791
25 1.5906 35.6728 -1.25881
26 26.8167 29.3909 1.31125
27 15.0751 16.2152 2.3557
28 8.47771 36.9526 1.65614
29 32.2709 9.28324 2.39937
30 16.2639 26.8254 2.2765
31 10.8466 18.9095 -2.46291
32 15.4428 10.9372 4.20865
33 4.92766 37.4416 1.68545
34 19.5735 14.9623 -2.52717
35 25.1917 2.11153 -2.54336
36 16.3172 36.7659 -0.297437
37 0.298202 25.2204 0.295509
38 22.8622 37.7706 -0.552539
39 33.081 15.1921 1.36263
40 30.0791 38.159 -2.3415
41 18.9659 14.1948 -2.72102
42 32.7913 20.5147 2.11907
43 23.6913 33.5704 -1.75577
44 20.3756 19.3791 1.76737
45 8.908 25.9273 -4.87073
46 4.00057 6.71662 3.09897
47 36.1227 3.30867 2.4612
48 37.6145 32.7463 -3.92142
49 10.357 31.5688 1.54693
50 35.496 1.16727 3.43886
51 15.6753 4.19843 -1.57289
52 34.5985 6.0679 3.33106
53 14.3605 12.2525 -0.055409
54 34.9181 28.795 -0.333531
55 0.86497 17.4354 2.55829
56 31.16 7.08341 -1.3406
57 39.1135 36.1126 -0.618505
58 39.8971 11.0124 1.87198
59 3.17762 33.3481 -1.1248
60 9.85736 24.2298 -2.01343
61 17.7003 26.9592 0.555809
62 29.4223 38.5596 -2.44856
63 10.0045 18.7142 -1.56599
64 38.8081 24.7939 1.07966
65 16.3959 4.42663 -1.93463
66 6.29142 18.9312 -0.245196
67 18.5064 20.1286 4.54442
68 6.38959 5.00966 2.76821
69 19.0828 8.99823 -4.35453
70 8.87147 35.1614 1.50335
71 11.2004 11.1312 1.99794
72 5.73228 14.9417 2.72641
73 19.055 22.8177 -1.89979
74 10.9319 37.2053 3.06134
75 5.51446 38.7232 -3.40939
76 19.9944 9.37628 3.35727
77 15.7982 25.4678 3.43082
78 37.3326 28.562 2.20158
79 32.944 2.60084 -0.373412
80 33.4601 5.40895 -2.33976
81 9.05912 22.1734 0.33908
82 12.3393 6.33797 2.40624
83 17.6975 24.0095 0.593801
84 23.1351 17.7335 1.63202
85 2.63016 14.5355 -3.21244
86 20.624 7.57226 -3.13121
87 17.842 38.8233 -3.22145
88 3.99419 1.03359 4.00804
89 10.8142 30.9119 -1.30037
90 35.5426 33.3377 -2.24617
91 23.9211 12.9172 0.533392
92 17.3986 15.6881 0.906955
93 16.4634 10.723 4.0826
94 11.2743 14.7817 -0.607139
95 17.868 4.54568 3.4499
96 13.8208 28.9694 2.74461
97 25.1476 32.1763 0.0921753
98 38.8273 29.1102 -3.05535
99 7.51771 29.6288 0.932086
100 31.6767 12.4332 0.214651
101 17.5821 23.6048 0.094472
102 18.9201 34.8475 -2.85166
103 15.5367 4.20187 -0.927118
104 30.566 5.87099 -1.89728
105 24.5323 27.4135 0.285713
106 37.2001 6.75284 -2.35666
107 17.3995 23.7436 1.14257
108 26.9336 11.0818 0.255655
109 34.0729 32.6451 2.65174
110 11.211 34.8188 -0.745005
111 8.57598 32.0187 -4.47168
112 31.2932 0.360266 4.80539
113 32.7301 19.2457 -0.650341
114 4.74298 27.5274 2.73354
115 32.2262 22.6678 -1.02813
116 27.2966 26.03 -4.15379
117 21.7124 31.7349 2.78811
118 22.9827 37.6544 1.98238
119 38.9302 17.2368 -1.1984
120 36.7629 32.931 0.129531
121 26.3086 16.7079 -4.78215
122 36.9025 9.91465 1.77591
123 1.81986 21.7069 -0.742134
124 16.7502 36.9045 1.2795
125 22.6645 36.6373 2.1429
126 19.3503 23.126 -0.25166
127 38.4279 2.38313 0.719212
128 28.939 11.6728 2.37807
129 1.94376 10.4387 -0.128055
130 35.1026 8.39349 2.98342
131 31.4445 29.8758 1.86309
132 17.1102 37.0525 1.88866
133 27.9148 35.1462 2.7493
134 12.0115 37.2936 1.13767
135 17.8746 4.08588 1.60849
136 25.5512 5.29451 2.7597
137 31.3664 1.66209 -0.526859
138 9.01309 19.4396 -2.28842
139 15.3943 2.05813 0.647066
140 17.5811 29.9487 0.00938061
141 35.7207 34.1232 4.88436
142 26.2108 2.06513 -0.576507
143 15.9812 25.4516 3.82631
144 8.3633 23.1493 0.496371
145 28.1272 25.4732 -4.30282
146 35.9277 7.50302 1.50274
147 32.3491 37.127 -2.91504
148 39.3091 10.7047 1.63111
149 15.0637 21.5974 1.70828
150 13.6864 13.3218 0.80295
151 38.3746 37.8056 2.9629
152 14.2224 14.0553 3.03628
153 25.1913 2.17582 -1.97084
154 31.3911 30.9742 2.87071
155 29.5015 35.3745 -0.411063
156 35.6131 23.1817 4.8656
157 20.3985 14.5049 -2.18871
158 19.8483 31.9971 -0.734306
159 15.1144 29.2865 0.890825
160 3.65432 18.0405 0.640194
161 8.30752 20.3044 0.506053
162 25.1781 38.7925 0.0664972
163 8.8463 9.14116 -1.36401
164 15.2875 1.47003 -1.70548
165 23.8993 1.86942 0.100127
166 36.117 3.22857 1.70589
167 12.4475 4.46508 3.99459
168 37.962 18.6934 -1.78414
169 39.8005 37.66 1.7224
170 2.01801 35.2043 -2.74632
171 17.2468 36.2265 1.94071
172 36.5059 16.2835 4.80584
173 19.9619 27.9574 1.27297
174 10.07 32.9605 -0.412464
175 2.26101 13.9614 0.79791
176 25.0065 26.6754 -0.343503
177 16.7439 5.91694 -2.44099
178 21.4268 14.7893 1.45036
179 27.0022 9.68179 -0.324194
180 10.0783 10.8354 0.164746
181 36.5002 28.7876 1.6864
182 18.5723 13.2544 1.43068
183 1.97455 18.9042 3.04686
184 23.85 37.7559 1.01273
185 8.88553 11.3476 2.2758
186 31.5755 8.35431 -1.37944
187 8.1423 38.3146 -0.0350042
188 25.9785 17.5108 -3.89909
189 10.508 22.107 -1.06448
190 26.0677 23.551 -0.810943
191 9.01561 32.3438 -3.39631
192 31.4358 8.00083 -1.48013
193 31.2596 20.5274 2.21396
194 9.67961 29.7624 -2.55619
195 19.2922 17.0842 0.535188
196 29.3845 35.71 0.709803
197 16.6176 0.835771 2.94093
198 33.0015 14.2027 3.36366
199 15.1473 11.1333 1.37573
200 1.24555 39.6761 -1.09943
201 32.1563 17.7249 -2.87369
202 19.5967 18.0592 -4.26953
203 23.9989 12.9901 1.87457
204 32.4036 36.5723 -0.086231
205 37.1809 33.0309 4.47708
206 12.8416 3.76551 1.2076
207 39.0245 31.1852 -2.28872
208 29.4044 29.7712 1.0213
209 14.5666 31.4067 -3.32862
210 3.53516 20.9542 -2.37064
211 34.8798 25.0057 2.34814
212 36.9089 30.763 -2.99391
213 3.01235 6.16923 1.92946
214 0.0119567 21.465 -0.599762
215 37.4408 19.4367 -2.6992
216 30.0731 25.0128 -2.71256
217 4.14046 6.77487 3.73836
218 19.7584 18.8827 2.8238
219 18.5798 9.00442 0.3019
220 16.8372 6.95374 -1.94354
221 26.9035 9.50824 0.7641
222 33.6336 22.2722 1.37192
223 18.0194 39.2507 -0.789104
224 12.1913 32.3015 -0.865415
225 35.7389 10.8352 2.3577
226 4.21563 21.8356 -2.02997
227 6.46838 38.7471 -2.68671
228 21.6238 6.80649 -0.779754
229 35.4841 19.2704 -0.340875
230 27.1781 4.18526 -0.443555
231 16.717 20.6894 -0.941491
232 26.7948 13.7764 1.90943
233 1.29336 9.99755 2.79908
234 7.74133 38.4938 -1.42822
235 4.59217 8.29129 2.31059
236 8.82511 38.2656 2.32192
237 12.2101 29.7948 -2.51173
238 15.2282 11.7627 -2.07866
239 37.5681 13.6564 -1.65996
240 22.0692 26.1385 0.690545
241 15.8138 28.182 3.21761
242 3.28799 7.47625 3.17178
243 24.8378 38.3226 -0.18787
244 38.3687 18.2319 -2.35468
245 18.4896 9.66344 2.13512
246 30.9243 12.9687 -1.67951
247 1.8341 2.89578 1.02134
248 7.54669 23.2294 -0.460279
249 17.5569 33.6665 -4.49252
250 4.09642 39.5175 -1.99474
251 34.7482 6.8645 2.8434
252 29.3616 18.4079 -0.0184738
253 26.1186 10.6959 -0.40343
254 36.1086 28.399 2.10268
255 32.0609 22.8954 -0.305886
256 0.238459 3.64921 1.3579
257 28.4245 17.6232 -0.401311
258 30.1402 39.1103 -1.23409
259 29.6601 17.0367 0.737423
260 5.60951 6.66531 1.29175
261 32.3164 20.558 -0.223498
262 27.5806 29.1483 1.88081
263 5.68438 3.47632 1.18893
264 2.19673 35.9497 -4.14978
265 2.79934 14.8879 -2.71986
266 3.96196 8.43926 -3.37703
267 8.1176 24.9428 2.46316
268 3.7775 28.3835 0.263589
269 20.2868 37.8043 2.84967
270 4.45628 11.9386 2.42479
271 29.4201 10.7767 -0.343937
272 20.9796 11.1268 -0.222525
273 34.9438 34.2995 4.27845
274 6.85297 7.72037 0.535113
275 0.697328 17.7411 2.58139
276 30.9698 26.9392 0.368417
277 7.33652 28.6279 0.781749
278 8.51668 4.14395 -0.784761
279 3.62478 17.486 -0.914602
280 33.1442 20.1434 -0.880868
281 28.8045 19.1328 4.46221
282 15.1409 16.4719 0.865597
283 21.1848 39.7294 2.48289
284 32.5599 22.4574 -0.702
285 34.1193 36.6737 -3.14771
286 35.5068 7.96659 3.06653
287 5.19873 18.1202 2.45058
288 9.94819 33.411 -1.10565
289 15.9767 30.788 0.923814
290 34.4913 20.872 -0.774858
291 16.4687 19.933 -2.82166
292 38.5579 25.5073 2.87563
293 6.16561 6.91679 2.26268
294 27.0511 34.6768 0.321596
295 10.5553 9.85422 1.31905
296 32.7346 23.439 0.563929
297 3.00256 26.5624 0.505425
298 27.9793 25.7239 -1.42356
299 18.697 35.0249 -1.21105
300 24.1146 6.75584 -2.21336
301 32.2967 20.7897 1.0162
302 15.6444 32.922 3.60372
303 7.98083 32.4601 -1.69451
304 13.6679 22.7654 -0.912259
305 3.48756 21.4633 -0.777798
306 28.1991 13.8123 -2.20534
307 10.0618 21.8068 1.31991
308 1.45458 18.0946 1.27604
309 14.8201 2.27964 1.92627
310 18.127 19.9102 4.38912
311 26.5921 4.70384 -3.78639
312 39.1492 39.7745 1.75821
313 36.5539 0.948966 1.57743
314 23.3931 4.1372 -1.26356
315 4.42404 28.7418 1.62943
316 32.6571 37.8839 -2.39406
317 32.0138 37.0736 -0.745917
318 25.2875 25.8474 -0.781573
319 4.30823 38.8067 1.77562
320 1.45452 21.0046 2.26488
321 32.2051 7.27075 -1.54112
322 4.69377 38.1846 -0.905572
323 21.8719 37.1697 2.97201
324 33.367 13.0698 3.79717
325 8.40349 23.4373 1.21776
326 36.5783 2.45175 1.64176
327 12.9305 4.77929 2.30135
328 15.2469 29.2411 1.6221
329 38.6867 22.3588 2.29112
330 4.97078 6.36404 1.84038
331 14.7324 32.8312 4.68878
332 33.4675 9.2143 0.748447
333 22.2719 18.9332 1.29984
334 8.38747 11.7052 4.45211
335 8.33321 0.854166 -0.0855104
336 20.2079 0.212523 1.25897
337 6.41341 13.2062 2.26987
338 11.4635 30.5845 -2.23242
339 34.9757 34.0905 4.0593
340 12.3032 22.1038 -2.69083
341 31.707 34.5442 -0.456106
342 13.1771 11.0426 -0.81477
343 11.28 15.6747 -0.429697
344 11.3178 38.3727 0.985426
345 34.7553 27.6725 3.02402
346 16.4425 8.18059 4.29101
347 9.85286 30.818 -0.29621
348 13.9188 17.6594 2.98708
349 16.718 18.1435 1.07242
350 9.92073 10.5427 2.63868
351 7.86139 22.578 3.00683
352 29.3452 22.2058 -4.20931
353 24.3973 1.25909 -2.35732
354 38.5728 37.5184 3.78996
355 21.0874 24.3688 -1.49552
356 31.265 34.5937 1.87111
357 14.8638 29.0486 3.66853
358 13.4377 20.9899 -2.87572
359 39.9327 29.9248 0.491931
360 32.5456 26.9313 1.73095
361 31.1904 29.711 4.55007
362 34.7842 26.2893 -3.12923
363 36.3127 1.64805 1.93314
364 4.45991 6.54666 1.26687
365 4.43002 39.4316 -2.08051
366 14.4784 5.55974 0.758349
367 17.745 32.4896 -2.38357
368 23.8332 2.32482 -1.06278
369 14.9543 29.7197 3.71859
370 23.7618 24.7768 -3.54162
371 26.2296 22.6329 0.580896
372 27.2015 29.0006 -1.72768
373 7.50948 8.72381 -0.719022
374 17.8687 16.5377 1.20624
375 12.8465 10.0194 3.03103
376 0.64439 34.0637 -0.895275
377 3.97912 8.15145 -2.42707
378 13.4518 6.46478 -1.77126
379 30.3481 2.38915 1.54227
380 38.75 24.9341 0.817232
381 12.999 30.4797 -0.650392
382 37.3393 16.7314 1.57874
383 14.7757 33.6692 2.47283
384 21.2878 2.30303 -2.377
385 20.2977 21.6824 1.14899
386 19.1947 8.28078 -3.77667
387 12.2645 4.69021 2.82958
388 32.1777 25.273 -1.53498
389 9.00498 38.9047 -0.027474
390 28.7289 25.3629 2.90118
391 15.5591 18.0538 0.234147
392 21.4038 25.223 1.85572
393 22.9885 15.8587 2.75034
394 38.2174 37.9675 3.06289
395 35.5844 12.0164 2.83314
396 2.40758 2.5952 4.34484
397 6.36732 38.9901 -3.72935
398 2.65011 28.6291 1.37084
399 1.03927 19.5046 -1.28685
400 0.804065 0.896728 -0.562308
401 24.3546 37.4143 1.05694
402 33.4197 7.90826 0.0932603
403 35.5367 23.6531 1.25478
404 32.8316 30.8654 -1.6129
405 3.30827 24.4303 3.19374
406 26.1205 1.33877 1.72075
407 36.2412 2.19437 2.90266
408 9.89281 14.5116 -4.34377
409 13.2478 7.20112 -0.691595
410 26.5749 17.4247 2.74226
411 17.2169 27.3335 -0.995626
412 2.58124 10.0602 -0.653365
413 11.1954 12.4594 -1.27798
414 2.19182 21.5815 -0.2245
415 15.9084 28.3803 1.69406
416 25.7939 38.8728 -0.386175
417 8.22515 1.87908 2.17411
418 27.7019 26.2172 -2.19766
419 26.2249 17.4008 -4.9679
420 20.2472 38.6948 3.04411
421 1.94734 13.9154 1.76313
422 14.7569 10.4751 3.46733
423 23.9988 13.5036 2.37928
424 25.2289 23.0101 0.658151
425 21.413 0.711333 -1.26621
426 2.42654 20.5518 0.747454
427 17.48 18.6622 -2.42113
428 34.6545 7.46918 2.84583
429 2.53584 6.66055 2.66934
430 17.4034 15.2897 -1.08017
431 8.23917 11.3675 2.84904
432 15.1128 35.9588 -1.89396
433 30.5349 20.3342 -0.753692
434 5.44133 24.1932 3.95691
435 22.7975 38.8089 -0.410715
436 2.2538 22.2509 1.6672
437 11.0884 33.6217 -2.77059
438 13.0068 20.968 -1.25982
439 35.8424 22.4375 -3.38425
440 27.9242 39.0432 1.15148
441 8.46062 0.691095 -0.104925
442 14.3745 26.9694 1.07863
443 21.4615 14.9498 3.93537
444 9.5921 10.4998 0.0297056
445 2.56799 23.4989 -1.416
446 21.741 11.4669 -1.89599
447 2.13678 9.03108 3.41702
448 36.6945 30.0997 -1.68857
449 10.5328 17.2235 -1.74027
450 13.4034 17.5435 3.8522
451 3.44359 13.0006 2.37729
452 17.1631 15.5408 0.0609925
453 3.43075 37.0706 2.26119
454 3.84314 7.6039 1.5284
455 29.7594 6.63306 -2.63831
456 18.2263 8.44223 3.33949
457 22.7133 22.8903 -0.648964
458 34.7775 18.4778 -0.941882
459 9.74505 12.827 -0.345259
460 16.4445 3.60272 -0.608153
461 6.92779 32.4533 -2.16602
462 26.5388 14.4798 2.04288
463 2.50306 31.2756 -2.90249
464 31.5228 18.7731 1.13457
465 34.0028 17.4661 1.25615
466 34.5751 23.6569 -0.842895
467 3.77074 36.137 1.20687
468 25.3282 37.5048 -1.38328
469 15.7908 27.8901 1.24857
470 12.6458 14.5125 1.86298
471 39.9213 12.3927 -4.19436
472 12.7695 14.8182 1.21788
473 16.3022 9.18951 3.5467
474 8.90502 32.4015 1.92403
475 34.1018 9.54978 -2.08399
476 22.5227 29.6402 2.77513
477 13.0357 32.1898 -0.695685
478 33.8576 13.5634 3.77817
479 5.67784 29.5511 -0.635183
480 33.9864 18.6624 -0.158714
481 23.1067 36.6503 0.44064
482 7.63872 31.9299 -1.0545
483 10.6694 29.5864 -0.868037
484 12.7065 31.0222 -0.586919
485 8.28051 32.5431 -0.730888
486 18.7329 27.6574 -0.113798
487 31.0784 27.8765 0.353961
488 37.28 6.86376 -4.7242
489 22.5386 3.37204 -0.578651
490 5.92802 9.62297 -0.0215123
491 16.5625 10.5392 -3.08537
492 25.4221 3.02812 -0.83494
493 38.2374 24.7493 2.20026
494 6.02328 15.6393 2.14814
495 31.6904 13.4791 2.95332
496 31.5159 20.1774 1.93301
497 5.18712 31.7709 0.974966
498 22.4096 14.2308 3.0871
499 5.26621 12.5721 -0.847518
500 6.19391 13.5097 2.40685
501 29.9765 19.7506 -3.89325
502 7.69612 1.82331 2.17858
503 15.0821 21.7006 0.216714
504 38.5512 30.5949 -2.67956
505 6.37233 8.06929 -1.44357
506 32.2455 25.801 -0.320313
507 24.923 7.30191 0.443603
508 38.8078 32.2261 2.59635
509 34.9854 1.66046 -1.23108
510 36.2339 0.544216 -3.30377
511 26.3065 36.9939 0.702384
512 38.706 33.0423 2.77015
513 15.724 33.6825 0.847766
514 10.9193 24.6082 -1.7215
515 19.5622 13.1115 2.17163
516 25.8177 39.9961 1.3023
517 11.4485 3.45916 2.25177
518 21.9991 13.4638 3.91699
519 24.6096 10.4256 -2.01893
520 32.2146 1.47339 -4.71685
521 33.2525 33.5006 1.15586
522 17.4367 23.5092 0.419628
523 10.9813 19.0858 -1.42269
524 38.3153 27.0164 1.18222
525 10.1684 14.0216 -1.76189
526 39.9915 22.2273 0.228868
527 15.7812 4.89107 -2.20766
528 23.0611 4.33931 -1.87715
529 31.8947 37.8059 -1.14814
530 4.34778 7.85614 1.29934
531 30.7631 8.38525 -0.641134
532 22.2278 38.6228 1.70833
533 23.0694 28.604 2.89823
534 16.0745 25.776 1.64703
535 6.28318 7.47225 0.0815328
536 32.6694 14.0603 1.86163
537 0.282752 17.6259 1.21501
538 38.3494 39.7027 0.530219
539 6.98284 1.29564 -0.399978
540 36.8465 22.8213 -1.12743
541 26.7227 22.4157 0.220213
542 0.554477 29.789 0.418857
543 10.3727 18.9872 -0.0572267
544 6.14491 37.3866 -4.45122
545 13.2851 22.969 -4.11776
546 36.0625 37.307 -4.29206
547 5.20048 13.171 -2.14186
548 38.4378 1.23418 0.342746
549 6.81338 22.432 -1.24007
550 11.212 29.6559 0.300535
551 22.9653 17.3953 0.26919
552 38.4395 11.4973 4.9012
553 16.868 27.4951 -0.313248
554 16.8127 13.0082 -0.634505
555 32.4877 17.7358 -1.68667
556 29.3151 20.5402 -3.476
557 6.88012 28.9137 0.41967
558 27.6739 3.08621 -1.44177
559 26.2853 29.2787 -1.56183
560 32.1841 19.3026 0.630394
561 13.7143 20.825 -0.557807
562 6.81036 23.5809 0.48468
563 0.678735 17.4148 2.05612
564 14.2596 17.2965 2.2596
565 37.5919 14.1127 0.401987
566 18.0632 37.9597 0.602744
567 25.764 13.6017 -3.01927
568 35.6471 9.00813 2.40868
569 2.67554 19.8872 -4.06091
570 3.48332 21.7365 -3.65326
571 23.6465 14.6358 2.35269
572 0.963454 37.8525 1.86844
573 21.1744 38.4646 0.118508
574 10.0249 20.9752 -0.983582
575 21.5605 18.543 -0.0908202
576 3.39723 6.4725 4.30058
577 25.9497 32.3838 4.57229
578 3.37505 39.7704 -3.02179
579 7.37383 11.3166 1.25772
580 9.00511 39.6807 3.40136
581 6.3778 32.6814 -0.631807
582 23.7496 25.5148 -4.26832
583 23.8282 34.3152 -1.50387
584 35.5428 12.8753 -0.665108
585 4.08268 13.9043 -2.62691
586 29.594 21.2152 -4.0877
587 31.4359 32.4205 3.65742
588 19.5949 37.7283 3.03509
589 24.8304 27.5075 -0.669058
590 8.30529 9.09391 -2.94007
591 5.48039 24.4043 -1.594
592 34.305 28.513 -3.08649
593 16.802 27.0311 1.22383
594 12.9843 4.44166 1.27132
595 17.5672 27.369 -1.15786
596 34.1436 34.2462 3.07966
597 27.2435 10.7917 1.27701
598 35.7777 9.97199 0.000363795
599 19.7636 37.3683 1.04467
600 4.47462 38.824 -1.36236
601 22.7022 33.1227 -1.82329
602 0.814946 18.9566 1.93951
603 18.5381 17.9442 -2.77628
604 38.2972 23.9726 1.61852
605 8.55781 34.2078 0.64844
606 1.07889 28.5387 2.75108
607 7.84655 9.78969 1.59497
608 5.09525 36.64 2.34486
609 23.0928 38.4583 1.6136
610 37.8839 29.1121 4.67773
611 37.7125 20.6339 -1.2659
612 19.9589 8.06044 -0.794787
613 29.7134 10.7784 1.06355
614 3.65018 8.75918 -2.01489
615 27.7041 10.8769 1.3165
616 27.2158 13.7487 -2.60407
617 22.3663 31.2353 0.189395
618 30.3518 2.37899 -0.691058
619 24.3045 34.305 -0.869839
620 33.5854 31.4628 -1.47973
621 36.8916 13.9019 0.0414356
622 9.54768 31.9001 -1.53009
623 25.3421 15.8512 -4.60203
624 38.1945 37.8346 2.94755
625 22.0117 6.47409 -0.37754
626 9.46638 32.1481 -1.27396
627 8.20684 32.0718 -4.2773
628 30.0484 7.30699 -0.752391
629 29.6223 1.89848 -0.242207
630 30.9874 27.7727 -0.516582
631 28.5461 36.6224 1.72469
632 32.149 30.5845 2.01838
633 32.1143 25.6449 1.57719
634 38.6549 34.7849 1.0921
635 23.8562 25.2954 4.28699
636 24.6926 5.74472 2.98152
637 0.128832 21.4551 -0.342238
638 38.7788 27.3908 -0.0916348
639 28.5249 9.34582 1.64596
640 6.38635 14.7416 2.89417
641 22.1843 36.3342 3.5074
642 15.0997 0.654052 -1.95161
643 23.0343 25.8313 -0.641859
644 16.4821 8.32111 3.41202
645 4.77828 6.77154 3.87749
646 13.7397 12.0357 1.35493
647 14.4119 15.0573 0.895754
648 30.5166 37.1895 -1.11538
649 18.2035 29.5956 -1.26856
650 29.6242 7.02075 0.343219
651 29.7685 20.602 -2.00504
652 1.83591 38.1249 3.4284
653 16.5303 39.3033 -1.97495
654 22.5141 13.711 0.782178
655 38.1748 39.1784 -0.270593
656 13.7584 12.9188 2.56217
657 24.9519 4.87704 4.19577
658 4.45396 26.2661 -0.207885
659 25.0558 1.82395 -2.27929
660 26.5539 12.4088 -1.86926
661 35.5212 18.9434 -0.193722
662 26.3221 33.2068 1.57246
663 17.2966 14.601 -2.60098
664 32.0531 18.7458 -0.956883
665 32.032 1.4034 -3.59042
666 33.2309 3.41143 -3.03002
667 36.9866 33.3857 1.98726
668 4.86636 34.3161 -0.760676
669 14.8104 28.5509 0.761732
670 37.317 27.807 4.46525
671 23.2776 38.324 0.690549
672 11.127 25.628 -1.60788
673 35.5186 4.83177 -1.00373
674 15.9933 20.2839 -2.5017
675 29.3763 19.7662 -2.26267
676 27.4506 38.9688 -0.540681
677 36.9423 10.5542 -0.776646
678 24.4419 37.8987 -0.510541
679 21.9186 12.3245 -2.28025
680 10.9374 22.4081 0.297667
681 15.1095 34.6641 3.30688
682 30.8457 0.855503 -2.80426
683 33.5165 17.6069 0.454132
684 4.36079 31.3547 3.88121
685 24.9684 27.7511 -1.22594
686 3.14079 1.7948 -2.85992
687 29.2581 7.59268 -0.528692
688 38.8095 38.9234 -1.27913
689 11.423 38.001 1.11001
690 15.9654 28.0572 1.20822
691 11.64 33.0154 -1.19718
692 24.2669 16.4147 -1.62225
693 38.9106 19.2208 0.511811
694 25.232 30.6444 -0.0442798
695 14.6678 31.2978 -0.336909
696 34.2481 27.6719 -1.17063
697 26.5231 9.98227 -2.14796
698 36.0612 7.61325 2.53266
699 25.7613 20.6605 -0.527899
700 6.64991 0.816284 1.81494
701 29.5722 5.87416 -0.953941
702 3.97335 2.24187 -1.12656
703 27.6106 17.068 0.576328
704 28.9881 27.8758 1.07169
705 5.86803 39.1098 -1.99454
706 36.3703 34.1815 2.57736
707 16.5943 8.2057 4.34247
708 25.459 17.1964 2.74263
709 24.6602 0.521281 1.14237
710 18.7421 28.9743 -2.39172
711 32.5501 31.428 -1.93581
712 28.7425 18.9633 0.860017
713 0.153951 9.57615 -1.6145
714 19.6984 28.9745 -0.00546349
715 35.9049 1.61609 3.85041
716 23.879 37.4234 -2.11404
717 18.1831 27.6864 -2.96776
718 11.4906 27.6867 0.35054
719 11.7853 33.0091 0.937932
720 17.9066 28.7382 -2.64019
721 29.3734 38.5614 -1.39395
722 4.40089 6.62541 2.38708
723 17.074 0.80368 -0.405448
724 10.5187 3.42777 1.24563
725 32.6475 9.79501 1.9186
726 9.21219 29.5916 -1.00727
727 2.53271 31.9318 0.700483
728 38.6018 6.93241 -2.89997
729 20.3379 1.59848 -2.70484
730 21.0537 15.5207 1.67408
731 28.1949 19.3371 0.675134
732 21.782 37.0451 0.163127
733 38.5669 31.0939 -2.92499
734 24.4129 17.2438 -1.99434
735 16.4069 15.7011 1.11011
736 22.1805 23.1969 -0.803304
737 36.3188 30.7546 -0.310955
738 15.8553 5.91434 -4.25881
739 14.1143 28.4277 3.55517
740 32.1616 18.6938 1.63569
741 1.26018 34.3344 -1.02578
742 22.4072 12.3451 -2.19611
743 17.1428 25.7783 1.77255
744 31.4471 29.0226 4.08749
745 15.641 26.9026 1.41199
746 15.9872 20.4543 -3.16869
747 12.4971 23.0338 -3.56495
748 16.7584 31.3348 0.967326
749 3.34742 7.07268 4.87424
750 9.60114 32.875 -1.63362
751 9.45147 37.7868 0.294548
752 39.617 15.2969 1.54007
753 4.78062 23.6368 -2.57085
754 33.8792 14.6009 1.03427
755 23.3105 8.59413 0.701859
756 30.7565 9.49209 -2.37242
757 17.8597 18.6893 -1.31639
758 33.7882 32.6685 2.60575
759 11.3131 30.4839 1.33203
760 29.3149 35.7935 -0.812693
761 16.1 11.7406 -3.63462
762 20.5037 31.2698 -3.52206
763 23.3061 3.91984 -1.93468
764 26.9183 6.94255 0.511141
765 28.7089 27.4711 0.245336
766 11.4684 17.4562 2.88027
767 33.4325 18.0499 0.141136
768 4.79361 9.92786 -1.01461
769 23.0077 29.7533 4.25669
770 14.0677 27.4454 -0.508254
771 38.5357 19.2884 0.863362
772 15.0396 30.4922 -0.635051
773 30.0876 28.7472 4.50628
774 39.8628 38.7366 -0.371427
775 21.4388 15.5136 2.3518
776 10.9234 22.5913 -0.956275
777 37.5533 19.9223 -0.454951
778 28.9181 25.4523 2.00673
779 23.8714 0.729074 1.42054
780 1.69582 6.06745 -2.70212
781 27.4166 1.56395 0.729412
782 12.8667 5.1978 3.95869
783 19.4246 11.0028 4.10614
784 29.7461 1.86158 0.407844
785 23.4282 24.1545 -2.25222
786 9.70584 26.8593 -1.4465
787 27.3111 3.59546 -0.626478
788 1.05679 28.4795 0.609669
789 39.0812 15.834 -0.831354
790 6.76242 34.1158 -1.47293
791 22.3713 17.1929 1.16239
792 10.3126 30.629 -1.99141
793 21.2794 37.0784 0.452516
794 18.3064 21.1698 1.93021
795 8.07613 12.263 2.44326
796 17.025 27.664 1.46061
797 7.04259 32.0875 -1.43681
798 24.9963 4.47602 3.11954
799 19.3579 37.086 -0.000186493
800 30.5226 8.1758 -1.44304
801 22.8816 13.4277 3.95881
802 36.5766 10.0812 0.350463
803 8.91247 36.0148 0.209593
804 0.215847 14.7308 1.62562
805 33.5995 20.2618 1.9021
806 9.4174 20.1653 -1.19655
807 27.9311 4.49496 -2.10846
808 28.0429 25.3949 -1.40066
809 14.9301 13.3471 0.97467
810 17.4687 36.1353 4.06082
811 10.1246 29.881 0.48476
812 17.3937 35.6587 3.32134
813 35.824 1.47863 2.64132
814 28.49 33.8869 -0.714288
815 32.1105 19.5168 0.427256
816 12.1359 31.6436 -0.328134
817 13.1487 30.3465 -0.569861
818 11.7335 10.0299 -0.580309
819 24.9867 0.645579 2.9528
820 38.6964 39.2542 0.190343
821 16.5883 11.0338 1.99173
822 7.82146 10.7375 2.15898
823 37.8614 1.66266 0.737052
824 38.752 10.6373 -2.49262
825 35.0272 27.3385 1.6416
826 4.07451 9.23999 -0.544143
827 35.5486 14.9899 1.44401
828 26.7864 11.3606 2.83791
829 16.012 0.216465 -0.22456
830 13.2147 20.8778 -0.00569989
831 12.9787 36.7895 1.634
832 35.4875 28.4223 2.79069
833 13.8773 21.6216 -2.81169
834 19.6592 9.51483 1.2799
835 8.75607 30.6849 -3.30119
836 21.0861 36.2969 0.434491
837 38.7986 28.7234 -2.92142
838 29.7807 10.9248 -0.645449
839 36.0553 25.2569 -1.09733
840 26.2609 21.6391 -0.964898
841 29.9437 37.9112 -0.817557
842 25.7156 29.5232 -1.98142
843 15.7123 0.931847 -1.43084
844 7.86956 12.8707 -4.4307
845 0.864226 30.7336 1.93564
846 14.8487 34.9612 1.93986
847 39.9079 23.7362 -0.0181315
848 24.8895 15.4928 -3.86958
849 9.41306 20.8443 -0.45048
850 3.81983 38.35 -1.02611
851 38.0785 39.5297 1.0728
852 25.8788 30.8936 2.0293
853 31.978 25.5302 -1.33791
854 2.01265 34.1132 -1.35645
855 20.1616 1.58412 -2.85747
856 19.1803 31.0682 3.21693
857 6.86728 19.1505 -0.60776
858 38.4617 26.7356 1.1385
859 19.3942 39.9736 0.937222
860 30.3318 22.6983 -3.3955
861 1.36146 13.8642 1.55307
862 4.01834 35.3165 0.53836
863 13.9321 20.1139 -0.325511
864 24.8228 12.213 4.11347
865 27.8635 26.6311 -2.29361
866 29.3513 37.8043 -0.946772
867 16.3142 39.2711 0.665994
868 33.0598 25.4302 2.25197
869 35.9897 14.978 0.504081
870 4.72591 39.4461 -1.47079
871 20.8808 21.4884 0.548057
872 33.1618 22.8295 -0.775436
873 20.902 16.297 0.242612
874 34.6591 7.4136 2.74928
875 2.86584 8.26727 4.68188
876 2.23945 6.28301 -2.09244
877 38.2422 0.940017 0.381403
878 2.68588 39.2838 -1.59744
879 4.07348 35.1659 0.934771
880 39.7832 22.2648 1.1548
881 13.039 21.4065 -0.632292
882 20.4062 5.62129 0.87166
883 2.41932 25.0619 2.70226
884 14.618 17.965 0.0394374
885 8.44434 11.8547 1.76879
886 15.1955 28.1191 0.877663
887 36.2517 17.9369 -0.426142
888 35.5454 32.2632 2.53717
889 5.26235 12.3888 1.01415
890 21.8906 13.3236 2.76348
891 22.1621 19.5606 2.71325
892 29.9044 6.32757 -1.07797
893 28.8983 27.8002 -1.85049
894 34.7448 31.8895 4.30215
895 31.6544 18.7303 -0.271768
896 15.5038 34.1234 3.64864
897 4.73458 8.24895 2.48542
898 17.5552 15.5844 -0.00809231
899 7.24333 28.42 -1.55502
900 16.5336 5.80708 -0.49981
901 3.47856 38.3849 1.57729
902 1.42144 34.173 -0.910113
903 8.37808 29.8491 2.17216
904 18.7953 3.66553 -0.0207609
905 19.8916 30.6793 2.11196
906 25.6517 24.4259 -1.49554
907 23.7844 29.7213 3.79529
908 29.797 38.0176 -1.74298
909 23.6421 5.1439 -0.0955793
910 33.9454 16.4275 -1.15088
911 32.9432 25.5137 1.80413
912 22.9234 26.38 -2.05961
913 39.7581 22.6604 0.682428
914 10.3251 26.4204 -1.64667
915 36.4773 39.5632 -3.95783
916 25.1585 21.7583 2.68102
917 4.98031 31.1395 0.758449
918 2.29524 36.7226 -3.7776
919 29.0548 18.0112 3.70493
920 0.668233 18.879 1.15325
921 34.1686 21.9808 -4.11993
922 24.2339 12.2721 1.92864
923 10.4107 26.4026 -1.613
924 25.1685 37.4949 1.11217
925 23.1049 3.4896 -1.49139
926 24.2538 38.0146 1.21432
927 10.1666 32.5212 -1.05586
928 34.2626 3.2825 -1.53872
929 37.755 30.5038 0.111318
930 14.5631 9.0551 0.957896
931 23.0445 17.4114 -0.107466
932 11.0463 24.4512 0.0869967
933 11.4769 8.17941 -1.76768
934 27.9834 29.1965 0.046485
935 1.61426 5.33499 -0.913216
936 2.80101 25.2216 2.75926
937 9.43704 38.2443 1.7892
938 19.0716 22.9746 -2.30829
939 25.5636 7.03772 -1.18547
940 16.5767 19.5635 -2.92746
941 21.6377 22.269 -1.44804
942 3.48745 8.39246 -0.997248
943 12.2122 6.0375 1.61342
944 36.9465 28.0352 1.08091
945 8.55417 3.01258 0.700594
946 18.8013 22.9575 -1.41236
947 25.9099 4.09918 -0.776431
948 9.48217 31.9944 3.1847
949 5.64568 7.73016 -2.80804
950 33.5466 21.3266 1.13845
951 21.7195 8.67659 -1.80899
952 15.0982 12.3028 1.3328
953 36.6426 11.4255 2.19673
954 4.12472 35.6207 0.838559
955 0.763984 10.8407 1.63767
956 33.4065 7.19374 0.679844
957 32.7978 14.4576 1.5918
958 3.07251 31.3025 0.0394676
959 29.5171 31.4265 -1.08513
960 4.5266 7.79538 3.12174
961 1.66557 37.3506 0.36551
962 14.1727 30.9585 -1.99756
963 15.1398 27.2053 2.32735
964 5.38698 9.70814 -1.32699
965 1.20078 32.4831 2.11476
966 17.1584 19.2069 -2.9599
967 25.2394 39.7093 2.62079
968 35.4123 30.8905 0.599239
969 13.742 37.1631 -4.05799
970 23.5733 1.14071 0.192502
971 39.7633 11.7944 2.33091
972 8.59514 20.0123 -3.06829
973 11.6621 20.0039 -1.43022
974 26.554 17.2807 -1.6524
975 14.4528 28.5193 2.82088
976 4.88282 4.02872 -1.82893
977 7.43188 1.73635 2.37682
978 12.6882 22.4265 -3.82108
979 3.72678 32.6603 0.189414
980 38.5071 11.9658 2.25094
981 4.11128 6.7418 2.65663
982 3.99427 2.3354 -4.5147
983 21.7365 15.4345 2.23048
984 12.7434 33.5749 -0.769978
985 5.09833 19.684 -3.44392
986 28.2345 17.1431 1.54355
987 6.50631 7.82314 0.854558
988 2.07535 33.6515 -4.03012
989 16.9886 26.1297 0.832549
990 29.8653 20.9294 -1.56337
991 13.3631 22.4679 -2.65393
992 0.427541 13.1307 2.40763
993 8.44819 19.9487 -1.34784
994 27.3944 19.7352 0.105911
995 8.52149 22.3833 1.80965
996 32.2212 18.3667 -1.43511
997 37.1532 10.2103 2.65162
998 37.8237 1.83776 3.13225
999 31.5288 28.2446 1.33582
