1000
Particles
0 6.17327 33.6158 3.0409
1 27.721 29.1502 -1.75754
2 15.0012 8.67647 -1.6861
3 11.986 39.1843 0.624419
4 19.2546 24.591 1.9824
5 15.6439 14.7392 0.624454
6 30.9411 2.92014 0.91272
7 31.3306 19.5845 -1.59985
8 10.16 15.82 -0.919609
9 1.66773 25.7325 4.29328
10 25.4276 2.83823 0.81318
11 10.0426 30.917 -1.25366
12 32.5819 31.9552 -0.973062
13 17.8453 2.2083 3.89114
14 24.5199 26.2702 0.872373
15 14.97 28.3984 -0.590837
16 27.8803 28.7521 -0.529738
17 37.815 23.7064 -0.661212
18 33.8611 14.8186 0.664757
19 11.9995 27.0151 -0.575082
20 39.024 9.80281 -3.05954
21 0.193372 1.07323 -0.606792
22 8.55253 7.24244 3.4523
23 36.8987 22.556 -3.18842
24 32.1943 9.97412 -2.98684
25 3.91063 29.0251 -2.71432
26 22.452 32.2758 0.856182
27 18.0521 11.1041 0.540627
28 12.2927 34.4869 1.66065
29 31.0649 2.08287 4.16343
30 16.0914 18.6379 -0.24234
31 9.61596 9.71657 -2.88045
32 27.8012 1.53705 -2.28932
33 7.94379 31.3465 -0.14078
34 26.545 27.0118 -0.626487
35 23.8794 20.725 1.29692
36 17.7521 2.81224 4.74428
37 34.7943 27.7005 3.89717
38 30.1908 3.54347 0.129465
39 37.7582 22.556 -1.56248
40 38.5512 39.3007 2.2216
41 15.4188 10.7135 0.845208
42 38.1569 19.2672 -1.77471
43 21.4296 24.1343 -1.40178
44 20.605 23.9649 -1.10194
45 3.44398 21.2466 -3.76943
46 37.9289 8.47074 4.2848
47 27.6465 14.0619 -3.29027
48 4.90626 1.93348 3.81353
49 7.58834 35.9408 2.80833
50 5.27786 31.2839 -0.75249
51 24.5534 4.48723 3.17149
52 34.5268 7.37553 -4.16858
53 18.8417 6.06704 2.76909
54 25.5881 12.549 0.743829
55 8.88087 13.4203 -2.33461
56 14.4122 16.2031 2.65994
57 10.7013 34.5368 1.79901
58 29.9267 25.5399 2.98018
59 4.88533 34.1218 -3.65522
60 8.07999 22.9587 -0.255044
61 22.7246 36.672 -3.88004
62 0.898897 3.38025 -1.3785
63 11.9628 16.1185 0.385217
64 28.9586 29.7804 -0.87536
65 7.70858 37.8506 -1.70458
66 2.79557 18.195 -2.04065
67 24.3994 23.115 0.805196
68 1.66861 7.53541 2.86352
69 14.2151 38.8829 -0.744147
70 11.6616 5.57796 1.05968
71 19.0547 17.7512 -0.867557
72 6.06005 12.1059 2.96304
73 21.6156 28.3773 2.13649
74 8.96878 5.52925 2.5758
75 30.3769 34.3106 -2.38612
76 26.5846 4.32553 -1.36827
77 7.13315 28.4272 1.97118
78 5.32648 33.561 -1.34006
79 3.37869 2.46165 3.24957
80 39.4885 13.8105 -1.57049
81 16.0252 35.9341 3.77751
82 12.4431 12.1481 3.86306
83 11.7553 27.9506 1.27353
84 25.2154 9.70928 1.05841
85 0.957332 19.513 -4.12252
86 21.8002 12.5558 -0.198875
87 27.7561 31.6295 0.440312
88 7.4002 39.2844 -2.36824
89 8.60667 1.86077 -1.41029
90 0.613168 33.9114 0.741958
91 25.9554 20.7975 -1.02872
92 20.9361 28.5525 -0.341165
93 10.8127 39.2626 1.68106
94 17.1419 26.8111 -1.54326
95 19.2268 1.89947 -0.127381
96 7.94155 38.8016 -2.01278
97 18.3038 0.894591 0.0212896
98 5.27297 19.2649 0.00399289
99 11.7505 5.97853 1.70494
100 31.0024 19.9881 0.0489595
101 17.7085 24.5709 -0.0302747
102 23.6051 36.0051 -1.03043
103 17.9446 39.082 -0.931483
104 22.7251 6.27075 -2.68938
105 11.5317 37.7623 -0.746196
106 37.6117 21.5438 1.66311
107 19.5101 23.5587 -0.327119
108 39.8697 25.4532 -2.85782
109 39.6739 32.3782 -4.6121
110 1.71098 32.9517 0.123373
111 31.37 33.8398 2.04803
112 33.7094 3.02101 -0.0760901
113 34.3808 35.0486 -0.286434
114 30.8584 24.41 3.03722
115 26.0179 16.7491 -1.55407
116 20.6539 34.8736 3.32889
117 32.808 31.1861 0.107214
118 18.8969 7.93325 -3.75847
119 32.4113 11.7464 -0.693131
120 24.7388 31.3454 -3.69306
121 17.8862 16.9468 1.21355
122 29.3919 26.7712 -1.13228
123 7.67324 29.1738 0.577953
124 12.5739 38.5182 1.36087
125 23.2792 4.84438 3.43411
126 30.6699 35.6182 -3.86919
127 30.3684 5.80674 3.75746
128 28.674 5.11596 0.449258
129 1.00714 18.1157 3.28267
130 25.7955 11.7373 -0.0260736
131 23.0049 26.0909 -0.693028
132 17.8621 0.590965 -0.849343
133 1.03873 0.880514 0.463415
134 7.96224 34.1426 -2.03437
135 18.4484 1.67098 -0.101853
136 26.1162 4.44746 0.374294
137 20.8901 23.631 -1.53063
138 2.13702 17.2789 1.72688
139 16.2778 35.5569 3.17016
140 30.4944 38.825 0.979881
141 28.606 3.21688 3.87009
142 19.4961 17.5787 1.58305
143 20.2463 18.9328 3.736
144 3.66664 30.7818 -2.56818
145 24.3516 26.4351 0.257007
146 32.3564 11.5134 0.909837
147 38.6928 33.2023 -0.323673
148 29.7482 8.63521 1.48257
149 11.0695 14.0699 2.85039
150 11.7483 26.594 1.78158
151 26.1359 4.52047 -0.962773
152 15.5124 11.938 0.438651
153 18.9655 11.2685 2.79483
154 26.1862 39.5159 1.89119
155 38.1707 26.8389 -2.11756
156 39.7206 25.1345 -2.17024
157 18.791 2.25445 1.93143
158 12.7283 0.841596 -2.23049
159 25.6513 31.7211 -3.71633
160 8.39987 18.1499 2.03904
161 12.0005 25.8591 2.17185
162 26.2823 22.5682 2.60153
163 10.6773 9.14038 -1.61384
164 22.5472 10.4449 4.51783
165 32.3881 4.45102 1.90359
166 35.5615 3.33896 -1.23243
167 6.92904 35.8172 4.66759
168 36.4432 26.742 1.6827
169 4.16525 4.18676 1.22102
170 35.8657 34.6159 -0.267751
171 23.6995 27.1759 3.15853
172 8.81446 20.7603 1.09015
173 35.1055 29.821 3.5431
174 21.621 11.6779 1.03531
175 37.746 12.8116 -2.20801
176 24.6951 22.2858 0.620382
177 10.8099 7.36937 1.89557
178 32.8871 21.7493 1.32473
179 23.0218 12.6496 -2.35297
180 17.8643 6.93941 0.839481
181 12.668 28.3115 0.200514
182 16.0513 22.4889 2.40629
183 0.292129 19.5409 -1.71915
184 1.87053 0.242501 0.256328
185 9.74403 9.03752 -2.00352
186 23.061 35.8699 -3.74481
187 38.193 9.14567 4.79375
188 10.5748 11.7083 1.79246
189 8.44027 16.6799 -2.85822
190 23.4984 22.8506 0.444045
191 14.4544 28.1233 -2.25736
192 2.01405 0.752897 -1.08941
193 23.3447 25.9228 0.640336
194 19.0463 20.0596 1.72268
195 5.39284 19.001 2.91082
196 31.7341 4.52778 -1.08635
197 11.7548 36.4642 -0.517698
198 29.4329 16.3459 2.00006
199 18.3631 11.9803 0.463217
200 37.4603 34.8411 -1.64403
201 2.07384 13.8545 -3.85222
202 11.6048 16.599 -0.727733
203 21.4066 20.8627 2.80969
204 33.2407 25.3722 -0.677898
205 6.57367 31.0188 1.41742
206 7.76654 3.62121 0.891516
207 33.3381 1.17132 -0.569456
208 32.3461 19.4549 -1.98106
209 2.29079 37.5284 1.47949
210 17.8066 21.4605 2.99566
211 34.3216 19.3425 1.97467
212 31.1855 32.577 0.434652
213 38.8368 0.51832 -2.88017
214 28.1747 22.2998 0.311314
215 5.70097 15.1062 -0.63395
216 29.2747 28.2364 -2.68957
217 11.6453 10.8957 -1.08062
218 8.83463 13.3583 1.33161
219 24.9392 36.7446 -0.725375
220 12.818 3.92717 -4.10581
221 19.0051 20.9744 1.02917
222 38.7936 32.8161 -0.495847
223 17.2171 20.8729 -0.828687
224 4.53268 26.8953 2.21174
225 1.39577 10.0572 2.22643
226 27.2788 12.8574 3.70602
227 7.85889 8.30677 0.855312
228 15.3832 2.47071 2.75804
229 0.599936 25.6318 -1.72958
230 37.3442 38.072 -0.0912525
231 16.1903 29.1152 -3.63081
232 35.4012 34.6588 -1.14114
233 32.7164 3.86887 0.855612
234 1.67354 9.04681 3.11562
235 0.69668 9.60837 -3.22951
236 22.8647 6.31162 -3.11216
237 15.439 20.8517 1.1728
238 11.919 10.2884 0.718915
239 32.3772 13.6426 2.86216
240 16.7678 17.7817 -0.367602
241 0.855361 29.8394 0.172097
242 32.0727 39.228 -0.541991
243 29.8735 34.7956 -2.38037
244 6.97855 6.19817 -2.26189
245 14.2706 31.1597 3.81763
246 27.9636 6.2692 -0.705279
247 4.36496 3.85014 1.66288
248 6.71724 27.9336 0.251895
249 7.16418 2.05315 1.47366
250 24.2717 3.98969 1.09331
251 28.7183 5.2617 0.263947
252 28.697 12.2583 -3.87483
253 31.3369 14.4632 1.91185
254 11.3404 36.5611 2.37866
255 30.7465 24.9234 1.88162
256 3.70024 3.46518 -0.364123
257 28.9015 16.0907 1.51956
258 27.5013 2.60646 -0.842238
259 38.3735 19.0361 -1.62252
260 0.322562 5.70423 -0.138466
261 31.1351 20.6747 -1.61132
262 31.6494 37.4437 -1.50476
263 3.92584 34.7661 -4.49693
264 9.55002 21.7692 -1.28043
265 3.91336 28.1718 -0.445886
266 2.53745 15.824 -1.17786
267 11.8219 17.2361 -1.63786
268 17.6579 19.7769 2.87326
269 38.5875 35.9571 -0.30955
270 34.6518 13.1651 0.3706
271 38.8654 13.9226 -1.86772
272 20.4668 19.5842 0.61016
273 36.4132 33.6966 0.922045
274 10.6805 0.344038 0.64426
275 10.5713 33.9657 2.87148
276 31.3022 20.6544 -2.97504
277 3.82212 18.4936 -1.6767
278 7.97108 10.6871 0.0774191
279 14.8444 29.6701 2.86702
280 5.03687 34.1737 -1.94312
281 24.2054 22.9866 1.15045
282 11.9291 16.0695 -1.84971
283 24.7322 3.29648 -0.905808
284 33.61 19.3109 -1.10446
285 4.53827 31.6836 -3.41469
286 39.0647 7.94014 -0.111815
287 14.3366 16.2425 1.13082
288 5.93928 2.06743 2.37095
289 8.40204 33.8964 -0.677615
290 30.8709 27.7597 -1.38394
291 14.3838 2.91671 -0.539912
292 29.0696 20.3089 3.34773
293 18.4563 10.4858 0.312939
294 29.4247 27.6126 -0.537785
295 16.6833 14.3608 -0.425639
296 25.3069 26.5141 1.67653
297 0.971648 33.1899 1.73349
298 24.6399 3.82172 1.41801
299 18.549 28.8702 -3.29175
300 15.9419 15.1224 -1.28216
301 25.5522 26.5356 -1.33057
302 25.7136 0.474426 -2.26475
303 1.95887 17.0377 -1.04501
304 9.45277 31.7863 -2.76166
305 0.984895 22.0436 -1.76308
306 23.49 18.8352 0.25713
307 12.3741 22.5856 0.464285
308 6.12242 25.8842 2.14781
309 18.1056 38.9071 0.221959
310 15.065 21.1995 2.18933
311 23.5351 24.1161 2.45104
312 37.0393 26.7902 2.36154
313 25.3007 8.00843 3.15914
314 20.4584 39.9987 0.749643
315 4.74462 39.1266 2.10286
316 31.7808 37.2695 -4.94724
317 17.1178 29.4169 -4.35705
318 23.9497 27.6675 3.53369
319 8.40007 8.39037 3.4366
320 12.4526 17.1666 -2.16509
321 26.2794 9.30683 0.788493
322 5.03232 1.24584 0.174104
323 2.20734 39.1653 -0.320072
324 27.2121 14.1746 1.45468
325 11.6214 28.0471 -2.18354
326 14.9683 8.81116 -2.78449
327 10.2952 33.3193 -2.78861
328 13.7843 32.4094 -1.90331
329 15.7447 19.3325 0.371377
330 1.7988 13.4497 -4.27214
331 23.466 5.73868 -1.42713
332 36.4195 3.33641 -3.1113
333 31.7038 26.6051 1.05205
334 14.9949 9.72823 -1.70284
335 2.37884 36.7579 1.9573
336 23.7414 9.38398 1.57833
337 8.30016 23.3588 2.6872
338 23.6651 25.5395 0.467424
339 38.8795 33.4454 -0.791012
340 17.4153 14.4516 -0.459521
341 31.7532 24.4944 1.17452
342 17.2501 12.6522 3.62828
343 8.22 13.5376 -0.0118493
344 10.0708 2.24799 2.4239
345 3.03731 33.2326 4.10232
346 17.8165 12.3223 1.25134
347 8.91795 0.345989 -1.59976
348 12.7554 17.1375 -3.30563
349 18.6451 21.1994 0.071581
350 10.6204 12.1051 -0.371199
351 0.109337 26.6287 -0.237444
352 26.6206 24.2247 -1.80651
353 21.3188 16.989 -1.10461
354 4.99538 36.3633 1.04644
355 15.462 19.8634 2.6729
356 1.02975 38.8084 4.54101
357 8.69669 12.1893 1.46541
358 10.6352 13.7874 0.862599
359 20.3563 25.2939 2.13496
360 30.2158 25.5817 3.46377
361 31.8476 31.0633 0.270564
362 31.5299 27.958 -1.50887
363 34.6627 12.9095 2.529
364 14.6466 11.0166 0.839453
365 0.366 35.5046 2.81525
366 8.03166 0.787001 -4.17038
367 5.04472 38.3757 2.22003
368 19.3759 10.7751 0.155443
369 18.7536 10.9159 0.0263591
370 23.6619 34.8087 1.99713
371 33.2587 16.2253 -0.63186
372 21.7279 26.9355 -2.90596
373 16.6852 18.7959 2.35289
374 9.011 11.0246 1.24225
375 8.01813 7.72887 3.59865
376 37.8426 30.8847 1.33515
377 33.1423 9.80263 -4.15376
378 17.8382 6.74126 0.50117
379 6.53372 36.6191 2.85586
380 33.7332 37.249 0.363106
381 13.3302 38.0984 -0.645242
382 1.82794 14.8199 4.28887
383 19.8023 27.6053 -3.65608
384 29.6011 8.12602 0.718963
385 19.0925 28.1867 -2.14879
386 26.4947 10.6035 1.24251
387 1.92592 3.07298 3.89102
388 33.0497 30.7212 -0.231212
389 16.3352 2.38135 4.37537
390 28.8571 8.77328 1.25048
391 8.22184 9.28064 4.46981
392 26.0706 19.0966 -1.84173
393 21.146 37.6005 0.165257
394 27.2252 9.4377 0.712268
395 1.4514 13.7903 -4.84691
396 14.3871 39.3313 -3.48332
397 9.13619 16.1931 -3.24626
398 30.1857 34.7772 -4.32244
399 30.3678 10.9022 -3.59242
400 7.34833 1.41073 2.4063
401 27.5104 28.9383 -1.03255
402 37.3915 12.595 1.36647
403 8.92824 29.9458 2.86558
404 22.1825 31.7526 1.54173
405 4.63994 23.4638 -1.77422
406 19.183 7.71537 -1.02214
407 0.271963 13.3615 3.85077
408 11.7301 4.98832 -2.24743
409 29.1725 8.55989 0.828522
410 18.5097 23.1157 0.0336398
411 19.083 33.2056 1.301
412 4.16043 3.61788 -0.554389
413 7.54334 21.4572 0.196098
414 10.6097 7.0775 1.2048
415 10.1588 27.1878 1.41694
416 7.81985 34.3709 0.124701
417 2.91827 3.19044 1.43296
418 25.0983 23.8629 2.39142
419 25.1094 10.2908 -0.248684
420 26.9578 0.00547982 -2.44261
421 10.8257 11.158 -0.715953
422 9.82224 14.1924 -3.78503
423 37.0597 9.99858 3.03683
424 23.9687 19.2113 0.274007
425 21.9802 4.82707 1.02947
426 12.8197 18.19 -2.72064
427 19.5562 24.6723 0.861057
428 8.65341 4.92577 0.803909
429 38.8566 3.99323 -2.56011
430 9.39887 15.242 -2.04043
431 6.93893 8.22713 1.47301
432 14.9137 31.78 1.44368
433 27.0875 23.8682 -1.60985
434 12.5642 20.4849 2.71968
435 2.26061 30.2162 -3.88154
436 38.203 31.4022 1.56492
437 8.50239 4.38262 0.401247
438 0.224842 37.3135 -2.18197
439 38.663 19.1532 -2.01201
440 21.5506 5.78526 -1.71922
441 18.3 36.7699 0.173756
442 16.2602 14.1403 1.06236
443 23.215 26.6041 1.74288
444 14.7202 20.0845 1.58115
445 13.0078 19.9507 3.58065
446 19.8307 8.30926 -4.45846
447 12.3285 6.16455 -0.049637
448 31.3396 22.3633 -0.4465
449 15.1313 16.8169 -2.17859
450 6.86646 14.7696 -1.52986
451 32.8995 15.2757 1.85981
452 9.55756 9.50531 -3.0836
453 7.73208 16.5672 0.842883
454 36.2749 9.50088 1.39948
455 27.1615 39.7413 -4.0717
456 10.4019 11.4186 -1.14633
457 25.6248 11.7951 -2.59545
458 24.4266 18.3197 -1.40556
459 16.6065 38.0477 -0.602859
460 7.12799 1.99434 0.50438
461 10.1475 5.01984 -3.06416
462 19.1144 21.9426 0.398996
463 7.72257 34.5986 -2.942
464 28.3422 34.6806 2.67087
465 26.0638 9.54473 -1.68105
466 32.7471 25.0912 -3.06692
467 7.65877 34.2397 -3.11256
468 13.9874 31.8378 -0.960995
469 27.3729 35.0294 -2.7943
470 12.4191 15.0745 -0.0867646
471 31.6239 30.798 1.59774
472 18.7244 1.80342 1.50191
473 15.7173 37.8725 2.47425
474 8.12876 39.1611 7.0212e-05
475 35.6996 38.2324 2.01908
476 15.1327 18.7529 -0.608085
477 11.258 36.0466 -0.454225
478 29.7163 27.584 -3.17298
479 38.438 31.9524 -3.46785
480 38.0574 24.5524 -0.791764
481 32.0273 0.103049 2.23441
482 13.4352 39.5535 -2.0824
483 7.67356 37.4588 -0.999159
484 23.6182 38.8949 -1.29493
485 3.83162 35.9837 -0.46301
486 16.7378 29.2937 -1.5067
487 33.7874 31.4557 2.28834
488 39.614 8.56512 -2.26776
489 22.2807 5.77973 -3.38147
490 0.905828 6.60111 1.84062
491 18.0882 14.8347 0.0221115
492 18.5748 37.7177 3.46868
493 1.26065 30.2817 1.79435
494 8.62442 13.0963 0.520742
495 36.6531 9.24355 3.28184
496 27.1317 25.624 1.83247
497 13.8132 38.5205 0.735815
498 22.0468 12.7481 -1.56485
499 8.34831 18.8856 -4.22453
500 8.8436 9.22115 0.604642
501 32.7759 9.20943 -0.877838
502 6.16772 3.1194 -0.267274
503 23.4747 25.8934 3.12559
504 5.03779 2.68614 2.90017
505 10.2168 7.89706 -0.251063
506 30.935 25.8497 3.6385
507 24.088 12.7179 -1.24919
508 10.0981 30.9027 -0.71964
509 17.618 1.22465 1.47431
510 32.8609 10.4964 -2.37197
511 22.2887 31.1345 1.76148
512 31.332 24.6495 0.804142
513 18.7042 21.778 2.88049
514 3.32083 34.6596 -4.74711
515 14.6059 14.7891 1.58708
516 16.2528 35.7332 2.55586
517 12.4661 12.5031 1.51074
518 36.5539 3.42029 -1.89516
519 22.6407 21.9093 -2.4708
520 3.13454 2.94471 0.800875
521 39.5207 34.2717 1.53968
522 28.9891 22.7733 2.03324
523 12.4478 20.782 2.68558
524 16.554 25.0362 -0.0824707
525 11.7588 14.3519 -0.635516
526 17.9561 27.341 2.65422
527 11.806 2.57247 0.0917692
528 18.8909 7.93008 -3.39322
529 32.8331 35.9688 2.5644
530 27.2034 13.9311 1.92623
531 27.1667 39.8804 -3.89834
532 19.6769 0.163026 1.97623
533 4.55582 32.4269 4.5288
534 8.15733 27.7878 1.74125
535 32.528 7.606 -3.6761
536 38.0398 14.9078 -1.76526
537 0.447404 27.2089 -1.93916
538 19.9251 38.8092 0.586078
539 20.4172 17.2907 -0.598327
540 35.034 16.8546 1.35537
541 22.8802 24.2196 -0.224943
542 31.54 36.313 3.3811
543 7.37097 17.4727 1.239
544 38.5566 32.6392 -0.199384
545 5.7607 22.246 0.771101
546 35.6925 38.3338 2.67641
547 2.65098 12.2585 1.30859
548 38.226 2.42701 -1.67251
549 39.4072 31.6614 -2.08803
550 38.3882 30.2139 3.44456
551 33.999 6.70855 -2.68082
552 13.7877 0.756554 0.197046
553 8.78398 33.5386 -1.07975
554 13.5238 4.79315 -4.74777
555 36.311 7.33523 -1.61929
556 37.5171 15.3177 -2.93152
557 8.60306 10.2089 1.43842
558 26.5699 4.62184 -1.38914
559 31.2125 31.8017 3.8035
560 37.1265 22.6893 -1.83819
561 39.679 36.203 -0.236079
562 10.752 24.1076 0.976327
563 6.28984 10.8015 1.04727
564 8.55165 25.1014 2.68282
565 6.84949 22.5632 3.02205
566 15.7652 38.9428 1.45594
567 28.2216 14.6026 -0.763606
568 2.64564 4.14661 3.48496
569 28.3225 29.5873 1.87122
570 4.80375 26.3569 -0.567066
571 14.7604 11.2945 -1.75015
572 28.1527 27.9408 -3.1079
573 21.7583 32.1978 3.83599
574 8.91429 25.3928 -1.16233
575 13.8209 16.7884 -1.63023
576 3.51577 3.25512 2.26647
577 23.6894 34.0431 1.5955
578 10.4331 33.6775 4.78334
579 14.9727 12.7436 -3.47993
580 7.66046 26.5986 -1.04352
581 6.40735 23.3359 -2.68784
582 17.1782 20.1029 1.61758
583 20.1883 28.9738 2.34145
584 3.24133 11.8751 0.91233
585 1.86015 25.9993 3.45834
586 22.6598 22.1844 -2.06526
587 28.7199 37.5652 -1.76996
588 19.9331 35.0465 -0.0768765
589 23.2549 10.3094 2.03283
590 3.22699 8.78669 -1.74644
591 13.6333 26.9279 2.13439
592 25.9888 25.1072 -4.44054
593 5.00777 19.8969 -0.508527
594 4.47152 6.82011 -0.799072
595 31.2418 28.7583 -1.18897
596 39.0145 2.34016 -2.04568
597 26.483 9.60754 0.84227
598 1.69028 14.5417 1.17764
599 8.50966 38.5438 -1.51159
600 39.5284 37.4467 -3.8257
601 19.2853 35.5722 -0.335274
602 16.7859 17.8191 2.70793
603 16.2057 5.73394 -4.17698
604 32.7211 33.7919 -1.08278
605 19.3196 23.4804 -1.06885
606 38.8022 31.0178 1.05433
607 39.2194 13.8756 -3.58259
608 5.91565 2.17656 4.29647
609 27.5823 9.83585 2.43079
610 31.9262 26.2756 0.765214
611 38.3302 26.8945 -2.67765
612 20.9656 7.85739 -3.6422
613 17.0272 10.2486 -0.278574
614 36.8087 38.7923 -0.662677
615 31.6902 3.7197 -1.10582
616 33.9135 16.9908 -0.711153
617 26.1915 25.5565 3.85617
618 6.35463 3.25597 2.27744
619 21.66 29.289 -2.28007
620 37.4831 2.34198 1.70514
621 23.3729 19.6701 -0.0105853
622 30.8931 6.49489 3.79872
623 19.198 18.4937 1.98831
624 36.8287 7.78793 0.921405
625 12.2347 6.5133 0.424619
626 4.27124 2.50769 3.14138
627 6.71925 1.02075 0.677554
628 17.2258 5.76737 3.75498
629 26.3238 7.22198 2.88055
630 1.01752 2.68516 -1.74104
631 30.3577 2.25735 3.51002
632 37.84 33.3212 -0.428733
633 6.54189 22.3527 3.35175
634 36.3349 12.0519 -2.23677
635 30.369 24.161 3.36085
636 24.0443 13.5365 -0.212543
637 3.95918 34.3967 -4.21626
638 32.6767 28.4463 3.61503
639 28.7015 22.7531 0.898553
640 12.4524 16.7318 -0.464636
641 36.0929 8.21615 0.580333
642 12.4039 31.5489 -0.866149
643 28.3888 35.5872 -2.9882
644 11.9297 2.60341 0.0518265
645 8.31896 7.67974 2.06795
646 15.0542 3.51542 2.5913
647 8.73818 5.47966 -0.56257
648 30.5037 32.2581 1.0349
649 12.4201 11.713 1.95073
650 26.384 20.3614 -0.27213
651 29.9958 18.5672 -1.28539
652 6.04635 30.4148 1.76631
653 3.63611 38.4721 -0.843657
654 24.327 19.5564 4.34994
655 33.9077 32.0725 0.775578
656 14.252 10.1578 2.21634
657 26.7967 9.37327 2.29742
658 7.19862 24.3054 0.325011
659 5.6927 1.25727 2.00957
660 22.613 20.2796 0.448036
661 5.08861 14.1606 1.57633
662 35.7274 0.0745233 -1.61709
663 3.67726 19.7926 1.28491
664 35.2684 17.9187 1.78455
665 35.1862 34.8276 -0.670474
666 26.4939 3.73975 -0.423121
667 33.0647 28.6378 1.45588
668 9.9772 31.9525 -3.66547
669 8.75058 31.4149 -3.77491
670 34.0385 32.3251 4.2976
671 35.0445 38.435 -0.0364035
672 14.81 34.8287 -3.1162
673 37.4848 8.87961 2.3876
674 6.88342 18.5301 -2.2883
675 29.3495 13.331 -0.470318
676 3.58892 2.5569 3.43222
677 7.98878 17.8137 0.608452
678 24.749 0.812885 -3.4291
679 23.4984 24.4945 0.294023
680 24.5829 38.4941 1.88254
681 16.5148 36.2876 1.55124
682 37.0472 38.9809 -0.318525
683 20.482 25.1227 0.728418
684 4.85089 26.552 0.0731945
685 21.6127 25.2658 -2.57276
686 0.718137 38.2555 -0.107093
687 19.7132 17.2661 -0.531273
688 26.3296 7.34934 -0.285454
689 7.84937 4.93325 2.41161
690 7.18844 0.718195 2.86977
691 20.4294 33.3091 -0.331101
692 28.6864 15.3385 0.0163152
693 1.89587 22.0896 -0.0716078
694 30.728 16.6028 0.761939
695 9.78145 30.8918 -2.05362
696 17.2774 20.6746 1.12035
697 27.9292 3.79439 0.960367
698 37.9177 13.9428 -3.61467
699 0.924219 27.2941 0.304953
700 7.21431 1.08499 3.1056
701 14.1328 0.858116 -0.432478
702 9.47527 37.1145 2.26436
703 0.437008 11.8845 -1.19639
704 31.7755 38.9805 0.257833
705 6.2582 22.4982 2.47681
706 35.6419 33.474 1.49169
707 19.9308 1.41192 0.791713
708 38.5082 21.3669 1.5722
709 29.0431 15.0938 0.747237
710 18.5648 1.54309 2.34931
711 35.7914 34.8132 -0.977104
712 30.7186 26.1192 2.29784
713 34.3142 17.0649 -0.834351
714 28.0201 36.6586 -0.089167
715 36.945 31.0633 -1.1458
716 17.9088 30.8289 0.735128
717 17.5174 30.674 3.48366
718 4.731 26.6945 1.09702
719 13.1476 32.0099 -3.35643
720 10.574 19.5925 -0.43474
721 19.9404 36.2495 0.580177
722 5.07766 3.49932 0.979185
723 5.49983 38.9969 2.18912
724 23.6685 1.67432 1.79713
725 30.2076 33.1868 2.08898
726 1.34355 30.5836 0.372923
727 9.86897 23.705 4.12554
728 2.53893 33.8455 1.84378
729 18.3544 2.45563 0.993464
730 22.1761 9.91532 3.87679
731 34.5546 16.8559 0.0392988
732 23.8948 1.23179 2.51883
733 25.7275 29.9525 -2.87275
734 36.0118 7.93679 1.11229
735 16.8123 32.2373 -1.14615
736 24.0119 23.975 -0.627924
737 1.95493 36.0753 4.09649
738 21.1816 11.2924 0.294494
739 8.72767 22.3377 -3.75955
740 30.5827 19.9451 -0.479136
741 2.73035 21.3728 -0.887428
742 17.3515 18.474 0.212046
743 25.4084 23.8285 3.00465
744 34.9154 21.1573 0.657014
745 17.5034 39.115 0.449145
746 17.9909 8.17148 -2.77389
747 15.6621 22.7904 -0.121434
748 18.0337 32.7565 1.78884
749 9.50553 4.4218 1.24009
750 3.5462 31.0009 -1.63712
751 2.15918 32.9929 2.1282
752 5.78745 18.8508 1.17395
753 18.3678 20.9112 -0.295549
754 30.8016 22.8472 0.63887
755 31.9316 7.22249 -1.80847
756 14.0786 8.87725 0.194505
757 2.82304 34.0214 3.81123
758 0.523008 18.5428 0.692596
759 11.0277 27.0956 -1.81902
760 37.7769 28.9436 -2.3899
761 9.50619 16.2711 -4.43648
762 19.0027 24.3953 2.43153
763 6.37887 1.62218 1.87566
764 15.531 19.1275 0.172681
765 38.1728 19.2429 -4.44357
766 9.73044 13.0289 2.11848
767 33.0193 10.7628 -0.24247
768 7.40809 16.7959 1.5021
769 13.7351 30.7466 1.42928
770 3.62936 25.5353 -1.14726
771 8.3252 20.4089 -1.44803
772 13.7885 32.2118 -3.12869
773 33.8903 27.7999 2.26138
774 5.12983 33.1481 -4.3682
775 16.1229 8.7087 -1.24755
776 9.43023 13.0289 0.292056
777 32.9126 25.8247 -2.0877
778 34.5566 27.1975 3.10198
779 19.0358 6.55785 3.03089
780 39.6301 3.71411 -1.85861
781 14.4302 35.4599 -2.78129
782 10.1762 4.86873 -0.659346
783 9.57345 12.7123 0.935718
784 33.744 0.246 1.7104
785 19.5189 8.45681 -1.45383
786 5.82424 18.7131 3.25399
787 37.0126 6.38105 0.591262
788 5.24077 32.7846 -2.30602
789 0.167671 1.15179 -0.144481
790 9.2853 25.8911 4.27613
791 10.1005 23.0795 3.01711
792 11.7756 21.2676 -1.80156
793 22.7741 35.8948 -2.41325
794 20.7893 24.7701 1.17057
795 39.0459 2.92442 -1.46429
796 14.1959 14.7794 -0.177174
797 3.08174 28.7587 -2.22156
798 30.296 10.9952 -0.423746
799 32.0387 3.03415 -1.0116
800 34.2147 11.7629 -0.38073
801 18.6076 22.2729 1.32198
802 35.0885 23.7582 -3.19355
803 10.4544 0.942242 -0.153873
804 1.53263 19.3158 -3.4886
805 3.8783 24.7343 -2.53911
806 5.68663 26.1444 1.73744
807 28.9934 17.2276 -0.681961
808 19.324 32.8226 1.67701
809 27.4722 23.1305 4.14268
810 14.6699 31.0596 4.26231
811 36.7625 22.9013 -0.869273
812 10.2374 7.99164 -3.93593
813 7.36764 9.85162 -0.128914
814 29.3014 36.3998 -0.169132
815 25.0353 16.4244 0.565735
816 14.7472 39.6674 -3.61626
817 17.9292 31.0965 0.577854
818 7.34299 4.39084 0.443251
819 28.5688 5.25209 2.81989
820 11.0379 39.702 -0.0760977
821 15.3756 8.85287 -0.372764
822 6.43626 0.440844 1.88197
823 22.876 4.48354 4.33194
824 26.8717 12.7576 4.26726
825 35.754 2.55929 -1.54014
826 5.72585 16.765 3.32609
827 33.5582 12.1266 1.67823
828 16.3278 19.6123 3.22731
829 10.957 31.53 -1.52841
830 9.38086 13.2399 1.1779
831 22.727 38.1121 0.148377
832 32.9846 2.21361 -3.47018
833 13.9513 14.559 -1.42909
834 18.9122 8.64093 -2.25469
835 3.75244 33.7225 2.90642
836 18.2148 30.072 2.67532
837 29.7847 36.9315 -1.28715
838 17.0193 5.09559 -2.73607
839 8.10822 9.93093 1.15508
840 28.7273 16.6111 1.04728
841 24.5409 36.0916 -2.19706
842 20.9503 35.89 -0.101755
843 19.942 3.68997 -3.35925
844 3.91993 23.0098 -2.51613
845 5.57272 31.1827 -0.566442
846 5.34614 19.3458 -0.755181
847 0.498247 25.6623 -0.473829
848 26.3665 25.4648 -4.31189
849 21.9414 17.4768 -1.98624
850 33.8743 36.9761 1.40485
851 8.02519 4.23093 3.38282
852 27.8488 25.2801 3.58699
853 16.5092 18.9326 0.248128
854 7.06101 0.107994 1.83388
855 15.8142 34.4558 -4.39327
856 12.9431 31.5763 -3.72365
857 10.8876 32.2611 -1.7291
858 33.5079 30.282 -1.05372
859 11.3167 35.6259 0.777183
860 37.3686 17.0525 1.06841
861 7.79607 11.4878 0.980594
862 6.48947 25.0515 0.283884
863 15.5201 11.3749 0.665625
864 12.8161 10.2247 -1.87287
865 21.2155 28.873 0.481537
866 31.5609 0.56229 1.63457
867 30.8326 23.4496 0.582168
868 35.9428 30.9655 -2.65462
869 0.770246 19.3589 -3.40868
870 39.1844 3.10603 -1.7626
871 17.2344 24.0048 -0.803829
872 34.9762 16.3636 0.597048
873 7.26583 14.9981 1.50434
874 25.3442 13.3569 -2.98406
875 32.0426 1.9026 -4.39278
876 19.0638 23.2122 0.57677
877 36.0897 13.2382 0.342793
878 38.0941 3.91553 1.01936
879 8.06049 34.3571 -2.37949
880 32.6831 24.2386 0.15716
881 14.2597 21.5175 0.360075
882 29.677 5.13789 -0.750481
883 35.0714 28.7625 0.584471
884 39.2452 16.1028 2.8195
885 15.6877 11.4222 -1.37879
886 18.5953 19.7676 0.442104
887 2.21876 22.0899 -2.87361
888 33.4732 27.0872 0.585396
889 38.5932 6.12935 -1.4192
890 14.6548 10.8304 -0.957073
891 19.8914 24.1456 2.06847
892 25.7477 8.99236 -0.819494
893 32.4374 23.9022 0.10506
894 26.2683 26.5038 1.78243
895 36.3163 5.91632 1.71073
896 14.6552 38.4164 -1.83525
897 2.72769 13.6946 2.16134
898 24.1731 22.2347 3.44343
899 7.92771 24.3215 -0.381629
900 8.38115 0.0543229 -0.628224
901 1.1268 39.8358 -1.07741
902 5.40764 27.3132 0.109137
903 16.2696 35.7804 2.67954
904 20.3358 37.4301 1.04397
905 33.3045 37.3693 2.05119
906 19.2478 15.1312 1.94074
907 12.1288 25.8868 0.566317
908 31.4246 38.0875 -4.38976
909 9.17951 38.0113 1.31973
910 3.04189 23.9778 -1.24763
911 34.5069 3.24664 -0.352346
912 28.8909 16.6392 1.40198
913 32.5408 33.254 -2.68566
914 37.9786 27.6036 -0.362367
915 39.5559 0.55809 -1.69949
916 37.3474 18.5262 0.0105717
917 15.165 23.2358 2.7531
918 36.1996 8.3372 0.26665
919 26.5905 26.4218 2.59462
920 0.159054 19.6623 -2.47399
921 30.8773 16.2781 -1.23547
922 28.2293 20.664 1.21922
923 6.71657 26.3359 2.68577
924 32.5078 27.4145 1.3114
925 18.0495 17.135 2.51387
926 18.6684 7.97803 -3.28402
927 1.67128 30.6863 2.2548
928 32.4865 2.10229 -3.52479
929 11.9502 28.4006 -1.21355
930 8.03017 2.75386 0.649677
931 10.6167 24.3752 1.31423
932 30.4426 22.5489 -1.01881
933 19.2355 1.32103 2.04682
934 30.567 22.0277 1.26192
935 7.96829 12.5711 -0.125276
936 11.2355 19.02 -0.787889
937 25.9301 6.7075 0.895783
938 14.9148 17.6641 -3.0858
939 11.1025 1.03085 -0.98331
940 12.6407 26.2904 0.801455
941 32.7739 21.8905 1.35331
942 5.63545 18.3037 2.78034
943 12.6551 6.46564 1.46532
944 5.7845 38.3784 0.767274
945 2.38223 8.7109 1.78577
946 13.1671 21.0329 3.19397
947 14.1803 10.366 -0.224998
948 18.7353 9.11563 -1.12433
949 9.02577 8.53138 0.815235
950 4.06689 25.7516 1.17647
951 9.01683 6.93292 3.43494
952 9.81851 24.1347 3.21635
953 37.7464 20.9533 0.488378
954 10.3465 34.6406 4.17774
955 8.14636 1.43222 -3.40299
956 30.4345 14.112 1.74339
957 34.4544 18.6158 0.641349
958 6.80517 3.86317 0.148303
959 38.919 16.2132 4.52416
960 9.29744 33.941 -0.087994
961 6.62429 27.387 0.779201
962 12.7033 28.1046 -0.941262
963 10.3292 38.4151 1.80333
964 36.2728 10.2559 2.0643
965 1.1915 30.6029 1.27829
966 11.7449 11.3065 4.18839
967 19.737 39.7001 3.42574
968 38.1133 13.9739 -0.704654
969 15.6787 6.88912 2.80306
970 13.3379 38.4164 1.26631
971 16.6576 19.5171 1.0021
972 12.2428 18.5307 -3.21868
973 5.60511 19.0787 0.735625
974 39.6242 26.7863 -2.51311
975 9.25544 22.0012 -3.47658
976 8.96191 14.4105 -2.57912
977 4.84748 38.6988 0.881698
978 9.43115 33.5082 0.0222282
979 8.50003 1.61141 -1.71265
980 29.3035 14.228 -1.62558
981 6.62505 21.096 -0.025712
982 39.3297 36.3028 0.0924451
983 36.6963 22.006 -2.64854
984 9.79767 26.2896 1.43777
985 37.9026 28.2537 0.254722
986 21.3986 22.2524 1.94634
987 14.0035 8.10419 -1.87738
988 8.39926 21.2358 0.425507
989 26.3664 27.3541 1.82641
990 23.2717 19.0036 -0.221785
991 13.4202 20.7474 2.31557
992 10.0161 9.26443 -1.67645
993 11.3852 12.2937 1.30318
994 24.4096 18.3016 4.01856
995 11.9395 14.3963 -0.300471
996 35.576 23.1508 -1.67123
997 5.43006 14.2633 -0.46783
998 34.9929 37.0185 -0.0990612
999 38.8388 6.63422 -0.653871
