1000
Particles
0 4.47484 34.198 0.132219
1 28.8567 29.4162 0.377723
2 14.6011 9.45635 -3.4419
3 12.3783 4.98509 -2.22407
4 21.6299 25.1298 -0.205033
5 11.271 17.698 -1.686
6 33.1102 3.98541 -2.31295
7 31.0081 16.2656 0.952769
8 7.00866 16.1824 0.527258
9 2.13369 21.3841 -1.30754
10 23.2572 2.35428 -1.1807
11 10.2616 34.3202 1.36945
12 30.2285 29.3961 -3.63101
13 21.0021 1.37779 1.32635
14 19.6659 30.4681 -3.86622
15 17.7391 30.9824 0.755171
16 23.822 35.9926 3.3353
17 39.9688 21.0617 1.01794
18 37.4351 13.1464 0.655581
19 15.1568 30.1589 -4.27992
20 4.70445 8.34975 -3.81873
21 5.84545 4.7705 0.9939
22 3.0324 4.6915 -1.65777
23 37.2702 23.2284 -0.0882782
24 38.9496 1.29252 -1.15842
25 38.3252 36.197 1.88753
26 23.6551 32.4111 -2.62177
27 13.2741 6.89573 1.16916
28 17.121 39.8996 1.08918
29 27.3489 4.8718 -0.226703
30 11.2792 16.2346 -3.52809
31 10.4573 12.6553 1.07029
32 27.1756 0.364125 1.72714
33 8.20999 32.6847 1.68974
34 24.2917 36.1508 1.50036
35 24.2613 28.5357 3.69056
36 20.4294 9.13201 1.38724
37 30.9512 33.9811 0.543351
38 38.2143 4.74906 -4.06959
39 39.7662 21.1648 0.984338
40 0.62292 34.2708 -0.546115
41 10.4224 10.4584 2.32753
42 33.7363 17.8865 0.173647
43 22.6733 20.9221 -0.592986
44 18.2436 27.3863 0.442958
45 38.1214 17.4399 -0.698352
46 1.14884 5.50201 1.35918
47 25.2195 15.385 0.809458
48 1.50264 0.579915 0.85361
49 5.74017 1.29841 -2.91133
50 3.68413 34.3602 1.65633
51 24.0297 6.27312 2.34556
52 31.1233 10.6674 -0.595688
53 17.1219 4.70803 -0.774662
54 27.8436 7.63691 -0.462612
55 10.5072 12.6744 0.402874
56 9.14292 12.8309 3.27504
57 9.14401 34.9643 -0.647619
58 36.669 23.0051 -0.0612094
59 5.15623 33.2768 -1.44258
60 7.44373 30.076 0.480258
61 23.6179 36.4181 2.88638
62 37.9539 4.60603 -1.21652
63 11.6147 16.1168 -2.19804
64 34.6422 31.1586 -3.6974
65 10.006 0.597695 1.25379
66 3.08304 19.209 0.948939
67 19.2179 24.3681 0.0788704
68 38.4171 6.99553 0.27215
69 9.02961 35.6238 1.23386
70 11.7074 39.9346 1.10001
71 13.9107 15.8492 -2.92213
72 8.51673 9.72377 -0.70929
73 19.2468 33.4614 0.629782
74 10.05 4.36108 1.25317
75 25.208 33.5859 -1.63629
76 30.1402 3.44904 4.09049
77 12.258 28.3587 -2.38393
78 0.5807 26.8315 4.03093
79 6.55459 1.41145 -1.68213
80 36.2928 15.0022 -1.14036
81 12.2646 36.0034 3.69687
82 18.4204 14.217 -3.78753
83 15.7076 29.9223 -1.7155
84 23.0218 6.47231 1.02616
85 2.42842 18.5397 1.86359
86 18.5394 12.6109 -4.10675
87 24.4412 35.7354 3.67291
88 11.7486 3.85086 3.89597
89 8.7769 3.81663 0.874791
90 38.721 28.5864 1.27127
91 25.3807 14.2382 1.64475
92 16.5666 28.4289 -1.99552
93 9.77196 0.627498 3.04084
94 15.6348 26.164 -0.788548
95 19.6677 4.59611 1.51095
96 8.01093 38.1623 -1.27079
97 23.4597 0.901266 1.02345
98 4.72933 21.64 0.179004
99 13.123 4.70184 1.05992
100 37.9871 17.9237 -0.937236
101 11.1086 19.7399 -3.84635
102 28.0272 39.5525 -0.325536
103 16.8553 1.98533 1.52382
104 18.5623 11.5065 -2.20588
105 15.496 0.540891 -1.52754
106 32.6862 23.1904 0.357376
107 16.8336 24.29 -3.17618
108 38.0943 18.5451 -2.21439
109 38.9497 28.8927 0.963102
110 39.152 29.3895 1.70297
111 31.5943 1.67229 -0.818909
112 36.1824 5.1821 -1.63065
113 36.8818 34.6162 1.33113
114 32.2989 20.9486 -1.43118
115 23.5382 15.9069 0.435294
116 17.2963 33.1135 -3.60642
117 25.5877 29.9824 2.74045
118 21.271 2.27224 0.874811
119 32.2878 8.92178 -2.29515
120 25.7856 30.077 3.58257
121 15.3539 20.4241 3.81871
122 25.9326 31.8701 2.94272
123 14.1515 26.7724 -0.955935
124 17.581 0.993671 -1.78175
125 20.4817 7.8567 1.20705
126 29.0782 35.2483 1.26561
127 33.8719 7.05134 -0.486582
128 26.0114 3.87275 -1.56338
129 35.8958 15.4189 -2.21749
130 22.14 13.4399 0.917188
131 17.4993 28.0151 -0.391875
132 16.5517 39.4083 0.162817
133 39.1566 0.301548 0.718493
134 9.59908 35.5882 1.61322
135 15.0742 1.76936 -1.58232
136 28.436 4.26808 -1.24628
137 30.2159 19.4215 1.2472
138 5.29351 16.3545 -1.84777
139 15.2553 33.6049 1.79386
140 28.7976 3.86562 1.50947
141 27.6583 1.56929 -2.80563
142 19.771 13.2146 -1.63823
143 18.8061 22.4439 1.33838
144 32.4345 28.4752 -2.58281
145 23.2043 28.6015 1.12677
146 4.07978 13.5477 -0.942886
147 32.659 27.5029 -1.51551
148 29.5379 6.27066 -2.84747
149 14.3779 13.7317 -0.9986
150 11.2805 26.7297 0.836713
151 26.6323 2.99902 -2.55679
152 23.4088 8.723 2.66017
153 13.4951 9.03604 -3.01324
154 27.2917 1.12829 2.42572
155 1.27056 22.8342 -3.71302
156 0.789642 22.6754 -3.59289
157 13.7591 2.73275 -1.39922
158 11.7562 10.8697 -3.24735
159 18.9914 32.5311 2.58796
160 9.5281 25.8553 1.64009
161 10.5392 22.3246 -2.97339
162 25.9873 27.388 -1.46889
163 12.8777 16.455 -0.124048
164 22.9457 9.13688 -1.64599
165 33.7393 5.73661 -0.227334
166 36.3253 3.25698 2.98275
167 3.79595 34.3322 -0.544561
168 37.6998 27.8565 0.736905
169 1.02417 5.15316 1.47498
170 30.0488 36.1154 0.613263
171 19.1682 31.0217 -0.8689
172 9.425 15.1191 2.97674
173 32.479 36.306 -1.78612
174 25.5284 4.4522 -1.64094
175 37.7007 11.9874 1.51128
176 28.9179 20.7541 2.41619
177 9.84666 4.03404 1.32094
178 39.1398 25.5269 -3.37386
179 19.8818 12.6276 -2.77677
180 20.8156 4.58921 0.801258
181 13.9811 29.5883 2.34385
182 17.6778 21.7457 4.20906
183 38.9187 19.5013 2.47205
184 39.3223 39.2867 1.24892
185 14.1992 10.7643 1.3518
186 21.0412 0.242595 1.87366
187 29.358 4.16563 -0.694864
188 18.2288 11.1973 2.02609
189 9.24651 17.9839 -0.397757
190 26.3084 19.6634 1.0101
191 12.0084 19.9903 3.93765
192 5.8984 34.9396 -1.58642
193 20.8006 29.8191 2.75048
194 21.3913 27.2021 0.844236
195 4.43583 21.5148 3.03602
196 31.8971 4.98597 2.06193
197 11.1217 39.1881 0.424786
198 32.368 29.0016 -2.91405
199 19.9176 13.3464 -3.66298
200 34.2813 37.9305 -2.74381
201 5.20465 15.5455 -1.92185
202 13.6155 15.4678 -0.64026
203 21.2893 20.6911 1.20594
204 34.0496 27.2369 2.21798
205 7.53968 30.8602 0.229605
206 6.1862 1.60996 -2.77547
207 37.3594 2.19463 -1.26258
208 34.5491 18.6572 -2.64312
209 0.14558 3.40548 -0.471471
210 28.2151 28.8227 0.0899681
211 28.1461 17.7528 3.52815
212 29.1874 35.3432 0.948187
213 37.6414 38.8789 -0.0184576
214 31.5388 27.57 -3.0868
215 7.91666 15.6129 -2.14772
216 32.1982 29.7112 -4.24569
217 13.5499 2.31593 1.12482
218 6.52606 15.6134 0.957665
219 23.874 0.386815 -0.156241
220 14.1531 8.03085 -0.696566
221 20.9624 24.7563 -0.678643
222 38.8889 27.38 2.3216
223 12.106 25.2344 2.57406
224 3.87934 30.4681 -3.52471
225 1.13024 6.21576 2.49073
226 25.0473 19.7331 2.69138
227 8.30833 9.2181 -2.62135
228 17.4995 38.0705 0.860889
229 6.4101 27.9582 3.13513
230 27.1438 31.8306 1.75469
231 14.5694 30.3309 -3.01189
232 34.6037 34.4128 0.596696
233 29.5432 5.9977 -2.31976
234 34.4299 6.37416 3.73825
235 4.77693 14.5725 3.02521
236 22.2962 9.56584 -1.97094
237 17.1787 26.3639 -3.60383
238 12.2924 11.2832 -4.50196
239 37.4774 8.69852 0.505148
240 19.6172 13.7096 -2.0994
241 37.4273 24.1077 -0.666377
242 29.0188 8.21837 -0.0814945
243 27.691 35.1506 -0.945849
244 2.08388 4.18522 -3.33693
245 15.7203 29.7389 -2.82913
246 23.6744 5.396 2.71414
247 6.193 1.43883 -3.98516
248 11.5301 24.4032 0.185356
249 9.8174 38.5832 -1.95938
250 25.9719 5.53488 2.02426
251 26.613 1.76376 2.98713
252 25.9084 16.9927 -3.99184
253 36.3737 12.6199 4.14947
254 11.0654 37.5198 0.0244436
255 29.4444 15.8683 -2.45048
256 0.86723 0.305027 0.478086
257 24.0101 17.5008 2.21094
258 30.3191 5.70262 -0.988238
259 33.4153 24.7072 -0.105523
260 38.9257 5.87532 -0.514291
261 33.9657 19.421 -0.331888
262 27.041 36.5198 -0.22451
263 0.529916 21.7671 -1.11566
264 12.2681 12.2859 2.07596
265 1.20863 32.7999 -1.26022
266 6.20109 17.0713 -0.641725
267 5.46319 16.8846 -2.05261
268 16.7782 16.7921 -2.03541
269 0.730923 34.0026 0.371565
270 26.9855 15.3646 0.0217539
271 4.48607 15.7862 4.21421
272 22.4262 21.7116 -2.442
273 39.0888 25.2472 -2.833
274 7.2771 33.7927 -1.92221
275 9.88817 32.7176 1.63594
276 28.9318 19.8928 0.43174
277 3.18206 22.6258 -1.54166
278 3.00201 15.6192 -0.228166
279 16.2906 28.4906 -2.00696
280 4.07041 30.7055 -1.75285
281 27.1799 29.4695 0.699682
282 7.94886 16.129 -1.07842
283 27.3441 2.67432 -2.13413
284 32.505 14.3868 -0.740369
285 8.42698 39.168 0.459043
286 33.6838 6.25137 -3.90312
287 15.0766 14.0435 -3.05345
288 0.83236 5.09154 1.38852
289 7.61109 37.8599 2.33223
290 36.6155 26.1489 -2.73027
291 13.8756 6.68154 2.03981
292 28.4522 20.3228 1.99588
293 20.9272 8.30264 0.936698
294 30.5686 32.9246 1.68805
295 15.8593 12.2757 -2.74262
296 21.5245 26.9199 -1.11779
297 0.151028 28.0241 -0.865961
298 20.7989 3.47372 0.455227
299 16.1777 21.5441 -0.734776
300 17.1106 10.0439 -1.65929
301 27.1463 33.5052 0.534283
302 28.3654 3.64476 0.500494
303 0.917748 14.3463 0.760009
304 9.7858 32.4408 2.12989
305 3.88345 27.1576 -1.03187
306 22.0655 17.8828 -1.42951
307 13.8816 15.0691 -1.00311
308 10.0609 33.9971 -0.15626
309 22.4098 39.6738 -1.3133
310 11.1164 15.5402 -2.75638
311 24.9617 24.015 -0.105974
312 1.24929 28.0435 -1.78884
313 27.6637 4.68846 0.537759
314 23.8535 0.706348 1.97261
315 38.6184 35.2289 0.608135
316 26.6453 2.91543 -2.59688
317 18.2966 31.2751 -0.528899
318 25.0671 32.846 -1.22041
319 5.94281 4.43044 1.91281
320 10.6389 16.1704 -4.28244
321 33.9419 7.76868 -1.3526
322 3.17145 37.1923 -3.41759
323 1.66475 33.2421 -1.40849
324 23.4975 18.1942 -0.377033
325 13.2404 28.2543 2.82997
326 9.17799 4.4438 -0.298404
327 9.96943 34.4397 1.92241
328 12.3732 30.6105 -1.89383
329 15.887 21.3894 2.50544
330 2.90323 8.41637 1.41765
331 23.6973 2.01661 -4.0049
332 34.4888 2.59053 0.100749
333 30.8238 22.4853 -1.50552
334 8.63634 8.44953 0.317457
335 4.12785 36.6007 1.31
336 23.1275 3.30582 -4.00961
337 10.9795 23.7138 -0.0995208
338 23.9454 28.6468 1.20217
339 0.801865 32.3176 -3.83365
340 18.5056 11.0732 1.20074
341 0.906709 25.9026 -2.48067
342 19.828 8.94514 -0.252536
343 4.12039 15.6806 2.11947
344 16.1649 4.5426 -3.06417
345 1.00393 34.3093 1.82412
346 15.0135 11.7185 1.46822
347 7.77981 36.6351 3.15011
348 8.91126 8.68875 -2.24465
349 19.5939 23.7299 -2.23334
350 7.96378 16.9417 -2.24203
351 0.221774 27.0059 2.60086
352 29.0408 17.9721 3.89681
353 22.8861 14.3802 0.469881
354 38.5668 34.7539 2.78141
355 14.2901 23.7318 -0.0604459
356 1.47094 31.3904 -0.969175
357 10.602 3.82407 -1.40806
358 10.8276 12.9958 2.1484
359 24.9439 25.501 -2.57358
360 38.4221 28.5642 -0.395141
361 25.9645 35.4279 0.347053
362 34.6473 25.6689 1.50144
363 31.0455 12.7245 -2.05196
364 14.5319 12.8901 -0.379296
365 39.9703 34.7001 -1.51628
366 9.89758 38.423 -1.87138
367 1.54178 1.32477 0.114233
368 22.8165 8.62371 -1.79721
369 17.8598 10.645 3.94646
370 21.9483 35.7536 -0.00394004
371 34.898 13.8759 4.53908
372 20.8373 25.9802 -2.01724
373 12.3622 20.2313 1.89469
374 13.2068 15.8288 -2.18636
375 6.02917 11.9308 3.72537
376 35.5629 23.9699 0.548392
377 30.6513 10.0855 -0.351859
378 20.3875 6.59871 2.20125
379 39.991 34.3117 -2.2901
380 34.5658 0.994463 2.49254
381 15.8594 39.9014 0.0518634
382 1.70219 9.30675 2.56215
383 17.4186 20.7949 1.7285
384 35.3 4.57925 4.55224
385 20.1753 29.9913 2.06307
386 25.879 13.5195 3.1788
387 1.97663 3.29956 -2.43435
388 29.9992 34.776 2.07793
389 19.0643 35.2224 -3.47841
390 25.2489 7.48108 -1.98082
391 11.9885 11.3842 -1.01784
392 22.021 15.451 -3.10781
393 18.5598 2.08101 -0.693537
394 29.9409 10.8867 -2.46578
395 36.1929 9.98268 -3.71154
396 22.7242 0.828899 2.16548
397 6.51605 17.8574 1.58275
398 23.6233 35.7603 2.28949
399 28.4199 11.3763 3.78242
400 0.619876 4.81921 4.06729
401 29.5134 27.7346 -2.5632
402 4.80933 6.6131 -1.16879
403 9.68778 27.5999 2.66735
404 21.272 34.5188 -0.0204999
405 5.046 20.3606 0.00212784
406 18.2473 7.14369 -0.993928
407 2.18197 8.70963 0.753476
408 13.6394 7.037 1.31162
409 33.7432 6.11881 -1.2903
410 22.0803 28.5725 3.56791
411 16.9637 39.5584 -1.67127
412 0.0510846 5.16177 3.36829
413 1.1925 19.7623 -2.44105
414 12.2554 4.57092 -1.77777
415 10.6809 24.6324 3.99578
416 38.8777 32.0771 -1.68624
417 4.45658 2.6651 1.67128
418 29.5644 23.7067 1.98824
419 29.0623 10.3325 0.139773
420 27.5637 4.79746 0.733816
421 4.67929 14.0303 2.69846
422 8.65568 14.5855 -4.23218
423 1.87456 8.2152 0.315141
424 23.2468 14.7509 -1.75776
425 24.1167 36.4564 3.72734
426 12.0221 10.5134 -1.55281
427 23.8433 29.39 1.37432
428 12.0075 2.08205 1.40702
429 34.6736 3.87237 -2.48901
430 8.77007 13.6284 2.42866
431 5.84576 11.7842 2.54986
432 13.4872 34.6457 1.68905
433 24.2001 18.9215 1.68534
434 12.0808 24.5391 3.31684
435 39.0198 28.3337 2.33277
436 2.33814 28.1292 0.0822057
437 9.4722 2.75409 3.57093
438 1.34888 3.9622 -3.63242
439 32.8486 21.3251 2.50885
440 22.4248 7.95866 0.689536
441 21.7518 36.4964 0.527984
442 22.4063 7.04076 2.09855
443 15.9838 24.0638 1.56879
444 13.7519 28.0301 3.39396
445 11.2663 17.9114 -0.944401
446 23.7912 1.74149 -1.40193
447 11.0733 7.83865 -1.49074
448 30.7442 18.8136 2.45434
449 17.6276 19.4951 -0.403191
450 8.069 22.1593 -2.64847
451 34.8082 19.5128 0.804423
452 11.9823 4.21002 -4.0399
453 6.69731 16.2464 -0.570478
454 28.6644 8.90898 0.856643
455 22.0561 39.9116 -1.1623
456 17.3294 20.4376 1.54331
457 26.3708 9.99246 -0.860104
458 22.105 20.749 0.782667
459 15.9431 0.71692 0.212788
460 10.4656 1.03809 1.56406
461 12.3625 2.78353 1.89926
462 26.6421 24.5006 0.752047
463 39.6234 32.6082 -2.72244
464 26.5034 35.565 -1.90465
465 29.4535 6.68411 -1.20364
466 32.9991 23.703 3.64659
467 9.54496 34.3857 2.41453
468 11.0157 35.2883 2.65961
469 27.8067 0.28758 2.89714
470 7.52548 12.8179 0.114489
471 29.136 28.5509 1.28631
472 15.8712 4.32193 -3.42528
473 17.8849 0.671955 1.02686
474 5.23413 39.5583 -1.64066
475 31.6063 37.0638 -0.177676
476 16.4081 16.7698 -0.931622
477 12.3026 36.7041 0.915545
478 32.2339 25.7868 -3.4675
479 39.3373 27.26 2.90598
480 2.67012 27.1249 -0.597237
481 31.0229 6.52922 1.50308
482 16.3684 0.367415 -0.701967
483 7.13173 36.1542 3.49172
484 21.5595 0.37237 0.990621
485 4.42062 1.83567 4.497
486 10.8917 23.7493 0.703175
487 25.9547 27.4027 -1.56327
488 0.416178 10.4685 -3.33473
489 20.4748 4.53067 1.44192
490 37.9427 2.87051 0.598504
491 18.2282 11.3536 -1.57734
492 18.3316 38.0728 -0.278109
493 38.7625 32.3143 0.953178
494 7.41544 19.4832 2.26398
495 34.4751 6.30599 3.23193
496 22.3871 37.1295 -1.20792
497 16.1923 30.7517 -1.38785
498 18.6438 9.86667 -1.94609
499 7.63529 16.3209 -1.85365
500 10.3385 5.67961 -1.08911
501 35.085 6.81943 2.6669
502 9.26636 2.92506 2.36458
503 24.3516 29.4251 0.611548
504 1.81932 3.71592 -2.39094
505 11.3769 4.94588 2.42834
506 24.8812 27.3831 0.654855
507 19.3695 12.7255 -3.64477
508 7.74902 29.4846 0.734339
509 20.7527 38.9982 -1.73081
510 39.9981 6.103 3.73471
511 24.4205 33.1987 -1.92039
512 37.2911 25.234 1.05616
513 13.4175 25.1455 0.427622
514 6.63655 37.0568 -0.953953
515 13.3103 15.4726 -0.970317
516 18.0781 37.1238 2.01594
517 12.9964 17.2641 -1.721
518 39.4331 39.4719 3.04096
519 19.097 24.5362 -3.11502
520 5.87061 11.5741 2.68593
521 3.27367 1.44596 -2.65133
522 31.0985 20.3803 -1.66691
523 13.0959 15.8476 -0.0267814
524 14.5484 24.9452 -0.580809
525 12.199 11.5369 -0.961168
526 17.2674 27.9517 -0.563005
527 10.786 11.5544 1.8782
528 21.0549 5.75078 1.24448
529 31.4354 34.3352 -1.15276
530 29.528 17.8546 -1.55655
531 23.2528 36.9227 -0.82361
532 22.1217 39.5922 0.00851977
533 38.647 36.8232 1.84845
534 5.73154 30.7635 4.36747
535 27.8514 5.60301 1.04977
536 34.5173 11.7462 -0.426133
537 4.84852 23.1494 -2.24844
538 20.7748 38.9054 0.238231
539 19.7126 13.6537 -0.760059
540 35.7862 22.0227 1.84244
541 20.9368 25.8413 -0.408111
542 29.7407 35.0744 1.25497
543 8.33316 17.5106 -0.26679
544 34.0949 29.2163 1.3522
545 1.51486 19.2768 2.84256
546 30.9668 4.24137 3.666
547 5.60911 12.4244 -1.46379
548 35.0169 36.1263 2.10534
549 0.956865 25.535 -2.43952
550 37.6766 28.9115 0.467263
551 39.703 10.3635 -2.60453
552 13.6764 0.252121 3.84607
553 14.6619 30.7992 -1.16591
554 15.4566 7.14337 0.295721
555 35.22 9.88312 1.76454
556 1.99685 17.6281 3.47499
557 15.3143 13.2522 -0.817759
558 29.2558 2.4268 -0.0564825
559 31.5535 32.6428 1.43606
560 39.4416 23.9826 -0.919633
561 3.64875 33.5284 -0.456692
562 9.45313 27.0052 -0.132629
563 5.24083 10.8426 2.35867
564 4.23819 25.9081 1.03401
565 10.4784 23.8358 0.816572
566 14.2876 0.307941 2.17037
567 34.625 18.0846 -2.00375
568 0.615283 8.33038 1.54089
569 29.3353 29.1695 0.744009
570 5.19766 30.8644 3.24913
571 16.5434 9.70672 -1.3609
572 29.6286 23.8482 0.803968
573 18.0744 31.8394 -3.25848
574 9.1689 28.4706 0.767241
575 8.00419 13.4216 0.964336
576 5.5426 5.50222 0.93376
577 20.7692 0.308169 1.7015
578 11.1826 35.0127 3.36671
579 11.7126 15.1013 -1.56097
580 6.02514 27.8246 4.0452
581 3.50006 29.2322 1.5467
582 15.7817 21.6523 -0.711093
583 21.4607 27.4126 1.56511
584 6.90887 9.35769 0.3513
585 2.69562 22.2086 -2.87093
586 25.759 29.2279 -4.20492
587 29.2242 34.9068 2.51844
588 17.5841 0.0762576 1.95877
589 26.6495 12.8024 1.30127
590 8.17072 2.85361 0.793436
591 15.8357 28.9276 -1.36
592 22.7829 20.1104 2.19342
593 5.55502 21.7826 0.104893
594 7.52079 2.83574 0.654368
595 36.5246 25.3594 0.515354
596 0.769869 39.7382 -1.32981
597 27.029 8.25172 0.983788
598 38.0055 13.7 -0.914704
599 14.7831 1.81534 0.735589
600 1.13507 38.8749 -2.43522
601 20.6934 38.9752 -1.88059
602 19.1838 21.8443 1.41904
603 23.426 3.20897 -2.92538
604 28.5612 27.8219 -1.45986
605 20.9166 27.0941 -0.0845716
606 39.2577 30.3993 -0.0104564
607 36.8803 12.1512 3.63197
608 7.41756 2.95715 1.35137
609 25.3359 11.2875 -2.17396
610 33.147 30.6604 -1.61135
611 30.6157 28.8574 -2.30169
612 19.4947 7.92651 0.461265
613 18.941 9.67556 1.9221
614 39.9656 34.9059 -3.0418
615 36.8382 3.65562 3.5163
616 33.3952 18.6852 -0.239833
617 21.1728 31.0097 1.40952
618 5.77978 2.71112 -4.90371
619 29.0302 29.3541 -0.652182
620 37.5061 1.84294 -2.3959
621 28.1917 20.456 2.89996
622 26.4848 8.80991 1.47231
623 14.3832 24.7724 1.5296
624 7.19104 14.5772 -0.474729
625 11.0107 3.83147 -0.369637
626 3.03569 0.468694 0.344457
627 7.6226 36.0569 3.30702
628 19.9168 8.52257 1.32794
629 27.344 5.4214 -0.769478
630 3.22666 3.64183 2.12879
631 31.8852 1.00442 0.517618
632 30.6152 29.163 -0.783504
633 9.43054 19.0712 0.70137
634 1.19152 9.62023 -2.49871
635 30.8946 27.5617 -1.55676
636 16.4249 13.9669 -0.217158
637 10.5679 35.227 1.47585
638 25.3955 29.5486 2.17724
639 28.271 25.3469 -0.803093
640 8.17247 24.0061 0.721314
641 34.1711 7.17553 3.39532
642 10.0865 38.5145 -2.64797
643 28.1738 37.1422 0.225975
644 8.20765 37.1006 1.6995
645 3.61137 6.18001 -0.573011
646 17.586 3.3367 2.01774
647 14.1532 7.27456 0.551903
648 26.7994 35.1587 0.317741
649 9.06968 13.8098 1.93366
650 30.1067 20.915 -1.90861
651 31.3222 25.8832 -1.43255
652 4.49793 27.757 -3.25449
653 7.77742 37.2491 2.7643
654 28.6738 18.8712 1.69084
655 26.4362 29.6224 4.87027
656 15.7613 9.14699 2.7994
657 32.0182 9.40624 0.064382
658 5.43776 27.239 -2.64522
659 38.8697 6.3643 -2.40697
660 26.0083 19.3515 0.535582
661 4.72009 18.1337 -0.510637
662 35.072 39.0954 3.15569
663 2.14428 17.3437 0.265899
664 33.3398 24.9927 0.358502
665 36.8034 27.8213 0.677625
666 27.4237 2.37444 -4.37746
667 39.9921 27.2385 2.44841
668 6.32343 36.0463 0.0364277
669 3.98214 1.46318 2.42086
670 33.1669 26.2676 -1.28164
671 35.7161 39.2056 0.921046
672 21.4013 39.6751 0.573228
673 2.64589 12.8287 -1.19893
674 10.9225 24.2726 -1.01023
675 24.282 9.80253 2.37737
676 0.087838 5.85941 2.44367
677 7.25419 17.1922 -0.818238
678 24.5614 1.06953 -0.19973
679 20.0485 27.6988 -1.26093
680 21.3353 36.7975 1.48285
681 16.4228 35.0072 0.326323
682 36.6271 37.9679 -2.48367
683 20.8349 30.7748 1.24817
684 9.04156 24.4671 -2.26638
685 29.3544 20.1309 0.609337
686 37.3869 30.0743 1.30855
687 23.0945 19.1961 3.57031
688 18.3534 11.886 -3.50935
689 6.03368 4.73317 -0.602197
690 11.5499 4.19664 2.78797
691 13.4934 28.4624 4.67722
692 24.5192 18.4565 1.157
693 4.61564 24.8676 -2.50996
694 23.3874 16.5899 -1.90535
695 12.6671 31.0551 -1.49892
696 16.5966 17.7345 -0.383837
697 23.0007 39.7278 -0.33103
698 6.99915 9.68909 0.514446
699 37.3211 25.509 0.601469
700 7.93835 36.6758 3.00543
701 12.8175 3.66617 -4.48392
702 7.60354 0.817381 -3.85553
703 2.47858 5.6542 -2.5067
704 27.7731 1.21689 1.77515
705 7.48222 21.784 0.53843
706 33.4859 36.6368 1.35732
707 23.6068 1.67642 -3.90731
708 37.4316 17.4986 -2.27173
709 26.2875 15.6847 0.218323
710 10.1728 38.1671 -1.20932
711 39.2558 31.1072 -1.25252
712 24.6447 26.6678 3.55752
713 35.371 17.7331 0.0200345
714 27.4185 0.149695 2.29672
715 37.7415 25.2876 0.397105
716 19.1834 33.4455 -2.36983
717 15.5018 30.2424 -2.76629
718 1.7292 27.2443 -0.315383
719 4.87455 30.0402 -1.92542
720 21.8752 18.2086 -4.03227
721 19.782 32.1994 -1.30111
722 1.05419 5.36597 2.5262
723 8.84538 35.89 2.37573
724 13.9729 3.12752 1.12107
725 27.4367 39.8412 0.269432
726 0.819153 25.5891 -1.63198
727 9.76572 15.8397 4.06015
728 1.52175 31.8902 -2.15838
729 14.4955 4.28242 -4.33824
730 22.3783 11.7424 2.5392
731 36.9586 15.5694 -0.315888
732 23.5566 1.79858 -2.42421
733 20.8286 32.1783 -0.9186
734 39.1136 6.48741 -2.26561
735 13.6427 37.8767 -1.5763
736 23.8667 29.0661 3.30211
737 5.48809 32.3656 -1.3447
738 22.5485 9.83445 -3.96208
739 14.2155 14.0628 -0.330809
740 32.4094 20.1113 -0.62862
741 3.36096 26.7126 -2.07862
742 11.2101 19.8448 -1.00482
743 24.2535 22.0677 -0.917114
744 31.8668 21.5093 2.01589
745 23.3911 0.751097 1.51262
746 23.5906 8.39246 -3.65685
747 19.2535 28.1077 -1.4018
748 13.5602 29.1046 2.86448
749 12.6384 4.32608 3.34728
750 4.10008 30.2595 -1.18976
751 39.2086 32.2668 -1.34359
752 9.35242 26.062 3.02422
753 24.2433 27.6111 3.74629
754 26.5848 28.0221 0.204829
755 35.882 5.39664 -2.79698
756 14.2603 10.2243 0.759976
757 4.38448 32.3679 -0.483903
758 5.52907 16.2591 -0.4663
759 15.1799 26.9104 -2.10819
760 3.28665 26.8253 -2.64786
761 4.61391 16.1698 -1.97762
762 22.1766 27.6002 0.757488
763 2.42259 5.57419 -2.80839
764 10.2728 18.9691 1.56877
765 1.49908 18.799 -3.19809
766 9.08067 11.6303 3.31719
767 36.822 8.2854 0.50758
768 4.56936 24.0511 -1.90636
769 11.8816 35.3365 1.7307
770 4.40505 29.8708 -1.38205
771 12.2982 16.0397 -1.88355
772 10.1486 32.0185 1.21658
773 32.8745 25.5482 -2.20122
774 38.4125 29.5166 1.16701
775 13.2859 2.87986 -2.18434
776 11.3019 10.4872 1.56886
777 36.2039 23.8063 -0.353459
778 34.7245 26.1746 0.400798
779 20.1672 5.63495 1.07349
780 34.5167 7.83567 -3.19873
781 15.9588 37.7243 1.28813
782 4.03472 10.0687 1.69766
783 13.6158 20.6807 0.989978
784 29.6853 3.04277 0.953848
785 20.1549 18.8878 1.30452
786 6.75845 21.8356 0.357122
787 38.8322 5.18871 -3.56161
788 2.63981 26.6054 -2.35158
789 4.38843 6.88967 -1.75391
790 15.1732 30.0005 -3.00809
791 8.44256 22.4531 1.03615
792 9.95018 21.8072 0.926437
793 15.7742 33.3 -3.11585
794 20.7809 28.056 -1.3086
795 2.54257 3.39227 -2.63018
796 16.6027 12.9184 -0.917822
797 38.5193 37.7018 2.47654
798 34.1824 12.1811 2.42278
799 27.1629 13.2537 0.840057
800 0.56002 13.9831 1.22141
801 18.0947 24.057 -1.90802
802 31.6365 27.6203 -0.787739
803 14.933 0.647899 1.78317
804 1.66134 14.7129 -0.963657
805 1.65276 30.1961 -0.607133
806 7.79022 33.3207 1.30622
807 27.9397 14.0937 3.09079
808 14.5155 28.9039 2.92854
809 29.0206 27.8019 -2.45185
810 20.1582 31.4542 -0.85906
811 39.3825 19.6976 0.851353
812 12.6914 2.0107 1.36269
813 4.68675 14.4134 0.37061
814 27.5941 0.577885 0.00948834
815 25.1046 20.0245 2.23735
816 18.1721 37.2924 -1.31828
817 14.8902 33.9734 3.06107
818 0.0403064 5.58027 1.12671
819 34.1264 5.59092 -1.81018
820 12.9753 38.5988 -1.58141
821 13.8041 8.27158 -2.68539
822 6.14336 32.9446 -0.94565
823 19.4882 2.2446 -2.92522
824 32.4386 13.8159 1.84521
825 39.1068 2.90888 -1.60117
826 3.84373 16.3688 1.43814
827 36.9922 3.95622 2.43086
828 16.8206 17.9398 -3.23832
829 12.2509 2.44393 0.743555
830 13.1416 14.1243 -0.885475
831 23.319 37.2193 2.99962
832 35.2627 38.0309 -3.42531
833 18.2342 19.4968 1.17303
834 16.916 4.92692 -2.80474
835 39.7021 28.4146 -0.200524
836 19.5761 30.2032 -0.324339
837 28.9179 35.1494 -0.200869
838 15.3163 1.71308 0.184458
839 12.6567 10.6682 -1.06628
840 21.1431 14.5233 1.31403
841 25.1618 35.9441 2.99609
842 21.7474 36.9141 1.71696
843 19.8493 1.40977 -1.54131
844 7.19443 26.4756 3.34615
845 7.42655 34.0521 1.30978
846 5.39955 16.3214 -2.62228
847 0.659394 24.4336 -0.848868
848 20.5972 30.3565 4.71101
849 22.8567 16.3544 -3.46858
850 33.5993 32.8537 1.6227
851 3.47904 0.701761 2.58644
852 32.7178 25.9871 -1.39693
853 19.6224 17.4829 -3.17524
854 8.83549 36.7816 2.28448
855 8.26635 36.341 0.755108
856 13.6799 28.6599 2.89569
857 14.4583 35.0312 0.146063
858 28.1808 32.6468 1.92866
859 6.80885 36.3409 2.07868
860 1.91753 18.146 3.90045
861 7.47127 18.4696 2.95947
862 7.43849 22.9722 -2.83316
863 12.565 11.4538 -3.53124
864 7.20318 8.03356 -0.333791
865 18.8658 30.9445 -1.16992
866 30.4008 1.31655 -1.35102
867 25.5132 29.1904 3.8344
868 35.2749 34.9866 1.22422
869 36.7458 19.0343 1.35963
870 38.6967 5.5798 -4.43287
871 12.0421 24.7731 2.78917
872 33.2022 15.8785 2.24347
873 7.38662 19.2325 2.67006
874 21.9927 14.3867 0.831925
875 29.7017 3.7887 0.926916
876 24.3711 29.5109 1.34331
877 4.51583 15.6069 1.00429
878 37.6318 5.02785 -2.89871
879 14.2818 37.0114 2.34683
880 30.5139 25.548 2.20064
881 11.1907 20.2472 -3.66505
882 25.1477 6.51955 1.92475
883 37.2061 24.4279 -0.854167
884 32.5503 14.2487 1.15454
885 13.119 5.72482 -0.887622
886 16.4606 20.9841 2.69756
887 8.02622 22.7021 0.761995
888 29.4526 33.9237 -0.39794
889 0.419189 8.99992 -1.68162
890 13.6625 8.19437 -1.53659
891 22.5445 29.8792 2.48831
892 26.0578 14.8335 0.0948615
893 34.2559 19.3428 -1.46885
894 24.7483 29.0785 0.332312
895 34.515 9.96692 1.05711
896 15.0481 0.762592 -1.23094
897 3.74263 17.8577 2.74324
898 23.6403 20.5124 -0.435731
899 14.1336 25.8783 1.62277
900 15.1836 39.4987 -0.467264
901 0.937611 39.869 1.10773
902 39.8434 32.7469 -1.33834
903 22.3113 38.778 0.556572
904 18.892 37.7979 -0.377712
905 34.6522 38.1928 -3.83916
906 19.8205 7.65064 2.94801
907 16.4356 23.8915 1.58827
908 28.2194 4.65913 0.0888329
909 8.50974 36.6878 1.62495
910 9.89144 22.8849 -0.953348
911 35.4374 39.9051 2.4869
912 26.3547 20.8139 -0.448504
913 31.1971 33.3076 1.67503
914 38.2297 18.4085 -2.09563
915 38.7025 39.2652 2.44879
916 38.6736 14.9824 0.150967
917 12.6044 26.0753 -2.45247
918 30.3263 6.66691 -4.62816
919 18.9545 30.9874 -3.23988
920 38.845 20.5911 2.34976
921 32.3809 18.2881 3.57293
922 22.8783 13.1684 -2.73653
923 7.98722 24.0354 -2.91849
924 34.0087 21.94 1.39888
925 13.864 17.0325 -4.14711
926 14.7511 8.68507 1.51795
927 38.1478 30.9035 1.32907
928 31.9849 0.590577 -2.363
929 11.4131 27.6467 0.355662
930 7.02095 4.64532 1.83271
931 15.1275 27.3705 -0.841698
932 32.4232 20.0733 -1.85805
933 22.1323 38.8322 0.598287
934 26.068 15.2936 -1.3776
935 9.08449 7.64128 1.85515
936 18.4805 22.8311 1.85826
937 13.6817 3.08962 -1.95543
938 11.8954 19.8711 -4.67626
939 9.2292 3.63732 0.651265
940 11.272 18.9974 -2.85778
941 36.3739 22.3171 -1.22861
942 5.7464 21.7751 1.172
943 9.10988 3.87658 3.00324
944 14.6947 4.15699 -3.56158
945 6.23002 11.8574 1.22936
946 12.8289 14.5302 -1.36608
947 8.25392 10.1244 -2.85241
948 19.8818 2.35459 -1.90345
949 6.86417 11.7297 1.34266
950 12.8107 29.6337 1.91943
951 12.0983 5.20622 -1.10959
952 10.2355 20.2436 0.493333
953 36.8852 23.2043 0.65389
954 12.8671 26.9782 0.234796
955 6.95864 0.361013 -2.96711
956 20.0377 12.4561 -2.69998
957 36.2666 19.2358 -0.894803
958 0.0930009 6.16104 3.61317
959 35.0925 19.2648 -1.77469
960 13.8662 29.1274 3.27637
961 1.32859 29.1579 -1.28691
962 14.7662 30.8019 -2.14243
963 8.52153 36.9366 2.22236
964 2.27661 9.3615 2.6832
965 0.482154 28.886 -0.296531
966 11.6438 14.4462 -1.1182
967 17.9164 36.7434 0.678
968 39.1109 15.843 1.09104
969 18.645 3.53697 -2.45302
970 15.3292 0.30415 1.21593
971 13.4077 20.2837 0.64789
972 17.5019 21.9107 2.04983
973 39.6356 18.0237 1.89802
974 0.807614 27.7553 -1.63789
975 14.6842 23.8567 -0.290547
976 7.90723 16.944 -0.765646
977 6.04704 4.74798 1.66929
978 7.94013 35.7386 0.637079
979 9.62942 1.53222 2.02299
980 33.8934 3.91485 -3.05097
981 7.79495 23.0019 -2.24321
982 0.902971 37.1809 -0.822651
983 35.1427 18.9213 -1.04508
984 13.3051 27.3387 -1.29813
985 2.20092 27.4239 -2.69594
986 19.1174 23.3607 -0.757387
987 10.7149 10.9576 3.59373
988 10.0006 19.8239 2.10568
989 23.535 34.2929 2.77337
990 23.0688 24.6318 0.917829
991 10.0873 16.7225 4.00682
992 12.1263 2.9728 0.458892
993 16.2286 9.08393 3.36764
994 21.5328 18.9194 -1.50814
995 23.5555 7.62924 -4.15994
996 2.93787 18.4203 3.22681
997 5.51818 16.6766 -1.95578
998 0.179174 30.2782 2.53152
999 36.5214 3.94036 2.79033
