1000
Particles
0 39.6797 2.90709 -0.631917
1 32.3696 19.2431 0.868911
2 21.7582 4.97558 3.41206
3 9.50934 39.9801 -1.4842
4 12.4248 17.8428 -0.0545815
5 24.9605 5.39088 -1.39723
6 29.2037 2.15097 -1.40099
7 35.7233 15.9751 -0.758692
8 5.18851 28.515 1.8501
9 32.5104 24.2422 1.85664
10 25.9772 32.7297 2.89346
11 5.68701 33.5585 -0.194268
12 36.3906 25.9512 1.97738
13 39.7822 6.42265 -2.10543
14 29.2225 15.9393 2.56209
15 32.0847 32.0331 0.725515
16 23.1169 33.3194 0.8531
17 31.989 11.2014 -1.79056
18 33.0867 16.5526 -3.8613
19 16.4652 19.0059 0.265056
20 7.18568 15.2529 0.742921
21 36.7038 39.2513 -1.07476
22 35.1409 22.8716 -0.529943
23 28.7837 15.5977 3.26197
24 33.6206 9.57525 -0.311092
25 3.89983 33.1451 -3.3385
26 21.0955 28.9666 2.45255
27 14.0972 16.5814 2.8453
28 5.47587 33.669 -1.73472
29 29.678 10.3913 -4.38563
30 20.2369 24.3706 3.87801
31 11.4697 16.6843 -1.8971
32 18.8557 11.087 -1.5111
33 8.49181 1.79667 -0.231972
34 22.6522 15.4069 2.66491
35 25.989 38.8171 2.0396
36 15.109 37.9347 -3.12826
37 38.8266 25.4873 3.5656
38 27.9858 38.5789 0.968956
39 29.5634 14.5909 -0.461008
40 30.9718 35.0118 -2.22263
41 19.1932 15.7915 -2.0453
42 33.01 22.3413 0.684205
43 27.3692 36.2736 0.631089
44 21.6107 23.3521 -0.132927
45 4.44606 28.508 1.56289
46 3.154 10.4614 -1.15096
47 36.8909 4.45508 -1.9707
48 1.72147 36.1994 -0.389821
49 7.71094 30.647 1.69981
50 38.6272 1.86863 1.52736
51 14.9042 3.25985 -0.756709
52 34.2242 9.52638 -0.41002
53 15.2317 9.28684 -1.35826
54 37.1417 26.4948 0.188361
55 36.8947 18.3545 1.61015
56 28.1787 8.22648 -0.55104
57 4.64118 33.6991 0.264861
58 36.9553 18.2434 -0.16229
59 4.2558 32.6002 -2.09246
60 7.84029 28.7665 0.0456276
61 14.7146 25.9896 0.261565
62 29.3334 1.88989 -2.15031
63 11.8973 15.383 -0.380802
64 37.7424 29.5593 1.79078
65 15.6406 39.6565 -2.0046
66 9.99339 19.3616 -1.94031
67 25.0501 23.0049 -1.28047
68 10.8137 4.98433 2.189
69 13.4012 3.92173 -0.874556
70 4.55844 36.0975 0.635975
71 13.4378 7.90539 -2.2685
72 5.64783 15.7179 1.44934
73 19.7768 28.636 -2.11407
74 7.00729 2.86909 -1.54755
75 0.363549 35.2244 -2.68574
76 20.3981 8.96669 -3.41486
77 9.90691 24.7615 -3.0574
78 38.5567 29.4343 3.07881
79 37.8173 5.67681 -2.55001
80 37.9643 5.03968 -0.914667
81 5.08317 25.2443 -2.33911
82 11.0353 9.00444 0.424465
83 16.7858 24.6681 4.44232
84 21.8112 16.9023 -4.25079
85 0.048302 19.3796 0.0962884
86 19.4726 5.08145 0.673037
87 20.3413 37.7789 -2.45967
88 1.46622 38.5709 -1.12178
89 3.89142 37.0698 2.21637
90 33.6791 34.9479 2.70726
91 20.2778 12.6511 4.21466
92 17.6779 19.0997 -0.0718449
93 19.7532 8.57807 -1.5844
94 15.3412 14.9394 2.08815
95 22.0283 4.44712 1.53044
96 13.3683 29.7578 -1.03172
97 22.6581 34.1369 0.961347
98 0.885937 23.4272 1.14914
99 8.06406 35.3533 3.38006
100 31.3222 14.3704 2.20588
101 18.7648 22.5807 1.60964
102 21.3471 32.9792 -2.24013
103 12.0701 0.652603 3.89804
104 27.0213 4.05339 1.83834
105 22.1544 29.435 1.32558
106 34.9451 11.665 -1.35411
107 19.1028 21.7052 1.53762
108 23.122 12.3217 2.03321
109 35.4513 31.4148 2.42522
110 13.0754 39.8682 0.894616
111 5.56149 33.4594 -2.21848
112 32.6366 37.7854 1.29125
113 32.1747 22.1444 -0.184652
114 1.14859 25.3096 0.905431
115 31.4828 20.1634 -0.621837
116 25.1482 28.8901 2.50477
117 21.1559 32.2067 -0.432905
118 24.7248 1.68668 -1.43678
119 36.6233 19.3363 -0.675976
120 33.0654 33.8422 4.13277
121 27.6279 12.6964 0.00660669
122 37.204 14.1452 1.99498
123 5.08502 23.3879 1.02105
124 14.9262 37.3743 -1.00904
125 25.8273 37.075 2.30394
126 26.6785 22.1489 -1.03406
127 39.9676 0.80943 -1.06121
128 32.7101 10.6409 -0.903041
129 1.76309 11.6713 2.45802
130 34.5526 3.9658 -0.023679
131 30.5648 29.283 -2.97422
132 23.1689 35.31 2.70394
133 31.3443 31.5299 0.257315
134 9.26339 30.7867 -2.0179
135 15.6593 2.11201 -2.7974
136 29.5263 6.36581 0.437752
137 31.52 33.5149 -1.32483
138 10.1029 24.8009 -2.90482
139 15.5348 1.70701 -2.60803
140 18.9543 30.9478 2.86808
141 36.5863 29.2816 3.48979
142 25.1384 36.8759 1.60688
143 17.5674 28.0233 2.18969
144 7.4912 26.2496 -2.19102
145 30.3958 20.2411 0.675618
146 33.5182 9.49923 -0.671806
147 36.0041 36.9617 1.03381
148 38.3136 10.0542 -0.106871
149 16.7832 25.6379 2.70055
150 18.2598 13.4924 -0.442901
151 36.0018 34.8098 -1.11186
152 17.9719 11.5196 2.618
153 20.5253 1.69667 1.61124
154 26.0676 36.0119 2.34416
155 31.2004 30.7795 -3.38741
156 37.0454 26.3115 0.364671
157 16.7938 16.2934 -0.110943
158 17.5285 27.9421 3.15687
159 12.92 26.257 -1.35628
160 5.35902 14.1977 2.17249
161 11.5427 20.4738 4.71031
162 24.9954 35.4153 -1.03845
163 8.58735 2.98576 -3.18473
164 12.0304 0.0308237 4.11725
165 26.7015 7.09325 -2.01808
166 34.3445 9.36915 -2.48822
167 10.46 0.783616 -2.50592
168 34.7212 22.1273 1.96968
169 3.82478 35.6884 -0.308805
170 38.0922 34.4595 0.446999
171 21.4967 37.3689 0.991699
172 36.2162 22.9963 -1.21322
173 22.9256 31.693 3.85052
174 12.5056 34.9535 -1.21293
175 2.72636 9.62501 -0.501934
176 24.3543 24.2766 1.06439
177 17.8334 7.97036 -0.254176
178 22.1486 15.5407 3.60374
179 28.8782 9.09544 -0.339789
180 14.1687 11.2236 2.57993
181 34.6438 31.1411 -0.500536
182 19.3747 12.7483 2.87807
183 3.67442 19.5985 -1.27307
184 27.1856 38.4422 0.898076
185 16.1585 11.8116 -1.15395
186 26.7415 4.92664 1.74579
187 7.32654 39.3938 2.64541
188 21.7973 19.2711 0.898199
189 11.2113 24.6906 -2.63618
190 27.7381 24.6658 1.9089
191 9.84386 30.4384 -0.429899
192 34.4697 4.06018 -0.283844
193 28.9468 17.7995 -2.1953
194 15.2195 27.7073 0.0820257
195 15.6857 17.8239 -4.84433
196 26.32 35.3441 3.75474
197 18.3097 38.451 0.996745
198 30.1801 18.8308 -0.774365
199 13.2303 13.4479 1.05459
200 35.5299 37.0424 1.44199
201 35.6027 20.303 0.940876
202 17.0341 19.9302 0.294858
203 28.0642 15.0496 2.20064
204 32.5365 32.2675 1.31591
205 35.056 32.9718 3.56554
206 17.0127 3.78571 -3.91053
207 38.634 29.823 4.68043
208 31.2519 28.5298 -1.42192
209 6.55119 34.6808 3.83681
210 7.20497 25.5795 1.22767
211 34.0304 21.6834 0.556428
212 1.00901 32.9564 -3.37976
213 2.37172 7.40448 -1.35036
214 36.0115 25.4606 3.50179
215 37.2252 22.6259 -0.188257
216 30.6298 20.6537 2.36621
217 6.05174 9.18532 0.354197
218 15.2453 17.5306 -1.88629
219 27.1303 5.72162 -1.65709
220 16.5825 3.6585 -3.49198
221 23.5432 9.65221 -2.73746
222 36.7504 28.065 -1.07302
223 18.5708 36.4557 -3.41478
224 5.59392 30.1617 -2.08023
225 30.9886 9.81549 -0.978536
226 1.40579 22.1634 3.72621
227 8.35599 3.43652 -0.478272
228 20.5467 9.01047 -0.298863
229 35.9655 20.0388 -2.24831
230 29.9699 8.13458 -1.22449
231 16.637 19.8929 0.673123
232 32.2542 10.9071 0.379137
233 38.6708 10.9589 3.40034
234 6.78191 39.8145 2.31295
235 1.21977 8.57368 -2.2514
236 8.23545 1.28594 -0.410031
237 11.4403 24.4836 -1.27403
238 11.7385 10.1127 1.71063
239 36.0616 13.9672 -2.18273
240 23.7173 23.5389 -2.28008
241 21.8984 29.2217 1.10809
242 0.0107603 5.82186 -0.700871
243 26.9536 36.1516 1.02821
244 2.26804 19.5662 0.913942
245 19.4076 4.11441 -0.981208
246 33.584 10.5318 -2.63683
247 5.58367 3.6862 0.462209
248 0.926783 21.299 4.51595
249 18.917 31.5858 0.768124
250 10.7339 0.713865 -4.9601
251 38.6153 8.93119 0.722227
252 32.8878 19.9055 1.5176
253 28.4503 11.5609 -0.120166
254 38.0964 34.8752 1.79631
255 26.8576 25.5825 1.75836
256 1.41845 6.91752 -2.76373
257 30.5564 15.7904 0.812934
258 32.7614 35.142 1.46197
259 31.2084 15.0726 0.24264
260 6.9499 10.3293 3.56933
261 26.3998 21.6 1.16994
262 27.5789 33.6326 4.37894
263 39.7339 3.84617 -0.183265
264 4.5442 29.5724 -0.761102
265 2.89381 18.9049 -2.47992
266 37.6815 10.1426 0.747948
267 4.07044 24.8642 2.31648
268 1.37569 27.0072 -0.566414
269 21.6596 37.1915 0.494001
270 3.06951 10.2362 1.10219
271 32.8937 11.2511 -0.586574
272 21.6933 16.1395 1.89814
273 26.6784 34.3278 2.25783
274 8.98708 4.6356 -0.978654
275 3.93392 18.7125 -4.70388
276 29.4397 20.4433 -0.946686
277 7.66152 27.4525 -3.4119
278 7.16624 10.0753 1.34849
279 2.13875 22.3407 1.08951
280 38.9049 20.4249 -1.75999
281 23.8002 13.5357 -1.72183
282 11.7689 17.7516 -0.230221
283 20.0755 38.1197 -1.43881
284 30.9375 22.6481 -1.14694
285 33.7289 35.632 3.7856
286 34.6531 8.31881 1.17363
287 7.30577 18.4887 2.29922
288 8.05406 36.6109 1.73302
289 15.2566 30.1976 1.728
290 36.9378 24.9617 3.2516
291 17.5619 14.3822 -2.85114
292 38.5377 25.424 2.11222
293 6.58845 3.07879 -2.28244
294 30.075 29.4031 -0.547019
295 14.4644 11.3274 1.63581
296 26.9746 23.3435 1.51089
297 0.140317 27.3442 -2.12928
298 23.2546 34.5294 0.759306
299 17.9123 33.2567 0.240308
300 28.4885 8.27167 -0.964883
301 32.0269 23.0195 1.49238
302 16.9993 38.4583 1.83066
303 6.75633 28.5547 1.50797
304 10.495 23.6114 2.29122
305 6.66719 25.038 2.02307
306 32.2126 11.6996 -0.742292
307 10.1965 16.3965 -1.51479
308 1.1012 18.8596 -1.38567
309 11.4231 36.9842 3.27551
310 17.5699 22.0811 -2.10299
311 25.8251 7.17092 1.40672
312 37.7723 37.1221 3.35279
313 33.4393 0.283359 0.217399
314 14.5351 2.27437 -2.0459
315 38.0759 29.105 2.79197
316 36.3867 34.6051 -4.3387
317 32.1042 31.908 -1.63254
318 22.4112 19.4679 0.662094
319 1.32009 36.8759 -2.08045
320 1.09621 23.9429 2.68573
321 30.7332 4.1958 -1.91094
322 3.65778 35.4587 2.64857
323 18.0345 35.9539 -2.2371
324 29.2991 13.7064 -0.441376
325 7.66918 25.4647 1.57902
326 1.22687 7.55426 0.317799
327 16.5621 39.4918 -2.66308
328 16.3583 26.0472 -0.765878
329 39.6827 20.3946 -0.933533
330 3.3058 10.4751 0.679252
331 11.2043 37.6018 3.70997
332 31.5937 13.193 3.62863
333 18.464 19.3351 -0.210737
334 9.90999 9.13775 2.02061
335 10.41 39.3285 0.900023
336 19.7574 36.8609 -2.47722
337 5.10051 17.4986 -0.332795
338 14.0182 27.968 -2.74465
339 0.751272 33.1126 -0.203054
340 5.57108 25.5628 -3.08251
341 31.1672 31.5097 -0.963254
342 10.1436 11.5593 -4.56588
343 11.9346 13.9611 -1.06337
344 12.9595 38.2874 -3.62276
345 38.4425 26.8871 3.58274
346 17.3234 7.14548 2.27649
347 6.47566 37.6789 -0.228847
348 8.24875 22.2492 -0.0367049
349 12.424 16.9665 0.29489
350 9.52919 12.8553 0.927577
351 7.76201 22.999 0.113248
352 26.3044 22.4399 1.11676
353 27.2194 4.69988 2.84556
354 33.8883 38.6591 -1.14438
355 21.4029 24.832 -1.0697
356 28.406 29.2503 -1.62084
357 12.9386 25.9471 -1.49496
358 13.0385 16.1685 -1.3836
359 33.7957 28.6133 -4.07656
360 32.1455 26.1249 -3.30519
361 28.1889 30.8324 3.41056
362 37.9644 24.9236 1.07185
363 39.0749 6.8978 -3.65381
364 8.92056 12.278 2.72744
365 5.2126 2.1972 3.10404
366 12.8221 5.90999 1.20839
367 11.1264 38.0885 1.92196
368 27.5114 6.47552 -0.384799
369 17.9764 32.4288 -0.743011
370 18.7896 26.9124 4.08755
371 24.4885 22.0893 -2.2181
372 26.0331 26.983 -0.212139
373 10.428 7.88792 2.73073
374 13.1951 17.8309 1.2008
375 13.8926 12.6487 -3.89501
376 2.02228 31.0214 -0.346208
377 4.13711 9.99068 -0.785429
378 10.8002 5.07742 2.55955
379 31.6514 31.6632 0.0590366
380 37.426 28.7692 0.45132
381 11.6949 33.2075 2.32481
382 0.860449 15.825 1.1076
383 16.2317 34.6368 -0.848109
384 23.7586 0.700014 -1.51602
385 19.9007 14.9505 -2.38635
386 21.6588 8.62383 -1.80949
387 9.05639 2.74753 -1.07658
388 31.2565 22.7766 -1.44012
389 4.21163 6.97641 3.90102
390 30.9641 28.5788 -0.147109
391 16.0354 12.9537 3.08381
392 23.4861 28.039 -2.20001
393 19.4876 11.9572 1.27854
394 31.4701 37.3938 0.317823
395 34.2901 17.1765 -3.36061
396 2.25507 4.76096 0.987252
397 5.77401 3.39514 0.985913
398 3.10882 33.1114 -2.59975
399 39.0245 18.8708 2.44658
400 3.82882 36.8173 1.57453
401 22.8521 37.4267 0.194983
402 33.3758 10.6325 -3.11633
403 1.95438 27.3962 -0.727148
404 25.7587 30.056 1.5168
405 1.96375 23.6549 0.673256
406 26.1702 1.69294 1.27545
407 38.8575 37.7366 3.35654
408 7.95721 13.1252 -2.55752
409 15.3205 6.53552 1.49969
410 24.4005 23.031 -2.10163
411 19.3093 21.6303 1.67919
412 1.94632 6.52614 -1.10863
413 18.059 11.7484 -1.07762
414 4.47644 14.258 -0.677507
415 12.8531 27.3224 -2.64906
416 26.1963 34.4561 4.59637
417 3.11506 5.49273 0.970018
418 31.0647 28.1426 -2.50696
419 22.8775 12.9638 -1.18531
420 20.8332 38.9879 0.118619
421 4.08662 14.7403 -0.901715
422 11.1975 9.27525 2.66269
423 31.1505 9.12761 -1.96073
424 26.6846 20.647 -0.540545
425 21.8916 39.3603 0.880384
426 10.3711 23.5564 1.86855
427 16.4086 19.5294 -0.021924
428 0.509552 7.15826 -0.861487
429 4.7028 9.9814 0.801984
430 20.5654 16.4209 2.64035
431 10.6409 9.53909 3.63271
432 17.8225 36.4231 -2.14675
433 30.522 25.5463 1.32714
434 4.6405 23.6854 3.65894
435 27.5446 37.651 1.64216
436 0.633106 22.541 0.84519
437 11.2937 36.4913 1.86335
438 9.18043 21.7062 -0.207335
439 33.7522 20.7929 -1.82528
440 27.0694 39.6882 -1.49075
441 8.70563 4.21953 -1.50973
442 14.3349 25.964 1.36636
443 20.0651 17.2166 0.542477
444 8.82113 16.8397 2.96319
445 5.09336 23.2041 1.22641
446 19.5625 9.69838 -3.90979
447 1.652 10.6743 -0.806527
448 33.5493 26.7369 1.27879
449 14.1152 16.0513 2.32637
450 11.6189 21.0498 3.15295
451 36.4793 12.0792 -1.99896
452 17.7888 12.1154 -0.645676
453 5.45206 33.1025 -0.399188
454 35.1895 10.8897 -1.26806
455 32.7331 5.1991 -0.365755
456 10.0436 8.8788 1.94959
457 23.2637 20.7237 -0.679934
458 35.1054 18.2589 3.69658
459 9.98245 8.08207 0.364837
460 10.7198 1.27622 -1.9608
461 10.3087 39.3182 -0.465308
462 26.7152 14.1346 -1.26076
463 1.33219 33.3118 -2.79905
464 33.7087 20.9042 -1.96303
465 30.2587 14.031 2.98839
466 33.4152 22.7474 -2.09815
467 3.50331 38.2238 -3.30073
468 28.832 36.7622 -3.26883
469 16.7342 27.2851 -1.00409
470 10.7141 13.7804 -4.14646
471 37.2329 17.4003 -0.782125
472 14.215 15.6089 2.56323
473 11.3355 3.73322 1.6784
474 5.53635 36.1494 -0.608816
475 30.7445 6.55025 -4.02941
476 21.7448 30.7505 -0.469441
477 14.7321 31.912 -0.11811
478 33.7054 17.3819 -4.33034
479 4.97724 25.7963 -2.38704
480 32.2453 16.8739 -1.2111
481 25.1299 35.1717 0.684367
482 6.12708 29.5226 -0.671201
483 13.5892 30.558 -0.77139
484 9.31648 35.3838 -0.54723
485 5.91195 39.9214 3.13469
486 21.5344 26.4205 -2.60332
487 30.4326 29.6532 0.317692
488 33.7959 10.2018 -0.458618
489 19.3422 4.17669 -2.171
490 2.73337 5.9053 -0.45057
491 16.7741 13.4769 -1.37642
492 26.1219 0.998853 -0.67751
493 4.16394 26.1791 -0.640284
494 8.3721 19.0624 1.59518
495 30.1404 14.684 0.922042
496 35.3964 18.3303 2.99577
497 4.24826 30.4249 0.464536
498 19.6013 17.7728 0.034699
499 5.91717 15.5599 2.15852
500 4.18192 14.0846 -1.86651
501 27.526 18.5702 0.520963
502 3.71082 2.21161 -2.88325
503 14.8255 27.2183 1.0791
504 39.2978 31.9929 2.38624
505 6.55202 3.35595 -2.70515
506 27.7303 25.477 0.901706
507 23.1031 7.22845 -1.00993
508 1.46708 28.1643 -1.98021
509 29.4149 1.23711 -3.70188
510 31.0915 2.64746 1.04592
511 22.3309 30.6718 2.71704
512 0.322957 33.8592 -1.27144
513 18.8796 36.4619 -1.65458
514 11.2012 25.2853 -2.59109
515 18.6784 14.9186 0.159539
516 20.9079 2.62583 0.703685
517 10.8466 8.67166 2.84786
518 17.9529 18.6709 -1.72726
519 20.3704 13.886 0.904902
520 34.4954 10.3642 -0.260751
521 35.9302 30.9453 2.51301
522 20.5094 21.8084 1.92783
523 11.8606 20.6162 3.37209
524 4.08309 23.6706 1.34602
525 9.14226 12.3823 2.12224
526 0.530708 20.9896 -3.60563
527 13.6842 4.32068 -1.81677
528 20.4105 7.74567 -1.41412
529 31.5504 3.85235 2.81959
530 37.8784 8.83038 -2.0543
531 26.7243 10.323 -1.34947
532 20.6538 35.4841 2.33287
533 25.6727 29.5542 2.59705
534 14.0345 27.2994 -0.107099
535 9.33054 1.8376 1.75044
536 32.3325 18.6558 -1.17928
537 39.5516 19.0153 2.03176
538 1.53428 38.5106 -0.152723
539 3.56577 3.78444 1.88171
540 30.2146 27.3296 3.69788
541 25.1785 21.7278 -1.25762
542 1.80711 29.163 1.80545
543 14.2465 15.3783 0.798397
544 8.43535 1.99928 1.95135
545 12.6909 21.3594 -2.45555
546 38.9693 35.6765 -1.93031
547 4.1749 19.0325 3.37951
548 38.8895 32.5277 -1.48225
549 2.93476 23.4498 0.408928
550 6.38173 33.9363 -0.0134905
551 19.7122 18.8792 -0.251943
552 39.4115 8.88266 -1.23601
553 20.1185 23.2095 1.08085
554 16.0931 7.06005 0.638694
555 37.2283 17.6463 0.0941454
556 30.9713 18.729 0.243303
557 7.98879 25.2568 -0.950603
558 32.3882 0.185489 0.912424
559 25.5604 31.7478 0.698359
560 31.0206 24.0865 1.79662
561 10.9243 21.3773 1.416
562 5.31037 23.3446 0.699728
563 2.36971 17.8234 0.72046
564 15.7271 21.9988 -1.56907
565 37.7534 15.518 2.21285
566 18.5701 35.3919 -1.74674
567 32.9927 11.8446 -1.28156
568 38.0696 7.07296 -0.110087
569 2.9012 19.12 2.86542
570 5.79536 24.6189 1.97532
571 19.1514 11.5518 3.4997
572 0.506437 33.2562 -2.93288
573 18.8609 2.93532 0.489004
574 15.8701 19.1869 -0.351291
575 17.295 20.0186 0.586346
576 37.9625 3.84634 0.336136
577 26.0158 29.6095 1.88667
578 2.95322 36.5039 0.643854
579 7.67405 9.02948 2.76912
580 5.90696 30.7699 -2.72256
581 5.89443 29.3654 -1.33545
582 25.3714 27.769 4.23634
583 25.5237 38.6363 1.41367
584 34.4021 9.93199 -1.75827
585 6.06299 16.3734 2.22277
586 26.8119 20.4328 -0.203024
587 34.6725 31.9901 1.41636
588 19.7662 35.9895 0.372294
589 26.7073 21.7393 1.57439
590 8.57318 2.95254 -2.77702
591 0.898882 20.4976 -1.57746
592 31.3922 26.8768 -1.43663
593 17.3526 26.1223 -0.325563
594 9.99441 2.61974 -0.515596
595 23.1031 20.4044 -0.756627
596 33.6196 35.1307 1.66273
597 33.3312 8.99082 -0.654307
598 33.9831 12.5788 2.12337
599 15.843 34.036 -3.44944
600 5.85912 39.5596 -4.41324
601 18.5741 33.505 0.57896
602 4.15328 18.6372 2.31003
603 16.7062 20.1568 -2.20272
604 36.071 26.5772 0.399918
605 6.87997 2.00507 0.854608
606 1.78275 26.8236 -2.23148
607 3.42694 10.6111 -0.754703
608 3.85248 2.6025 -4.31519
609 23.5633 36.2674 -1.31294
610 36.1537 26.2836 3.50689
611 0.311671 24.067 1.9146
612 19.8168 12.5004 2.4793
613 25.7103 12.5537 0.980552
614 38.6465 8.04008 -1.74847
615 33.9257 7.04294 0.749774
616 34.4172 16.9681 -3.21554
617 22.8878 33.7137 1.23965
618 37.3324 4.33981 1.68498
619 25.3701 33.4983 0.252495
620 32.6368 31.7333 0.870034
621 29.8493 14.2558 -0.201624
622 11.0414 0.775031 -4.48334
623 19.3657 12.5306 2.12114
624 31.2332 39.7699 0.796642
625 17.4202 10.5629 3.33208
626 6.2277 39.6718 2.94722
627 3.67758 33.9199 -2.66009
628 20.686 13.2598 3.02929
629 29.9806 0.780775 -4.11991
630 35.4059 29.388 -3.99367
631 31.9086 37.8609 1.29859
632 30.3179 31.7015 1.57963
633 33.3258 23.5109 -0.199282
634 37.8337 37.7531 1.89499
635 26.0462 28.9612 0.0546398
636 20.5275 8.57357 -0.921182
637 1.13425 23.4839 -1.1227
638 37.793 23.6209 0.746474
639 33.1767 4.66233 0.446974
640 3.74991 17.7774 3.50595
641 22.4314 38.7299 0.477437
642 15.8508 39.5998 -1.40738
643 26.0555 28.4847 0.474864
644 11.2688 6.21566 0.577374
645 5.50917 9.45919 0.871821
646 10.2641 11.3651 -4.19074
647 8.61172 18.3643 -0.687565
648 33.0659 35.8929 1.30854
649 23.624 26.2276 -2.81369
650 29.7367 13.1714 -0.837251
651 24.8397 18.7442 -2.11778
652 39.7239 38.6475 -3.77578
653 11.1957 0.0371679 2.8272
654 21.325 15.3581 1.00415
655 32.3912 32.475 0.108048
656 12.0375 13.8745 -2.80441
657 20.3824 4.75746 1.58357
658 8.78896 27.5152 -2.27884
659 28.702 1.99292 -1.38016
660 29.4136 14.9983 2.25216
661 37.5481 15.9695 1.43288
662 29.1838 30.6247 0.399112
663 17.9423 22.5893 -1.70551
664 31.8328 16.1105 -1.58509
665 33.2789 37.3841 0.566194
666 29.0364 1.22209 -1.9458
667 35.4094 31.8278 3.06509
668 7.96001 36.0089 3.59162
669 16.881 28.8089 2.31296
670 38.251 26.2249 1.40707
671 24.0023 35.9872 -0.424737
672 15.3632 27.9367 1.32477
673 36.2853 9.21677 1.04673
674 13.1442 18.1241 1.22479
675 30.57 15.1239 1.74118
676 28.5252 1.41344 -3.59332
677 29.5881 15.0031 2.77047
678 30.3852 35.94 -2.76851
679 22.5613 18.0191 1.67679
680 14.8048 24.9478 1.26913
681 12.0444 37.9698 -3.51035
682 31.3786 35.819 -0.70408
683 31.7442 21.0049 2.10756
684 11.1087 36.7803 3.5285
685 24.4119 27.0958 -0.0845612
686 4.14387 6.15135 3.14467
687 24.6269 13.262 -0.974058
688 34.3001 3.05511 2.29758
689 12.8024 35.7202 0.0172488
690 19.4501 29.9651 -1.04784
691 15.6442 32.4938 -0.0358601
692 28.0717 14.9079 1.66052
693 37.3885 15.3478 4.60897
694 25.933 35.5022 0.200667
695 15.2969 30.8068 1.59789
696 33.72 28.3078 -2.65754
697 31.2452 7.69174 3.87002
698 34.7235 14.3993 1.29423
699 22.1019 18.189 0.247915
700 3.69576 2.85521 -4.80052
701 26.6028 2.06321 0.610201
702 39.6688 3.66342 1.22825
703 32.3219 18.8204 -0.854032
704 28.829 27.5997 0.388358
705 1.93674 33.6486 -1.2124
706 33.9853 31.211 -0.622632
707 12.2023 9.38906 0.418191
708 27.5882 16.3841 -1.46545
709 27.4992 3.92549 3.58111
710 20.4487 29.833 0.0459994
711 32.4272 31.3439 -1.41199
712 28.1499 13.5566 -2.12595
713 33.9409 12.1398 0.542015
714 26.013 25.9666 0.813343
715 1.81611 5.25224 -0.882703
716 22.3664 33.9978 1.56245
717 14.1385 25.7216 2.04538
718 14.2279 27.921 -1.42231
719 7.47918 35.4319 2.08166
720 16.7848 22.4133 -0.420824
721 30.9843 34.2655 -1.01953
722 2.71365 5.95688 0.0710617
723 17.9853 39.1248 -0.509056
724 11.2815 3.54968 2.19427
725 28.6836 9.00625 1.51862
726 7.08684 29.6613 1.21635
727 1.71144 32.6995 -3.80641
728 2.52229 10.9725 2.29855
729 19.1015 39.7798 -1.83168
730 17.0963 12.5748 -2.78496
731 30.873 19.8548 2.68503
732 26.2822 37.7753 -0.480398
733 34.9611 25.7901 -4.07788
734 25.7922 15.1045 -0.619122
735 18.9993 21.8399 4.76867
736 24.3601 28.2028 0.0721912
737 33.546 27.6885 1.59414
738 13.3494 9.21301 3.4543
739 13.3701 30.3499 -2.93363
740 38.9504 19.8375 -1.84018
741 5.8584 33.3988 -0.229611
742 25.5451 14.6889 -1.32879
743 18.7783 27.3103 1.36288
744 31.3456 27.4025 -1.01065
745 19.3584 30.5836 -0.0262681
746 16.6676 16.6842 -1.05107
747 16.5674 23.0782 -0.314719
748 13.3736 24.9475 1.37495
749 5.25543 6.08579 3.37009
750 3.89012 29.6536 -1.01954
751 8.97324 1.45936 1.8644
752 32.0457 16.9773 -4.21678
753 6.67371 19.9148 4.30104
754 29.1901 21.1371 0.358558
755 24.3192 7.64437 -0.185616
756 36.8471 6.75049 1.16769
757 17.7249 22.1055 0.211332
758 32.0108 26.9955 -3.42091
759 7.04977 30.3619 2.10675
760 30.6847 39.5083 2.08494
761 14.0965 16.0194 1.75166
762 25.5341 24.0393 0.999224
763 13.4728 1.5933 -0.29383
764 26.924 3.03848 -4.22448
765 28.2875 29.0715 -1.17899
766 6.8584 16.3572 0.359358
767 34.906 17.619 4.03808
768 6.60831 13.012 -2.72832
769 23.5018 30.2478 -0.106112
770 10.5927 24.9674 -1.90326
771 0.0982116 20.7125 -0.836726
772 15.0604 35.0786 -0.713168
773 32.4282 28.6863 0.30697
774 36.3523 35.9018 -3.84677
775 17.5219 15.6611 -2.67642
776 16.3665 22.9086 -1.4463
777 39.9568 20.3155 -0.172954
778 30.5096 23.5512 0.586684
779 16.6715 2.30647 -2.70366
780 2.5288 5.39929 0.248304
781 31.0373 3.47037 4.6824
782 11.2281 5.59861 1.69235
783 15.3691 8.56576 -1.4434
784 31.5929 2.82477 4.11336
785 22.5828 18.49 1.02822
786 7.43355 25.1745 0.626954
787 29.7086 1.89138 -1.17134
788 3.09852 35.3928 -0.238109
789 38.1049 14.964 1.26926
790 9.2617 29.8706 -2.62987
791 19.0274 15.2248 -2.54352
792 10.53 26.0992 3.17508
793 25.6996 39.0193 0.628781
794 24.5299 22.6695 -1.74781
795 10.4207 10.1604 0.218913
796 15.6632 26.8624 -1.30703
797 5.23274 32.7738 -3.47845
798 28.2574 4.70647 0.659853
799 27.1893 39.2926 -0.0585561
800 29.3085 9.10275 -2.63358
801 22.0682 14.2906 -1.40259
802 33.8906 16.6554 -1.29617
803 7.10775 2.70352 -0.695245
804 5.45931 15.0914 0.0991422
805 0.52009 20.8003 -2.07174
806 12.3587 22.0375 1.57305
807 22.7984 7.49847 0.372196
808 26.576 20.4227 -1.86658
809 17.4711 9.33855 1.40969
810 16.6995 39.6499 -1.1588
811 12.3852 27.1404 -1.77326
812 10.2939 38.9521 1.51374
813 0.0841259 6.39074 -4.21917
814 26.742 34.8978 4.68519
815 33.8257 23.9868 -0.748473
816 13.9863 36.7065 -0.999915
817 14.7933 37.2515 -4.38048
818 9.83539 13.9375 -3.54417
819 25.3179 2.95042 -2.60351
820 34.9149 39.4385 -0.241457
821 12.0549 8.8828 1.91265
822 7.88123 9.93923 3.21883
823 33.525 38.5994 -2.10325
824 38.4688 14.9252 1.60559
825 34.3557 25.4284 -3.50255
826 0.734471 15.9665 0.673378
827 1.63436 11.9735 1.63465
828 22.6605 11.9297 1.47478
829 19.2348 34.8721 0.653142
830 13.7291 25.0594 3.32859
831 11.2405 38.5371 3.86499
832 29.2687 27.6618 0.553392
833 15.2526 13.9856 2.68121
834 19.7051 9.0413 -1.13165
835 3.88583 28.701 2.73728
836 22.4428 29.9744 2.30992
837 33.0431 26.0348 1.7731
838 28.1795 8.71465 0.451034
839 1.08525 24.7201 2.02927
840 26.0663 10.9946 0.168379
841 32.1293 35.1964 2.14669
842 24.7509 28.219 3.05024
843 11.6343 2.11499 -1.11613
844 5.49703 17.517 1.9572
845 3.46365 24.6942 3.58396
846 16.0828 33.1312 -2.67528
847 1.83269 23.3804 2.48034
848 24.1619 19.7139 3.4832
849 13.5434 17.0921 3.10269
850 3.72535 35.2459 3.1965
851 1.1506 36.6247 1.0533
852 25.9961 30.189 3.17109
853 27.6227 24.8601 3.43847
854 39.71 30.6458 2.14296
855 16.2914 1.67846 -0.672913
856 15.6141 34.1903 -3.41393
857 10.6276 19.9238 -2.10118
858 3.25991 25.3042 -1.30481
859 17.4199 39.6923 -1.37688
860 32.4798 22.8782 -1.09903
861 39.5558 14.6388 -4.06131
862 1.94672 33.9035 -4.63795
863 11.926 11.0545 3.66409
864 26.3313 12.8681 4.46141
865 31.0739 31.2949 -1.01966
866 28.0544 0.319757 0.826822
867 17.7392 39.0988 -2.49139
868 30.1233 27.0624 1.24548
869 38.0199 14.924 2.1217
870 7.52478 3.3901 -3.30145
871 19.6944 22.1667 1.09486
872 28.6662 24.4829 4.80732
873 20.8827 19.4039 2.91633
874 37.0951 11.028 -0.786192
875 36.7509 12.0612 -2.11755
876 1.53913 11.1529 2.73934
877 0.34982 2.46328 -1.36291
878 39.8213 36.869 1.27716
879 4.00316 34.9011 -0.542371
880 38.6917 17.9053 0.424166
881 3.48807 24.2179 3.61964
882 28.6931 5.72884 1.84454
883 38.9141 26.381 1.91561
884 11.2352 21.1564 3.17072
885 13.6563 12.2135 -3.66302
886 12.896 26.3459 -1.26285
887 35.4166 22.5113 -1.70813
888 0.595938 32.0574 1.69867
889 6.10928 11.5009 0.795904
890 21.4517 16.4547 1.84027
891 19.1203 21.6378 2.13381
892 25.8491 2.68194 -2.47267
893 31.9826 28.5673 -0.28156
894 33.8233 31.4317 0.74169
895 34.5075 20.5581 -1.62631
896 20.9798 39.4031 1.16931
897 0.570827 10.479 -3.69538
898 20.0499 17.9057 0.65874
899 6.73188 24.7454 0.797075
900 17.8506 5.64288 -1.48854
901 3.2177 37.4959 -2.26251
902 35.5601 30.8233 4.28881
903 8.01037 39.0763 1.23682
904 20.6373 2.95861 -1.26405
905 24.5927 34.7048 0.164894
906 25.5564 23.3193 -1.53537
907 16.0586 27.4201 0.419324
908 31.7171 31.8586 0.31855
909 18.5659 7.66909 -0.696596
910 39.4098 23.7248 0.0308217
911 30.4089 27.6647 -3.62656
912 24.2 23.4069 0.416628
913 39.2824 26.4213 -3.21341
914 5.08625 24.7765 0.860281
915 39.0224 33.1074 -1.27084
916 26.0163 20.5724 -1.20524
917 6.74718 29.0599 1.25484
918 4.72788 39.4205 1.74389
919 29.9801 15.389 -0.470078
920 5.52934 18.2536 0.656467
921 33.1689 21.1344 -1.08947
922 26.9512 13.5339 -1.71873
923 11.8526 26.4985 0.121327
924 27.7423 34.487 3.4518
925 19.9261 38.1825 -1.48346
926 29.3183 35.6193 -1.98353
927 6.1413 33.44 -2.49179
928 32.9891 0.823675 1.06245
929 36.3634 29.8551 1.16532
930 16.9917 4.57339 -3.54058
931 15.4746 18.2873 3.76778
932 9.70012 25.7541 3.75576
933 10.7727 4.2209 0.923265
934 31.8215 28.6966 0.288185
935 6.97742 3.15325 -0.452373
936 11.6081 23.0415 3.01718
937 11.7162 1.24023 -1.68997
938 23.3821 24.2021 -0.653642
939 25.5085 8.1012 0.781102
940 17.9196 20.0348 -2.66875
941 19.8013 21.291 0.436595
942 2.65647 11.7707 1.87379
943 10.8525 2.33783 -3.93054
944 1.08535 33.1628 -0.571583
945 5.73118 39.0802 -4.38921
946 20.9324 21.9431 3.01534
947 22.2685 6.61571 -0.734487
948 10.6145 39.4092 -0.145191
949 2.33195 12.8045 3.77303
950 31.9208 24.9395 -3.20278
951 17.6073 4.86633 -3.35446
952 16.2469 15.8947 -0.853433
953 33.6418 16.5663 -3.30042
954 2.01302 0.419411 1.9817
955 39.5324 8.40269 0.477426
956 32.2245 6.50593 2.50692
957 29.8833 21.3659 0.936746
958 5.45473 34.1656 0.00575601
959 28.6543 39.1061 -1.42093
960 5.00303 6.15307 1.72135
961 2.18802 32.0825 -3.51965
962 14.8664 31.1619 3.46421
963 16.4895 37.6541 2.74524
964 4.06368 9.63159 -2.39696
965 37.2939 28.5233 3.49592
966 13.6817 17.6243 4.04495
967 19.899 39.7425 -0.384572
968 35.6615 23.2737 -2.76784
969 13.687 0.325553 1.95822
970 27.8972 38.2127 -0.0360427
971 31.186 13.9269 3.24497
972 13.2385 17.8261 2.18118
973 10.734 22.3954 4.41163
974 28.5646 14.9092 1.62996
975 11.1119 24.8461 -4.6988
976 3.45518 3.53747 3.375
977 2.05423 37.968 -0.530411
978 10.6463 24.5524 -4.32365
979 5.92075 35.7386 1.00641
980 33.8204 13.8003 -0.229588
981 5.80086 16.0076 1.38509
982 38.8944 4.44527 0.418567
983 21.7593 11.2316 3.4962
984 10.5187 38.5447 1.98804
985 7.86107 19.3613 1.275
986 28.7168 14.2887 0.172815
987 8.29047 10.5306 0.780189
988 3.12622 27.2867 2.26168
989 21.843 33.0397 4.23138
990 24.8759 18.5329 -0.6618
991 10.4508 25.1295 -4.08662
992 2.46073 13.9894 -0.154132
993 11.8836 22.1229 0.540624
994 25.5138 21.4109 -0.457667
995 10.7864 23.4853 4.34403
996 33.7542 18.8424 -1.62145
997 31.9489 15.6899 -2.60943
998 37.0164 38.0885 4.41664
999 32.2782 25.2249 3.40878
