1000
Particles
0 39.6971 3.21685 0.393918
1 32.3019 18.1557 -1.37387
2 24.9739 2.65119 -2.44018
3 10.6443 38.3829 1.81848
4 9.65805 18.5087 -2.33873
5 26.0881 2.9034 -1.81768
6 26.6868 2.72029 0.554686
7 35.4271 16.5848 1.07979
8 3.94898 31.1832 -0.793019
9 32.0155 25.4507 -0.210562
10 23.9729 31.4234 1.08049
11 2.90267 34.5788 -0.151969
12 0.884921 25.2739 1.77885
13 0.0749581 5.90054 -1.85571
14 31.4891 18.7523 -3.00492
15 30.1229 33.0357 -1.71089
16 27.3846 33.0476 -2.07592
17 32.7462 11.1815 3.43363
18 36.7522 12.6348 -2.90812
19 13.7427 19.1338 3.16202
20 10.618 14.8113 -0.572231
21 39.6868 39.001 0.0968985
22 36.5377 25.4906 -0.924118
23 27.2469 17.0055 0.931346
24 28.6937 12.3268 -1.12262
25 2.34659 33.5096 -1.72942
26 23.4017 29.9053 -1.58681
27 14.7058 17.0092 1.54027
28 6.41636 32.9728 -2.84657
29 31.8795 8.42623 1.02704
30 20.6784 28.0219 2.19757
31 9.1906 18.2991 -2.4628
32 15.893 11.1882 -0.96369
33 7.74256 38.8666 0.425266
34 19.2063 15.1336 -0.55188
35 28.093 39.6576 0.856344
36 12.4126 38.7172 -2.48434
37 1.04034 23.6539 4.45644
38 23.4164 36.1325 0.707162
39 31.3204 14.8047 -4.558
40 33.2052 36.0095 -3.00212
41 18.0049 17.2707 -0.265805
42 27.7692 21.2886 -1.58175
43 24.152 34.212 1.036
44 19.2171 22.3154 2.38811
45 8.88718 26.9553 4.35039
46 5.70458 10.7442 2.46907
47 35.7272 4.10646 -1.03525
48 2.12847 34.3075 -1.48882
49 7.78049 32.267 -3.33424
50 38.9205 3.88481 -0.217837
51 14.8586 4.21904 0.0744544
52 36.0313 6.5312 4.30707
53 15.0787 11.147 -0.616939
54 35.5742 25.5913 -1.78935
55 39.8372 16.1664 2.37473
56 28.2281 4.87518 2.46827
57 2.70341 32.7497 -0.192275
58 38.066 13.8393 -0.128073
59 4.00801 32.139 -0.07459
60 9.0249 27.0538 1.87709
61 17.9998 25.6936 3.50419
62 30.2091 0.850722 0.368357
63 9.86502 17.4663 -2.2357
64 1.58839 25.2169 1.78265
65 16.2685 0.724292 -1.38908
66 9.09843 22.1951 -0.51667
67 21.0956 22.1564 -0.73946
68 9.77547 7.22047 2.26621
69 15.711 8.34947 -1.59783
70 7.11788 33.7671 -2.04884
71 12.6003 11.3217 -0.991457
72 4.68247 13.1665 -1.39019
73 18.6974 24.1853 0.251953
74 8.88769 38.2091 3.6721
75 3.47862 38.9899 2.71752
76 19.794 10.1 -1.98251
77 12.8526 23.7212 0.524797
78 37.0557 29.6212 0.0967094
79 36.5605 3.60684 -1.03766
80 36.1962 5.71907 -2.82139
81 7.84596 26.8891 1.52717
82 10.3026 7.89012 -3.568
83 18.0184 22.2279 1.56088
84 23.2848 19.1025 -0.461397
85 1.86876 15.7514 -1.24107
86 23.4387 6.4039 0.00634328
87 16.9456 38.1953 -0.274743
88 5.00792 0.362087 2.26629
89 10.221 34.2472 0.506593
90 33.5794 34.972 -2.92425
91 24.1856 10.89 2.08068
92 18.4858 17.811 4.22146
93 17.1485 11.1366 -1.45737
94 13.0146 12.3494 -2.05295
95 21.4275 2.90017 -1.24108
96 11.0844 29.2616 0.318362
97 24.9257 33.3558 -0.793426
98 39.3917 25.1617 -2.841
99 9.20431 31.5656 0.821892
100 32.0981 13.3179 3.35287
101 15.0255 22.0743 3.70376
102 19.9959 34.34 -1.88839
103 13.3707 0.948072 1.23548
104 27.7046 3.40691 -3.00673
105 24.5621 29.102 0.375357
106 38.8876 12.4087 1.76543
107 18.732 22.8582 2.10759
108 26.7824 9.86674 2.95917
109 34.2111 26.9797 -2.55461
110 11.6555 37.4101 2.472
111 9.53027 32.4154 0.40784
112 32.3624 39.7046 0.977142
113 32.4059 20.6228 -0.698033
114 3.35682 25.9361 1.54095
115 27.6251 20.8594 2.44902
116 26.7124 25.6748 -0.196627
117 19.524 30.6594 4.01985
118 23.4825 37.414 -0.174115
119 37.3324 18.219 1.60271
120 38.6075 31.4971 3.44335
121 27.0404 15.3322 0.193811
122 38.1143 12.0988 2.90939
123 5.89135 23.267 -0.824393
124 15.4502 39.823 -2.22061
125 23.6464 34.4765 0.17955
126 22.0057 22.9324 -0.306339
127 0.114021 1.77572 2.32818
128 32.0941 9.68829 1.54349
129 2.12519 15.848 -0.967388
130 34.0617 5.1881 0.0366447
131 28.9959 30.215 -2.28886
132 20.2251 34.8202 -0.508108
133 30.2137 32.7888 -2.04015
134 12.3343 34.8989 -1.11336
135 17.6465 5.01537 1.63315
136 24.5833 8.23211 -1.00052
137 32.8441 39.3639 -0.308197
138 10.7463 22.2184 0.836426
139 15.4606 3.85018 -2.49888
140 16.4014 32.636 1.86379
141 35.3185 30.0208 -0.242879
142 23.9792 36.7784 -0.810098
143 16.4181 26.5115 -1.1658
144 9.71776 26.4562 2.44576
145 26.6189 23.1245 -0.943591
146 34.3654 8.67087 -1.93132
147 36.1721 36.0509 -0.675906
148 39.1538 10.6676 -1.31717
149 17.7642 23.0774 2.35097
150 14.157 13.0017 -4.06033
151 37.411 36.9155 -1.43657
152 16.7478 14.6389 -0.282087
153 21.3507 0.495612 -3.46741
154 29.6996 31.3049 -2.52765
155 29.409 32.4272 -2.45728
156 35.8346 25.6787 -0.22921
157 15.9314 15.5481 1.94802
158 18.7955 30.8987 0.539507
159 13.6947 30.3027 -0.457125
160 5.25881 12.0184 -0.0354661
161 9.03333 20.4269 -2.08615
162 23.6731 35.7578 0.577565
163 10.1159 6.40041 -0.0177182
164 16.8464 0.496703 2.68668
165 23.3985 2.82342 -2.99541
166 33.0886 6.56884 0.0983005
167 12.512 4.53301 -0.321852
168 36.7168 20.2976 0.900139
169 3.12603 35.1039 0.0854266
170 38.3804 33.6367 0.434047
171 17.9295 34.9983 -3.01807
172 36.6432 17.7129 3.13215
173 22.4238 28.5787 -0.782335
174 10.8392 35.2635 4.61129
175 2.61649 14.405 -0.546785
176 25.6876 25.2398 -1.89361
177 17.0412 7.26468 -1.5027
178 23.7045 17.1929 -2.66576
179 28.3633 10.1583 0.391203
180 12.2147 6.02556 3.30553
181 33.3777 31.3936 -1.45059
182 17.6793 13.5713 0.0979567
183 5.5211 18.938 2.41874
184 21.389 37.1803 -2.80199
185 11.3042 7.76813 -1.77569
186 27.3498 6.44782 3.01945
187 8.62779 34.2419 -2.16751
188 26.7794 19.5099 2.07458
189 10.5711 26.3583 1.3836
190 25.9103 24.6318 -2.68927
191 9.76632 30.8208 3.61758
192 31.073 7.25507 -2.55672
193 29.1423 19.6348 -1.98464
194 10.267 29.7541 1.37915
195 19.7363 19.62 -1.69612
196 30.5416 34.859 2.28037
197 16.8229 0.233198 -0.0843975
198 29.8736 16.38 0.454981
199 13.8114 11.8557 2.49552
200 36.2089 38.2428 -0.206501
201 33.3462 17.1088 1.32883
202 17.252 18.7282 3.70629
203 23.9649 11.9386 -0.709064
204 30.3028 34.4036 4.67533
205 37.5235 36.6819 0.977349
206 14.7113 4.4553 0.173262
207 39.8639 32.9249 2.50409
208 29.4499 29.8908 -1.83834
209 10.3381 33.6107 -0.851865
210 7.24742 26.0073 0.154925
211 33.6026 24.78 -4.03341
212 39.3212 32.5353 0.857657
213 2.15859 9.7532 -0.91697
214 37.7999 22.3365 1.51702
215 38.9227 21.1862 1.60461
216 26.3268 22.8104 -3.53139
217 6.8698 10.5702 0.850464
218 17.8303 18.94 4.10592
219 21.8787 6.01416 4.3686
220 19.1212 5.05553 -1.60797
221 23.2815 10.9388 -3.84032
222 34.778 25.1774 -2.20232
223 20.4263 36.7031 -0.646946
224 9.06405 30.1458 -3.59846
225 32.7317 15.0444 -2.41935
226 5.23159 19.7176 -1.59186
227 9.84663 1.79861 -0.584217
228 23.2668 9.4281 1.40008
229 35.4861 19.3484 1.21742
230 25.1731 7.73654 0.184856
231 17.3034 18.5192 1.5274
232 28.804 13.9722 2.50486
233 38.3828 12.3112 4.29449
234 4.75177 35.5734 -0.915057
235 2.29867 9.25304 -0.630181
236 9.37462 38.3611 3.646
237 12.9702 29.5859 -0.750074
238 13.0416 12.5835 -0.642321
239 35.8371 13.0833 -2.61385
240 21.5689 26.3632 -0.600671
241 20.2486 28.4045 -1.31159
242 0.259794 3.5068 3.24405
243 25.091 37.5912 0.603973
244 0.177762 15.4021 -0.978031
245 20.282 8.24437 -3.77902
246 31.4277 11.0197 -0.397868
247 1.31269 2.74181 1.98828
248 5.41741 26.2912 2.6444
249 17.9983 33.974 -1.65648
250 8.99129 39.7931 1.24679
251 38.4947 5.8877 1.1252
252 31.4481 22.4735 1.82976
253 26.4211 10.6187 3.65633
254 38.8651 31.9286 0.374242
255 28.1464 25.2013 0.674855
256 0.676462 4.08999 -0.0226379
257 30.8179 16.1258 0.860829
258 35.6529 34.5021 -1.61264
259 33.0214 16.326 -1.26692
260 3.88965 7.41125 4.18532
261 27.5294 22.5346 -3.60105
262 26.0469 31.8145 0.0868647
263 1.76502 1.56425 4.26945
264 2.02431 33.0433 -1.10029
265 3.89169 16.1015 -1.92951
266 0.860267 12.0349 -0.254566
267 7.54981 26.7524 3.57638
268 2.96764 30.463 -0.30115
269 21.8204 36.4221 -1.84983
270 2.3628 8.25854 -2.42983
271 32.1271 9.18843 1.54779
272 21.2605 15.0761 0.687764
273 32.8915 35.066 -2.03952
274 10.4555 5.88914 1.52122
275 3.5556 19.3697 -0.326325
276 27.4198 23.6601 3.2135
277 6.92898 28.5816 3.33355
278 3.55762 5.40514 -0.945089
279 5.76404 18.3246 2.27771
280 34.5474 18.7156 2.14079
281 28.5109 14.9568 -2.61322
282 14.4096 18.2257 1.60459
283 17.1251 0.137692 2.33588
284 32.104 23.6175 0.613244
285 34.1115 37.4732 -3.50848
286 31.8921 7.59034 -2.04142
287 7.14791 18.7794 -3.9456
288 9.20099 36.2356 1.39394
289 16.302 32.1185 3.24498
290 36.4876 20.5156 3.3932
291 15.8066 16.6766 0.0554897
292 0.670534 26.6411 2.88325
293 8.62691 5.02667 3.08667
294 25.4641 31.2382 4.65868
295 11.0949 7.54522 -2.59029
296 28.1455 24.4241 3.96706
297 2.20935 25.6421 3.4681
298 23.4531 27.5955 2.70581
299 17.0236 32.7763 3.10821
300 25.4663 7.15551 -0.35542
301 29.4757 21.5373 -3.65964
302 15.6534 34.6335 -1.23363
303 5.64888 28.7896 -1.28239
304 13.9006 22.8514 0.347892
305 7.24347 25.7766 3.2791
306 30.7256 13.9826 -1.17834
307 6.36834 18.8245 -4.58897
308 1.43418 16.637 -1.1181
309 13.8896 39.3897 0.714665
310 15.8952 22.3393 1.26315
311 24.7399 4.50665 0.25691
312 39.5727 38.2075 0.612592
313 35.86 1.47577 2.47069
314 18.2878 1.34125 -2.31805
315 2.10521 31.0401 -1.46575
316 33.7583 35.5061 -0.69926
317 32.6584 34.399 -2.30278
318 25.0444 23.8183 -2.03133
319 4.21105 2.63274 3.10258
320 1.22258 20.4734 4.24707
321 30.289 5.80472 -3.09609
322 7.067 37.9398 2.35798
323 16.4924 36.4862 -3.78709
324 30.7241 14.319 -2.15883
325 8.11551 26.2283 1.13007
326 38.9091 6.17977 -0.52591
327 11.8318 2.78273 -1.14127
328 16.0832 31.7571 0.937144
329 0.988672 22.159 0.616367
330 3.47667 8.30956 1.44321
331 13.7867 34.4833 0.0911223
332 33.0737 10.2347 0.635895
333 19.2851 21.6324 -0.499204
334 7.63613 8.51098 -0.259717
335 9.91439 0.628696 1.46173
336 21.9651 38.4947 -3.49407
337 5.46619 14.4626 1.30914
338 11.0379 33.365 1.96801
339 37.2961 36.3008 2.53592
340 8.97729 27.0732 2.87301
341 30.269 29.7303 0.373089
342 13.0658 15.6845 -2.50088
343 12.9194 13.0536 1.36671
344 11.433 39.2423 -0.845049
345 35.7105 24.9917 -0.895882
346 16.5291 7.95476 -2.86055
347 6.98986 32.6251 -1.14353
348 11.1266 21.7564 0.909551
349 14.1911 16.938 -1.31774
350 9.1513 9.76799 1.30922
351 7.8449 22.3716 -0.17453
352 27.7198 20.6636 1.41704
353 25.6856 3.59961 -2.18241
354 35.3205 37.7189 -2.96417
355 25.1865 26.0133 0.20954
356 28.0497 31.6904 2.22536
357 14.0422 29.3181 -1.70679
358 12.9955 15.0102 -3.13395
359 38.0319 26.574 2.66375
360 35.3651 28.3703 -1.7214
361 30.098 30.107 -0.298251
362 39.3108 22.4463 -1.77458
363 37.8806 5.83303 2.33348
364 5.34835 8.00308 0.787334
365 5.81131 38.0042 -1.85524
366 14.7525 4.23578 1.36594
367 14.5579 34.2707 2.67439
368 24.8295 7.76405 -1.83016
369 15.9109 31.2578 2.8341
370 19.2016 25.9172 1.60713
371 26.697 20.3289 -0.226778
372 26.9659 29.6394 -0.808372
373 10.5054 7.10288 3.08701
374 15.1128 19.357 -3.88037
375 11.6501 9.15831 3.27983
376 1.39387 32.1729 0.0596749
377 5.2274 8.69265 0.976511
378 9.8583 4.10908 -3.68959
379 30.4827 36.6177 -2.62059
380 39.79 29.1333 -3.03702
381 12.7189 33.5979 0.72359
382 38.3361 17.2328 -2.7539
383 13.713 38.8223 1.54007
384 21.9376 36.232 -0.694068
385 20.9955 21.8594 0.701348
386 20.5498 8.62143 -1.02654
387 10.7057 4.69263 -1.16247
388 31.2866 24.5945 -0.840993
389 8.58053 4.40333 0.395725
390 27.8097 27.6498 0.549094
391 17.3898 15.8585 -4.65974
392 25.2788 25.4835 0.286418
393 22.8981 13.8813 -1.91373
394 33.6815 36.524 -3.91631
395 33.9705 13.8974 1.84785
396 0.556625 3.09614 1.68165
397 7.36882 38.6205 1.69235
398 3.11863 32.2684 -1.27062
399 1.5428 21.3978 1.49973
400 3.18196 39.2547 -0.896028
401 23.5064 32.0458 -1.81736
402 33.1841 5.15222 -0.016153
403 38.3578 26.9219 1.90183
404 27.7693 31.366 2.86224
405 5.89536 24.1177 -2.69027
406 27.7119 0.14711 0.793885
407 39.0152 3.54354 0.877243
408 7.20146 12.4254 4.03702
409 16.0419 6.43759 3.21701
410 27.0053 19.3416 1.58447
411 18.8278 23.5167 0.528282
412 3.07713 8.02177 1.72369
413 12.3538 7.82669 -1.47906
414 2.35868 16.4737 -2.20962
415 16.7449 26.342 -2.11312
416 28.5764 38.3073 0.755355
417 5.36948 3.65463 -0.907019
418 28.3576 26.3488 1.57144
419 23.844 12.2835 -2.50367
420 20.4743 37.2983 -0.961518
421 2.11454 14.9709 -0.440136
422 15.5351 8.20737 -1.69059
423 27.0601 13.4836 2.93883
424 26.1749 23.4444 -2.16708
425 18.1968 39.2184 2.89622
426 8.25876 21.7194 0.35639
427 17.1001 18.481 2.25915
428 38.0077 6.7921 1.32436
429 1.30891 9.55351 -0.0719243
430 20.4747 14.0151 -2.19914
431 8.06379 9.22791 -1.93502
432 16.2578 37.9234 -0.831191
433 31.3192 24.196 -2.08198
434 5.34717 26.1966 1.04703
435 26.4651 38.0188 -1.04399
436 2.02331 22.2726 2.1548
437 13.5835 35.4447 1.62847
438 7.90958 25.4401 3.18731
439 34.5021 23.6903 0.425172
440 25.4602 37.9438 1.29176
441 8.51464 3.27756 3.0843
442 17.0956 26.1449 -0.884825
443 21.4406 16.3546 -2.26498
444 9.26901 12.0051 3.84913
445 5.63611 24.1854 -0.853522
446 21.8964 11.2116 -0.071312
447 0.497735 9.50784 1.1511
448 35.3632 29.6747 -1.13642
449 12.0653 14.2747 3.28214
450 11.6776 18.0044 -0.921738
451 2.34761 14.6705 -0.419329
452 16.0458 13.9585 -0.293657
453 4.97645 32.9195 -0.754267
454 38.8283 9.81321 -2.10216
455 29.9378 1.59177 0.557839
456 11.9207 8.93075 1.27343
457 22.8519 19.9775 -1.07834
458 37.4432 19.4525 1.18327
459 8.8986 11.2333 -0.0705606
460 13.2608 39.3068 -0.711797
461 11.1104 36.961 1.27987
462 25.7018 12.6842 -0.561137
463 3.70763 32.8222 -1.5203
464 35.5613 21.2169 -0.0312751
465 36.0354 14.9921 3.06127
466 32.5272 23.9148 -2.17932
467 5.53886 38.444 -3.00031
468 27.6008 35.1576 -2.50317
469 17.91 27.9776 0.511106
470 11.2344 15.7332 2.73938
471 38.5005 13.2353 1.39874
472 16.3852 15.2305 3.53092
473 13.6998 4.48689 -0.962185
474 9.41205 32.8984 -2.2347
475 33.827 8.96685 1.53979
476 20.7012 28.9425 -1.61743
477 10.4422 31.8466 0.214198
478 36.7804 13.4488 0.404337
479 5.90328 28.3599 -2.28057
480 33.461 17.2033 1.03486
481 22.4225 35.1556 3.63382
482 6.54234 29.7221 -0.0456069
483 12.8766 32.2396 -0.167172
484 11.5221 33.8376 2.95461
485 8.79907 34.416 -0.562094
486 20.8839 26.2422 -2.18557
487 32.9794 28.9722 -0.394099
488 34.885 8.08051 4.28457
489 19.998 1.25121 -0.492814
490 6.89958 6.98348 0.497093
491 18.0497 10.6458 1.2137
492 26.7631 0.381417 -0.967458
493 2.72826 26.6612 3.21282
494 6.09047 16.5377 0.324838
495 31.0469 12.1108 0.635274
496 32.9811 19.6714 -2.25109
497 6.75164 33.1558 -1.63583
498 21.965 16.1122 -2.13074
499 4.20993 15.053 -1.93871
500 5.23176 14.8806 3.43272
501 30.4263 17.3619 -0.351492
502 1.25607 2.39009 3.05297
503 14.8339 27.2633 0.457108
504 38.5779 29.3954 1.80645
505 8.48452 8.29677 0.0924627
506 28.2297 24.0557 4.23051
507 23.6741 7.33109 0.707009
508 1.14749 29.9303 0.720906
509 35.7004 1.2985 1.69207
510 32.4369 1.89109 4.25875
511 23.4547 32.4293 -4.54754
512 0.727011 33.5845 -0.797681
513 16.3371 36.7563 -3.9696
514 11.8508 25.7005 -0.94639
515 19.9247 13.834 -3.15911
516 24.1787 1.76502 1.30394
517 14.6267 3.75059 1.35719
518 21.3494 16.6392 -4.15531
519 22.7069 11.009 -1.79842
520 33.2058 6.72551 1.83082
521 33.4953 30.2099 -1.09245
522 18.7222 21.5791 1.18642
523 11.0955 19.2981 2.0027
524 3.05083 24.3037 -2.4039
525 9.45729 10.4973 0.563429
526 2.13158 23.9557 2.66084
527 15.968 7.66777 -0.0182321
528 19.5511 7.038 0.249691
529 29.2289 1.12425 -2.25822
530 38.9852 9.91961 -2.16047
531 27.0572 9.95695 0.964041
532 22.3406 35.3147 2.55564
533 24.4907 26.0097 2.12573
534 15.3278 25.4309 2.59916
535 9.58493 5.84912 1.96155
536 32.6328 16.0524 -0.171543
537 38.5637 17.5909 -4.37065
538 1.01298 37.5613 -0.803567
539 3.6007 2.96811 4.17495
540 33.9835 24.839 -1.86419
541 25.0567 22.9482 -3.63917
542 2.11308 31.552 -0.744582
543 13.6376 17.3177 -2.16419
544 6.97287 36.9447 2.59647
545 14.68 21.815 3.56852
546 36.2544 36.7224 0.521173
547 5.9086 17.2211 -0.670635
548 37.4773 33.5757 -1.6491
549 7.01589 26.3201 1.4126
550 7.63046 32.0407 -1.51305
551 22.1527 18.0646 -0.640738
552 38.7465 9.03906 -1.98992
553 19.2877 25.3244 1.24709
554 17.9906 10.907 -1.70697
555 34.3354 16.4715 2.08655
556 29.8998 18.4041 2.29776
557 8.75902 28.0661 -1.08447
558 30.2028 1.14396 0.224219
559 23.1896 30.1033 -2.5456
560 31.0885 24.4851 -2.23352
561 13.2724 17.2271 -3.86825
562 6.02432 20.7302 1.86167
563 0.128231 15.6887 -0.685831
564 11.7548 19.6414 2.08364
565 37.8765 16.0694 0.591243
566 19.0765 34.6926 -1.80796
567 28.9919 14.62 -2.12858
568 36.939 5.62954 3.67438
569 4.52885 18.1611 -3.41724
570 6.29532 23.4472 -0.830131
571 24.4344 11.2457 1.96657
572 1.49134 34.7769 0.263938
573 19.758 39.2031 -0.492907
574 12.4781 20.838 0.384071
575 18.7858 18.8067 1.42886
576 39.3378 5.3292 -2.12719
577 26.3371 31.3849 2.25897
578 3.6941 37.1849 -0.595464
579 8.01582 4.55268 3.75003
580 6.43433 31.9748 -2.13251
581 5.75413 32.5467 0.642913
582 26.1048 24.7074 -1.80409
583 22.4746 35.5011 1.97344
584 35.6884 10.3269 0.81677
585 7.01585 14.4161 1.7936
586 26.8234 22.6092 -4.40057
587 30.7826 32.3085 -0.735822
588 20.1526 36.3251 -1.14035
589 26.7111 24.7106 -1.76287
590 10.7522 6.08006 -0.833365
591 4.68069 24.1107 -3.59021
592 33.7718 25.955 -3.16146
593 17.1996 24.3325 4.06168
594 9.52343 2.72623 -2.25543
595 19.3654 22.6641 0.170205
596 35.0526 34.3117 0.140312
597 28.8343 10.5769 -1.95499
598 35.468 12.2808 -1.62963
599 19.8064 36.5496 0.656666
600 6.85163 35.8622 -1.11893
601 20.8575 35.4879 0.839483
602 1.25327 19.8828 1.97167
603 14.0359 18.829 3.44023
604 1.70178 28.92 -2.46646
605 10.9464 37.2202 2.0251
606 3.10457 28.2385 -2.90374
607 6.59362 13.7343 3.33195
608 5.23479 37.2179 1.79318
609 24.9181 34.4428 0.150916
610 36.3557 25.8272 -2.30836
611 0.0574741 22.2289 1.69778
612 22.501 11.2901 -3.6774
613 26.367 13.0843 -0.250123
614 38.7312 9.73996 -2.10451
615 31.2259 10.7086 -0.993854
616 31.8902 12.3348 -2.94378
617 24.4812 28.366 -0.0370043
618 32.2675 3.0667 1.45492
619 22.9982 33.1225 -0.102035
620 33.0404 31.3118 -2.4912
621 32.2648 13.1781 2.57138
622 11.8087 38.3042 -0.0352639
623 24.2728 12.6507 -2.92384
624 32.7438 37.9698 1.9657
625 18.1627 7.31811 2.88431
626 8.89777 36.1111 0.488431
627 9.03376 34.04 -1.06597
628 25.4374 11.1672 0.695868
629 31.6649 39.9141 -0.192792
630 30.9167 28.4692 2.10985
631 30.5905 36.6133 -2.39864
632 29.3822 30.6245 -2.30227
633 34.5614 26.2476 -3.07064
634 37.6556 34.3633 0.701717
635 25.9514 25.4055 -0.11996
636 23.2137 9.7987 3.62871
637 1.61862 21.5792 1.41789
638 0.247272 25.8528 4.52763
639 31.0642 6.79043 -2.25005
640 4.78017 17.2889 -0.244839
641 21.219 38.3995 -3.46494
642 16.1473 1.19799 2.26849
643 24.0689 25.71 2.16546
644 15.7336 7.29053 -1.23846
645 2.48824 8.44141 -3.09227
646 10.5999 14.3082 -2.43549
647 13.0682 15.6278 -3.46357
648 36.0473 35.8648 -0.14757
649 22.974 29.0413 -0.578523
650 27.0094 10.6161 1.07233
651 27.9978 19.7665 4.2032
652 0.135562 37.6378 1.56338
653 16.7605 38.2804 -0.76985
654 19.8483 13.3875 -1.2718
655 34.3636 36.4522 -2.44589
656 13.8987 13.533 -3.52401
657 21.7077 4.34257 0.910826
658 8.46949 26.9691 2.62063
659 27.8486 0.189724 1.29799
660 27.366 12.3016 -4.91188
661 39.253 14.478 -1.13099
662 24.7022 31.3231 0.405998
663 17.6109 19.4097 2.39527
664 32.7307 17.5204 2.22103
665 31.5682 0.123598 -0.356196
666 32.8845 3.70337 1.22938
667 36.4675 33.8723 -2.25851
668 4.55017 33.3205 2.11101
669 14.4226 28.8169 2.22077
670 39.5671 22.0082 -0.422382
671 23.2353 34.616 1.7581
672 15.9774 26.0863 -2.87145
673 35.3105 7.8058 0.462363
674 14.3296 18.1046 3.39834
675 31.3937 15.7566 0.111245
676 31.7246 0.330356 1.62844
677 33.4513 12.878 1.80629
678 28.884 36.7679 1.37828
679 22.5954 15.1619 2.22882
680 11.2959 21.6349 -0.779207
681 12.1004 38.9145 0.227901
682 31.3662 37.2469 -2.31529
683 34.7653 18.196 2.89076
684 4.54969 33.4757 1.43833
685 24.3641 29.5547 -3.02975
686 39.9916 39.5522 1.93559
687 26.0078 8.65119 0.48916
688 35.1465 0.559874 -1.93924
689 11.7101 37.7343 1.73426
690 16.9318 31.119 2.70229
691 11.203 34.4999 -0.733476
692 23.7327 13.4677 -3.20391
693 37.5371 14.8235 0.0968296
694 24.1948 34.4679 1.5214
695 14.7401 32.8732 -1.11766
696 33.5807 28.1913 0.675987
697 25.684 9.61449 0.641081
698 37.0005 11.4218 3.49253
699 21.7406 17.1948 -2.87117
700 2.67497 2.71085 2.42763
701 28.4143 2.26407 -4.29451
702 2.6606 38.6224 -3.32889
703 30.171 15.5395 -0.438628
704 27.7284 31.0269 0.485992
705 4.95021 37.9391 -1.94418
706 34.522 30.6639 -1.82461
707 15.0719 7.72098 -1.45311
708 26.2057 17.6697 -0.456003
709 24.3361 6.023 -2.12898
710 21.1969 26.736 -1.62675
711 30.6283 30.4793 4.29208
712 28.4932 15.066 -1.4755
713 38.627 9.9656 -1.76842
714 21.7297 29.2965 0.420796
715 38.4646 4.72324 0.921046
716 27.1433 32.7991 -1.05031
717 17.2752 24.2306 2.41148
718 12.0727 33.0301 -3.6548
719 14.0556 36.2731 2.18083
720 17.0584 23.5643 3.52862
721 30.7583 35.1921 1.308
722 4.02435 6.55237 0.685468
723 15.659 37.7427 -0.553602
724 11.2721 5.6005 -1.08417
725 28.5451 3.44078 -2.67577
726 8.43539 30.2868 0.181808
727 2.78905 31.9332 -0.0465373
728 0.988393 5.7635 1.89693
729 22.3452 39.638 0.903175
730 19.9513 15.9128 0.809095
731 30.3505 18.226 -1.45864
732 22.4997 35.5056 1.9781
733 36.7235 26.8061 -0.659637
734 24.3577 18.5683 2.09671
735 17.8566 19.5527 1.30526
736 24.6834 26.0739 0.6391
737 34.458 26.858 -2.03727
738 15.2052 7.3998 1.15635
739 11.02 29.5535 0.831398
740 35.1359 20.2271 0.31551
741 2.91082 33.1748 1.9455
742 22.1759 14.7714 -1.26295
743 17.5816 22.7206 0.821133
744 30.808 28.6549 -0.768641
745 16.131 29.803 1.39577
746 16.136 18.4922 -1.65729
747 18.1377 20.7359 0.944798
748 13.1656 29.704 -2.50991
749 3.60609 6.79483 0.56183
750 7.2667 32.1863 -1.77637
751 7.9834 37.7197 2.22032
752 36.1184 13.725 -2.19699
753 6.29897 23.7713 -2.97692
754 32.6038 17.7844 1.35941
755 23.0787 10.4494 -1.81139
756 30.9747 7.87985 -2.50717
757 18.7309 21.4011 1.81404
758 32.767 29.2554 2.24623
759 9.36788 31.5184 3.02551
760 29.8271 39.6505 -1.77194
761 14.9178 12.2141 3.27
762 22.428 28.807 -0.839432
763 16.6625 6.29613 3.02031
764 28.3435 3.05363 -4.44831
765 27.7151 27.1095 1.39536
766 8.95104 14.0504 -1.46117
767 34.3585 16.9192 2.06413
768 8.81987 10.4934 -0.419639
769 21.7625 30.1088 1.18995
770 13.7434 27.5722 -2.33092
771 37.2939 20.2194 1.91065
772 16.7732 33.9214 0.25
773 29.7547 29.3641 1.2139
774 35.4278 38.1081 -2.48043
775 21.4337 16.7687 -4.03464
776 9.56398 21.6029 -3.39197
777 38.5881 21.026 1.09652
778 28.8075 22.9332 -0.93949
779 19.5271 0.554619 0.585888
780 1.12799 5.1301 2.62427
781 30.8689 39.4812 -0.733121
782 9.72568 4.07594 -4.61236
783 18.3775 12.8218 4.32951
784 30.8231 0.0504167 1.25923
785 25.0846 20.3806 -0.844444
786 9.89903 27.2691 -0.0390166
787 29.3906 1.1193 -0.367318
788 2.3704 30.989 -0.0230523
789 39.7468 14.0357 -1.28939
790 10.452 34.1171 -2.02448
791 20.7418 16.391 -1.00706
792 9.70275 30.2141 -1.52074
793 19.5486 38.2916 -1.00923
794 19.3099 23.3688 1.91531
795 8.4562 9.03703 -2.19614
796 18.6335 26.0124 1.59117
797 5.72529 33.5573 -3.42989
798 23.852 6.81997 0.585949
799 21.9304 36.5518 -1.01468
800 29.6921 8.72484 1.2906
801 23.6238 12.9498 -2.10325
802 35.3676 9.73472 2.75771
803 7.4458 39.1056 -0.119938
804 1.23665 15.7174 0.965167
805 35.689 19.7379 -0.437204
806 8.89108 21.8132 -0.547023
807 22.0105 4.80002 1.76244
808 26.8072 20.2157 1.0059
809 15.6537 12.9729 -0.701889
810 15.8113 37.3265 -1.4475
811 10.3004 29.6723 1.16372
812 13.7482 34.0349 2.01256
813 38.1338 4.62359 1.2351
814 29.3295 33.4205 -0.273418
815 32.2312 22.6506 -2.12525
816 15.9064 33.0033 -1.11578
817 17.2205 33.9156 1.71103
818 10.3222 10.7772 -2.06514
819 22.717 4.11965 0.18285
820 34.5441 39.273 4.76082
821 11.0034 10.6977 -2.33959
822 7.94004 9.81744 -0.566789
823 35.8771 2.22111 1.46813
824 38.1463 13.9895 2.99953
825 33.9107 28.8346 0.514693
826 39.2294 13.3697 1.15865
827 37.1421 13.8644 3.02156
828 25.5782 9.00557 2.36247
829 18.4334 34.7229 -0.942924
830 11.9873 22.8503 -1.57409
831 11.5494 34.9388 -4.23466
832 32.5642 30.1661 -1.92775
833 14.4916 16.7651 1.19957
834 20.1551 8.61044 -4.10305
835 5.93313 31.853 -2.00235
836 20.526 32.9443 -0.902458
837 36.3146 26.2552 -1.46624
838 28.8934 11.9804 -1.43356
839 2.03186 24.5059 0.210589
840 25.689 15.0386 -2.38552
841 32.2804 0.0859236 0.476855
842 25.5347 31.8094 1.49523
843 13.8268 0.601659 0.800563
844 7.77397 12.6743 4.23298
845 2.71953 28.6731 -2.09429
846 16.2392 36.1405 -1.48265
847 2.52182 22.7814 -4.19468
848 23.7943 16.9306 -1.84757
849 12.9984 22.5969 -0.563846
850 4.80877 33.5796 -0.399966
851 1.30139 37.1464 0.621263
852 25.3758 30.1304 -0.644209
853 27.5393 24.6722 2.41011
854 1.04755 31.8012 1.25549
855 18.2833 1.6987 -3.33598
856 19.1372 33.8515 2.2003
857 7.13982 21.4162 -2.55601
858 1.98347 24.8658 2.60903
859 20.4636 39.7575 2.19637
860 28.6733 20.4775 3.45755
861 38.5163 13.5658 3.72358
862 2.26361 34.6684 1.18419
863 11.7025 14.8986 3.34962
864 26.8216 11.3529 2.22842
865 27.1828 30.3682 2.54048
866 27.2671 39.4536 3.37398
867 16.1595 0.264626 -1.97209
868 33.8117 24.8599 -3.44449
869 37.9284 13.3423 2.31066
870 8.85581 3.40472 1.93605
871 19.6946 22.4704 0.790558
872 31.6407 24.4232 -2.32684
873 18.8988 20.6703 2.09364
874 32.5502 9.57808 1.04226
875 37.6368 12.3409 -3.61756
876 1.52606 5.18383 2.24944
877 1.74139 0.177395 -1.34847
878 0.310605 36.0462 2.42625
879 3.5019 34.7432 -0.527343
880 0.442116 20.9796 3.77578
881 7.78156 25.7923 3.27068
882 21.3576 8.0946 -4.08772
883 2.92226 25.6435 3.48895
884 14.0206 17.3428 -4.36783
885 12.7362 12.7151 -0.773171
886 15.5625 28.5928 -0.7624
887 33.9223 16.7547 0.761247
888 38.8414 31.3269 2.90662
889 7.67266 12.0974 3.31859
890 22.2885 15.3204 1.17608
891 21.2454 20.0466 0.412686
892 29.2104 2.71929 -4.49174
893 25.4515 30.4693 0.334677
894 31.6984 32.563 1.3393
895 35.4178 21.8997 0.279999
896 16.0285 37.4991 0.23268
897 1.56985 12.1897 0.542962
898 17.134 18.7143 2.91833
899 8.6709 27.7413 -2.14914
900 16.1915 6.23655 1.65555
901 4.09636 38.9668 3.85234
902 39.8398 29.3505 -2.46857
903 4.36264 34.866 2.47649
904 21.4293 2.12205 0.793572
905 22.2403 34.9001 0.828462
906 25.6758 24.8966 1.07288
907 21.0193 30.5613 1.39317
908 30.0993 35.0612 4.44444
909 19.363 8.49979 1.1843
910 36.3108 18.5355 2.57804
911 33.8013 24.9522 -1.23872
912 21.1678 25.8655 -1.51057
913 2.14768 24.5288 2.35975
914 8.15403 26.4324 2.1283
915 37.2912 36.8076 0.0398701
916 25.4943 18.3588 -1.83273
917 5.39286 29.9383 -2.42757
918 4.66499 33.0556 0.372742
919 31.6977 17.9016 -2.22957
920 2.06581 18.2661 -0.330716
921 33.2504 23.2844 -0.851944
922 25.8823 14.3235 -3.02357
923 10.6168 27.6359 -0.1789
924 28.6351 37.5946 0.599576
925 18.641 1.40803 -1.33122
926 27.2413 34.9888 -2.45105
927 9.00649 32.5876 -0.911545
928 34.3909 4.57479 3.53813
929 35.1378 29.1964 -3.20906
930 12.883 10.1682 0.998669
931 20.9617 19.0486 0.103388
932 9.96012 26.3003 1.02309
933 14.0752 6.35855 -0.139507
934 29.335 30.3382 -1.44427
935 5.31471 7.22248 0.418393
936 7.56787 22.2876 -0.381962
937 12.6177 39.236 -0.850414
938 19.5496 23.0834 1.73878
939 23.2961 9.08067 0.587119
940 17.3976 18.877 3.13257
941 22.1579 19.096 0.926878
942 3.48842 6.81735 0.250857
943 12.1318 2.76662 1.34261
944 39.6055 29.3092 -4.62319
945 5.53963 2.81833 0.103966
946 21.0055 23.1106 -2.49865
947 22.2079 4.40003 3.27047
948 10.6247 37.7522 3.47179
949 5.81103 8.41816 0.380343
950 33.5234 24.1005 -0.981131
951 20.2435 9.48167 -1.41893
952 11.8257 17.3289 1.72286
953 35.8658 12.4555 -2.49853
954 3.14508 2.33403 2.70581
955 38.9284 9.7848 -1.72008
956 33.2679 6.56867 0.33334
957 31.2534 16.0872 0.564677
958 2.89439 33.8203 0.398396
959 26.2836 32.6078 -3.53156
960 4.03063 6.13742 -0.408069
961 3.72452 32.5248 0.780505
962 11.4706 32.5324 1.43915
963 16.172 31.5065 1.84455
964 5.36723 11.1464 1.57287
965 1.15965 31.6494 0.604431
966 15.2208 18.3363 3.97163
967 22.4127 0.504147 1.56264
968 35.0881 26.6759 0.168721
969 12.7232 39.8015 -0.94441
970 24.7427 39.3115 -2.96766
971 33.6777 13.8778 4.05278
972 11.4135 19.6868 -1.54929
973 9.84588 23.1647 0.247962
974 27.2272 15.4655 -0.891078
975 13.7302 28.4926 -1.28245
976 3.58761 3.5638 4.5378
977 4.81831 39.5056 1.83231
978 13.0078 22.7067 -1.24275
979 4.99803 33.6355 -0.236296
980 38.1223 13.532 -0.3995
981 6.16892 10.7607 -0.56307
982 0.259566 2.002 3.56347
983 23.8423 12.8441 -1.8998
984 14.1958 34.7331 0.653815
985 6.77103 21.3261 0.706116
986 30.135 15.4191 1.14297
987 5.96709 8.49735 2.13751
988 3.36034 30.7224 -1.09381
989 16.1211 31.1544 1.91516
990 26.7924 17.1078 0.266592
991 11.3114 23.4134 -0.126337
992 0.815984 15.5032 1.24773
993 11.4033 19.9146 0.257983
994 27.0368 20.1446 0.856715
995 8.92756 21.097 -0.00886591
996 36.2786 18.2862 2.65857
997 35.8169 14.2666 0.307632
998 38.4391 1.60963 1.82751
999 33.316 28.9734 -0.547026
