1000
Particles
0 4.68637 29.8923 -0.310238
1 29.0438 29.1612 2.44904
2 15.1121 7.73265 -2.87456
3 9.73934 35.5487 0.1066
4 19.7671 21.8493 -0.0332564
5 17.2078 12.8919 -0.0379295
6 30.1193 37.9919 0.29305
7 31.2497 21.5945 -2.64005
8 11.1856 16.6715 -0.620888
9 39.4507 20.7925 0.028321
10 21.3347 1.10222 -4.02117
11 8.3417 29.1166 1.02512
12 29.7079 30.5208 -0.538434
13 13.8983 1.45898 -1.31858
14 27.5541 28.561 -2.22006
15 16.46 27.35 1.27126
16 26.0595 32.1695 1.92402
17 35.5073 22.9713 2.31347
18 33.2876 19.1284 2.12693
19 13.6166 28.646 3.22735
20 37.8975 8.056 1.33339
21 39.6032 4.05996 -0.698444
22 9.71272 6.97574 0.598403
23 36.3807 23.5376 1.34534
24 32.9706 10.2261 -2.25679
25 2.25675 30.7986 2.02755
26 19.8724 32.9356 -4.10747
27 15.1817 10.7938 1.8833
28 10.1703 31.0581 -0.448403
29 31.4076 1.52656 1.07001
30 11.9648 15.656 -2.55553
31 8.70993 12.4033 3.43892
32 28.4531 4.48014 1.25678
33 11.2432 34.2089 -1.93572
34 27.2322 29.8824 2.65814
35 23.5114 12.422 1.16779
36 14.9274 2.82275 -0.633493
37 37.6413 29.2334 0.0910169
38 29.1957 39.1136 3.00207
39 37.0296 21.4629 1.22204
40 39.9831 36.2099 1.69034
41 10.1156 14.7606 1.11643
42 37.2013 22.19 4.16707
43 22.7383 27.8184 1.07119
44 23.4645 25.964 -3.4089
45 7.00908 21.1625 -2.43425
46 37.4048 7.87682 0.318319
47 26.9504 14.074 -2.17609
48 2.4473 36.9407 1.76022
49 7.21155 34.3592 2.88507
50 2.55163 33.3505 -1.23618
51 26.7724 1.23748 2.44049
52 30.2025 9.8898 -0.21778
53 17.4855 5.03565 -0.179387
54 26.5732 18.5963 -2.49283
55 8.30251 15.7854 1.86793
56 14.9747 13.5085 -1.24009
57 14.0278 32.0993 -0.235224
58 28.2988 22.1816 2.8662
59 4.68688 35.9107 1.67843
60 8.18245 23.767 -3.68569
61 18.4461 33.8857 0.653452
62 1.33946 3.71592 2.44576
63 7.95584 16.8675 2.77241
64 29.9313 29.1321 1.52994
65 6.48717 35.937 -0.101863
66 2.73686 19.0548 0.518789
67 26.2111 21.5605 2.05002
68 3.18502 4.42835 -0.296576
69 14.137 33.8721 -1.51357
70 11.2981 6.21899 0.519123
71 21.1138 16.0896 -4.20247
72 4.74793 12.5117 1.21232
73 23.5773 28.1738 -0.0877763
74 8.40786 8.13563 1.49019
75 30.3406 35.6074 1.77829
76 29.773 7.60583 3.32981
77 6.51297 26.8205 3.81046
78 6.52881 35.0196 -0.444061
79 0.926409 37.1899 1.0258
80 34.7112 15.2473 -1.59672
81 10.1675 36.1978 -1.58126
82 15.9262 11.4295 -1.45032
83 13.6759 30.958 3.02984
84 26.6091 7.19165 -1.67191
85 2.55761 19.7822 2.65619
86 21.3161 12.3553 -0.201171
87 25.3826 33.3807 1.63067
88 6.13405 0.0635347 1.80399
89 7.14759 39.7858 3.50945
90 0.0616545 35.0791 3.21846
91 28.4347 17.117 -3.55274
92 21.5218 29.5423 -2.2189
93 10.3459 39.6503 -0.767655
94 18.7538 26.0026 1.97726
95 17.0549 2.19222 -2.10332
96 6.97855 34.4662 2.92963
97 14.9326 38.2868 -2.15576
98 4.80708 21.0489 2.18279
99 13.0225 6.14461 -0.276666
100 31.0843 20.4135 -2.03946
101 21.7802 25.0087 -3.22223
102 24.4054 36.837 0.7497
103 15.2994 37.5454 -0.10731
104 24.0441 5.68915 3.51877
105 10.8988 37.2057 2.00853
106 37.2035 18.9902 -0.553823
107 20.9847 23.3841 1.44121
108 35.8138 24.4316 0.780069
109 37.5565 33.5591 -2.63434
110 3.88144 32.8247 1.61439
111 33.6947 31.194 1.0736
112 33.5285 3.70201 3.62801
113 33.8655 32.0346 -0.62718
114 28.3098 22.9165 0.0087828
115 26.9265 19.2087 -2.55715
116 20.0018 32.218 -1.24533
117 31.4292 30.1431 -4.05455
118 23.2698 7.57954 1.3619
119 31.4094 13.1274 2.04748
120 23.2758 27.8574 0.050012
121 21.3709 14.3213 -1.05766
122 31.7204 26.629 -4.00396
123 4.54144 29.3803 0.165095
124 10.7253 36.6367 -0.417711
125 22.8003 0.625998 -3.65111
126 32.6901 31.6835 -0.15782
127 33.6319 3.8904 3.01276
128 31.9215 3.97292 2.19574
129 6.28421 16.6565 -1.70756
130 24.7456 12.0552 -2.30533
131 23.9046 26.417 -1.92925
132 17.8705 0.587489 1.57978
133 39.5996 38.0258 -2.31401
134 11.1049 33.0155 1.0927
135 14.6704 39.5867 -0.22729
136 25.3633 6.26723 0.868056
137 21.0979 25.1738 1.73522
138 6.18265 16.0053 0.0235722
139 15.0302 35.5925 1.74617
140 28.6833 39.6625 1.99602
141 27.135 1.84982 1.79286
142 18.0019 12.9051 2.08696
143 16.7788 18.9471 0.0670736
144 0.548776 33.4778 -0.894434
145 22.9819 25.8941 -2.66613
146 28.0396 13.4981 -2.57568
147 35.3887 34.4965 -2.29922
148 31.7767 6.39075 0.236917
149 11.7852 12.3565 1.59805
150 12.8292 28.6095 0.791485
151 28.3234 6.1072 3.13704
152 15.0036 13.6311 -1.9792
153 18.8117 9.47146 1.58232
154 27.4709 36.7475 -1.18775
155 36.9747 28.4448 -2.09508
156 37.0847 23.1764 3.84556
157 17.3618 4.66692 -0.340109
158 13.2042 39.4604 4.69595
159 24.1977 32.2388 -1.63448
160 7.67262 16.0915 -0.439861
161 14.2288 24.914 -0.36706
162 23.8278 25.7416 -1.22591
163 8.92627 10.71 -1.62537
164 19.7067 9.20067 1.70843
165 32.9434 8.60715 -1.80183
166 37.0463 4.13112 0.812134
167 7.65007 33.8133 2.4521
168 37.8935 24.2804 -0.427675
169 3.29274 4.14008 1.67006
170 34.2871 34.2927 -0.499309
171 26.135 31.5003 -0.321788
172 5.1571 19.6547 0.406415
173 30.3262 30.6771 -1.98199
174 21.8907 10.5377 0.285978
175 1.50323 9.86919 1.94253
176 21.8818 21.7587 -1.91788
177 13.9078 1.8628 2.06897
178 32.5303 23.9085 -1.1363
179 21.2761 12.6294 -0.251283
180 16.4752 4.27764 1.86466
181 12.509 27.2346 0.664034
182 15.4693 24.9782 -2.17586
183 1.77602 18.8875 0.653708
184 38.484 39.1625 -3.35835
185 6.28299 10.7402 -0.666944
186 21.7412 34.2396 1.06036
187 37.2793 9.09266 1.49717
188 14.5557 12.4099 0.532978
189 5.65481 21.5078 -0.747998
190 20.437 20.5763 -0.218936
191 14.6305 32.5729 -2.41029
192 37.6485 2.7109 -1.13903
193 23.5954 27.6654 -0.535585
194 19.7376 20.1908 -0.96573
195 5.47207 15.7201 -0.172362
196 30.7767 3.28431 1.61026
197 9.52248 33.9479 -1.21562
198 31.0917 18.3121 2.02193
199 19.8506 11.5706 0.751444
200 35.7961 0.154671 4.30149
201 2.09314 14.4123 0.778
202 12.7764 18.5782 -0.858688
203 20.5417 18.4465 -0.786632
204 34.1592 31.3692 0.271007
205 3.85805 31.1593 -0.230585
206 11.264 39.674 -3.54458
207 36.0888 1.63723 2.77404
208 33.3302 19.854 0.633543
209 7.18168 36.4439 -2.08954
210 18.5823 21.0026 -1.25201
211 36.8969 18.9213 -1.03896
212 31.0307 32.5391 0.234014
213 39.7917 3.56405 -2.59462
214 26.9958 19.4458 -2.13677
215 2.14436 15.4531 -2.30846
216 31.8507 27.7721 -0.955893
217 10.9202 10.8002 0.737059
218 12.0478 11.6306 0.7254
219 25.4441 38.0527 1.93597
220 13.2487 2.79008 0.156492
221 22.2008 17.6072 4.46935
222 35.6906 32.7607 -2.65159
223 17.9934 27.4226 -3.39082
224 2.71568 26.4666 -3.77727
225 36.3845 8.18701 4.48289
226 28.2694 14.2443 -1.69066
227 5.96034 10.018 0.959765
228 14.4897 0.362514 -1.538
229 38.5015 23.0048 1.85668
230 34.5865 0.104113 1.18864
231 18.8154 32.1179 3.14755
232 31.7406 35.2971 -0.928719
233 32.8068 5.38295 -1.53352
234 0.950687 8.31363 -2.1837
235 0.513706 11.9057 -2.0459
236 22.2559 3.68532 -1.8669
237 16.7242 21.7309 -0.964498
238 10.091 11.4077 3.14674
239 33.4046 16.6791 1.38614
240 14.713 15.353 -4.21398
241 0.39965 25.1299 -1.12744
242 34.4129 38.6632 1.00589
243 31.4006 37.3134 0.992075
244 8.64295 5.99806 -3.27427
245 17.8939 33.9046 0.803301
246 28.7062 1.43791 0.311616
247 0.185839 38.5595 -0.669687
248 6.09617 25.8668 4.4575
249 6.36249 0.800154 0.939287
250 20.9378 5.00966 -3.51276
251 31.6182 4.48052 3.63766
252 28.2474 18.4292 -0.497863
253 32.6435 15.4027 0.471188
254 7.77986 35.3949 -2.85144
255 30.7481 25.9325 0.0753584
256 5.42182 0.74203 3.43082
257 29.7942 18.703 0.282649
258 28.087 6.28257 1.57405
259 37.5569 16.1284 -1.34316
260 2.0347 3.66391 1.91002
261 32.0765 21.0166 -3.20493
262 30.8776 0.237831 -1.1013
263 6.21151 35.539 0.8638
264 12.9968 20.7387 1.84185
265 0.913238 27.4927 -3.16721
266 37.6574 14.5364 2.14291
267 11.6523 19.0186 -0.284025
268 15.1477 15.9958 -1.21603
269 32.3837 39.5143 -1.50617
270 36.1168 12.8616 0.13745
271 36.2869 13.676 2.53927
272 21.2771 18.7757 -2.7603
273 32.7883 34.4731 0.36404
274 13.3759 36.7801 -2.82488
275 14.86 32.164 0.352561
276 33.8768 20.9457 0.412303
277 3.75433 15.4935 -1.63229
278 5.45494 12.5203 -1.93178
279 17.886 31.4842 1.24629
280 5.27757 30.1502 2.83764
281 24.5926 20.9607 3.24929
282 9.30311 17.3025 -2.22758
283 23.9768 2.12448 0.156728
284 32.7599 21.3437 -3.70046
285 3.47272 30.5507 0.274369
286 36.9384 4.52126 0.664801
287 19.4822 13.5168 -2.01115
288 1.76559 39.4837 -0.372792
289 10.4265 32.4081 1.62536
290 30.9702 26.7688 -3.44572
291 15.0658 37.5647 -3.9142
292 30.7529 21.4638 -4.64629
293 16.9252 6.31769 2.83094
294 26.6449 26.0006 -1.58069
295 15.8092 15.3942 1.58649
296 23.7729 25.8886 -2.21614
297 37.2437 33.1293 -1.24872
298 18.3658 4.71544 -4.14414
299 19.1028 30.5184 2.99957
300 21.542 15.2576 -3.45128
301 26.8656 29.027 -2.09384
302 24.0283 37.2517 2.31527
303 39.4013 16.4647 -2.31342
304 9.69135 33.0782 -0.938698
305 39.9092 20.0295 1.47622
306 23.539 14.9119 -2.80657
307 13.8474 19.1829 0.150033
308 3.83898 25.5829 4.4077
309 18.0788 37.3395 1.41818
310 15.5851 22.6262 -2.87296
311 21.924 22.2289 -2.49128
312 36.9843 28.2451 -2.58482
313 26.3572 5.58328 4.05609
314 19.0069 39.7662 -0.736608
315 6.43359 36.8372 2.01828
316 33.6085 38.404 1.14248
317 17.6229 27.8166 -3.26303
318 25.4798 32.3119 0.739095
319 7.6082 10.8084 -1.94825
320 11.219 18.4348 0.420649
321 22.6969 10.0926 -0.555206
322 0.0632623 36.5417 1.91828
323 1.10909 36.8107 -2.78522
324 24.3785 16.9928 -1.57938
325 14.0633 30.497 1.53113
326 13.9969 12.6008 0.990641
327 11.5377 33.5325 3.45694
328 17.3001 32.3173 0.168407
329 12.5251 17.8536 -3.85534
330 37.1551 15.1883 1.13678
331 24.8577 1.85329 3.78045
332 35.844 3.91606 2.72885
333 34.9771 25.1071 2.76808
334 13.2453 8.96705 2.82738
335 4.99281 37.1302 -0.47837
336 22.1207 7.68506 -0.428926
337 9.09375 19.9652 -1.47417
338 21.6081 20.9782 -0.678469
339 36.9832 32.3773 -0.490496
340 15.4059 15.7083 -1.46275
341 28.3861 25.3821 -2.93714
342 15.0096 12.7539 -0.00940466
343 8.6207 16.0095 -0.477271
344 11.6919 3.07848 -0.144125
345 39.5195 31.8795 0.704266
346 19.9601 12.6202 -1.47404
347 10.4065 35.0488 -0.213296
348 10.882 18.1378 1.25115
349 16.5367 20.0977 0.496262
350 10.0656 13.2032 -2.89661
351 38.8818 23.8986 0.057377
352 27.8423 24.9639 -0.722474
353 21.7129 14.3866 -2.97136
354 4.62736 36.7483 -0.705798
355 17.5853 17.8915 -3.17694
356 37.0732 1.14201 3.34073
357 9.99811 13.0762 -3.22314
358 13.1526 14.3244 0.93051
359 24.0684 26.4782 -2.26505
360 28.65 23.3355 1.75385
361 31.0388 30.9546 -3.83262
362 34.0547 26.3598 0.604642
363 34.6182 11.9147 3.04486
364 12.3894 10.8219 2.63837
365 1.27678 33.3183 -1.67126
366 10.2508 39.9568 -1.88612
367 7.58185 37.6758 -2.05305
368 17.3014 12.2811 3.46998
369 14.1018 9.21252 2.28967
370 20.1816 32.4489 -2.20548
371 26.867 18.9557 -2.11005
372 23.6824 28.7856 3.66882
373 19.2358 15.0997 4.41697
374 9.96627 11.0133 -3.0061
375 7.9155 10.2047 -1.6734
376 39.7815 31.4409 3.78358
377 36.0492 6.46597 -3.50447
378 15.3926 6.36156 -4.96362
379 4.80677 34.5721 -0.323442
380 31.8095 31.9659 0.524494
381 13.8696 34.9464 -2.23329
382 2.76193 18.3257 -1.37808
383 21.9522 33.5115 -0.281174
384 32.215 9.33447 -0.433779
385 21.0021 29.2589 -2.27747
386 29.3019 11.2094 1.29219
387 36.1296 37.7648 1.65652
388 31.1137 30.2434 -0.919596
389 14.7921 5.07837 2.3348
390 26.1145 12.2795 -0.0304662
391 6.44749 14.7836 2.82416
392 22.1355 18.9761 -2.73204
393 18.8307 38.9033 -3.07059
394 25.8535 9.15375 3.41549
395 39.3687 15.956 -1.57468
396 11.0261 36.7825 -0.827088
397 7.83033 15.0099 0.433003
398 31.4571 36.3333 2.00527
399 32.4307 10.9182 -2.51547
400 3.0123 39.4306 -3.07715
401 27.8834 25.4717 -1.63869
402 33.4726 8.60704 -0.931982
403 3.83702 29.7347 1.95884
404 24.1488 33.6954 1.40167
405 0.0595755 23.3267 2.33958
406 20.6567 8.59659 4.18743
407 35.397 13.7212 2.53714
408 12.3204 5.79458 1.15457
409 27.655 7.83612 1.73249
410 19.7349 23.7202 -0.874073
411 20.167 31.2762 1.09009
412 0.536013 38.7302 0.643838
413 8.01118 16.2006 2.99514
414 11.4867 6.47101 0.891026
415 11.2245 23.3716 1.29558
416 9.08261 33.4627 1.84624
417 1.84853 39.6331 0.686582
418 24.9584 22.305 2.61369
419 21.1926 12.6726 -0.626109
420 27.5868 2.54252 -0.0321417
421 5.92149 12.689 -0.509938
422 12.3325 14.5381 -0.399397
423 37.7449 5.16458 0.669534
424 23.4411 19.2489 -3.47447
425 19.5045 8.06363 -3.57255
426 13.512 18.3826 -1.89859
427 20.8606 24.6769 0.427177
428 9.9542 5.6684 -1.22652
429 38.8995 5.93436 2.77364
430 8.45009 14.6733 2.23518
431 8.0529 8.76156 1.86033
432 15.2602 33.0852 0.442496
433 23.8217 23.8729 -1.13543
434 14.8578 18.2786 -2.841
435 38.5988 34.0939 -1.08222
436 0.580233 30.1588 3.68725
437 9.1299 2.78772 -0.2964
438 1.55664 33.3767 -0.801873
439 37.6405 18.4106 -2.16501
440 22.628 7.49732 -1.73179
441 14.9792 38.203 -1.34608
442 13.4542 14.9076 2.62947
443 21.6138 22.9788 0.867622
444 15.404 18.154 -3.06691
445 14.7328 20.5549 -0.850982
446 17.6978 9.3901 2.90394
447 12.1022 3.04992 0.141981
448 31.6732 20.1168 -1.16696
449 20.1969 16.2179 1.58871
450 1.04255 16.7333 1.62816
451 31.4269 16.3655 -0.903159
452 9.21214 11.7134 2.86622
453 10.3267 18.6135 0.535161
454 35.2089 8.21932 -2.255
455 29.8113 39.3807 0.078766
456 8.41994 13.1046 1.32298
457 24.0705 12.128 -0.58232
458 25.1772 19.0288 -1.30309
459 13.3051 36.457 1.31838
460 3.48892 39.0921 1.74624
461 9.43624 1.15124 -1.36407
462 20.1627 21.9907 -0.0339639
463 6.2552 33.3811 -1.91749
464 29.5682 32.3041 -0.419153
465 24.5327 10.3506 0.566577
466 37.1329 27.3622 0.471513
467 10.4643 32.4718 2.74223
468 15.69 33.4213 -0.952148
469 26.4426 36.0053 -1.2389
470 9.40385 16.7135 -2.50155
471 34.1096 25.4972 0.949856
472 14.4304 39.7603 -0.0190674
473 11.8694 34.3921 3.83831
474 6.37923 39.3533 2.49621
475 33.8252 1.25928 -4.41681
476 12.3862 15.389 0.396712
477 8.18623 34.9356 2.84182
478 27.7782 25.7365 -1.59919
479 0.478558 31.7549 2.22737
480 36.4684 22.4468 2.5442
481 30.3196 2.82975 -0.802567
482 12.7911 33.0955 1.62575
483 6.97366 34.4327 -0.720327
484 21.7922 35.2035 2.56968
485 6.35887 39.6546 2.71977
486 18.4685 26.5148 0.271447
487 30.3407 31.6479 -2.358
488 38.7576 6.93762 -3.49359
489 21.8918 2.65737 0.936525
490 7.41807 7.7566 -1.09863
491 16.1121 13.6214 -0.057516
492 19.8594 38.5333 2.44012
493 2.22597 27.9361 0.323829
494 11.2614 11.4574 2.45566
495 35.3099 8.98816 -4.03075
496 23.561 26.6487 -1.93426
497 11.6022 37.0179 0.273512
498 20.394 13.3958 -2.00564
499 8.25245 17.2582 2.00656
500 8.03192 9.95475 -2.18862
501 33.6488 8.23576 -1.36287
502 3.53295 2.2364 1.14678
503 22.0133 22.1776 -2.5431
504 4.73626 39.4964 -0.990909
505 7.45401 9.39786 -1.9547
506 28.0961 22.6649 0.495586
507 23.5956 12.9081 1.25229
508 13.5207 30.9459 1.05163
509 17.4681 38.7363 -0.893786
510 29.1065 10.2809 -1.80262
511 21.106 33.5831 -1.20573
512 29.8041 22.7528 3.04067
513 17.9605 21.8281 -2.53471
514 4.46325 32.3375 -1.41171
515 16.4334 12.7307 0.321458
516 14.0924 35.7751 -1.87239
517 11.9671 16.0229 -0.272211
518 1.02362 4.21032 3.88678
519 22.3384 19.7574 -2.4312
520 0.55289 1.81406 1.87033
521 39.5138 35.8995 0.651246
522 28.6771 22.5588 0.71564
523 12.834 17.8244 -2.05696
524 16.927 25.9361 -1.8156
525 9.98648 12.6043 -3.47239
526 15.0041 24.77 0.722618
527 10.0321 3.09334 -0.337302
528 18.7915 8.26287 -0.120968
529 31.8174 39.2479 -0.964596
530 30.8602 17.351 3.31056
531 28.0425 39.7903 -0.585431
532 18.2889 37.7158 -0.396358
533 8.82678 32.9825 1.74122
534 8.69292 23.2628 -2.90227
535 32.9703 4.06886 0.758015
536 36.592 16.2414 1.14
537 2.32671 26.0677 -3.87069
538 14.2871 0.684351 1.14438
539 19.4114 9.222 3.84172
540 35.9311 17.582 0.640691
541 21.1515 22.4122 -2.20234
542 30.4399 30.4318 1.69637
543 6.76944 16.5947 -2.09717
544 33.2053 34.9701 2.26907
545 6.83935 24.9059 -4.319
546 35.7524 0.531449 -4.24518
547 0.606308 9.9251 -1.88816
548 37.454 0.599006 3.28967
549 0.559548 30.9637 3.08381
550 1.53081 26.0776 1.17597
551 27.9131 10.6696 -1.8989
552 14.5183 0.785091 -1.33546
553 8.09604 32.6786 1.48506
554 12.2408 6.33118 -0.664727
555 33.605 5.21938 -1.65414
556 39.8474 17.5717 -0.830064
557 9.80399 12.8825 -4.08711
558 28.5288 0.522621 1.24502
559 29.8802 29.279 0.649986
560 33.5081 21.7491 1.65968
561 0.144652 35.6389 2.71031
562 12.1238 21.252 3.61972
563 4.49902 12.9217 -2.97929
564 11.3934 26.7428 -2.43385
565 3.44984 20.6329 1.51026
566 10.9132 35.0062 -3.95959
567 25.2557 15.1806 -3.73845
568 4.74693 2.44333 2.2942
569 28.8626 30.1922 -0.813249
570 2.40745 29.912 0.192533
571 12.4069 12.785 4.17162
572 31.965 26.7082 -4.07295
573 24.1771 30.1705 2.78266
574 14.2289 26.4047 1.84015
575 15.9672 18.223 -2.58492
576 3.86799 1.19159 -0.685164
577 25.5596 35.1216 3.83109
578 9.41214 31.1722 -1.32359
579 14.6135 11.8846 0.364537
580 7.12954 26.801 -0.261449
581 6.6671 22.9056 -0.589535
582 22.7238 17.3507 4.58139
583 22.8633 32.7149 -3.92504
584 39.5202 12.7835 2.19008
585 3.01168 24.6148 -2.13834
586 22.8812 22.0149 -0.150476
587 28.8772 38.9991 1.38003
588 21.2556 32.8209 -2.4065
589 25.3527 11.4962 -0.554876
590 0.683438 6.99021 -2.57871
591 15.529 25.4203 -0.00813336
592 26.8926 28.8583 -1.80189
593 5.40822 21.8524 -1.28462
594 1.37559 5.4157 -2.80942
595 33.4824 26.2678 1.21925
596 37.905 1.13662 2.1391
597 28.2446 11.7929 0.466093
598 0.536699 15.9701 -0.715159
599 4.84076 34.6221 1.34173
600 1.2479 35.8712 3.48845
601 17.426 35.3936 3.04927
602 17.8546 21.3385 -1.94254
603 16.5456 6.13855 1.44207
604 33.3243 31.8728 0.766808
605 15.0986 24.5163 -2.18057
606 35.572 29.5083 -4.68828
607 38.9827 14.1146 1.4655
608 7.27847 1.14064 -0.609757
609 26.5997 6.63046 1.12474
610 31.0838 24.5245 -2.91146
611 39.6981 24.9276 -4.24106
612 21.1494 11.9801 -0.83849
613 18.9575 12.415 -2.7107
614 32.7506 1.21527 -2.99102
615 32.2263 6.10526 -1.61784
616 32.146 21.0026 -4.00689
617 27.9507 23.6244 1.82837
618 5.48835 0.051596 3.55342
619 20.3597 30.9744 2.56385
620 35.7954 2.49804 2.59623
621 24.713 16.9795 -2.6554
622 29.6934 9.70902 -0.778283
623 21.5623 15.9974 -3.17149
624 36.6871 5.76227 -2.63178
625 13.5465 5.9366 -0.99644
626 5.48194 38.2685 1.21841
627 2.09152 36.8398 -1.95215
628 16.9756 6.73943 3.20182
629 27.5992 6.80014 3.59704
630 38.017 38.9355 -4.31045
631 29.3116 1.91026 -2.09588
632 34.4084 32.5623 -2.97878
633 5.28275 22.9794 -3.06689
634 36.1848 10.7084 -1.24484
635 26.7383 25.3242 -1.67054
636 21.3552 12.1899 0.368709
637 5.47193 30.0224 3.07376
638 30.5 30.0282 2.43735
639 29.744 20.1672 -1.48007
640 8.38975 16.6439 2.58057
641 33.9995 5.0547 0.147618
642 12.1476 32.7978 1.43959
643 30.7236 34.8424 1.33069
644 10.3247 6.21703 -1.63664
645 8.35259 8.28564 3.25422
646 13.8726 2.51158 2.27731
647 6.56497 7.06132 -0.685091
648 30.1501 32.3043 -1.20311
649 12.9805 14.5357 2.55889
650 24.3166 19.8136 -3.72434
651 27.7022 20.9134 -2.30538
652 4.29316 29.4348 0.231014
653 8.04143 36.6833 -2.9027
654 24.9527 18.7886 2.71797
655 33.7702 30.8295 0.805416
656 10.1737 10.3103 0.748752
657 24.6671 8.44019 3.42597
658 8.3326 23.3673 -4.96514
659 4.64886 37.9864 -0.782225
660 24.7685 16.4064 -0.465953
661 0.671013 12.0166 -4.11125
662 35.5986 39.4695 -4.15945
663 6.50733 16.0518 -3.82813
664 36.8479 18.6258 -0.663399
665 31.6573 39.1463 1.1722
666 28.3674 1.32027 -1.21789
667 33.2521 32.0291 1.93967
668 13.989 30.1822 3.52121
669 9.92021 32.0984 -0.0254381
670 37.9909 31.0081 1.1323
671 33.0686 1.77933 -2.55841
672 16.3395 34.1254 0.561846
673 36.9677 5.35315 -1.03421
674 2.4239 18.8295 -1.016
675 31.399 17.0837 0.0309379
676 39.2861 1.96919 -0.86795
677 5.76798 21.7638 -3.09132
678 21.6901 0.016365 -0.882211
679 22.8781 21.32 -2.74642
680 21.712 35.3472 1.5056
681 9.98695 35.5886 -1.33073
682 36.8623 0.855325 1.49969
683 22.2508 25.022 -0.57491
684 2.71839 26.9782 -2.96005
685 23.4027 30.4831 -1.21726
686 1.89983 35.8457 -1.28649
687 19.0556 12.8042 -1.22175
688 29.5829 8.30204 1.2949
689 6.75524 6.82817 0.159003
690 10.746 37.9314 1.35091
691 18.941 32.6816 1.33465
692 27.4087 19.2161 -3.3468
693 0.578793 20.7617 0.459123
694 26.0097 19.1611 -4.72673
695 14.3586 30.1139 3.17276
696 16.938 24.0048 1.61517
697 29.5865 4.59393 -1.21674
698 33.4027 9.39171 -2.55136
699 36.4327 23.4213 2.92155
700 5.63586 0.5025 3.1769
701 12.496 37.6961 0.839964
702 7.50555 35.2589 -1.24523
703 2.34574 11.5902 4.2553
704 30.8048 39.6138 0.450473
705 5.9298 22.826 -3.81222
706 36.8544 35.2964 0.86744
707 19.7228 2.15849 1.34945
708 37.9125 18.6667 -2.14595
709 27.7786 16.9527 0.0621543
710 19.7157 0.555874 -3.88761
711 31.6017 31.7156 1.65068
712 28.7993 22.2627 1.18737
713 36.6886 18.595 -0.591624
714 26.5208 32.9464 0.619114
715 35.4637 31.7696 -1.94543
716 18.7242 32.1421 3.09573
717 14.8305 32.2567 -0.347089
718 2.2798 27.1639 3.16452
719 10.2538 31.2423 1.25701
720 12.0283 18.497 0.455728
721 18.3694 36.3232 -1.45636
722 4.31232 39.3778 1.67927
723 6.22195 0.140234 2.71808
724 20.3298 38.4793 3.80369
725 28.8141 33.2772 -0.326974
726 1.46866 28.8867 1.69991
727 10.8909 22.8562 2.0694
728 5.09568 36.4261 -1.53782
729 16.8335 2.78972 -1.75273
730 20.1528 11.2618 0.114033
731 30.4511 18.6617 3.47768
732 22.2104 37.6882 0.492774
733 28.6595 31.7605 -0.667142
734 35.6748 12.6905 3.11813
735 17.0991 33.3094 0.707072
736 22.1612 27.2536 -1.64095
737 1.83962 31.9531 0.523574
738 20.7931 11.9826 -2.71448
739 12.2183 22.1614 3.59603
740 31.5959 22.0832 -1.6664
741 7.47642 24.3418 -1.29798
742 15.5088 15.0894 3.36998
743 27.7821 23.341 1.13588
744 33.2601 20.6984 1.39871
745 15.5336 38.2949 -0.472108
746 16.8723 10.9809 -0.413291
747 19.2452 24.6245 0.984404
748 17.9954 33.3013 -0.615862
749 6.31276 6.07328 -1.37376
750 0.231336 34.3546 0.145402
751 2.93015 36.1061 -3.29107
752 6.05547 17.2742 -3.28828
753 17.9428 20.3635 -4.52039
754 30.566 26.0899 -2.58722
755 31.2308 7.35046 -0.115135
756 12.2327 8.56491 0.198397
757 6.59268 30.3597 0.291953
758 0.478084 20.0236 0.139705
759 9.90968 30.5936 -1.18013
760 34.9986 30.3594 2.55688
761 9.71593 19.2474 -0.610651
762 22.8764 27.5373 0.359232
763 2.05999 38.2154 0.805798
764 16.0528 15.8161 2.99267
765 37.4785 15.6587 -1.69345
766 7.00758 12.2318 0.891209
767 30.4286 8.17577 -3.78272
768 6.9868 15.5576 1.47175
769 16.4328 31.8581 -2.28866
770 3.47941 24.8231 0.249506
771 5.8411 19.4148 -2.05126
772 14.1986 31.9 -1.27093
773 34.0118 30.5283 -1.16249
774 3.42945 32.7099 1.30935
775 14.8516 6.84684 -0.169634
776 6.68315 11.1692 -1.77802
777 34.903 29.6704 1.20778
778 34.8907 29.2076 -4.77428
779 16.4113 3.25445 -2.40694
780 1.13509 4.65706 1.54397
781 7.8687 35.8209 -1.83206
782 9.93358 5.1309 1.56984
783 13.0736 12.6093 0.77526
784 36.5731 1.98496 3.44533
785 17.7062 10.0154 1.88108
786 4.22012 17.7649 -1.02272
787 35.4078 4.23748 3.37052
788 5.48295 32.9668 2.09822
789 37.8342 3.15902 -2.12719
790 13.2216 27.5383 -0.627887
791 13.2593 20.4513 1.28015
792 12.0141 19.0163 -0.29938
793 19.2567 33.7229 -3.66119
794 21.1701 23.715 3.766
795 0.0670192 3.97503 -1.45488
796 16.2622 13.0432 -0.835949
797 2.40871 27.5842 2.53959
798 27.7681 11.0568 -0.488966
799 29.8744 2.46933 -1.31784
800 35.3932 10.1086 1.46837
801 16.8064 17.9134 -1.78625
802 35.577 24.9255 1.43673
803 10.3602 39.6427 -1.43065
804 4.25119 20.8 2.48224
805 2.32962 23.4572 -1.76727
806 3.77398 29.2524 1.95902
807 30.1257 17.3902 1.90927
808 17.7508 30.0977 -2.26629
809 28.794 19.1028 -0.868682
810 14.939 34.2733 -1.89959
811 39.6012 26.1551 -3.36744
812 6.36205 12.3155 0.350075
813 3.86752 11.7211 1.37941
814 27.0614 36.2426 -1.71771
815 28.0763 17.0693 -2.22187
816 14.7415 36.0373 1.04364
817 17.666 32.4052 -0.0367376
818 10.1156 7.24264 -1.81085
819 32.0217 6.52942 -0.814949
820 7.63392 39.434 -0.136943
821 15.6879 9.47594 2.38463
822 5.42379 38.587 0.821696
823 25.2236 1.69378 2.69063
824 28.2588 13.7088 -2.15261
825 35.9083 0.423986 3.92088
826 6.21808 15.8292 -1.71796
827 35.1839 12.3143 3.17886
828 13.9389 15.7545 -0.15889
829 9.01098 30.818 -0.296188
830 11.0732 13.7626 -2.02547
831 18.5343 36.5538 -1.75075
832 35.4695 3.85948 3.33735
833 10.6285 14.364 -1.5448
834 19.5489 10.1918 -1.59642
835 4.4142 30.5625 -0.122013
836 22.102 32.778 -1.64969
837 31.5256 36.001 1.745
838 20.1164 7.666 1.07461
839 4.89058 13.9142 -0.487883
840 27.332 17.1811 -3.1775
841 26.3208 35.1158 2.53583
842 19.2882 33.4427 -1.75858
843 17.4804 4.88597 -0.728078
844 3.78912 24.5406 -1.95452
845 3.25796 31.6793 2.90456
846 6.55328 22.4136 -3.60045
847 39.5415 26.278 -0.643623
848 26.6707 25.8816 -0.846724
849 20.1104 19.4439 0.043929
850 31.885 36.0937 1.10903
851 9.70982 6.18989 -1.33226
852 28.0982 22.7666 0.489575
853 18.2391 18.4989 -3.71784
854 39.5212 39.3425 0.653661
855 15.4809 34.494 -1.63573
856 10.7675 33.0973 4.33514
857 12.9298 31.9188 1.61775
858 33.9759 28.8379 -1.53555
859 9.88064 36.8191 -1.08159
860 38.4166 16.4231 -2.43612
861 7.34013 13.5337 -0.645045
862 6.18148 23.7984 -3.77774
863 13.1501 11.1229 0.782407
864 11.6302 11.4023 2.58957
865 23.7878 33.595 3.10962
866 28.202 0.463129 -1.11596
867 27.0076 25.0019 -1.91593
868 31.3907 28.2865 -1.60475
869 4.70784 18.8412 -2.61977
870 37.0936 3.34753 1.57811
871 19.3641 26.2049 0.13332
872 33.3826 17.1288 -1.07548
873 9.48867 15.2994 0.939756
874 27.9817 12.6595 -0.943064
875 28.8722 0.485316 1.53551
876 16.3661 19.41 -0.17935
877 34.7806 15.8371 -1.44574
878 37.2966 39.8511 -3.00662
879 4.17891 30.2293 0.192222
880 33.5644 21.6835 1.20047
881 15.0785 21.1615 -0.695521
882 28.498 1.31247 0.830142
883 34.4696 30.6184 -1.00141
884 2.09847 18.4447 -1.13161
885 15.7863 13.5184 0.142672
886 19.809 22.6578 0.91137
887 3.70429 22.6363 0.0892322
888 34.7729 24.3291 3.44234
889 37.0385 4.76998 1.11578
890 14.0989 14.2504 0.88389
891 20.788 21.4089 1.44655
892 21.0665 9.98403 0.0215667
893 32.1024 24.5502 0.0827494
894 31.6781 26.1987 -1.60063
895 33.8077 5.1615 -2.24227
896 14.672 37.3635 -0.843462
897 3.1125 13.3303 -2.45444
898 20.7574 21.6006 0.663122
899 8.18512 21.7995 -1.40825
900 8.03506 36.9378 -2.3765
901 0.637561 36.2605 2.5452
902 4.00917 29.9193 0.110938
903 9.76133 35.7131 -2.80147
904 17.2989 38.0873 2.49155
905 34.8162 38.1308 3.19267
906 19.1265 14.0638 -1.64614
907 10.4395 23.1822 0.390187
908 35.4244 37.8838 2.45176
909 9.54883 35.8966 -0.517803
910 39.7219 22.9223 0.519261
911 32.7029 3.71948 1.20653
912 26.659 14.6871 -3.96959
913 36.4484 34.8609 -0.172948
914 39.7076 25.0661 -1.73008
915 36.8213 0.227411 -2.80715
916 36.037 21.7263 -0.781024
917 18.9935 24.418 1.11588
918 37.347 7.78202 2.45866
919 28.5351 24.6143 -2.49414
920 2.2426 17.8631 -1.12831
921 28.7843 19.7345 -2.79374
922 23.6753 19.6575 -2.83467
923 6.87035 27.7592 -0.54137
924 30.6338 29.4294 0.681694
925 16.0105 15.2636 2.87738
926 20.0535 12.0776 -1.656
927 1.4747 31.1142 0.939964
928 34.1379 2.4819 -1.99111
929 7.83133 30.9911 -0.215408
930 7.20034 2.91141 0.00989773
931 14.2071 21.9794 0.618943
932 30.0365 24.2548 -1.96789
933 15.6491 39.9074 -0.265959
934 29.7512 24.4562 -0.554561
935 9.02247 13.4776 1.48353
936 14.1096 17.9484 -0.899581
937 28.6794 4.13321 0.143566
938 13.0142 15.9377 -0.783191
939 10.7428 2.42133 -2.48556
940 13.7143 27.9696 2.04005
941 30.2889 26.3061 -2.29752
942 11.7813 19.4569 -2.74611
943 14.0501 4.71615 1.91076
944 8.16137 36.3591 -0.586451
945 1.33315 4.66598 3.91077
946 12.8441 16.0058 -0.0511332
947 11.5319 8.13428 1.61087
948 16.5406 9.92779 -1.72578
949 7.84267 7.78191 0.685668
950 6.01365 23.886 -0.976194
951 11.367 7.23343 0.0420395
952 11.9088 22.9524 1.71529
953 35.4224 18.9957 1.22946
954 7.93729 35.2921 -3.46821
955 8.59115 0.306602 1.52968
956 30.6779 14.6314 -0.653549
957 33.9569 17.2854 -0.297625
958 5.31834 3.55091 0.593366
959 36.1598 14.8238 -0.231582
960 10.0778 35.7627 -0.533367
961 6.93879 21.3698 -1.85859
962 14.7483 30.9154 1.07907
963 10.3 38.6995 -2.44544
964 38.4341 4.81162 -0.701922
965 36.3497 32.6923 -0.236581
966 12.5504 13.3675 1.11514
967 18.0824 36.824 -0.12739
968 38.9454 16.0919 -1.77053
969 14.5138 2.78892 1.04781
970 12.1988 36.3878 2.62989
971 21.802 15.1713 -3.69499
972 12.6651 18.1861 -3.25507
973 4.88678 22.3571 -2.41685
974 36.1175 24.7893 0.424805
975 5.54466 19.3948 -2.82826
976 8.1585 15.539 0.553435
977 7.28394 36.7331 -2.71371
978 12.7896 34.0141 3.50069
979 7.13272 7.16946 1.13092
980 34.309 16.7676 -1.12928
981 6.89338 21.706 -2.0232
982 34.0299 38.9363 1.42152
983 36.8821 21.7889 2.06018
984 12.2042 27.9919 -0.993737
985 39.9205 24.1409 1.7024
986 21.3155 21.2984 1.75815
987 10.421 11.1595 1.60133
988 7.62825 24.4056 -2.48855
989 26.7688 30.7148 0.310966
990 24.8607 16.8753 -1.46814
991 16.4363 17.8114 -1.15548
992 6.13187 11.7558 1.02262
993 11.2471 16.0897 -3.13487
994 24.5799 20.0396 -1.47834
995 12.0304 15.337 -0.610459
996 36.2495 23.8993 4.18549
997 4.17534 14.8015 -1.82842
998 34.9547 39.6693 2.83079
999 37.6524 5.38226 -0.811083
