1000
Particles
0 3.53716 35.4522 0.363412
1 28.5669 28.3807 -1.09487
2 15.3802 7.1774 -4.13344
3 11.6879 2.50129 -1.92598
4 22.2775 23.3781 -0.529221
5 13.9397 17.2972 0.94544
6 31.1486 2.22228 -1.55552
7 35.2987 18.1433 2.72514
8 6.96575 17.8651 -1.32786
9 4.35371 22.5259 -2.02698
10 23.4978 2.19252 3.90889
11 11.846 28.1495 -3.54345
12 32.246 34.2136 3.48863
13 18.8883 0.383901 -2.22271
14 18.2967 28.5632 -1.09864
15 17.3318 30.8455 1.25683
16 27.2805 30.281 -1.95172
17 38.7014 24.2035 1.15509
18 32.7806 16.3377 1.54199
19 13.8227 27.9435 -0.154475
20 1.91913 9.85543 -2.86696
21 39.7746 1.18062 1.54408
22 6.7988 5.9767 -3.75838
23 38.3003 24.1094 -0.261732
24 34.3601 5.35217 -1.26568
25 0.949575 28.3868 0.682672
26 22.8757 30.7295 1.37676
27 14.0898 8.29637 1.56321
28 13.9738 35.4517 2.12787
29 30.9017 3.53928 -1.76887
30 13.9677 16.8215 1.47296
31 12.545 12.3023 -1.72487
32 28.6818 38.8016 -3.78993
33 9.0053 33.1111 -2.25105
34 24.0601 27.875 -3.67806
35 25.7143 19.6575 0.934526
36 19.7031 2.50636 -2.203
37 32.6103 30.0195 -3.08026
38 31.7157 0.863475 -0.927758
39 34.7116 22.2745 0.623777
40 38.1518 36.2586 -1.86033
41 13.6065 9.94685 2.63856
42 36.4005 16.0788 2.78272
43 21.6797 24.6529 -1.58094
44 17.7354 25.4163 1.54643
45 0.904195 20.4938 -1.67894
46 37.5923 8.33567 0.60214
47 27.4837 16.4448 -4.14924
48 5.09502 39.3324 2.99179
49 7.54594 32.7719 -0.395003
50 5.95362 30.621 -3.49484
51 27.3164 5.57181 2.82789
52 33.7097 9.73305 1.17876
53 15.4571 4.88514 2.09177
54 21.9581 9.31489 -0.958471
55 9.79491 10.4946 -0.33352
56 12.5111 14.9483 3.6145
57 9.22735 34.6234 1.52127
58 31.192 27.779 -1.62425
59 5.89944 36.8471 0.854283
60 4.4735 21.6994 -4.24527
61 25.0192 35.3684 -2.05956
62 0.899675 5.93969 0.380059
63 15.0063 13.2746 -1.4875
64 30.8906 30.8349 -0.29322
65 12.1632 39.8365 -2.91517
66 2.71938 18.8702 -1.75572
67 23.7327 23.2147 0.834839
68 39.0535 8.14667 0.345548
69 11.7772 39.3026 -1.97498
70 12.233 3.0537 -2.15026
71 18.7732 16.2135 -2.83318
72 6.5054 13.6709 1.60626
73 24.8613 28.9546 -0.457025
74 11.2799 3.53252 -0.955649
75 27.027 31.6836 0.826014
76 31.0655 0.954117 -1.83935
77 8.04251 27.7385 1.77634
78 0.489699 27.8572 -1.37971
79 5.21609 39.0237 -4.54031
80 36.258 14.3115 -2.22212
81 15.237 36.2138 1.45023
82 15.0135 12.8154 -0.796534
83 12.5455 28.8092 -0.468896
84 25.5505 9.63125 1.06839
85 2.3929 17.9744 0.615303
86 20.2389 12.9955 -1.63059
87 27.1477 35.8986 0.197597
88 10.6042 1.00651 -3.81341
89 10.7752 3.83791 0.0630388
90 36.7586 31.7907 0.45059
91 26.4031 15.1217 -0.213136
92 17.5504 26.6502 -1.8675
93 12.5675 39.4328 -4.5606
94 14.0517 25.6649 0.0551768
95 15.8372 3.23743 -3.59915
96 10.0718 1.86297 3.07788
97 22.4761 38.6686 0.507315
98 2.3996 20.0687 -0.657145
99 13.1368 3.00936 -2.46251
100 37.0514 21.7882 0.611512
101 17.0793 23.0556 -1.1729
102 23.9341 36.7077 -2.46699
103 21.5387 38.5716 0.589265
104 19.223 9.90395 0.264977
105 12.7671 39.4632 -1.61458
106 33.6146 23.6046 3.72693
107 18.4829 22.3175 3.78661
108 38.5432 23.1084 2.91632
109 37.0517 30.2631 -4.28545
110 38.8623 32.7773 2.00481
111 34.2987 31.7934 4.67486
112 35.317 3.42067 2.42938
113 36.704 36.7036 1.88484
114 32.3652 21.8489 -1.38156
115 26.8259 16.5126 -0.390532
116 18.1507 30.5676 -2.38369
117 33.1703 31.4723 3.0071
118 20.5713 5.9747 0.391217
119 33.427 11.5421 1.12421
120 29.7422 33.6183 -1.0025
121 18.2254 17.0923 0.837736
122 29.1394 25.1272 0.180841
123 11.6029 27.5559 -4.08939
124 14.4858 2.07839 -2.95675
125 21.5785 4.72375 0.773839
126 30.7497 38.9027 1.92761
127 33.4813 4.54579 -0.115525
128 24.5824 6.05922 -2.42399
129 2.54737 15.2271 1.8597
130 22.8252 13.3912 -2.36179
131 18.8036 27.145 0.737709
132 15.4381 39.1284 2.30697
133 0.418648 1.65771 0.881986
134 10.3131 32.3112 -1.41368
135 19.8556 3.41739 -2.08924
136 30.5809 39.5316 -3.98786
137 24.5009 21.9091 -1.34963
138 4.8159 15.915 -0.184621
139 15.5227 35.6514 1.60795
140 30.0396 0.178945 -2.63474
141 27.3056 0.960652 3.36067
142 19.1181 16.2702 -1.48032
143 20.2663 20.3076 -3.83903
144 39.5536 31.9159 -2.87923
145 23.6567 28.261 -1.04987
146 35.0172 14.8621 0.533372
147 36.0619 30.6648 -2.81574
148 29.3958 9.17647 -0.339129
149 13.4937 16.1725 1.37002
150 10.4965 25.919 -3.58801
151 30.326 39.6685 -1.91251
152 18.627 10.5684 -0.278759
153 15.0534 8.66025 4.1831
154 26.7313 0.0872344 2.02177
155 38.8789 23.4482 2.64495
156 39.2315 24.5984 2.30508
157 20.2919 2.28115 -1.74214
158 14.4144 4.45715 -0.441648
159 27.4759 30.3717 -3.89203
160 9.37932 21.6405 0.826237
161 11.8923 23.096 2.97288
162 23.6641 22.4131 -0.91503
163 13.9193 14.1344 -0.175682
164 20.7401 8.32078 -1.13837
165 33.0101 3.13124 -1.43147
166 36.8833 2.53227 0.673904
167 4.55693 35.8444 -3.28773
168 33.5223 30.2958 -3.76177
169 3.40363 4.002 1.25841
170 32.3168 36.3961 1.07641
171 21.909 31.2907 -1.59542
172 10.8775 19.8145 -0.983148
173 33.9237 30.8121 0.832134
174 22.0233 9.00946 -0.696452
175 2.27187 11.9057 -1.65399
176 23.9358 20.9251 3.17698
177 11.8132 3.05423 0.399063
178 32.5948 27.5106 1.23677
179 21.1533 12.9138 -1.26562
180 17.9701 6.98117 -3.04599
181 11.9897 26.9261 -3.52623
182 14.3153 26.2935 0.405557
183 38.9743 20.5184 0.280275
184 3.84292 0.000902772 -0.727707
185 11.0647 10.4087 2.92421
186 22.4332 38.6601 1.22718
187 34.1818 7.78523 -4.03962
188 14.2025 9.78984 0.643115
189 9.77558 20.0698 0.440948
190 26.0133 19.6298 -1.18349
191 16.5907 23.963 -1.78303
192 3.57492 38.9263 -3.47613
193 19.1318 26.8128 -1.48958
194 19.9633 22.5965 0.462971
195 4.89984 18.2248 0.0373385
196 33.9471 1.18497 1.38845
197 9.5303 35.1515 -1.05322
198 30.6026 19.933 2.71806
199 19.3992 12.4401 0.608163
200 36.3839 36.449 2.73067
201 3.37065 13.5909 1.1302
202 10.0299 15.0715 -0.923005
203 19.1311 18.1976 -3.89383
204 30.2059 23.8186 -3.23683
205 8.76021 30.8166 1.78944
206 5.98003 4.27849 -3.1206
207 32.9257 1.25244 -0.356327
208 37.3026 22.1665 0.817985
209 4.60014 1.92246 4.28112
210 23.4968 21.3659 -0.715087
211 33.5557 19.3603 -2.33401
212 31.7411 33.2878 1.59222
213 37.2233 1.04744 -0.736994
214 27.5963 25.6269 1.37037
215 3.75753 14.846 3.70731
216 31.0619 28.8291 0.715008
217 13.203 7.11415 -1.7343
218 7.54691 15.7904 -3.03154
219 27.6972 37.9141 -2.47955
220 14.9619 4.81281 0.457856
221 18.2808 22.4272 2.52925
222 38.4089 30.6538 0.750884
223 15.5111 24.0679 1.39703
224 5.40732 28.9246 0.759866
225 0.100919 8.17151 -2.04958
226 26.6435 13.9961 0.498083
227 10.9306 8.17527 0.790353
228 14.3608 1.68228 -3.61912
229 4.58064 26.7344 -0.50368
230 35.166 37.8855 -0.0598164
231 16.7231 26.8666 0.35003
232 36.5681 30.9162 -1.28374
233 35.6495 3.03666 3.00622
234 38.4904 9.09512 -1.1699
235 2.51269 10.5747 -3.43879
236 17.9992 9.00597 -0.104456
237 14.4576 26.3422 2.79323
238 13.9512 12.2506 -3.1113
239 35.7598 9.23096 0.692765
240 17.306 15.9039 -1.46498
241 37.7165 25.8598 4.98429
242 31.5723 1.6357 0.740143
243 31.7595 32.0865 1.23931
244 5.13205 5.15472 1.21939
245 15.224 27.3164 -3.20407
246 25.8991 7.983 -2.15449
247 3.92759 4.95872 0.380732
248 8.1849 26.5542 -1.13901
249 7.55373 2.57101 -2.00584
250 25.3148 6.62727 -3.02028
251 28.7095 3.2125 0.0341516
252 28.3848 14.7234 3.60913
253 32.5483 16.4805 1.90569
254 10.2154 37.671 -3.31615
255 27.0486 22.0279 2.80677
256 3.69634 1.91188 -1.65748
257 27.1905 17.4053 0.595648
258 31.3697 1.39895 -0.358998
259 37.8247 19.7938 -0.63867
260 39.6815 2.74991 -1.06006
261 32.4951 20.7039 -0.882228
262 28.6806 37.7627 -2.15176
263 2.62689 31.7849 -2.6193
264 12.0205 20.4729 -1.5061
265 5.56597 27.9117 -1.53099
266 4.96165 15.3158 1.58294
267 10.1598 16.1632 0.0770528
268 18.7649 17.8822 -1.29619
269 0.426872 33.8734 0.776039
270 33.0574 16.4666 1.17811
271 0.939477 13.1486 -1.90182
272 21.2513 21.1313 -3.91763
273 36.7129 30.1998 -2.35519
274 10.0534 38.3247 -3.75082
275 10.3865 30.4661 -0.919021
276 32.1341 20.4068 -2.2461
277 1.2055 20.2563 -1.82086
278 4.63854 14.4508 1.84834
279 14.7195 29.1086 0.566936
280 5.91297 30.5945 -0.661907
281 23.8954 26.8898 -1.58778
282 10.1575 19.509 0.480367
283 27.1222 5.45995 2.95979
284 33.1849 16.7567 0.737148
285 7.71158 32.5895 1.24103
286 39.1328 7.19117 -1.93982
287 11.3839 15.4467 4.18837
288 2.16856 0.823515 -1.04607
289 11.3229 34.7355 -2.23108
290 30.2464 24.4607 -2.37968
291 18.3464 1.88685 0.823257
292 27.6391 21.5047 2.42019
293 19.0151 9.77933 0.541646
294 31.3979 28.5946 1.11688
295 16.6664 14.8761 0.756211
296 24.8561 28.7513 1.84641
297 39.4321 31.9278 -1.61115
298 22.3104 2.88245 -2.03713
299 16.2949 26.0596 -3.06027
300 16.7084 13.5815 0.256142
301 21.8732 26.8502 -4.50959
302 24.0765 1.81015 3.02075
303 0.818697 15.507 1.33386
304 12.4791 32.1 -0.794908
305 1.8752 21.5005 -2.18808
306 23.2923 20.3799 2.94708
307 13.3137 21.2783 1.63888
308 8.0428 28.7793 2.86637
309 23.9023 1.15632 0.78176
310 15.6101 19.0072 1.58635
311 21.2284 25.8322 0.148841
312 38.7842 25.253 1.87834
313 26.4026 6.55128 2.59478
314 21.5873 39.2339 1.63027
315 3.42154 36.7618 0.114558
316 28.2194 39.354 -2.76643
317 16.555 27.244 0.0508774
318 26.089 30.6501 -4.79687
319 6.044 5.35362 -2.91677
320 11.8999 19.2975 1.65591
321 28.2314 11.0831 -0.777477
322 3.64583 38.9416 -0.6579
323 0.202382 34.2351 3.84349
324 27.2309 15.1889 4.07808
325 11.3536 30.5556 -2.01196
326 14.3559 7.75769 2.61358
327 12.4514 35.4942 1.77172
328 13.0586 32.0265 -0.750358
329 15.0046 15.4802 -1.52566
330 2.62324 11.5764 -2.89988
331 21.7244 7.93901 1.99182
332 36.2032 2.84274 2.57791
333 33.0697 28.7515 -0.259949
334 13.8575 8.19547 3.66141
335 3.05278 34.0712 0.823185
336 24.2161 9.01167 -1.73831
337 9.55126 21.6235 -1.02024
338 25.0732 25.206 -0.597011
339 3.49673 31.6284 -2.44149
340 19.1681 12.808 1.64694
341 31.3609 28.573 -1.61224
342 18.5724 10.1026 -1.4281
343 8.16466 16.7599 3.23664
344 12.9383 2.01471 -0.779427
345 1.17073 32.4136 -1.75143
346 18.724 11.8394 -0.00189382
347 7.85241 37.4733 -0.541027
348 10.8104 15.2612 3.23576
349 20.6887 25.0374 1.77244
350 6.55775 16.029 2.46875
351 38.2729 24.6975 2.87502
352 27.1248 22.0946 3.4299
353 22.829 16.3799 1.72404
354 3.20345 32.1307 -1.55428
355 16.9637 19.2031 0.887325
356 2.6358 34.054 0.320009
357 7.03628 8.0167 -2.35484
358 16.8051 12.4789 0.989048
359 25.6783 22.9934 -1.90245
360 32.207 29.6092 0.747936
361 29.0657 31.7903 2.87598
362 30.9005 30.1602 0.425255
363 33.5508 15.9481 1.02613
364 14.8722 12.5052 -0.337289
365 38.5741 33.5448 -0.022146
366 8.10962 38.7011 -3.51397
367 4.51324 39.3464 4.24076
368 21.2081 7.28953 -0.262347
369 19.031 9.34809 0.0296927
370 24.9014 34.4255 0.474095
371 39.7143 17.5519 0.682998
372 22.6634 25.4378 -2.04803
373 17.542 19.5963 2.68732
374 10.5224 16.5275 0.967152
375 8.3748 10.5878 -0.855176
376 37.8822 28.8608 4.4944
377 33.8548 10.3214 -2.03725
378 17.0834 7.16522 -0.898698
379 1.96436 37.0276 -2.59836
380 34.9474 0.115064 -1.27659
381 16.9424 0.149013 -1.28765
382 2.32903 13.1251 3.19002
383 18.3685 26.3157 -0.837852
384 29.6708 6.64126 0.0271482
385 17.9972 26.1125 -1.32117
386 28.0713 9.0186 2.38424
387 2.47617 2.85737 -0.922585
388 34.2822 31.7118 4.27054
389 18.6101 35.5794 1.05802
390 31.4764 7.58565 -1.20587
391 11.9191 12.235 -0.842199
392 25.9188 15.8614 -2.00463
393 21.0835 38.3703 2.0906
394 28.7012 12.1492 -0.222824
395 0.021664 14.2693 -1.86148
396 18.3937 39.9334 -2.81497
397 4.86552 18.7451 0.199999
398 28.0731 31.1628 4.56114
399 29.0953 14.149 2.85429
400 5.03091 2.76843 -4.46684
401 29.7301 28.3089 -0.448895
402 1.52027 10.2913 -2.86899
403 9.44277 28.5997 3.84484
404 23.1419 30.1653 -0.23833
405 5.57414 22.8552 0.68608
406 18.1283 11.1898 2.7949
407 1.80879 12.2184 -2.92779
408 13.8804 4.42546 1.77749
409 29.786 10.1452 1.692
410 17.6509 25.7029 2.10517
411 17.2188 36.0654 2.1686
412 3.64543 3.99638 0.166878
413 4.04201 21.764 -2.66423
414 12.3383 3.61254 -0.7942
415 10.009 25.5936 -4.97026
416 3.68 32.9195 -2.88437
417 3.43988 1.86353 -1.40172
418 24.5048 20.8271 1.25145
419 27.5545 9.11105 -1.9153
420 24.9066 1.29232 1.51166
421 9.13092 11.9019 -0.721552
422 9.5508 15.4472 -2.98589
423 0.854559 9.26491 -1.01166
424 22.8757 17.072 3.00607
425 21.9747 1.86756 -0.842605
426 11.1762 17.3703 1.72399
427 19.4117 26.5393 -0.372529
428 10.9177 3.64634 -1.72378
429 36.6125 5.3609 -3.0981
430 11.5712 16.8513 2.98099
431 4.06008 9.50537 1.24764
432 14.2004 31.0823 1.54584
433 25.2412 20.7271 0.642742
434 15.0552 20.02 -1.18782
435 38.57 31.0922 1.05846
436 34.7316 31.5597 3.11813
437 6.655 4.66196 -2.98015
438 0.225714 39.3852 -3.13037
439 37.419 21.4838 2.28841
440 18.5903 9.32116 -2.80631
441 21.5149 35.9384 1.67149
442 18.2313 12.5957 -1.85343
443 17.3901 26.8839 1.014
444 13.8397 22.8858 1.21581
445 14.1652 19.5268 1.79339
446 21.3008 5.17067 -2.216
447 11.7391 10.359 1.5677
448 31.3545 21.159 -2.80941
449 15.7832 16.1392 0.731885
450 7.01905 21.4565 0.893086
451 33.7383 17.9144 1.27882
452 11.3997 8.33208 1.62499
453 5.87172 16.7214 2.26672
454 35.1938 12.4049 2.69108
455 24.8886 0.127036 2.75743
456 15.1883 15.3282 1.34069
457 25.6713 14.6373 2.92641
458 20.1677 19.2801 -4.18656
459 20.192 38.2728 2.80064
460 7.85838 38.5405 -1.71626
461 11.9704 3.03305 -1.24517
462 23.6419 22.0069 1.69256
463 4.012 32.2661 -2.80334
464 27.3986 35.5461 -0.705805
465 33.2351 9.72984 -2.04816
466 33.335 23.8798 3.80377
467 10.3117 31.7901 -1.01306
468 11.1828 30.6219 -3.62797
469 25.7428 33.9757 -0.286977
470 11.7099 15.6126 -3.48402
471 29.8007 30.2983 1.71193
472 16.5588 2.11175 -2.64456
473 16.4064 0.386451 -1.79844
474 6.17065 38.7855 0.346989
475 32.6951 38.7983 -2.38478
476 14.5389 17.1297 0.894703
477 7.89955 34.7995 4.27492
478 30.9025 26.1104 1.27451
479 35.1336 31.3884 -2.31739
480 36.3378 27.6508 -0.997741
481 33.1878 0.946078 1.97373
482 12.5089 39.5989 -3.03555
483 8.50753 35.3208 1.08062
484 24.5502 1.35414 2.47997
485 1.80078 34.4049 1.04372
486 15.8016 26.4019 -1.70426
487 29.4048 31.3884 4.72435
488 0.433055 9.18307 -3.99663
489 19.9497 10.0173 -0.758038
490 36.5224 7.20619 1.70462
491 17.5114 16.0819 -0.743075
492 22.1085 37.76 1.09902
493 39.0939 27.6882 -1.1719
494 5.37399 16.4157 2.49236
495 37.5023 8.57657 1.42872
496 23.5005 31.4643 4.03385
497 14.1918 33.1786 -3.31506
498 19.2663 12.2541 -1.6637
499 9.93611 18.0357 -1.18128
500 12.0685 9.09015 0.754833
501 34.0608 8.46607 -1.99419
502 5.62676 4.16589 -4.03755
503 20.4284 26.5661 2.00448
504 4.09627 0.689712 -0.700471
505 11.9219 10.0867 2.20527
506 26.2019 26.5811 -3.02609
507 22.3951 10.9977 -2.35648
508 12.0812 30.8282 -1.35889
509 18.676 39.133 -1.78548
510 34.8479 7.53647 2.11688
511 23.384 29.3405 0.0447017
512 32.2231 28.5524 -1.05796
513 18.0171 24.2856 -0.405959
514 3.66126 34.005 -1.53527
515 13.9712 14.3871 2.41038
516 17.8309 35.2965 -0.182424
517 14.244 15.8968 0.307057
518 38.0617 38.2381 -1.18408
519 22.7085 22.3044 -1.55753
520 0.174201 7.61767 -0.54265
521 38.8631 35.3866 1.23195
522 29.1391 22.3065 -2.94684
523 10.9117 19.324 -1.36591
524 14.9551 21.465 -2.93071
525 12.7742 16.9032 -2.37591
526 17.1405 25.7485 -0.0406118
527 14.2128 4.14939 1.97265
528 19.3728 6.07119 -0.537198
529 34.0303 32.9629 -1.5689
530 29.9429 16.5758 0.730669
531 27.6129 0.263738 3.1465
532 20.5689 39.9893 2.13266
533 1.67362 31.4354 -0.329728
534 7.28345 28.1779 2.77672
535 28.9762 8.20066 1.67542
536 34.7772 14.1541 -0.937152
537 3.0417 26.0143 -2.19791
538 19.4497 38.7478 1.77557
539 20.8367 16.5213 -3.65002
540 39.1163 16.9315 -1.55592
541 22.2598 24.7174 -0.881015
542 33.6089 37.9646 1.46794
543 7.19156 18.9918 1.08646
544 37.625 29.844 -2.61468
545 2.94092 19.7778 -1.05965
546 33.8043 39.25 -2.52014
547 4.43157 11.3096 -1.25405
548 35.2805 36.7517 -1.36217
549 39.3392 28.6428 0.0959358
550 37.9365 28.87 -4.43121
551 35.0531 9.13651 0.457264
552 12.9412 0.942941 0.224466
553 10.997 30.8144 -1.26035
554 12.2952 2.9488 -0.292244
555 34.7228 9.04805 -1.87071
556 2.35022 14.3367 0.553988
557 9.46412 11.2362 -0.960857
558 28.3797 5.28151 0.526216
559 31.4332 35.9313 3.41362
560 35.5469 23.4366 1.06348
561 3.51254 38.7919 -3.33275
562 9.67169 22.3583 -1.56283
563 6.13891 12.345 -1.33792
564 7.85849 24.7228 -4.20779
565 4.57044 19.7609 -2.52948
566 20.6858 38.0935 3.45473
567 29.5529 19.1978 1.69388
568 2.3353 6.65536 0.34153
569 30.3717 30.0822 3.56059
570 7.0769 28.8912 2.43528
571 14.2288 10.2585 2.70922
572 25.7339 25.2033 -1.23524
573 21.0441 31.7113 -0.471931
574 9.5254 21.8611 -0.618342
575 11.1206 15.8634 4.83366
576 3.07751 4.30609 1.79775
577 21.2407 34.3138 -1.45691
578 13.0493 33.9527 0.718616
579 14.5629 15.4786 -1.09513
580 7.20574 26.5703 1.63433
581 5.91411 26.3603 1.74036
582 15.8702 22.9043 1.16954
583 18.4303 27.165 -0.571613
584 4.87599 14.5867 3.58778
585 3.31408 22.2983 -1.00507
586 24.3899 20.695 1.22423
587 29.1402 37.6036 -0.229605
588 20.2707 37.8448 0.94907
589 22.5426 10.3198 -0.159812
590 0.519775 6.5427 0.592809
591 12.2648 27.4864 -2.46179
592 22.067 27.0987 3.87493
593 9.35472 18.8465 0.0838629
594 6.04984 6.84176 -1.47316
595 31.1722 28.7293 -1.85306
596 3.73927 38.227 -2.20861
597 29.3137 10.8821 2.98013
598 2.49097 12.8954 -3.57569
599 10.3063 1.08122 3.87542
600 37.996 37.4277 -1.8119
601 20.8167 35.7546 1.41075
602 16.034 15.148 0.460094
603 16.4114 7.30735 -2.27862
604 30.977 32.6365 3.00185
605 18.3349 24.6406 1.44376
606 38.7476 30.4964 2.88454
607 39.6916 10.1151 -2.43
608 5.18628 5.26333 3.01411
609 26.7644 10.8839 1.1352
610 32.112 29.9808 2.47697
611 36.0203 24.639 -3.29242
612 15.8097 7.6848 -2.16372
613 17.152 9.03825 -1.4718
614 34.5163 36.2684 -1.95382
615 33.5297 5.64095 0.849296
616 33.6493 18.4062 -0.192597
617 23.7053 28.7854 0.217269
618 2.61123 1.99379 -1.52125
619 23.6448 29.175 -0.976608
620 37.9026 2.36029 -4.82499
621 25.1774 20.5338 2.42965
622 30.1551 5.19073 1.79713
623 18.3085 19.3135 3.01226
624 39.7326 7.89705 -2.7583
625 12.3238 6.38738 -0.351422
626 3.68841 1.66696 1.5963
627 7.99609 36.7243 -0.509275
628 19.4515 6.3876 0.334545
629 24.8976 8.1222 0.212588
630 0.965182 4.99629 1.1936
631 29.4086 39.6518 -1.93849
632 34.4685 32.1718 2.90735
633 5.66239 20.2538 -1.01395
634 36.4192 10.131 1.40934
635 27.5245 24.8884 3.98015
636 19.2574 11.0426 2.97386
637 8.102 32.0091 -0.46629
638 31.5209 31.9397 1.69505
639 27.4116 24.7624 1.12859
640 5.12135 18.6734 2.60859
641 35.0055 9.23977 -1.8214
642 14.2421 31.48 -0.581518
643 28.2501 36.6306 -1.60226
644 11.7639 39.8107 -3.19437
645 7.05077 6.75198 1.24435
646 13.4619 2.98886 -3.24778
647 12.0444 3.59158 -2.30744
648 27.2933 30.6338 -3.33925
649 14.5384 11.879 -1.91855
650 27.5113 21.8567 1.69129
651 28.7092 20.6074 0.629654
652 5.76002 29.8236 -4.25033
653 6.41661 38.2934 -0.95893
654 24.4775 17.7029 -0.000881954
655 28.8085 31.8813 0.970659
656 14.0699 9.77373 3.61003
657 30.8697 10.8988 0.0731079
658 7.56081 25.034 -4.43377
659 2.11803 2.6968 0.761876
660 26.0299 19.8385 0.0332545
661 4.35705 15.7737 1.79634
662 38.3875 39.0942 1.30663
663 2.38309 19.4595 -1.34292
664 35.8768 19.1891 1.69488
665 37.6725 33.9305 3.0321
666 26.6574 0.320692 0.162761
667 30.8408 30.7786 -0.19034
668 10.3919 32.0184 -3.18461
669 9.67546 31.3083 -4.90478
670 33.0689 30.9488 3.73625
671 37.9981 39.0294 3.00876
672 14.352 36.7758 -0.799178
673 2.44297 10.8658 -3.32524
674 3.34012 19.744 -3.30131
675 29.8364 10.8047 -0.425406
676 0.763353 5.69457 0.186229
677 9.90026 18.4226 -0.139749
678 24.7237 1.92591 1.73614
679 19.6794 24.9717 0.918724
680 27.6098 36.581 -2.45978
681 14.8223 33.755 -2.01417
682 37.5782 39.0196 3.15016
683 18.8049 26.4454 -1.27124
684 6.3385 24.4029 -3.56857
685 24.9809 21.9723 -1.92539
686 39.3627 33.5719 -0.730789
687 21.2088 21.2025 -4.72567
688 26.0765 10.7503 2.05246
689 6.56351 4.7791 -1.52109
690 7.87147 4.11163 1.28402
691 17.6589 34.4209 -0.433241
692 27.4592 16.9537 -0.29015
693 0.790748 21.981 1.40835
694 31.059 14.6219 -1.76793
695 11.9106 27.7228 -3.08782
696 17.6584 24.3767 -0.838795
697 23.9253 1.8489 2.90598
698 0.6313 8.84007 -0.444233
699 39.4175 27.5975 -0.891162
700 8.13608 39.2148 -2.2734
701 12.1549 1.39281 -1.29615
702 7.93687 36.4972 -1.72727
703 2.37538 11.532 -3.40456
704 29.8897 39.6563 -3.75857
705 4.23411 21.7643 -1.06537
706 34.28 33.6859 1.26819
707 20.7595 38.9749 1.18772
708 38.6968 24.1393 0.897373
709 28.5583 14.8792 0.758991
710 12.1946 0.999827 0.176131
711 35.2622 31.7203 -1.82144
712 30.6865 25.0391 3.02184
713 38.7006 18.5368 -2.28733
714 29.896 39.1653 -3.90916
715 36.9254 30.1404 0.0986328
716 15.9982 31.7889 0.430219
717 17.6707 30.548 2.66879
718 2.97439 27.6664 -2.1689
719 8.9928 29.0085 3.44098
720 16.9756 17.4614 -1.9423
721 21.2723 34.5173 1.10393
722 4.43491 2.75362 1.38262
723 8.28374 36.7848 1.22844
724 21.6174 0.549619 -3.15697
725 27.1743 30.0263 -2.40712
726 0.811963 28.3031 -0.68159
727 13.4273 21.8278 2.80971
728 2.15421 32.631 -2.96729
729 15.8026 3.06097 -0.979101
730 23.0883 9.02418 1.13408
731 0.600104 17.7271 0.894387
732 23.1284 0.58477 1.03561
733 25.8983 28.934 -0.979422
734 38.3596 8.60245 -2.86777
735 14.0339 31.6096 -0.287407
736 24.6533 24.9891 -3.04771
737 2.43085 32.9403 -3.5199
738 18.6833 11.7845 1.89526
739 10.3953 18.7297 -3.70244
740 30.5082 20.8942 -3.11071
741 1.66723 20.8993 -0.586804
742 17.4398 20.4356 2.76914
743 25.5661 21.0256 1.33903
744 30.7044 21.0347 -1.78367
745 20.6774 37.0871 1.29234
746 15.9712 8.73423 -1.42375
747 15.1688 27.3945 -2.28926
748 14.0699 32.7845 3.89433
749 12.2304 1.84034 -1.07173
750 6.6338 33.2974 2.1184
751 39.4774 31.9974 -1.69796
752 9.53328 20.2382 0.990552
753 23.5006 21.7373 1.09236
754 26.8276 25.8066 -0.199591
755 35.5334 6.35211 2.22061
756 11.4734 10.585 0.211442
757 3.01284 33.0973 -2.25989
758 39.889 16.2954 -2.80605
759 7.71247 27.275 0.691612
760 39.078 27.4355 -2.27312
761 5.54728 14.2698 3.59326
762 17.9462 25.9689 2.04008
763 6.57704 39.2243 -1.30649
764 14.449 15.9278 1.1841
765 38.2913 20.6689 0.590226
766 11.5705 12.4402 -2.23972
767 35.7309 13.0028 2.19143
768 8.89485 21.6016 -0.338575
769 10.7463 31.3884 -2.51637
770 6.99734 27.7598 1.93637
771 10.6289 18.998 -2.4074
772 10.4622 30.6061 -3.87328
773 35.1497 30.786 -4.41103
774 0.0606572 31.4684 -2.63661
775 15.2217 7.25444 -3.07967
776 9.76247 10.92 0.070643
777 34.6874 24.3931 -3.28624
778 33.2196 30.5958 1.13336
779 17.9868 5.06514 0.580518
780 38.5713 6.4624 -0.732253
781 14.1382 32.7214 3.73063
782 6.83115 7.66532 -3.55455
783 16.2709 15.6469 0.633225
784 33.0245 39.5237 -0.526188
785 19.5938 11.5224 1.96104
786 10.3473 16.8048 2.24793
787 38.7749 7.39469 0.635199
788 2.87384 28.0689 -1.12946
789 1.84644 3.06909 0.733597
790 7.38512 24.2869 -1.85604
791 6.69329 20.6846 -0.153153
792 10.1027 18.9433 -3.17624
793 18.2094 36.7886 1.63176
794 21.5522 25.2202 1.17486
795 2.58024 1.69853 -1.76667
796 12.1963 15.9571 1.25356
797 39.1255 32.1251 -2.13239
798 35.2551 10.0438 1.03596
799 31.5743 2.6668 1.78973
800 37.9924 12.3325 -3.06456
801 17.7599 24.2348 -0.12829
802 34.1439 24.1421 -2.65804
803 11.2939 0.744205 -3.87392
804 1.36099 20.8114 -1.87919
805 0.521495 26.1232 0.248081
806 6.62473 30.6437 -1.28487
807 29.3422 18.714 -0.552136
808 16.918 31.0585 3.25663
809 27.0647 28.1351 0.851628
810 18.3714 28.1635 -0.123689
811 38.406 23.9101 1.34594
812 8.43315 4.5465 0.402267
813 7.4443 9.49838 1.05476
814 28.5552 38.4736 -2.74763
815 23.8825 18.441 0.739001
816 17.3208 39.9124 -1.70555
817 17.4854 35.0211 -1.14431
818 3.69583 1.40226 1.75876
819 30.3456 8.84768 0.752285
820 11.7197 39.5455 -4.60826
821 12.8532 6.05933 1.97093
822 5.97263 36.9929 3.52513
823 19.8424 2.3419 -3.95621
824 26.9602 15.4836 3.10957
825 39.2834 1.13229 -0.386199
826 3.83882 16.2489 0.589475
827 35.5666 8.26104 -0.604944
828 15.2972 16.3146 0.84411
829 12.8282 33.0512 2.23863
830 11.4579 15.6435 1.62635
831 23.1871 35.4752 -1.83454
832 31.7051 0.614459 -0.54811
833 15.4454 15.3882 0.58101
834 15.9443 8.01222 -2.94259
835 3.06022 32.6033 -3.55021
836 17.992 29.3651 0.0215894
837 28.4304 37.3606 -3.29428
838 17.0731 3.5738 1.63044
839 11.0267 14.6198 -2.84819
840 25.5583 17.6676 -3.56617
841 26.1506 36.4665 -0.950235
842 22.3459 34.3436 0.63722
843 21.3108 2.47643 -2.90085
844 5.13992 23.1626 -0.0940924
845 7.48633 31.4702 1.21604
846 5.12569 17.136 3.10533
847 39.8595 23.6459 3.70031
848 23.4469 25.224 -2.07616
849 20.4053 19.4463 -3.51104
850 36.8691 34.1186 3.2261
851 7.24515 0.137546 -1.81189
852 32.5262 24.1993 -0.210009
853 17.2287 18.1422 -2.28377
854 6.84609 38.5847 0.624453
855 12.864 35.1162 3.3044
856 11.6384 30.7449 -1.89451
857 10.6848 31.2329 -2.96846
858 30.9605 30.0999 -3.21844
859 11.0472 32.4284 -1.32672
860 1.42607 18.9851 -0.63626
861 5.15027 16.1196 0.409918
862 3.5655 24.7261 -1.12657
863 18.0668 10.5421 0.873268
864 12.8367 7.82698 -1.12021
865 18.725 27.6623 -0.538739
866 28.5962 39.2239 -0.837275
867 29.8335 24.1798 -0.819093
868 32.5588 31.0674 3.86724
869 1.5877 18.536 -2.76142
870 39.5954 5.05208 2.14629
871 18.4584 20.1284 0.206666
872 37.2624 15.5144 0.951469
873 9.11205 18.8096 -2.09004
874 21.3038 12.1595 -3.08041
875 31.8489 1.29027 -0.416091
876 20.0582 25.6446 2.88909
877 39.3025 14.9702 -1.94622
878 38.6572 3.28225 -0.62415
879 8.29837 35.3432 1.01355
880 33.3335 23.1283 3.98797
881 13.7417 21.9217 1.28313
882 27.7532 5.94932 1.58083
883 37.4904 26.7213 -4.11266
884 35.8334 14.198 -2.00918
885 15.6546 7.92619 -2.2623
886 18.4037 18.4059 -4.00899
887 3.21717 20.4746 -0.840744
888 32.584 31.2637 2.78981
889 36.8602 5.59558 -1.89732
890 13.2192 11.1349 0.391547
891 22.3741 22.7447 0.230806
892 27.5947 12.8162 1.1196
893 31.9355 22.0989 -3.09884
894 23.1199 27.9098 -0.134759
895 34.4847 8.27196 -1.29379
896 14.7814 39.3901 1.03228
897 4.34938 12.7402 -0.968618
898 26.2995 19.3702 -0.284602
899 9.2224 25.6256 1.51378
900 11.3043 0.051827 -0.940353
901 1.87081 2.37212 2.07673
902 5.89263 29.61 -3.25249
903 17.7056 34.7293 1.53455
904 18.3513 38.0716 -0.431194
905 35.2829 34.8351 1.08676
906 20.8581 13.7504 -0.712591
907 11.9113 25.9066 1.4007
908 30.6096 38.8223 -2.01877
909 10.5918 0.567968 -3.54174
910 1.51634 24.1693 3.03508
911 37.6857 3.0351 -3.84683
912 25.5827 18.2897 -3.64781
913 33.2519 35.2592 -0.392016
914 37.7645 23.956 1.55934
915 38.2842 1.19174 -1.24043
916 39.8572 17.8779 -2.00977
917 16.077 24.863 1.34449
918 34.678 6.6436 1.3028
919 23.0348 30.6598 1.51418
920 1.07662 21.049 -0.166184
921 36.0476 18.9991 0.233282
922 25.7931 17.1676 -1.79898
923 5.78866 25.6916 0.714606
924 33.2209 25.255 -0.0252507
925 14.9521 13.5486 -2.272
926 16.3321 8.4145 -2.0928
927 37.5379 30.253 -3.13119
928 33.2285 39.4793 0.338085
929 13.0787 29.1692 3.43749
930 8.52272 4.55976 0.476462
931 9.72672 24.2917 -0.518636
932 32.8565 21.945 0.302538
933 18.3907 39.7256 -0.939922
934 29.2719 17.8163 -0.866345
935 7.65339 10.9583 -2.83123
936 15.2946 17.1707 -2.34322
937 21.9599 3.24274 -0.638736
938 17.614 18.8233 0.892258
939 10.8233 3.61348 0.81422
940 13.0546 24.6855 0.411711
941 33.323 25.3708 -1.53364
942 4.00274 17.9494 0.0852839
943 14.0166 4.376 -0.32182
944 8.8904 4.54863 -0.163112
945 4.19001 9.57258 2.98382
946 16.0882 18.4255 -2.39658
947 12.2398 10.2695 0.986549
948 20.4115 6.80295 0.30165
949 9.12494 8.98157 3.46296
950 6.88173 28.2754 -0.502504
951 11.5469 3.7753 -1.21003
952 11.9671 21.3885 -2.05619
953 35.2772 23.3753 1.84438
954 10.8598 31.607 -3.06435
955 6.40904 3.92876 2.80593
956 27.0042 15.7972 2.93957
957 38.9541 17.5018 -2.42436
958 4.75448 3.763 3.69465
959 37.6827 17.3145 4.36659
960 10.737 29.4766 0.640475
961 6.89682 27.3066 2.46097
962 13.646 26.0868 1.04686
963 8.63989 38.583 -4.20305
964 39.7858 9.78653 -3.66229
965 39.7412 30.9987 1.06133
966 15.2363 12.1661 -1.00984
967 19.2091 39.2372 -0.707172
968 38.143 13.8462 -1.8552
969 16.8036 7.34299 -1.28731
970 13.8256 1.32012 -2.82672
971 17.7486 20.4581 0.863283
972 13.5656 17.5258 0.665798
973 2.47591 19.3238 -1.23371
974 37.8821 25.6716 1.81804
975 6.53843 19.9063 -1.60691
976 6.63947 15.1198 2.80009
977 5.06231 39.8754 2.12029
978 9.18017 35.1854 1.65994
979 11.374 2.45233 -0.796207
980 30.7955 11.1701 -1.8349
981 6.70932 19.0359 0.227931
982 3.65271 38.0772 -1.25848
983 35.5501 21.8054 0.213833
984 9.82091 28.817 2.11737
985 38.7731 27.308 -3.16319
986 19.1477 21.9386 3.88927
987 12.4868 11.5517 2.34165
988 10.7703 19.1542 -3.13197
989 24.0041 31.9173 1.36344
990 19.1011 19.7607 0.985993
991 13.9189 21.3818 2.82655
992 11.2558 3.83044 -2.75201
993 14.9767 11.9034 0.282619
994 22.6919 19.4519 4.7346
995 17.1501 9.66191 -0.557563
996 37.0569 21.4005 0.917086
997 4.84834 16.3915 0.178012
998 36.9282 34.2489 3.8796
999 36.1649 6.1231 0.345554
