1000
Particles
0 2.58153 31.7513 3.21217
1 33.3436 28.9263 -2.35652
2 17.2818 5.36118 1.31627
3 7.95164 34.1506 -3.91339
4 18.5586 23.3187 -0.194384
5 15.1712 9.18576 -1.07279
6 30.3962 35.8088 -0.476802
7 34.6995 23.1715 2.74961
8 10.0899 22.6846 -0.974832
9 38.32 22.9296 -1.48722
10 23.134 39.3904 2.69292
11 2.1368 30.9454 2.7843
12 31.4396 34.0421 -1.63258
13 11.1278 5.66666 1.01023
14 30.6159 26.2243 -1.47595
15 15.004 26.4212 1.51788
16 28.2309 34.5547 -1.20503
17 32.5455 18.551 -1.72771
18 34.6894 11.1475 -2.82287
19 13.181 24.7471 -3.82962
20 1.95844 7.35542 4.06366
21 37.9469 2.20052 -2.24545
22 5.62074 8.96995 3.16768
23 36.472 20.9622 1.7798
24 38.3533 8.1311 -2.99169
25 2.03213 31.7241 1.18944
26 17.5846 34.4646 -1.04603
27 13.8271 10.4893 0.0448003
28 7.2381 30.4327 -0.878617
29 28.9586 39.4745 1.2553
30 15.4185 19.8804 -1.92038
31 8.86748 16.781 -1.70478
32 25.6443 2.26103 -3.89905
33 12.8913 33.8312 -1.71175
34 28.3264 26.0124 -1.6148
35 24.281 7.9834 0.326037
36 11.84 0.308647 -3.19242
37 35.0334 30.0572 -1.38425
38 29.9251 0.320394 -0.796898
39 36.381 19.2092 1.16187
40 38.7969 33.3364 -0.613289
41 11.9296 13.3101 1.13868
42 37.7515 20.6824 4.46434
43 19.8651 30.945 2.37142
44 22.6607 29.7171 0.4431
45 6.62373 24.5135 -1.01765
46 38.9024 5.56568 3.78339
47 25.6448 13.6947 1.49197
48 5.44381 33.3599 1.69823
49 3.35839 32.7115 0.0419265
50 2.65572 37.8048 -1.26898
51 26.9344 37.0421 1.82496
52 30.2479 9.83076 -1.5527
53 16.2284 4.22528 0.787471
54 24.9522 21.053 1.58293
55 8.24382 14.9368 -1.65808
56 16.3805 11.0848 0.354811
57 8.32002 38.1352 1.69705
58 31.8817 22.3532 -4.31748
59 8.61924 32.3908 -2.42697
60 7.58362 22.9519 -3.29301
61 15.686 33.5452 1.14597
62 38.1998 1.72517 -1.46013
63 8.40232 16.4351 -3.04586
64 37.0321 26.2422 -0.0669885
65 4.58814 39.4678 0.0178165
66 0.92434 19.7504 1.87399
67 28.0373 23.2674 -0.916361
68 5.44544 5.57255 -0.504529
69 16.7943 0.226477 -1.56576
70 9.30988 5.67886 -2.88045
71 20.4046 14.9949 0.200763
72 5.4859 9.21513 -2.44386
73 20.6743 26.7687 -1.83949
74 6.34644 10.3057 -0.961204
75 35.8027 34.3752 0.577767
76 26.5802 7.47296 -0.34837
77 8.31522 26.253 0.373501
78 5.72163 39.3421 2.41682
79 2.51893 38.4336 0.380715
80 31.2536 11.7708 0.146684
81 4.67701 35.8007 -0.793437
82 14.8644 17.1142 -0.783732
83 13.8869 29.3329 1.36913
84 25.8193 10.083 0.227276
85 4.03739 18.6222 -1.50078
86 17.3531 9.95303 1.00897
87 26.5299 36.6539 3.32472
88 6.4707 1.02366 0.146906
89 3.85696 2.27126 -3.27152
90 2.33169 35.3714 0.0343837
91 25.6194 17.6966 -0.849413
92 17.1009 28.3995 -1.01623
93 11.4691 1.38052 -1.65624
94 17.382 26.0463 0.813636
95 17.291 2.59701 -0.548118
96 7.27505 35.2535 -1.76041
97 14.5132 0.117797 -1.04928
98 0.706411 21.0285 1.80336
99 13.1138 7.66652 -0.898791
100 30.2526 22.9736 -0.985131
101 21.8672 24.7851 -0.879912
102 19.8912 36.4605 -0.123392
103 12.3366 0.596026 -3.24853
104 22.7208 5.20662 2.64779
105 13.041 36.1785 1.50265
106 35.2902 21.9382 -0.0331921
107 19.5243 22.711 2.6175
108 33.7844 23.5831 -3.97589
109 38.7076 32.366 -0.246037
110 3.01113 38.0637 -0.197559
111 35.9549 33.3035 -0.693238
112 30.3945 0.700908 -3.12769
113 34.5273 32.069 1.93873
114 32.1436 24.937 -2.08414
115 29.8902 18.029 -3.49641
116 20.0017 34.1084 3.59315
117 30.6117 28.6159 0.948101
118 23.9018 6.22387 -0.688457
119 34.7617 11.0917 -0.980167
120 20.0857 29.7103 1.06207
121 20.487 13.3489 -2.55519
122 37.026 24.5031 3.33604
123 6.84038 24.9048 0.700656
124 11.2527 38.7109 -1.38037
125 23.2091 36.9727 0.870816
126 32.5791 31.4663 -0.243762
127 34.0824 5.09852 0.639341
128 31.7451 0.714272 -2.47298
129 7.50184 12.5276 2.55788
130 25.6033 9.97923 -0.225084
131 23.4192 29.0476 -1.96109
132 18.4641 39.8049 -3.20288
133 39.8032 36.3887 -0.716718
134 11.2336 33.3877 -0.743779
135 11.7474 0.902414 -3.26029
136 25.8811 9.74093 0.275082
137 22.1308 24.6077 2.63541
138 6.54142 14.2671 -4.14597
139 17.2254 1.54125 -1.24874
140 30.2559 39.3425 1.7626
141 27.0424 39.1175 -4.25546
142 19.9263 13.0285 -1.60727
143 17.414 23.9755 -1.25777
144 2.96234 31.8975 0.369362
145 23.7304 27.003 -1.5102
146 28.7413 15.9012 -2.88066
147 39.3085 35.61 1.40209
148 33.0983 9.67631 3.8375
149 11.5624 15.1832 0.352642
150 13.0588 28.8152 2.51208
151 31.9427 4.96569 3.36461
152 14.4127 17.4974 -1.66197
153 19.3479 6.90804 0.460764
154 26.206 37.5472 1.13663
155 39.9884 25.0371 2.43525
156 35.5978 29.0305 -0.361174
157 13.0334 1.80746 -2.98682
158 12.4293 38.5084 1.6899
159 20.5937 30.5859 1.29703
160 2.98757 16.4292 2.43027
161 10.3861 26.0292 1.62102
162 27.2734 26.9922 3.57987
163 9.5768 10.3102 3.42959
164 16.6545 8.48029 2.76663
165 29.909 9.64608 -0.18567
166 35.0105 5.3963 -0.0234145
167 7.84784 32.5364 -2.73271
168 34.5884 22.6039 0.465158
169 38.2856 1.29541 0.72338
170 37.7271 32.6754 -1.77235
171 23.609 34.0345 1.4499
172 39.3918 16.902 2.36936
173 24.171 32.7606 0.751766
174 22.0651 6.65493 -2.66155
175 3.92539 8.16196 -1.78591
176 19.2679 19.9546 0.323846
177 15.9936 2.72384 0.787504
178 29.7995 24.786 -1.95309
179 22.6642 13.3709 2.58174
180 14.9638 5.03859 0.574829
181 7.55562 31.4696 -0.387357
182 14.8813 20.7748 -4.83491
183 1.51211 16.2948 3.09997
184 3.76665 39.0233 -0.422024
185 4.13885 8.33552 -1.79469
186 21.9274 36.7759 -0.147053
187 3.68735 7.18972 4.57699
188 15.5815 17.8133 -4.1285
189 4.77995 23.022 -2.34635
190 22.781 18.283 -2.87935
191 14.9366 31.7654 -0.293408
192 33.095 0.574277 -2.43922
193 20.9506 24.7292 -2.60772
194 17.6487 23.9137 -3.55558
195 5.94149 14.9025 1.69018
196 28.8727 36.0278 -3.47411
197 12.0132 37.3251 3.42888
198 31.7583 21.5841 -3.99331
199 17.7817 9.50227 3.7767
200 35.6199 39.1906 2.07101
201 3.04417 15.1371 -4.39337
202 8.7812 19.2925 -2.32271
203 22.7987 15.752 1.85398
204 32.6633 31.0616 -1.89841
205 2.17896 32.7558 -2.09394
206 15.1403 1.37364 -2.19338
207 35.615 1.44459 2.47022
208 32.4458 20.363 -2.31049
209 9.78241 38.7481 2.36465
210 17.619 23.0705 -0.491078
211 35.5593 18.7544 2.62843
212 33.3209 34.6463 1.75777
213 36.1784 4.75996 0.548777
214 28.1431 20.5737 0.621008
215 38.5308 16.8483 -0.720007
216 34.8487 28.9988 2.5625
217 8.37117 11.1588 4.35069
218 13.2147 13.9744 -3.66336
219 26.6128 39.3168 -2.62185
220 10.5975 1.64956 -0.980336
221 21.9669 16.1103 -0.449081
222 36.628 31.7901 0.943067
223 16.8105 26.4321 1.74745
224 4.83805 30.0313 2.16393
225 34.0809 5.90112 -0.586478
226 28.9753 17.008 -0.775137
227 5.51256 10.5901 1.95957
228 12.7283 1.59485 -4.11489
229 37.036 20.5523 -4.489
230 32.6456 4.24047 -2.19799
231 16.049 32.4811 3.07341
232 31.8562 38.8188 -0.802757
233 34.2773 7.43022 2.11416
234 2.49175 7.43932 3.20657
235 39.5456 8.49371 -3.51641
236 20.3594 0.591788 1.66228
237 16.9166 24.1036 -1.55432
238 13.539 8.99014 1.37665
239 33.6107 15.5569 3.17452
240 14.2498 16.7122 -1.29186
241 2.65273 24.2544 -3.097
242 35.3289 38.5238 0.67351
243 31.8905 37.7562 -1.38179
244 5.23997 10.6542 2.46153
245 17.3224 0.365103 -3.02754
246 29.9549 2.05662 0.088863
247 0.151129 35.929 2.81125
248 6.48008 27.3768 -3.54998
249 8.30432 39.2785 -1.54539
250 20.2578 7.86556 -0.168061
251 35.2346 39.6001 0.662661
252 29.7492 17.5104 -2.16321
253 30.9969 12.4912 1.6932
254 3.52488 38.0461 0.763518
255 29.9876 24.1756 -1.14551
256 3.539 2.70936 3.58164
257 30.7663 17.8064 -1.0935
258 21.3591 4.83724 0.721238
259 38.2659 13.1904 -2.55321
260 39.28 4.42058 -1.4262
261 32.9553 27.1499 2.5172
262 30.0289 35.8363 -3.44371
263 4.51382 2.07127 -1.34067
264 11.2686 25.0728 -3.58597
265 36.1825 30.8924 -1.82541
266 37.2928 12.6637 2.39608
267 7.50303 25.4583 3.4541
268 13.8852 17.623 -2.14596
269 31.0458 38.1236 -0.810109
270 37.0903 8.96346 -1.28422
271 33.8801 6.00046 -0.773701
272 19.9986 17.9534 -3.00029
273 30.9026 35.527 -1.32619
274 12.1618 0.200905 -2.20676
275 12.0619 25.2064 -2.24601
276 31.4417 19.6425 -1.77515
277 4.64605 16.6633 -3.28142
278 2.9392 11.7855 -0.682695
279 17.0537 30.9587 2.68017
280 6.20158 28.8429 3.79314
281 23.8057 21.4058 -1.83428
282 4.16504 16.4643 -0.337788
283 22.5748 36.8922 0.960198
284 31.8009 18.6831 -2.48689
285 2.06028 36.7191 -0.406788
286 35.2075 4.40526 1.79991
287 20.196 13.5729 -3.27508
288 2.25869 0.847189 -1.41843
289 8.19527 38.7444 1.65079
290 28.7551 25.841 -3.01695
291 11.408 0.985793 -3.90103
292 30.8009 19.0061 -4.03392
293 14.4266 7.01162 1.93079
294 23.8267 27.268 -2.04004
295 16.5567 16.5483 -1.89083
296 21.4845 28.4156 -0.887566
297 39.2187 33.3674 -1.48574
298 18.5823 39.8912 -1.32128
299 17.012 29.976 -0.478864
300 21.8933 14.8944 2.67063
301 28.3119 26.3797 3.61774
302 23.6859 35.2824 1.88555
303 1.24677 16.7019 4.75163
304 3.00254 32.5452 2.50018
305 0.457855 19.1411 3.22107
306 20.3528 13.3934 -2.67585
307 13.1736 19.002 2.72685
308 4.48216 27.6362 -0.412526
309 19.0608 35.4807 1.07226
310 18.4197 24.1023 -1.99925
311 23.0166 15.5661 2.13223
312 37.286 30.6835 -1.70431
313 23.446 3.34879 -2.31835
314 17.5539 2.44549 1.62864
315 4.75048 36.3773 -0.307294
316 35.9698 35.5397 -0.835018
317 18.3931 27.471 -1.57354
318 26.6045 32.9262 -3.32253
319 9.96105 10.1193 2.80239
320 8.94208 19.0646 -0.962749
321 23.3252 5.90702 -1.41735
322 38.805 33.0931 0.280159
323 5.17141 37.8842 1.67109
324 26.0097 18.6096 -0.161023
325 13.6747 29.7098 -0.112556
326 11.4113 15.7649 -0.432474
327 13.0737 33.313 -1.64756
328 15.0754 35.7625 1.54186
329 10.4201 22.3362 -1.04727
330 33.9355 17.131 1.97254
331 23.082 0.500879 -0.84031
332 33.6028 5.12815 -1.30009
333 33.2414 23.0569 -3.29144
334 14.7482 7.62111 3.76936
335 5.22243 0.913632 -2.69366
336 19.6838 6.28763 -0.91455
337 8.28941 22.1653 0.702773
338 19.4774 19.771 2.41143
339 37.903 31.4146 0.47898
340 15.665 18.9859 -1.75824
341 29.0391 26.7888 3.81342
342 13.456 13.3532 0.97698
343 9.64859 16.2741 -1.51813
344 11.2655 39.9435 -0.0216262
345 38.5749 27.9319 -1.02419
346 17.5544 13.6086 4.27444
347 5.64521 36.3092 -1.35695
348 10.0479 22.8467 -0.56484
349 17.0938 24.4629 1.14478
350 13.7091 13.105 -0.383595
351 38.4803 26.9193 -3.3874
352 30.313 26.1724 -0.053272
353 21.685 14.7389 1.04921
354 5.12091 1.93504 -1.75662
355 18.595 22.6782 -2.97891
356 37.8035 0.330068 -1.85907
357 13.1035 16.6558 0.558859
358 12.9473 13.0441 1.56451
359 22.9152 30.4849 0.35494
360 31.6961 21.9704 -3.66288
361 29.3206 32.2172 1.46629
362 36.9567 20.9825 2.50679
363 37.3993 8.23988 -2.00813
364 8.29036 9.71828 -2.4931
365 5.84965 37.5834 1.84801
366 11.5828 3.3665 0.0959531
367 11.3348 38.6656 -1.02759
368 19.8978 11.1739 4.30165
369 13.7066 8.32423 -0.524066
370 21.2736 32.1156 -0.0759655
371 26.2799 17.3366 -0.184051
372 21.4599 29.9104 0.457614
373 18.6723 14.6204 -0.737118
374 8.67294 10.1668 -0.670517
375 9.67695 11.2095 1.51424
376 38.1004 30.5161 -2.71688
377 36.3446 4.66346 0.191069
378 12.8902 3.86484 -3.33775
379 2.94399 32.3553 -0.837733
380 34.2075 30.4601 -1.12564
381 12.6412 39.1568 2.01922
382 5.36986 14.1331 1.58082
383 20.9743 36.8978 -0.00999237
384 31.147 11.4077 0.341459
385 15.8034 28.2203 -2.437
386 25.4824 8.94963 0.506471
387 33.0168 36.476 -3.69726
388 30.9611 31.9169 -1.48572
389 12.8679 4.71037 -3.22844
390 28.1274 12.6667 -2.95112
391 9.41917 16.4504 -2.93836
392 23.3156 16.0856 -0.667392
393 17.4257 0.164483 -1.40713
394 26.8674 5.96652 3.20918
395 38.776 11.6341 1.56534
396 8.15081 37.8943 3.65221
397 5.39264 12.6204 -0.0695334
398 34.1802 37.9518 0.165956
399 34.1955 13.1316 -1.98442
400 39.4166 0.50476 0.952173
401 28.3689 24.7703 -1.89299
402 31.3533 12.814 -1.02292
403 6.17874 27.452 -3.06975
404 22.0179 30.6727 0.84964
405 37.9989 21.4596 0.631745
406 18.5624 7.97865 -1.77182
407 37.5091 7.95737 -4.38002
408 10.8909 5.4041 -1.64631
409 26.5806 4.92876 2.01378
410 18.211 25.8619 2.33086
411 17.3918 30.5961 0.999968
412 1.22463 0.619161 0.0969921
413 8.47223 15.1645 -1.41369
414 6.35907 5.7308 -0.476736
415 11.1912 25.165 -3.68396
416 8.31822 35.9373 -2.76239
417 4.54463 39.1148 0.492423
418 27.1428 24.9848 2.10582
419 19.7866 11.4502 2.69622
420 26.9666 3.70528 -1.36399
421 6.35192 13.0435 -1.08271
422 10.8658 17.6335 -2.18958
423 33.8855 6.35481 1.28633
424 21.1827 20.3151 -2.9341
425 15.3212 2.49718 0.182167
426 8.39589 20.1296 -4.28123
427 18.9828 28.5555 -4.32932
428 10.9601 7.05344 -0.988708
429 0.587134 6.74001 -1.34916
430 14.0452 14.0058 -1.70899
431 11.4534 10.7551 -0.840037
432 18.2992 33.5768 0.0805546
433 25.9097 22.184 -0.959298
434 14.6006 22.0759 -1.5802
435 35.6598 32.8395 -0.696131
436 39.5706 31.261 -1.11226
437 11.1824 1.89297 -1.39825
438 0.540236 33.2352 1.22717
439 36.4442 18.6903 1.38809
440 23.0446 6.76082 -1.83037
441 10.9987 0.27074 0.412791
442 11.1441 16.648 -0.90056
443 21.2542 18.9353 -2.0699
444 14.5497 21.8218 -2.13776
445 12.4104 22.4112 2.12024
446 14.5482 8.48201 0.542198
447 11.9927 2.1262 -3.17479
448 31.6987 24.4723 -0.897794
449 16.3801 16.6995 2.74967
450 0.0960928 13.3513 1.63534
451 34.6799 11.4996 -1.38151
452 10.4119 16.3568 -1.46983
453 6.78938 21.9341 1.47712
454 36.9596 7.26056 3.54983
455 31.1539 37.7957 -1.09271
456 10.7066 13.6689 0.342149
457 23.976 14.0743 -0.615763
458 25.5126 17.5973 -0.466987
459 12.5894 39.0732 -0.411511
460 5.56988 39.6635 1.84806
461 4.4945 2.76436 -2.49653
462 18.6553 19.7397 1.66779
463 3.46942 31.5935 1.12099
464 32.0257 27.2159 2.69522
465 25.287 13.0851 4.54567
466 35.2439 29.4324 0.749653
467 10.0411 34.9519 1.05978
468 18.777 34.4695 1.93888
469 24.4622 37.9861 0.273437
470 8.27222 19.7407 -4.12119
471 37.4559 25.0655 3.73361
472 16.1059 1.45286 -0.283426
473 13.4645 32.9449 -0.0246301
474 10.8384 38.0138 1.29789
475 33.9384 4.57975 1.7844
476 12.2076 20.919 -0.142572
477 9.08267 37.839 -3.56227
478 28.4271 26.9802 2.91994
479 38.5229 29.9412 -1.27713
480 35.3981 19.5284 1.20232
481 28.4656 2.15678 -0.440468
482 9.89638 33.6005 -0.814582
483 5.74694 34.7736 0.659876
484 21.0151 36.315 -0.714121
485 6.14888 0.167034 -1.85468
486 17.5602 27.5806 0.23874
487 31.957 32.1482 0.955262
488 37.307 5.20535 0.880296
489 25.1232 39.8525 -2.32668
490 6.18029 9.2534 4.18162
491 19.6257 14.521 0.963792
492 21.1502 39.8307 -2.40904
493 3.27067 25.4102 1.88019
494 9.74631 15.5058 1.92307
495 31.1294 7.18633 -1.04212
496 21.7157 27.0779 -1.09378
497 6.24212 38.3813 2.10952
498 18.6746 17.54 0.0700216
499 9.40592 20.5415 -2.23792
500 8.723 14.6138 -2.04353
501 29.9743 11.5711 2.23424
502 2.60323 1.69049 0.770759
503 23.963 18.4578 -2.8882
504 2.9365 1.70557 -0.306795
505 8.4991 10.0065 -3.00035
506 27.6506 24.5321 -3.88863
507 21.7903 7.02138 -3.26547
508 7.22225 30.478 0.964136
509 16.7886 0.790989 -2.38334
510 28.7672 9.83981 1.5071
511 24.2233 36.5866 2.09292
512 30.7442 22.1342 -2.99509
513 17.3215 24.3982 -0.832295
514 2.52621 31.6252 0.716275
515 15.2423 15.5589 1.55
516 17.552 0.204468 -3.02073
517 12.4335 18.2242 2.62111
518 6.18296 5.60574 -1.76858
519 23.5742 17.8263 -0.988074
520 38.7052 0.362277 -1.33323
521 34.9411 34.4777 1.20608
522 27.4813 22.5861 -0.373956
523 7.44658 19.0512 2.37517
524 13.6311 22.8633 0.0658707
525 8.64996 10.9198 -0.742234
526 11.9607 27.7159 1.37634
527 12.8081 39.9322 -2.85422
528 22.0162 3.84533 2.25056
529 33.8491 37.671 -1.19271
530 31.899 15.1318 -2.13378
531 28.8129 0.669773 1.51142
532 21.0675 38.9541 -2.36462
533 10.3865 35.0855 0.334373
534 9.9024 20.9176 -3.67489
535 33.775 3.8662 1.56424
536 35.7208 16.0678 4.10241
537 2.59877 30.6741 0.877688
538 10.3987 39.4696 -1.41218
539 15.927 6.26686 0.723306
540 32.3884 16.3915 -2.67252
541 17.7861 21.5523 0.909832
542 31.6436 34.1026 2.18141
543 7.41267 16.212 -1.33155
544 34.3875 35.3393 -1.75301
545 13.0146 28.8241 1.92073
546 38.6579 0.114392 2.01374
547 1.74785 9.49711 -1.17383
548 38.377 35.7951 1.19777
549 39.0265 32.6556 -2.25555
550 1.83778 26.0521 -1.8272
551 24.0787 10.9785 0.232832
552 6.82476 3.96181 -2.55735
553 11.9839 30.3172 3.21913
554 13.7461 7.83136 2.49789
555 36.9659 7.63521 0.779096
556 37.5588 23.1701 -0.32827
557 10.0149 17.2768 -1.73256
558 30.4148 0.478844 -2.61864
559 31.7564 26.7709 0.289226
560 32.2376 21.5089 -3.31274
561 2.11683 31.0295 1.5286
562 8.86822 25.506 1.83234
563 6.28636 11.4037 -2.18887
564 14.9829 24.3688 -0.884877
565 4.31598 19.4348 -3.49077
566 13.3171 35.253 1.34702
567 24.5276 14.0349 -1.64849
568 2.49053 0.527875 -0.670362
569 28.6209 25.3605 -3.82305
570 38.7275 30.8196 -3.06374
571 13.4561 12.7192 -1.60895
572 33.6536 28.4749 2.49258
573 21.1313 31.8149 2.18529
574 14.4844 23.8246 -0.736551
575 15.9398 16.308 -0.384328
576 5.39366 1.78765 -3.25412
577 23.9661 32.5793 2.80489
578 11.445 39.2195 -0.702874
579 12.0521 10.6462 -2.0444
580 12.19 29.0727 1.56773
581 8.36093 27.722 -2.13694
582 22.1199 16.6582 1.4328
583 21.0134 36.8278 -2.02849
584 38.852 8.9773 4.37676
585 2.18035 26.3592 -0.14101
586 19.0377 21.7077 3.80617
587 28.6701 35.892 -1.35597
588 21.5132 34.2457 1.10178
589 26.824 11.6649 -0.0016975
590 2.68402 7.4595 3.53363
591 13.2468 23.3725 -0.396285
592 27.8759 26.2736 -2.31726
593 8.69087 26.1464 1.29162
594 0.699095 3.02472 0.730026
595 37.4554 25.1168 2.72261
596 39.2477 38.5568 3.23563
597 29.3783 12.1679 1.65921
598 1.56829 11.0601 3.2296
599 7.6465 32.8811 -3.87593
600 6.86981 39.4478 3.54941
601 21.6947 37.1057 -1.71423
602 17.7253 23.1918 -1.0693
603 17.3089 6.33863 1.80708
604 30.8419 33.8995 2.26692
605 11.3368 26.3112 -3.15655
606 35.616 26.2557 -1.85177
607 0.147232 8.53705 -1.84825
608 2.45483 1.52315 1.18808
609 24.1287 3.71316 -1.2096
610 31.3961 28.6686 -1.7813
611 0.181492 23.8353 -3.4482
612 22.3797 10.4697 0.303581
613 17.8738 12.5436 3.86485
614 32.5643 0.160501 -1.57024
615 34.0651 7.3299 -0.194956
616 36.3871 23.9256 3.65582
617 23.6006 26.6012 -1.28343
618 6.01341 39.8923 -0.0187088
619 20.3704 33.5713 2.17107
620 36.9565 3.31387 -1.56074
621 24.5628 21.1929 3.81927
622 25.4891 9.44638 0.380699
623 20.3366 15.8544 -1.60406
624 33.8464 5.70808 -1.39862
625 14.1492 7.29511 2.73338
626 4.85082 37.6402 -0.527415
627 2.08496 36.2241 -0.756329
628 17.4752 7.40668 -2.69299
629 26.4283 4.97963 3.38372
630 39.6739 35.345 1.35759
631 23.3227 1.26339 1.5378
632 33.3813 34.2656 0.913375
633 6.28644 27.6728 -3.93947
634 36.9862 5.68162 0.815743
635 27.4455 25.9221 1.11921
636 23.0491 13.6917 1.16459
637 7.53844 29.6809 0.465124
638 30.6762 26.8056 -2.45207
639 32.0348 15.5252 -1.62912
640 8.44008 18.3118 -2.46103
641 30.8243 5.35606 1.72069
642 11.9067 32.6922 1.46307
643 32.8131 34.0037 2.05201
644 10.1598 8.59571 0.966055
645 5.97426 6.36937 -1.65656
646 12.826 1.78927 -4.37615
647 6.66752 11.0063 -3.55039
648 33.377 35.4567 -3.1248
649 14.2472 17.4364 -3.57288
650 25.5592 20.1487 0.155227
651 29.6088 19.222 0.0114898
652 7.14585 30.2508 -0.372598
653 8.79007 39.3237 -1.05262
654 23.2397 17.1368 0.192915
655 35.8145 33.3697 1.64539
656 8.40363 12.8681 3.95755
657 25.0664 6.8774 0.368144
658 8.75631 25.7833 2.61997
659 4.94351 39.7011 -0.974323
660 21.9532 14.7281 1.48033
661 5.24757 15.3617 1.99117
662 35.0669 35.9861 0.223341
663 4.6879 18.1225 -0.840983
664 33.7121 17.8887 2.60011
665 34.3734 39.1208 2.24972
666 24.3307 1.58415 -0.258621
667 34.0807 34.7173 -0.485691
668 13.336 32.868 -1.4081
669 12.7726 36.88 2.40968
670 35.3488 31.0005 -1.18175
671 27.7313 5.3734 0.953078
672 16.7266 34.4104 -0.252195
673 38.6464 1.66671 1.3732
674 2.0574 18.3344 -2.71651
675 31.8549 17.3445 -2.79038
676 33.5256 0.28604 1.27108
677 3.33781 20.504 -2.21284
678 25.6508 0.352714 -1.26165
679 25.6151 21.703 -0.874976
680 19.5599 35.3771 0.203433
681 5.72901 39.3888 2.93238
682 36.1558 39.1784 2.25729
683 21.7559 27.4811 -1.78243
684 6.08482 30.8601 -2.15472
685 23.9995 29.9441 -1.82578
686 3.45288 37.1264 -0.290399
687 17.8157 11.6735 2.16772
688 26.7354 5.23182 0.86851
689 6.38819 3.83752 -0.339876
690 13.7199 36.2222 3.49478
691 18.0441 32.7665 3.18215
692 25.7742 19.896 2.34099
693 0.56116 20.3761 0.5385
694 25.2831 22.3341 -0.042886
695 16.914 26.9772 1.57262
696 17.3078 24.4826 -0.0573609
697 31.1872 7.33228 0.243329
698 30.6922 12.1809 -0.696498
699 35.5195 20.2054 2.32436
700 2.94732 0.302581 -1.21027
701 11.9842 2.15673 -3.68368
702 3.13061 38.0945 -1.58438
703 1.05594 11.7454 1.17187
704 29.8088 37.6347 -1.05665
705 8.61014 29.5745 -2.54701
706 39.777 35.8261 1.4812
707 17.279 2.32404 1.02871
708 0.0291238 18.7195 -1.35255
709 22.9955 15.7157 -0.918394
710 17.1191 1.1578 -0.599208
711 33.8928 30.6792 -0.990193
712 33.0377 24.2135 -3.12996
713 34.9182 19.572 -0.371407
714 22.9684 31.1544 2.499
715 38.8259 35.2808 0.233356
716 16.33 29.9309 0.377025
717 15.5339 34.1578 0.740942
718 4.25373 28.8661 4.33591
719 9.68841 29.9603 3.93205
720 11.7009 22.8391 2.92772
721 21.9841 39.7467 -1.791
722 4.22897 1.15272 -0.577903
723 5.59036 0.830234 -1.11418
724 22.1609 1.45988 0.752477
725 25.0303 37.1125 2.65235
726 2.41905 26.0629 0.0318307
727 6.60922 24.0301 0.510231
728 2.62191 0.662872 1.18172
729 16.2433 1.40889 -1.64823
730 18.7671 10.5213 1.18053
731 31.211 17.1045 -3.47306
732 25.8847 36.3175 3.31785
733 29.8231 31.6157 1.27221
734 32.9611 10.5035 1.15048
735 19.2847 34.8812 2.9699
736 17.2408 29.466 -0.706721
737 2.28849 31.588 2.64038
738 23.337 14.4829 1.51875
739 13.4755 22.5456 1.24185
740 34.0352 24.795 -3.2026
741 9.95838 26.7577 -1.6672
742 15.4449 17.1695 -0.780073
743 22.6848 25.2685 1.21
744 32.0299 21.9087 -3.95296
745 13.3815 38.9391 -0.747337
746 15.2416 11.5791 0.294977
747 19.0356 25.9361 3.1337
748 19.0027 34.3273 3.24996
749 5.70921 3.27004 -2.62876
750 1.9885 32.6137 0.764426
751 3.05383 32.2138 -0.136959
752 9.17182 17.4671 -2.93883
753 16.2612 22.4023 -0.564483
754 35.9226 23.9109 -1.39396
755 27.2359 8.36481 0.405121
756 9.38034 4.28572 -2.6782
757 12.182 29.4018 1.04143
758 36.7712 19.2338 0.805445
759 4.85937 30.4504 -4.23992
760 31.682 31.2459 1.84753
761 10.6638 23.8051 -1.20793
762 20.3967 24.6744 0.00472702
763 4.88024 0.80032 -2.0721
764 19.5737 11.4778 2.32195
765 39.6415 15.3955 1.4704
766 10.0468 10.8647 1.80433
767 30.3532 8.3718 -1.29922
768 9.10344 16.372 -1.31876
769 15.1389 35.7586 0.80012
770 2.61859 24.5886 -0.702849
771 6.3882 18.3784 -1.40937
772 8.45444 33.4009 -4.46347
773 33.1677 29.0948 0.152037
774 1.1691 36.2938 -2.34215
775 16.2689 6.53705 0.0638747
776 9.10025 14.3948 0.251155
777 34.5048 28.4359 2.35655
778 35.0682 30.3565 -0.126008
779 15.8474 2.09588 0.342737
780 39.7843 1.52346 2.50017
781 3.0273 37.3608 -1.717
782 6.55217 7.52771 -1.17409
783 11.4848 11.5479 -3.36847
784 35.9807 2.18242 1.94116
785 15.3713 7.6423 -2.03035
786 4.58458 15.7161 -2.04566
787 35.5965 4.93821 1.88293
788 5.34355 32.3766 3.10198
789 35.5737 3.72617 -0.376604
790 12.8804 30.6702 2.67535
791 11.8095 24.6166 -3.05577
792 11.9937 21.9104 -0.0853511
793 18.7366 35.5059 2.69847
794 21.3493 24.9394 -2.59859
795 37.8407 4.46587 -0.665538
796 15.9418 18.5154 -4.00582
797 2.20852 27.9783 2.8374
798 23.5672 14.1881 -0.978132
799 28.8996 7.30877 -0.048155
800 35.4869 7.33312 -2.42879
801 20.2801 14.8621 1.67928
802 37.2638 27.7287 -0.503999
803 11.1615 0.0348115 0.330344
804 5.49342 19.5883 -3.06544
805 2.35955 25.1526 -3.86743
806 2.78911 29.9655 4.4764
807 27.6219 16.6977 -2.10416
808 15.8098 26.6565 2.61605
809 28.5547 18.9321 0.777649
810 14.8435 39.2181 2.69356
811 0.305199 25.2632 2.79854
812 8.15045 12.2393 3.33467
813 2.77917 8.97392 1.66378
814 25.9249 0.67477 -1.32641
815 25.9126 17.6874 0.33467
816 15.8735 0.698657 -3.14633
817 16.8297 32.7824 1.80339
818 5.88348 10.6658 1.50073
819 29.3233 7.73239 0.628674
820 8.97445 0.150273 0.0798903
821 14.0673 13.0631 0.953181
822 5.1431 0.865191 -2.2095
823 25.6881 2.53174 -3.39524
824 27.9475 16.2 -0.394246
825 38.3548 35.3789 1.85832
826 6.94953 14.1217 -1.45939
827 37.1578 7.16468 0.533808
828 16.0713 19.2405 -0.511635
829 8.52206 31.7096 -1.69407
830 14.5007 14.1725 3.05728
831 18.5499 35.8717 2.82886
832 32.7322 3.94862 0.642068
833 11.3774 16.7052 1.31357
834 17.3769 10.0055 2.0995
835 8.07363 32.0953 -0.736995
836 21.2929 36.5372 -2.36791
837 33.061 35.6798 -3.52555
838 21.3044 6.12989 0.898811
839 5.26948 15.6732 -0.620683
840 27.1699 17.3875 0.664329
841 29.2259 34.9097 -1.06348
842 16.704 35.0372 0.62879
843 16.6916 5.30598 2.47991
844 3.77197 26.1351 1.20016
845 39.914 33.5995 1.86923
846 8.9812 27.2295 -3.01857
847 0.418872 30.8922 0.763889
848 25.2267 27.8609 -3.87839
849 21.2096 16.5367 -0.353705
850 31.3824 35.0877 -0.582304
851 5.81207 5.07791 -1.25274
852 26.9485 23.0945 1.87606
853 17.5844 21.1495 -1.30585
854 5.36089 38.1889 -1.64978
855 13.356 38.9471 1.43377
856 11.1815 38.5341 1.78102
857 11.9737 28.834 1.5943
858 35.6099 29.6347 -1.03019
859 11.7514 0.453268 -1.7201
860 36.4897 16.5909 3.8251
861 4.67073 13.2298 0.683371
862 6.34353 30.4073 -0.277283
863 11.9891 8.6253 0.621613
864 16.3179 8.38189 -4.13414
865 25.7222 35.9996 -1.46423
866 29.7172 2.75128 -1.28651
867 24.2846 27.6447 -0.252271
868 31.6641 26.4735 1.04887
869 4.47945 16.192 -1.61421
870 33.5044 0.863804 -1.24865
871 16.9709 25.4952 1.49977
872 32.3025 19.342 -2.44491
873 13.1659 15.1133 -1.27782
874 27.9428 12.4713 -2.21763
875 30.5207 0.935128 -1.57794
876 13.4813 21.2385 1.41781
877 33.424 13.4745 -1.91845
878 0.81893 38.7264 -0.608478
879 7.54384 32.1689 -0.552974
880 37.5227 22.7291 -1.72141
881 15.9939 20.7252 -2.68851
882 29.671 3.64067 0.499044
883 33.2807 30.4846 -0.626125
884 2.35481 18.7955 -2.63429
885 11.9614 10.3753 -2.36202
886 19.6731 19.5553 3.71429
887 4.38646 22.7894 0.962954
888 32.2906 24.0275 1.00753
889 36.964 6.85019 1.96759
890 13.6535 18.574 2.43099
891 17.2373 20.0144 0.285444
892 14.5449 6.21842 0.671057
893 32.2541 27.9691 1.42766
894 34.1651 29.035 1.83164
895 34.0427 9.20914 0.848476
896 15.6849 39.7597 -1.62348
897 5.41809 15.116 2.17822
898 20.0819 18.6247 -3.43678
899 8.20646 24.8405 3.59067
900 6.53268 37.4672 2.13479
901 1.79797 36.7747 -0.256947
902 6.14637 30.5432 -1.76547
903 3.70727 36.5095 -1.06
904 16.9185 39.2182 -3.02462
905 34.883 37.8719 1.41158
906 18.5423 12.1056 2.53487
907 8.58988 23.8353 -1.61645
908 35.5654 35.1452 -0.509492
909 4.7187 35.5128 -1.35481
910 37.826 22.1651 1.10567
911 34.2435 39.3835 2.39553
912 27.2397 13.9939 1.33805
913 36.1482 34.5299 1.54028
914 0.440543 25.3545 -0.146828
915 38.8923 37.4318 -0.339831
916 31.8573 19.9698 -0.254013
917 17.2501 25.9032 3.0829
918 37.241 4.94506 0.0751227
919 28.4964 24.0603 -3.4349
920 4.6358 20.4059 3.90568
921 30.1472 20.4458 -1.43103
922 22.3006 18.6633 -3.48185
923 6.01715 30.3783 -2.30268
924 32.6141 27.7758 0.418097
925 20.2538 9.4699 -2.65058
926 20.5181 11.1674 2.37845
927 0.879379 33.53 2.75925
928 36.5403 5.28474 0.928483
929 3.53588 31.5496 3.07644
930 2.35697 4.45858 1.05927
931 13.0677 21.3314 0.489187
932 34.3298 23.9703 -3.55617
933 15.8798 1.86973 -1.05214
934 28.8234 24.6634 -3.45896
935 12.0699 13.2004 2.07263
936 16.8169 19.3461 0.0473294
937 22.8645 3.66188 0.14173
938 16.184 18.0126 2.03069
939 11.5867 3.13945 0.904302
940 14.6589 24.4828 0.076682
941 28.5427 24.6509 -3.14061
942 8.27632 23.1812 -1.82802
943 12.495 4.00545 -2.48539
944 6.01251 39.4361 1.95182
945 38.419 2.13205 -0.480539
946 15.3079 21.2485 -1.58312
947 7.48762 9.5856 2.05212
948 16.8822 9.48467 2.0635
949 5.03092 5.64317 -2.52499
950 6.21568 28.9667 4.07412
951 13.6761 8.15227 2.275
952 15.2341 22.7043 -3.0357
953 34.9643 20.5796 -0.937022
954 4.98654 0.906832 -3.94735
955 10.1463 39.3684 -1.18011
956 26.5176 17.2042 -1.18301
957 35.2609 18.0315 -0.594284
958 3.17971 0.77235 -1.4576
959 32.9971 12.0571 2.74029
960 5.76505 0.0857977 -2.18265
961 6.5993 25.066 -0.75031
962 13.9108 29.2214 2.23739
963 12.483 39.2776 1.80623
964 1.04697 7.28756 3.38636
965 35.8523 30.199 -0.855903
966 15.4755 15.1029 0.95517
967 19.468 1.49524 -0.793281
968 36.5908 18.0914 1.52801
969 12.1873 5.02446 -0.735216
970 13.1832 36.2075 1.77976
971 22.6482 15.3288 1.91149
972 15.2498 22.206 -2.76426
973 6.56837 25.2054 -0.44304
974 34.0401 22.3575 -1.04485
975 6.26157 22.8231 3.3171
976 4.59161 15.6432 -2.3161
977 7.37448 36.7423 1.03649
978 14.3387 32.7295 0.12081
979 8.198 0.176035 -2.07899
980 34.274 16.4482 -3.43895
981 5.80744 22.7892 0.578347
982 31.435 0.929502 -0.135504
983 38.3719 17.9213 -4.0036
984 12.8629 30.3469 1.22083
985 1.01944 24.7977 2.65058
986 21.8028 18.6733 -0.241135
987 10.8018 15.4144 2.52714
988 6.08841 26.3636 -1.85431
989 27.4985 31.1711 0.378092
990 22.6953 17.0303 -1.75089
991 16.4388 20.2494 -1.70584
992 3.62465 11.9514 1.00545
993 9.54971 19.699 3.72913
994 23.413 17.9507 -1.43174
995 12.9094 19.0397 1.98139
996 34.0098 21.9184 1.1965
997 3.09995 17.3526 -1.09992
998 39.044 37.1241 -1.58504
999 36.4245 4.97158 0.997557
