1000
Particles
0 3.0506 32.862 -1.64473
1 35.2039 29.4445 3.3805
2 18.8948 4.3487 1.4074
3 8.66674 34.9244 -1.98434
4 19.1246 22.551 2.15425
5 16.3202 9.32667 -4.13519
6 29.877 37.8421 -1.03202
7 35.2813 22.5368 1.60941
8 11.1042 24.1766 -3.2033
9 36.7579 23.2981 -0.336246
10 23.4891 37.8909 1.9322
11 4.33029 30.2269 3.76429
12 30.828 34.1287 2.10047
13 9.36607 7.2781 2.6825
14 29.0428 27.447 0.164566
15 14.1795 26.1251 2.15626
16 28.622 34.895 3.5024
17 31.8264 19.2825 1.10094
18 36.4511 11.1016 3.1705
19 13.1558 23.6021 0.995726
20 2.00348 5.6194 1.82462
21 39.715 4.06284 -2.00591
22 7.46326 8.80572 0.216748
23 37.9226 20.1189 1.86281
24 38.484 8.58068 2.68131
25 2.19891 32.9344 -0.702861
26 17.907 34.4212 -3.00971
27 13.9694 8.73033 0.00475643
28 6.47969 30.4996 -0.216784
29 30.4259 39.5979 0.0878958
30 15.6034 20.3887 0.0712549
31 9.59447 17.7736 1.95503
32 26.3304 2.44971 -0.276861
33 12.2985 35.51 -1.17873
34 29.7593 27.1065 2.32216
35 24.5011 7.67449 -2.71523
36 12.8629 0.856915 -4.15176
37 35.8858 31.0435 1.82593
38 29.3445 1.40895 -3.19163
39 35.3879 17.1843 0.738789
40 38.7375 32.8362 1.10674
41 11.6628 14.9774 -0.428109
42 39.242 19.8107 -0.444534
43 20.3198 29.8735 2.60886
44 20.8686 28.3781 1.91003
45 6.02951 25.6015 -2.73515
46 39.4863 6.26161 -2.07993
47 26.6516 12.3623 -1.2221
48 6.75325 32.8433 -0.185931
49 4.06161 33.6517 -2.80089
50 1.73198 39.3573 0.244613
51 27.0751 34.7822 -0.277072
52 29.2723 10.5615 4.10212
53 14.1143 4.75411 0.866697
54 25.8293 19.7665 -1.51669
55 6.99582 15.1367 2.43442
56 16.6556 11.4323 -1.54874
57 10.2911 37.434 3.90492
58 34.1026 22.9183 -3.31393
59 8.94883 34.3258 0.297948
60 8.28696 22.4516 -2.72056
61 16.1241 32.1966 3.96985
62 37.4454 2.27261 0.0480763
63 8.34789 17.9186 -3.24517
64 37.2696 26.077 -3.50798
65 3.9725 1.01126 0.891544
66 3.15395 19.4761 -3.75625
67 28.0048 22.0818 -2.45714
68 6.39861 4.54254 -1.73257
69 16.3496 3.38071 -0.918943
70 8.90783 5.58503 3.02244
71 20.1171 13.404 1.16837
72 5.74833 9.98112 -0.465962
73 20.7874 27.7778 0.621041
74 6.53875 10.1404 -2.77754
75 36.6904 35.6939 0.256954
76 28.2064 7.87769 2.13467
77 9.69392 25.0319 2.13166
78 5.46136 38.6109 2.86753
79 1.21026 0.0333108 -1.14674
80 31.0047 10.094 -3.72417
81 3.80125 37.3086 1.40871
82 14.3583 19.1737 -2.12632
83 15.6011 29.9457 -1.784
84 25.7128 9.80686 -2.20837
85 3.6803 20.4283 -1.18711
86 19.5431 9.71578 -1.53116
87 27.0053 35.7762 -2.0997
88 7.31048 2.63182 -3.02755
89 4.66645 3.27252 -0.806627
90 2.35707 36.8173 -2.14732
91 23.5097 18.1572 -3.52206
92 18.4249 28.6046 1.8617
93 10.6529 2.67563 0.0711441
94 15.9549 25.0093 2.67998
95 17.3096 3.55381 -1.92683
96 10.2 36.0719 1.54649
97 14.8499 39.8168 -1.80803
98 0.57268 19.3177 -0.887452
99 12.3587 6.49429 0.516624
100 28.8531 22.4101 -3.34461
101 21.3088 26.8315 4.36388
102 19.3577 35.1935 -0.666262
103 12.7794 2.25944 -1.9769
104 23.5989 3.92972 3.63017
105 14.4653 35.8888 -2.92633
106 35.667 21.6346 3.25142
107 19.6713 20.8386 -2.5558
108 33.4862 23.6541 -2.21797
109 39.3505 32.1471 1.03631
110 2.06529 39.6367 -0.843106
111 35.4071 34.1336 -0.369805
112 31.58 2.43964 3.69268
113 34.7869 31.9996 -1.9732
114 33.1887 26.5676 2.90677
115 29.7891 19.9655 -0.643956
116 19.7045 32.2714 -1.95921
117 32.0662 27.1771 0.54206
118 23.4103 4.39878 3.21995
119 37.1724 11.0161 2.2817
120 20.2203 27.6782 0.524537
121 22.8763 12.744 1.63031
122 37.8319 23.7902 0.457002
123 6.41662 23.7458 -2.96137
124 10.5533 38.4944 1.30255
125 23.1703 36.3154 -0.90609
126 30.9499 30.0986 2.68301
127 33.0175 4.90195 0.728531
128 32.4004 1.49609 -1.41687
129 7.45529 12.885 -0.430422
130 26.2724 9.10384 2.63144
131 23.6761 28.3586 1.13845
132 19.5576 1.04086 -3.96783
133 38.3743 37.5014 -2.75819
134 11.0053 34.3043 -0.222175
135 12.3185 2.61367 -1.19248
136 26.8119 8.10225 -0.366993
137 21.9443 26.0488 -3.68883
138 6.01263 15.5111 2.8158
139 16.1078 3.38278 -0.666608
140 28.7695 37.7287 -0.686411
141 27.0798 39.0572 -1.2766
142 22.2307 13.4086 1.92183
143 17.9855 23.154 2.03774
144 3.16057 33.2798 -1.92342
145 23.9728 27.1516 -0.128042
146 30.5766 17.4542 -0.76135
147 39.0588 36.8077 2.56218
148 33.3698 9.27165 -4.12417
149 11.9222 15.3226 -1.68364
150 13.158 27.3451 -0.785672
151 32.1764 3.61647 -0.167115
152 13.7349 19.2647 -1.08048
153 17.8934 5.70583 1.49825
154 26.2903 37.2242 1.33147
155 39.8497 22.9754 1.34363
156 34.7641 26.9674 2.3126
157 13.0861 3.03453 1.2489
158 12.6667 38.8522 1.36662
159 20.3602 28.1578 2.28453
160 3.22843 16.1401 3.91015
161 10.0667 27.0323 -1.78685
162 27.4395 28.7935 2.31825
163 8.77727 11.3376 -0.424539
164 17.0147 9.32003 4.24225
165 30.2814 9.49386 -2.10369
166 35.1049 5.94245 -1.25138
167 10.2059 32.2868 2.81144
168 35.2305 24.0994 -2.82919
169 38.1876 1.44775 1.57502
170 37.7644 33.441 -3.77763
171 25.5673 32.3848 -3.10792
172 39.8617 16.1304 -2.26043
173 21.9744 32.2175 -0.795146
174 21.0589 6.87752 0.506209
175 3.39928 10.4386 -1.18097
176 18.0605 20.7344 1.72869
177 13.6059 4.05631 -1.74665
178 30.7669 24.4401 3.15941
179 23.5812 12.8586 3.96091
180 13.8818 4.72178 -0.502916
181 7.12499 30.9974 -2.12426
182 14.5874 20.6736 0.566008
183 3.75087 16.8638 1.32437
184 2.05099 39.8773 -1.2997
185 4.06326 11.0558 1.72962
186 22.0352 38.3365 -1.55983
187 5.51539 7.55486 -3.33657
188 17.2619 18.9213 -2.12163
189 3.54624 24.0654 -3.671
190 22.1727 18.9535 0.169028
191 15.2574 33.0163 2.44041
192 33.4472 1.82863 2.43292
193 21.2489 26.2355 3.69827
194 18.4771 23.3845 1.88779
195 5.92856 15.3907 0.536258
196 28.8235 37.801 1.20014
197 13.2975 36.8054 0.364489
198 33.5495 21.443 2.30968
199 17.0867 10.1214 3.65263
200 35.2823 39.234 -0.794726
201 3.72545 14.7474 -2.44791
202 8.56914 19.4948 -1.17495
203 22.5882 13.1975 4.10925
204 30.9855 31.647 -0.904536
205 1.5403 34.3743 1.80061
206 14.2158 3.81662 -0.288211
207 33.8921 39.7989 -0.521806
208 33.4438 22.7104 2.4031
209 10.6803 37.3619 4.07261
210 18.924 22.801 1.99663
211 35.3872 16.9139 -2.47038
212 32.2026 34.2955 -1.27793
213 37.9496 4.88604 0.33211
214 28.433 19.1535 -0.377425
215 37.3102 18.18 2.72583
216 34.7819 26.8853 1.46838
217 7.51406 9.73346 -1.803
218 13.131 15.5658 -0.0893182
219 27.0005 39.22 -2.84221
220 9.77664 2.67579 0.723834
221 22.4474 15.8945 0.783063
222 37.1298 31.0514 3.68735
223 17.0831 27.0126 2.14322
224 3.51618 31.0679 -0.164478
225 33.1139 6.10475 -1.24028
226 30.5465 17.0332 0.185997
227 4.76502 10.8082 -3.25387
228 13.0473 2.94215 -2.08987
229 38.5104 19.2129 2.6877
230 32.5287 4.09874 -0.772125
231 16.0451 30.8055 1.88841
232 33.0652 0.578026 -1.36416
233 35.113 7.19127 0.28777
234 3.368 5.67067 0.69204
235 39.7395 8.3199 -0.412209
236 20.1923 39.6675 -0.94515
237 15.7062 24.5229 2.69061
238 12.2398 6.43547 2.50838
239 34.4314 14.0482 1.12968
240 13.8358 18.3198 -1.53035
241 2.47561 24.3749 -0.831243
242 35.5486 39.27 -0.728287
243 31.5531 0.151609 -2.5443
244 3.38952 11.1432 -0.0414923
245 19.6877 1.89781 -2.26032
246 27.9848 3.20825 0.53765
247 0.465653 36.6938 0.914946
248 6.84734 28.6609 0.665788
249 8.94276 0.0256568 0.680464
250 19.2552 7.58224 0.534307
251 35.0456 39.9544 -0.765363
252 30.8774 16.8083 0.310914
253 29.2037 12.9681 -1.18796
254 2.92178 39.2741 0.578371
255 29.2166 23.7877 0.534031
256 4.36632 2.93447 -2.76575
257 31.5007 18.2362 1.76042
258 21.1581 4.13022 1.10652
259 0.0412111 12.9569 1.23835
260 39.8266 3.73783 -2.09056
261 33.6637 26.9613 3.9431
262 30.5075 36.7041 1.54078
263 6.24516 2.81576 -3.03531
264 10.8928 25.5901 -4.08563
265 36.1606 30.1745 3.2492
266 37.0972 12.8959 0.426962
267 6.51114 26.3834 -1.49392
268 13.7761 19.2504 -0.0970981
269 28.9723 38.3834 -0.0879751
270 38.7522 9.12675 1.68444
271 32.7428 6.29732 -3.35248
272 17.9958 17.3875 -0.225935
273 30.3047 36.314 3.63541
274 11.9097 2.57366 -1.90876
275 12.9931 24.7665 -2.4433
276 31.5261 20.5132 3.57976
277 5.37816 16.5494 0.381275
278 3.46419 13.7051 -1.41433
279 16.4717 30.4534 1.69296
280 5.52631 29.3151 -0.318334
281 23.8169 21.167 1.84788
282 3.50977 16.7242 2.00506
283 22.2872 36.4774 1.30265
284 31.5243 20.661 0.949063
285 1.03865 37.1543 -0.472319
286 36.7284 2.28601 2.3896
287 22.2625 14.9788 4.64266
288 0.355638 1.87727 -2.00069
289 9.54748 37.5502 3.76253
290 30.1446 26.4103 -0.213393
291 11.9622 2.82495 -0.0953951
292 30.6083 19.9002 1.38172
293 14.6645 5.97169 -2.07553
294 23.7527 27.3459 -0.126377
295 17.5379 16.7573 1.58274
296 21.4267 27.6582 1.30196
297 0.424362 32.4801 3.08923
298 20.2208 0.66542 -2.2037
299 17.99 29.0503 -0.718567
300 22.8631 13.2272 4.50139
301 28.946 26.735 1.92039
302 23.2103 36.4938 0.0637716
303 2.84165 16.5293 4.88168
304 3.09378 33.6692 -2.67529
305 2.66328 20.088 -1.55358
306 20.431 13.6061 1.97082
307 13.3322 19.8449 1.25152
308 2.70818 26.5027 -0.167207
309 17.8547 35.1795 -1.00071
310 18.2746 22.7241 2.73931
311 22.9183 13.9385 -1.50067
312 36.7345 29.8905 -3.4163
313 23.8048 2.44661 1.25752
314 17.5495 4.01724 -1.37108
315 4.79471 38.6734 -3.12718
316 37.5932 37.0658 -2.50405
317 21.0384 26.9558 2.20702
318 27.1439 32.254 -1.8021
319 9.30442 10.7916 -0.741553
320 10.6533 19.536 2.39589
321 23.4601 4.49272 2.05839
322 38.8608 33.7577 -1.36575
323 3.98726 38.409 -1.36831
324 26.6945 18.0358 -1.1209
325 14.0788 28.589 -1.14009
326 10.2713 14.7785 -0.875177
327 14.3025 35.2121 -1.87212
328 15.8215 35.6576 -2.04133
329 12.0212 23.9942 -0.736674
330 35.6285 15.8999 1.17394
331 22.4189 1.47411 4.22355
332 31.6301 5.37553 -0.225434
333 32.9336 23.0565 -1.52223
334 16.8442 7.69182 -2.40584
335 5.29052 0.688844 3.43961
336 18.9156 5.04506 4.18254
337 8.6756 23.0274 -1.88869
338 19.6041 18.44 -3.20085
339 37.8456 31.1711 2.52928
340 13.6091 20.2012 0.24749
341 29.5081 27.357 -0.489071
342 12.69 14.5665 -0.509948
343 9.06149 16.1909 0.716386
344 12.183 1.23996 -4.11252
345 39.0817 29.5771 2.98412
346 19.0755 12.6073 1.67387
347 4.13085 38.6664 4.35995
348 11.285 23.8542 -2.31925
349 18.3965 23.0335 2.03435
350 11.9745 15.0971 -1.32391
351 38.5353 26.4762 -4.34306
352 30.3333 27.7523 -0.998708
353 22.1889 13.4659 1.23995
354 6.85567 3.75623 3.41449
355 19.9828 23.2564 -1.41021
356 36.6643 39.2523 1.67229
357 12.6092 15.6428 0.253761
358 11.7481 11.2884 -1.6735
359 23.7281 28.7597 3.81924
360 33.7324 23.0274 -1.26385
361 30.1299 30.2585 0.724641
362 38.1953 21.8571 -1.37222
363 39.2915 9.93835 1.08791
364 9.72524 10.6759 2.73356
365 6.02006 38.7177 3.62859
366 10.3681 5.0124 0.538524
367 11.9244 38.2652 -1.33871
368 20.3895 11.8927 -2.81091
369 12.3952 6.48504 1.36493
370 19.497 31.0574 -2.7058
371 24.4188 15.7402 1.24773
372 20.6228 28.7152 4.62291
373 17.8865 14.4354 0.254156
374 8.83114 11.0591 2.99567
375 11.7371 10.4324 -3.73373
376 39.4594 31.6529 4.0332
377 37.281 4.91314 0.656947
378 13.0878 3.70387 -1.45074
379 2.7646 33.1327 0.606261
380 34.0368 30.8382 1.95439
381 14.3778 39.2602 -0.574256
382 5.70579 13.652 -0.807432
383 20.5348 36.7032 2.20814
384 29.038 11.0262 3.80729
385 18.0636 28.5026 -1.2697
386 25.2971 8.47473 -0.75184
387 33.5792 36.6492 1.4598
388 30.7174 33.406 0.962828
389 11.7375 5.59081 0.184062
390 27.6849 13.1277 -2.53368
391 10.0547 17.2767 2.00216
392 23.3139 17.178 -1.3269
393 19.0622 1.94507 -1.40836
394 25.788 6.2225 1.70618
395 37.8353 11.87 -4.07678
396 8.34266 37.7478 -1.0134
397 5.13819 11.5632 2.42095
398 35.2646 36.6059 -0.799029
399 32.8726 13.3802 2.17959
400 39.0912 1.81628 -2.67129
401 30.2338 23.918 0.0398758
402 30.4045 13.2299 -0.652412
403 5.91939 29.4279 -0.929693
404 20.5418 28.6457 1.6879
405 39.5787 20.9518 -2.44711
406 19.7291 9.21705 -3.93468
407 37.9614 7.12972 2.53304
408 8.85198 6.10161 1.00184
409 26.4348 4.83739 -0.1405
410 19.1016 24.1291 1.32008
411 17.7956 30.0055 -0.570132
412 39.5731 1.31512 -3.245
413 6.72874 16.168 1.62376
414 4.93153 7.14958 1.14892
415 10.5576 25.924 -3.60284
416 10.2287 36.328 3.00581
417 2.96434 39.283 0.845747
418 24.9532 23.9043 -3.99849
419 22.4097 11.9315 0.405167
420 25.933 3.43781 0.332762
421 6.45584 13.8145 3.38079
422 11.6139 18.0626 4.3335
423 31.8609 5.44373 1.13259
424 21.7622 23.0499 -2.25551
425 13.3874 4.46002 -2.40594
426 8.18397 20.4642 -3.12646
427 19.8288 27.2582 1.29036
428 8.47521 6.87025 0.43301
429 1.74732 5.81008 -0.908626
430 13.6177 14.7494 -2.16244
431 12.3264 10.2928 1.6014
432 16.2936 32.5548 3.53585
433 24.3247 21.8952 -0.869938
434 14.2861 21.3513 1.73638
435 37.2382 33.7148 -3.55093
436 0.901552 31.8564 2.43788
437 9.78288 3.32527 1.57603
438 1.41478 32.006 1.21184
439 35.7645 16.4441 0.510112
440 22.113 6.94723 -1.65867
441 9.26726 1.09334 -0.98852
442 10.4288 17.8685 1.22827
443 22.8803 19.9387 4.73552
444 15.6068 22.3167 -1.24993
445 12.1507 22.05 -1.97982
446 15.3231 8.48267 -0.141777
447 11.7145 2.92708 -2.8751
448 32.5831 25.679 3.31388
449 16.8806 17.7283 -1.26269
450 39.8106 12.6853 1.13524
451 36.6273 11.4263 0.383693
452 11.393 16.3376 -2.45246
453 5.50271 22.0496 1.06456
454 37.8306 6.85366 2.99299
455 30.0657 37.9293 -1.17643
456 11.7 14.2502 -0.331991
457 24.3402 14.6258 2.17462
458 23.2499 16.9515 -1.74244
459 13.9886 39.4848 -3.83954
460 6.53805 0.511681 0.664095
461 6.50916 2.1581 -2.20355
462 19.0812 20.6364 -3.96875
463 4.41721 33.3239 -2.20774
464 31.4911 27.7554 0.96871
465 26.0971 12.468 -1.63565
466 36.9407 28.9965 2.13154
467 9.70745 35.8281 3.02289
468 18.9148 33.343 1.25241
469 22.6624 38.0346 -0.794889
470 10.9835 19.5141 2.92235
471 37.945 25.4992 -2.34622
472 16.2018 3.43505 -1.92666
473 12.276 33.5704 -2.04652
474 9.36682 37.835 3.40543
475 33.3465 3.90919 -1.18003
476 12.5482 19.7361 1.15021
477 9.92295 37.6447 4.31613
478 29.6404 26.7792 2.21487
479 38.8606 31.033 1.43975
480 34.6399 17.9123 0.990369
481 27.5946 2.05541 0.889848
482 11.0888 32.7741 -0.854216
483 4.88343 34.014 -1.52126
484 21.1653 37.299 1.50935
485 7.96652 1.68162 -2.35354
486 17.4968 28.3026 -1.46789
487 31.5688 30.6513 2.09559
488 39.1765 5.57079 -1.80493
489 25.0795 0.469911 0.527572
490 7.51218 8.21752 0.804503
491 20.1274 13.1726 1.45827
492 21.738 1.03874 -0.191249
493 2.79902 24.4755 0.154065
494 7.54208 15.0684 1.09128
495 31.1102 7.03206 1.92647
496 21.9077 27.53 4.62504
497 4.38395 38.0345 -3.42106
498 18.1859 15.3924 -0.795503
499 11.5413 21.2944 -0.310926
500 6.93551 15.4995 0.348688
501 30.065 10.3689 3.00415
502 2.11901 2.31443 -2.25114
503 24.1714 18.3319 -1.1606
504 2.88741 0.393417 0.0962479
505 7.3973 9.20009 1.77176
506 25.9136 25.259 -1.0318
507 20.8573 6.86179 -0.348594
508 6.27117 30.1133 2.13022
509 17.3204 2.74301 -1.51556
510 30.4092 10.0812 -3.12669
511 25.837 35.5977 1.62087
512 31.9372 22.6606 -2.80256
513 17.4402 22.8567 1.88429
514 2.59434 32.4443 0.423256
515 15.4925 15.8291 2.31204
516 18.9079 38.7314 3.3278
517 13.0881 19.1928 0.730375
518 5.42684 7.37951 1.48061
519 23.2796 17.179 -2.40871
520 39.3062 1.03268 -2.238
521 35.4207 34.987 -0.378204
522 26.8549 21.7584 0.524044
523 7.9077 19.4244 -0.165414
524 12.4402 22.8179 0.334475
525 8.11861 11.9865 2.85964
526 10.1573 27.2736 -0.562878
527 13.0704 3.01252 -2.22095
528 20.3504 3.42268 -1.44118
529 33.8193 39.1836 0.964704
530 31.1276 16.1393 0.83402
531 28.9854 1.39143 -0.544078
532 20.0947 39.5754 -2.13027
533 10.5627 36.7603 0.426421
534 12.0905 19.9929 2.89924
535 34.2554 3.84341 -0.40204
536 34.4929 14.378 1.09287
537 3.17632 28.9786 1.30261
538 9.49334 1.07632 1.1073
539 16.1594 7.22187 1.00793
540 31.6784 17.6631 1.44692
541 18.6084 22.0998 3.61877
542 31.7041 33.4102 4.01985
543 8.12875 16.3118 -0.858295
544 35.6631 36.2213 -0.525314
545 14.998 28.6354 -1.46202
546 38.1909 0.218598 4.24156
547 2.31107 9.99301 -2.37637
548 37.5438 36.1864 2.61144
549 0.277576 32.6747 -4.96461
550 0.603723 25.2826 0.796605
551 23.3466 11.1103 -1.06836
552 8.27429 4.99561 1.77611
553 14.3603 30.0266 -0.313619
554 16.4856 8.28945 -4.65725
555 37.7367 7.27497 3.74429
556 37.249 23.4334 -0.73578
557 10.0699 18.4204 -0.302155
558 31.9885 1.54878 4.39166
559 30.4146 27.6526 0.856239
560 33.019 22.4041 -3.55944
561 3.37153 28.6893 -0.794539
562 10.7852 24.4647 -1.75881
563 6.20697 11.7686 1.32398
564 15.3836 25.94 -4.22405
565 3.71098 21.0086 -0.911612
566 14.8204 35.7311 -3.00551
567 24.1597 14.6154 1.45472
568 39.8037 1.23261 -0.0893957
569 29.3418 24.0202 2.44909
570 39.7752 31.8221 3.99811
571 12.2205 15.11 -1.37318
572 34.9259 28.5781 -2.26009
573 19.7144 31.1386 -1.46299
574 12.6039 24.228 1.78831
575 15.4279 16.4221 0.891398
576 6.85034 2.49654 -3.85626
577 22.2457 31.8299 -1.53958
578 9.83109 0.518524 0.341167
579 12.3334 9.38625 3.71929
580 10.5653 28.2363 1.17411
581 8.3674 29.0468 -2.32816
582 23.2936 15.4338 2.55627
583 21.0899 37.8207 2.14639
584 0.056413 10.0587 -2.40213
585 1.96618 26.1812 0.0156521
586 20.3377 20.5197 -4.65311
587 28.3628 37.306 2.33457
588 21.3222 34.935 0.689231
589 25.5765 12.1854 -1.15677
590 4.19236 9.19363 0.0498271
591 12.0615 24.2556 -1.11746
592 29.7115 25.289 -0.0905608
593 9.8729 24.244 -1.92142
594 39.3215 3.36273 -1.23984
595 38.3463 24.0794 0.0327887
596 0.679485 38.4753 -2.20196
597 27.7108 11.582 -0.877218
598 1.83529 10.7978 -2.4243
599 10.178 31.6581 0.951429
600 8.90508 38.7411 -1.40112
601 20.9038 37.8268 -0.16085
602 18.2673 23.738 0.577478
603 17.5097 5.81666 1.11574
604 32.8177 32.5734 1.37747
605 10.948 27.1448 2.50166
606 35.6818 26.2336 0.687909
607 0.21481 8.15407 0.544289
608 2.36424 2.0244 -3.65861
609 24.4977 2.29779 -0.0179871
610 30.5366 29.0359 0.602229
611 0.603891 22.7704 -0.32541
612 22.5592 9.48535 -0.267695
613 18.8157 12.7289 1.00024
614 33.1276 1.60121 -1.81757
615 33.3858 7.87945 1.15337
616 37.5671 25.365 -2.40822
617 24.1909 26.9515 0.230102
618 5.28131 0.908339 3.85772
619 20.4961 33.4614 -1.97646
620 36.4669 2.31321 0.592835
621 24.1496 20.568 -0.428352
622 22.5517 8.71885 -0.170845
623 20.7643 13.8601 0.70356
624 32.101 4.81653 -1.19556
625 13.7983 6.40483 3.84047
626 3.50686 38.654 -1.96507
627 0.850435 36.4578 1.97659
628 18.167 7.74682 1.20784
629 24.8665 4.5899 -1.53832
630 0.828254 32.9 4.00889
631 24.3069 1.07832 2.82311
632 33.5286 31.8763 0.0910665
633 5.53378 29.3771 0.578871
634 37.7412 5.60682 3.25535
635 27.7327 24.7099 -1.08359
636 23.9959 12.8146 3.9114
637 7.56067 29.7356 0.83591
638 30.2924 28.3396 0.977933
639 31.1282 16.3859 3.79849
640 8.20077 18.4308 -1.71967
641 33.3958 5.23901 1.04396
642 12.6262 32.8381 1.12103
643 32.9801 32.7225 1.02627
644 8.41053 7.21763 0.441853
645 6.02425 7.3749 -2.95605
646 13.2347 2.91959 0.492026
647 7.10322 10.3592 -2.88596
648 33.6324 35.1656 3.5794
649 14.3726 19.2763 -2.24398
650 26.7706 20.6889 -2.1442
651 27.7623 20.8524 -0.564756
652 6.71715 31.9551 -2.37073
653 7.86108 0.537678 -0.752196
654 23.0235 17.9184 -0.791921
655 34.9341 33.2917 -0.457271
656 8.75051 12.8616 3.20451
657 23.6677 5.44618 0.645048
658 10.3663 24.2077 4.66601
659 4.72076 0.580493 0.819765
660 22.8181 12.1381 -0.405175
661 5.51959 14.9789 2.22464
662 36.7065 35.9167 2.53924
663 5.43632 17.2449 -2.53321
664 34.2299 17.183 -0.715146
665 34.2698 39.1303 -1.44715
666 24.7588 2.83471 1.38111
667 33.9132 34.5094 1.25944
668 13.5327 35.4154 0.537793
669 13.8485 36.2357 -2.66036
670 34.4723 32.4284 -1.59014
671 27.7683 4.83194 1.60874
672 17.9753 33.2639 1.2997
673 38.785 1.56812 -4.14292
674 2.96979 20.3253 -1.94494
675 33.9761 18.1845 -2.31117
676 33.2889 0.53339 -2.83852
677 1.80266 21.3862 -1.49949
678 25.6316 2.20122 -1.13591
679 23.668 21.2154 0.624371
680 19.3673 33.0114 -3.21897
681 4.03413 0.932442 0.634535
682 36.5336 37.7245 -0.142368
683 21.419 27.5751 2.92578
684 5.18968 32.392 -3.32253
685 22.3941 30.5839 -0.834449
686 3.12431 37.0785 2.98863
687 18.3574 10.545 1.46366
688 24.6708 4.87857 -0.889281
689 7.46631 5.07733 -0.322581
690 15.1024 34.4405 0.947928
691 17.7874 32.1275 0.77878
692 26.9708 18.6802 1.47963
693 0.924139 18.4706 -1.35634
694 24.4418 21.4391 -0.594286
695 17.9025 27.5018 4.29793
696 17.6695 23.6438 0.0995359
697 32.1784 8.29643 2.9858
698 28.2821 11.7897 -0.513744
699 34.9425 17.8976 3.29934
700 1.19451 1.74585 0.14266
701 12.0492 2.97634 -2.70428
702 3.52617 39.5347 0.101213
703 39.55 11.5505 0.81163
704 28.5157 38.3426 1.49977
705 9.10515 31.6646 -1.02302
706 0.171179 33.8369 -0.010308
707 16.0993 4.02858 0.371562
708 0.390212 17.1669 -1.51872
709 23.875 13.9543 3.40745
710 17.9644 2.39329 -1.91624
711 34.07 29.7733 3.00079
712 32.9031 24.4475 1.16705
713 33.3659 18.0702 -1.40042
714 21.5572 29.6386 4.19392
715 38.2026 36.363 2.48929
716 17.5549 29.4156 0.527009
717 16.5736 34.1717 1.02816
718 5.14628 29.7224 1.28643
719 8.8909 31.037 -0.333516
720 12.3353 21.5548 -2.5533
721 23.3484 1.20689 0.908443
722 6.21335 2.19016 -3.8953
723 7.07267 2.38441 -1.79979
724 21.8036 0.668267 -2.50499
725 24.4661 38.5149 0.982909
726 1.83621 26.2152 1.18574
727 6.16044 23.9209 -2.7742
728 0.959918 0.175254 -1.68801
729 16.2819 2.83756 -0.851609
730 18.9584 11.2177 0.353795
731 31.2205 17.798 2.18526
732 27.173 34.0862 1.48329
733 29.6161 29.5453 -1.99356
734 32.763 8.74484 3.91191
735 18.8716 33.1346 0.138993
736 18.0161 30.7827 -2.39975
737 2.79391 31.0377 2.79824
738 23.2124 12.4915 2.10195
739 12.9372 21.7864 -3.43336
740 35.1195 24.5923 -1.96282
741 8.6229 26.1203 -4.0165
742 14.6677 18.0518 1.94274
743 21.7662 25.5319 2.93206
744 34.0626 21.5138 3.63452
745 13.5462 39.8989 -1.50871
746 14.2172 10.3617 2.62976
747 19.8403 24.568 0.349677
748 18.4297 32.4075 2.13018
749 7.32187 2.15136 -2.56952
750 2.30014 34.002 -0.857367
751 2.90798 33.7898 -2.28543
752 9.422 18.2168 -0.353591
753 17.1501 23.7865 2.14214
754 36.5099 23.6585 -0.563771
755 27.5146 7.44147 1.62219
756 10.4275 5.53052 1.8783
757 10.5661 28.8235 2.34689
758 35.202 17.7228 1.86547
759 5.66102 31.8171 -3.10172
760 31.3062 29.5247 2.98377
761 10.8372 24.3868 -2.72488
762 20.7493 26.385 3.45432
763 7.01756 1.42692 -1.57986
764 21.0455 13.1135 3.26007
765 0.525787 13.6647 0.726567
766 11.1312 10.543 -2.3786
767 31.8086 8.2525 1.96277
768 9.04179 15.9864 1.25505
769 14.324 33.8928 1.85939
770 3.40971 26.0126 0.652243
771 6.74866 16.4613 2.05459
772 9.41909 34.1706 -0.281618
773 32.0725 29.2695 3.22471
774 0.223745 37.564 0.224012
775 15.8428 6.84872 -2.11318
776 10.084 14.7934 -3.05995
777 34.2304 28.3289 -3.51366
778 34.6261 29.3815 -3.24242
779 14.4738 3.78736 0.320575
780 0.188545 2.10434 -2.38959
781 2.97853 39.9396 1.49099
782 6.76752 8.44952 -0.0205377
783 11.0669 13.9363 -0.505967
784 35.3747 0.0455824 1.43424
785 16.6926 8.62166 3.11836
786 3.35637 16.4792 4.81762
787 35.7728 3.54408 -0.344468
788 6.02567 33.074 -2.76914
789 35.6257 3.31645 -0.997278
790 15.5521 29.9464 0.32891
791 12.0599 24.169 -1.9274
792 12.0672 20.6716 4.00333
793 18.1263 35.2856 0.87679
794 21.1132 26.8163 1.71856
795 39.1027 5.86734 -1.43532
796 17.7593 19.0209 -2.84398
797 3.6138 27.9744 0.210874
798 23.2514 12.4173 0.883425
799 26.9232 5.41753 2.60413
800 36.9898 6.71734 3.04973
801 21.317 15.556 -0.149841
802 36.9813 26.6522 -2.65153
803 10.9124 39.2773 -2.12906
804 4.56184 21.0783 3.17891
805 2.36226 23.9345 0.07421
806 3.73373 28.4085 1.46409
807 27.2049 17.6135 -1.06332
808 15.2242 26.2634 -3.55966
809 29.8099 17.9446 1.34062
810 16.2845 38.4394 -0.318464
811 1.55566 24.0673 0.308165
812 8.47227 9.78806 2.38339
813 2.57054 8.80513 0.799115
814 25.9225 0.750277 1.11402
815 24.5906 15.1615 0.948545
816 18.3431 39.7231 -3.75841
817 16.1097 30.946 0.94748
818 6.49071 9.73498 -0.959649
819 28.9807 5.25836 3.07796
820 7.42623 1.4029 -1.69376
821 13.1987 14.6205 -0.12245
822 6.77414 2.08211 -2.72846
823 25.2506 3.2 -1.54012
824 28.0856 16.069 1.4652
825 37.7017 34.2526 -1.7887
826 7.14297 14.4992 1.68393
827 38.2005 7.43445 1.20993
828 16.4569 19.5345 -1.77612
829 9.45411 31.2125 1.04595
830 13.3658 14.6466 -0.396877
831 18.4436 35.3795 -2.71177
832 32.2168 2.73827 1.98775
833 11.8948 16.0506 -2.76655
834 17.9267 10.5991 1.02351
835 8.28434 34.3087 -0.86741
836 20.5088 37.296 2.07719
837 32.412 37.2238 -0.0748352
838 20.6656 6.36634 1.89487
839 5.05664 15.8651 -0.939615
840 24.9819 16.2693 1.22697
841 28.8367 35.6278 0.731728
842 16.1978 34.2073 4.14711
843 17.138 4.36538 0.802087
844 4.92316 27.6912 4.96634
845 1.17176 32.3628 3.58347
846 9.42159 29.048 -2.03212
847 1.35071 30.6174 2.36522
848 25.4012 26.6727 -2.42053
849 21.7617 16.2095 -1.13413
850 30.9298 34.8084 -0.651038
851 4.33899 5.34305 1.30222
852 27.7158 21.6608 0.505726
853 18.5538 21.895 3.22807
854 3.2936 39.4699 -0.449542
855 13.2122 38.548 0.141063
856 9.67146 38.5534 3.97249
857 10.5435 29.265 2.37886
858 34.9424 29.7544 3.54638
859 12.0151 2.27742 -0.604935
860 37.0012 16.3868 -3.43762
861 4.74771 13.3988 2.49692
862 6.1415 32.3727 0.234708
863 12.6537 7.20897 1.98736
864 16.4106 9.30382 -2.79094
865 26.453 36.6985 0.639622
866 28.7406 3.11733 0.386755
867 23.9136 27.6533 1.35762
868 30.6802 27.7555 0.168816
869 3.7573 16.2749 1.22939
870 33.7711 2.68795 0.379833
871 18.4783 24.3141 2.45311
872 33.3943 21.458 2.46242
873 13.6355 15.9941 -0.680247
874 28.238 11.0855 -0.411508
875 31.43 2.95277 1.35808
876 12.6181 20.2682 3.2697
877 31.6301 14.4815 -0.42957
878 1.85969 39.7846 1.96799
879 7.24007 33.8076 -0.743239
880 37.7377 21.7411 -3.73509
881 17.5851 21.937 -0.133546
882 27.3874 3.57917 3.41633
883 31.1375 31.0801 0.299098
884 3.67424 20.3452 3.29818
885 11.7574 9.23066 -0.29914
886 21.0265 19.7738 4.23425
887 2.52203 23.793 0.832409
888 32.7699 22.9048 -2.23246
889 38.8 6.29321 -1.7967
890 13.7246 19.4746 -2.02606
891 18.661 21.4957 2.83652
892 13.9751 5.25146 -0.805959
893 30.9528 28.1706 -1.47775
894 34.4863 30.0411 3.77588
895 35.4321 9.65693 -1.33781
896 17.4961 0.0512089 -1.96621
897 5.25927 15.2734 0.200029
898 20.4307 17.697 2.61601
899 10.228 24.911 -3.51078
900 7.89511 37.5971 2.16576
901 1.11708 39.038 -2.86533
902 5.78008 31.4157 -1.8136
903 3.26188 37.2798 4.54146
904 17.2789 37.8568 0.687176
905 35.8341 36.8933 0.0234888
906 19.3685 11.6919 3.69163
907 8.72077 23.3573 -2.68577
908 37.0477 36.1003 3.92195
909 5.06521 35.5215 1.80026
910 38.5665 23.2522 2.86099
911 35.1092 39.392 0.360526
912 26.9767 12.7201 -3.25003
913 37.1615 35.4408 3.55451
914 39.9607 24.6135 1.32489
915 38.9355 37.6325 -0.405996
916 30.9099 21.5155 -1.5387
917 17.3454 24.1903 1.49684
918 39.3331 6.25082 -2.61758
919 29.4955 22.5746 -4.17504
920 3.74704 21.5499 -1.2738
921 28.192 21.3097 -1.45858
922 21.53 18.3798 1.25424
923 4.94379 31.757 -2.38474
924 31.7136 27.9712 0.638697
925 19.6465 10.2421 -0.655103
926 22.6234 11.0411 -0.539695
927 2.14228 32.8266 -2.85719
928 37.76 4.78226 0.79868
929 5.04335 32.8264 -0.370081
930 3.04188 4.17677 4.46677
931 12.4868 19.4036 0.618397
932 37.0301 25.1434 -2.81897
933 13.0837 3.09623 -0.153231
934 29.3174 25.6893 1.50867
935 11.6066 13.4765 -2.33308
936 16.2865 20.9707 0.591319
937 20.4797 3.80337 1.28019
938 17.8859 18.8641 -3.66501
939 10.697 5.41231 -0.272985
940 14.2884 25.119 4.62648
941 30.6277 24.6298 2.20743
942 9.64456 24.2458 3.57283
943 11.2301 5.7509 0.39275
944 5.60226 38.2584 3.20236
945 38.8676 2.03352 -1.09341
946 15.9002 22.0171 -2.72082
947 9.62004 8.56553 2.35061
948 19.4715 9.2534 -3.56056
949 4.96351 7.76393 2.30109
950 5.6526 29.3228 0.869552
951 13.2876 6.76047 3.13982
952 15.7618 23.1491 -1.04819
953 33.9068 18.9233 -3.56462
954 6.64591 2.58589 4.62908
955 8.56019 39.0821 1.57834
956 24.3767 16.4328 1.30516
957 35.5376 16.6277 2.72279
958 2.37862 0.270486 -0.193482
959 32.5813 11.1555 2.31581
960 7.14698 0.993563 -3.50146
961 5.22753 26.3061 -3.53835
962 13.8709 27.3914 3.26883
963 12.5988 38.9351 -0.143759
964 2.35099 6.10286 1.49589
965 35.8273 30.3802 2.46545
966 16.4944 16.7491 -1.6134
967 20.305 1.05641 -2.56799
968 36.6162 16.5967 -0.918858
969 11.3948 5.59223 0.439506
970 15.1467 35.6041 -1.4392
971 23.3655 14.2958 1.7351
972 17.3912 22.824 2.08201
973 5.3401 25.9229 -1.08083
974 34.068 23.4698 -2.0278
975 5.96012 21.7335 2.87353
976 5.82819 16.5747 1.76463
977 7.59662 36.0061 1.99495
978 13.4572 35.1695 -2.50607
979 7.6829 1.47183 -3.12414
980 35.5419 15.6726 2.68857
981 4.29046 21.7831 3.08288
982 32.2686 1.61877 -1.77383
983 37.9483 18.3729 2.69655
984 14.3325 29.2962 -1.85948
985 1.09247 22.3936 -2.03185
986 21.7601 17.6527 -0.89517
987 11.5897 15.2782 -1.10961
988 5.00944 28.1445 1.69757
989 26.457 29.5173 -2.59616
990 21.6679 16.5104 0.354791
991 17.2847 21.3099 1.5433
992 4.35263 11.4362 4.64554
993 12.1813 19.2437 3.23424
994 23.2327 18.1518 -2.7725
995 13.8708 19.4741 0.377389
996 35.1069 21.7358 1.35149
997 2.87032 18.4581 -3.573
998 39.7758 37.7649 1.56722
999 37.9957 5.83436 1.89795
