1000
Particles
0 3.09272 33.1583 0.550347
1 38.338 26.3237 -1.94696
2 16.3621 38.9467 -1.56797
3 9.9494 33.5508 -1.73446
4 14.8374 24.6317 -3.68152
5 19.4424 8.11256 0.276556
6 30.9453 3.26857 4.14479
7 37.4022 22.4719 -2.5972
8 7.0767 25.9306 3.70324
9 29.886 20.2201 0.658454
10 27.2285 37.9554 2.3603
11 39.7289 33.2484 0.413504
12 35.3918 30.8299 -1.52903
13 6.32419 9.18708 0.905178
14 28.3181 26.9911 -2.12659
15 17.5773 29.3003 4.28639
16 22.1483 32.5304 1.03848
17 30.1186 19.473 1.25915
18 33.8864 5.48075 1.72344
19 16.404 25.1618 1.61581
20 5.07964 8.69685 -1.52841
21 37.8452 5.30693 -2.64372
22 6.01947 11.3889 -1.34794
23 35.3368 18.9432 1.11448
24 38.0124 4.86027 -3.29914
25 0.109678 33.2824 -0.313435
26 16.5043 30.4529 -0.605039
27 17.0977 14.2727 -2.18451
28 4.1077 31.7521 -2.11551
29 32.4657 38.4974 -0.0178644
30 17.2245 19.053 -3.12025
31 7.79821 18.5413 -3.89466
32 21.3631 5.39585 -0.999005
33 7.78156 39.3804 -0.734689
34 27.1179 17.4349 -3.68432
35 22.82 5.97281 1.89109
36 14.0617 2.99559 1.97201
37 37.0238 25.7807 -0.154196
38 32.034 39.6841 -1.08839
39 33.9403 17.8457 -3.59529
40 37.6985 35.5874 -0.669662
41 12.5895 13.2949 -3.63821
42 36.7034 16.7191 0.712059
43 25.3861 30.6658 0.290961
44 17.728 29.553 2.06156
45 5.159 29.7925 -2.20732
46 2.22398 8.34782 -0.220401
47 31.1176 6.33895 -0.20056
48 6.18571 31.6317 2.12748
49 4.81178 32.0257 -1.3221
50 38.4751 37.7103 -4.24785
51 19.3985 34.3639 -2.61911
52 29.0157 7.34314 -0.725457
53 10.7068 5.4978 -2.79671
54 24.6186 25.8337 -1.15588
55 1.35697 14.8218 -0.328614
56 20.2723 7.89301 3.18457
57 6.40418 36.0924 -0.442135
58 37.9823 26.1243 -0.690779
59 7.66443 36.5407 2.49534
60 7.90431 23.4194 -1.26851
61 14.8138 35.0751 0.301897
62 36.9179 2.98832 2.89428
63 2.84912 16.7421 1.29207
64 0.387074 27.5147 0.72444
65 6.55326 3.44007 3.20222
66 10.2426 19.6216 3.57481
67 21.8154 24.5225 0.870523
68 10.0311 2.2108 2.07227
69 15.1485 4.70731 2.34191
70 8.30975 2.96893 3.794
71 22.7112 9.44043 1.02655
72 5.66913 13.0438 -1.34515
73 21.0607 26.3454 -1.52959
74 11.2671 9.1487 -0.911578
75 0.628868 35.1031 3.78686
76 22.7553 3.06428 1.11053
77 6.9639 25.3104 2.37551
78 4.65335 33.5369 3.18049
79 36.6338 4.35796 -2.84158
80 27.14 8.20865 2.89985
81 4.6643 32.0989 -0.0735928
82 15.7179 13.6791 0.743741
83 16.0943 31.6424 -2.58644
84 20.7435 13.2854 1.38424
85 3.91291 19.9204 1.27561
86 21.0036 8.40227 2.76648
87 25.2743 35.0843 -1.67801
88 0.82731 1.26806 0.703694
89 3.24955 3.40714 -1.24578
90 1.00888 0.0393383 2.29325
91 22.5614 17.5956 -0.342882
92 15.0856 24.7928 -2.7779
93 10.5437 1.56595 2.62848
94 17.1643 26.3202 0.812489
95 19.4168 3.3974 -0.0155508
96 7.76676 38.0082 1.25006
97 18.7971 39.5422 1.98166
98 0.591787 22.2613 -0.255579
99 11.7425 5.07392 -0.739054
100 28.4404 21.5211 -2.26327
101 20.5357 29.073 -2.0858
102 17.8739 30.0685 3.75747
103 9.05882 4.16744 -1.22042
104 22.6254 3.53152 0.145625
105 15.8893 34.2215 -2.81882
106 31.1761 20.4898 -2.37564
107 22.3919 21.7521 -3.4897
108 30.9177 20.5353 -0.82044
109 1.74305 32.7996 -0.571666
110 10.5031 4.48096 1.76666
111 33.9973 33.4064 3.4084
112 30.5251 3.89422 1.68828
113 34.4795 30.4241 0.596536
114 33.0179 26.6426 -2.2829
115 29.6221 22.0848 0.035352
116 24.4001 31.1066 -1.57034
117 27.006 28.2236 1.4995
118 25.8053 2.99201 -3.45894
119 36.6058 15.3761 0.967697
120 20.8789 25.5889 -2.20941
121 26.184 13.7879 -1.612
122 34.7827 19.6141 1.71194
123 8.92418 28.5685 1.85317
124 7.28593 1.23094 1.66104
125 20.1983 39.5644 1.42594
126 21.5728 29.6334 0.97773
127 38.6707 5.65399 -1.52782
128 32.5044 4.72243 -0.441231
129 1.72332 12.5951 -0.0323569
130 25.0686 7.07598 2.15691
131 25.2675 28.8352 -2.47824
132 17.5394 3.18911 0.755298
133 35.9325 33.7568 -0.923797
134 6.1591 35.3518 -0.356547
135 12.0405 4.01427 4.9246
136 23.1508 1.41846 0.698908
137 25.2732 32.3484 0.984122
138 7.5028 18.3774 -2.28117
139 14.4388 1.25525 -4.43276
140 24.4771 35.3244 -0.481939
141 33.1525 32.2611 2.45284
142 23.5648 10.9846 -0.390156
143 14.8948 24.5145 -2.9117
144 3.44049 33.0684 -1.61469
145 21.0259 24.7078 2.00382
146 32.1893 13.5331 3.9732
147 36.5844 1.78927 0.877127
148 35.425 8.45724 0.621775
149 9.89524 22.6788 1.3789
150 17.0188 29.4355 1.86325
151 31.2658 0.737575 3.59441
152 15.9823 15.2035 2.28492
153 18.6168 2.64973 0.732194
154 23.6213 38.2266 1.37156
155 32.8622 21.2134 2.07977
156 37.8984 27.1618 -0.501079
157 11.703 6.63644 1.42701
158 9.90152 37.727 -4.15321
159 21.2575 27.1117 -3.30673
160 38.3397 18.76 1.37817
161 5.52705 25.4848 1.34008
162 23.408 32.2888 1.49224
163 8.81289 8.75283 0.501417
164 18.9845 6.5638 1.44424
165 29.9421 9.60572 0.106412
166 33.1883 7.77981 -1.63521
167 7.80197 38.9106 3.20781
168 36.1678 22.0049 0.495005
169 1.20061 1.36495 1.0451
170 3.88482 37.26 -1.69364
171 23.4991 35.566 -0.724553
172 1.94372 18.4094 -0.955332
173 23.6818 29.6657 -1.97881
174 17.4691 4.04712 1.52299
175 4.58092 9.87592 1.40916
176 17.1176 19.5524 -2.06761
177 13.8199 5.5832 0.27698
178 26.5672 17.3111 -2.31336
179 24.8509 7.05951 0.702026
180 15.8688 10.6058 3.90688
181 3.20298 29.2314 -0.633961
182 17.4285 21.5915 -2.32073
183 3.37013 20.0276 0.691961
184 35.8701 5.27944 -0.424682
185 7.52058 15.0802 -0.546802
186 17.1038 1.65163 0.840911
187 10.5353 3.92967 -0.137669
188 23.9445 16.8976 -0.0409761
189 5.8236 24.8235 -0.0586542
190 22.8777 21.9829 -1.54678
191 16.5833 29.7609 -1.16546
192 36.392 0.900509 -1.61998
193 26.0328 26.2509 1.15596
194 19.8175 25.7281 2.46949
195 6.11303 15.0742 -0.145162
196 28.9694 35.2245 -2.18045
197 17.1397 34.1479 -3.02592
198 29.4649 22.9333 -2.11101
199 15.9882 13.3694 1.86543
200 32.4396 39.3838 -0.104859
201 0.461986 19.3481 -1.53603
202 10.4708 20.5855 1.29807
203 26.7043 14.3079 -0.281455
204 29.9577 31.8875 -3.06253
205 0.557073 31.3788 -3.828
206 15.1918 6.67043 2.66652
207 33.0931 33.8463 -2.95508
208 39.544 23.7142 1.18355
209 9.85985 38.2419 -3.42937
210 9.70006 25.1056 2.12792
211 32.6053 17.0295 -2.94152
212 36.7607 34.9359 -4.48913
213 37.3553 5.01718 -2.35264
214 28.7778 20.2633 0.955833
215 38.7573 20.8474 0.0251733
216 30.8869 28.0835 -0.592842
217 7.2685 9.10049 1.97217
218 15.9225 19.2065 -3.66833
219 19.6657 39.2161 -0.644485
220 10.1564 2.09326 2.9099
221 23.2846 12.459 4.35326
222 2.23991 33.7884 -3.75913
223 20.6494 24.4333 1.27037
224 6.93606 30.4284 -1.73623
225 39.1248 10.1093 0.0282671
226 32.8114 15.8395 -2.74166
227 2.27238 12.5317 0.577999
228 16.3839 6.15434 0.483868
229 39.2197 19.4942 -1.08127
230 29.1026 7.9505 -2.05621
231 17.2715 32.7313 -0.995115
232 33.2346 38.7108 -0.0961409
233 36.6737 5.83627 1.98207
234 5.78867 4.88791 3.08226
235 39.405 5.73403 -3.13675
236 13.3938 1.25346 -2.63371
237 12.769 26.6388 1.94386
238 9.53 12.3873 -0.470094
239 29.7456 10.9764 -1.3647
240 14.8147 18.6844 -2.88222
241 7.30672 30.5778 -2.60628
242 37.1207 4.1227 -2.25483
243 31.8784 38.8368 -3.17574
244 39.4255 17.5387 0.611587
245 22.2069 5.14206 -1.18688
246 25.094 6.68956 1.94987
247 5.81878 37.7635 -4.14044
248 7.54631 30.2417 -0.830671
249 9.77294 38.7396 -3.51536
250 17.6181 3.1406 2.67593
251 37.6823 3.05572 0.579111
252 34.9434 16.3416 3.75899
253 32.3502 16.1197 -1.2486
254 5.59823 36.0007 0.498368
255 23.6905 20.8926 -1.14848
256 6.27827 5.20467 2.37238
257 31.4755 19.9151 0.0641876
258 26.9664 38.1935 1.21487
259 38.1641 13.7304 -2.18451
260 2.10813 10.6499 -1.85197
261 34.0266 26.3035 1.10589
262 30.1831 29.7322 3.56541
263 3.14309 2.56187 -1.69663
264 12.9384 25.6393 3.7887
265 36.7608 28.6906 2.0653
266 38.6524 15.1027 -0.134934
267 2.75268 31.2825 -0.486156
268 15.4917 19.1263 -2.09604
269 23.6154 34.4288 3.43361
270 1.58612 11.4258 -2.12417
271 32.3093 3.36213 -2.81796
272 18.4486 15.4149 -2.65252
273 27.3682 34.2165 -1.68238
274 10.8006 3.65817 1.48329
275 10.2925 22.4255 0.670776
276 30.0001 21.3597 -0.673765
277 5.38862 18.0088 2.81042
278 1.49115 14.1833 -0.00270933
279 12.6544 28.1785 0.407387
280 6.77305 30.095 -2.04898
281 23.8617 19.0706 -0.628556
282 8.36252 18.7674 -4.15432
283 18.8596 33.6729 -1.09253
284 27.814 20.6547 -0.945294
285 39.6225 0.273494 -1.02645
286 34.6742 4.92297 1.84263
287 17.5165 14.5435 1.452
288 1.3239 2.71623 3.76492
289 13.7841 33.9389 1.30224
290 29.9298 25.6419 1.17523
291 12.8633 3.48828 -2.66853
292 35.2483 19.6908 3.2784
293 11.3618 5.34048 -1.32802
294 25.4404 28.5853 2.18529
295 27.1893 14.7424 -0.251874
296 24.8855 22.9814 -0.0116031
297 39.3793 28.8301 3.76162
298 22.4813 37.8532 2.54323
299 17.7756 29.0685 3.37995
300 23.6121 9.12419 -4.0476
301 22.6117 24.4914 1.46309
302 16.5912 35.5069 -0.398048
303 39.9395 18.9475 -2.00192
304 5.38743 32.1568 -1.30513
305 39.3284 16.8074 0.0223919
306 20.6374 10.1789 1.098
307 10.9473 17.055 3.33517
308 4.70171 25.7914 3.51605
309 15.349 31.6545 -3.29647
310 15.4037 21.1926 1.80382
311 22.5818 10.3223 2.76624
312 36.3812 39.0749 -2.25156
313 23.1582 38.5872 1.19217
314 12.9048 6.73614 -3.42514
315 2.45288 38.3566 1.19118
316 36.6328 30.7048 -0.566039
317 21.7082 28.7158 -0.78236
318 29.5428 28.018 -0.712867
319 5.52234 5.21238 4.01112
320 5.56094 23.743 -0.593975
321 27.5242 3.58983 -2.12053
322 1.04205 35.4824 0.421795
323 6.57959 38.0525 2.51571
324 30.041 21.7253 1.8857
325 11.8021 29.2609 2.96644
326 7.92317 19.2434 -3.42628
327 13.6302 35.9194 -2.7806
328 20.7964 29.6209 -2.12876
329 6.00392 24.0629 -0.0460046
330 38.3664 16.1046 1.98119
331 18.3252 37.3685 1.63212
332 32.9866 9.3232 3.26145
333 34.3809 25.248 1.53156
334 16.3561 4.83071 0.370061
335 2.97614 4.30158 -4.64469
336 16.1281 35.0102 0.792401
337 8.99406 25.3128 2.06673
338 12.6453 23.0316 2.96834
339 37.215 29.1988 -1.57712
340 6.74894 21.5858 -0.88216
341 31.7419 28.2378 -0.737488
342 9.51832 15.8602 4.11832
343 9.98734 17.6364 2.55441
344 12.2054 0.768318 -3.24933
345 30.1241 28.7576 0.313252
346 15.5643 11.0073 3.90695
347 0.814128 2.97264 2.8095
348 13.0297 24.7272 1.28836
349 17.5476 25.9925 -0.770237
350 4.68311 16.9351 3.31594
351 3.88795 20.7935 0.358281
352 26.255 26.4241 1.43225
353 22.8766 10.698 2.10358
354 3.34466 39.2223 -0.857387
355 17.1804 27.1261 1.40198
356 35.9071 38.8086 -2.72117
357 7.30755 20.9938 -2.65136
358 16.1121 12.3209 2.74312
359 30.1524 23.9866 0.220408
360 31.8394 21.3212 0.580568
361 29.7699 29.6001 2.769
362 39.3237 23.7945 -1.23567
363 2.75401 10.1946 0.224137
364 7.64258 10.0607 -1.94662
365 8.90194 35.2136 -1.00163
366 13.1794 4.98796 -1.07769
367 12.3651 36.6847 -0.811358
368 23.7593 10.6101 -0.769417
369 13.4985 2.89428 1.37917
370 20.597 29.8437 -1.68741
371 27.7273 18.8309 -1.57482
372 18.4635 31.0692 -1.4468
373 16.1979 16.4225 3.21947
374 9.67734 15.8868 2.66318
375 11.7888 13.2996 -4.16453
376 39.284 30.0679 -0.592524
377 3.1823 9.41767 0.505616
378 11.9794 6.04767 -0.232281
379 39.1978 33.0607 0.311912
380 32.6075 26.5856 -3.80292
381 13.5018 37.3497 -0.993282
382 5.36817 17.3783 3.27022
383 19.2072 34.163 -3.09118
384 31.77 8.32129 1.72112
385 21.1629 24.5735 0.67466
386 27.1705 6.24588 -0.317332
387 32.1254 37.0666 1.36399
388 29.7469 28.201 2.35748
389 8.67836 4.9634 -1.92498
390 36.4609 20.2332 -0.373603
391 13.0802 18.1918 1.94003
392 21.3782 22.9597 -1.25673
393 19.6901 2.45774 3.87743
394 23.7588 0.0144627 2.2012
395 37.1514 13.5873 -2.8158
396 5.08889 35.4452 -2.23197
397 9.77727 6.02221 2.55468
398 32.2642 30.8404 -3.15108
399 35.1101 19.05 1.14898
400 6.35445 3.68288 1.90208
401 28.8613 27.8898 -1.32207
402 34.7896 7.59082 2.85243
403 3.59285 30.4662 1.73449
404 21.137 29.5168 0.140085
405 3.7165 19.6966 0.913182
406 22.1681 6.90532 1.07336
407 33.9132 8.44389 -2.8994
408 2.36685 9.30474 -1.66761
409 19.8473 1.01144 -0.495087
410 17.9267 26.8977 1.37841
411 15.5069 30.7705 -3.04414
412 3.79746 37.5055 -2.5308
413 10.7544 17.4673 2.86539
414 6.04914 10.054 -1.20148
415 10.463 27.4457 1.63377
416 14.3272 38.4992 -3.53532
417 3.58694 36.7936 -2.52327
418 25.1601 25.675 2.56754
419 24.2913 2.88075 -1.15814
420 23.5782 3.66592 -0.715858
421 6.82668 17.7496 -2.67089
422 11.209 18.2694 2.78091
423 32.6554 7.31432 2.06347
424 22.1933 24.588 -0.69836
425 14.6001 5.91647 1.343
426 10.2171 22.4299 -1.32252
427 18.8887 24.8268 1.58014
428 4.46143 9.02671 0.545026
429 5.03927 9.74388 0.977814
430 16.8052 15.4432 -3.87881
431 7.62856 4.14119 1.12271
432 21.6698 30.1214 -0.472334
433 25.2406 21.2954 -0.764832
434 9.27644 24.3211 3.11834
435 32.7798 33.2176 -0.396347
436 1.6984 31.6014 -1.07754
437 8.36527 37.848 3.24819
438 1.16224 31.6558 -0.897119
439 34.9827 11.3823 -0.428339
440 21.2814 8.63539 1.20025
441 8.94593 39.6814 2.16057
442 3.75459 19.7789 1.30854
443 27.0489 16.3312 -3.20732
444 13.8521 22.7097 2.61483
445 12.7028 16.6264 2.16467
446 13.7866 9.90729 0.225365
447 7.74129 2.33471 2.31144
448 32.4634 29.3212 -2.67848
449 19.6775 19.2452 -0.0125287
450 1.32559 14.7756 -0.0967988
451 34.661 9.29571 -0.930115
452 13.7653 18.2664 0.379194
453 5.24761 24.0784 -0.0412365
454 37.523 10.7434 1.73237
455 31.5729 3.35573 -1.59172
456 10.4371 12.2832 0.474211
457 25.5597 16.4094 -1.69193
458 30.795 16.0316 3.92238
459 13.6879 5.35153 -0.783247
460 6.08959 0.0556986 -1.19701
461 5.06153 0.373135 1.86338
462 24.291 18.7515 -0.834699
463 6.25509 33.2187 1.79276
464 30.5761 24.6171 2.16426
465 29.9038 15.9227 -0.290974
466 36.447 21.5906 -1.0578
467 12.1829 36.7611 0.496722
468 23.8738 29.6061 -0.981415
469 20.5163 39.1641 -0.0633434
470 10.7633 17.9723 0.564875
471 39.0619 22.5906 -0.770038
472 15.4697 7.70303 -2.58687
473 9.60343 37.2956 -1.43247
474 6.88524 1.70436 0.809054
475 32.1853 6.50212 3.14163
476 7.87168 24.1419 -3.87241
477 13.3524 37.8911 -0.48263
478 26.2966 17.3097 -4.03811
479 34.9339 32.2476 3.88361
480 33.1292 19.9357 -0.906057
481 24.7479 0.388563 -0.692613
482 10.6413 33.2106 -0.0906703
483 7.91663 34.3556 -1.65188
484 17.5868 34.5882 -2.27058
485 4.76648 2.14458 0.302819
486 18.063 29.6617 0.646561
487 29.9058 25.8391 2.5547
488 35.4799 6.06325 -2.86536
489 25.497 0.967947 0.000664271
490 7.12533 4.28018 1.05613
491 16.9114 11.8478 1.32821
492 20.8994 0.119255 -0.815
493 5.63277 25.5385 4.43928
494 7.62754 10.6785 -2.53858
495 32.6439 9.02177 4.58786
496 20.8224 23.434 -1.2172
497 5.20462 34.192 1.92127
498 19.0936 17.7655 -0.065266
499 10.8903 22.4624 0.234435
500 3.76211 16.5471 -0.513819
501 31.1151 6.89093 0.800825
502 1.32998 3.52185 3.11436
503 22.1255 24.7846 -0.238369
504 38.9501 37.2124 -2.18456
505 3.77401 9.4915 2.23166
506 23.6816 27.3495 2.19086
507 21.5184 7.90389 1.38817
508 5.35566 30.5772 0.631368
509 16.9586 1.76771 4.0847
510 36.8847 6.26691 -1.33462
511 25.0463 35.9312 -1.83647
512 30.0264 25.5868 3.01132
513 9.448 23.7356 2.75028
514 6.68126 31.4105 -4.26702
515 15.0455 16.8163 0.809802
516 15.825 37.2104 1.30541
517 17.1658 14.7074 -2.00409
518 5.74839 8.40276 -0.799153
519 24.3809 21.1621 -2.44769
520 1.17238 2.75984 1.07487
521 37.2018 29.4705 1.30152
522 21.8899 20.4375 0.329304
523 9.46976 18.4409 0.864155
524 9.13682 25.4475 2.64647
525 3.45326 11.8564 2.40268
526 8.43679 25.5541 1.79552
527 13.9942 4.2957 -0.266728
528 21.69 1.93159 1.80272
529 37.3565 3.12216 2.65361
530 30.3736 11.6703 -3.36366
531 28.4153 5.90177 1.08823
532 17.875 37.3133 2.21757
533 11.2903 31.9744 3.32281
534 10.2197 22.9135 -1.48242
535 1.37443 2.29487 2.12817
536 31.9442 11.7889 -1.61847
537 3.36039 29.8184 0.317073
538 2.19574 2.96021 3.60675
539 11.7732 5.97836 -0.946483
540 29.5612 19.1577 1.88365
541 22.3777 21.662 -2.60439
542 33.5161 32.5996 4.50004
543 12.9959 17.1708 1.65654
544 36.3218 38.1278 -1.05451
545 10.7137 27.3978 -0.0688104
546 0.249257 3.71842 2.02043
547 2.86484 10.3118 0.359128
548 35.4061 33.5669 0.336254
549 0.510175 27.6444 0.520977
550 3.42244 25.6912 -1.0592
551 29.7351 11.4931 -0.551507
552 3.09412 37.8021 -2.55154
553 14.8711 31.3702 -3.23305
554 18.506 10.6801 -0.714367
555 39.306 9.04868 -0.867654
556 36.1438 21.5497 0.600142
557 3.8606 17.3141 1.8773
558 34.0751 5.55233 1.07039
559 26.8866 27.2126 -1.04981
560 25.6867 26.2822 2.28014
561 3.49598 24.0522 3.40582
562 9.37552 25.045 1.76583
563 6.34641 11.046 -1.58764
564 17.3021 28.6678 3.51792
565 0.509038 21.2538 -0.414347
566 13.231 37.3993 0.149122
567 28.5561 12.6472 4.11618
568 37.2479 4.26598 -0.976104
569 34.1448 26.0451 -1.17318
570 38.7876 29.3205 1.09514
571 13.7188 16.0046 1.15431
572 34.5559 32.7652 2.87954
573 25.3934 30.7081 -0.277521
574 8.57418 22.6366 -3.20034
575 19.9059 18.6831 -0.643695
576 2.30882 0.583826 2.1073
577 20.9604 30.1345 -0.349457
578 8.41216 39.1417 -0.909622
579 11.2777 10.3957 0.216855
580 8.66934 31.528 3.58116
581 8.7892 29.9756 0.937109
582 29.5459 18.9552 4.20533
583 19.5775 36.0739 -1.96826
584 37.8751 7.79349 3.33794
585 39.8549 27.1666 -1.47133
586 21.4037 22.0165 -2.31645
587 30.7576 32.9021 -0.277512
588 20.0539 37.7647 3.97443
589 23.216 16.9274 -0.135951
590 5.74511 8.33852 1.17754
591 4.94955 30.7923 0.18207
592 33.74 25.3115 -0.304394
593 10.1067 22.7072 -1.09876
594 6.43413 4.77947 1.35249
595 33.135 22.5732 -0.613956
596 38.3738 38.5469 -3.46584
597 30.1262 10.6332 -0.668959
598 33.7798 10.8072 -1.3596
599 7.71267 32.5752 -2.54739
600 7.99717 38.4359 0.587619
601 17.292 32.7265 -1.48445
602 13.4065 22.4379 -3.59147
603 13.3593 6.48006 -1.90445
604 29.3377 28.6042 1.4054
605 9.73558 32.5375 -2.23249
606 37.7863 27.4219 -3.10958
607 38.4047 7.54002 0.922616
608 6.64182 3.54838 0.244942
609 20.2216 0.774722 -0.110399
610 34.1895 25.2657 0.525783
611 3.77289 24.789 -1.48661
612 22.6566 9.17532 1.4762
613 20.5213 10.0328 0.126134
614 38.568 4.39988 -3.86083
615 33.3165 7.80054 -2.29696
616 29.9249 19.8632 2.15172
617 22.7543 28.1938 -0.0984331
618 4.55865 0.263075 4.17423
619 20.5386 34.6828 -3.29475
620 39.0169 0.334336 -1.12476
621 24.6849 17.6923 -3.52713
622 22.1039 2.41223 -1.02181
623 19.8209 9.72682 1.76239
624 29.5898 5.23577 -1.56281
625 18.0218 8.39274 1.2195
626 5.1903 37.5644 -1.71933
627 6.46608 31.1352 4.27646
628 16.2339 2.84158 -1.95993
629 25.7952 5.0909 -0.643034
630 0.923308 29.2271 -2.85719
631 25.3208 1.9152 0.66678
632 34.1819 30.5397 -2.24678
633 4.44939 25.2812 -3.12811
634 38.5166 4.56385 -1.99341
635 24.232 25.9598 -1.62132
636 23.7034 7.70863 -1.83849
637 4.9331 31.818 0.713339
638 30.4706 25.6546 3.09406
639 34.8024 12.5573 1.44321
640 9.08528 22.8435 -0.655018
641 28.7556 7.33334 -3.65562
642 14.7089 33.39 -3.78252
643 30.1802 29.2158 0.846405
644 11.2381 4.32718 1.86821
645 7.17362 7.02892 -0.518198
646 12.2558 6.23191 -1.58533
647 6.93691 14.5792 -1.6258
648 31.5616 35.891 2.56307
649 18.0183 18.2876 -2.69327
650 26.2259 19.6818 2.39752
651 25.2563 25.5292 1.77233
652 10.0403 35.8932 -3.67736
653 4.86764 0.100814 1.48156
654 23.3416 15.7118 0.820722
655 38.7715 31.7916 -3.3949
656 3.58695 11.9905 3.40773
657 22.4546 6.2282 0.010243
658 9.45722 25.6632 1.06637
659 2.93101 39.9877 1.97995
660 23.3461 12.1304 0.387436
661 39.2696 19.6362 0.187112
662 38.4228 33.9306 0.271763
663 9.60108 21.9264 0.26984
664 32.3087 15.0255 0.294347
665 32.194 35.5142 1.51991
666 22.2027 38.7448 2.20286
667 38.2613 34.0482 0.112078
668 8.44434 37.9514 1.55447
669 13.9452 33.8297 -1.23522
670 36.6347 33.379 2.64541
671 32.2914 4.07358 -2.87383
672 16.9065 31.3034 -2.31591
673 37.3675 1.8015 1.79742
674 4.5019 18.1593 -3.44055
675 32.0524 15.3 2.6722
676 35.6347 0.0248819 -0.23433
677 38.7576 21.1719 -0.935078
678 24.4631 0.610887 3.21967
679 24.379 17.4969 -2.57866
680 18.7465 30.8995 0.101341
681 6.53101 3.02998 0.363912
682 34.2086 39.5262 3.22516
683 22.0763 25.5139 0.260861
684 2.62213 2.97402 -2.76389
685 25.0586 29.496 -1.36679
686 0.218832 0.127003 3.12313
687 22.2481 7.83844 -0.222874
688 26.6551 4.37117 0.0946012
689 11.2109 3.63394 0.0374584
690 20.0971 32.2233 0.178945
691 17.0679 32.5951 -0.314479
692 31.2722 15.5377 2.30132
693 2.87969 18.9359 2.76926
694 26.6672 23.5082 -2.57176
695 17.2078 29.1744 3.15087
696 21.4887 25.9857 -0.927821
697 30.8657 3.58489 3.98827
698 35.761 16.4679 3.90831
699 29.5972 22.555 -1.19955
700 0.636644 3.45646 3.29403
701 17.0942 4.96985 0.229123
702 0.112372 36.8073 -1.3138
703 0.634116 11.3073 -1.18073
704 24.8726 35.2407 -3.98012
705 12.3196 32.7785 1.29268
706 39.766 32.991 -1.48232
707 15.2071 5.45567 -0.0730619
708 35.5067 18.3012 0.241077
709 21.9765 10.9389 -1.33163
710 17.497 36.2048 3.53953
711 36.8535 26.6984 -2.46474
712 30.7285 21.1041 -0.353264
713 32.2482 17.0198 -1.56317
714 23.1214 27.4166 0.494373
715 37.0562 39.4585 -2.68769
716 17.3302 30.3074 -2.12497
717 17.093 29.7535 1.95294
718 6.45476 30.5799 -3.20184
719 10.388 35.3881 -1.27789
720 6.64229 25.9881 2.9061
721 24.1178 38.0357 -1.23916
722 2.29278 39.3334 1.48046
723 10.1239 1.97951 1.35596
724 16.4875 38.7611 -0.290196
725 24.6523 38.4271 -1.34413
726 4.80433 28.7125 -2.52674
727 6.22912 27.1076 -1.55474
728 36.9147 4.38144 0.382992
729 19.6258 0.666395 -0.832902
730 20.1086 10.7084 2.57391
731 30.3131 19.7251 2.82981
732 28.6586 33.4458 3.15249
733 29.988 29.0586 2.85228
734 32.387 4.97932 0.127983
735 20.6638 29.739 -1.20332
736 16.338 31.5639 -1.31972
737 0.760116 32.4466 -3.6192
738 21.2924 7.50861 2.22254
739 12.687 23.8396 3.65954
740 35.0179 26.4629 2.42236
741 8.20246 31.6817 3.41718
742 18.3989 12.8404 3.17124
743 22.3424 23.4824 -4.44252
744 35.5667 19.022 3.59851
745 9.91913 39.2031 -4.51834
746 15.6336 12.655 -1.10777
747 20.4383 24.8043 -0.252733
748 21.1616 32.0687 1.22157
749 2.703 1.07819 0.901184
750 4.25797 36.018 -0.439356
751 5.75802 37.8443 -2.79519
752 7.26953 20.3452 1.01902
753 15.7717 21.8252 1.47208
754 29.4317 23.8052 3.50388
755 23.1396 5.21072 0.13406
756 2.22795 3.77319 1.49985
757 12.6748 29.3717 1.83568
758 36.9417 21.3563 0.432513
759 8.60197 31.927 0.876326
760 31.0918 33.8149 3.31531
761 11.8905 20.3302 4.16838
762 21.801 22.9126 -1.57359
763 5.03997 0.590389 -4.987
764 23.6753 9.42897 -1.3037
765 34.2083 17.0733 2.83698
766 6.66689 13.0064 -0.235133
767 31.3456 5.07893 -3.2191
768 6.14892 15.5611 1.78056
769 13.6282 32.2765 -3.04051
770 6.58203 25.5174 2.89522
771 6.42832 19.9414 -0.0262559
772 13.6696 36.5797 -3.14785
773 31.6432 28.4059 1.14674
774 37.5449 39.2376 2.72955
775 16.2894 11.2327 2.98857
776 6.40683 15.2276 -0.0956151
777 38.9658 26.3176 -1.2973
778 36.6437 21.8657 0.461937
779 12.6899 37.9902 -0.154202
780 5.94977 5.51189 1.73893
781 39.2956 37.7162 -2.75109
782 7.49161 12.3522 -1.28335
783 11.308 8.98031 -0.213338
784 37.5645 2.5474 0.291043
785 21.0526 7.83225 2.27552
786 6.12795 18.203 2.36794
787 31.8864 3.06102 -1.79849
788 0.810598 2.66121 0.640061
789 34.1147 7.93401 -1.32811
790 12.6035 27.3869 2.54862
791 13.2975 22.4713 -1.65741
792 11.7378 22.6869 0.210065
793 19.1611 32.366 -0.828456
794 20.8375 31.3208 0.350349
795 38.5723 6.6346 2.50093
796 20.6341 22.6661 -2.31158
797 39.8898 31.5565 -1.95275
798 27.0915 10.7589 -3.44824
799 24.5772 5.69496 -0.299415
800 35.194 3.02559 0.641367
801 16.6146 11.6939 0.488992
802 35.7742 20.219 1.77733
803 10.8263 1.67484 4.67567
804 1.46869 21.9881 0.594615
805 2.8204 25.8546 -1.59285
806 6.84506 30.8627 -1.78734
807 27.3199 15.5351 -2.27137
808 19.5316 29.7198 0.566211
809 30.2857 12.9991 -1.21005
810 13.4093 38.1204 2.06473
811 5.48566 24.1375 2.7742
812 7.80031 4.16784 -2.64097
813 2.65902 8.70573 -0.0772799
814 25.3555 38.4054 1.67347
815 30.8796 15.1193 4.7506
816 18.2099 2.36136 1.61829
817 7.61691 0.0363678 -2.02749
818 5.36967 9.42347 -1.87851
819 28.0906 2.30905 0.420628
820 2.51854 3.77929 3.02666
821 14.0693 16.3079 -1.43661
822 8.44108 3.22904 4.15697
823 22.9674 39.6751 -0.634377
824 28.2908 12.2758 2.1969
825 1.74967 33.9976 -2.05077
826 5.75943 14.7376 -0.0269304
827 1.48143 10.0902 -3.45308
828 19.532 18.5476 -1.63078
829 12.0478 36.5422 1.94455
830 7.30914 19.207 1.53116
831 12.1634 38.5599 0.206858
832 33.4788 1.11464 1.47317
833 8.40764 14.7681 0.581393
834 21.4595 8.68215 1.34667
835 5.29928 32.0836 -2.03669
836 15.9062 34.0921 -0.100937
837 29.1524 38.3565 -2.23646
838 18.4221 3.71967 2.59244
839 3.52321 17.4286 -4.13125
840 24.4991 16.0808 0.400752
841 26.0201 30.9451 -1.08955
842 16.9652 29.7328 -1.55407
843 17.7003 5.84956 2.83247
844 5.24513 24.4326 2.23029
845 5.10562 26.5675 0.435601
846 13.6547 31.6784 -1.30186
847 3.67089 27.8321 3.62939
848 23.3937 27.149 1.29498
849 23.733 16.3051 -2.03059
850 30.4903 36.7302 -0.709966
851 4.53651 2.49993 1.63195
852 26.3218 26.1298 -0.991103
853 21.8431 26.698 -1.05954
854 0.382673 37.1035 -4.9576
855 11.3487 37.606 2.386
856 9.56688 38.8709 -4.0928
857 7.04009 21.8918 -0.335236
858 39.3955 28.2547 4.66852
859 14.1031 39.5882 -2.63073
860 36.3742 18.5556 0.237093
861 2.96379 16.449 0.339694
862 7.37357 37.3926 0.674151
863 10.9068 9.97328 0.0198496
864 21.1878 10.7272 1.55845
865 28.4447 38.2202 -0.0718784
866 26.9784 3.81363 -1.21126
867 23.0387 26.0214 -2.98127
868 29.3844 26.8859 -1.58678
869 35.3474 17.7279 -1.29994
870 33.4953 2.26556 1.31814
871 18.8309 25.739 -2.57017
872 30.7112 22.9084 -2.09433
873 17.2959 15.5128 -2.2725
874 33.7669 15.6688 -3.29717
875 30.9135 3.67813 1.05881
876 9.54714 17.9721 3.00145
877 31.6865 9.35885 4.01397
878 3.4355 37.4099 -1.82376
879 2.55757 34.885 -1.05998
880 34.8049 23.055 -2.0048
881 8.83636 24.1204 4.84447
882 27.5619 4.46216 -2.80894
883 27.4836 28.0413 -0.606756
884 8.93838 21.3321 2.8864
885 11.1976 10.9964 -0.188572
886 16.5146 19.1402 -2.06138
887 5.10967 24.4785 -0.570475
888 29.9941 24.7138 3.53965
889 2.83356 8.74628 1.72694
890 15.3112 19.0075 -4.01849
891 19.364 24.4046 1.32759
892 11.237 4.99631 -2.49487
893 30.795 27.821 0.958907
894 0.168217 29.6167 -2.4162
895 37.4457 8.58896 1.83201
896 18.103 3.11275 0.114034
897 39.5237 14.9512 1.87014
898 19.179 18.0557 -0.414961
899 11.1184 23.8983 -0.020413
900 13.0969 3.50363 -2.27099
901 0.0771167 35.792 1.40883
902 0.787154 32.4815 -3.51133
903 7.50192 38.7876 0.327602
904 14.3554 39.0295 -4.07854
905 30.7303 36.8958 -1.92133
906 20.5961 15.1069 -0.520566
907 8.23012 28.1675 2.15445
908 31.5748 34.7554 2.55643
909 8.45267 0.0916951 -1.75787
910 38.418 19.6431 -0.910992
911 31.1835 29.9451 2.19736
912 25.3127 16.3532 -1.15158
913 0.907084 30.5378 3.69876
914 36.4166 20.3159 1.13455
915 32.5696 35.7706 1.44341
916 28.8471 20.6505 -0.55587
917 13.848 23.0043 2.81647
918 34.4326 6.12663 0.707112
919 30.7583 22.2049 -2.30381
920 6.20472 23.6668 -0.266069
921 23.5174 25.1921 -2.33225
922 25.1729 14.8686 -2.60208
923 4.73753 25.6988 3.16306
924 28.904 30.0446 -2.51429
925 22.4214 7.16054 3.96341
926 27.3775 6.61564 -0.5544
927 5.39806 31.2327 -1.82489
928 36.2938 2.05462 3.78014
929 4.46406 35.3228 -0.779919
930 5.84051 7.91357 -0.417712
931 19.3263 14.0244 -3.3742
932 4.31744 21.2492 3.41244
933 14.8237 4.81646 3.21872
934 30.1432 23.9738 3.55201
935 12.3254 7.12957 0.0663599
936 15.9792 20.9294 2.03403
937 18.155 3.7419 0.103669
938 21.1365 21.6776 -3.6697
939 14.3603 6.13365 0.639782
940 14.0869 24.1901 -2.18147
941 26.5658 16.8059 -2.45381
942 11.3655 17.1713 2.50725
943 13.5898 4.97972 -0.881868
944 6.61642 36.0538 0.478608
945 39.8414 4.18532 -2.05813
946 17.2891 26.3408 -0.0624496
947 12.3495 5.15249 -0.470458
948 21.8131 6.13305 1.78773
949 5.57977 12.3154 -2.52996
950 1.62433 33.3554 -1.57214
951 11.0858 9.54365 -1.13984
952 12.7335 24.588 1.56813
953 32.4729 23.5654 1.12717
954 5.49415 0.454161 -3.28266
955 2.91772 1.8038 -1.02936
956 29.4384 15.3242 1.1339
957 34.9459 19.2179 1.77845
958 2.41457 37.3886 0.376227
959 24.9681 4.85989 -3.07203
960 7.00802 35.7557 0.120921
961 39.9878 24.438 1.50425
962 7.87748 25.2348 3.53355
963 12.8043 37.867 -1.13792
964 2.05269 6.41381 -3.21099
965 34.3464 26.3716 1.20491
966 15.4246 18.4462 -0.922812
967 13.6244 39.0474 0.686148
968 34.2055 20.3245 2.1238
969 10.9389 4.59448 -0.757771
970 16.5573 32.3509 -1.55199
971 28.593 11.0072 1.89056
972 11.3728 18.3321 4.40334
973 7.19244 28.3051 4.1816
974 27.3908 26.8371 -0.877917
975 6.82317 21.892 -3.56714
976 4.30175 14.2797 0.0896738
977 7.15141 37.8947 1.4927
978 13.7551 36.0065 -1.91064
979 6.93619 3.31792 0.676172
980 36.029 16.481 0.327999
981 4.83309 22.3182 -2.11584
982 39.0837 4.77022 -1.33798
983 35.4052 18.0761 0.996095
984 8.22072 31.5519 1.9211
985 3.73172 24.9181 -1.57595
986 22.3712 18.021 -0.360739
987 11.549 18.0091 2.27182
988 5.57363 27.3821 -1.34242
989 25.1223 30.8879 -0.0495862
990 23.3558 14.4319 -4.27476
991 10.0449 23.0757 0.907903
992 3.50285 16.159 -0.0825275
993 15.6212 20.5722 4.44616
994 23.4637 20.6724 -1.07015
995 15.7531 15.4662 3.74748
996 33.8932 20.68 2.76504
997 33.6846 17.6199 -3.27724
998 36.0036 34.6714 -1.80545
999 34.0694 11.4797 -0.651798
