1000
Particles
0 2.10052 32.3944 0.623699
1 35.474 20.4182 1.57107
2 19.0843 6.3778 1.15348
3 9.87878 35.9556 1.90305
4 20.1607 21.3341 -3.03938
5 23.6545 10.9194 2.71676
6 29.9011 4.17784 -0.229069
7 32.6186 17.8868 -1.61723
8 6.89672 27.9538 -0.0186204
9 26.6714 18.2332 0.999114
10 28.5986 31.7132 1.90937
11 39.1811 33.9873 2.90632
12 32.2373 31.2203 1.96664
13 1.22489 5.97277 -2.0777
14 27.9002 19.3652 -3.76515
15 24.0658 29.8758 -1.90583
16 22.6877 33.1233 -2.14091
17 33.3071 10.2247 -4.4715
18 35.6117 11.734 0.596756
19 15.6915 24.896 1.04259
20 7.07457 11.437 -1.43665
21 38.4702 5.4287 0.19007
22 1.26174 14.5698 2.8734
23 29.6748 21.3369 0.154798
24 37.1065 9.40215 -0.892678
25 2.91468 32.675 1.72767
26 18.3466 29.8436 4.10736
27 14.6559 17.9832 1.38414
28 1.83199 30.5894 0.713578
29 32.3546 5.88304 1.20621
30 18.333 23.8969 0.178582
31 16.3888 18.5218 -2.39005
32 20.034 8.71856 -0.952989
33 10.5455 39.6361 2.06496
34 28.5815 15.5554 -4.24744
35 21.2981 1.10382 2.78026
36 19.2425 39.6215 1.81877
37 34.8123 25.5743 1.12111
38 34.2152 37.0051 0.26786
39 29.3986 16.3566 -3.91564
40 35.8948 36.287 2.71012
41 16.9224 9.64494 -0.151357
42 0.85292 15.2551 0.297451
43 25.0048 33.1351 -0.262297
44 23.6351 29.4585 -2.95248
45 3.9942 30.3426 -4.27775
46 0.347742 8.68679 -1.28766
47 33.2395 7.05896 1.42015
48 4.75021 35.9533 -1.28761
49 9.3945 33.0126 -1.08295
50 35.9174 39.6167 0.299968
51 17.5872 39.5699 -0.351137
52 33.7668 14.2829 0.720055
53 14.8122 4.21206 2.76905
54 31.0027 25.8265 -0.767257
55 1.55023 17.721 0.619989
56 24.8111 6.31775 1.19052
57 2.6242 30.08 2.65663
58 38.6715 25.2385 4.29393
59 7.86361 34.7776 2.773
60 9.12497 26.9975 1.44111
61 14.9341 28.1216 1.65185
62 34.2957 0.128211 0.632013
63 8.70332 15.0934 1.58846
64 37.8267 26.6097 -0.408654
65 13.7526 37.2001 -3.20175
66 10.7023 17.9274 -0.414449
67 28.2153 20.3491 1.37603
68 9.74609 3.31933 3.21642
69 11.633 4.68541 1.80871
70 6.01345 37.1296 0.838889
71 20.3736 8.69085 -2.4579
72 5.65326 12.8319 -1.93929
73 22.4927 30.3843 1.75891
74 8.01691 4.73032 -0.923862
75 5.41765 32.1294 -0.570234
76 18.093 4.99846 -0.700024
77 8.26175 25.7115 -0.711339
78 1.79511 31.5506 2.55537
79 35.9801 4.07737 -0.179215
80 36.2793 6.44484 -2.0299
81 0.88789 26.9673 3.29036
82 12.412 9.30862 -2.07226
83 16.8054 28.0931 1.5059
84 17.1741 17.5591 4.09375
85 0.916005 19.9104 2.56593
86 19.4457 2.22827 0.439068
87 22.8854 35.9237 3.39965
88 5.15101 36.8245 -1.91201
89 4.86361 38.3665 3.19392
90 36.9542 36.4144 -2.24608
91 22.2196 15.5031 -3.46616
92 11.6081 19.347 -2.11499
93 16.9349 3.58335 0.289576
94 14.6758 22.9883 -4.40536
95 20.4681 39.2218 -0.00140024
96 12.7376 29.4865 -3.57114
97 26.0304 34.9424 -0.385876
98 0.0915723 20.0888 3.16483
99 11.5129 2.21082 2.32346
100 26.09 18.4368 -1.58576
101 23.3486 23.0281 0.854729
102 21.5293 31.0609 2.11213
103 10.6254 2.82528 3.51642
104 23.632 6.82092 3.4686
105 22.561 31.9223 2.14882
106 29.1191 16.6741 -3.60414
107 18.5387 24.0174 2.83813
108 27.1226 9.64791 -0.2189
109 37.5218 36.9449 -1.06537
110 14.6264 1.319 1.0535
111 39.0608 29.7933 2.19845
112 32.552 39.0548 0.121294
113 38.9252 25.0217 3.95594
114 0.142273 25.7404 3.62288
115 33.0269 23.6497 -1.39371
116 23.4859 32.401 0.86898
117 23.2874 32.192 -2.34942
118 23.5255 3.13957 0.00375068
119 32.9826 14.7102 -0.822875
120 25.6606 28.9753 -4.20635
121 24.1696 13.9945 -0.145777
122 35.1397 18.816 1.56119
123 7.84763 29.7549 -0.180455
124 12.8747 38.7884 -3.59031
125 26.0297 39.3539 2.14356
126 26.1414 23.51 0.78802
127 36.7082 5.90989 1.19658
128 37.3955 11.4569 3.75657
129 0.359979 13.1965 0.937544
130 34.924 6.35642 2.38633
131 34.0481 27.1856 -3.42115
132 20.2738 39.5117 -1.21161
133 35.8897 31.7998 -2.41302
134 0.858755 30.1159 0.0145676
135 9.11469 6.89276 -1.66561
136 25.712 8.8025 -4.22749
137 26.7182 32.9761 0.722237
138 9.73548 19.8521 -3.93015
139 14.5126 2.14447 1.02457
140 21.8954 32.1285 -1.19467
141 31.4675 27.5217 0.530037
142 26.1388 8.81556 -3.22837
143 17.7199 27.7052 1.27632
144 0.972649 29.3692 0.822503
145 25.5151 17.9521 1.69396
146 33.0052 7.04283 0.489679
147 37.4169 1.09068 -2.99874
148 37.3632 10.0169 2.29021
149 13.6322 25.284 -2.49633
150 20.2846 15.6698 1.26216
151 34.2386 39.126 -2.46323
152 19.9371 16.0445 0.977189
153 21.2144 2.76775 -2.13429
154 25.1456 37.052 -1.76253
155 33.9655 25.9942 3.25926
156 36.1294 26.3924 1.83117
157 12.763 8.66462 -2.6935
158 15.1429 33.9454 -3.18419
159 17.5466 25.3183 -0.225781
160 0.532945 13.0105 1.5081
161 7.52121 20.6461 0.676499
162 24.8256 30.5712 -2.34547
163 6.94952 8.01416 -0.206838
164 16.2273 1.19354 -2.00632
165 27.0039 12.3944 0.907674
166 34.6265 10.1886 4.49024
167 11.2712 34.5953 -1.29718
168 0.649096 23.3312 -4.55461
169 36.9729 33.0102 1.10962
170 4.65093 33.8029 -2.16606
171 22.7071 39.5183 2.08549
172 2.01107 17.2219 0.320688
173 23.6139 34.9077 -3.51913
174 16.1599 36.7351 1.25838
175 39.3513 4.04894 -1.29932
176 20.3533 20.902 -2.44979
177 15.6179 8.50598 0.718164
178 25.0596 17.3772 -0.766782
179 31.4434 8.54732 0.850795
180 16.8916 10.1908 -0.760709
181 36.7905 29.0718 1.15797
182 20.0456 15.7057 2.79238
183 2.12118 26.599 -0.0672215
184 36.5872 4.54338 -0.306069
185 10.4624 14.1064 -3.42919
186 22.9331 1.35266 -0.331203
187 10.1826 1.01725 0.886176
188 23.7681 16.3949 1.50066
189 10.4293 24.7404 4.04107
190 23.5109 21.7271 -0.729852
191 12.5789 29.0578 -1.16883
192 37.2284 5.05631 -0.513205
193 29.1355 18.6321 -4.27199
194 20.7977 24.5155 4.61429
195 9.70968 16.6463 -2.97071
196 26.8007 36.8835 1.87191
197 18.7882 32.733 0.080486
198 28.3215 18.4296 3.05581
199 11.4315 9.66439 -2.84561
200 34.8473 37.4089 0.0781993
201 35.3295 19.7064 1.63596
202 12.4883 19.2289 -0.843074
203 24.7292 18.6207 -0.348577
204 33.3755 30.6815 0.450401
205 37.0704 28.7364 1.02164
206 18.0051 4.13107 1.11387
207 35.5629 33.7904 1.11197
208 33.7195 22.3544 -2.78532
209 11.4751 35.2814 -3.75044
210 11.4335 25.9742 0.216584
211 35.5269 17.3281 -2.41565
212 37.2827 32.7007 0.799843
213 39.6011 7.20618 -1.31315
214 28.9164 20.0843 1.05429
215 34.5904 20.8546 -1.16875
216 29.3331 23.9401 0.106193
217 8.93123 8.92773 0.856459
218 13.8978 20.0473 -1.00798
219 21.3825 38.0336 -3.15418
220 11.8223 6.23096 -4.63043
221 20.9012 8.9574 -1.57915
222 38.1612 32.7598 -0.0908885
223 18.9418 25.4222 -1.35747
224 1.26446 29.8649 1.53705
225 33.7778 8.65235 -2.54339
226 36.6816 22.5388 -0.949291
227 3.28539 11.0018 -3.96859
228 16.5042 8.38955 2.57437
229 38.5426 17.3283 -1.70224
230 31.9465 9.99513 2.46773
231 17.5465 25.8026 2.59628
232 33.3708 3.03084 0.0192714
233 39.2032 10.3936 1.61778
234 10.9281 38.2239 -1.25293
235 37.9669 8.63217 1.83626
236 14.1657 38.0265 4.20703
237 13.3282 26.8686 0.18361
238 13.4185 9.60877 -1.29427
239 33.1869 8.22509 -2.07836
240 19.795 20.9224 0.242788
241 12.1141 29.8943 -1.05375
242 37.8763 6.95577 -3.18419
243 28.8974 3.22442 0.208665
244 36.1673 20.6585 -0.0256023
245 18.9668 2.16772 -0.723602
246 31.3778 4.12589 -1.42999
247 8.20007 37.6767 -2.01962
248 10.8999 28.0124 -0.656569
249 17.1931 38.6024 -0.0105035
250 18.4963 1.06568 1.96112
251 38.1626 7.08128 -3.02499
252 34.0427 16.0305 -0.709537
253 33.3499 14.057 -1.54105
254 1.22409 39.4922 -0.519885
255 28.9719 28.1527 -0.301713
256 5.81102 5.38361 -0.804423
257 27.5841 16.945 3.44207
258 31.4362 34.4632 3.11525
259 38.7015 15.2028 -0.0602021
260 3.65659 9.93287 -0.601488
261 27.9512 27.0919 1.36844
262 26.743 34.9234 -3.15173
263 39.2489 8.69673 -1.37287
264 10.863 25.6083 0.288323
265 37.2049 28.3703 0.618357
266 0.615639 11.5793 -2.56389
267 0.766203 28.536 2.87354
268 11.9059 27.4768 1.10561
269 23.0764 36.0743 3.33446
270 2.64349 11.6214 -2.88728
271 34.1757 10.5271 1.76438
272 20.0818 18.7248 1.82209
273 28.6627 37.3531 -1.24047
274 11.3392 8.77904 -2.69011
275 9.4593 22.3702 -2.36074
276 27.1674 18.5446 -3.89389
277 4.4887 20.339 -0.179225
278 4.34937 12.8572 3.73992
279 8.80116 26.7956 1.68031
280 8.51185 26.4285 0.535057
281 25.1237 16.1853 1.1088
282 15.1481 24.0923 1.63559
283 21.6058 34.275 -0.812433
284 25.6125 20.1148 -0.553942
285 36.7528 37.7257 -2.5428
286 34.3655 6.97097 -0.306812
287 13.5258 12.7314 -3.08554
288 1.22403 36.0984 -2.49201
289 11.8531 27.9086 -0.742462
290 34.7019 23.8275 -1.75937
291 12.7704 7.73611 2.12852
292 38.3745 19.115 2.06764
293 1.98612 5.38335 -2.42632
294 30.5083 26.8698 1.23928
295 17.701 11.7255 1.80056
296 24.4575 29.1516 -2.08053
297 1.07686 27.9332 1.26411
298 25.1724 35.7718 0.561348
299 20.3147 26.1681 -2.29193
300 23.9947 3.10739 -2.4385
301 29.7511 22.176 -2.03098
302 19.5926 36.2156 -0.304311
303 7.94248 27.155 1.94726
304 11.2691 28.3815 0.258359
305 7.1966 24.4402 -1.05437
306 30.1191 12.6316 -2.41552
307 9.21672 12.2846 1.88851
308 4.20055 21.2269 4.14145
309 12.6468 32.8059 -1.05304
310 18.3831 22.6039 0.642992
311 22.5436 6.33621 1.43848
312 37.4441 0.72346 -1.88087
313 25.8 38.7818 1.90354
314 18.1705 1.76949 1.82341
315 1.40552 34.6362 -1.95447
316 37.8018 37.1873 -2.86066
317 25.8311 28.4033 -0.925005
318 26.4162 22.2622 1.01535
319 2.92738 38.613 0.725451
320 3.26415 26.7808 -1.42826
321 28.8392 3.10941 -1.97059
322 5.26468 32.2006 0.442542
323 15.058 33.319 -4.67763
324 26.7962 15.2527 0.135697
325 11.8722 31.9849 -0.366509
326 2.41577 15.156 1.19258
327 22.1016 36.2211 2.99665
328 16.5367 27.8484 1.27023
329 6.68803 20.0796 2.18757
330 4.10727 9.90876 -1.00732
331 17.5346 37.1848 -1.91494
332 36.1892 14.065 0.0181482
333 25.7272 16.1057 -1.53745
334 16.5436 3.18239 2.17783
335 5.07087 0.308077 0.0710731
336 17.6705 37.1275 -1.72254
337 10.1873 17.0141 -2.36278
338 13.465 26.7913 -0.799314
339 0.184625 30.2632 1.19429
340 8.41154 24.9761 -3.89202
341 33.7498 30.5099 0.43785
342 11.1234 15.8583 0.214871
343 9.65402 14.6464 3.29475
344 13.4207 2.6887 2.18499
345 30.9543 26.8097 -1.11754
346 17.0258 8.35979 -0.0788132
347 3.5761 37.6595 0.100817
348 6.55465 20.9839 2.31556
349 19.8657 23.9719 1.09614
350 4.60933 19.5477 0.108056
351 4.70574 20.9932 3.70759
352 28.0057 25.4195 -2.12548
353 27.1581 5.8427 -1.39785
354 37.8267 39.4393 -0.884868
355 15.5774 23.0741 3.76887
356 28.6026 36.189 0.496716
357 10.349 22.5697 -1.16697
358 11.0424 18.2601 -1.81985
359 35.1119 26.3227 -2.19529
360 30.9141 22.7243 -1.6827
361 29.1298 32.5 1.30857
362 39.8947 25.1733 3.48883
363 0.591035 9.40846 -1.12352
364 4.04177 16.7349 -4.24314
365 13.4753 36.854 -2.02624
366 17.7366 8.70704 3.96672
367 11.3501 38.014 -1.30244
368 23.0431 4.82407 -1.68555
369 13.6886 38.5909 -1.41745
370 21.3102 27.9996 -4.1778
371 23.2914 16.8083 1.22905
372 24.6296 29.2463 -0.422689
373 15.8973 12.7606 1.46661
374 12.1019 17.483 1.66328
375 15.0707 10.3952 -0.890183
376 39.6154 27.4737 -2.13213
377 1.68111 6.57036 -1.75733
378 11.8043 4.74722 2.66251
379 36.8643 27.773 1.22919
380 34.8494 28.097 -0.483424
381 12.2845 34.4196 -0.571172
382 3.67932 16.9501 0.486564
383 24.2733 34.7262 -2.7215
384 31.0255 9.37366 1.18777
385 18.1395 20.6105 2.02057
386 27.3913 10.0253 1.31032
387 1.19249 0.744801 4.65926
388 33.4818 24.4413 -0.351958
389 3.61488 3.3433 -3.17214
390 33.6938 23.0118 -1.87123
391 17.3673 8.86232 3.32793
392 19.928 25.913 -3.89571
393 18.2466 8.10222 0.497475
394 26.2273 36.8387 -0.581252
395 35.8886 15.1721 -0.490662
396 38.32 7.24136 4.3707
397 5.32134 1.57344 -1.85321
398 36.0143 31.1015 -1.27931
399 36.8967 22.027 -1.17692
400 4.90394 37.3177 -0.393139
401 24.4058 33.7701 -1.35336
402 35.2073 8.98874 0.687964
403 1.70905 27.1442 2.63368
404 24.7425 29.069 -2.65747
405 2.89607 23.1417 -4.10206
406 24.2501 0.876732 1.26901
407 34.8485 6.49645 0.786852
408 5.67956 13.6522 -1.93945
409 17.774 1.33821 -0.198978
410 21.2165 24.5203 4.32624
411 14.672 24.7477 1.94394
412 1.60523 0.278644 -3.62779
413 11.1734 14.8015 -2.11736
414 4.29534 14.4536 -1.88935
415 11.8716 28.4279 -2.37791
416 20.7073 36.6128 -0.688979
417 1.12008 1.64906 4.13928
418 25.9453 22.712 -0.0311345
419 23.2164 4.45646 0.505782
420 21.1628 0.413634 -0.388604
421 5.44032 17.8106 -2.47795
422 12.9556 11.2866 2.1253
423 28.5419 7.7696 0.460335
424 24.6158 21.0053 -1.97919
425 17.7415 2.28938 1.14825
426 7.51667 19.6062 -0.649417
427 18.5254 20.6839 2.52853
428 2.8582 6.31389 -3.45721
429 1.09572 7.70054 -0.9728
430 20.2548 18.3291 2.23478
431 6.28492 8.51464 -1.62952
432 22.1095 33.3132 -0.0878057
433 26.0695 21.8659 1.36044
434 10.8153 25.6645 -1.59292
435 32.3984 33.9 -4.09466
436 0.690795 28.4841 2.07206
437 11.3141 32.3073 -1.32986
438 4.92109 22.8289 2.71843
439 33.6188 18.3196 3.7927
440 22.5971 10.2758 -2.84008
441 17.1235 0.337643 -1.01396
442 10.6572 24.14 -4.26977
443 24.5199 16.3769 0.748664
444 13.225 19.3827 -0.0525646
445 12.4429 24.6153 -1.34462
446 18.0273 9.72238 0.636039
447 0.882088 8.12831 0.0651665
448 29.5702 31.2029 0.553996
449 16.4312 20.5903 2.61629
450 4.17958 21.6839 2.09312
451 36.4319 9.89912 -1.14474
452 12.083 12.3148 0.280154
453 8.28213 26.9955 1.55802
454 35.4298 8.0873 0.491339
455 32.7265 6.75033 -0.524212
456 7.9114 4.78569 -0.712967
457 22.0225 20.1366 3.82554
458 32.9184 17.6239 1.13953
459 11.1256 6.63522 -2.29635
460 8.98251 39.9836 -0.263025
461 9.24209 1.58125 3.07304
462 24.8814 17.9217 1.13452
463 2.3189 29.7795 2.64925
464 29.1613 21.4676 0.140354
465 28.5469 16.9126 -1.63963
466 31.3993 19.3709 -2.52349
467 11.2332 34.7314 -4.13612
468 23.2805 31.4801 -1.51632
469 14.7294 33.6463 -3.4479
470 10.6719 15.6029 -0.813789
471 35.6221 20.8438 2.16867
472 11.269 7.14835 4.10876
473 10.7574 1.92495 0.992582
474 8.56476 37.21 -1.44959
475 32.2191 6.99703 0.61718
476 15.6647 30.1987 3.20526
477 14.7846 35.1523 2.56179
478 25.8504 22.0806 -0.83251
479 36.963 28.3006 1.35374
480 32.6162 18.7257 -0.558247
481 25.0371 36.2193 -3.04827
482 8.80018 30.5697 1.1428
483 11.1462 30.5798 -3.05933
484 11.9289 33.773 1.02629
485 8.24859 38.6 -2.62961
486 15.3228 26.5601 -2.73143
487 33.545 31.114 -0.0892136
488 36.562 10.2623 -1.08728
489 18.6512 0.583261 1.19567
490 8.41337 39.4807 0.35398
491 16.9967 8.63868 -0.205576
492 20.5515 1.96854 2.56664
493 3.16009 27.0454 -0.678153
494 10.9302 19.0318 -1.03006
495 33.7616 16.2458 -2.35347
496 26.9534 22.2771 1.91704
497 1.63455 28.8241 2.20043
498 17.0388 18.8222 -1.318
499 9.0782 18.3287 -0.596966
500 6.15139 17.1377 0.968652
501 28.8141 11.369 -0.504233
502 37.6084 7.30139 3.86229
503 15.9136 26.6241 -0.486557
504 35.975 34.6186 3.64663
505 9.49639 4.62472 1.2894
506 27.9487 29.8853 0.453437
507 19.0618 12.2016 -1.01023
508 0.461394 26.8472 2.57464
509 20.1423 0.50931 -0.399921
510 34.8718 3.55547 -0.263331
511 24.9661 35.8419 -1.44283
512 33.8379 29.1156 1.9489
513 12.4101 31.915 -1.70529
514 10.8612 29.3894 0.0117093
515 14.5627 15.5763 -2.434
516 19.7882 1.7301 1.44975
517 17.2792 18.124 0.945777
518 12.3167 8.75121 1.04278
519 16.6823 20.9633 1.00422
520 39.1493 9.62084 1.80174
521 35.8249 24.0691 -0.226144
522 21.4838 15.8103 -4.31054
523 11.2109 16.994 0.088602
524 10.969 26.3351 0.683699
525 3.61602 12.2975 3.09695
526 3.49399 26.7449 -2.32647
527 15.2915 6.37129 1.12041
528 20.539 2.82189 -1.47674
529 34.0352 5.72497 2.6496
530 34.0876 10.9165 2.94228
531 26.1708 13.3904 -0.737473
532 20.2441 0.35501 2.95455
533 19.0741 26.3891 -0.621055
534 12.5175 24.1061 1.96456
535 1.11036 1.59297 2.70994
536 29.975 19.5272 0.99382
537 0.276348 22.7011 -1.47145
538 2.28596 0.35903 -3.21665
539 4.83712 4.80446 -2.56948
540 27.581 24.4474 -2.60643
541 26.2515 21.4911 1.7051
542 34.2048 29.4583 -2.30054
543 9.71025 16.317 -0.795841
544 0.886562 1.30019 2.62273
545 18.7698 25.2402 1.63196
546 1.82319 33.9551 -0.0783714
547 7.88934 15.3679 -2.44415
548 35.3637 30.4171 1.12206
549 38.8644 25.4649 4.34798
550 6.40586 28.1783 0.717889
551 23.3203 17.4755 -0.688203
552 1.82021 1.52496 4.85829
553 15.0411 29.6962 -2.15625
554 19.746 9.32958 -3.51357
555 0.412175 13.1421 2.10565
556 33.8017 22.5363 3.04564
557 8.96593 22.6871 -2.10496
558 37.8017 8.08786 3.76229
559 26.3455 31.3572 -1.05973
560 31.6165 24.4632 -0.836085
561 2.28456 23.4956 -4.12541
562 5.32986 25.979 3.02268
563 6.63563 14.8432 0.720348
564 15.707 20.2837 -0.301872
565 1.09888 19.9387 4.06591
566 20.6616 33.1514 2.3292
567 34.0141 14.222 -0.929349
568 39.9641 7.89427 -1.0637
569 0.516638 21.895 -1.43243
570 1.29963 28.1546 -0.137677
571 16.8936 11.2896 2.48833
572 35.4341 28.0525 0.261085
573 25.0812 35.0773 -0.218124
574 10.1181 22.1838 -4.5164
575 23.2775 17.8513 -0.288382
576 0.85613 37.5283 -0.336325
577 22.347 31.1396 2.15062
578 11.2498 37.6781 -3.10344
579 6.40612 8.41582 -0.2043
580 11.2712 29.7334 -0.247626
581 8.53665 30.5717 1.41956
582 29.1911 22.2669 -1.85928
583 21.9104 36.8394 -1.2726
584 39.8157 9.08636 -0.427151
585 2.06695 21.6639 1.36731
586 20.8583 20.0661 -0.152286
587 28.7554 31.8926 0.562536
588 22.1913 31.2867 1.44704
589 28.385 18.3755 -3.23752
590 0.280912 3.29979 -1.65253
591 1.98621 25.3689 4.16017
592 34.8615 27.1842 -2.78999
593 14.8509 23.4044 4.66901
594 2.09637 39.5752 -0.261535
595 24.174 17.8159 1.17646
596 37.9668 33.2267 0.952856
597 28.0229 12.8748 2.42294
598 35.136 9.23653 -0.26535
599 14.1857 31.3531 -4.23908
600 7.26908 38.9834 -1.61303
601 21.3957 36.4832 -0.964385
602 8.39287 19.4521 1.15942
603 13.6749 12.354 -2.23707
604 30.7495 22.0131 -0.811766
605 10.5773 36.9241 -2.22952
606 6.07425 30.4227 2.40877
607 38.6828 8.33368 1.74422
608 4.82941 6.84477 -0.785714
609 23.1466 39.129 1.29081
610 32.9308 22.7274 -2.3109
611 39.9757 25.5467 3.77019
612 22.9117 7.28589 3.16966
613 25.7542 12.731 -2.69035
614 38.7395 7.25237 2.91857
615 32.4656 12.9486 -1.23472
616 34.8005 13.2382 -2.88835
617 24.0859 30.5916 -1.90713
618 1.72507 39.2731 -1.28561
619 25.1069 33.3928 -1.17174
620 35.9057 37.9566 1.07994
621 27.1196 16.3646 2.38302
622 17.9773 2.27609 -0.741849
623 16.4435 5.60076 3.8138
624 29.1601 6.04498 1.04488
625 20.8002 9.15965 -2.74568
626 9.56719 38.7549 1.40972
627 8.13223 33.8573 0.524336
628 17.9125 3.0177 1.58741
629 26.2453 38.8253 3.98462
630 35.3749 32.5255 3.4352
631 29.4517 36.6058 -1.95825
632 33.3685 30.9101 -0.621729
633 39.4354 26.1151 1.11712
634 39.6074 6.80148 -2.66167
635 25.6443 28.9848 -3.11079
636 21.6486 4.72525 -1.44857
637 2.30048 25.3804 3.28052
638 32.8569 23.1643 -2.50364
639 35.6183 9.1336 1.43224
640 5.72498 18.3152 -2.98816
641 25.1221 5.28155 0.574828
642 18.7124 36.3139 2.91251
643 28.5224 25.5185 -0.18395
644 10.189 6.4895 -2.66745
645 3.77461 14.2545 -2.90362
646 7.7768 6.41793 1.96861
647 11.7447 15.873 -1.24654
648 33.9026 32.974 -3.05441
649 20.3597 20.7742 -1.82189
650 29.3397 13.7342 1.66585
651 22.6395 18.8401 2.40753
652 6.59068 36.9668 2.84421
653 14.175 4.45516 3.59353
654 19.7164 13.7866 3.07461
655 35.764 37.3299 -0.398903
656 8.83236 11.5101 2.62413
657 21.435 10.5273 -0.942187
658 11.0879 28.8178 -1.83732
659 35.6174 38.422 -1.56475
660 26.4011 13.6991 -4.12311
661 38.9884 19.17 0.853958
662 33.5274 35.138 -4.68392
663 14.6973 23.2727 -3.77297
664 29.8379 14.7425 0.174555
665 34.7751 39.1653 0.174983
666 28.6748 37.3748 -1.6837
667 38.1571 33.2009 -0.0531317
668 12.4572 32.9693 0.467635
669 16.2434 28.094 3.27514
670 36.6876 25.9237 1.173
671 33.1428 0.73426 2.1995
672 14.453 31.0504 -3.79873
673 36.1782 4.55856 0.224808
674 9.16621 20.0734 -1.53672
675 28.38 15.9892 -1.93528
676 29.6577 35.4689 1.15944
677 29.2687 20.4778 -0.589719
678 27.4942 0.956098 -0.127636
679 23.069 17.7763 2.93117
680 21.404 30.6315 1.80883
681 10.1884 38.8162 -2.95051
682 33.0865 37.2556 2.72025
683 26.9659 22.5732 0.162799
684 8.01933 1.60722 0.699892
685 26.6668 28.3585 1.4071
686 39.7568 1.04326 -1.62863
687 22.5872 10.0397 -4.47379
688 30.2914 5.75506 1.98814
689 16.2796 2.92025 -0.534612
690 21.1677 28.9621 0.184589
691 22.143 31.2721 0.949711
692 27.9468 13.2274 2.84924
693 1.87586 17.6771 -0.71375
694 30.2756 26.7295 -2.55351
695 17.4209 28.3598 1.49238
696 26.0289 28.9403 -2.37417
697 34.1762 1.30641 -1.29923
698 38.6214 13.3411 0.983846
699 26.4368 24.1938 -3.19619
700 1.42844 0.720527 4.62174
701 21.8234 38.4123 -3.13388
702 38.4164 6.43599 -0.0276409
703 1.99339 10.4885 -0.684066
704 23.0192 32.5959 1.37007
705 7.33977 32.3305 1.42244
706 33.9186 34.992 -1.11758
707 14.0736 9.41797 -2.39172
708 28.7974 17.0605 -4.61145
709 27.7116 10.2949 -2.37268
710 16.6057 28.1864 1.68477
711 34.0963 25.8488 1.10573
712 28.1785 13.7392 1.69635
713 30.5087 16.5164 -0.3028
714 27.5291 30.7426 -2.03093
715 38.9689 4.70674 -1.48857
716 22.2247 31.0625 2.8096
717 17.2491 26.0893 0.645704
718 9.4144 29.2839 2.62059
719 10.6158 33.4396 -0.0166238
720 11.8715 27.91 -0.986436
721 29.5661 35.5769 -0.659307
722 38.2528 0.608077 -2.17501
723 18.0994 38.0272 -1.62117
724 14.1734 39.0388 -1.94768
725 25.5461 38.0488 -0.971878
726 8.68503 29.0951 -0.702752
727 6.78693 27.1936 0.994205
728 38.8723 7.67382 -2.61669
729 20.6257 39.7875 1.71921
730 18.6966 7.60133 0.324039
731 33.0233 21.6005 4.1921
732 25.1499 31.3962 -0.600081
733 34.6517 28.3601 -0.0446399
734 27.9678 9.72974 -1.64025
735 15.3377 23.8634 2.27146
736 21.8339 31.5471 3.00546
737 35.6958 37.2809 1.63365
738 19.6853 9.19954 -1.99765
739 11.9788 28.2115 -0.147169
740 2.06981 22.0089 2.47037
741 13.0567 34.2904 -0.864691
742 20.9451 12.6994 0.510114
743 22.4368 25.3416 1.14257
744 34.241 17.2583 -2.14741
745 13.9851 34.8291 2.54924
746 13.4399 8.85967 -2.09527
747 13.2621 26.4651 -1.16672
748 16.4796 28.0066 4.3399
749 5.52273 9.20596 0.927168
750 1.3332 31.2634 0.259733
751 8.97528 3.78055 0.599696
752 0.705881 16.5523 0.335429
753 10.4132 21.7619 2.05375
754 25.6991 22.7094 -0.295786
755 22.5558 6.41509 2.04278
756 1.02534 4.03094 -3.42261
757 15.33 20.3271 -0.236544
758 35.7564 22.3101 0.303561
759 8.02728 27.4366 0.351422
760 34.2325 37.8461 0.488352
761 11.6273 20.2733 -1.37349
762 21.8731 27.3968 -1.98068
763 11.3921 38.4022 -0.309996
764 26.6482 5.9459 -2.20808
765 31.2875 23.3797 -0.75487
766 7.93907 16.459 -3.62368
767 36.9443 13.4609 1.91519
768 6.65469 17.6125 1.59976
769 19.2196 28.6095 -3.02821
770 11.0649 23.7836 -0.983784
771 2.09182 22.732 -1.49012
772 11.621 33.7452 1.7656
773 36.1448 28.9675 -1.58405
774 38.7265 36.7384 -0.224527
775 17.8494 11.1159 2.1011
776 8.76522 18.6215 -1.00032
777 3.41205 22.4099 3.73461
778 34.2246 24.9092 -0.521955
779 18.5412 39.8593 2.34207
780 2.76422 0.0156577 -0.220147
781 35.4258 4.29452 1.13574
782 12.142 8.98684 0.148063
783 12.5431 7.3809 2.54753
784 32.1315 38.4216 -1.37562
785 23.1078 13.8521 -2.25334
786 6.76192 22.8376 -4.16507
787 33.8352 0.808913 0.673657
788 4.63516 36.8489 -0.849119
789 0.883165 10.6647 -2.52843
790 11.3254 29.8103 -0.898076
791 15.4112 23.7426 3.86267
792 10.1546 27.2524 0.0757597
793 22.4487 38.0676 2.90543
794 24.426 27.8866 2.78331
795 6.55137 7.83856 -0.988155
796 19.6831 27.1965 -0.294975
797 1.65612 29.1886 -0.585436
798 25.9305 9.14198 -2.1377
799 18.8132 6.42724 -0.699918
800 33.0265 7.86319 4.21695
801 20.3286 14.5044 1.44364
802 35.141 18.8016 1.24067
803 14.3815 39.5599 0.235363
804 1.53641 19.6292 3.94693
805 1.83345 21.7556 0.668071
806 14.723 28.8082 -2.44226
807 24.7494 11.941 -2.09937
808 24.6407 22.8504 -0.831759
809 26.0982 12.9671 -2.53961
810 16.4937 0.139601 -2.11978
811 9.71328 25.3036 3.25326
812 11.4989 39.7657 0.749215
813 4.88859 10.1863 1.56337
814 24.7248 36.4858 -1.8715
815 38.3376 18.3146 -0.329675
816 20.006 38.0186 -2.06752
817 17.0923 35.6391 -0.613181
818 6.37275 15.6313 1.45828
819 24.5162 5.74279 2.19995
820 39.7282 1.77936 -2.46891
821 16.1822 8.67775 -0.460066
822 9.64821 5.2663 -3.14857
823 26.8356 37.3942 0.0401192
824 37.3005 18.9769 0.51174
825 0.785625 30.4999 2.66451
826 4.05065 17.571 2.74954
827 2.44683 11.3171 -1.61447
828 19.01 21.2235 2.16337
829 16.6684 31.2339 0.807741
830 9.77001 22.2387 -4.36771
831 13.5579 35.9574 -0.74066
832 33.6858 33.4217 -0.10256
833 11.0745 12.7715 -0.10046
834 18.7622 9.22116 1.65912
835 2.38301 29.4335 0.72017
836 20.9216 29.235 -3.31891
837 30.7559 34.5624 2.67015
838 21.403 4.87611 -0.81731
839 6.96889 23.7744 -0.245746
840 20.317 14.2309 4.43194
841 29.996 30.2128 -0.146009
842 19.242 29.9102 2.41008
843 10.5304 2.10168 2.93781
844 6.94641 24.4712 -0.0559174
845 2.42837 29.9415 0.211101
846 11.658 32.3624 -0.526711
847 0.247356 24.3404 3.81826
848 23.6656 26.3351 -0.598752
849 18.4892 17.7519 1.13359
850 37.3815 32.7843 1.79756
851 2.71893 35.8608 2.07421
852 26.6548 29.8991 -2.23443
853 24.9753 21.1664 0.503363
854 38.1374 32.1761 0.114265
855 13.7385 1.60093 0.289686
856 17.2066 32.7546 -3.07862
857 10.4633 18.0299 -3.55273
858 3.76083 25.8913 -2.91456
859 17.2305 38.3275 3.14426
860 39.1557 19.303 2.10289
861 1.70428 14.6889 3.09962
862 7.32916 33.406 0.650568
863 11.5807 13.0586 0.559537
864 24.4419 10.7092 0.59133
865 29.4715 32.4748 2.03634
866 25.3782 1.00157 2.34572
867 24.668 33.7098 0.354068
868 31.5001 22.6741 -2.11948
869 38.982 13.6246 0.952979
870 37.8322 7.49405 4.20392
871 21.2984 24.8762 1.66111
872 28.8054 22.7235 1.75175
873 13.3888 20.6472 -0.784317
874 38.2536 13.5014 0.179633
875 35.1703 13.3409 -0.624106
876 3.77688 15.9203 -0.593263
877 35.907 5.24752 1.70827
878 4.6217 36.1474 -1.37342
879 3.02282 29.9416 1.05284
880 1.30717 21.1525 2.3079
881 4.90695 25.0131 4.73188
882 24.7921 4.61095 1.46187
883 33.4802 23.3852 -1.59344
884 8.74583 19.0545 -0.0258875
885 8.3841 14.5879 3.52985
886 18.3713 25.1683 -0.737474
887 0.184583 26.2803 1.95954
888 35.8285 23.8525 0.572425
889 6.19842 12.8587 -3.12387
890 19.0978 18.3938 0.57142
891 20.455 19.1018 -0.391655
892 19.1072 0.728799 -1.21637
893 30.6542 30.0314 3.372
894 34.8412 34.6779 1.38445
895 36.5585 14.4223 1.67068
896 18.3251 0.329807 2.51646
897 38.6084 9.74601 0.376906
898 19.9114 18.1726 1.52188
899 11.0356 26.1788 -0.460955
900 15.4726 9.48889 -0.645098
901 0.4319 36.4636 -0.196658
902 39.1483 31.0846 -0.117965
903 8.34934 34.074 0.287335
904 21.3889 36.6233 -0.758833
905 24.152 33.2431 -0.830963
906 25.2964 20.7769 -2.58828
907 13.7338 30.4405 -3.87436
908 37.598 33.1328 0.880872
909 17.3138 1.02815 -1.42463
910 35.0706 21.5915 3.17468
911 31.9368 27.7744 -0.100148
912 28.3829 20.4265 0.992164
913 39.8351 26.7991 2.89239
914 2.82761 22.697 -1.88016
915 35.6852 35.9834 2.16252
916 23.9111 17.6634 0.789534
917 9.97207 26.3921 1.14644
918 1.55301 6.36837 -1.98673
919 28.5758 17.5679 -3.06787
920 4.3248 22.8307 3.18709
921 29.4528 22.5039 -1.56907
922 24.7609 16.7896 -0.778807
923 10.2611 23.7891 -2.23767
924 32.0301 33.061 -4.31187
925 19.7339 39.4363 -0.336365
926 30.2102 37.4932 -0.174852
927 6.68172 31.3497 1.65881
928 38.6607 2.60639 0.844547
929 39.3285 29.9235 2.29352
930 10.1889 8.86443 1.64921
931 12.7025 18.9379 -1.09361
932 8.97443 24.8087 -3.7546
933 14.7737 7.01152 -0.203677
934 29.0926 23.7283 -2.43533
935 6.53171 7.95949 -0.581891
936 10.6669 19.2994 -2.576
937 15.1582 3.59089 0.441491
938 21.3472 26.9771 -3.17552
939 17.6231 9.64278 1.5772
940 15.6449 24.4652 0.726217
941 23.7727 17.3467 0.163275
942 8.2412 10.9425 0.565537
943 11.2713 7.11354 2.91931
944 2.92817 32.425 1.61922
945 4.88082 4.74928 -2.16211
946 19.5282 25.4866 -2.7516
947 16.7947 6.07267 3.56886
948 16.4853 7.93365 0.250871
949 3.18449 14.2294 -0.548349
950 37.3032 29.1144 1.4188
951 11.9419 7.64787 -3.27611
952 19.1201 20.4935 -0.385477
953 34.7793 21.8543 4.3299
954 9.55054 39.9812 -1.53057
955 38.2692 7.83297 3.13807
956 28.923 13.2646 0.757846
957 28.7811 19.1468 2.47462
958 6.85542 36.5103 -0.40447
959 26.946 38.5408 4.01247
960 4.3921 36.7477 -1.27123
961 2.7382 27.0831 -0.131902
962 12.3523 29.6696 -1.54953
963 14.1356 38.8112 2.58359
964 2.07978 6.22207 0.17833
965 36.3356 22.2575 0.436023
966 11.2617 19.1765 -1.49946
967 20.686 0.611895 1.10712
968 29.5003 24.4708 -3.34111
969 16.8041 4.02562 3.203
970 25.1609 35.9038 -1.04765
971 30.6132 15.6029 1.95696
972 12.627 17.0265 0.748666
973 10.4839 23.2635 -1.58543
974 27.5653 18.8539 0.497853
975 11.9858 19.7562 -0.981103
976 4.6996 7.05521 0.295198
977 8.2136 36.8681 0.745083
978 14.4042 28.7834 1.99161
979 5.52579 38.3802 1.76344
980 36.0433 14.5921 0.657521
981 4.294 21.5002 3.26742
982 34.8594 8.36063 -0.120997
983 27.1714 15.5528 2.71498
984 11.3281 32.3084 0.62622
985 8.582 22.5038 -2.37877
986 20.9712 15.2299 1.30398
987 9.0531 14.1568 0.613257
988 0.914948 26.0738 0.3693
989 23.6619 33.3193 -2.42246
990 19.9511 14.1827 1.81169
991 9.58416 26.2743 0.545746
992 3.63336 15.6733 -0.0858132
993 12.4772 19.5485 -2.2111
994 21.0004 24.5854 3.2917
995 12.1618 18.984 -0.580526
996 30.3413 20.7466 4.83051
997 38.3755 15.8482 1.35242
998 34.2491 37.5718 2.38746
999 31.4958 18.1132 -0.404816
