1000
Particles
0 0.661612 34.185 3.21635
1 38.1918 25.2766 -0.593583
2 16.0459 0.155026 2.94918
3 9.67688 33.1628 1.95235
4 16.1878 24.1041 0.567759
5 20.7509 7.686 0.849955
6 29.7644 0.833012 -2.15226
7 36.5748 22.3099 1.2975
8 7.06972 27.1916 -3.03053
9 28.7922 18.0007 -1.70183
10 30.0864 35.4738 3.80934
11 39.4679 35.0095 -2.44082
12 35.9001 33.2705 -0.409021
13 5.20787 8.19374 -1.65235
14 27.4664 24.9455 2.09896
15 18.683 29.9783 -4.52447
16 22.5158 32.4422 -0.224026
17 30.9337 17.5668 0.692822
18 35.2547 6.59524 3.62801
19 16.2036 25.7541 -0.162637
20 5.16168 6.88663 2.28723
21 39.5652 5.03068 1.17478
22 5.98478 11.4674 -3.61104
23 34.4809 18.306 -1.52816
24 39.2871 5.30835 2.19856
25 38.5819 32.2582 -0.480634
26 16.411 32.1182 1.99709
27 16.0584 13.7537 0.481359
28 4.01392 33.1037 0.548167
29 30.4009 0.350626 -2.1293
30 17.3555 21.1949 3.68588
31 10.8626 19.5278 1.12415
32 18.6421 5.74215 -1.91345
33 9.37798 1.11199 -0.777488
34 28.0431 18.5363 0.0657583
35 23.711 5.38159 -0.421501
36 14.1885 1.59602 0.11609
37 36.1965 26.4496 -3.32936
38 32.7213 39.6222 2.659
39 31.9171 19.4669 -1.0119
40 37.7297 37.0288 -1.58241
41 12.3069 12.1211 -2.98581
42 37.7191 16.9069 1.35438
43 24.9898 31.4186 3.96359
44 17.762 26.909 0.922737
45 3.94747 30.2273 2.70736
46 39.5108 7.94328 0.719448
47 29.0188 5.1392 1.18224
48 6.84028 33.4017 -0.609808
49 5.87708 30.6645 2.21817
50 37.8901 38.9492 1.15489
51 19.4596 36.4497 -1.51104
52 28.6396 10.9417 -3.01063
53 11.3683 5.43388 1.43535
54 26.0073 25.8806 1.8035
55 39.7505 15.8218 -0.0295964
56 21.1481 5.14632 -3.31138
57 5.85697 37.3812 -1.68612
58 39.6877 25.0588 1.1378
59 8.7129 34.2985 0.253797
60 8.22603 25.2384 0.444026
61 13.5694 34.4436 2.42128
62 38.8302 0.424915 0.908609
63 4.24054 15.3099 0.459372
64 38.488 25.2909 2.14603
65 8.1117 0.938131 2.84292
66 9.38519 16.958 1.72189
67 20.9199 23.1581 1.24687
68 12.9586 2.74441 -0.488642
69 13.9881 5.43275 1.34338
70 9.81282 2.07922 -1.4889
71 23.519 7.84934 2.84286
72 6.76532 12.6186 2.1636
73 19.9621 26.6601 0.349563
74 9.34445 9.63545 0.743165
75 39.6156 34.2774 3.42423
76 22.5978 2.95497 -2.86236
77 8.82779 27.2207 -2.41282
78 5.85544 34.4428 0.729914
79 39.8555 4.62386 3.17094
80 26.9136 6.16993 1.4664
81 4.09361 32.273 -1.82495
82 14.6186 12.796 -2.22087
83 17.165 32.5142 2.49528
84 18.7535 13.4492 1.26188
85 1.82407 19.2301 1.34219
86 19.6969 5.40097 -1.55106
87 24.0335 36.3548 0.63388
88 0.047764 38.8205 -2.34386
89 4.38093 2.46287 1.86452
90 1.29207 39.1732 -2.0947
91 22.7335 16.1659 2.25456
92 15.747 24.5455 -0.140971
93 12.0519 1.41431 -3.25246
94 15.3184 25.9998 0.659902
95 18.9054 4.09519 -1.11013
96 8.66945 34.9779 2.19183
97 18.7863 39.3443 2.33768
98 1.01548 20.7942 -0.921191
99 11.0241 5.8937 0.587796
100 27.0894 21.7987 -1.08328
101 19.7544 27.0547 1.81926
102 18.5584 30.617 -3.09883
103 7.44495 6.06081 -1.41391
104 20.8657 3.15353 -1.3361
105 18.1641 34.9978 0.702809
106 31.3216 20.6874 0.853791
107 24.5241 22.6673 -2.98621
108 29.3362 17.749 0.116492
109 0.545032 34.0813 3.27913
110 12.2388 2.51659 -3.27369
111 34.7001 33.5026 -2.60087
112 28.8691 3.29753 1.63548
113 34.2346 29.9863 3.46006
114 35.5855 28.2516 1.01533
115 30.5809 23.2719 -4.55012
116 23.3685 32.2344 0.528161
117 26.7415 29.1614 2.30822
118 25.6405 2.6724 1.76616
119 34.6075 14.0097 -2.71115
120 23.2775 28.1524 -1.47968
121 25.6352 14.0203 2.75935
122 35.7898 19.4777 3.24576
123 9.50546 30.0031 1.38665
124 9.85671 1.33419 2.74888
125 21.0659 39.7596 -2.07988
126 21.5418 28.0795 -0.242269
127 38.4335 7.32977 3.3108
128 33.6472 5.39994 2.92444
129 0.624025 12.584 -2.61686
130 26.6834 6.16011 1.87283
131 27.3648 29.4556 3.08299
132 16.3595 1.1363 0.694656
133 35.3675 34.1489 -2.23518
134 2.91788 35.1052 0.511573
135 12.9538 4.9212 -0.98006
136 23.5023 2.78956 -3.30958
137 23.8167 33.1362 2.37015
138 10.2705 19.7084 -0.217848
139 14.0298 2.13981 2.44926
140 24.0163 35.3222 4.30627
141 33.0402 30.4809 -0.723589
142 24.8712 9.04656 3.03005
143 15.8936 24.4717 3.901
144 3.37055 33.793 1.74236
145 22.0427 24.6405 3.10324
146 34.6213 13.3416 0.592502
147 37.7053 0.285925 0.834894
148 36.5977 8.21689 -2.05556
149 9.60935 23.349 -1.57588
150 16.8332 26.0804 -0.868827
151 32.4282 39.544 2.8177
152 16.1799 14.9411 3.76938
153 18.8006 1.42524 -1.5032
154 21.4657 38.7543 -0.923058
155 32.5819 21.4382 1.38307
156 0.0575941 26.2469 0.663579
157 12.4619 6.50103 -0.966402
158 12.4855 38.5628 2.21766
159 19.8564 26.9207 0.935143
160 39.7634 16.8654 0.178213
161 7.38842 23.8169 -2.37857
162 23.0252 31.6279 -1.34233
163 9.15269 7.3671 3.63998
164 17.4435 5.83774 3.03028
165 29.3714 9.68994 -0.414556
166 34.337 7.54943 -0.0317819
167 9.36047 38.0614 2.08669
168 34.1811 21.9939 -1.80146
169 0.0654229 38.7115 2.24036
170 5.87936 38.3567 -1.19248
171 23.8405 37.5358 -2.76087
172 1.70831 17.838 0.828444
173 21.8176 31.1767 0.422268
174 15.7462 2.09138 0.295165
175 6.23117 7.24099 -0.682778
176 17.0475 21.8269 4.30726
177 14.0632 7.47522 -2.12443
178 27.5247 18.5151 -1.13411
179 27.114 5.53236 4.27841
180 17.8999 9.19685 2.77154
181 1.61076 27.659 0.204394
182 18.031 22.309 1.42305
183 1.45076 18.8177 -0.201513
184 37.6967 6.66585 2.64325
185 5.87312 14.4529 0.342652
186 16.6682 0.83228 2.23555
187 10.3713 2.69988 -3.38507
188 23.062 19.3618 -1.13228
189 8.19809 24.1647 3.88695
190 21.7222 22.6054 4.64338
191 16.8364 31.1154 3.69224
192 36.7004 1.33617 -2.4909
193 25.5878 26.4288 2.807
194 20.6783 26.5215 3.34431
195 5.74204 14.0558 0.975914
196 29.693 35.0954 3.6136
197 16.9551 35.4548 3.09029
198 31.5124 23.593 -3.08156
199 15.1375 12.642 -3.42756
200 29.7998 0.245685 -3.60774
201 39.7567 19.0554 1.87914
202 11.4175 19.6142 1.77129
203 25.4973 14.4529 1.13092
204 29.6758 33.5739 -2.20191
205 0.0068115 31.4562 -0.18199
206 16.5455 5.43552 3.57138
207 33.374 34.562 -1.07325
208 36.4828 22.8301 1.72911
209 10.6189 39.0221 0.349475
210 11.2627 26.6836 -1.48629
211 33.5322 16.7411 0.155837
212 36.7502 35.1966 -1.74392
213 38.3953 4.95212 -1.20468
214 27.995 20.3441 2.81968
215 37.6017 20.6281 3.44219
216 27.5672 26.9387 2.30178
217 9.3231 7.0618 0.943924
218 16.1651 18.369 2.94381
219 20.3612 39.7585 -1.6975
220 12.523 1.96574 -4.3235
221 22.7313 10.9953 -0.872894
222 0.147131 34.7355 4.77312
223 17.998 24.9866 -0.423043
224 9.39991 30.8689 3.70548
225 36.7974 11.2709 4.47582
226 34.5945 15.2089 -1.24596
227 0.975658 11.8069 -3.40995
228 17.3662 5.38479 0.767956
229 39.6606 19.7315 1.00057
230 29.4871 9.4384 -2.27961
231 17.5828 33.0775 0.809078
232 34.2208 0.769453 -1.57049
233 36.6573 3.68056 0.780335
234 7.51057 2.61935 2.94654
235 0.675941 4.78176 0.715857
236 13.6096 0.796839 -3.32304
237 12.6255 25.534 1.99791
238 9.72 12.9099 4.13932
239 29.3526 11.3848 -2.275
240 15.4863 18.5115 -1.4626
241 10.6603 30.5378 0.36711
242 39.8534 4.17395 2.38535
243 28.7791 0.103629 -0.762582
244 38.7471 17.1915 0.624168
245 20.5618 2.72567 -1.43846
246 24.624 3.15439 -0.572993
247 6.78545 37.7148 -2.47146
248 9.48784 29.7339 2.50904
249 11.9834 1.02145 0.372557
250 18.2619 1.32658 -2.14411
251 39.6318 0.722682 0.983095
252 34.6149 14.1278 0.478733
253 33.4004 17.3275 1.14567
254 3.82378 35.1518 0.00582701
255 23.7928 23.3223 -2.53238
256 9.1785 2.55491 -2.56969
257 30.6339 18.7236 -3.06403
258 26.4073 36.1384 -1.35071
259 39.02 14.5528 2.24418
260 2.51245 9.99534 -0.577076
261 32.1979 26.7361 -0.0276368
262 31.4519 28.5889 0.255759
263 3.41228 3.41864 3.47629
264 14.7449 25.5277 -0.815681
265 38.0414 27.8351 -2.83582
266 36.3265 14.3377 0.288365
267 2.72088 30.227 1.40471
268 14.7921 19.4506 -1.56685
269 25.5294 35.0504 -1.60098
270 2.19599 10.8582 2.71725
271 33.8802 6.25534 3.74669
272 19.398 17.0229 2.91603
273 27.1957 36.8828 4.26268
274 12.1678 2.2515 -3.51557
275 9.6598 20.6931 0.586718
276 29.365 18.1342 -1.82668
277 4.98399 18.3747 0.922632
278 2.46567 15.8058 -1.90642
279 11.7296 26.9484 -0.552083
280 6.46369 29.1727 1.62007
281 25.7414 19.8223 1.29427
282 10.4177 20.0945 0.165989
283 19.4128 35.5447 1.91032
284 26.7849 20.0122 2.72648
285 38.7294 39.2403 -1.62439
286 36.6908 5.33859 4.1479
287 16.2483 11.7676 2.07402
288 39.9254 2.52804 -1.53378
289 12.9288 35.2834 3.08404
290 31.3941 25.3354 -2.08509
291 14.17 5.93543 1.45568
292 36.0817 19.3413 2.86065
293 11.2317 5.63145 0.213445
294 26.3622 28.891 3.26366
295 24.17 16.8323 -0.131744
296 24.7742 23.3626 -1.66061
297 39.4961 28.253 -2.57229
298 23.1559 36.5016 2.12488
299 17.5535 26.0468 2.54686
300 25.3644 8.60314 0.537304
301 23.9266 23.6478 -2.76181
302 14.2449 35.4292 2.02306
303 2.23833 19.9727 3.0518
304 4.61168 32.1616 -1.79264
305 1.1949 16.8989 0.365986
306 22.6303 10.1228 1.86272
307 10.5438 15.5216 0.0208061
308 5.71412 25.0889 0.0647908
309 16.1205 34.5689 1.33072
310 16.4945 22.6433 0.350412
311 23.3223 9.90507 2.8873
312 35.6783 0.107009 -2.23435
313 21.7981 38.1187 -2.48164
314 13.3564 7.63447 -1.92662
315 0.180104 37.2366 -4.44549
316 37.6716 32.0008 0.291624
317 20.5214 26.4371 1.94584
318 28.0707 27.2653 0.599261
319 6.38375 5.08164 1.12595
320 5.64021 22.874 0.60323
321 26.3336 2.81672 4.03688
322 2.11325 34.2163 1.27364
323 9.55436 37.8342 0.768456
324 29.2302 19.2878 -1.0113
325 11.8916 29.6423 -2.03706
326 9.49397 19.537 0.0244601
327 14.5649 36.1185 -0.502717
328 18.7836 28.8195 -1.64027
329 5.91349 24.3491 0.640288
330 35.6616 13.9448 -1.25357
331 17.6262 36.1641 4.18951
332 34.1432 10.5702 0.143383
333 32.8381 22.7324 -3.77273
334 16.4367 4.32143 -1.16601
335 4.2453 6.02153 0.658269
336 14.6869 35.43 1.36354
337 11.2043 25.3723 2.3194
338 14.047 24.6073 3.41369
339 37.9409 29.668 -1.60704
340 7.28449 23.2943 1.98756
341 33.0393 27.4632 -4.14366
342 10.8315 14.5737 -2.91264
343 10.4414 16.5306 -1.45734
344 11.9166 0.330364 -1.27924
345 29.0607 28.1719 1.73649
346 17.2135 9.92382 1.06618
347 39.22 0.817873 1.79613
348 11.8974 25.0799 -0.933937
349 16.8148 26.2216 2.56054
350 5.4304 17.4775 -1.00378
351 3.37415 20.6408 -0.502188
352 26.0133 27.933 1.43421
353 23.15 9.3821 4.09566
354 1.37567 39.4275 -1.12885
355 16.0751 26.2793 0.342165
356 37.78 39.4555 -0.703425
357 9.25792 20.3855 2.20748
358 14.624 12.2039 -1.42587
359 31.6711 24.6016 -1.97614
360 33.3888 20.8922 -0.381302
361 30.9441 29.0556 3.37934
362 0.538499 25.1587 2.20285
363 1.01554 9.50325 -1.64828
364 8.79257 11.4019 4.84417
365 8.63251 34.9159 2.41711
366 13.6566 7.01769 -0.756324
367 11.7048 36.7408 1.54638
368 24.3499 9.97918 2.74744
369 12.7445 0.226029 -1.64769
370 19.5124 29.4067 -1.54308
371 26.2223 19.9438 0.412958
372 21.0782 30.9691 -2.7141
373 15.9837 17.6084 -0.706346
374 11.4436 14.8742 -0.637465
375 11.0284 13.7985 -3.04711
376 37.8297 29.7544 -2.37279
377 4.06431 8.40496 -2.068
378 12.3222 6.65658 -3.45051
379 36.7232 33.7172 3.1698
380 32.8248 25.9443 -2.68972
381 13.0065 36.6853 0.793199
382 5.64388 18.1126 -0.355195
383 20.6763 35.1347 -0.00941677
384 32.245 9.12513 0.739761
385 20.91 22.7579 2.42307
386 26.0313 5.08751 2.06393
387 34.5275 38.0446 4.24684
388 30.2341 27.7637 -2.79728
389 10.095 5.46151 -0.320629
390 35.6375 20.1596 -2.19773
391 14.11 17.7387 2.52342
392 22.1307 24.1723 -0.102605
393 20.6483 2.64612 0.00522626
394 23.987 39.8202 1.59027
395 35.7195 13.9813 1.20269
396 3.07427 35.6629 0.990797
397 8.35988 5.70743 4.24507
398 32.6015 30.5558 -1.27425
399 33.5648 19.8576 3.66268
400 8.70358 1.13876 1.57109
401 27.1137 28.4062 2.17022
402 35.6471 7.56456 -2.23504
403 3.33274 31.6105 1.03964
404 21.096 28.1827 0.377214
405 3.25852 19.0314 -0.0992086
406 21.3813 5.35225 -2.87964
407 35.6681 8.13318 -1.66633
408 0.457463 9.03605 0.485843
409 19.1919 1.14732 -2.40051
410 16.8403 26.8088 2.48033
411 16.2919 31.6592 2.47941
412 5.09335 39.155 -2.13286
413 11.3125 15.675 -1.71809
414 8.05652 11.4688 -2.2507
415 10.0425 29.1975 1.71876
416 14.9117 0.171864 -0.387603
417 3.0609 38.9097 -0.403577
418 25.8236 23.7351 -2.92996
419 23.0313 4.30961 -2.80201
420 22.115 3.29066 3.28384
421 6.79447 18.76 -0.497157
422 10.7071 16.3094 -0.445686
423 33.7403 8.70964 0.711569
424 21.5089 25.7821 -2.5478
425 13.6098 5.71795 3.57305
426 8.86658 21.3428 3.28149
427 20.1457 22.8696 -0.995772
428 4.54352 6.83054 0.734503
429 3.16977 8.92442 -4.18426
430 18.6634 16.2564 -0.137998
431 7.75449 6.06236 -1.67321
432 22.6067 32.3526 -1.72759
433 27.4182 21.4129 -2.64129
434 11.2182 26.1993 -0.954338
435 30.8801 31.2728 0.62769
436 1.05348 30.4799 3.49029
437 10.2372 36.2291 -2.39911
438 1.48105 31.9357 2.50816
439 33.1662 14.1438 4.3477
440 21.9966 8.50513 2.83318
441 10.9188 1.64322 -1.37335
442 3.83051 21.3511 -0.51287
443 27.7235 18.3057 -0.944126
444 14.5713 22.1671 0.980255
445 11.2224 16.5746 -0.632005
446 15.8584 9.16905 4.07662
447 9.34219 2.32841 -2.26744
448 33.3419 30.0117 2.80572
449 19.0241 19.9211 3.73917
450 0.674774 16.0331 -2.3942
451 36.0176 10.1657 0.434591
452 12.9198 17.2143 -4.7049
453 5.1201 24.8309 0.297625
454 36.115 9.68755 -0.383806
455 33.078 4.15352 2.7112
456 11.238 9.62122 -0.529097
457 25.0656 16.9267 0.714279
458 32.8242 19.6788 -0.642732
459 12.5183 6.06271 -3.21025
460 7.55492 39.5107 4.52144
461 7.79022 39.7521 3.4567
462 25.1488 19.3333 1.46482
463 6.48147 34.237 -0.22302
464 32.9239 25.6736 -3.6985
465 30.4946 15.3525 3.22431
466 35.6009 21.395 -0.510368
467 12.7606 36.2128 1.50162
468 22.336 30.1663 1.27134
469 19.9234 38.2135 -0.603767
470 10.1971 16.4372 -0.325963
471 38.3786 21.5519 -0.870517
472 16.6128 6.56074 1.65206
473 10.9496 38.266 3.259
474 7.80487 0.720593 1.66385
475 31.9356 7.408 -0.0330297
476 10.0271 26.5447 -2.50288
477 12.8992 36.9195 -0.687645
478 27.1051 19.6758 -0.992774
479 36.6186 31.7209 -1.24652
480 33.1256 20.6607 -0.482582
481 25.6565 0.48441 2.71563
482 9.33703 34.9163 1.28341
483 6.661 33.89 1.82362
484 17.292 35.7523 2.38796
485 5.53195 39.8569 -0.228972
486 18.2602 27.1216 3.01384
487 31.7084 26.0899 -0.830164
488 34.557 7.36 -0.942845
489 23.4298 1.90416 0.932733
490 8.13287 2.23013 2.09564
491 16.9699 11.3734 0.967839
492 20.7164 0.394622 -1.17016
493 6.68348 25.3582 -0.871107
494 9.77886 11.5127 -2.29726
495 33.9866 10.7739 1.13003
496 21.6776 25.6949 -2.68591
497 5.60242 33.8885 0.979948
498 20.1881 17.4923 1.19964
499 8.52683 21.8973 3.92986
500 2.80724 14.5486 -1.86977
501 29.7209 5.09426 -2.79757
502 3.75315 4.21523 3.68271
503 22.5025 26.1435 -4.80998
504 38.7587 36.9933 -1.70827
505 4.80285 7.2609 4.07811
506 25.522 28.7019 0.789055
507 21.2353 7.76669 0.305898
508 4.02475 32.0639 0.705427
509 15.1731 1.62625 2.74007
510 37.9754 7.17747 3.31634
511 25.3203 38.048 2.4879
512 31.0151 27.2061 -3.22846
513 11.1706 24.8536 0.514132
514 9.95592 31.491 2.1397
515 15.8813 16.7782 -0.180141
516 16.4101 38.3461 2.08828
517 18.3792 15.861 2.49679
518 6.44936 6.63916 -2.26695
519 24.669 20.6346 4.28547
520 0.228696 0.404885 1.14904
521 37.035 28.3525 2.27573
522 21.9947 20.453 -1.69204
523 10.1292 18.141 2.36759
524 10.4147 26.0997 -1.49686
525 5.45358 11.1939 -2.95525
526 9.86554 26.8779 -2.76489
527 13.9516 5.14191 3.0091
528 21.0787 2.08607 -2.02232
529 37.8454 1.49095 1.06576
530 30.8832 11.9225 -0.338262
531 27.6669 8.25028 2.84037
532 18.2804 36.1022 0.767856
533 11.5774 30.9588 0.623464
534 11.4292 24.9248 1.05591
535 39.408 0.066947 0.832991
536 32.6046 12.1672 -1.33047
537 1.70498 27.833 -1.33024
538 3.92287 3.08823 1.32485
539 10.6065 6.72082 3.02444
540 29.9198 17.3403 -0.483
541 24.1338 23.1259 -3.2035
542 35.0394 32.0633 -0.838506
543 11.2452 15.9171 -3.09082
544 36.8997 39.4934 -1.01671
545 10.5464 27.8135 -1.64762
546 39.9224 2.57999 -1.55216
547 4.22225 11.3154 -0.00136442
548 35.4847 34.3367 -3.45462
549 38.2908 25.6491 0.0537402
550 3.201 26.1314 0.96436
551 29.3467 12.5188 -1.5686
552 3.82665 39.7546 -2.40197
553 15.8812 31.0154 2.93348
554 19.7987 8.32885 1.49728
555 39.2763 9.74128 -1.63405
556 34.7412 21.7318 -3.20416
557 4.24278 19.8606 -1.49078
558 35.0099 6.27338 1.21388
559 27.0671 28.2844 3.80021
560 26.172 26.9387 4.32793
561 2.26797 22.924 -0.481956
562 10.677 25.8279 -1.32928
563 4.61502 10.8014 -2.0584
564 16.5587 26.8228 0.32133
565 1.6665 21.9239 1.94402
566 13.1465 39.064 0.0615194
567 30.1472 13.3386 -2.21329
568 38.5717 5.38534 -1.11219
569 33.7738 27.3151 4.01688
570 0.0211176 25.7577 2.37993
571 12.8368 16.0627 -2.96304
572 35.1687 33.7821 -1.86497
573 22.9552 31.3849 -0.25845
574 7.31073 21.0374 -1.06158
575 18.6463 18.951 2.72135
576 0.486969 39.7926 0.592174
577 19.2847 29.7248 -1.25546
578 9.83839 39.7626 1.28361
579 10.9985 9.15547 -1.65179
580 10.551 31.5675 -2.58262
581 9.72308 29.0641 0.195786
582 29.3354 18.1227 -0.748511
583 20.4094 38.3907 -3.41797
584 38.5244 8.06932 2.97703
585 39.7447 24.6326 1.12845
586 21.8811 24.3146 2.83788
587 30.5164 34.0664 -2.91996
588 22.2611 35.3108 3.96055
589 24.0815 19.4075 -1.05801
590 4.41147 6.80664 1.88764
591 4.45332 28.0268 1.47013
592 33.2055 25.8524 -3.11435
593 9.99208 22.184 -0.0378274
594 6.32736 4.67627 0.781994
595 30.8459 23.3926 -2.83809
596 39.4262 37.1283 -3.22967
597 29.2458 11.1256 -0.580478
598 33.9218 12.1726 3.0002
599 9.45068 32.1914 0.492971
600 8.88728 35.0622 3.56064
601 18.1047 35.1026 1.8749
602 14.7913 24.2448 2.14708
603 15.6073 8.25018 4.35186
604 28.8944 27.3265 0.162008
605 9.27983 34.2923 -0.192756
606 39.5369 26.7617 2.4205
607 39.8177 6.40833 -2.73978
608 8.6777 2.91791 -3.50393
609 19.379 0.763657 -1.34481
610 34.8967 23.9359 -1.9854
611 2.37875 25.2364 1.61085
612 23.9599 8.18011 3.80006
613 21.5642 10.4997 0.875876
614 0.296404 4.59746 2.88269
615 32.2784 9.65384 -0.715131
616 30.3197 17.7377 -1.10931
617 24.7645 28.8399 1.16432
618 5.37485 0.540623 -1.91388
619 22.7656 36.0975 2.96555
620 39.1789 39.7759 0.859294
621 25.6972 16.4216 2.72221
622 23.2427 4.28847 -3.1462
623 18.3172 8.5792 3.33512
624 28.839 3.93447 -1.46312
625 20.4461 8.06546 -0.302941
626 6.7178 38.7655 -3.81023
627 8.33248 30.9948 -2.65117
628 14.8526 2.88377 1.52075
629 25.7336 4.08251 2.46448
630 38.9089 29.6011 -0.71406
631 25.6865 1.08221 3.23973
632 34.0947 30.879 -1.03217
633 1.88241 24.668 -0.635922
634 0.23633 5.39248 1.18765
635 23.546 26.2386 -1.28342
636 24.5045 7.91895 2.14069
637 3.62173 32.0704 1.2911
638 32.5387 26.2534 -2.47044
639 35.0601 13.1406 1.56059
640 7.14606 21.407 -1.2499
641 27.5471 7.57576 1.60258
642 15.6048 33.8457 4.68849
643 29.5238 26.9154 -0.466851
644 12.6077 2.7514 -3.07717
645 6.52514 6.36898 -0.211929
646 10.0508 7.13747 2.8806
647 9.35316 14.6498 2.93649
648 33.4227 35.485 -0.819907
649 17.8537 19.547 1.81117
650 27.9206 19.1258 -0.443981
651 25.5182 22.9353 2.11411
652 9.77724 34.8732 1.44673
653 7.18864 38.6081 -3.10904
654 22.5824 13.1563 1.96065
655 38.7848 31.4785 0.621858
656 4.77818 11.5881 -0.404728
657 22.0429 4.17736 -1.66645
658 10.1904 27.3256 -1.01028
659 1.00898 39.7688 -1.09495
660 24.1553 10.4987 0.309589
661 38.7855 17.6148 0.240106
662 36.4871 34.4484 -0.749197
663 9.39526 21.2334 2.10101
664 33.4153 15.6096 0.398312
665 33.6358 35.8514 0.460321
666 21.7433 39.1199 -1.56122
667 36.3112 34.186 -0.508985
668 8.63175 37.2645 3.4569
669 12.3681 35.9766 1.8771
670 36.6489 32.8847 0.869611
671 33.8986 5.74509 -4.38481
672 17.2077 33.0829 -0.944193
673 38.3304 0.678152 -1.20931
674 4.1148 19.5376 -1.32421
675 31.7361 13.4622 1.37462
676 35.9093 0.102597 0.0527251
677 38.6094 20.8986 2.97308
678 25.8514 1.11162 4.22053
679 23.7459 19.9987 -2.32433
680 20.0872 29.4411 -2.22074
681 8.69531 2.0308 -2.86777
682 35.657 0.800572 -1.27855
683 22.0417 27.4984 -2.99287
684 4.4339 2.96391 2.5476
685 25.9572 29.5434 1.92283
686 39.6782 38.6978 -2.27789
687 22.7356 9.11111 4.29618
688 26.4511 3.09221 -0.000335049
689 13.267 4.05902 -3.60416
690 18.8765 32.3803 0.671576
691 18.3141 35.0557 3.51853
692 30.4537 13.2986 -1.79561
693 2.41687 20.0442 -2.84927
694 28.0349 22.6319 3.78983
695 16.4733 27.6997 2.69653
696 22.4149 27.7034 -2.85309
697 29.8308 3.95581 -1.00732
698 34.8886 15.1846 -3.17291
699 30.9054 24.8932 0.126557
700 0.451803 3.06741 -1.54294
701 15.9554 2.52631 1.06609
702 38.6926 38.4033 -2.78642
703 37.5243 10.7291 4.27475
704 25.631 36.0236 0.851632
705 11.3213 31.8784 -3.02559
706 39.5665 35.1468 -4.72973
707 14.7986 5.48831 -1.98377
708 34.1571 16.4899 0.955566
709 24.0718 9.06131 -4.2341
710 17.4033 35.6061 0.800007
711 38.4585 26.0863 -0.111277
712 29.3164 18.6209 0.980395
713 32.7531 19.9461 0.366358
714 23.4925 27.2815 1.20233
715 39.0053 0.565762 0.975039
716 17.85 28.6126 2.17336
717 16.1864 27.2892 1.62577
718 6.5987 30.1187 -1.43614
719 9.17442 34.1766 1.44977
720 8.8495 23.8924 -2.43024
721 22.7462 38.9358 -1.17197
722 39.6133 39.1781 0.613579
723 12.4217 1.89339 -4.82216
724 17.0466 35.9807 0.314246
725 24.9937 38.181 2.72754
726 6.12153 28.5361 3.37267
727 7.27136 26.9576 0.228502
728 35.9436 4.77323 3.96698
729 19.5414 0.232814 1.69074
730 21.5906 10.3233 4.18852
731 29.8649 18.6553 0.070469
732 28.2483 31.4775 0.362586
733 30.2575 27.715 -3.67899
734 30.5018 4.89339 -2.94816
735 18.5375 27.9132 1.84181
736 17.1483 32.773 -0.122197
737 0.829214 34.5607 0.755308
738 19.7819 5.64074 -0.935256
739 14.2885 24.8133 2.2535
740 35.936 26.9075 -2.26685
741 9.73086 31.0329 2.66884
742 19.5577 12.1384 -3.74455
743 23.6083 22.6844 -0.108045
744 36.4859 17.5012 -1.10804
745 9.95485 0.0238873 1.23994
746 13.0947 11.4048 -1.41488
747 17.6995 25.4148 -0.0915926
748 19.0838 32.412 0.181514
749 1.19262 1.79723 4.25866
750 2.81631 34.9034 -2.25623
751 7.82 37.9439 3.34317
752 4.78118 18.4768 0.695001
753 17.4815 24.3803 -0.527151
754 31.4464 23.9705 -0.716773
755 23.319 5.11331 -2.86702
756 4.82395 3.76679 0.541893
757 11.7677 26.7291 0.0568659
758 33.8266 21.3749 0.732437
759 10.31 32.0164 -0.339395
760 34.1844 32.9494 -2.46549
761 11.0083 20.2676 0.170814
762 23.8821 23.4009 0.259284
763 7.4595 39.1638 2.28345
764 24.6494 9.37721 3.16758
765 35.2059 19.1321 2.38365
766 8.22754 13.3302 3.12814
767 31.9249 7.6712 -1.38091
768 5.20072 14.5971 1.68522
769 14.5567 30.923 -1.96579
770 9.33244 26.3507 -2.69618
771 5.3773 22.0878 -0.38769
772 15.1254 37.78 -0.226922
773 33.066 26.8812 -1.7414
774 38.7295 39.374 -0.0563331
775 17.6023 9.18464 2.27276
776 6.28539 14.5923 -1.74077
777 39.8618 24.556 0.818766
778 34.5335 22.5605 -1.26412
779 13.0565 37.7516 -3.62695
780 6.49838 6.08707 0.786347
781 38.5097 38.874 -0.436911
782 8.60679 14.136 1.61034
783 12.187 7.33995 -3.92983
784 38.4169 1.05491 -0.0283345
785 20.786 7.42674 1.33973
786 5.01704 19.645 -0.815476
787 32.5814 1.30345 2.69904
788 38.5247 1.1578 -2.11435
789 35.4822 9.11518 -1.55277
790 13.9799 25.8493 0.842216
791 13.2751 22.1688 0.907568
792 12.9432 23.0775 -3.22281
793 18.6226 34.2072 2.99937
794 18.6241 28.2769 2.10292
795 0.0484746 5.65382 -2.05389
796 21.2928 21.5047 3.88403
797 39.5651 32.2198 -0.341002
798 27.2399 11.5919 2.0546
799 24.9215 6.07938 1.09009
800 34.9368 4.21689 3.12566
801 17.4689 9.86243 2.89343
802 37.0423 19.4203 3.82013
803 12.596 2.00822 -4.07068
804 1.88544 21.3185 1.59225
805 39.9604 25.6891 1.66772
806 9.89041 30.178 3.63887
807 27.7992 18.1182 1.52468
808 20.1224 26.4474 3.09061
809 29.4075 13.7945 -0.957171
810 13.1211 37.214 -1.40235
811 4.61443 23.9445 -0.145098
812 7.22014 5.60985 -1.85223
813 1.27754 9.84029 0.292748
814 25.0956 39.3187 1.0888
815 30.3124 14.2437 -3.04698
816 19.1902 0.00552691 2.34796
817 9.76587 1.70405 -2.07104
818 5.56793 7.73099 -0.253301
819 27.68 2.98091 -3.14578
820 4.80258 4.35823 -2.05467
821 12.5645 16.1171 -2.07462
822 9.17798 4.97572 1.14758
823 22.1821 39.5497 -0.207993
824 30.7129 13.5626 -3.78405
825 2.33228 33.211 0.512871
826 4.63611 14.385 -0.417813
827 1.06683 11.3839 -1.91855
828 19.632 21.3518 -3.62965
829 10.9548 36.8642 1.50033
830 5.97713 19.0723 -1.37619
831 12.6401 39.6074 0.148226
832 31.9276 38.9887 2.05489
833 9.75079 14.1478 1.13365
834 20.8933 7.04541 2.11741
835 4.19232 32.0029 -1.49853
836 16.0306 34.6619 2.1266
837 29.3078 37.5548 -0.273819
838 19.2831 3.23289 -2.13422
839 3.45567 18.8522 -1.42796
840 23.9017 18.5472 -2.69303
841 25.0277 32.0931 2.40694
842 16.1907 31.3108 3.67079
843 16.3852 4.60671 -1.00198
844 6.92259 24.0385 -0.273388
845 5.09429 27.2552 -0.0459262
846 14.5829 31.9011 0.38771
847 3.40623 26.1641 3.26007
848 23.8542 27.2487 -3.56214
849 22.5789 18.213 -1.33664
850 30.4283 34.9689 3.90115
851 4.1833 2.20767 0.968624
852 25.8637 27.0744 1.92711
853 23.9775 27.1435 -4.30307
854 39.5326 36.6572 -4.07167
855 11.4047 38.3455 3.48936
856 12.2132 39.7343 -0.524772
857 8.44774 23.2875 -2.8126
858 39.2324 28.3615 -3.20456
859 15.2559 0.435952 0.206461
860 37.3448 17.0939 -1.09324
861 2.5361 15.3138 -0.413091
862 8.69349 35.3456 3.8289
863 9.36049 10.9532 -0.962047
864 22.5022 10.578 -4.78619
865 28.8803 36.7769 -0.0950782
866 27.1379 3.31767 -1.59533
867 23.0627 27.6156 1.38119
868 27.8304 28.0224 0.358816
869 34.2469 15.94 -0.250922
870 34.0279 1.00358 -3.00966
871 18.0312 26.2453 -0.330486
872 32.4896 22.7347 -1.57554
873 18.5186 17.2191 -0.423107
874 33.112 14.7328 4.15859
875 29.8306 4.19333 -1.93864
876 9.61376 15.4345 -0.268451
877 33.3545 10.503 2.40874
878 4.54849 39.7263 -3.2428
879 2.16036 33.1604 -1.58477
880 35.0213 23.8033 -3.06284
881 8.78444 26.0265 0.438943
882 26.7102 4.8555 0.969368
883 27.3219 28.8317 2.8441
884 9.60411 20.9276 3.12017
885 11.18 11.4803 1.03591
886 18.3623 21.1613 1.02321
887 1.58992 24.541 -0.0511694
888 31.2551 24.8419 -1.99122
889 0.927499 8.54211 -0.675772
890 14.1994 18.4524 1.42906
891 19.925 22.4389 -2.32866
892 12.2673 4.56041 -1.94687
893 32.1878 26.6693 -3.28696
894 38.4206 29.8285 0.434906
895 36.6792 9.71887 1.18466
896 17.3776 2.43008 1.06373
897 37.5782 14.6937 4.12145
898 20.0982 17.8422 4.13764
899 13.198 23.2259 -3.98975
900 15.2206 5.86366 -0.584299
901 39.8966 35.2477 -2.67299
902 39.314 33.2175 -0.465274
903 7.28713 38.5211 -0.823151
904 15.7684 39.8325 1.61379
905 31.3495 38.7471 0.887121
906 19.9867 15.1189 -0.445401
907 9.52316 28.1763 4.27144
908 31.5625 35.2938 -1.69671
909 11.4176 1.67281 -3.09418
910 37.981 20.3586 1.57335
911 32.8659 29.1448 1.65894
912 23.4456 19.739 -2.33637
913 0.371148 30.2244 -1.0476
914 37.6137 20.0209 1.31337
915 34.1246 35.7933 2.01632
916 26.9938 20.6957 0.693496
917 14.8608 23.2136 3.10382
918 35.0393 6.13482 4.90236
919 28.8296 20.4352 1.50338
920 6.39039 25.5232 0.786207
921 24.9255 23.6654 -3.052
922 24.3362 16.7456 -2.24399
923 3.66017 24.6868 -3.36042
924 30.2251 29.6728 2.77759
925 23.5031 5.95368 1.53504
926 26.1366 5.06959 0.587396
927 4.97065 30.9539 -2.11371
928 38.6395 1.07227 -1.12425
929 1.81371 33.5356 1.17818
930 6.16591 6.65021 -0.153748
931 18.6429 15.2198 -2.44065
932 4.88507 21.7048 3.15779
933 13.4375 6.20428 -1.15974
934 32.4787 24.4058 -0.367405
935 11.0428 7.74422 3.42963
936 15.4793 21.7281 -0.000866431
937 16.5184 2.67665 0.424152
938 21.5884 21.4455 -1.97116
939 14.3031 7.73165 -0.210726
940 15.644 25.0792 -1.30784
941 25.5428 18.4504 -0.367982
942 11.0166 14.9926 -3.16665
943 14.0532 5.62646 -1.03039
944 5.19632 36.5981 1.59165
945 0.255707 5.52514 1.64912
946 16.8568 25.9893 1.85247
947 13.3922 6.91104 -2.44935
948 19.2658 5.11845 -0.0881334
949 8.55034 12.4672 3.55146
950 39.7822 34.2996 4.70199
951 10.0733 9.36427 0.0455819
952 11.3052 27.0381 -1.78129
953 31.2087 23.115 -1.882
954 8.33256 2.06842 0.871322
955 2.23197 4.26058 3.05472
956 29.4153 13.4198 -2.18796
957 34.6126 19.5621 2.06003
958 1.73722 38.1507 1.42888
959 25.7284 3.70112 2.48381
960 4.85294 36.585 -0.747471
961 0.946211 26.8292 -1.39894
962 10.14 27.6426 -3.50326
963 11.5933 39.8114 -1.18212
964 3.31826 5.43322 3.27169
965 33.2763 26.3899 -2.05613
966 13.9981 18.5107 1.9797
967 12.5514 39.8125 1.97393
968 33.6546 20.8624 0.726318
969 12.2099 5.39048 -1.37225
970 17.694 35.0159 3.42781
971 27.9184 11.1917 -0.0137625
972 11.9007 17.7019 -0.189762
973 8.33479 28.5465 -0.304446
974 26.9257 24.8922 3.13256
975 8.18932 23.9696 1.82015
976 3.08607 15.0769 -2.12865
977 7.33237 36.5642 -1.21655
978 12.8808 34.9481 2.27017
979 8.85411 1.82635 1.53828
980 34.9409 14.8815 -0.997108
981 5.5127 23.9861 -0.367136
982 0.23927 6.0744 -1.42403
983 34.2529 17.2969 0.0672335
984 10.5943 31.4721 -2.85148
985 2.35787 24.5853 3.44725
986 21.3757 18.1489 1.26687
987 11.2088 16.0809 -1.20604
988 6.56774 27.0092 0.72957
989 23.9764 31.6164 0.522579
990 23.1468 13.1182 1.75554
991 10.5173 21.0694 -0.00754563
992 3.38663 18.0286 0.280542
993 15.138 21.4183 0.251326
994 22.6142 21.2101 -0.748819
995 16.9249 14.1074 -0.162343
996 32.763 20.6278 2.59226
997 34.2556 18.4095 1.29486
998 36.5978 35.2283 -0.129353
999 34.3528 13.2771 1.33138
