1000
Particles
0 4.15985 33.7757 -1.77536
1 28.9423 30.282 -2.93081
2 16.0206 10.5176 -2.24257
3 10.4682 5.49956 1.46054
4 20.5497 23.6429 -3.91467
5 11.6134 17.7205 0.969782
6 30.8117 5.07034 3.6171
7 29.9231 17.9382 2.4664
8 7.98716 14.4392 -1.24103
9 2.13127 21.0492 -1.29643
10 21.8348 39.9571 -1.63115
11 9.70079 34.523 0.0553515
12 30.4223 26.8461 -0.25438
13 19.6967 1.36578 3.06106
14 18.4703 31.6451 1.59367
15 17.152 31.7683 3.72194
16 24.0613 35.4624 -1.5704
17 0.283372 21.0256 -2.92062
18 38.3602 14.7952 0.869208
19 16.3715 30.1695 0.331594
20 4.74067 8.27255 0.718347
21 6.72734 6.77864 3.54861
22 3.67359 3.45972 1.3332
23 38.7266 22.6963 -1.56723
24 37.0092 1.46867 -2.2918
25 38.5319 37.3441 1.33248
26 23.8013 33.7983 1.15397
27 11.474 7.32816 -2.16725
28 18.1889 39.0004 1.58621
29 27.1877 4.14674 -1.19405
30 10.217 14.26 -2.93695
31 9.02434 13.9582 2.61492
32 29.8115 0.598931 0.984276
33 9.17681 32.7348 2.11445
34 24.9186 36.6172 -0.478348
35 22.0623 29.1959 1.89238
36 20.3846 9.68267 4.00935
37 31.0991 33.3647 1.70721
38 37.7781 5.47944 1.69213
39 0.660159 21.471 -1.07352
40 0.596819 33.6168 1.90578
41 9.76088 10.6205 1.75668
42 36.3864 17.1131 -0.163501
43 24.6466 21.3142 0.0375432
44 16.7971 26.9879 4.04328
45 37.6764 18.7044 4.22255
46 1.0428 7.40958 1.96438
47 25.1611 13.7154 -0.830576
48 1.49364 1.59354 -1.38004
49 6.24055 39.6552 -2.54641
50 4.34097 33.4588 -0.644796
51 23.4069 7.61106 2.60678
52 33.1754 11.9964 -0.0132814
53 16.6311 4.43214 -1.6697
54 27.1486 10.0007 0.835855
55 10.922 13.2131 -0.9479
56 7.43368 10.5624 -3.52448
57 9.28386 34.4483 -2.18456
58 37.9946 22.0297 2.27313
59 7.27375 32.732 0.243135
60 7.57712 29.5358 2.25439
61 21.7371 35.2953 -1.50899
62 37.9222 5.82034 0.549323
63 12.6086 15.2174 1.94861
64 33.4362 30.4935 -2.66935
65 11.0087 1.19115 -1.93992
66 4.07968 20.3155 -2.82688
67 18.426 26.4325 1.23032
68 36.9886 8.02937 -1.18554
69 8.9681 35.6902 -0.36603
70 11.0415 39.8794 4.53368
71 14.292 13.5543 -3.14586
72 9.60999 8.52381 2.33784
73 18.5386 33.0522 2.48746
74 10.0848 4.92806 1.17422
75 24.1266 34.5848 -0.362149
76 30.3424 1.22111 -2.25567
77 10.84 26.9135 -2.47722
78 38.4328 26.7611 1.51148
79 5.63949 2.25895 -3.02258
80 36.2507 16.3949 2.32793
81 10.2511 35.4706 -2.64559
82 16.8653 15.6057 3.48952
83 15.9309 29.9821 0.36343
84 21.6283 5.85128 -1.53443
85 1.54712 16.1905 -0.660103
86 17.2702 14.9231 0.33204
87 24.7907 35.7038 -0.491506
88 10.0499 2.0594 -2.37099
89 10.8144 2.26349 -1.87439
90 0.977094 28.8533 -1.09999
91 24.9694 12.256 -0.556613
92 15.9013 29.2889 0.0304566
93 10.6206 1.26193 -0.0336473
94 15.5323 25.4112 -3.46908
95 19.885 5.01693 2.295
96 8.02515 38.9426 1.90459
97 23.7308 0.259865 1.67015
98 6.64491 22.2071 0.89229
99 12.7546 3.72182 -0.17425
100 37.038 18.9169 2.9704
101 11.7562 21.139 0.263602
102 30.3879 0.872775 -0.064951
103 18.6523 2.52997 0.896658
104 17.0776 10.0682 -3.42133
105 15.9061 0.926428 0.915878
106 33.1554 22.6568 -1.07696
107 14.4835 25.2803 -3.02041
108 37.5241 19.6969 0.265289
109 0.918817 28.897 -3.57793
110 39.6375 30.2458 4.38555
111 32.2999 2.73404 3.32312
112 36.6578 7.16383 1.00139
113 37.4854 37.1223 1.81581
114 30.8905 21.5054 3.80623
115 21.973 17.3466 4.45183
116 19.0773 32.8792 0.889937
117 27.1447 29.6919 -1.67085
118 20.9199 2.85792 1.68573
119 33.8438 7.54594 -1.53982
120 27.1317 29.8956 -0.811932
121 15.9823 18.8421 1.31558
122 26.1199 31.0834 -0.307495
123 13.8211 27.0708 -0.867873
124 17.901 1.93247 -3.97887
125 19.9584 8.01164 -2.57412
126 29.6697 34.7372 -4.19269
127 33.1398 5.96669 1.92819
128 25.5065 2.94043 1.13212
129 37.8491 16.3162 -0.375111
130 20.7694 13.8855 2.79517
131 17.4104 29.9922 1.97409
132 17.0179 1.19773 1.73166
133 36.916 0.398671 3.47979
134 9.66166 35.541 -0.135898
135 15.8066 2.07374 2.64406
136 29.4759 4.1941 -2.29165
137 31.4888 19.4125 0.975295
138 3.70317 16.3104 3.4485
139 15.0169 35.1252 1.53227
140 29.3536 6.08374 3.42541
141 26.6614 1.26592 -3.46228
142 18.6141 15.7049 2.553
143 18.3126 20.7583 -0.758197
144 30.9675 28.4345 2.11221
145 23.6262 29.7403 -1.68034
146 3.90276 14.6605 -3.28701
147 33.482 27.4408 1.08605
148 26.887 5.69629 -2.67145
149 15.3676 11.733 -1.45721
150 11.0384 25.4007 -0.278167
151 27.1584 1.55261 -0.430612
152 22.3586 10.4591 -4.29102
153 13.2058 8.5111 -2.76425
154 25.4375 0.513076 -1.36157
155 1.22599 22.0006 -2.8354
156 1.67544 22.5521 0.237069
157 14.7481 4.2584 2.28714
158 11.4575 8.78305 -2.93046
159 19.5763 33.0693 4.38451
160 8.43729 27.5888 3.41702
161 10.305 22.5562 4.18458
162 27.4717 25.2538 -0.692184
163 15.2644 16.2932 0.721669
164 21.6534 8.97596 -1.35431
165 35.0301 4.07173 -2.33954
166 36.2085 3.8093 1.38818
167 4.16595 32.3343 -2.43913
168 38.0907 28.0304 3.28133
169 0.510886 7.07588 1.21459
170 29.4018 37.9479 3.75578
171 20.106 29.6885 -1.60109
172 9.32615 14.3893 -1.57059
173 30.1 37.3846 2.87265
174 25.3081 5.7349 -2.23904
175 37.4867 12.0962 -1.16962
176 28.7031 22.9595 0.47138
177 9.84163 3.479 1.19475
178 37.3986 26.094 3.18937
179 19.2523 13.5744 1.41293
180 22.515 4.47482 -0.908372
181 14.1331 31.5107 -1.21109
182 16.2371 23.335 2.322
183 39.8827 20.2429 1.32501
184 37.3579 0.385004 3.18404
185 13.722 11.6277 1.98379
186 21.8814 39.5384 -3.24799
187 29.8185 4.66063 -2.14659
188 16.5916 10.3929 -1.05137
189 11.3088 16.983 0.39784
190 26.1668 19.1163 -0.72234
191 12.7947 19.9591 1.22541
192 5.72586 33.4843 0.540421
193 20.3169 29.1913 -2.34656
194 21.8424 28.9176 0.647493
195 3.61146 21.4406 -0.179003
196 30.9821 5.44476 1.93081
197 11.492 38.4602 -0.68566
198 31.1264 29.8625 3.03577
199 19.749 14.4938 -0.234674
200 34.366 37.3246 0.872251
201 5.56124 14.938 -3.21928
202 14.3346 14.8472 -3.1177
203 20.7211 20.6659 1.853
204 33.0737 28.2111 2.45533
205 7.35172 30.0767 2.68664
206 5.67419 0.889246 -0.338874
207 36.1849 1.22537 0.0429875
208 35.9963 17.817 2.16526
209 0.349936 3.80269 1.49132
210 29.4504 27.808 -1.99913
211 28.099 17.0323 -2.67805
212 28.0587 36.4026 -2.35825
213 37.5113 39.9154 3.04187
214 31.1088 28.6177 0.934438
215 9.29548 14.8842 2.74633
216 30.8963 29.5839 1.64376
217 14.8559 3.54255 1.21031
218 7.14474 14.0771 -2.29954
219 24.3337 0.20542 -2.41214
220 15.8333 9.68822 -0.391529
221 20.0964 22.9469 -2.60285
222 37.2528 26.3392 3.86448
223 12.5 26.1659 2.03525
224 2.00018 31.2852 3.90661
225 2.50215 5.87924 0.014447
226 25.5075 20.9699 0.665189
227 9.67875 7.20338 -0.976474
228 18.2258 38.3584 -2.39326
229 6.37359 26.3334 0.0356475
230 27.8202 29.8674 -1.09734
231 13.9606 30.9803 -2.13539
232 34.6165 36.1433 1.39815
233 28.4851 7.42947 4.24558
234 32.2183 6.57631 3.3928
235 5.07889 14.6533 -3.96168
236 21.3214 9.2058 -2.31094
237 18.4622 26.5366 2.07895
238 12.6474 8.71211 -1.00397
239 38.2629 8.23226 0.0869715
240 18.9986 15.3294 2.82931
241 35.4909 23.3286 1.99167
242 29.0214 7.79349 3.47216
243 26.8002 35.1565 -2.32906
244 3.37346 3.91743 0.0824953
245 16.3452 30.5192 -0.426071
246 23.4524 6.67431 2.76134
247 5.08572 2.2813 -3.88004
248 10.443 24.568 -0.924773
249 10.406 36.7421 -1.50833
250 25.8716 6.33496 0.786987
251 24.4148 1.58903 3.94469
252 26.5364 17.2927 1.17542
253 37.4204 11.8026 0.311969
254 10.6879 35.5477 -0.946673
255 28.6206 16.1745 3.44903
256 1.50784 39.3711 -0.846092
257 25.7988 18.0252 0.324079
258 29.2005 6.88619 3.98729
259 34.3621 25.3533 -0.722031
260 38.5997 7.95929 4.05095
261 34.8928 18.691 4.73321
262 26.3961 37.1301 -1.94362
263 2.42426 21.9842 -0.682164
264 11.2763 11.6765 1.19913
265 1.26887 32.4878 -2.03933
266 5.73498 16.707 -4.27063
267 5.52832 16.9035 2.98168
268 16.435 16.2681 0.0567101
269 1.46308 32.8339 -1.08115
270 26.7564 15.0976 0.861008
271 5.26344 14.1698 -2.54377
272 25.0734 20.9679 0.750876
273 39.1884 25.1353 4.37317
274 8.2605 34.828 -2.33114
275 10.1313 33.9651 -2.23525
276 27.5708 20.6297 -0.566179
277 3.30411 23.0617 1.28766
278 3.59454 16.3801 1.23096
279 16.6234 27.7655 1.12214
280 1.95839 30.347 4.52552
281 28.3205 29.5889 3.77086
282 8.35894 15.2981 -3.96657
283 27.0462 1.01763 -3.69963
284 34.3735 15.5907 2.88848
285 7.69303 38.8064 -0.301045
286 32.6572 5.49506 2.03036
287 16.1931 15.7548 1.07423
288 3.2277 5.67696 -0.668983
289 6.22921 37.6482 -0.182162
290 35.1799 26.2419 -3.12267
291 15.6047 5.45794 -0.458529
292 28.545 19.7401 -1.47604
293 20.5982 8.88273 -2.02095
294 28.8058 32.1572 -1.34621
295 18.485 13.1166 0.00186164
296 22.3449 27.3548 0.766135
297 38.0102 27.5425 2.15677
298 20.7444 3.82414 2.39919
299 14.4803 22.1765 2.2271
300 18.6382 8.36109 -0.714263
301 27.2265 32.4289 1.89254
302 29.3102 4.25501 -0.882351
303 0.660507 12.5817 -2.85388
304 11.7215 32.831 0.450317
305 4.19947 27.6959 -0.308862
306 21.1712 19.2691 2.04201
307 14.7262 15.3469 2.56583
308 11.0951 34.1312 -2.72456
309 24.1365 39.6658 0.370954
310 12.3277 13.7593 -0.223475
311 26.4246 24.5604 2.17316
312 0.794784 27.5359 3.90668
313 29.1248 5.03995 -0.996665
314 24.4533 1.72332 4.82855
315 0.07283 36.4127 3.58166
316 26.1754 1.46121 -1.10714
317 18.3421 31.5686 2.48174
318 25.7394 32.5351 -0.929762
319 8.5184 4.17118 -1.04581
320 10.0437 14.6794 -1.75894
321 33.1366 6.14269 1.56136
322 2.2088 38.0488 -2.08883
323 2.89052 34.5052 -2.16738
324 24.2002 19.144 -1.30144
325 10.9615 27.9259 -3.31877
326 11.0914 2.28962 -0.225907
327 10.8243 34.5763 -0.336321
328 12.0545 29.9997 1.50819
329 15.9489 22.0694 -0.152203
330 3.99416 7.06423 -1.27307
331 22.322 0.105496 -1.51296
332 34.8917 2.54548 2.55051
333 30.1472 22.7529 -2.27838
334 10.4678 8.67292 1.53792
335 5.04337 37.8537 2.47108
336 23.4989 1.63047 -0.0207994
337 13.211 23.2168 -0.281071
338 23.4212 30.9991 1.8685
339 1.36263 32.2172 -2.09325
340 17.9311 10.5886 -3.92978
341 0.593173 27.141 3.11682
342 18.8545 10.0042 4.43368
343 2.70019 16.3174 1.95917
344 16.2969 4.18536 3.26511
345 2.28247 33.5045 -2.45622
346 15.9675 10.2042 -1.59132
347 8.69957 36.0497 -3.24541
348 10.7191 9.16593 1.54395
349 20.171 21.587 -2.71878
350 8.59876 15.7698 -3.41122
351 37.8994 26.4415 2.75944
352 30.8676 16.7542 -0.983685
353 22.5354 13.2498 -1.36642
354 0.153243 37.0675 0.0379359
355 14.6857 22.4397 0.236132
356 1.1303 31.9266 1.95566
357 9.82151 5.27838 3.48071
358 10.5141 13.3459 -1.23523
359 22.4383 25.9877 -2.97666
360 39.0104 27.3867 -0.360115
361 26.7563 34.0448 0.663478
362 34.3903 27.0404 2.61334
363 30.4105 10.5474 2.14209
364 14.9195 11.0753 -1.46315
365 39.237 34.4215 -0.402915
366 11.2362 37.0618 -2.07378
367 3.25695 1.74089 0.698271
368 22.403 9.65739 -3.95991
369 17.6805 9.97018 3.58306
370 21.5536 35.0585 -0.853716
371 34.5324 12.2778 -2.45109
372 19.2412 25.17 -2.93342
373 12.3106 22.458 1.85589
374 14.2872 14.3128 -0.920672
375 5.85072 13.3685 3.42957
376 34.7686 24.3716 1.71017
377 32.6962 11.2433 2.51185
378 19.5193 8.24628 -3.36266
379 38.1871 34.9013 1.00784
380 34.4609 2.74436 1.46055
381 17.8667 39.253 -1.13256
382 2.13054 10.213 2.77248
383 15.5016 20.2349 0.954332
384 35.5726 4.08564 -0.76458
385 20.3734 30.887 0.384131
386 25.494 12.8558 -1.6554
387 1.68403 4.40764 0.334266
388 31.2529 35.6798 1.88609
389 18.6243 37.3772 3.22909
390 25.8153 7.78759 1.76456
391 11.7555 8.95647 -1.42513
392 22.4554 17.1184 2.27935
393 18.6718 0.910493 -3.73707
394 28.725 11.8029 -3.398
395 33.8473 8.55068 -2.57809
396 23.6465 0.0772259 0.272729
397 5.94836 18.1202 -3.52195
398 23.8568 34.8389 -0.95734
399 28.5373 12.1641 -3.8495
400 0.655688 6.92252 0.47773
401 31.0604 26.4156 0.448474
402 3.61864 4.76149 2.53979
403 9.04132 27.0597 -3.23924
404 21.1845 34.6738 -0.342231
405 6.27652 19.1417 -0.969085
406 17.5834 6.93964 2.91196
407 4.34463 8.59138 1.23022
408 14.7819 6.75999 -0.142555
409 35.8134 4.70388 -0.4052
410 21.0449 29.7526 1.37863
411 17.4777 39.1944 -0.138562
412 0.297406 7.4524 1.52635
413 1.68257 19.6702 -1.5703
414 10.8836 5.47394 -0.553988
415 11.5721 24.6208 -0.874266
416 39.6612 31.8667 2.28178
417 3.88772 2.75222 0.865579
418 30.1721 23.8424 -3.16001
419 27.5638 11.0654 0.38757
420 27.3888 5.0788 -3.72553
421 6.01453 15.2764 -0.75686
422 10.258 14.2542 -1.51294
423 3.58047 8.24265 0.621842
424 23.8666 16.1818 -0.651457
425 24.3232 35.6276 0.0199778
426 12.4474 9.82282 1.38683
427 24.9624 29.8394 -0.357789
428 12.1468 0.933046 -0.336263
429 34.1538 3.16714 -3.39488
430 7.65207 13.3745 2.89541
431 5.86623 12.2707 -2.76995
432 13.7994 35.5987 1.76525
433 25.064 20.8148 0.152891
434 12.664 22.6962 -0.923255
435 0.291126 27.9858 3.3622
436 3.4496 28.7488 0.8562
437 8.4847 2.52194 1.02152
438 0.89371 3.87742 1.26807
439 30.5219 21.8394 2.4283
440 21.5197 9.39361 -2.85074
441 21.6971 36.047 -1.00411
442 21.1789 8.80478 -4.2775
443 14.3538 26.0845 -4.54914
444 13.766 29.0957 -3.25758
445 10.8666 16.2412 -0.654037
446 24.834 0.413206 -0.105537
447 10.2917 6.75988 1.65262
448 32.1049 18.731 -0.110471
449 18.381 21.265 -1.3046
450 6.88702 20.7037 -1.68367
451 35.5221 20.2204 2.42315
452 11.8258 3.25682 -1.63133
453 6.51316 15.5579 -1.85484
454 30.2773 9.12869 -1.28988
455 23.5888 39.989 1.303
456 16.6193 20.8445 0.299817
457 24.3767 10.1608 2.45142
458 23.7074 21.7586 -2.65607
459 15.9404 38.4408 -2.61636
460 11.0649 1.39065 -3.08113
461 11.9949 2.89023 0.577298
462 26.642 25.3449 -3.32254
463 0.386854 32.5819 1.09509
464 25.8692 37.7232 -3.55093
465 27.3478 7.3148 -0.327585
466 34.4997 24.7601 -0.828297
467 9.32671 34.0598 -2.94362
468 10.5306 34.2395 -2.36076
469 29.3859 0.264295 -2.00729
470 6.17069 12.3279 -2.40067
471 29.7465 26.7548 0.270963
472 15.5629 5.93527 0.718525
473 16.279 1.28147 3.40397
474 4.13289 38.6357 -0.535718
475 30.9555 38.4108 0.683918
476 17.0797 16.4689 2.51092
477 12.8924 37.9775 0.485222
478 31.2031 25.4012 -2.29912
479 37.5059 27.1594 1.26312
480 3.92457 27.26 1.24974
481 31.1335 6.30884 -3.4389
482 16.9334 39.3573 -0.508591
483 8.20148 36.6109 -3.21287
484 21.841 39.4491 -3.70161
485 2.78362 1.00377 -0.541595
486 12.1243 22.593 -2.54537
487 28.2568 25.8329 -1.45405
488 1.19333 10.0052 -0.778777
489 22.0671 3.8246 1.16907
490 37.7474 4.17115 -3.70657
491 17.2282 10.6573 2.1911
492 19.8735 37.7824 2.52594
493 39.8229 31.9899 2.87008
494 7.13187 18.7403 2.52512
495 34.8405 4.81525 -0.811509
496 23.411 35.8388 1.25429
497 15.9664 32.2716 -4.17824
498 17.6592 9.15831 -1.46138
499 8.12005 16.8038 0.678323
500 8.96979 5.91126 -4.67107
501 34.044 6.10668 0.620635
502 8.77926 3.05388 1.10801
503 24.4469 30.9912 -0.838538
504 0.848453 2.79314 -3.78625
505 10.4597 5.73575 0.741849
506 24.428 28.4177 -1.54283
507 18.9962 11.2244 -1.33294
508 9.15741 28.8834 -1.13863
509 20.542 37.6428 -4.4099
510 39.2892 7.7433 0.83545
511 23.7169 34.1219 1.04939
512 37.7189 24.8557 -0.952168
513 13.4425 24.2492 -2.19697
514 5.71412 37.7832 1.6606
515 13.2125 15.7241 2.74205
516 18.7905 36.9665 -1.21172
517 12.8453 17.8485 -0.477016
518 38.4034 0.156732 3.03601
519 18.6844 24.9434 -2.68694
520 5.18456 10.974 -1.52594
521 2.54885 0.768347 -0.0564681
522 32.3373 19.0337 1.0363
523 13.9873 15.2847 2.10215
524 13.6511 25.0313 -2.84858
525 11.8284 10.4696 1.6196
526 16.9171 28.509 1.91545
527 11.4566 11.4461 1.6204
528 21.4664 6.37251 -1.931
529 33.2528 34.2102 -2.00793
530 31.9299 17.6643 -0.628336
531 23.6855 35.8235 -1.82304
532 23.7104 39.0645 2.54897
533 39.2225 36.7277 2.23576
534 6.86063 29.8678 3.868
535 28.4622 5.49258 0.936055
536 36.7592 12.2852 -0.333195
537 3.56332 23.5901 4.37202
538 20.1923 36.7637 -3.76627
539 18.3946 15.2554 -0.326053
540 34.3142 21.1949 2.56345
541 19.4238 25.6902 -2.08152
542 29.7149 34.4417 -3.45972
543 9.05059 17.7171 1.41474
544 34.6322 29.3894 -1.67034
545 1.46147 19.4489 -0.622321
546 31.4685 4.26342 2.28505
547 4.86657 14.1878 -2.02562
548 34.5409 36.7527 1.67375
549 39.97 24.6862 0.807207
550 38.6995 30.6203 2.15149
551 0.358112 12.0228 1.45161
552 12.9117 39.5337 -2.57182
553 14.4409 31.6043 -2.66498
554 16.5877 8.29559 -0.695377
555 33.5432 10.518 1.18027
556 0.231229 17.0847 2.43932
557 15.9993 14.7238 -0.236414
558 30.6251 1.33974 -0.797416
559 29.3766 32.1966 -3.06131
560 38.4469 25.2242 3.57419
561 3.42434 33.675 -2.38158
562 8.96435 26.9127 -2.16886
563 4.62293 11.7358 -1.11381
564 4.74772 26.3015 -1.37878
565 10.3252 23.968 -2.8896
566 12.6811 0.722631 -3.55564
567 35.3997 19.3294 2.58581
568 38.6019 8.05167 2.74957
569 29.741 28.5977 2.4641
570 5.14779 29.6221 -1.49893
571 17.3455 7.95679 1.51618
572 31.3427 23.5674 -0.567546
573 17.6461 32.3844 2.07512
574 9.39759 28.0913 -0.325146
575 8.4734 13.4024 1.21923
576 7.19956 6.85224 2.8956
577 21.756 39.4676 -3.27798
578 10.7708 34.7131 -1.44883
579 13.6488 15.2982 0.0212161
580 7.20008 27.2281 1.0342
581 3.3916 29.7599 2.38396
582 15.5385 22.9983 0.305373
583 24.2607 27.3647 -1.44562
584 8.48839 8.59105 -0.541346
585 1.14886 21.6089 -1.66909
586 25.3549 28.7504 2.7316
587 30.8966 34.9416 -0.87056
588 16.9753 1.57111 2.89805
589 25.9896 12.6006 -3.18751
590 6.58366 1.86141 -2.81557
591 14.6256 27.1174 -2.65385
592 23.0357 21.2762 0.111698
593 6.56139 20.0433 -1.195
594 6.53544 2.75676 -2.46915
595 36.5973 26.2878 4.52748
596 39.9389 39.4954 -0.434638
597 27.2541 10.6573 2.7026
598 36.5347 15.6373 3.54973
599 15.492 3.8685 1.08964
600 1.17983 38.1356 2.36893
601 20.6111 36.8856 -1.50939
602 18.3013 21.8745 -1.44386
603 22.6601 2.67749 -0.0999639
604 30.0659 26.5946 -0.714314
605 20.8531 27.301 -3.94901
606 38.2297 31.5845 1.70491
607 36.8479 10.6081 0.107437
608 5.6609 2.70555 4.69867
609 23.6882 11.3671 0.620205
610 34.2206 28.5409 -2.07089
611 30.5102 29.1488 3.04512
612 18.6551 10.5995 1.68076
613 18.1879 10.1814 1.44458
614 39.843 36.7667 0.987135
615 34.7622 3.70293 -1.78715
616 34.5605 19.2157 2.4112
617 21.2139 32.135 1.05744
618 5.19517 3.99965 2.26203
619 29.5542 27.1809 -0.977355
620 35.9617 1.5814 0.923142
621 29.0891 22.9824 2.61713
622 24.8133 9.33033 2.64274
623 13.9502 24.8419 -1.52691
624 5.99287 14.3576 -4.23408
625 9.48132 3.58789 0.752471
626 1.88108 0.610263 -0.499593
627 8.53817 36.7099 -3.47697
628 20.0767 10.2081 -4.1225
629 28.5971 5.27579 -2.57976
630 3.35163 3.34784 -0.363806
631 32.459 3.28927 2.96422
632 30.0213 28.4321 3.43953
633 11.3035 21.2998 0.760864
634 3.585 9.46373 1.19912
635 30.3098 27.9859 2.8379
636 16.6401 15.3361 1.63808
637 10.3057 35.5095 -1.13554
638 25.3133 29.5364 -0.376808
639 28.9219 25.0408 -1.02509
640 7.25309 25.616 1.75807
641 32.9989 5.89597 2.85054
642 9.9442 37.0276 -3.37606
643 27.2729 36.6252 -3.35574
644 9.11521 37.5335 -3.47701
645 1.95917 6.47463 -2.07441
646 16.0859 3.44724 4.14448
647 15.702 6.61447 2.63495
648 26.1158 36.5087 -1.50491
649 8.78127 13.1703 4.44042
650 29.5893 20.4285 -0.3104
651 30.7062 25.627 -2.17402
652 3.84577 27.2375 -0.444018
653 8.64956 38.8855 0.357219
654 28.1382 20.0029 -0.134468
655 26.2262 27.9787 -0.0505091
656 16.6439 9.20393 -3.24793
657 32.906 10.0191 2.4421
658 3.91154 27.8598 0.220634
659 38.2558 7.7637 1.01203
660 25.9029 19.6124 -3.38044
661 5.7797 18.3682 -1.12198
662 35.8104 0.0204114 -1.41584
663 1.49315 16.2671 -2.29664
664 34.3886 25.4667 0.715691
665 37.4655 28.9487 -3.76295
666 26.8695 1.54259 -3.07603
667 37.6553 26.9354 0.932004
668 6.90008 35.4571 -2.67597
669 3.37934 39.1281 -2.69315
670 32.0876 26.6327 -1.4052
671 34.1264 0.0315831 2.69376
672 22.6335 38.6463 -0.75195
673 3.68081 14.0086 -0.0940104
674 10.9768 24.4851 -1.43204
675 22.9607 10.8586 3.3383
676 39.9264 7.49655 3.09371
677 6.20937 16.515 -3.04169
678 23.2815 1.92586 2.96712
679 20.046 27.4383 -2.94167
680 20.4533 36.0954 -1.65454
681 17.2873 34.5597 -1.47006
682 36.9841 38.0144 1.92627
683 19.9379 32.9144 1.60874
684 9.58338 24.9568 -3.18473
685 27.9899 18.8065 -3.24702
686 36.402 29.6125 3.54426
687 22.1312 20.5637 2.15531
688 18.2392 10.9254 -2.24152
689 7.07314 4.30952 -2.46424
690 9.90988 5.19032 3.13874
691 13.0997 27.6626 -2.13493
692 25.5939 18.8198 -1.18027
693 5.45908 25.9171 3.22544
694 22.5523 17.866 3.22719
695 12.1693 28.5257 -1.05323
696 16.9084 16.8676 -0.646836
697 23.1332 39.0259 -0.454201
698 8.66686 8.71433 -2.64794
699 36.9287 26.9294 1.77235
700 8.40212 36.8597 -2.15982
701 15.0328 4.59277 -0.892388
702 8.16887 0.873494 -0.37796
703 2.68681 4.90748 -2.24573
704 27.0613 0.638196 -2.83063
705 6.57856 20.5339 -3.51441
706 34.2934 36.8119 -0.709287
707 21.8992 0.828757 -2.40182
708 38.031 17.3166 -2.97269
709 26.1549 15.5702 2.14257
710 10.0195 37.219 -3.48835
711 39.6457 31.0608 1.83907
712 24.4616 26.6948 -0.359522
713 36.723 17.4526 1.38959
714 28.9254 1.81966 3.76742
715 37.7197 25.9298 -3.90222
716 19.117 34.3804 1.77296
717 15.8852 30.3912 -1.76166
718 2.96103 27.9545 3.55527
719 4.40134 29.8638 -2.97671
720 22.2552 19.1015 0.811755
721 20.6622 33.7909 1.27245
722 1.69712 6.10426 -1.67521
723 9.4053 35.4117 -4.27808
724 15.4706 4.03527 3.43974
725 28.5502 0.827446 0.016041
726 39.339 25.2217 2.06361
727 10.0443 15.2541 3.81867
728 1.61905 32.3206 1.05122
729 14.6555 5.75806 2.17236
730 22.4805 11.9768 -0.817021
731 37.9076 16.8922 -1.464
732 23.5187 1.27061 3.49558
733 21.5964 33.2334 -0.33672
734 37.7955 7.58727 0.948716
735 15.0751 37.9623 -3.47151
736 24.4196 30.6944 0.138253
737 4.71274 31.7914 -2.61673
738 21.5706 9.14932 -1.16866
739 14.2796 12.8672 -1.19764
740 33.4892 21.0756 2.35734
741 4.37293 27.3718 1.63054
742 11.552 21.5244 0.441235
743 24.8014 22.0522 -1.73312
744 30.219 22.5082 -3.30641
745 23.2493 0.100848 1.05571
746 22.5076 8.66895 -1.52038
747 19.0985 28.9495 1.20862
748 12.7677 27.8599 -2.93399
749 11.7185 1.92311 -0.858817
750 1.96648 30.3636 2.08833
751 0.560696 32.7055 0.638942
752 8.778 25.1323 -1.80244
753 24.4251 27.6428 -1.71089
754 26.8999 27.6588 2.46598
755 34.7577 3.54168 -1.1984
756 14.4235 11.4738 -1.53741
757 3.46486 31.4969 -1.7475
758 5.8031 16.2784 -3.5405
759 16.2845 26.8759 4.39414
760 3.51595 26.5856 1.75569
761 4.87317 16.347 2.0145
762 22.0118 29.6302 0.977118
763 2.76779 6.2044 -2.30239
764 10.4704 17.0718 -2.03616
765 0.671978 18.789 -2.28576
766 8.03073 10.1321 -1.14907
767 39.239 9.59589 -0.396288
768 2.95916 24.8181 2.83516
769 14.1098 34.9131 2.01118
770 5.78565 27.754 -1.94477
771 12.9204 15.274 1.0366
772 9.58856 33.6928 -3.86629
773 33.2902 25.8737 0.501703
774 39.3973 30.7969 1.65141
775 14.3375 3.40071 1.96111
776 11.4407 8.95253 -1.31971
777 35.4253 23.6519 1.57392
778 34.88 27.436 1.02806
779 19.2042 6.21658 -0.449521
780 32.5151 6.55258 1.84726
781 17.247 37.392 0.352045
782 3.67467 8.52691 -1.30957
783 13.2331 21.9191 0.721048
784 29.5767 2.57526 1.43838
785 20.2754 20.1544 1.71371
786 8.11762 20.8829 -0.27906
787 38.5986 4.58986 -3.44701
788 0.554173 27.1618 2.36924
789 3.685 7.0268 -0.409089
790 15.4218 31.4828 0.541069
791 8.84392 21.9593 -1.54037
792 10.425 22.0989 0.703398
793 16.1453 34.6483 0.107544
794 20.8217 28.9154 0.759931
795 3.1453 3.85672 1.00069
796 17.4889 13.7936 -1.17442
797 39.7272 39.749 0.49008
798 34.884 12.314 0.640929
799 28.6002 13.1462 -1.767
800 1.51289 12.4338 -0.594805
801 16.9928 23.6336 1.1659
802 31.5679 27.829 -3.42174
803 14.6549 1.08675 -1.20087
804 1.62803 15.9354 -1.9851
805 1.34711 30.474 -2.69525
806 8.66092 34.3856 -0.208965
807 26.6028 13.746 -2.19832
808 14.4234 30.9961 0.021388
809 30.5266 25.6092 -1.29972
810 21.1334 32.9097 2.29095
811 1.1753 20.3627 -0.650088
812 11.8262 0.452341 -2.32001
813 5.65295 15.38 -2.89303
814 30.0818 0.675969 -0.0174246
815 26.0849 20.8308 1.61948
816 19.4509 37.9332 2.03762
817 15.9888 36.0537 -0.0412739
818 39.8195 7.76957 3.42276
819 34.2313 4.17947 -3.61451
820 12.3493 38.6658 4.06525
821 15.8655 9.67151 0.473724
822 4.1142 32.4473 -3.36595
823 19.8019 2.66957 1.89799
824 33.3604 12.2435 0.015572
825 38.4445 3.35482 3.65793
826 3.95468 16.3186 1.91694
827 36.0711 4.72048 -2.42135
828 18.6967 19.1502 0.980905
829 11.8972 1.05263 -0.498608
830 13.8506 14.5059 0.529601
831 23.8027 35.9103 -0.0617422
832 35.0601 36.5003 -0.387456
833 17.8552 21.0509 0.252869
834 16.65 4.81483 -0.478395
835 2.24679 29.1971 -0.380121
836 19.3203 29.9608 -3.84125
837 30.8518 35.6068 0.884341
838 15.9066 4.22594 0.164583
839 11.8306 9.14066 -2.10527
840 21.2597 15.9462 -0.968053
841 25.8647 37.1973 -1.99445
842 20.986 37.079 3.94426
843 19.3561 1.76933 3.79579
844 7.21717 26.3937 0.549381
845 8.76129 34.3977 -0.500271
846 5.23048 16.5409 1.79994
847 38.7627 23.4531 -2.91204
848 20.4843 32.1653 1.07274
849 21.9163 16.9679 3.70761
850 34.9483 33.7686 0.242144
851 2.45652 1.04182 -0.344502
852 32.3995 26.9635 0.0199214
853 19.8821 18.4325 3.57521
854 8.68454 36.09 -2.84838
855 9.24655 36.5785 -3.60469
856 12.6355 28.1813 -0.407094
857 14.6835 35.7975 -1.45273
858 26.0803 31.6906 -2.05322
859 7.93447 35.7324 -1.6266
860 2.07525 17.7384 0.586146
861 8.15874 17.4701 0.346791
862 7.00774 23.8628 -2.18862
863 10.8084 11.6739 1.21353
864 8.48932 7.87511 -2.04496
865 18.4649 32.1314 2.94835
866 30.925 0.910409 -0.923296
867 25.4467 28.8711 0.611324
868 33.8106 34.1028 -0.314248
869 36.404 19.1773 3.42578
870 37.6786 6.04338 2.26296
871 12.5448 23.1719 -3.20566
872 32.2895 15.127 2.31365
873 6.31799 17.7546 -1.32127
874 22.4226 12.3514 -2.10686
875 30.3969 1.9115 -1.03299
876 23.1293 31.6118 2.59776
877 4.18202 15.3872 3.22525
878 37.7237 5.53744 -0.345435
879 15.1902 37.2753 -0.297355
880 30.8498 25.8484 0.980416
881 11.9191 22.1289 2.21771
882 26.0558 7.29769 2.79952
883 38.2635 24.8728 -3.86027
884 33.7105 12.7382 1.0279
885 12.022 4.74998 -3.2295
886 14.9795 20.6177 2.08978
887 6.95228 22.9862 -0.181537
888 27.722 33.068 0.864074
889 39.2967 9.09733 2.8019
890 13.3406 6.07437 -1.44267
891 22.2169 30.1007 1.82042
892 25.6293 13.6537 -2.13338
893 35.086 19.1964 1.80677
894 23.7709 29.5166 -3.22156
895 32.8303 10.7903 1.35893
896 15.6011 0.943807 2.00398
897 4.34893 17.6737 -0.631034
898 26.1502 22.2461 -0.144554
899 15.7499 26.3178 -0.474885
900 15.0036 39.3144 2.31806
901 0.567944 39.2072 -2.3809
902 0.100059 33.2887 1.14455
903 23.9816 39.2908 2.00852
904 20.0571 39.322 3.02309
905 34.5916 37.1054 1.03502
906 20.2454 9.53991 2.6546
907 16.2257 25.7053 -3.41539
908 29.5405 4.74493 -1.09122
909 9.99458 36.4794 -0.103632
910 9.59013 23.5046 -2.89793
911 35.0852 1.2653 0.169401
912 25.8247 22.5897 0.997928
913 33.5932 33.8394 0.91875
914 39.0514 18.517 -2.13479
915 37.4708 0.498874 4.68904
916 37.49 15.6191 3.41416
917 10.6484 25.0264 -1.8368
918 29.3972 7.39262 2.61578
919 18.3122 30.5261 0.0153819
920 39.0049 22.2933 0.647531
921 32.9122 18.181 0.0958998
922 22.9685 12.9018 0.338088
923 8.52484 24.6641 -2.57655
924 34.6067 24.1401 0.008698
925 13.2266 16.1463 2.36022
926 15.9763 10.3987 0.10368
927 39.5739 32.9093 1.33107
928 31.7125 0.410164 -2.28917
929 10.0841 26.7076 -0.725688
930 8.33306 4.44344 0.662056
931 15.405 26.479 -1.4165
932 32.3458 18.4297 0.883457
933 22.5025 37.1831 -0.765075
934 25.5502 15.6928 0.610237
935 9.52303 6.01192 3.74108
936 17.2824 23.0019 0.860242
937 15.9435 4.41467 0.239836
938 11.8011 18.3431 -2.26307
939 8.54628 2.78907 3.95873
940 11.0707 17.7664 -0.06376
941 38.5164 22.0873 1.74429
942 6.56713 20.8932 -4.32858
943 8.88214 3.49881 1.1026
944 15.6132 5.17119 0.419759
945 6.12871 13.7394 1.57931
946 14.0109 12.4244 -1.71267
947 9.12549 8.66391 -0.24438
948 19.2319 2.12628 2.32888
949 6.98879 11.9743 -0.301175
950 12.5799 28.6767 -1.91109
951 10.9687 5.38923 2.27708
952 11.7508 21.5613 -1.39217
953 37.7585 22.0693 1.86587
954 12.9679 27.4138 -2.01156
955 7.46462 39.1472 0.529879
956 19.7387 11.9024 -1.76255
957 36.2646 18.9568 2.69025
958 39.5581 8.12115 0.477279
959 35.9037 19.6035 2.50635
960 14.1879 30.0044 -3.67187
961 2.25424 27.893 3.75388
962 13.7417 33.1497 0.733858
963 9.0529 36.8425 -3.54265
964 3.67006 8.08577 -1.09967
965 1.74805 29.0726 0.037493
966 13.0944 13.5797 1.27095
967 18.1519 37.3925 4.71176
968 38.7564 15.6728 2.22993
969 19.1368 2.73355 2.61039
970 14.6937 37.2735 -2.02129
971 14.2784 19.3862 2.19671
972 16.2965 23.9531 -0.0346066
973 38.0139 19.8647 2.11439
974 0.555212 27.6627 2.06913
975 13.1375 21.4273 3.27175
976 9.0371 15.5084 -1.39568
977 7.17572 3.53224 -1.8779
978 8.63967 35.6772 -2.10823
979 8.07113 2.5831 2.96432
980 32.9423 5.28043 2.00292
981 6.57808 24.7325 2.74485
982 3.2984 36.1609 0.510933
983 37.1291 17.4331 -0.29266
984 13.703 28.1326 0.000879402
985 3.62275 27.1929 1.81923
986 17.9385 23.5185 1.01385
987 9.57565 10.868 2.15696
988 11.4351 20.9026 -0.907494
989 21.7148 34.594 -0.0992884
990 23.3481 23.9652 -0.0770204
991 9.61836 15.2999 -3.37093
992 12.331 2.04715 -4.00459
993 17.5061 7.61381 3.85504
994 21.3147 19.1595 3.9068
995 21.3468 8.04759 -2.99745
996 3.41013 19.252 -1.87961
997 4.55328 17.0373 2.68818
998 1.09583 29.6324 -0.359553
999 34.9225 3.3383 -3.79936
