1000
Particles
0 5.01346 34.6729 0.503237
1 27.101 28.9465 0.788807
2 15.6395 10.1463 1.54446
3 13.9123 6.25362 -1.94174
4 20.6878 25.2745 -4.62207
5 12.5576 18.2937 -2.34392
6 32.7142 4.72403 -2.6206
7 30.2477 16.0521 -3.15378
8 6.05033 16.4316 0.310908
9 0.453486 21.1625 -0.850487
10 23.8845 2.54815 -0.979738
11 10.6152 33.3994 1.59578
12 30.0216 30.5443 -1.02528
13 21.8886 1.53519 1.51517
14 21.7316 29.8991 0.179984
15 17.8567 29.5882 0.679102
16 24.5874 35.1168 1.62488
17 39.6398 21.6061 0.0702293
18 36.311 12.0977 0.957714
19 16.7656 30.2596 0.877537
20 4.02031 7.74109 3.3495
21 4.95397 2.9078 2.98657
22 4.29909 4.11592 2.19509
23 37.1175 24.1102 0.435302
24 37.0263 2.14953 1.36593
25 37.2585 34.8297 0.474267
26 24.3678 33.6533 0.191676
27 14.0201 6.08122 -4.26589
28 17.1305 39.7398 3.17407
29 26.954 6.41308 -1.80208
30 12.0673 17.3712 -1.50857
31 10.8586 11.1939 1.71597
32 27.0096 38.8349 1.01391
33 7.62397 32.9069 -0.532734
34 24.5154 34.5049 -0.605602
35 25.3133 27.3418 2.97409
36 19.4315 7.89263 1.12755
37 30.0599 32.2497 1.14881
38 39.1294 4.28756 1.24579
39 39.4019 21.4303 0.109974
40 1.16193 35.9564 -3.69849
41 12.4015 9.63806 1.86466
42 33.8027 16.324 2.29977
43 21.6403 20.6746 -1.34432
44 17.3384 27.6306 -1.89578
45 38.8043 18.0971 -0.956366
46 2.47325 5.66109 -0.332871
47 25.7055 15.6072 -3.40806
48 1.67519 0.479757 -3.08393
49 6.91144 0.551551 -3.69285
50 2.48524 33.43 1.94074
51 25.2289 6.12677 1.60646
52 31.8158 11.6451 2.02668
53 16.7961 5.99416 -1.43125
54 26.7196 7.96142 -0.557075
55 10.5235 11.8472 2.33126
56 9.95179 11.9703 1.67675
57 10.3768 35.1924 -2.41801
58 36.2623 23.3965 3.0128
59 5.06598 35.2845 1.97271
60 7.14799 29.5814 1.54524
61 24.1336 36.9413 0.742649
62 37.6548 5.06281 -1.04632
63 12.5646 17.4873 -2.68752
64 36.1476 31.4437 0.935384
65 10.608 0.736688 0.516255
66 2.14899 18.1423 -0.0580248
67 19.6732 25.1565 2.29459
68 38.6797 7.48368 2.01182
69 9.21069 36.5449 -4.08986
70 12.4957 0.477507 -0.374436
71 15.5236 15.5683 2.32461
72 8.41192 10.6147 -2.03474
73 20.452 33.9316 1.60836
74 10.6272 3.45039 -3.02024
75 25.1705 34.6445 -1.0028
76 32.169 3.35295 0.988345
77 11.9117 28.8426 -1.00083
78 0.456442 27.4165 -1.74874
79 5.91886 1.51911 0.614548
80 36.6301 16.0899 -1.6505
81 12.2808 37.3889 -0.268171
82 18.7263 14.6576 0.276963
83 15.369 31.4694 0.730035
84 23.5599 6.5435 -2.42287
85 1.59548 17.4215 -0.782046
86 18.8573 13.2693 -2.0341
87 24.6109 34.8078 0.76771
88 13.5326 3.70375 1.87207
89 9.10714 2.25338 -2.1921
90 38.076 27.2288 1.40696
91 24.847 12.7388 -2.70146
92 16.3243 27.8202 3.04251
93 11.8274 0.734207 2.79838
94 15.0977 26.8191 -3.04798
95 18.2313 3.5744 1.2546
96 9.37271 39.0445 -0.956764
97 24.1005 0.0397391 2.16934
98 4.24801 20.6989 3.86219
99 14.145 4.31832 -2.50991
100 36.6873 19.4134 -0.374312
101 12.9691 20.0676 1.5071
102 26.6878 39.0385 1.45456
103 16.4126 2.67819 -2.64617
104 20.3388 11.9706 3.17579
105 15.9333 1.6454 3.10838
106 31.777 23.0669 -3.51294
107 16.5887 23.4119 -1.89204
108 37.1941 19.6833 0.382935
109 37.8826 28.5843 0.447436
110 38.349 28.7392 -0.772447
111 31.8129 0.849245 1.29523
112 36.0045 6.41165 2.22352
113 36.7944 34.9909 0.0500631
114 33.2623 21.7115 0.822061
115 23.8009 17.7645 2.59711
116 17.6569 33.1322 -4.51183
117 26.6715 28.7659 -0.125164
118 22.0705 1.98882 -1.00701
119 32.0865 9.67459 1.01199
120 26.0129 29.5174 2.01879
121 14.6432 20.5216 -1.12847
122 27.5089 31.5335 0.824051
123 13.0094 27.4547 -2.81277
124 16.8548 1.9006 0.733845
125 19.9542 6.43716 1.99557
126 29.5703 34.5521 0.477834
127 33.2366 7.55077 -0.116937
128 26.8016 5.29616 0.750921
129 36.6196 16.4239 -0.53958
130 21.9363 12.571 -4.25851
131 16.5779 27.1223 0.969253
132 15.145 38.217 -0.371298
133 39.6662 0.53754 2.86657
134 10.0839 35.0046 0.205374
135 15.5288 2.65854 -3.03869
136 26.6495 4.35036 -0.772498
137 30.6199 20.0328 -3.01533
138 4.49937 17.2251 -2.25894
139 15.58 34.4788 1.40678
140 27.8852 4.12315 -2.94375
141 28.986 2.25618 1.93022
142 20.1242 14.4332 -0.282374
143 19.1867 21.9949 3.34456
144 34.0696 28.7518 2.25846
145 24.5126 28.021 1.74953
146 2.72686 14.4763 0.111835
147 33.8839 28.3947 3.80204
148 31.4557 6.4861 4.34974
149 14.4044 14.5859 -0.943412
150 11.9479 25.444 -2.67496
151 27.0624 3.02385 0.0690939
152 23.2841 9.2061 0.350262
153 13.22 9.38331 1.53885
154 26.3387 39.7542 -0.824875
155 0.619352 24.1822 4.04714
156 1.68551 24.0348 2.4611
157 15.0584 3.74772 -4.20669
158 12.3035 11.4995 -3.78321
159 20.0706 33.3489 3.39393
160 9.4732 24.2686 0.484863
161 11.1721 22.8174 -0.165887
162 26.0748 27.3415 -0.39487
163 13.4892 18.058 -3.16422
164 23.0524 10.366 -1.68001
165 33.3303 6.60877 -2.98761
166 36.3031 3.69663 0.840569
167 2.7485 33.2376 1.44691
168 37.2376 26.5729 -1.31454
169 1.88575 5.52406 -1.64676
170 29.0331 36.5572 4.51162
171 19.7081 32.8137 1.29425
172 11.1529 14.4211 -3.01886
173 31.4517 35.4076 1.85599
174 26.0175 6.46988 1.70546
175 39.2071 10.8657 4.12571
176 29.1702 20.913 -0.942195
177 10.3845 3.36761 -3.01295
178 39.1581 26.3605 -0.639645
179 20.6129 13.239 -1.30401
180 19.6461 4.44756 0.985886
181 14.9696 30.0917 0.461844
182 17.6175 22.6793 1.59144
183 38.5291 19.8087 -1.72952
184 39.6216 38.8166 -0.068137
185 14.1434 11.277 0.442728
186 19.3727 39.6521 -0.441848
187 29.0374 5.23282 2.74834
188 18.1531 11.607 1.22706
189 8.0264 19.0705 -0.702768
190 26.7043 19.042 1.18301
191 12.8225 20.3846 -1.21797
192 5.87049 35.6171 -1.2723
193 22.4291 28.6879 1.14472
194 20.109 26.4892 -4.77328
195 5.16486 20.4143 0.408912
196 31.8758 3.10394 2.11616
197 11.3475 0.20983 3.03252
198 32.0036 28.238 1.44224
199 21.3353 12.9101 -4.52429
200 35.0367 36.776 1.01858
201 4.47879 15.9119 0.349445
202 13.7949 15.31 -1.83479
203 20.9762 19.9389 3.16059
204 34.162 26.9036 -3.77982
205 7.18327 30.8679 2.29505
206 7.23164 1.18552 -2.49443
207 35.7879 1.52215 1.61743
208 33.6794 20.2579 -1.86619
209 0.308446 4.71259 -2.75004
210 27.2417 28.0975 2.36387
211 29.3347 18.0612 -1.31436
212 28.131 35.9117 -1.36581
213 37.1075 38.2303 0.045375
214 30.9824 26.727 0.651934
215 7.36851 15.1347 1.96856
216 32.13 29.5226 -0.312158
217 13.8566 3.10278 0.395044
218 5.28574 15.958 0.234222
219 24.8844 39.8445 0.85485
220 13.4203 8.35556 4.26048
221 20.131 24.6447 -3.23691
222 38.6646 26.2755 -0.210156
223 11.9043 23.4741 0.703481
224 3.63174 30.6616 0.207784
225 2.12647 5.65206 -2.10155
226 25.6404 19.6262 -2.5428
227 8.71019 8.36579 0.25746
228 16.983 36.9782 2.17749
229 7.66886 27.6943 0.627197
230 28.35 32.2933 -0.209095
231 15.1837 30.2107 -1.20561
232 35.6048 33.2629 1.09212
233 30.9915 5.93931 1.36448
234 35.3033 7.45613 4.57749
235 5.77041 13.331 2.38
236 22.793 10.1495 0.751427
237 16.6439 26.338 1.27291
238 12.3741 12.3979 -1.65402
239 36.2892 8.27734 -4.55281
240 19.5316 14.7753 -0.564256
241 38.0426 25.1177 3.96364
242 29.6668 7.76359 3.2701
243 26.2196 34.8375 -3.65626
244 2.72649 4.08793 -1.30818
245 16.8659 29.8813 2.2196
246 24.859 5.52201 -2.63985
247 7.02072 0.473076 -2.3463
248 11.4884 22.8787 -1.42937
249 10.3676 0.173748 -1.75956
250 27.0131 5.951 1.01964
251 26.9248 1.5106 1.72679
252 25.6532 16.8932 -1.74443
253 36.2825 12.0538 -1.04463
254 11.2826 37.5366 -1.57018
255 30.2826 17.7742 -0.160627
256 1.07228 0.869438 4.7875
257 24.8076 16.7982 -1.04547
258 30.4117 4.96452 1.39923
259 33.4052 24.7607 0.396182
260 0.367241 5.46442 0.289871
261 32.6639 19.7115 -0.943604
262 28.4043 36.9607 3.87282
263 0.415824 23.6565 3.51386
264 13.067 12.8985 -2.22201
265 0.132249 32.7261 0.221249
266 5.38074 18.366 -0.50174
267 4.68051 17.4228 0.278796
268 17.1382 17.137 -4.23752
269 0.51505 35.3299 -2.5722
270 26.9435 13.5326 -3.70777
271 4.0126 14.8247 3.00654
272 21.5136 21.1621 -1.56295
273 38.3434 26.2217 -1.12652
274 6.92724 35.1741 -2.31873
275 9.84674 31.0622 -0.564788
276 27.7537 18.5093 1.81474
277 2.92232 22.8078 0.290132
278 2.71411 15.7282 -2.56695
279 15.8826 29.4269 1.0663
280 3.9459 31.5974 -3.63423
281 26.6055 28.3689 -0.671135
282 8.57481 17.9243 -0.329047
283 28.3252 3.46816 -0.5466
284 30.8407 13.9453 3.10539
285 8.92806 39.3925 -2.89537
286 34.0391 6.73234 -1.66606
287 16.3363 14.7744 -1.99176
288 1.3607 3.46688 -1.02886
289 6.68695 37.8674 1.6934
290 35.9217 26.2933 -1.97846
291 15.4807 5.35367 1.72661
292 28.0909 19.9706 0.488359
293 19.5367 7.25072 2.63859
294 31.3637 31.8748 -1.20197
295 16.0379 13.9159 4.63416
296 20.9461 25.9046 -3.95928
297 38.7553 28.394 0.858226
298 20.3905 2.42317 -2.41892
299 15.7824 22.3725 3.20941
300 16.4384 11.6382 -3.68935
301 25.7518 33.116 1.08397
302 26.8178 3.75129 -0.00850951
303 0.33775 14.926 1.39716
304 10.8321 30.8594 -3.12463
305 4.33787 28.8567 -2.15798
306 23.1936 19.0321 2.41711
307 13.5411 15.9609 -3.64467
308 10.603 33.1493 0.428062
309 22.1585 0.321771 -0.954532
310 11.5567 16.4083 -0.75147
311 23.6838 24.8123 0.0192875
312 1.10204 29.2737 1.20919
313 26.2633 5.88532 -1.96769
314 23.2864 39.8024 1.37965
315 37.965 34.7051 -2.27522
316 26.999 2.30183 1.60704
317 17.5935 30.6236 -4.13458
318 24.3104 33.6683 0.482579
319 5.58744 2.62439 0.231465
320 10.9963 15.3721 -2.42429
321 32.6125 8.77003 -0.785631
322 4.30456 38.8036 3.24978
323 0.306621 34.0273 -1.42344
324 24.5137 17.9383 2.35258
325 13.0951 27.841 -1.56871
326 10.1529 4.63394 -3.3524
327 11.085 33.1258 2.38668
328 13.0296 31.3394 -0.0666729
329 16.0825 21.6857 -0.271596
330 3.10538 8.13125 0.32974
331 23.9692 3.32262 0.671529
332 34.1172 2.2006 -0.265552
333 31.6621 23.8601 -0.619001
334 9.40833 8.86329 0.138512
335 4.87617 36.152 -2.56405
336 23.6642 3.58062 -2.74391
337 11.0223 23.5421 1.66269
338 23.641 27.6872 1.44663
339 0.314107 33.1263 -0.635652
340 19.7546 11.4315 4.9765
341 39.9101 27.3878 1.52669
342 19.8383 9.31475 -1.33589
343 4.24558 14.6748 2.01376
344 16.3406 6.0597 1.69347
345 1.40222 34.0206 0.0815848
346 14.2531 11.4635 1.46651
347 9.17846 35.9294 -2.71283
348 9.02768 9.49112 -2.09626
349 19.6595 22.8083 4.34212
350 9.19031 16.9042 0.945041
351 39.5678 26.5002 1.71959
352 30.608 18.7756 -3.10235
353 22.404 14.1907 -0.603477
354 38.8023 34.3071 -2.35582
355 13.6343 22.3092 1.12666
356 1.25587 32.6367 3.08795
357 11.3267 4.52717 -1.22625
358 10.6121 11.6246 2.17558
359 26.0387 25.0248 2.47486
360 37.7007 27.652 0.627058
361 24.7323 35.6954 -1.48833
362 33.1395 26.7964 -1.03904
363 30.6658 12.4334 1.3156
364 15.0299 13.1892 -3.59198
365 39.5941 36.6816 -0.755496
366 11.0941 39.9708 -1.34032
367 2.3937 1.65932 -1.73197
368 23.596 9.78541 0.735263
369 18.7512 11.1778 0.513267
370 22.7288 35.1145 0.318607
371 35.916 15.0776 -4.21801
372 20.0373 26.0182 -3.76194
373 13.335 19.1175 1.47645
374 12.5572 16.3694 -3.11751
375 7.91512 11.6324 0.0462272
376 35.3968 25.5422 -2.32524
377 30.7226 10.6963 2.04502
378 19.9842 6.26128 2.19896
379 0.820257 35.558 -1.4726
380 35.7491 39.767 2.70794
381 16.59 39.364 2.36919
382 1.71873 10.4151 1.23114
383 17.4776 21.0838 -1.88106
384 34.6507 6.46472 -0.814454
385 21.3797 30.354 0.958041
386 26.1767 13.0856 -3.58257
387 2.92061 2.75316 0.883834
388 29.5103 34.1977 -0.0496951
389 18.3686 36.1353 1.68249
390 25.3468 8.75621 4.06684
391 12.401 11.7866 -1.84629
392 21.7803 16.8349 -1.64783
393 16.8938 2.98113 -1.18053
394 31.6793 11.3535 2.05257
395 37.0225 8.49418 -3.65143
396 22.785 39.4872 1.70314
397 6.30641 19.1321 1.43288
398 25.1106 35.1996 -1.11715
399 28.3063 12.1195 1.74099
400 1.42363 4.78 -3.82126
401 30.1505 28.4091 0.364224
402 5.47635 7.47561 2.81016
403 10.2194 26.2639 -3.08709
404 21.3222 34.0812 2.09985
405 5.21424 19.9038 3.31786
406 18.8492 7.04311 2.65918
407 2.08895 8.85497 -1.26525
408 13.1874 6.50231 0.671057
409 33.4943 7.56497 -1.01507
410 22.3289 27.9797 3.30496
411 16.4656 38.8221 2.73375
412 1.51289 4.79188 -3.6312
413 0.936221 20.7806 0.566902
414 13.611 3.97465 -0.268481
415 11.2064 25.514 -1.42938
416 38.7008 32.2087 3.32842
417 5.30519 2.18655 -0.43222
418 29.4084 22.6233 -0.284459
419 29.7013 10.6667 -1.44745
420 26.8678 5.13109 -0.629582
421 4.93983 12.5533 -0.0180493
422 9.44621 13.7544 -0.598741
423 2.22543 7.81913 -0.358769
424 21.8807 15.8364 -0.0766174
425 24.424 37.5172 -0.308893
426 13.4219 11.4738 3.03313
427 24.1006 27.9698 0.938314
428 12.3369 0.902288 2.28151
429 34.6245 2.99817 0.962929
430 9.08254 13.8033 -3.04384
431 5.7612 11.6376 1.19528
432 13.2305 34.441 1.46634
433 24.9651 18.2505 1.18139
434 13.3713 23.1635 0.114243
435 37.7205 27.7279 -1.35735
436 1.16617 27.0991 0.986973
437 9.52192 1.68607 -2.49477
438 1.47365 2.64911 -0.10375
439 33.6026 20.9647 -2.85536
440 22.4315 7.89552 -0.0139868
441 20.9665 36.1697 0.199579
442 22.6702 8.25747 -0.638693
443 16.0232 24.4344 -2.04476
444 15.5543 27.8513 1.34529
445 12.4695 18.8592 -1.9503
446 23.4718 2.59355 -0.54068
447 11.8212 8.06776 1.63035
448 31.2677 19.0833 -2.31403
449 17.8429 18.8188 0.227263
450 8.11966 21.52 0.938328
451 33.0716 20.1663 0.869034
452 13.6862 3.69841 1.47412
453 5.33989 16.5232 0.279767
454 30.0391 8.88173 -3.38661
455 21.7154 0.681032 -1.05285
456 18.255 19.4673 -0.917062
457 25.5256 9.7258 -1.4046
458 20.9039 20.5462 1.68875
459 15.3712 2.07682 -2.41647
460 11.2692 0.790625 0.18923
461 13.377 2.00502 -1.62362
462 26.886 24.8367 0.262671
463 39.5625 32.5508 -0.692916
464 25.5421 36.0205 0.35314
465 30.1987 5.97543 1.0071
466 32.9371 22.2639 0.0110861
467 8.70435 33.7534 -1.23637
468 10.8992 35.0429 -1.1785
469 27.2714 39.4705 1.56527
470 8.52036 13.8453 -1.42248
471 28.1916 27.9481 1.75969
472 15.9557 5.5859 1.05207
473 17.0921 1.33954 0.955127
474 5.8868 0.14252 1.13552
475 30.297 35.5631 0.775768
476 15.722 16.2426 1.96277
477 12.3548 37.572 -0.847629
478 32.2074 24.8627 2.32937
479 38.9545 26.8869 1.50263
480 1.48776 27.1708 -0.0766389
481 32.7904 6.28837 -2.65616
482 16.4723 39.9945 -0.363487
483 7.48529 35.3401 0.623089
484 20.2509 0.969619 -3.61453
485 4.90952 1.05802 0.18024
486 9.2567 23.505 -0.601908
487 26.2415 27.2282 0.160613
488 1.27634 10.7507 0.843208
489 19.9278 3.89426 1.29427
490 36.704 2.45973 0.960013
491 19.0299 12.3564 -1.95192
492 18.9016 37.1718 2.76698
493 39.8228 31.4887 2.71114
494 7.43451 19.4126 -0.941944
495 34.955 7.274 2.34783
496 22.5391 36.0299 1.5088
497 16.321 32.5463 2.77351
498 20.0577 9.84185 -3.42479
499 7.77282 17.2326 1.55849
500 10.682 6.60965 1.61593
501 35.7871 6.1139 0.820996
502 8.68203 1.82825 -1.29479
503 24.5612 27.5889 2.05686
504 3.46422 2.92576 -0.632914
505 11.8626 4.9208 -1.56202
506 25.8253 26.5065 0.6471
507 21.1714 12.8458 -2.84819
508 7.52501 30.2317 3.96099
509 20.5724 38.6676 0.440025
510 0.78929 6.50947 -1.36514
511 23.8143 34.1587 -1.59705
512 36.5181 25.5732 0.752476
513 13.8575 23.8216 2.29921
514 6.19838 37.3018 0.665763
515 13.6083 16.3458 -3.36744
516 17.4122 36.0569 2.58523
517 14.046 18.3721 -1.56102
518 39.5409 38.6997 -0.790763
519 20.499 23.7782 0.486274
520 6.78668 11.8206 0.182107
521 4.20737 0.511974 -0.710494
522 30.1343 21.9915 1.3603
523 13.2711 16.7183 -3.35496
524 14.854 24.8877 -0.25123
525 13.1587 12.7614 -4.23233
526 16.3731 27.7542 0.398567
527 10.5898 11.0185 1.94364
528 21.4258 4.43754 2.66248
529 31.1609 35.1015 0.112329
530 30.8477 18.7439 -2.03796
531 22.8902 37.5115 -1.45757
532 20.8636 0.870454 -2.7933
533 37.6838 36.1507 -2.89846
534 6.32489 29.8449 2.59085
535 26.6129 6.03658 -1.72177
536 34.663 11.4503 -0.419726
537 6.36102 23.3692 -1.21596
538 19.255 39.4818 2.02036
539 19.295 14.3521 0.135658
540 35.5877 22.1358 0.152391
541 20.0496 25.7983 -3.6226
542 29.8143 34.1938 -1.13939
543 7.39259 18.6839 -2.65681
544 34.6218 28.6882 3.36946
545 0.757244 20.7562 1.14129
546 32.5799 3.4495 2.81191
547 4.70595 11.6344 3.1605
548 36.0777 34.9699 2.5333
549 2.33962 26.0729 -0.170429
550 37.208 27.0131 -0.934598
551 39.9526 9.80144 1.41651
552 15.1257 1.52101 -1.10795
553 14.6898 29.9432 1.48663
554 15.2218 6.15886 1.72235
555 33.9277 8.76095 -1.44313
556 1.43452 17.3845 0.237996
557 14.54 14.3287 3.92504
558 29.7944 2.23503 1.95221
559 32.2052 33.12 -1.5594
560 39.4166 23.6229 2.76069
561 2.29296 32.5224 0.875418
562 9.4239 25.4869 0.858329
563 5.96985 9.31123 2.2101
564 4.95729 24.9367 1.13935
565 8.96793 23.1171 0.920983
566 15.4276 0.958647 -0.0371907
567 33.8763 18.6747 -1.11147
568 2.02083 8.82364 -0.180495
569 29.0396 30.0502 0.808157
570 6.85482 30.1217 2.76557
571 16.2042 10.8349 1.07992
572 30.7648 22.9873 -3.50696
573 19.6983 32.7658 4.01143
574 9.0031 27.362 -4.36539
575 6.94919 13.671 1.40377
576 5.02319 5.09676 -1.42115
577 19.791 0.304945 1.66253
578 12.2205 34.7568 -0.841375
579 11.8236 16.9895 -0.841093
580 7.38746 27.607 0.878185
581 4.20829 29.2023 -0.986598
582 15.5078 22.6982 0.991489
583 20.4679 27.9161 -1.15955
584 5.81673 8.55878 2.28042
585 2.95094 22.6017 0.668414
586 26.1324 28.7758 -1.035
587 28.1073 34.6634 2.0199
588 18.1759 0.575649 -0.80625
589 26.6154 11.0571 0.264066
590 8.19585 1.44999 -1.28296
591 15.9174 30.066 3.08633
592 23.0212 19.4134 1.63739
593 6.19144 20.4078 2.68723
594 8.41426 2.79667 -2.5535
595 34.5679 25.7728 -1.46034
596 1.1401 39.7718 -2.31887
597 26.1816 7.92208 -3.90852
598 39.0421 14.7968 -2.69038
599 14.0632 2.49986 -1.00248
600 1.55966 38.8829 0.49696
601 20.2446 38.8644 2.00917
602 18.1044 20.4431 -0.216755
603 24.2414 3.77665 -1.39573
604 26.984 28.253 1.62887
605 18.9013 27.259 0.81517
606 39.0083 28.8991 -3.63453
607 36.1222 11.0943 -0.725585
608 8.13982 1.9506 -0.545631
609 26.0248 12.0621 0.0488457
610 32.7306 31.834 2.35897
611 30.9767 28.3627 1.7793
612 18.7273 6.92825 1.05229
613 19.2434 8.88975 -1.23463
614 0.559104 36.0719 -1.58784
615 37.9012 3.93233 -0.876359
616 32.9799 19.4017 0.0871131
617 22.1862 30.3083 -2.67672
618 6.36284 0.571122 3.53563
619 27.2317 29.1093 0.548869
620 36.7775 2.10531 2.33035
621 28.2684 20.7656 -2.28044
622 26.4572 9.14559 -1.49251
623 14.4097 22.9981 2.4455
624 5.65818 14.0936 0.787276
625 11.5716 4.65169 0.348427
626 3.10082 0.308853 -0.724477
627 7.38251 35.7681 0.359719
628 20.0633 6.75759 3.53144
629 26.6826 6.16552 -1.08275
630 4.3876 2.79184 1.58818
631 31.9061 39.425 0.571804
632 29.8771 30.1354 -0.307861
633 8.1133 18.7289 -0.436716
634 1.43164 10.4528 -0.991346
635 30.298 27.3464 1.20131
636 16.9172 15.6732 -1.21943
637 10.5292 34.7506 -1.76231
638 25.6915 27.8138 1.83925
639 27.4503 27.0224 0.598857
640 7.26632 23.9495 -1.56358
641 35.2774 7.31367 2.76247
642 11.4026 39.0314 1.53211
643 28.3357 37.1129 3.75044
644 8.36006 35.367 -1.60706
645 3.08861 6.86848 -0.477786
646 16.8563 3.37558 -2.84453
647 14.7758 5.74663 2.20114
648 25.6424 34.945 -1.32571
649 10.214 13.3868 -3.39076
650 31.3401 22.64 -1.89731
651 31.3765 25.8479 -0.0418549
652 4.79391 29.1877 3.1716
653 8.75152 36.6526 -1.50614
654 28.2832 19.1849 0.193613
655 26.1915 29.0167 -0.159629
656 16.8768 8.59346 -0.719025
657 32.0466 10.7022 1.86204
658 5.51656 26.2751 0.3676
659 39.9524 5.86829 -1.54271
660 26.3308 19.5749 -1.40658
661 4.72619 18.3842 -0.595036
662 35.2736 37.6789 4.56077
663 1.16375 17.2574 -0.202512
664 32.5345 26.2088 -0.698103
665 37.2272 27.17 -0.429657
666 28.6429 2.61685 -1.60724
667 39.086 27.1798 0.362098
668 5.44615 36.1649 -1.01743
669 5.00881 0.335602 2.24776
670 33.5341 27.7345 4.11613
671 35.6502 37.8891 3.26444
672 20.156 39.1377 -0.53367
673 3.26474 13.6312 -1.63965
674 11.4252 22.9739 1.88753
675 25.2735 10.4368 -2.05685
676 0.863413 4.46673 -0.995356
677 5.76635 16.8614 1.45735
678 24.495 0.454575 2.76363
679 19.0324 28.4757 0.165996
680 21.8229 35.7134 0.883114
681 17.0563 33.6386 -4.28753
682 36.4796 38.4753 -1.85776
683 21.8251 29.5654 3.42304
684 8.67969 24.6055 1.06977
685 29.2443 20.1556 -1.73121
686 36.8152 31.0284 0.448023
687 24.1595 19.5969 3.07625
688 19.1721 12.6659 -1.51764
689 5.58176 4.51985 -1.59462
690 11.2925 3.29068 -2.02527
691 13.329 29.1412 -2.21413
692 25.0706 16.6058 -3.00538
693 4.23096 26.0962 -1.40485
694 24.7569 16.1172 -2.70343
695 13.8233 31.3553 -2.71503
696 16.1721 19.3986 -0.674081
697 22.8276 38.9659 -0.145398
698 6.03116 9.49956 -1.90521
699 36.6262 26.7641 -2.0608
700 9.32477 37.2114 -3.08707
701 14.5094 3.43123 -2.76118
702 9.29337 0.657329 -3.46507
703 2.59279 6.20612 -0.138866
704 28.6567 1.28517 -3.94458
705 7.50052 20.9517 2.38648
706 33.027 37.1024 0.706035
707 24.6652 0.566716 -2.41012
708 37.0408 18.8481 -1.14748
709 26.1216 15.3831 -2.81116
710 11.3097 39.3991 4.21552
711 37.9118 30.598 2.80725
712 26.2211 27.1216 2.62607
713 35.2417 17.3805 0.570115
714 27.5122 38.4135 1.51861
715 37.5992 25.0937 1.56272
716 19.2848 33.852 -0.846068
717 17.4422 29.605 0.506005
718 1.2493 26.191 0.121779
719 6.16583 29.3775 2.39659
720 22.9064 19.1787 1.90368
721 19.1429 33.8423 -1.52468
722 1.67766 5.26362 -2.44274
723 9.80891 35.6055 -2.93409
724 15.0982 3.71567 -3.0286
725 27.4597 38.9983 -0.0618948
726 1.85889 26.3122 -1.20788
727 10.9438 15.4009 -3.96032
728 1.31151 32.0165 -0.244104
729 14.667 4.89494 1.62527
730 21.3527 11.4199 1.52567
731 37.5164 17.4391 3.79365
732 23.5003 0.564016 1.33067
733 21.1761 33.3576 -1.95156
734 39.4611 6.79262 1.80329
735 13.8202 36.7018 -0.353214
736 24.8149 27.5829 1.09785
737 5.19993 32.4491 -2.01037
738 22.8666 10.3296 0.12129
739 13.511 15.3535 -1.08436
740 31.4455 20.8375 -3.21533
741 3.15898 27.814 -0.98058
742 11.6737 20.9704 -3.46142
743 23.9778 23.2342 -2.99538
744 31.7708 22.3887 -1.87415
745 24.1103 39.5272 -1.01581
746 23.4364 9.18218 -0.915186
747 18.5478 27.9786 -0.79948
748 14.3309 28.6659 0.375787
749 13.8349 5.33903 -1.974
750 4.51938 31.2766 -0.581141
751 38.838 33.0916 -3.4561
752 9.45297 24.6806 1.33039
753 25.3751 26.4693 2.5972
754 26.5688 27.2386 1.07957
755 36.2238 5.91835 0.503123
756 13.3653 10.5719 1.79464
757 4.41311 33.0816 4.2893
758 4.46779 15.9075 1.41286
759 14.7535 26.7951 -1.95753
760 2.98271 27.6448 0.253676
761 3.90583 15.8562 1.29802
762 20.5144 26.9611 -1.1204
763 2.71173 4.98931 -0.646968
764 11.1512 18.6625 -1.14197
765 1.84046 17.6954 1.07448
766 10.2876 10.4856 -1.1715
767 36.6036 8.16735 -3.74561
768 6.03573 24.141 -1.35922
769 12.094 35.5579 0.0957549
770 5.39156 29.8905 3.16502
771 12.1311 17.4038 -0.0239903
772 10.2098 30.3596 -0.00217533
773 33.3488 27.1985 0.554561
774 37.5355 28.6457 -0.0376516
775 14.4096 3.78258 -3.34446
776 12.071 10.2002 0.352295
777 35.2687 24.8576 -0.913168
778 33.4552 26.8452 -2.31224
779 19.377 6.39991 2.48057
780 35.469 8.06161 3.53162
781 14.8935 37.0428 0.542059
782 3.69671 8.96085 -0.709537
783 13.9564 19.7385 1.21292
784 31.035 3.06221 -1.38317
785 20.5449 19.2747 2.16591
786 6.76519 20.22 0.117717
787 39.7454 4.02091 -1.87414
788 3.04516 28.1177 -3.30109
789 4.85875 6.15873 -0.0223817
790 15.0425 30.8777 1.51832
791 8.27201 20.6107 3.73135
792 8.67024 20.4672 0.717032
793 16.9059 33.418 -3.45833
794 19.0354 27.8263 0.795758
795 3.20649 3.52763 2.59518
796 16.6235 14.2567 -4.46812
797 38.0517 37.6772 -1.63178
798 34.9336 12.1081 -0.267103
799 27.156 11.6898 2.89444
800 39.9597 13.0287 -2.9217
801 18.3227 25.6407 -2.01639
802 31.5534 28.065 -0.381906
803 13.1072 0.631978 -0.747211
804 1.78657 14.8835 -1.75852
805 1.38558 31.5181 1.46757
806 8.03598 31.1237 2.18954
807 28.423 15.2652 -1.94298
808 16.0924 29.5961 2.74109
809 28.0216 29.0495 -1.21169
810 20.1651 31.2902 -1.05263
811 38.6729 19.9495 -0.0205644
812 13.2068 1.50711 -1.48196
813 4.3424 12.5184 1.42546
814 27.4334 39.7621 0.902536
815 25.6518 20.2473 -2.83265
816 17.5559 37.0133 1.58099
817 15.1908 35.1729 3.24651
818 0.130777 4.7957 -3.34825
819 33.4636 6.53204 -0.448301
820 12.8346 0.121375 1.94823
821 14.1954 8.8715 2.90455
822 5.14401 32.7699 1.06176
823 19.62 2.31951 1.20177
824 30.8602 13.1613 0.519134
825 39.8506 4.37546 0.966003
826 2.8446 15.6749 -1.93518
827 37.8254 4.18782 -3.51863
828 17.8485 18.7178 -2.86799
829 12.7238 1.28541 2.39445
830 13.0136 15.7425 -2.27671
831 23.2316 37.7344 -2.8611
832 36.7354 38.1708 -0.326354
833 18.0196 17.9889 -4.53308
834 16.9666 5.9759 -1.33207
835 37.7275 28.6942 -2.52144
836 19.3095 30.311 -2.89099
837 28.1792 36.4193 -3.28998
838 15.5737 2.25976 -0.957469
839 13.1451 11.8297 -1.36838
840 21.7985 14.4682 -2.74894
841 25.3139 35.6115 -0.0274187
842 21.9229 36.1391 0.466822
843 20.2055 1.73622 -3.83415
844 7.7279 25.7826 0.998869
845 7.24254 33.473 -0.171371
846 4.89226 17.0811 1.46521
847 1.6102 24.9889 3.09224
848 21.0419 29.8356 2.55474
849 21.8371 17.5866 -1.9288
850 32.9302 32.4576 2.07075
851 3.17212 0.806412 -1.77182
852 31.5104 25.8335 -1.68496
853 20.756 15.945 2.47218
854 9.49429 36.7103 -2.48007
855 9.62192 36.1894 -3.36542
856 14.0976 28.818 -1.05979
857 14.3494 34.7944 3.87032
858 28.7881 32.4931 -0.521278
859 6.61389 35.4484 -2.19201
860 1.52801 17.3561 0.054326
861 6.51569 19.4683 -0.139804
862 6.70612 24.2081 1.53137
863 13.4571 11.736 1.82508
864 7.67999 8.60787 1.60107
865 19.1099 32.7859 2.86416
866 30.8486 1.73727 -4.20042
867 26.5012 27.9272 2.78423
868 36.7221 33.7105 -2.39729
869 36.1537 19.4438 1.67061
870 38.1496 4.88446 -2.37213
871 12.1996 23.4386 0.662353
872 33.4782 15.398 -0.787082
873 6.16133 19.3544 3.60723
874 21.868 13.74 -2.73928
875 29.4 4.1658 3.80343
876 23.9196 28.3902 2.25854
877 4.07872 14.5072 2.49884
878 37.5955 4.55638 -2.42629
879 13.8203 36.5758 1.07348
880 30.7226 24.738 0.843796
881 11.7162 21.6569 -3.0489
882 26.3362 6.72305 -0.880805
883 36.8073 25.8855 -1.20788
884 31.6775 12.5014 1.40139
885 13.0971 6.83626 -0.667692
886 16.6908 21.5315 2.48428
887 7.12225 23.7932 1.45496
888 27.8749 34.2359 0.93993
889 38.9494 8.84112 -0.172619
890 14.1379 8.87235 4.51782
891 23.1004 29.8568 -2.40629
892 25.3971 15.0986 -2.25649
893 33.7323 20.1023 -2.76404
894 25.0714 28.0137 1.7456
895 33.234 9.31251 0.214359
896 15.7986 1.9159 -0.892776
897 2.84119 17.5453 0.219363
898 23.3022 19.7264 3.91089
899 14.3161 26.0385 1.53991
900 14.579 38.2503 0.823265
901 0.590579 0.163242 4.40975
902 39.41 31.7213 3.99437
903 21.18 38.8159 1.84105
904 17.9103 37.7095 0.216371
905 34.4121 37.0995 2.26003
906 20.0557 7.37599 2.47484
907 15.3059 23.9127 -2.1898
908 26.2799 5.52219 1.0096
909 9.74528 35.8845 -1.6119
910 8.15775 22.8001 0.826864
911 34.4116 38.8124 2.14439
912 25.6078 21.1028 -1.85139
913 32.2987 33.3632 -3.17038
914 37.7203 19.9446 -2.86801
915 37.6024 38.4767 -0.915407
916 38.6684 14.5304 -2.60844
917 14.095 26.2189 2.41505
918 31.3725 5.81182 3.81652
919 19.5268 32.2492 3.65835
920 39.6128 21.1304 -2.94928
921 32.865 19.0426 -3.02842
922 22.8393 14.9644 -1.53508
923 7.58271 24.5301 0.431468
924 34.0762 23.1751 3.53602
925 15.3344 16.0808 4.58734
926 15.3665 8.70772 0.208591
927 37.9138 29.4312 -3.14859
928 31.7764 0.456472 4.07541
929 9.84468 26.7786 -2.8772
930 7.06852 5.80229 0.787789
931 14.6864 26.7978 -2.682
932 32.9228 21.1838 -1.38364
933 21.5085 39.639 0.200667
934 27.0946 15.4818 -2.35195
935 9.92733 6.96826 2.19977
936 18.4469 22.1785 2.86805
937 14.7692 4.14113 -2.36843
938 13.2731 19.4978 3.36764
939 9.56112 2.82222 -0.296296
940 11.4907 19.6571 -1.36612
941 34.7906 23.5403 3.4017
942 6.37087 20.6716 1.50302
943 10.4213 3.59116 -2.49939
944 15.25 5.34074 1.32852
945 6.11593 11.7717 -2.18687
946 13.2685 15.7286 -1.55226
947 7.56367 10.0903 0.711809
948 20.3997 1.8689 1.61471
949 7.55406 11.4857 -1.36984
950 13.0645 29.2678 0.569562
951 12.7342 5.59005 1.64612
952 11.0724 21.1415 -0.00725244
953 36.3288 24.2717 -1.06053
954 12.5513 28.5987 -1.72884
955 8.18182 0.123718 -2.3376
956 20.4999 14.0685 0.227415
957 35.7678 18.477 0.475272
958 0.660195 5.8549 -0.757491
959 34.9462 18.7006 -0.20088
960 14.763 28.1946 -0.0298762
961 1.025 29.4187 2.65424
962 15.2799 30.6172 0.940373
963 9.37193 35.9797 -3.76607
964 1.30329 9.98926 -0.442269
965 38.9248 29.214 -0.14985
966 12.1831 13.5824 0.574853
967 17.2098 35.3653 -0.357223
968 0.0671655 14.722 -1.91131
969 18.8088 2.82838 -1.84756
970 15.7158 38.8198 0.312792
971 13.8057 20.2244 2.27904
972 17.0604 22.3374 0.792308
973 39.6248 16.6378 -2.26421
974 39.9502 27.3963 1.19519
975 13.6861 23.3108 0.73696
976 6.82791 16.8841 2.31693
977 5.37082 3.233 0.852434
978 8.73496 35.3343 -3.81624
979 9.76718 1.65563 -2.54854
980 34.986 5.14813 0.752355
981 7.45777 23.9854 -0.53261
982 39.4408 38.6398 -1.83985
983 33.9525 19.3442 -0.0988372
984 12.512 27.7078 -1.6762
985 3.24084 28.5886 -2.11328
986 18.512 24.7276 -1.49712
987 10.7601 10.3267 1.31923
988 10.652 20.0342 0.878034
989 24.2263 33.8682 -0.728976
990 21.2355 24.275 -1.72211
991 11.3473 16.1015 -3.0557
992 12.0499 3.19792 -2.96345
993 17.3185 7.5668 -2.71099
994 22.1558 19.3356 4.65185
995 23.0872 8.41497 -1.33692
996 2.18372 17.1907 -0.705041
997 4.39262 16.5541 2.32904
998 39.3075 29.0202 -0.779329
999 36.5326 4.77061 -0.761159
