1000
Particles
0 36.9981 5.94045 -2.67161
1 34.5043 18.0333 -1.16686
2 19.612 38.2446 0.445765
3 8.88466 35.3534 3.09485
4 12.4234 16.841 -0.120098
5 24.8203 37.649 2.86426
6 32.1558 2.31457 4.87321
7 34.7191 15.2998 0.909015
8 5.46119 32.4614 -1.35029
9 30.8195 23.637 -3.76312
10 28.7201 29.5017 1.88539
11 35.878 34.6638 2.88093
12 1.50097 27.0086 -1.48419
13 3.83097 7.26763 -1.58
14 29.6676 18.4627 -0.300676
15 25.9329 29.5405 1.22072
16 26.4547 38.768 3.81674
17 33.1882 12.7721 -4.50857
18 2.48319 16.544 1.51499
19 13.8509 20.1633 4.32161
20 8.15825 15.5279 3.728
21 0.0591653 2.83637 -0.239268
22 0.426379 28.2258 -3.20263
23 39.2049 17.9583 -0.907787
24 28.9248 14.2961 1.74978
25 37.706 32.6463 -2.62114
26 20.6857 28.966 0.245383
27 16.4522 16.989 -4.18688
28 2.53508 1.68457 0.423384
29 33.7442 5.38814 -2.91206
30 7.41383 26.1251 0.0588479
31 9.99351 15.425 2.40799
32 15.2729 13.4635 0.362854
33 3.87111 35.2573 -2.30492
34 19.2934 13.4513 -0.663357
35 17.9857 0.716074 -3.54819
36 13.6157 6.32781 -0.250729
37 1.90386 23.7563 2.28789
38 18.7349 39.4018 1.72156
39 34.9023 17.158 3.94066
40 35.1871 36.0058 -0.365132
41 16.3381 12.8269 1.91425
42 28.5195 23.1117 0.221088
43 23.2982 29.9491 2.44117
44 19.7342 20.5722 3.46227
45 2.76544 25.298 1.52902
46 2.50277 3.72902 1.99318
47 37.8141 7.47363 0.0657705
48 1.80687 30.1972 -0.893913
49 10.0758 32.273 -0.794148
50 35.6325 35.6077 2.60724
51 15.8639 8.04097 -3.83536
52 31.3854 39.5331 2.62296
53 17.463 9.08679 -2.42531
54 31.0379 26.4451 0.675848
55 36.9614 17.0221 1.9207
56 30.3455 10.9069 -1.1446
57 36.67 35.5527 1.96415
58 38.7525 9.17388 -2.53429
59 6.96645 33.207 2.90487
60 4.0648 22.4491 -0.462898
61 18.305 24.5662 -4.54207
62 33.7693 3.69427 -1.62625
63 6.93786 19.6908 -1.04901
64 1.22093 23.2498 -3.13965
65 16.183 2.21294 0.600883
66 4.91682 21.3792 -0.768281
67 29.7886 15.4319 1.14131
68 9.46957 2.65266 2.25682
69 17.5526 7.27137 -3.72713
70 6.64741 33.7032 3.04045
71 4.43333 11.0937 -1.67837
72 6.1747 16.8033 -1.5763
73 20.977 21.8752 3.83194
74 11.9898 0.223505 -1.65178
75 2.03869 0.365596 -1.98982
76 18.8719 6.15013 1.00146
77 19.0053 19.3518 1.00238
78 30.2119 23.1909 0.24261
79 26.337 36.9117 1.93601
80 32.0571 4.5804 3.0812
81 9.28005 22.4072 3.14327
82 10.0615 8.27399 -0.303785
83 13.8376 20.1743 3.18591
84 27.8606 14.7889 -0.365686
85 39.9928 9.32307 -1.65368
86 19.0471 5.1357 1.31944
87 22.4064 1.93197 1.1028
88 4.21721 2.57743 -1.133
89 10.1525 28.3341 -2.07526
90 34.747 32.9859 -2.61897
91 20.4231 13.7172 -2.12118
92 21.0606 14.3396 -3.17937
93 17.7889 9.30155 -3.5611
94 9.29863 11.8785 1.78139
95 17.8704 2.07237 2.00687
96 18.0446 28.9328 -0.60682
97 24.5199 31.8614 -2.12544
98 1.02452 29.5754 1.37401
99 10.0469 32.0026 0.137507
100 25.5409 1.26748 2.03474
101 16.0179 22.4815 -2.91731
102 25.6914 36.5867 3.82917
103 13.7384 5.62591 -1.36035
104 31.7038 6.40219 -1.67565
105 20.6068 28.9351 -0.210686
106 39.789 7.91929 -0.11653
107 16.568 24.6137 -2.13677
108 20.9668 12.5232 -0.552318
109 35.3356 30.7515 -2.14275
110 7.44837 32.6882 1.31373
111 13.0637 32.3393 2.72017
112 32.8185 37.7335 -2.35555
113 36.6469 16.0389 0.505378
114 9.38023 26.8281 -2.76446
115 35.7398 21.5541 -4.39796
116 27.4101 24.4115 2.78019
117 23.3849 30.0371 1.08949
118 18.6089 35.4447 -1.88865
119 36.928 20.5859 1.39184
120 1.57354 31.4274 -2.24245
121 20.3135 16.8003 -0.399821
122 28.9084 9.59256 -2.88685
123 4.13279 18.9659 -1.9511
124 14.1619 6.31912 -1.04596
125 21.7263 38.2067 3.8638
126 20.7255 19.3977 0.543352
127 39.9322 1.63259 -1.23064
128 31.5718 11.53 3.57719
129 6.3256 9.21549 -1.67604
130 30.8256 8.84935 2.7062
131 34.953 26.326 -1.92089
132 13.1783 34.54 1.66891
133 25.8043 31.4362 -0.228229
134 12.3073 33.9709 1.55791
135 23.4288 3.15167 -3.14147
136 27.8377 6.21238 -2.89812
137 35.7806 35.867 0.172551
138 8.14464 15.1617 1.19723
139 9.67771 5.25425 -2.03199
140 17.5053 34.7482 0.927019
141 38.5322 36.0136 -1.04936
142 27.2223 0.966875 1.22853
143 21.6208 26.7206 1.01104
144 1.20894 25.9135 0.694157
145 29.0362 26.8047 1.59852
146 1.12004 2.68967 0.150907
147 37.4989 38.8814 -0.246479
148 38.4489 4.03325 3.07412
149 20.2525 26.734 1.9263
150 7.16758 13.7206 0.750885
151 38.7843 2.48154 2.4024
152 16.2389 17.8999 2.77325
153 23.0683 5.58521 -1.22664
154 27.4573 30.3662 2.16095
155 28.6036 34.3373 -0.540644
156 37.0336 29.4164 -2.62634
157 27.2038 18.0102 2.08714
158 21.3704 33.8626 0.0792752
159 16.8293 27.2843 0.468972
160 6.15502 21.6314 -2.92717
161 7.31122 15.4702 1.42041
162 26.7061 37.5957 1.4285
163 9.69593 5.26068 -1.67135
164 11.8121 1.83028 -3.26237
165 20.2844 4.25803 0.181232
166 36.1751 1.49749 1.1303
167 13.4038 5.01639 -0.933581
168 35.8909 24.461 0.510112
169 2.42985 30.0973 -4.27266
170 38.5161 36.3383 -2.43569
171 11.5678 33.4965 4.73573
172 38.669 22.0873 0.593788
173 15.5994 24.656 -3.35992
174 9.94924 35.9806 -3.03452
175 3.96432 16.5059 0.112605
176 25.0914 27.1575 0.272774
177 17.7076 7.95454 -2.96174
178 19.9181 15.7509 -4.12461
179 23.8802 2.58356 -3.4944
180 12.5674 15.4225 -1.55467
181 36.0327 27.9822 0.339651
182 19.9215 10.1265 1.83615
183 1.00243 18.0894 1.33965
184 24.6717 35.2242 0.540403
185 9.01205 9.88383 -0.0220857
186 36.7525 10.1515 -0.409438
187 6.67855 38.1429 0.305344
188 21.0819 15.4702 -0.598886
189 5.92835 21.6567 -1.52141
190 26.5439 20.9573 -2.12262
191 15.7485 32.1457 0.113929
192 31.4876 10.7223 4.97288
193 28.0716 23.992 -0.390244
194 5.89748 32.3581 1.06362
195 21.7259 16.7202 0.208475
196 26.1018 37.6221 0.499044
197 14.9392 4.84826 -0.20073
198 34.416 11.0754 -0.853927
199 19.256 6.91682 1.10408
200 2.00992 2.65886 0.214296
201 34.8329 15.0769 2.48004
202 19.4203 17.8824 3.08385
203 23.3425 10.886 0.529266
204 35.2124 37.0202 -0.795825
205 6.95781 30.2504 -3.46786
206 4.60105 2.98419 -1.78052
207 0.894635 31.5736 0.693153
208 32.2175 29.6751 -0.159378
209 15.7949 27.0311 -0.16616
210 8.11824 22.3372 3.86373
211 35.3412 27.0635 -0.484898
212 2.58397 30.1076 -2.68833
213 2.76352 6.1282 -1.02731
214 2.18593 16.7 1.86884
215 0.207883 15.2357 2.82756
216 31.3718 27.0457 -0.33688
217 12.8329 6.0898 -3.34379
218 25.9206 19.4707 -0.682301
219 20.3319 11.0794 -0.490375
220 16.4436 8.6437 -1.54279
221 28.6979 14.0374 3.95707
222 34.266 21.9262 4.17364
223 17.9494 39.6604 -1.10693
224 18.4154 34.6406 -2.92759
225 30.3472 11.0218 -2.32415
226 5.85111 21.3531 -2.51861
227 5.40982 34.5745 2.70804
228 25.7958 9.04663 -3.23904
229 35.3963 16.9621 3.93333
230 29.2579 8.41739 -1.9827
231 18.4922 18.7859 3.56349
232 28.367 14.8513 -0.574333
233 38.3292 7.87213 -1.11874
234 5.87817 34.229 1.70628
235 3.11784 7.64267 -3.2463
236 6.1715 35.4921 -2.38664
237 12.6554 25.1629 -0.496453
238 18.5008 17.6529 1.82494
239 37.1209 13.544 1.42846
240 22.9974 27.6744 0.795656
241 15.326 27.3209 0.891813
242 2.15239 3.1056 2.38339
243 24.475 2.30087 -1.34172
244 1.98029 12.5552 -1.39295
245 18.0752 4.93825 1.46726
246 25.1491 12.2521 -0.505457
247 36.1904 6.36176 -0.238808
248 4.2742 23.2403 1.92526
249 16.4228 32.2538 3.02952
250 6.23269 2.07046 0.386944
251 32.1578 2.2532 1.60609
252 27.8335 11.6453 -2.51576
253 19.2372 11.3802 0.729862
254 0.995319 23.8117 -3.47907
255 33.2544 23.4303 0.2051
256 1.94923 5.47734 -1.15407
257 29.4921 12.9324 2.74581
258 29.5297 36.2967 0.136003
259 30.9334 14.1713 0.922257
260 4.51869 4.0108 -2.95231
261 0.343473 16.6781 0.240604
262 29.7895 26.4497 -1.19024
263 10.2919 5.03926 -1.41555
264 3.53608 34.9241 -1.79882
265 2.66294 9.20456 -1.06413
266 1.69345 2.75212 2.98782
267 9.13058 25.8072 1.25197
268 2.34068 24.7847 0.466762
269 19.4642 36.5849 0.890398
270 0.882977 9.78973 -2.25433
271 23.6919 10.4152 -2.12205
272 19.8078 11.749 -0.875325
273 35.5416 34.6115 0.84434
274 10.8835 5.67939 -1.44432
275 3.67424 15.8639 -1.37025
276 35.032 29.8426 -2.34657
277 9.04852 26.9922 -1.35427
278 7.87988 0.19294 -2.36618
279 3.5909 16.1308 0.270698
280 37.0045 29.5029 -2.35555
281 30.9078 17.8944 -1.11457
282 17.0895 17.2249 -4.45027
283 27.7626 39.7435 1.09109
284 33.7709 27.0339 2.9342
285 39.6815 36.1574 3.76193
286 31.9889 5.05767 -0.49043
287 9.20593 12.3106 0.662344
288 9.14685 33.7285 -3.24052
289 16.326 35.8341 0.436412
290 32.045 23.5773 0.0841824
291 16.3069 20.6028 -3.45558
292 0.0731545 28.8023 3.80469
293 8.95303 4.27583 -1.56008
294 20.9033 30.0034 0.18028
295 15.3791 15.7147 0.801584
296 37.9746 26.92 -2.48842
297 2.66689 25.2845 2.17371
298 26.0954 20.0602 -1.05473
299 17.9621 33.1525 0.66619
300 29.6631 7.60523 2.79454
301 34.7448 22.7196 4.06239
302 11.8791 34.665 -0.989837
303 7.56694 32.9105 3.86577
304 17.0281 25.0702 -2.06002
305 4.54387 20.1367 -1.96686
306 25.1234 8.59409 1.40709
307 8.19443 19.2768 -2.02816
308 5.22258 15.7326 -2.43619
309 10.8707 2.61487 0.0809134
310 18.4573 21.9377 0.00575468
311 24.9213 2.8081 -1.60039
312 35.1676 4.01507 -3.01207
313 36.7293 0.00351839 1.11194
314 22.1398 39.1992 1.66343
315 2.19011 28.495 -1.77928
316 30.9935 39.775 4.80489
317 34.8187 35.3842 1.61459
318 28.3783 27.4654 -2.8489
319 6.36063 36.4204 -2.96108
320 4.37729 20.9462 1.60175
321 32.3171 5.85272 -0.0578495
322 9.17732 33.2668 -3.05931
323 16.8825 33.137 -1.81028
324 29.9243 19.1157 0.487181
325 4.35058 22.631 -0.622963
326 32.0322 34.1748 -1.87214
327 11.8074 2.93821 -4.00586
328 13.8575 30.8814 0.87778
329 37.5756 10.5388 3.3916
330 3.49648 3.68762 4.21055
331 19.0155 29.3653 0.581014
332 29.0199 11.4306 -1.16084
333 28.8773 16.3873 3.39653
334 9.1399 15.3377 0.574959
335 8.12113 37.0492 1.77914
336 22.9492 4.46281 -1.03618
337 4.84497 13.4806 -4.33903
338 9.74258 26.0533 -0.482645
339 37.5924 37.0148 0.65128
340 11.4276 20.2874 0.994575
341 35.5968 33.5111 0.480944
342 11.3487 16.4172 -0.762861
343 10.9572 15.8895 -2.12392
344 9.93673 34.7541 -1.49256
345 34.8867 28.3664 -0.667533
346 13.4797 9.59421 2.20559
347 4.97743 31.7592 1.46525
348 14.504 17.452 2.13261
349 19.285 20.0582 1.23063
350 10.1757 11.0026 0.820674
351 9.21006 24.8979 -0.752828
352 27.1437 22.6302 -4.7248
353 22.9028 1.21835 1.95351
354 34.9757 0.317398 1.20598
355 21.6239 27.3508 -0.19252
356 33.7337 33.8709 -3.85385
357 16.0794 32.6594 1.38211
358 18.6636 17.2684 3.63961
359 37.8199 34.3111 0.229559
360 30.764 27.7818 -3.28327
361 31.9535 32.0775 -1.30342
362 37.2012 29.427 0.101989
363 28.4041 4.36242 0.661208
364 4.7682 1.8749 2.26591
365 3.69497 4.21672 -3.13993
366 13.5384 2.86713 2.576
367 21.5092 30.7777 -0.231877
368 22.0509 5.33777 0.371617
369 15.5013 27.4596 0.0374679
370 29.0192 25.9204 0.91491
371 26.6764 22.9536 -3.28617
372 28.2127 31.2598 2.48042
373 8.91495 15.0563 1.44879
374 15.3434 20.1083 2.1357
375 17.5563 7.6823 -4.2439
376 2.33931 31.2913 0.0769309
377 3.79965 12.8698 -3.56452
378 18.1073 8.19744 -1.99397
379 26.7754 5.25665 2.49345
380 2.48912 26.4538 -1.3798
381 6.51395 32.7601 1.78061
382 32.1102 24.1092 -3.08874
383 16.8155 35.3291 -0.712468
384 15.1768 39.181 0.343572
385 24.9724 15.8866 -2.65
386 17.8046 9.79462 -3.00793
387 12.7279 5.90696 -1.36379
388 27.9749 22.9757 1.29626
389 10.843 34.2305 -2.7107
390 29.5864 24.448 -2.76946
391 16.281 17.6501 4.74257
392 22.0891 24.0407 -2.73999
393 30.8729 17.0208 -1.88324
394 1.06169 2.37715 -1.59719
395 32.2635 13.2848 3.26477
396 6.374 3.8582 -0.18778
397 6.588 34.5899 -1.48959
398 1.82157 26.7987 -0.832842
399 38.2772 13.1021 2.23034
400 1.47979 1.18824 1.70266
401 24.8828 1.75632 -0.594726
402 34.957 9.28471 -0.836466
403 2.6999 22.9425 3.65475
404 1.31133 30.1429 0.448007
405 2.41531 24.7303 1.58427
406 25.9567 4.17551 0.144656
407 33.3517 39.8994 -2.79484
408 9.10553 12.4347 1.36982
409 14.309 6.72751 -1.34244
410 30.9398 19.8206 0.875535
411 18.6742 27.7026 1.53598
412 38.2134 7.06766 0.32451
413 15.7975 13.3067 -0.174831
414 6.60381 14.0501 1.4106
415 16.3497 28.2717 1.16923
416 25.4105 38.7983 1.55168
417 6.07447 37.918 2.63332
418 30.0573 24.0056 -2.86135
419 25.6469 14.9048 -0.721569
420 16.9032 32.5674 0.640206
421 39.6831 18.387 0.83957
422 15.5348 9.26926 -1.14334
423 22.9547 9.64943 0.172694
424 22.6095 27.8718 1.1895
425 20.1449 1.11152 -1.31148
426 4.64644 22.4915 -0.167079
427 20.4064 22.2818 2.74383
428 36.7059 7.571 -1.32514
429 39.4966 9.79579 -1.74592
430 22.5893 13.9075 -1.89819
431 5.74941 7.76916 0.0833479
432 18.7439 35.4561 -1.32277
433 30.5575 21.2899 -0.371541
434 2.01362 28.6134 -1.44284
435 20.9412 1.22945 3.50966
436 5.32432 22.231 -2.35794
437 14.853 30.1788 -0.206159
438 14.9057 21.0271 1.62046
439 35.1091 23.7808 -2.85363
440 21.5823 2.61626 1.39418
441 0.96294 2.46399 -1.90132
442 13.0981 31.2539 0.107043
443 20.5375 14.0832 -2.04996
444 8.83272 7.54401 1.26951
445 3.00864 25.8611 1.05528
446 16.6006 13.3897 1.00472
447 4.29169 6.68253 1.96131
448 35.2058 32.9605 -0.171609
449 8.67498 21.8303 1.52496
450 14.0317 16.5799 2.81507
451 39.3977 7.72773 -0.192474
452 22.2343 19.444 -0.239214
453 7.22304 33.4068 1.53806
454 2.85637 6.82818 -0.369111
455 32.2449 2.42689 1.83462
456 21.4069 11.9483 -1.28362
457 25.0916 16.7897 -1.2204
458 34.4411 14.2969 3.94364
459 8.55341 10.8082 0.375404
460 11.3986 38.9882 0.880487
461 6.93522 30.3526 -2.82248
462 23.1379 10.263 1.37301
463 2.51683 32.7337 0.154731
464 30.6675 16.5044 -0.199175
465 33.7758 16.8061 -1.15419
466 39.2097 24.974 -0.563362
467 35.4799 35.2843 -0.701672
468 26.4936 30.7154 -0.333343
469 13.9526 26.4185 1.84913
470 15.9021 19.7495 0.505719
471 2.3353 12.9143 -3.57238
472 7.53968 13.461 -0.709836
473 17.6906 8.6677 -3.71046
474 4.42924 30.5111 2.65794
475 33.2028 8.31515 1.99875
476 24.6006 33.3074 0.111349
477 9.3654 33.8181 -2.46843
478 33.6175 15.4882 4.47787
479 3.72168 33.3557 0.732369
480 32.4042 17.4946 1.44273
481 18.7922 32.9049 -0.61126
482 3.24689 32.6569 2.34515
483 4.6569 31.8272 -1.52671
484 15.5591 28.3714 0.769547
485 6.88928 37.4364 -1.41385
486 17.3779 25.0459 -3.14508
487 33.1438 26.6188 0.909113
488 38.7857 4.4736 1.32389
489 20.562 5.68696 2.43085
490 12.2253 16.1789 0.815051
491 18.0859 11.3975 0.101925
492 22.2811 5.43803 0.712501
493 2.21751 26.6802 -0.0770223
494 6.3817 13.4694 2.43184
495 29.1974 12.8094 0.574154
496 32.9952 20.0831 0.160367
497 6.24394 30.6167 0.348737
498 27.0578 14.4865 -0.86993
499 7.44687 12.2272 -0.614007
500 9.0247 12.2059 3.71227
501 32.3878 18.9078 2.2298
502 7.63824 2.91394 1.21393
503 11.0229 16.6879 -1.5601
504 36.269 27.3674 -1.02335
505 0.785836 7.92565 2.38497
506 30.2325 24.3596 -1.46905
507 27.1533 11.1387 0.552464
508 36.2282 36.2254 -2.3029
509 33.153 38.2494 -2.90461
510 36.1254 38.9677 -0.232668
511 27.8539 2.86669 1.40284
512 36.0213 32.254 2.70628
513 21.4713 31.7272 -2.03289
514 13.8805 27.8141 -0.648378
515 21.1494 14.2934 -3.63273
516 30.928 37.5023 -0.448882
517 13.4464 5.69411 -0.661327
518 28.7634 16.459 2.92916
519 16.4112 13.557 0.733469
520 34.1831 39.8495 -1.12155
521 30.6429 34.5193 0.217805
522 15.5148 22.2889 0.219551
523 8.37957 16.3798 0.697673
524 39.8014 28.9101 3.28876
525 7.96443 16.8685 3.9468
526 3.7313 18.9547 -1.03694
527 20.4467 13.5753 -2.66637
528 19.9161 6.34651 1.04273
529 31.3478 36.7059 -1.4572
530 5.73261 8.22139 1.6916
531 28.8154 11.3602 -1.81264
532 15.0494 34.0005 0.923622
533 20.396 24.1797 -2.92967
534 20.0666 22.7334 2.52987
535 7.38035 4.36303 1.38627
536 34.1825 13.6424 3.59151
537 35.7943 14.6295 -2.64212
538 36.3509 35.6513 1.76582
539 1.32361 2.79613 -1.87072
540 32.3521 17.7261 1.47121
541 28.3153 18.1289 2.23939
542 39.3235 28.7875 3.48511
543 9.22275 15.3261 2.06878
544 5.23037 35.148 1.85805
545 14.7282 26.3014 2.13531
546 38.3356 35.4655 -2.10623
547 3.67828 14.3268 0.54876
548 36.9599 3.98201 2.10799
549 4.78273 25.9364 -0.84356
550 3.36505 31.1952 -0.933795
551 17.3568 24.6227 -4.35661
552 34.6111 13.7091 2.60635
553 20.1529 28.4939 1.54877
554 18.9903 14.0328 -0.371503
555 27.7749 13.7722 4.10774
556 28.4101 19.1159 2.64718
557 2.55876 26.1014 -0.0782105
558 28.1527 5.25247 0.22114
559 24.8568 31.4161 -1.03908
560 31.016 12.8152 -3.59664
561 13.711 29.4322 3.35013
562 1.98086 28.6679 -2.80284
563 0.903565 18.8572 -3.15633
564 16.8871 19.5754 -2.27515
565 39.2763 15.5041 3.05508
566 14.9574 38.2193 -0.614201
567 21.6905 13.3602 -0.385567
568 38.6305 9.54271 -0.240816
569 5.63764 16.2778 -0.824642
570 4.73656 21.8754 -1.17778
571 29.7961 14.0256 4.13498
572 1.19642 37.0743 -1.51861
573 14.1728 38.4694 -0.755584
574 8.16305 20.8815 -0.905335
575 29.5428 17.7519 2.47377
576 4.22389 3.01645 -0.85246
577 23.6438 29.9092 3.71514
578 39.5179 36.4529 1.79683
579 6.16889 5.06761 -2.00081
580 11.2939 3.76819 -0.516129
581 3.20841 32.585 1.89767
582 21.062 26.7416 1.13014
583 22.7573 37.5703 -0.723559
584 37.0267 13.6464 2.52873
585 8.22093 11.3578 2.45468
586 28.693 18.2693 0.565296
587 30.8037 35.5871 -0.285737
588 19.8497 36.6458 0.956369
589 16.861 27.7862 -0.384817
590 6.60037 5.71459 -2.38943
591 3.11006 31.195 -0.75847
592 31.3393 32.3316 1.02043
593 20.2867 31.7912 0.715888
594 12.1218 4.00014 0.301689
595 19.4804 23.9245 2.15161
596 38.5466 36.1579 -2.56344
597 24.2246 13.2674 -1.91921
598 30.5228 11.5381 -2.85966
599 16.7486 1.14099 -0.527875
600 1.84176 0.978324 1.99056
601 20.7388 36.4368 -1.15961
602 3.18655 15.8447 -3.43396
603 18.4385 14.3793 2.03894
604 37.6211 17.7993 0.847953
605 9.17007 37.0334 2.70077
606 1.43191 28.8608 4.02328
607 7.07286 12.9612 -0.954428
608 4.23059 35.1216 -2.37881
609 20.1486 36.4038 -2.33414
610 35.9281 28.5485 -2.14709
611 39.7003 18.7819 -0.561662
612 22.0708 7.13814 -2.46025
613 30.1933 14.3623 2.71552
614 5.0724 11.3463 1.27154
615 27.8462 8.6465 -1.255
616 25.3282 19.4356 0.755256
617 23.0996 28.5225 0.928246
618 27.3066 39.2252 0.153903
619 20.9686 39.0862 -1.51218
620 34.2842 37.3631 -2.68753
621 39.6271 18.1231 -1.92343
622 8.15228 31.2862 3.72004
623 21.8712 6.54344 -0.764249
624 35.9402 35.3348 0.256086
625 20.4113 6.66148 -0.444537
626 8.10671 30.0975 3.28785
627 8.66519 30.7735 2.00449
628 22.9268 8.86819 -4.18854
629 26.3867 1.08767 2.3978
630 34.2182 27.9745 -2.94134
631 30.6308 0.072668 3.06673
632 31.99 30.395 3.24874
633 29.9741 26.0455 -0.922276
634 39.8029 35.467 4.08914
635 24.2837 28.6535 -2.94993
636 26.8774 8.57763 -1.90545
637 0.0970925 23.2714 1.29739
638 38.7969 26.2725 -2.16805
639 29.7553 14.1234 3.90121
640 9.49321 11.7873 0.619171
641 20.1747 36.999 -1.80229
642 11.3502 0.694249 -2.70302
643 24.7847 31.1235 -2.05876
644 19.5703 39.6657 0.851039
645 7.12935 5.65006 -2.42942
646 12.5504 10.5523 -0.76962
647 12.0257 17.7947 3.36931
648 26.2813 39.3327 0.600412
649 15.1371 32.8419 0.928481
650 28.52 8.68319 -2.13306
651 32.0759 21.8407 2.13948
652 0.0253414 2.69548 -2.19955
653 10.5821 3.03034 0.255811
654 20.9837 12.7149 -2.62412
655 32.3909 34.6482 -2.40132
656 14.5057 12.0322 -1.58489
657 29.6618 6.95704 4.22563
658 1.66636 27.6284 -1.1718
659 22.4966 1.61198 0.964117
660 28.9756 14.3891 2.11832
661 36.0627 22.9087 -0.804998
662 25.3184 31.8374 0.763737
663 13.1565 7.0151 -0.988331
664 31.4269 17.1356 1.68452
665 35.0516 39.7088 -0.392212
666 39.7449 9.45544 -0.898865
667 2.9683 33.9829 -1.74597
668 39.6383 34.4555 -0.919955
669 10.8578 27.9954 -1.73896
670 0.367338 28.887 3.80478
671 14.375 0.601088 -0.392187
672 7.36758 24.3529 -1.0462
673 38.97 3.8836 1.9945
674 16.7356 24.6283 -0.483225
675 29.0698 18.0057 -0.656969
676 31.0494 34.3897 0.134788
677 32.5525 9.84297 -0.499409
678 24.7437 38.4821 0.819847
679 21.6133 15.651 0.852918
680 6.16689 20.6093 -2.20726
681 13.3245 35.007 0.985548
682 28.5309 0.0198977 -0.614476
683 32.1944 15.4444 -1.51614
684 4.81656 32.6816 0.362511
685 18.0864 24.2656 -1.99886
686 5.55501 38.7336 -0.767631
687 21.7316 12.1085 -0.813975
688 0.512536 3.18353 -1.72078
689 11.2533 34.6629 0.173737
690 10.9843 28.6132 -2.28414
691 12.8714 31.5584 -0.74222
692 29.6342 17.2256 2.90817
693 37.5163 21.3661 -4.08997
694 30.1364 30.6671 2.2479
695 15.4119 34.4101 -1.03486
696 35.9085 27.308 -1.6886
697 17.5548 12.3012 -1.14782
698 36.3488 14.02 2.23508
699 22.4068 24.0131 -4.25698
700 5.47909 36.3754 -3.80429
701 27.6535 9.36639 -1.07394
702 7.36839 38.3894 -0.135855
703 25.2591 18.8935 0.997564
704 32.3967 24.7379 0.802425
705 2.28609 39.5214 -2.22513
706 39.1763 39.6531 -0.774774
707 18.2041 8.53265 -2.90083
708 20.0844 19.3356 3.00779
709 20.5584 0.935927 -1.90394
710 16.3739 26.6741 -1.46331
711 35.4338 35.6656 -0.620975
712 28.1918 11.2039 -3.53193
713 38.399 6.68175 3.20005
714 19.2499 23.4582 1.53789
715 33.8182 1.591 1.19544
716 25.044 37.1172 0.156409
717 15.1632 23.9464 2.37301
718 9.9869 29.8766 -0.727111
719 16.4535 31.0451 4.31094
720 24.707 33.8241 -1.55884
721 30.6583 39.0199 2.95266
722 2.64072 2.76815 3.03536
723 13.6892 0.262424 0.266485
724 6.56008 5.24472 0.10501
725 24.9962 12.1656 0.894526
726 7.61293 30.3784 -3.20642
727 3.077 30.672 -1.69376
728 38.0011 6.5176 -0.416506
729 20.678 6.01151 1.68567
730 28.6417 18.1723 -0.153234
731 28.7626 17.1578 2.25095
732 17.3588 27.8849 1.07923
733 39.9633 29.941 3.32573
734 29.063 14.7685 3.70384
735 13.699 20.1394 4.12486
736 22.4345 26.0908 1.16996
737 36.5858 29.4566 -0.288498
738 15.0177 5.39036 -1.4578
739 16.235 29.2544 1.26519
740 28.9107 21.096 1.07375
741 3.75205 34.4694 1.06531
742 18.7823 16.9427 2.98835
743 15.9844 23.6889 0.271368
744 29.3065 31.3066 -0.0619032
745 14.9127 27.4799 2.0396
746 15.7462 20.4767 3.28885
747 16.5415 24.8411 -1.38249
748 20.0759 28.544 -0.00644098
749 6.00563 3.09536 0.423596
750 9.96786 36.2947 -3.74517
751 10.8112 34.1987 -0.965802
752 36.5552 10.9807 0.349331
753 3.51723 27.4266 2.03117
754 30.4921 14.2592 1.15053
755 24.6431 9.74839 -0.205572
756 27.912 11.2709 -1.51356
757 19.5141 17.9691 3.20476
758 35.6302 32.4937 2.85593
759 10.7996 31.1456 -2.91468
760 31.5819 31.0344 -2.98276
761 20.5942 11.8367 -0.264779
762 21.8963 31.1604 -1.55924
763 21.3548 7.4622 -0.562961
764 25.2069 10.2594 0.959864
765 22.0888 16.2764 -0.211923
766 9.63384 15.7902 1.55142
767 0.859131 14.847 0.533179
768 7.54027 7.84484 -0.486066
769 25.7726 30.9821 1.41741
770 8.04772 24.3016 -3.97965
771 3.0737 20.4578 -0.128827
772 16.2303 29.3863 0.923403
773 29.7561 32.3825 0.439246
774 2.06621 1.60952 1.34351
775 19.1286 17.4178 2.27432
776 6.63993 23.2868 -3.30735
777 0.351007 16.7505 2.25959
778 26.5318 23.9479 2.13029
779 26.3012 37.4782 0.811153
780 0.58988 6.73758 0.31296
781 29.087 33.3357 3.97523
782 13.9743 0.983352 -0.213001
783 17.2522 13.5041 -3.36977
784 29.3482 36.5897 0.55498
785 24.9943 25.116 3.34365
786 2.71338 27.9892 -1.63853
787 29.2502 3.91954 -3.39696
788 0.762005 28.7039 4.50324
789 0.914689 13.8677 -0.84556
790 7.45903 33.5008 0.325901
791 19.5502 14.5931 1.6837
792 3.69647 30.713 -0.0789316
793 16.504 2.16397 -1.15144
794 18.9996 19.6324 1.17403
795 9.25051 14.5916 2.58027
796 13.7445 24.929 -1.99951
797 5.0564 33.7505 1.7178
798 26.8058 9.38609 -1.58528
799 20.0206 35.2539 3.41406
800 28.3071 11.1127 -3.63588
801 24.7067 13.0118 0.8376
802 36.1758 16.3688 1.54942
803 12.0949 33.3539 3.03311
804 4.73463 12.2949 2.62369
805 33.8863 26.2893 2.11041
806 12.2572 21.1635 2.02275
807 34.6284 5.41217 -1.19987
808 28.8527 24.4984 -2.21068
809 16.1479 17.1156 2.57388
810 18.4327 35.612 -3.70174
811 8.57232 26.8933 -2.25041
812 10.8048 35.9319 -2.30442
813 37.0945 4.13047 1.33348
814 28.6732 31.1238 0.416384
815 28.383 20.3555 -0.529379
816 5.18789 31.714 -0.830827
817 16.1448 30.7464 2.74554
818 11.943 7.73038 0.222356
819 27.7724 39.6327 -2.0321
820 39.2489 38.9646 0.176184
821 13.3891 10.0689 3.44029
822 6.68923 8.88981 -1.10185
823 0.382365 4.15664 1.1986
824 32.031 12.4699 2.19056
825 33.5584 26.1866 3.05474
826 9.437 15.0412 1.97951
827 34.4752 14.0138 2.94001
828 23.041 8.77094 4.42346
829 11.5379 38.8779 0.536646
830 13.5566 26.9221 1.39138
831 8.8613 37.4322 2.75356
832 36.5245 27.7943 1.39287
833 14.1355 29.4487 1.62364
834 22.2129 1.60716 -0.3292
835 2.3492 37.0718 0.648311
836 14.4632 39.1306 -0.0215957
837 37.9826 29.8889 -0.987489
838 31.4751 4.99022 -0.507454
839 33.8477 24.4128 -1.1283
840 26.8886 19.5982 -0.560172
841 28.8829 37.2795 -0.760613
842 22.9772 34.1869 1.07532
843 16.9282 6.78323 -2.67442
844 11.4756 8.91774 0.910924
845 4.71327 32.4159 -1.94738
846 11.6525 36.3813 -2.09456
847 2.27545 27.6887 0.0262472
848 24.7969 10.5923 -1.29807
849 8.83219 23.5976 -2.38727
850 39.4513 2.2957 1.93511
851 36.3319 39.2794 -1.66081
852 28.3211 29.4718 3.38294
853 31.6653 30.7001 0.599672
854 39.7145 35.1702 3.13742
855 11.7139 39.5355 3.17577
856 22.4046 30.978 0.0621819
857 6.39053 19.4373 1.71956
858 1.57346 24.0937 -3.54127
859 19.7161 0.318364 -1.7164
860 25.4998 22.9367 -0.416763
861 39.5092 19.7837 -0.666604
862 0.656292 35.3647 0.857538
863 14.7646 21.8887 -0.274361
864 25.0951 13.6135 0.964986
865 24.7008 24.6188 1.29745
866 30.4904 37.8737 -2.19324
867 11.7549 2.67549 -3.82204
868 39.5132 24.6205 0.8906
869 33.7966 13.6608 -4.20926
870 4.5335 3.02703 -1.84278
871 15.7947 23.9464 -0.152627
872 31.2272 24.1251 -1.26486
873 16.865 18.6376 2.61443
874 39.2488 3.39502 2.12243
875 7.20112 7.23645 -1.60554
876 39.7853 4.57341 3.5005
877 39.9134 36.5951 2.02447
878 1.40166 2.05423 1.85425
879 5.79774 32.3291 1.31185
880 35.8953 22.5081 -1.55588
881 12.6492 16.2037 0.554187
882 21.0272 2.92063 1.00914
883 3.40871 23.2139 2.75061
884 16.0829 17.3399 2.28629
885 9.95667 11.1879 1.8737
886 16.716 28.6027 0.322752
887 37.5997 13.9974 1.4617
888 38.3565 39.0814 -0.837739
889 8.22398 12.3865 3.57325
890 23.149 14.43 0.2224
891 28.7322 17.236 2.33117
892 30.2354 8.24092 3.44117
893 34.6704 26.4591 1.84148
894 34.8748 39.3039 0.699851
895 0.486344 16.8267 3.13127
896 14.9326 39.3047 0.227919
897 3.8922 7.56903 -3.07656
898 20.2616 13.9615 -3.48337
899 9.64785 32.0068 0.401135
900 13.7844 9.96015 3.38178
901 2.20443 36.9401 1.97027
902 3.20512 33.1754 -0.606945
903 3.10824 34.1492 0.0115617
904 14.7304 4.01959 -0.7223
905 22.3345 31.0876 0.779008
906 22.8729 26.655 2.70487
907 27.0583 24.2482 0.0411254
908 31.0551 37.1869 -2.5866
909 24.7813 10.4397 -1.08391
910 35.0533 14.2632 1.91338
911 29.2736 24.7141 3.74379
912 24.5173 18.9749 -0.407161
913 3.63903 23.7476 1.89123
914 8.02786 23.7272 -3.34937
915 29.9126 33.5011 -2.92468
916 24.3219 18.746 0.2015
917 2.78442 33.1509 2.58016
918 35.5443 37.275 -1.01555
919 27.703 10.204 -0.224624
920 3.29826 24.1695 3.34514
921 39.7446 21.5363 2.20392
922 18.0243 16.6746 -2.56646
923 5.73395 22.2849 -2.73461
924 25.5523 37.3951 3.07949
925 18.8717 2.56525 -3.26401
926 22.089 39.089 1.26697
927 8.80944 31.0354 2.92561
928 32.0123 36.362 2.4821
929 1.61553 30.9229 -1.61616
930 13.9807 9.76327 2.91444
931 21.4749 16.1052 0.192557
932 10.9447 27.9544 -1.6486
933 13.9484 9.6256 3.43729
934 26.6579 31.0813 -0.158108
935 2.58089 1.71258 1.81244
936 3.85481 23.7386 0.128709
937 7.36745 2.0121 3.39743
938 21.6691 24.133 -2.55873
939 24.8502 8.65587 0.350227
940 12.4492 24.7845 -1.40939
941 25.8142 18.4878 1.82301
942 2.86203 13.5332 3.18622
943 6.87871 1.48813 -1.81674
944 36.6044 27.178 -1.54738
945 8.80617 39.2818 -1.44876
946 19.6106 22.85 0.27956
947 25.3 3.47595 -0.860891
948 6.95913 31.5663 3.00844
949 7.53772 6.02942 -1.14582
950 35.3226 29.8395 -1.14223
951 19.7577 12.3926 -3.43912
952 17.028 15.0573 1.48916
953 38.1823 5.20844 -1.80656
954 38.4566 36.2712 -2.3182
955 0.91158 9.64317 -2.19293
956 34.971 6.24596 -0.715583
957 30.9124 12.4732 -2.8923
958 6.30425 32.2693 0.387795
959 23.6369 30.0133 2.09095
960 13.8231 0.440304 -0.916422
961 3.19948 29.7567 -4.27126
962 11.2944 39.2741 1.52607
963 14.018 29.0403 3.25119
964 7.26539 8.35331 -0.609359
965 39.4826 33.5497 -3.12957
966 14.4126 17.8734 2.1132
967 30.8695 34.8994 0.30355
968 33.8229 28.9253 -3.40046
969 12.4367 0.982103 0.653734
970 26.2676 39.6342 3.6937
971 2.33423 9.49384 1.3312
972 2.74355 27.4321 -0.893246
973 10.3848 15.7605 -2.72088
974 29.7088 16.9412 -3.46193
975 10.7942 27.5417 -0.639218
976 7.82383 3.09403 2.44539
977 10.1187 39.511 3.45873
978 16.2628 25.8954 2.83973
979 3.33971 32.8743 3.93082
980 1.78592 13.1569 -2.28589
981 1.0039 5.82212 -2.02295
982 39.9656 0.0112161 0.218223
983 22.1116 14.8974 0.120979
984 9.31772 36.7446 3.6267
985 3.45302 23.4488 2.06253
986 30.27 20.2357 1.2652
987 16.1271 6.15982 0.827759
988 35.6397 36.2634 0.774068
989 14.9448 26.8109 -0.572658
990 29.8891 24.5402 -3.42979
991 8.86538 24.3787 -1.03476
992 37.9138 12.7987 0.484871
993 6.49957 21.1463 -1.09217
994 30.2097 25.4802 -0.379173
995 5.89652 18.6623 -2.03367
996 35.4569 19.7113 1.2001
997 37.3547 6.84828 -1.05377
998 34.7973 39.661 -1.67886
999 28.9071 31.059 0.733255
