1000
Particles
0 37.1778 4.57816 2.8129
1 34.6784 19.2755 1.51629
2 24.5121 3.65318 1.87675
3 10.9197 35.3463 -1.12521
4 12.9212 17.218 3.63889
5 23.3064 2.0734 1.29916
6 29.6486 4.58242 -4.19943
7 33.9808 17.3118 2.4023
8 6.04593 31.4666 1.43722
9 32.0829 25.1391 -0.0264995
10 30.1254 27.6969 2.58393
11 39.1829 34.5741 -1.09267
12 38.914 24.3614 1.12638
13 1.24495 5.60303 0.654891
14 30.1423 17.6395 2.71234
15 27.9114 33.3217 -2.59997
16 24.8901 38.1871 -4.44839
17 33.5665 8.84599 -2.66392
18 39.8853 13.2395 -3.95061
19 15.6647 19.1158 -0.759307
20 13.9571 15.8623 -2.40879
21 1.26434 39.2724 2.84639
22 38.0599 26.3982 -3.34744
23 30.5347 14.2279 3.11926
24 27.9408 14.886 -1.17223
25 1.17401 35.3324 -2.87409
26 26.0921 29.6291 -2.69294
27 14.693 17.1141 4.45204
28 6.58656 36.7095 1.76402
29 32.9239 9.16477 0.424289
30 14.0377 25.7348 -1.9708
31 11.6954 18.9457 2.57379
32 16.7759 13.4468 -2.38781
33 4.73206 36.5333 1.24122
34 20.8992 16.0709 -2.5415
35 24.6806 4.05293 -0.871625
36 15.7484 38.4668 -3.19556
37 39.0081 25.4336 -2.70599
38 21.7446 36.6359 -0.0466547
39 32.2551 13.4125 -2.3111
40 29.7598 38.0672 1.11903
41 21.2059 14.6557 -2.07476
42 32.2863 18.58 1.73204
43 23.8846 33.0908 1.63674
44 20.8069 17.6826 -1.29211
45 8.78129 24.3384 -0.193268
46 4.63236 5.67571 1.84914
47 36.9353 3.47382 0.704283
48 38.8168 34.0204 -0.991736
49 8.3654 32.7342 -0.310694
50 35.5744 0.225708 -0.100686
51 15.0421 4.56344 -0.457098
52 34.7926 6.03305 -4.80185
53 13.5044 12.3327 -1.37999
54 34.1448 27.9498 -1.11779
55 38.9624 15.7645 1.92541
56 31.3973 7.71452 0.40365
57 36.65 35.7992 -0.418871
58 39.1469 8.68947 -1.76171
59 2.46929 35.3683 3.8857
60 11.6209 24.9504 -1.15672
61 18.0589 26.7961 -1.77074
62 31.34 39.6809 -1.85371
63 8.29023 20.6167 -1.89258
64 38.7664 24.1304 4.1554
65 17.0391 5.78302 -2.77673
66 6.97941 17.0992 3.73537
67 19.3756 18.3683 -3.15623
68 6.62096 4.23709 -1.99454
69 17.8249 8.48292 -0.000122336
70 8.99323 35.7681 0.598691
71 11.5137 10.54 -0.30544
72 4.68604 14.822 -2.84339
73 18.5899 23.2917 -0.738428
74 13.2465 36.9774 -2.1971
75 5.31738 38.6424 -0.00535797
76 18.5482 8.49238 2.44673
77 17.8896 24.1896 0.861105
78 37.401 26.861 0.666148
79 32.5256 1.12386 0.79105
80 32.4517 6.47572 -0.0901883
81 9.39777 22.0324 -0.187686
82 12.5726 6.45679 -2.08589
83 16.5671 23.9493 2.66349
84 25.2673 17.2123 -3.13565
85 4.50952 12.9132 0.520552
86 20.5935 7.54891 -1.98315
87 17.7438 39.5128 -0.386081
88 6.30712 2.64917 2.52949
89 8.76259 29.9026 0.158784
90 37.396 34.303 -2.67628
91 23.641 12.6962 2.66002
92 18.1232 17.1804 1.07242
93 17.3213 11.7894 -3.86328
94 9.43314 15.2206 -2.32632
95 19.5801 5.53251 2.1034
96 14.1536 30.018 -1.37981
97 24.9495 31.8856 -2.87411
98 38.4908 29.0121 -4.26397
99 7.72846 30.6675 0.508177
100 30.4465 11.0363 0.047543
101 16.1888 24.7162 1.74248
102 20.2821 34.4544 0.246779
103 15.7279 3.71112 1.98792
104 31.3502 5.52027 0.161727
105 22.4768 26.4407 -1.43011
106 38.4094 8.01191 0.705023
107 15.5528 22.5703 -1.17453
108 26.9958 11.6706 4.55516
109 35.7071 33.2942 -0.41015
110 10.0532 35.5565 -1.80283
111 8.54511 31.6501 -2.54643
112 32.6642 39.1564 3.4209
113 31.7094 18.4795 2.11992
114 6.09923 26.0186 -1.20581
115 31.4343 23.6774 0.607146
116 28.2788 26.5303 -0.220402
117 21.995 30.0373 -1.4162
118 22.7161 37.8367 -4.51989
119 0.676914 17.8346 1.80135
120 37.2186 33.4422 1.38613
121 27.4236 16.1439 -0.678847
122 36.1583 8.85904 -2.74644
123 0.916527 20.8929 3.80314
124 16.7984 36.8726 -0.907865
125 22.5949 35.5085 -2.37717
126 19.1905 23.5688 0.485922
127 38.1769 3.69908 -0.288428
128 28.9701 12.7373 2.11361
129 3.08315 10.3809 -0.0259256
130 35.6514 8.07114 -2.42425
131 32.8409 29.0729 -1.85275
132 16.6559 37.7427 -2.05143
133 27.2653 34.9735 0.00459537
134 11.931 34.7951 0.103649
135 17.2287 2.16906 3.06481
136 26.9707 6.67964 -4.34447
137 32.9275 2.84578 2.86533
138 7.77051 20.1541 -0.97742
139 13.178 2.32167 -0.24899
140 17.6456 30.2061 0.221634
141 36.4166 34.9252 -2.28146
142 24.6174 3.98992 1.53182
143 17.6785 25.2138 1.36332
144 8.42121 23.6541 0.798429
145 27.0023 25.1573 0.0785518
146 37.1318 7.16581 3.41012
147 33.6547 38.8895 -2.59599
148 38.259 9.43626 0.409674
149 16.0227 21.8046 0.313608
150 11.3016 13.7955 -0.799134
151 38.6822 38.1574 3.42419
152 13.5354 14.0514 -2.70723
153 26.1221 4.82079 -0.247471
154 32.6787 31.7091 -2.80403
155 29.2444 35.5215 -1.22287
156 37.3243 23.1293 -3.8587
157 22.5515 15.2551 2.18239
158 20.4152 32.1493 -1.41349
159 15.3111 29.1312 1.98363
160 2.61948 16.2491 2.93257
161 8.04323 21.1805 -0.597399
162 26.2317 38.402 3.51903
163 10.2944 8.49095 0.854869
164 13.6035 0.460895 1.85867
165 21.803 1.6007 -0.540664
166 37.6073 1.09392 0.296711
167 11.8271 3.55082 0.398815
168 37.3534 18.6755 3.50684
169 39.6415 36.2207 2.7584
170 3.66886 36.9012 2.51882
171 17.2983 35.4711 -0.622147
172 36.2512 17.0252 0.889556
173 19.6961 27.991 0.930917
174 8.18204 34.4773 -0.857371
175 3.43371 14.3905 -1.75411
176 24.149 28.2167 1.90419
177 16.7952 7.44441 1.57305
178 23.1121 15.8212 1.70345
179 26.1216 8.59388 -2.32695
180 11.4154 11.8962 2.44603
181 36.2821 28.6113 -0.51065
182 18.8326 13.1908 3.01855
183 1.57112 16.5341 1.75782
184 23.6096 38.0905 -3.54805
185 7.48013 10.4128 1.52028
186 31.1855 8.62053 4.18347
187 6.86265 37.7465 0.75769
188 27.0196 16.7117 -0.531958
189 9.24624 23.0222 -0.468831
190 24.8017 24.277 0.155833
191 9.43777 33.3631 0.315017
192 31.1561 8.70511 2.2124
193 31.5072 21.3054 -3.94738
194 8.75839 31.9551 -1.4766
195 18.987 17.5962 -0.735371
196 29.5435 34.469 -4.21572
197 15.58 0.941273 -4.27925
198 34.9161 15.5107 0.988994
199 14.997 11.024 1.33652
200 1.7062 1.77792 -1.5263
201 30.405 16.9839 -0.437811
202 20.3703 16.2319 -1.76754
203 25.2241 12.9381 0.123729
204 33.6141 35.2904 2.73039
205 38.4096 33.2027 -1.88898
206 10.9267 2.89962 1.95019
207 39.4275 32.9847 -1.16862
208 30.757 27.9599 0.573578
209 14.3626 32.9167 2.95298
210 4.58773 21.6626 1.9042
211 34.5566 26.4016 -1.05464
212 37.8999 33.2359 3.93933
213 3.19934 5.12508 2.63726
214 0.0469505 19.4808 1.48679
215 36.9749 19.4245 1.66425
216 31.7728 27.0026 3.39545
217 6.55834 7.09687 1.60566
218 21.0847 17.2285 -3.35113
219 17.9885 8.45459 0.455249
220 16.9839 7.21587 1.17262
221 26.6483 8.61026 -0.0943299
222 32.5801 23.3902 3.48738
223 18.1573 0.799088 2.13255
224 10.6317 33.8588 -0.49249
225 35.5392 9.33271 -1.42998
226 4.39081 22.2335 0.611505
227 6.28893 37.4337 2.59049
228 21.9169 8.24509 1.3815
229 34.5294 19.4388 1.93567
230 27.7009 5.9926 -2.24383
231 18.6574 21.4459 -0.874387
232 27.503 13.6021 0.581538
233 1.25325 10.1529 -0.230019
234 5.51304 38.5732 -0.412968
235 6.25627 7.9016 2.49356
236 6.94281 37.468 0.741127
237 9.99687 28.5691 0.434899
238 15.9343 13.7836 1.17299
239 37.9271 15.9509 1.81197
240 22.1608 26.0716 0.58264
241 14.8422 26.9834 -1.36213
242 3.63956 5.82809 1.09901
243 25.5719 38.7992 3.51859
244 37.995 17.1398 0.499335
245 19.7699 11.2427 2.04179
246 29.9132 13.7059 1.32228
247 1.64527 2.73057 -2.20937
248 7.56843 22.4791 0.461876
249 18.3671 33.3188 1.44542
250 3.4511 39.9473 -0.547229
251 34.1538 7.27406 -2.94992
252 29.2124 16.5243 -0.269934
253 24.3797 11.1624 -1.42398
254 37.8635 26.9491 -3.37184
255 31.101 24.5063 -2.53041
256 39.6268 2.72988 0.380965
257 30.1392 16.2938 1.64242
258 31.1309 37.4615 -1.93117
259 29.2828 14.9657 3.33791
260 5.84936 5.1792 -3.49063
261 32.0427 21.7561 -2.78017
262 29.3083 27.7287 2.23323
263 6.96691 4.0928 3.22776
264 2.74899 36.0254 -1.43898
265 4.40243 12.718 1.33624
266 3.62533 8.66603 1.39654
267 9.49575 25.5486 3.38701
268 2.32129 27.4248 1.3315
269 20.1108 35.5492 -1.26572
270 5.55019 11.7506 2.16108
271 28.9526 11.3504 3.45153
272 21.2314 11.408 3.47499
273 37.6665 34.1676 -1.97984
274 8.46633 7.28465 -2.41632
275 2.23653 16.2493 -3.8139
276 32.0089 28.0294 2.45231
277 6.91908 28.9453 1.90517
278 8.95517 4.72129 2.04893
279 3.78267 16.709 0.410734
280 31.3841 21.966 -3.03772
281 29.3055 17.7034 1.9893
282 14.2078 16.4068 -3.03019
283 22.1832 39.2458 -3.52702
284 31.8631 24.5437 -1.97364
285 35.4296 37.3148 -0.6403
286 35.5687 7.40536 -1.95998
287 4.61236 17.698 -1.29994
288 8.36551 34.4563 -0.0454402
289 15.0947 30.9266 0.565331
290 35.0967 21.6681 0.446377
291 17.6834 21.7795 -0.507189
292 38.8642 26.399 -2.3531
293 5.36227 5.42042 -4.22695
294 27.076 33.9383 -3.18198
295 10.3853 8.20647 3.14919
296 31.8085 24.2107 2.58633
297 3.32464 27.2155 -0.622566
298 28.5316 26.087 1.64584
299 20.0942 35.1195 -2.56732
300 25.734 7.73329 2.53992
301 30.5766 21.1968 0.689418
302 16.1119 32.1411 2.82694
303 7.64881 34.6827 -1.84811
304 14.3281 25.083 -2.14407
305 2.98798 21.3853 0.450374
306 29.0481 14.806 4.48742
307 11.1176 21.6366 -4.3557
308 3.02217 16.4996 2.44636
309 13.8735 2.32044 2.90246
310 18.6318 18.9213 0.518653
311 27.8972 6.42903 -0.686546
312 39.4662 38.9872 2.69175
313 35.363 39.6508 1.8575
314 22.1701 2.49957 0.954755
315 3.53082 30.6676 1.92302
316 32.7773 39.6161 4.08001
317 32.1437 38.6494 -3.62033
318 25.1086 26.8741 -2.03292
319 5.86826 36.8499 2.81047
320 39.9337 19.8274 3.63259
321 31.4953 8.57351 0.477836
322 4.96049 38.9864 -0.454169
323 22.0673 35.7577 -1.25404
324 32.5293 12.3609 -2.19954
325 8.59494 23.0379 -0.509847
326 37.7825 0.419688 1.45983
327 12.0739 2.66821 -0.56545
328 15.0207 29.0145 3.09588
329 38.5083 19.6406 0.199914
330 5.69149 5.30452 -3.62408
331 13.6391 32.3382 3.11997
332 33.5777 10.9434 -1.20862
333 23.0854 18.6765 -1.03346
334 8.11254 11.8812 -0.577006
335 8.48945 0.854513 2.17181
336 19.4843 0.35641 -2.64556
337 6.48346 12.7265 -0.915503
338 10.3725 30.2185 -0.229949
339 36.2724 34.9136 -2.20368
340 11.7844 21.4178 -1.35052
341 32.8477 34.4422 1.88026
342 11.8165 12.1966 1.04356
343 10.3671 16.697 -3.18956
344 11.7493 37.904 -0.105514
345 35.5557 28.2008 -2.72585
346 16.4072 8.86114 3.3782
347 8.93973 29.7394 -0.672596
348 13.8121 16.5645 4.7789
349 15.1721 18.2977 -3.03139
350 10.6263 9.52139 -1.57175
351 10.6406 21.662 -1.61281
352 30.0962 22.7074 3.01372
353 24.1576 0.553715 4.02471
354 39.6111 36.0784 3.70662
355 18.6945 25.3479 2.32873
356 31.9403 33.3418 0.145071
357 14.2612 31.2622 0.156141
358 14.7472 22.8158 -0.539255
359 39.8276 31.284 -1.17212
360 33.3418 26.9532 -0.321388
361 32.1395 29.7561 -0.286058
362 35.3934 26.752 -1.81892
363 35.3805 0.802331 0.16165
364 5.06038 4.83833 -1.15091
365 4.05995 39.8029 -2.38202
366 12.5854 4.77542 1.19762
367 16.8264 32.4992 0.861632
368 22.0611 1.55446 -1.58923
369 15.3578 30.1595 0.403165
370 24.1817 25.9351 -0.083032
371 24.1287 23.8775 0.280164
372 26.1956 28.8005 1.724
373 6.95762 7.81258 -2.90389
374 17.0307 17.137 1.92881
375 13.9547 9.86619 2.35065
376 1.53018 32.5321 3.14445
377 4.57452 9.47379 1.22178
378 13.2256 6.74151 -1.89872
379 29.012 2.01504 -1.53413
380 39.2922 23.2463 4.69091
381 12.6428 31.1617 -1.89625
382 36.4747 16.79 1.31328
383 15.6319 34.026 -1.51234
384 20.463 2.63818 0.180606
385 20.3132 18.9747 -4.23333
386 18.138 8.59261 2.03129
387 12.1636 2.18905 1.24954
388 30.7106 23.9659 2.38812
389 7.17206 37.4978 1.53756
390 29.3197 25.9113 -0.170877
391 14.303 17.9786 3.99656
392 19.4833 25.1014 0.404776
393 24.9722 14.1881 -2.42696
394 37.5667 36.3382 -1.86635
395 35.3618 11.6172 0.633732
396 2.48939 2.89642 2.41105
397 5.24145 39.5364 2.02173
398 1.66743 27.5784 0.577148
399 0.0281315 18.9367 0.446602
400 1.6007 0.260602 1.33226
401 23.9854 37.6831 -2.95052
402 33.9074 8.39947 -3.13542
403 37.4968 23.9312 -4.83727
404 33.6727 32.1153 -0.645263
405 3.29852 24.7843 2.67629
406 27.5008 0.211174 -0.328163
407 36.737 0.258317 -0.317965
408 8.38446 14.5971 -3.72784
409 11.9207 8.83537 -1.53492
410 27.8746 17.2793 -0.539709
411 15.9577 26.4004 0.629734
412 2.18692 10.3618 0.733046
413 11.6005 13.5306 -1.75744
414 0.449097 20.1532 -3.35737
415 14.7058 26.9014 -0.426796
416 27.9848 38.0474 0.323982
417 8.70536 2.5493 -0.681028
418 29.6838 27.1471 1.89316
419 27.6743 18.0183 1.82466
420 19.0531 36.6134 -0.766045
421 0.587452 14.1087 -0.871339
422 15.5197 10.9816 0.923934
423 26.1923 12.9052 0.765671
424 23.9359 23.5196 2.08513
425 22.7248 0.550214 -1.32772
426 39.9848 19.6543 2.15947
427 16.7982 17.5825 -2.02482
428 33.2955 7.50722 1.90351
429 1.56631 6.96815 0.450698
430 17.9972 16.8628 0.995818
431 6.51578 10.0045 3.5987
432 14.5281 36.6717 -1.19756
433 29.6719 19.1811 -1.29707
434 5.54114 25.9111 -0.492783
435 22.8688 38.4985 -4.2681
436 2.9972 22.0306 -0.72317
437 10.3421 33.423 -1.84491
438 14.6174 22.4393 -2.43919
439 36.2073 20.7524 -0.67624
440 27.63 0.237027 -0.715014
441 6.26615 39.5918 -1.82268
442 12.8856 25.6319 1.62506
443 23.5366 14.8409 0.745825
444 8.38814 9.48606 3.07402
445 2.66861 24.7122 -1.40804
446 21.5524 13.032 0.457849
447 3.72496 10.7879 -2.32364
448 34.7835 30.9534 0.963324
449 10.812 18.5682 -4.69752
450 13.1544 16.9102 1.9542
451 3.37382 10.4549 -0.919418
452 16.4521 16.9144 -0.899769
453 4.58965 37.2797 2.74314
454 2.66805 7.56124 0.12926
455 28.788 6.55874 3.05813
456 18.2364 8.54383 -0.0147416
457 21.8762 22.9345 -1.31069
458 32.4019 18.1283 0.663002
459 10.8679 13.0591 -2.55158
460 17.8826 2.32553 0.389243
461 6.06215 33.1269 0.531844
462 27.3239 14.7029 -2.12193
463 2.00271 32.4279 1.61003
464 30.6415 16.8378 1.52196
465 32.4468 16.9901 0.804835
466 33.4197 23.9136 3.62796
467 3.95378 37.2107 1.58763
468 25.9075 38.5906 1.33235
469 14.1195 26.5115 -0.0715368
470 12.4793 15.2101 -0.25009
471 0.143839 13.4293 -1.89862
472 10.6997 14.1079 -1.0236
473 18.7685 10.434 0.0846943
474 8.34424 32.7488 0.582065
475 33.7055 10.9185 -1.74933
476 22.0161 27.5779 -1.62423
477 12.5907 31.0931 0.428781
478 34.4166 12.3984 1.07585
479 3.5913 30.6949 1.16712
480 32.3318 17.6989 1.23009
481 23.398 35.9027 -2.05347
482 6.80355 32.906 -1.11648
483 9.36338 29.2787 -0.338391
484 12.1196 29.8691 -1.45951
485 7.60225 34.7782 -2.63079
486 19.3788 29.1375 1.2345
487 32.6076 27.8193 0.374611
488 37.3995 8.00663 3.34335
489 20.3965 4.93777 0.684355
490 6.09477 11.0027 2.18782
491 18.0367 11.7566 -2.98511
492 24.2159 3.8181 -0.361565
493 38.5498 22.8495 2.49221
494 6.69163 15.6666 -0.956891
495 31.1981 11.9668 -2.9863
496 31.9748 19.5852 -1.17911
497 4.8685 31.5441 -0.318815
498 24.357 12.8095 3.92463
499 6.06225 12.7814 -3.62565
500 6.38182 13.3085 -0.598046
501 31.0367 18.6015 -0.749421
502 6.47242 1.08969 0.330765
503 15.08 22.7991 -3.25645
504 36.824 30.5773 1.32461
505 4.83016 8.98832 0.240244
506 30.5886 25.4455 -2.66001
507 25.2599 7.73694 1.38814
508 39.188 33.7104 -2.88546
509 34.5038 2.3418 -0.443168
510 35.4114 0.756923 2.08842
511 24.7104 36.2004 -1.72831
512 39.0543 33.6796 -4.00505
513 16.0445 33.6236 -1.82212
514 11.4161 26.4794 0.342282
515 20.9612 12.4509 2.07266
516 27.1466 39.0142 -1.65184
517 10.0608 2.63533 1.72715
518 23.3707 14.7355 3.30212
519 24.803 11.1933 0.949856
520 31.0401 1.0707 -0.826107
521 33.9591 33.9601 -2.47444
522 16.37 23.5119 2.96217
523 9.56966 20.2051 -0.757831
524 37.442 25.6007 2.16448
525 10.3117 15.1909 -3.95172
526 0.0342631 20.877 3.05532
527 15.6074 6.61679 2.89138
528 22.2647 5.13562 -1.41515
529 32.4163 39.5627 3.885
530 4.03145 7.59089 -4.52739
531 30.2092 8.62707 0.51987
532 20.7504 37.8568 0.0348724
533 21.2621 27.195 0.925355
534 17.1723 24.4394 0.394961
535 8.00307 7.31613 -1.74576
536 33.2627 13.7757 1.7889
537 39.102 16.2752 0.317042
538 38.1073 39.4634 -2.98851
539 6.12051 2.1994 -0.395419
540 37.643 21.4361 0.787673
541 25.1481 22.8072 2.32298
542 39.8983 31.0179 1.54147
543 9.67591 17.9017 -3.07414
544 5.92406 36.2404 -2.8616
545 14.4198 23.6592 -1.98576
546 36.7912 37.9694 -0.730125
547 5.26278 13.5307 -0.955941
548 38.3075 39.9891 -0.628034
549 5.02958 23.5016 1.45105
550 8.8936 29.5242 2.48777
551 21.9093 18.8426 0.334235
552 38.144 13.1841 0.479779
553 16.3504 27.7988 -1.27083
554 14.86 14.4021 -3.4453
555 30.851 16.2553 2.97579
556 29.4884 20.8674 3.57285
557 6.71955 30.2921 -1.23274
558 28.4506 2.35066 -2.85998
559 24.593 30.7226 -1.0027
560 31.3971 17.3192 -0.0836358
561 14.355 23.354 -1.45933
562 5.89964 24.9603 -0.785843
563 39.9669 15.9727 -0.410078
564 15.6813 15.9458 -0.518251
565 38.1602 15.7761 2.96
566 18.3215 37.9241 -3.90413
567 28.1589 14.2213 1.33375
568 35.6198 8.10123 -3.06419
569 1.94156 19.2099 0.104533
570 3.06348 21.8492 0.552282
571 25.505 13.277 2.61122
572 1.79571 35.6339 -2.54998
573 19.5839 37.3425 1.43847
574 7.56124 21.2522 0.396118
575 22.0781 18.711 -1.96262
576 4.78 4.6232 3.91759
577 26.9839 31.9658 0.318261
578 2.4705 39.7246 1.0021
579 5.97095 9.58929 -0.00221401
580 10.314 1.69635 -0.805161
581 5.6156 32.3856 0.29289
582 24.8305 26.1295 -1.11197
583 24.5307 35.6783 -1.65736
584 35.2946 13.3034 1.41249
585 4.72517 13.1689 -3.17503
586 30.6034 21.7719 2.77269
587 31.3694 33.0117 -0.851543
588 18.7579 36.4499 0.980168
589 23.6852 26.9542 0.683114
590 8.59094 8.87843 2.57175
591 6.02787 25.1571 -1.6133
592 33.1364 27.9399 0.273369
593 14.8948 26.3763 -2.6836
594 12.66 2.90717 -2.28592
595 18.5915 28.0765 0.31925
596 36.529 34.5724 0.628521
597 25.4828 10.4394 0.332916
598 34.1468 11.2016 -0.779845
599 17.8246 37.3405 -0.865433
600 3.35399 38.9774 -1.39664
601 22.9428 34.557 -1.50421
602 1.35169 18.5599 -2.39235
603 17.7092 17.8843 0.823126
604 38.0126 22.1177 -4.06398
605 8.11634 35.5843 -0.205694
606 0.806545 28.033 1.34801
607 5.94239 9.06052 -1.16376
608 4.06659 36.1296 0.567583
609 21.7627 37.7137 1.06259
610 37.888 29.4442 -1.31066
611 36.7765 20.3478 2.2334
612 19.9693 7.07475 -3.38127
613 27.8645 9.64113 0.0105383
614 4.85607 10.6172 3.6038
615 28.8399 11.2525 2.46677
616 27.5195 15.3938 -4.22109
617 23.5011 30.9089 -2.77141
618 29.6929 2.3489 -0.508765
619 24.2763 35.2991 0.184729
620 32.8489 33.6445 2.66891
621 37.2041 16.2648 2.52858
622 9.33804 32.085 -0.350735
623 26.5171 13.7792 2.60414
624 39.9817 36.7392 3.86875
625 21.3555 7.19674 3.10974
626 8.91964 32.8356 -1.30153
627 6.91059 33.3537 -2.05474
628 28.8859 8.90977 1.63067
629 28.9128 2.15988 -0.452846
630 31.3928 27.3857 1.84609
631 28.5292 36.8506 1.99285
632 32.7784 29.6876 -0.738776
633 30.2068 25.6854 -2.44873
634 38.6504 34.4978 -2.34646
635 25.3186 24.471 -1.73005
636 26.2253 6.1563 -3.37404
637 37.8218 19.8999 0.685842
638 38.3067 27.0053 -2.3478
639 28.4383 9.52436 -1.43333
640 6.3094 13.9201 1.90277
641 21.5328 34.921 2.76866
642 14.0112 39.9008 1.7215
643 21.311 26.9965 -1.36027
644 16.0194 6.19401 1.68229
645 6.04994 6.54799 2.94747
646 13.2204 11.5206 -0.617598
647 13.4675 14.4206 -2.32692
648 28.669 37.1117 0.0012146
649 18.0634 30.4665 1.51203
650 29.1019 7.2318 1.98218
651 29.0177 19.8704 -2.17707
652 0.915101 36.5285 0.501342
653 13.9558 0.326241 1.87078
654 21.4057 14.8145 -1.05084
655 38.2207 39.295 -0.669337
656 13.5035 12.6763 -0.957171
657 26.689 6.69765 -3.96086
658 5.2049 27.128 -1.93304
659 26.2332 2.11747 1.23738
660 28.0774 13.5961 2.39005
661 35.4571 19.4393 1.49293
662 28.511 32.5487 -2.32349
663 17.4575 14.4668 -1.7165
664 29.9634 18.1136 0.966653
665 32.5541 1.13477 -1.29448
666 35.6115 3.28985 2.80219
667 38.1845 33.5678 -3.11527
668 3.73392 35.31 -1.1484
669 13.8565 28.1233 -1.11234
670 37.6034 28.6805 0.9633
671 20.982 37.5418 0.814236
672 9.10931 25.9727 0.0807336
673 35.7824 5.6644 3.34879
674 16.3025 21.9155 1.70095
675 29.4344 19.5682 0.438208
676 28.7875 38.3336 1.39656
677 36.4108 9.44963 -0.12848
678 23.2783 39.7784 -1.03046
679 21.5688 14.9056 -1.59979
680 9.03239 23.3367 -0.732886
681 15.7009 35.5118 -1.82971
682 31.4087 0.668925 -0.276565
683 31.8887 16.4344 -0.885853
684 5.22486 31.6427 0.00333191
685 23.3174 27.5904 -0.0291597
686 2.96227 3.68917 1.07677
687 29.1046 7.83039 -0.766556
688 38.6283 39.2163 -1.76276
689 13.2127 36.6403 -2.51867
690 14.585 26.3056 0.503632
691 9.77141 33.2414 0.383428
692 24.2194 14.3538 4.43121
693 38.4101 17.7956 -0.446889
694 24.1767 29.1086 0.854213
695 12.8036 32.1328 0.643159
696 33.9553 27.1964 -2.36855
697 24.8137 11.3335 0.530672
698 36.6786 8.09502 2.73707
699 23.385 19.5242 -2.38532
700 5.10765 39.1906 0.846065
701 30.6096 5.66409 0.691872
702 4.11033 3.72954 3.09403
703 27.7382 16.3174 -0.978272
704 29.8363 26.7411 1.28787
705 4.81681 39.5077 0.00145947
706 38.1984 34.2183 -3.20725
707 16.8039 8.32717 3.20217
708 27.0511 17.9441 3.64132
709 24.1267 0.00629203 3.96258
710 19.4578 29.6487 1.63385
711 33.0515 33.6447 2.27992
712 29.4965 16.0198 1.83294
713 38.6844 9.17965 -4.16176
714 20.0398 29.5834 1.31963
715 37.373 0.248532 0.699071
716 24.7032 37.218 -1.44181
717 18.8275 29.1046 2.77308
718 12.9037 28.105 -2.38317
719 10.1104 33.4017 -0.0250247
720 19.0406 29.671 -0.425182
721 30.7733 39.8879 1.77786
722 5.0488 4.49798 3.31951
723 16.0637 1.48574 -1.49302
724 10.4192 3.94811 4.03267
725 31.8137 11.0108 -0.841668
726 9.40135 28.4021 2.47458
727 0.902962 31.8047 3.5946
728 36.9511 8.52275 -2.09453
729 19.6576 2.12465 2.50949
730 23.1724 16.4106 -1.70672
731 28.6141 17.894 3.12355
732 19.9483 35.7511 0.301052
733 38.3868 32.1825 -0.881419
734 26.2796 18.9846 2.45789
735 16.0717 16.9493 -0.15293
736 23.6073 23.8208 2.5028
737 36.4184 31.4274 -0.443051
738 14.1865 4.95143 -1.92688
739 13.9428 30.5436 1.50678
740 30.1189 18.9476 0.141868
741 0.226198 34.097 -0.635093
742 21.7339 13.7747 -0.577104
743 18.0057 25.3382 2.2828
744 32.5598 29.4581 1.00157
745 14.179 26.0348 -0.945593
746 16.768 21.4487 -2.08824
747 14.9048 24.1344 -1.5533
748 16.7832 31.6736 0.0436144
749 3.3928 5.85682 1.58197
750 9.48076 34.8759 -1.02248
751 8.24643 37.6358 -1.40782
752 0.776081 14.8443 4.01334
753 5.06632 22.9116 3.15372
754 34.3294 14.8755 -1.08216
755 24.434 9.31668 -1.94463
756 31.1287 10.9642 1.22994
757 18.7749 20.0783 -0.0041657
758 33.0254 33.9502 4.42817
759 9.67181 30.3258 0.199922
760 30.4704 34.3545 -1.41141
761 16.2767 11.9387 4.07101
762 22.2482 28.9875 3.83997
763 21.2974 4.14534 0.353515
764 26.7625 7.44389 3.63417
765 29.3976 26.8417 1.05095
766 11.9435 16.8201 -3.43975
767 31.7695 17.3355 1.54403
768 5.30683 9.48123 1.55864
769 23.1888 29.25 3.30458
770 12.4315 27.6567 -3.05221
771 0.00712817 18.8721 3.15601
772 15.9838 31.332 2.46781
773 30.4271 29.8021 0.248306
774 39.2467 38.5664 3.11304
775 23.8781 15.7648 4.20439
776 9.35775 23.7905 1.00844
777 35.9044 19.7963 -0.99169
778 28.6679 25.2805 -1.24396
779 25.7091 38.6184 2.47748
780 0.237179 4.72739 2.51516
781 28.3267 1.0668 2.4353
782 12.356 3.39024 0.846369
783 20.8964 11.736 3.33828
784 29.1021 1.73429 -2.57612
785 24.419 25.408 -1.21704
786 9.38352 27.5822 3.39175
787 28.2913 4.93007 -0.46079
788 39.845 28.6793 -2.61705
789 38.9581 16.633 0.173607
790 6.51434 35.2185 -2.76678
791 21.6635 17.762 -1.42066
792 9.26298 29.7146 0.659884
793 19.569 35.9988 -2.34154
794 19.5134 21.1751 -3.3924
795 9.51853 11.3269 -1.51554
796 18.1656 26.1034 -1.53025
797 5.41478 33.2716 0.891315
798 26.885 5.09422 -2.56892
799 19.5725 36.2164 0.511565
800 30.9828 8.77909 3.90498
801 25.7183 12.8991 0.700022
802 36.0923 8.70758 -1.45486
803 6.94532 35.914 -2.12684
804 39.2322 14.9382 3.99079
805 33.457 21.7627 -0.865202
806 7.7776 21.7257 -2.20152
807 29.1741 5.10088 -2.82888
808 29.1794 26.2317 0.0322613
809 14.0483 13.8718 -2.16268
810 16.4794 37.1901 -2.45766
811 9.58578 28.5869 1.86825
812 16.2916 35.7006 -3.26898
813 35.188 1.35445 -0.0738666
814 28.7602 32.1694 1.10433
815 30.2304 17.9169 0.317219
816 9.59309 32.7463 -0.500601
817 11.917 30.5098 -1.35906
818 10.2886 8.53509 1.3746
819 26.3245 0.820684 0.877432
820 38.6118 39.3849 2.68905
821 18.1177 11.1463 -1.77282
822 6.61312 8.96685 -2.51317
823 38.1653 0.0734128 -1.37853
824 0.0602012 10.6517 -0.537249
825 34.5847 26.5262 -3.58873
826 4.71218 9.40831 1.94458
827 34.9105 12.7862 1.95161
828 25.0441 10.6681 -1.24916
829 14.0894 1.01606 1.32892
830 13.6016 22.7749 -3.04977
831 13.1879 36.2277 -2.73231
832 37.3108 27.2149 0.220397
833 15.214 23.0882 -1.64504
834 18.7536 7.61603 1.15712
835 7.81475 31.6848 -0.486742
836 20.1662 35.7301 -1.87246
837 39.0831 29.7932 -0.66823
838 29.4616 12.7413 2.96311
839 35.5938 25.4747 1.64221
840 25.2748 22.1798 3.11335
841 28.7233 37.5481 0.147984
842 24.8338 31.0018 -3.43106
843 14.4734 2.61903 4.03228
844 9.42054 11.6726 -2.73878
845 0.566025 30.4582 1.25116
846 15.3864 34.98 -3.3366
847 39.7522 23.6626 -3.9269
848 26.9129 13.8559 0.2769
849 9.32947 21.1453 -0.510637
850 1.91571 38.8045 -1.91468
851 36.8502 38.6035 1.05426
852 23.9877 29.1276 1.1348
853 31.2141 25.6263 -2.10571
854 2.81453 35.975 3.88607
855 18.6088 2.52049 0.0414741
856 18.7209 29.8073 0.861108
857 6.41776 19.8952 -2.18621
858 37.8474 26.4577 -2.64873
859 17.9413 1.1795 -0.303588
860 31.1082 23.2116 0.680124
861 0.502026 13.4224 -1.21202
862 2.79542 35.1477 4.53688
863 15.0909 22.0587 -1.32463
864 26.4761 12.8958 2.77036
865 29.2398 27.0211 2.23326
866 29.174 37.7917 0.563844
867 14.1868 38.9997 3.31049
868 32.5293 24.36 2.47015
869 34.6412 13.8775 1.85231
870 5.07955 39.5753 2.06222
871 20.5013 20.2444 -2.96373
872 31.5587 23.2925 1.05762
873 18.7996 16.3783 -0.526354
874 33.858 7.92256 -1.98928
875 3.17839 8.82087 0.0390151
876 2.22214 6.13731 2.11293
877 37.1448 39.1243 0.742947
878 2.60997 39.5363 -0.532005
879 3.46169 34.372 -2.10433
880 39.3479 21.6116 -1.33122
881 14.4943 22.352 -3.02184
882 20.0084 4.2299 1.67049
883 2.14614 24.5023 0.603955
884 13.7646 17.6058 3.24437
885 9.09103 11.4793 -0.277172
886 13.4399 27.6719 -1.74168
887 35.7802 17.384 2.15159
888 36.9939 34.2586 0.23245
889 5.12945 12.9838 -3.24537
890 23.0779 15.6158 2.32327
891 23.2984 19.3977 -3.26215
892 29.4483 6.81458 -0.147145
893 30.3219 28.1358 1.2199
894 34.5405 33.7222 -0.941322
895 31.4421 19.4938 -1.05863
896 15.7816 34.8524 -0.886458
897 6.50354 7.07663 3.14784
898 18.1763 17.1766 0.0190213
899 7.92936 30.4903 -2.33082
900 15.3232 7.6278 3.27137
901 2.49766 37.4609 3.09198
902 1.62515 33.5969 -0.410325
903 8.66981 29.8993 2.05844
904 17.7574 2.84739 0.236729
905 19.5602 30.013 0.554604
906 26.2986 25.3712 -0.808726
907 23.6756 28.482 3.74694
908 28.6418 37.9263 1.9997
909 22.0972 5.17885 -1.84043
910 34.2786 16.9211 1.17932
911 30.8532 25.159 -0.639444
912 21.1324 26.2023 1.59425
913 39.0168 22.6071 -2.86119
914 8.70846 26.3276 1.89201
915 35.3373 39.783 -1.4182
916 24.6156 22.6325 3.49645
917 6.5931 31.2775 0.62534
918 3.53215 38.3451 -1.8908
919 29.8613 17.11 3.16279
920 2.03353 16.9871 -2.80145
921 33.8775 22.6018 -1.4381
922 23.7038 11.2936 -1.60861
923 10.244 27.0729 2.61131
924 25.0756 37.8542 -4.27028
925 21.2217 2.61734 0.448979
926 23.1617 38.2349 -2.51242
927 8.72918 33.2117 0.517848
928 36.3269 2.54892 1.22568
929 37.598 32.6748 3.33483
930 14.0561 8.07967 1.318
931 24.2414 15.1965 4.33008
932 12.7526 25.0225 4.11654
933 12.2601 8.39792 2.128
934 26.569 27.8391 -1.72062
935 0.875482 3.52355 -3.76134
936 3.87474 26.5527 1.31336
937 9.22337 38.9614 -2.4427
938 18.0275 23.0723 0.789371
939 25.9882 7.45118 4.2619
940 15.3976 22.2551 -1.89956
941 21.3714 22.3683 -0.319224
942 4.16089 10.0405 2.61003
943 11.3979 5.12932 0.583394
944 37.5213 26.2192 2.00808
945 8.9008 3.90239 2.26186
946 18.9752 24.4644 0.454058
947 26.0722 5.19975 -2.87505
948 9.97278 32.7846 -0.856009
949 7.7904 7.26728 -2.29286
950 32.3287 22.4364 4.76062
951 24.1372 10.26 -1.49417
952 14.1699 13.1192 2.99531
953 36.1789 9.536 0.0521304
954 4.23754 36.6003 0.688817
955 0.585465 10.1818 -1.11128
956 32.1756 7.45652 0.661088
957 31.8969 13.4717 -0.281117
958 1.44117 31.1397 1.80852
959 30.0582 31.1643 -0.0935475
960 6.55106 6.18232 2.41492
961 2.3855 36.3814 -4.75389
962 13.8336 32.7685 2.08033
963 13.4764 26.5684 -1.48386
964 6.42875 11.3463 1.66441
965 0.185496 30.8136 -0.87424
966 16.3102 18.1734 -3.71101
967 26.401 38.4115 4.20019
968 34.4913 33.0178 1.28595
969 13.8803 37.8145 -1.74109
970 25.0842 0.50956 3.96719
971 1.26641 10.5001 -2.03665
972 7.38739 21.9155 -0.690623
973 10.6876 21.1716 1.46334
974 28.0112 16.6719 0.780248
975 13.8087 27.7348 -1.49177
976 5.57713 4.65152 3.46282
977 6.49211 3.20279 2.83421
978 14.2814 23.5121 -2.70598
979 2.67005 32.4796 -4.45162
980 37.9664 12.0652 -1.51006
981 3.38397 6.40336 -0.0787829
982 4.391 3.4389 3.09245
983 23.5081 14.6932 1.99488
984 10.0761 33.0589 -0.649874
985 6.46747 21.0454 -0.839611
986 28.6122 16.33 0.292652
987 8.28476 7.4674 -3.75348
988 2.2886 36.2004 -3.42129
989 17.92 27.6728 -0.759525
990 29.1807 22.6546 -0.726409
991 15.2299 23.6715 0.515892
992 0.0699133 14.2824 -3.74749
993 7.91677 21.3261 -2.21725
994 27.5036 20.652 -0.78358
995 9.71194 21.5391 -2.14695
996 32.4597 18.2778 -1.05189
997 36.5968 9.53745 0.193386
998 37.7397 1.89225 1.02094
999 32.0083 29.0608 -1.4976
