1000
Particles
0 6.17361 33.6748 -3.27445
1 28.0497 29.351 -1.43109
2 14.8954 8.07892 -0.0844346
3 11.0558 39.8497 2.18984
4 19.7476 24.3096 0.380651
5 16.7387 15.0468 0.484968
6 31.0595 2.14098 -1.28375
7 31.4561 19.0214 -0.589222
8 9.83111 15.9415 2.22117
9 1.32609 25.1379 -2.44152
10 25.2127 2.77092 -1.15538
11 10.5253 29.9337 -0.956298
12 32.6451 30.9972 -1.39838
13 18.2465 2.51199 3.90666
14 23.9014 27.2191 3.03999
15 14.6902 28.4445 -1.95653
16 28.5928 27.9229 -1.47472
17 37.9817 24.0275 1.86674
18 34.0677 14.964 2.42926
19 11.5416 27.6508 -4.73454
20 38.6261 9.59237 0.13724
21 0.634677 0.884013 1.08681
22 8.39378 6.28089 4.88079
23 36.4622 22.7127 -4.49668
24 33.0543 9.35684 -0.798221
25 3.12168 28.9817 2.14241
26 22.3577 32.9215 3.07014
27 18.1918 10.5997 -1.58594
28 12.3462 35.2247 0.0350996
29 31.1357 1.74131 -0.0592495
30 15.733 17.9254 -3.51177
31 9.80044 9.20219 0.479268
32 28.6707 0.827597 -1.07068
33 7.59565 31.2316 -1.37906
34 25.7642 26.9325 3.69507
35 23.6174 20.8866 -1.09929
36 17.8049 2.52692 2.90365
37 34.7406 28.6738 0.766691
38 30.6586 3.13487 -2.54253
39 37.0039 22.2257 -2.32559
40 38.459 39.2913 -0.586811
41 15.2376 10.0337 -2.64095
42 37.3192 18.5646 -2.31921
43 21.9612 23.4986 0.00273855
44 20.1372 22.9549 -2.37983
45 2.76995 20.6273 -1.97779
46 36.9605 8.27748 3.50991
47 28.6458 13.7915 -0.106779
48 4.34566 1.58284 -2.34314
49 6.74891 35.4335 4.5738
50 6.17662 31.184 0.0400731
51 24.1667 4.8253 0.823299
52 34.3906 8.22375 1.33021
53 18.4392 6.03813 -1.91373
54 25.3183 12.5483 -3.65286
55 8.61242 13.0061 -1.97097
56 13.3984 15.9348 -2.77514
57 9.63162 34.6001 -3.67689
58 29.1878 25.9281 2.9332
59 5.63791 33.432 0.104744
60 7.82856 22.3311 -0.753429
61 23.5459 36.95 -0.644489
62 0.728222 2.53387 -1.29576
63 11.7609 15.2612 -1.57423
64 28.9434 30.4834 0.255627
65 8.27571 38.4124 1.6221
66 2.22807 18.619 4.06022
67 24.488 23.4818 0.400119
68 0.881558 7.60403 -3.36964
69 14.1036 39.5865 -0.492848
70 11.2356 6.0138 4.07343
71 18.7626 17.5514 -0.590933
72 5.02699 11.9066 3.39691
73 22.6766 28.3512 0.0110825
74 9.47908 5.80882 2.61428
75 29.5103 34.3523 -2.65491
76 26.5493 3.47218 -0.858968
77 7.59624 27.8291 -1.49944
78 4.77878 32.9827 -3.1914
79 2.78482 2.33731 1.69069
80 39.4215 13.5715 -1.54958
81 14.8502 36.1669 3.04558
82 12.3886 12.1496 -1.69485
83 11.8008 28.4128 -4.1718
84 24.7267 8.88947 -0.819117
85 0.612072 19.0472 -3.31459
86 21.2692 12.8708 2.76679
87 27.7406 32.4878 1.7376
88 7.79598 39.1862 -1.42475
89 8.02563 2.70947 2.63703
90 0.23514 33.797 -1.76238
91 26.2894 19.946 -1.01196
92 22.0627 28.5371 0.811682
93 10.1856 39.9683 3.56261
94 16.183 26.4762 3.18412
95 19.034 2.24476 3.12463
96 8.13083 38.3026 -2.6519
97 18.5186 39.9916 -2.9631
98 6.09657 19.1359 -1.63118
99 11.3018 6.35738 4.60571
100 32.0673 19.7312 -0.174717
101 17.2314 23.704 -3.24618
102 23.3938 35.246 -2.38684
103 18.6857 39.4624 0.361884
104 22.156 6.55411 2.42237
105 12.3693 37.8203 0.734326
106 36.9403 22.019 -4.61038
107 18.7278 23.3001 3.11779
108 0.42609 24.9801 -1.97764
109 0.227169 32.0282 -1.32834
110 1.50733 33.9221 1.31888
111 32.2309 34.5579 -0.0956684
112 33.6087 3.23098 -3.91647
113 34.4594 35.7657 -0.162067
114 30.8059 24.969 2.33719
115 26.8477 16.8307 1.03343
116 19.9429 34.7428 2.22981
117 33.2288 30.759 -1.12671
118 18.6946 6.96965 -0.78336
119 32.5507 12.5819 1.422
120 24.2592 32.2553 1.20467
121 18.1714 16.8854 -0.630615
122 28.9954 26.2147 -0.438924
123 8.47928 30.0369 0.442366
124 13.5241 38.6627 0.383097
125 22.7737 5.89778 2.38019
126 30.6027 35.7219 -1.52274
127 30.596 5.96419 -1.13583
128 28.0542 4.91647 -1.9751
129 0.200871 17.8676 3.01786
130 26.4266 11.1855 -1.35613
131 23.1378 26.4444 2.05916
132 18.0334 0.330753 -2.36225
133 0.663501 0.888728 -0.700397
134 7.91044 33.2949 -1.18049
135 18.9977 2.22238 0.610143
136 26.6922 3.53315 -1.44746
137 21.5392 23.2813 0.079828
138 2.11154 17.1708 0.0922448
139 15.2068 35.2285 -2.88473
140 30.917 39.8515 1.15355
141 29.1255 3.1745 -0.0821705
142 19.8555 18.6425 1.04521
143 20.715 18.8452 -0.204696
144 2.63248 30.4632 -1.93415
145 23.8351 26.7945 3.00194
146 32.9665 11.0413 0.947664
147 38.7946 32.6448 -1.18834
148 30.4732 9.04368 -0.540827
149 11.8698 14.1217 0.385141
150 11.4821 27.0833 -1.94384
151 26.6387 4.02971 -0.859922
152 16.0968 11.1812 -0.639551
153 18.677 10.5574 -3.77854
154 25.863 38.7143 -1.28105
155 38.7574 25.869 -1.61243
156 39.3849 24.3644 -3.22268
157 18.8033 2.94175 1.38546
158 13.2643 1.70565 1.21114
159 25.5334 31.7434 -3.29052
160 8.66716 18.5369 -0.470266
161 12.4081 26.2744 -0.34409
162 25.448 23.108 -3.15153
163 10.8158 9.32335 2.53415
164 22.0508 10.8757 1.57112
165 33.041 4.98573 1.14318
166 34.986 2.50647 -1.84318
167 6.44893 36.3639 3.54365
168 35.8988 26.3128 -2.5904
169 4.22505 4.42955 1.2461
170 35.6188 34.8311 -3.56621
171 23.7095 28.3421 1.63791
172 9.82464 20.5273 -1.10389
173 35.7336 29.505 0.600769
174 21.5971 12.2594 0.864347
175 37.7673 12.2293 -1.02092
176 24.5186 22.9269 2.44248
177 10.0801 7.15395 -0.866655
178 33.0315 22.8715 0.910335
179 22.0884 12.3468 2.58748
180 17.1764 7.43006 2.2306
181 13.3502 27.8062 -0.868448
182 16.5147 23.2033 0.144387
183 39.8565 18.7383 -1.78621
184 1.09849 39.6602 -3.21125
185 9.89752 8.22301 -2.82337
186 21.924 36.1179 3.18091
187 37.8928 8.42729 -1.1139
188 10.2337 11.9095 0.773272
189 8.59765 16.2597 0.326017
190 23.848 23.7597 1.88047
191 15.2931 27.8104 0.718298
192 1.32805 0.539539 -2.77737
193 24.4449 26.4607 0.496696
194 18.4574 20.2956 2.62976
195 5.879 19.2952 0.983718
196 32.6698 4.77379 1.35793
197 12.0924 36.2588 2.53652
198 30.1185 16.6599 1.6205
199 18.6879 12.7671 0.0966837
200 37.4367 34.0935 -1.04221
201 2.14426 14.6856 2.79037
202 11.7436 15.8305 -2.04153
203 21.1564 20.8213 1.11728
204 33.1078 25.2453 3.6407
205 7.12001 30.6008 -1.13599
206 7.51039 4.50667 3.05986
207 33.1347 0.857798 2.42748
208 32.7315 20.0923 0.596387
209 2.0555 37.4411 -0.588066
210 18.2131 21.7943 1.30482
211 33.4669 20.1898 1.8605
212 30.3456 32.4595 -1.98003
213 39.0759 0.792544 2.17774
214 29.0785 22.0343 0.310508
215 5.03945 15.2503 -3.70206
216 29.4835 27.4874 -0.482405
217 11.8855 10.2869 -0.432457
218 9.64117 13.2313 -0.725964
219 25.7024 36.4154 -0.653353
220 12.6404 4.74959 0.822487
221 18.5811 21.9528 1.51027
222 39.4543 32.7737 1.69057
223 16.5465 21.2199 4.19229
224 4.65995 27.1056 -0.84065
225 1.28882 9.5089 3.8035
226 26.4271 12.522 3.73527
227 8.01451 8.62057 3.4917
228 15.691 2.77405 0.300171
229 1.22765 25.3038 0.0381361
230 37.1966 38.7732 3.39498
231 15.4592 30.0991 2.22611
232 35.8968 33.8156 0.394272
233 32.7552 4.35939 -1.26368
234 0.773723 9.56403 3.17032
235 0.330936 9.3488 0.577663
236 22.2434 6.35419 1.56216
237 15.5425 21.3428 -3.21483
238 11.8249 9.93553 -2.19475
239 31.8966 13.3741 -0.613368
240 17.3007 17.0867 -1.4827
241 1.14904 29.8738 -1.28215
242 32.0749 39.8167 2.86068
243 29.796 33.9157 -1.65445
244 5.90432 6.57338 -4.0163
245 14.2066 30.5782 -2.29575
246 27.3293 6.16498 -3.87009
247 4.74548 4.69597 0.108336
248 7.35577 27.2973 -0.752769
249 6.88296 1.78346 -0.770226
250 24.3053 3.94129 2.0101
251 28.1844 4.96679 -3.88199
252 27.8643 13.0195 2.06459
253 32.2903 14.7729 0.0696564
254 11.7062 36.8066 0.31652
255 30.0897 25.0829 3.18557
256 3.93846 4.16228 1.79552
257 29.1228 16.3372 0.885675
258 27.6176 2.91121 -1.74509
259 37.4616 18.7367 -2.87911
260 0.828225 5.30439 -0.0928019
261 31.734 19.918 0.441254
262 31.1156 38.2918 1.16898
263 3.53244 34.5804 -4.19196
264 8.49806 21.361 -3.35623
265 3.2484 27.3634 -2.30217
266 3.29312 16.3754 1.84454
267 11.9934 16.2438 -1.81335
268 17.208 20.4337 3.19735
269 39.7883 35.8498 -0.00205787
270 34.7908 14.0685 2.8968
271 38.6218 12.7749 -1.90162
272 19.6275 20.3885 2.40973
273 36.4919 33.1516 -1.85531
274 10.31 0.517209 3.42581
275 10.0797 33.072 -2.0817
276 31.5326 19.8816 -0.938042
277 2.78419 18.2656 3.74826
278 7.60808 11.5401 1.96001
279 14.0603 29.9386 3.27637
280 5.51259 33.7761 -0.849988
281 24.1711 23.7282 0.50632
282 11.4869 15.1184 -2.9538
283 24.6721 4.38797 2.19021
284 34.5005 19.4725 -0.114933
285 4.86824 31.0212 -0.1544
286 0.156644 8.01469 0.451452
287 13.3524 16.3309 -1.99794
288 5.29932 2.13162 -1.86137
289 8.90374 33.2599 0.324594
290 29.883 27.8416 -4.45581
291 14.7866 3.80406 2.10972
292 28.6231 20.9136 2.66073
293 18.254 9.553 -1.26917
294 29.239 27.1968 -0.468025
295 17.5161 14.5803 0.0808576
296 25.2847 27.5398 1.12722
297 0.273702 33.0139 -1.44725
298 23.9447 4.54808 2.63482
299 18.7588 27.705 -1.8461
300 16.7386 14.6004 0.176399
301 24.9141 26.6714 3.65667
302 25.8297 39.9482 -0.0102973
303 1.78683 16.9827 -0.579181
304 9.87216 31.6233 2.89565
305 0.689761 21.1716 -0.497571
306 23.5525 18.5929 -4.15409
307 11.7329 22.9889 3.07475
308 5.62168 26.6594 3.16357
309 18.9244 39.3036 0.0880902
310 15.754 21.3254 -0.205008
311 24.0169 24.7118 1.94276
312 36.2039 26.1237 -1.99437
313 24.8594 7.92609 1.21904
314 20.6185 39.8892 -0.945843
315 4.24269 39.7801 1.12714
316 31.2002 37.3004 1.02285
317 17.583 28.3834 -1.40554
318 24.1126 28.8867 1.59249
319 8.81977 8.2579 -3.37982
320 11.8014 17.1624 -3.29023
321 26.8234 9.73259 -0.440934
322 4.34293 2.03045 -3.31713
323 2.27456 39.0237 2.59791
324 26.8795 14.863 3.8629
325 11.6048 28.7269 1.28041
326 13.9426 8.17569 -2.64149
327 10.306 32.681 -1.31274
328 13.2031 31.7958 -2.32641
329 16.4134 19.1901 2.53961
330 1.25195 13.9387 3.85559
331 22.5242 5.21601 3.21905
332 35.6775 3.74393 4.51601
333 32.3191 27.1075 0.743106
334 14.9611 9.26247 -2.81024
335 2.01985 37.1459 -1.02354
336 24.3666 9.8009 0.251861
337 8.41399 23.1053 0.657458
338 24.4433 25.5026 0.32282
339 39.5745 33.6294 0.291116
340 17.9383 13.743 0.794273
341 31.1397 25.1212 1.70807
342 16.6491 12.0505 -1.10468
343 8.8523 13.9147 -0.398017
344 10.1899 2.12169 0.241583
345 3.42079 32.817 -0.08433
346 17.7737 13.1946 1.2179
347 8.87192 39.7335 -0.934837
348 12.7423 16.3437 -2.58473
349 18.8808 22.3153 0.980689
350 9.99865 11.7762 2.29192
351 39.2836 26.3888 -1.72472
352 25.9543 23.6955 -1.58675
353 20.8108 16.0184 -1.13945
354 4.97743 36.3901 -2.10344
355 15.2734 20.3654 3.44253
356 0.955479 38.4628 -1.99586
357 8.62849 12.3258 -1.75399
358 10.5144 13.5201 -1.12424
359 21.2872 24.8324 0.316764
360 29.9837 26.0992 0.834802
361 31.1622 31.699 -3.73136
362 32.0891 27.2624 -0.166795
363 35.4669 13.0513 -0.238669
364 14.5555 11.2127 -3.13369
365 0.245957 35.2173 -1.78267
366 7.42533 39.891 -1.18041
367 4.27856 39.2619 1.6754
368 19.2509 10.3321 -0.47357
369 19.0596 10.2774 -1.55402
370 23.0828 34.1068 -2.66616
371 34.3198 16.6014 0.200964
372 21.5203 26.0857 -1.001
373 17.6859 18.7129 0.975552
374 8.34023 11.4961 -2.30256
375 7.75359 8.16297 3.628
376 37.6842 30.5458 -0.310942
377 33.3184 8.65575 -0.942454
378 18.5474 6.38834 -1.43985
379 6.28768 37.0678 3.73932
380 34.0005 36.9662 -1.34146
381 14.195 38.4062 -0.522368
382 1.85957 15.8608 1.95751
383 19.1874 27.1957 -3.16888
384 29.1949 8.89224 2.08888
385 19.0331 27.5334 -1.71216
386 26.6035 11.3177 0.905994
387 1.55748 2.22689 -2.89075
388 32.7646 30.3823 -4.79222
389 16.2121 1.48682 -0.989451
390 28.2433 9.45673 2.42214
391 8.50232 10.3634 1.52689
392 25.8178 19.055 0.372612
393 21.2829 37.2235 -1.43999
394 27.3582 9.67224 2.42163
395 1.23317 14.3333 4.24228
396 14.1083 39.2367 3.23107
397 8.99482 16.0597 -0.660144
398 29.6692 34.3034 -3.30435
399 29.7052 11.465 0.562088
400 6.75684 1.08744 -0.440894
401 28.0871 28.0878 -1.41992
402 37.3624 12.5356 -3.98725
403 8.74375 30.4723 1.59956
404 21.297 31.7777 3.56505
405 4.33872 23.0784 -3.7755
406 19.1923 7.04455 -1.6684
407 0.460487 12.3338 -1.00137
408 11.6583 5.26923 4.25852
409 29.5158 9.41206 1.01353
410 18.1587 23.0063 -1.39727
411 18.5605 34.0304 1.27872
412 4.68016 4.04248 2.30157
413 7.06621 21.6432 -2.13621
414 10.7652 6.68152 3.23301
415 10.4356 27.3758 3.18648
416 6.99685 33.7835 -3.11033
417 1.92143 2.87969 -3.02697
418 24.5623 23.5032 -0.653995
419 26.1684 10.0126 0.319378
420 26.5814 39.2221 -1.95956
421 10.3626 10.9994 1.83594
422 9.96831 14.0989 0.562685
423 36.5266 10.1419 -2.67565
424 24.2079 18.4307 -3.53174
425 21.0639 4.81837 2.58401
426 12.2327 17.2952 -2.95437
427 19.3966 24.3271 -0.380027
428 7.83795 5.16713 4.11273
429 39.0453 4.26423 2.99681
430 10.5054 15.4697 0.962847
431 7.15892 8.70514 2.36053
432 14.7616 31.6837 0.114507
433 26.568 23.76 -0.779847
434 11.8631 20.8661 3.04388
435 2.59494 30.5979 0.170144
436 37.3265 31.2572 -3.29208
437 8.05231 5.02021 2.2142
438 0.0327051 37.9067 -0.0220004
439 37.4743 19.0635 3.05161
440 21.3342 6.74788 1.36207
441 18.7234 36.5157 0.860538
442 16.7623 13.2807 -1.09577
443 23.6521 27.1731 0.754801
444 14.0815 20.488 3.50279
445 12.5139 19.4974 -4.55226
446 19.4555 7.46286 -2.00549
447 12.5332 6.86517 0.6366
448 31.6073 22.9766 1.90798
449 14.548 16.0477 -1.0217
450 7.47613 14.8565 1.30694
451 33.5369 16.1439 -0.0231366
452 9.47757 9.3937 -0.775192
453 6.88313 16.0279 -3.28323
454 37.1046 9.53226 -0.0228038
455 26.8651 39.0954 -2.37946
456 10.277 11.0858 0.570206
457 25.6615 12.6056 -4.04542
458 24.0017 17.5045 -1.9165
459 17.4426 38.2875 -0.86963
460 6.76043 2.35764 -2.2554
461 10.9894 4.70359 -1.28116
462 18.5713 22.3178 3.39606
463 7.47632 33.7289 -0.881439
464 27.4587 35.2394 2.5362
465 26.8346 9.74871 -1.20698
466 32.8355 24.9401 -1.00021
467 6.93003 33.5828 -3.08592
468 13.3272 31.266 -0.920714
469 26.7899 35.1226 1.24017
470 12.4169 14.4715 -3.25387
471 30.8771 30.9588 -3.59637
472 17.8446 1.93499 3.84031
473 15.4528 38.2524 -3.32093
474 8.16226 38.9226 0.881223
475 35.2892 38.8768 0.139963
476 15.5827 17.9842 -1.87856
477 12.3531 36.053 -0.644115
478 29.3093 27.4493 -0.866713
479 39.185 32.1886 -1.58108
480 38.1512 24.9852 3.33564
481 32.2368 0.773278 2.86384
482 13.3276 39.824 3.18956
483 8.38748 36.6866 -0.996833
484 24.6069 38.9635 0.776478
485 3.46545 35.7269 1.46335
486 16.1849 29.131 -3.28241
487 33.4419 31.5866 -2.3839
488 39.3006 7.92494 1.36029
489 21.3394 6.03258 2.7826
490 0.444566 7.21183 -3.71644
491 17.9063 14.8301 -0.534008
492 19.4765 37.4805 -1.53436
493 1.77388 30.1227 0.112444
494 9.20777 13.4305 0.1889
495 36.9342 9.5558 0.304492
496 27.1685 26.1751 3.35717
497 14.3647 38.1138 -0.233155
498 21.4635 12.9374 3.26627
499 8.9908 19.3206 -0.0275915
500 8.88905 9.95435 0.301075
501 32.7603 8.67957 -1.99396
502 6.19192 3.44871 3.54507
503 24.1336 26.13 1.1162
504 4.63152 2.58931 -4.7819
505 10.0975 7.62497 -3.34569
506 30.1954 25.8958 1.1516
507 24.2287 11.8769 -2.96393
508 10.439 29.949 -1.57885
509 18.0256 0.257718 -1.64536
510 33.5036 10.6027 -1.00227
511 21.2984 31.544 3.38241
512 31.2064 25.3559 1.32079
513 18.6643 22.6932 1.4312
514 2.42163 34.3054 4.26531
515 15.479 14.8388 -1.12933
516 15.8723 35.9344 3.89336
517 12.6807 12.9159 -1.90079
518 35.5561 2.96864 -1.88187
519 22.6172 21.6938 0.0112148
520 2.10159 2.8264 -2.85294
521 39.632 34.6541 -1.10125
522 29.8639 22.2297 0.0614639
523 12.0955 21.1319 1.57035
524 17.0811 24.1535 -0.778699
525 12.2201 13.779 -0.0553693
526 18.0139 26.7169 -2.92667
527 11.3857 2.4899 3.79196
528 17.9286 7.86644 3.59932
529 32.5672 35.2852 -0.626707
530 26.7755 14.6451 2.98492
531 26.582 39.2932 -2.64698
532 19.2544 0.951309 3.28826
533 3.73685 32.3975 -1.98237
534 8.73721 27.9361 -0.181058
535 31.7709 8.07108 1.57659
536 38.8584 15.2392 0.408251
537 0.946164 26.3288 -2.04488
538 20.2259 38.8815 0.394353
539 21.2455 16.7047 -1.01304
540 35.4835 16.1798 -1.59218
541 23.5141 24.6991 -1.22936
542 31.0286 36.5651 -1.52609
543 6.61979 16.7381 -2.05809
544 39.5304 32.8959 -0.316245
545 5.10259 22.3893 0.78229
546 34.7243 38.9232 3.25279
547 3.63129 11.7884 -1.31893
548 37.2358 2.22216 3.00838
549 39.9893 31.5263 -0.534926
550 37.9394 30.5332 -2.08816
551 34.5205 7.72681 0.370171
552 14.3784 0.821168 1.50129
553 8.85468 32.5636 -2.33065
554 14.3339 5.34958 0.0858796
555 36.3212 8.19486 0.997481
556 37.8424 14.7243 -1.7163
557 8.27041 10.7599 1.39792
558 26.2983 3.59504 -2.54878
559 30.4265 31.9472 -3.8391
560 36.7508 22.6549 4.64521
561 0.629004 36.4589 -0.0332988
562 10.286 24.56 1.06916
563 5.87071 11.2932 0.544815
564 8.66665 24.3872 -0.674868
565 6.15954 23.1989 2.64824
566 16.4864 39.7114 0.493007
567 29.1428 14.7914 0.0456079
568 2.68492 4.01412 -2.601
569 29.2672 29.6421 -0.172492
570 5.75631 26.8737 -0.363203
571 14.8098 10.5211 -2.12987
572 28.3921 27.0981 -2.43398
573 21.0103 32.7126 1.99137
574 8.86155 24.5923 -0.47593
575 13.317 16.7746 -1.564
576 4.24524 3.78716 -0.926357
577 23.1956 33.4192 -1.94583
578 10.4177 33.144 -0.0297647
579 14.0712 13.231 1.46382
580 6.80661 26.0967 3.25667
581 5.62822 23.9435 3.25156
582 16.3345 20.8588 2.37862
583 20.3499 29.656 2.22556
584 3.549 11.8829 -1.46062
585 1.92512 25.0659 -0.418351
586 22.4818 21.9352 -0.193873
587 29.3878 37.0576 -0.397764
588 19.3525 34.9836 1.18537
589 22.8659 10.9845 0.563329
590 4.12209 8.32022 0.494542
591 13.2737 27.2991 -1.70838
592 26.1121 25.7907 1.89013
593 5.51256 20.5618 1.38996
594 5.48007 6.97449 -1.01837
595 30.8463 27.7509 -1.90343
596 0.0628385 1.89812 0.289918
597 26.8845 9.92803 1.23919
598 0.799178 14.8667 2.20156
599 8.8265 38.4271 0.275691
600 38.7196 38.2393 2.25192
601 20.0131 36.1354 0.0152705
602 16.6512 17.3392 -2.33549
603 16.2734 6.6764 0.796106
604 33.554 33.9504 0.122595
605 19.0666 23.1045 4.17445
606 38.0945 31.3767 -2.60939
607 39.2663 13.2254 -0.704893
608 4.96075 2.07061 -3.44657
609 28.0246 9.86732 -0.783756
610 32.4293 26.8954 2.38031
611 38.2101 25.9773 -1.38684
612 21.2734 8.84618 1.02335
613 16.2314 10.1946 -2.70239
614 37.0064 39.4208 1.7054
615 31.402 3.46136 -2.89194
616 34.5725 17.2495 -1.04447
617 25.8316 26.2678 3.14342
618 6.33211 3.09349 -1.7243
619 22.1408 29.7078 0.742907
620 36.8467 3.03459 2.86978
621 23.5936 19.7518 3.09178
622 30.9532 7.26871 1.13214
623 19.6291 19.2216 1.86727
624 36.6308 8.49913 3.25549
625 12.6624 6.7511 2.16442
626 4.21383 2.85228 0.492313
627 6.90786 0.366792 0.428271
628 16.7737 6.62313 2.73437
629 26.3134 8.20872 0.805902
630 0.709673 2.48667 -0.736228
631 29.8616 2.69296 -2.79707
632 38.2629 33.1118 0.129744
633 6.22822 22.5514 1.16031
634 36.8274 11.7535 -0.00280818
635 30.4586 24.4402 2.51483
636 24.1916 12.8844 -2.67963
637 3.80115 33.6154 -2.25176
638 32.6697 28.5815 4.83292
639 29.833 22.7872 0.520345
640 12.896 16.0848 -0.179131
641 36.249 8.5853 -0.440832
642 12.0774 31.3707 4.78489
643 28.3648 35.7878 -1.66243
644 11.7514 2.20021 3.14285
645 7.49505 7.86683 3.64521
646 15.9888 4.01027 0.836465
647 8.77898 6.05446 3.62663
648 29.6924 32.2322 -2.17662
649 13.0225 12.2933 -0.0224194
650 26.3591 20.0057 1.5034
651 30.147 18.3638 -3.15421
652 6.20738 30.999 -0.209966
653 3.47935 38.6912 3.47065
654 23.8012 19.0056 -3.70421
655 33.0259 32.7752 1.98215
656 15.1258 9.54065 -0.0303827
657 27.2454 9.77932 1.41879
658 7.26576 23.7029 -2.12486
659 4.66305 1.68315 -3.34306
660 22.6556 20.9443 -4.55429
661 4.72735 14.5525 -2.44844
662 35.5676 0.0989499 -1.28096
663 3.55331 19.1024 -2.0893
664 35.3995 18.5765 2.7554
665 35.232 33.6663 -1.47784
666 26.4599 3.26379 -3.49355
667 32.4815 29.2492 -2.34913
668 9.89127 32.1009 -3.43166
669 8.004 31.7609 -1.86163
670 33.5932 32.7998 4.10691
671 35.1624 39.1252 3.15464
672 14.4408 35.6476 0.916317
673 36.8495 8.63004 3.08498
674 6.69216 18.1023 -3.84573
675 29.9422 13.2641 -1.41032
676 3.57649 2.67756 -1.51161
677 6.83895 18.0868 -3.80496
678 24.3024 0.676145 -2.04209
679 23.5884 25.0989 1.44139
680 25.6247 38.2979 -0.30794
681 16.0654 35.9455 -3.89544
682 37.0326 39.5294 -1.19666
683 20.7582 25.3941 -1.4064
684 5.04899 27.45 0.705493
685 22.4028 25.054 -1.06823
686 1.60866 38.1538 -1.59515
687 19.7806 17.7251 -3.82637
688 25.9521 7.58503 3.88933
689 7.25808 4.71402 -3.22906
690 7.14681 1.00433 -0.308892
691 19.9434 33.6624 2.50471
692 29.7379 15.294 -0.199764
693 1.37862 21.5198 -3.17673
694 31.4105 16.5821 -1.52921
695 9.79172 30.3999 0.459956
696 17.2679 21.7036 0.825114
697 27.5712 4.1863 -3.23501
698 38.9621 13.5943 0.372076
699 1.39975 26.9896 -2.54534
700 7.02533 0.295467 -1.73391
701 14.7187 1.36186 0.930323
702 9.04506 37.1434 -1.01321
703 39.9468 10.9873 -1.65966
704 31.6699 39.9112 1.92975
705 5.66447 23.1766 2.4515
706 35.8769 33.2742 0.791634
707 19.8001 1.76773 0.70461
708 38.1812 22.1128 3.39422
709 29.6534 14.3081 -0.171881
710 17.8693 2.26986 3.1832
711 35.642 33.7509 -1.99303
712 30.1411 26.5234 1.31619
713 34.74 16.815 -2.21731
714 29.0646 36.806 0.668943
715 36.9531 30.9483 -1.21989
716 17.9827 31.4789 3.1282
717 17.6625 31.2746 0.859658
718 4.61413 27.2787 1.79692
719 12.4916 31.5007 -1.85559
720 11.5299 19.633 -0.0482789
721 20.4377 36.8353 -3.5472
722 5.10201 3.49118 0.837715
723 6.23036 39.1147 0.0283007
724 22.9638 1.23116 -0.948792
725 30.266 33.5288 -3.48988
726 1.74285 31.6338 2.09783
727 10.3497 24.5607 0.971039
728 1.54086 33.3472 3.41877
729 18.983 3.02463 0.993162
730 21.2643 9.66518 3.50503
731 34.9457 17.5876 -0.192121
732 23.0962 0.65375 -2.12469
733 24.9739 30.5761 3.22589
734 36.6026 8.85584 1.51727
735 15.8223 32.0997 3.67986
736 24.5402 24.3997 -0.527853
737 1.17753 36.6942 1.20126
738 20.6404 12.3579 1.58221
739 8.31211 21.4896 -0.643259
740 31.1394 19.9193 -0.519775
741 1.88432 20.9182 -2.81834
742 17.6848 19.2455 -0.389311
743 25.2056 24.0035 -0.850264
744 34.2042 21.6842 -3.34043
745 18.3178 38.7997 -1.15199
746 17.091 8.42429 3.37144
747 15.3572 23.7905 0.820464
748 17.4773 33.2834 3.3188
749 9.68034 3.58687 -3.11907
750 2.9599 30.326 -1.59614
751 1.28646 33.2147 2.21445
752 6.51204 18.6248 -1.3796
753 18.3394 21.5388 0.514082
754 30.9731 23.6708 2.51219
755 31.5003 6.33362 -1.30233
756 13.2253 8.73986 -1.83754
757 2.05085 33.9799 2.35627
758 39.6656 18.6208 -3.72595
759 11.0306 27.2322 2.69944
760 38.506 29.7169 1.17008
761 9.29096 16.0316 0.153288
762 18.6087 23.9008 -1.26903
763 5.73555 1.88845 -3.19869
764 15.8411 19.8839 2.07047
765 37.5047 19.0643 4.00208
766 10.2805 12.8649 -1.90846
767 33.3412 11.2867 0.283043
768 7.07765 16.3142 -1.38106
769 13.5109 30.3904 -2.45845
770 2.78336 25.4228 2.14931
771 8.91029 19.9784 -1.64815
772 13.5705 31.2696 -3.12922
773 34.1108 28.6736 1.07293
774 5.16206 32.4945 -1.20838
775 16.3995 9.21889 1.57349
776 10.0084 12.9389 0.44991
777 33.1302 25.2194 0.358187
778 34.2877 27.7793 1.80267
779 18.7899 6.18652 -1.94104
780 0.148931 3.12807 -2.89638
781 14.8276 36.4239 0.542348
782 11.1318 4.45111 -1.28292
783 10.5487 13.1761 0.0680611
784 32.5469 0.329401 3.31621
785 20.0499 7.91867 0.314027
786 6.09005 18.8852 0.474014
787 37.8145 7.05217 0.894046
788 4.85573 32.6456 2.23197
789 0.778281 0.959089 -0.737247
790 8.81607 24.9462 -2.88531
791 9.14799 22.7028 -2.7336
792 11.7065 21.0842 0.90667
793 21.9829 35.9365 4.32047
794 21.3328 24.2969 -2.39006
795 39.4608 2.42589 -0.514456
796 14.4029 14.2313 -3.22374
797 2.67376 28.4724 1.59696
798 30.3479 12.1285 2.26791
799 31.6847 2.53048 -0.0113031
800 34.9516 11.4061 -1.65032
801 18.0803 22.8069 2.13613
802 34.3133 23.6974 1.44346
803 10.8301 1.93248 0.608507
804 1.93507 19.874 3.89734
805 3.51802 23.9594 -0.213317
806 6.02699 26.9085 2.89617
807 29.33 18.1794 0.174683
808 19.0914 33.5734 2.63002
809 27.7587 23.3218 2.25099
810 14.9624 30.8904 -0.662987
811 37.037 23.4764 -0.69421
812 9.80554 7.91644 -2.36217
813 8.03418 10.1025 2.8308
814 30.0612 36.7175 1.29652
815 24.8317 16.2267 -2.96604
816 14.1871 0.110316 0.833978
817 17.6287 31.9721 2.17013
818 7.05458 4.50728 -2.08447
819 27.6912 5.06003 -2.82487
820 10.8663 0.252437 1.23933
821 16.2931 8.21571 -0.870065
822 6.12646 39.8725 -0.476206
823 22.7568 5.28748 1.16037
824 26.8366 12.5798 3.54375
825 36.1937 1.70515 -1.99796
826 5.20065 17.4075 0.834378
827 33.8044 11.5364 1.49448
828 16.1652 20.1923 2.67544
829 11.0517 31.0955 -2.90255
830 9.90109 12.9488 -0.614098
831 23.4181 38.2001 -0.925551
832 31.9472 2.64324 -3.36093
833 14.8156 14.2949 -0.557147
834 19.0556 7.85304 -1.77585
835 2.86022 34.079 1.67801
836 18.0571 31.1472 1.44927
837 30.8586 37.3693 0.807566
838 16.4722 4.34569 -3.41439
839 9.08673 10.028 -0.39562
840 28.1395 16.4207 -0.811515
841 24.6176 35.9688 -1.30577
842 21.4319 35.6559 4.76894
843 19.8237 3.90894 -1.51962
844 3.82173 22.7269 0.478172
845 6.10617 31.9643 1.56423
846 6.20377 19.5407 -0.235863
847 0.96895 25.1431 -0.164899
848 26.0085 26.2075 1.3691
849 22.1329 16.831 -0.534152
850 34.0135 36.894 -1.5402
851 7.27801 4.25577 -2.20953
852 27.9698 25.1794 -1.76303
853 16.9311 19.9807 0.945239
854 6.91479 39.4254 -1.29579
855 15.4732 34.245 -2.62969
856 12.4559 32.3094 1.22658
857 10.023 31.9439 -2.07659
858 32.9235 30.0017 2.87983
859 11.3293 35.768 2.58527
860 38.1457 17.1535 -0.119459
861 7.84244 11.6474 2.10626
862 5.86489 25.4647 4.32815
863 16.2152 10.9084 -1.63344
864 12.693 9.71314 -2.63273
865 21.7702 28.9542 -1.97072
866 30.6864 0.381779 3.34814
867 30.6426 24.3855 2.05287
868 34.9984 30.4736 -2.68613
869 0.466542 18.7529 -1.30035
870 39.4834 2.778 0.532953
871 17.0021 23.6984 -2.92123
872 35.6582 15.8015 -1.43828
873 7.89917 15.2204 1.63762
874 25.0296 13.792 -2.96149
875 31.3087 1.14216 -2.0313
876 19.131 23.4079 1.78852
877 36.3204 12.9054 -1.4202
878 38.0071 3.44916 -3.04583
879 7.81058 34.4047 -3.90856
880 33.3927 24.5073 -0.403182
881 14.5637 21.5217 -3.36482
882 29.6322 4.04781 -1.82162
883 35.5782 28.7565 -1.49086
884 39.1496 15.3789 -0.97584
885 15.4581 10.9145 -2.41651
886 17.8966 20.5916 2.56786
887 1.95918 21.4769 -1.36964
888 33.7495 27.9302 2.47152
889 38.6028 5.22254 -2.51254
890 14.2273 9.91707 -1.62178
891 20.2438 23.8369 -2.63068
892 26.1189 8.99885 2.30638
893 32.3512 24.0928 -2.2348
894 25.3122 26.7636 2.26407
895 35.2608 6.40071 3.33798
896 14.3987 37.3068 -2.17839
897 3.37425 14.6565 1.4658
898 24.6833 22.2311 -0.706385
899 8.16309 23.7134 -1.10917
900 8.55091 39.1086 -1.78319
901 1.11483 39.788 -0.704861
902 5.35316 28.0373 1.22386
903 16.2587 34.8877 -1.57352
904 20.4824 36.5278 -2.26016
905 33.736 36.9466 -2.75141
906 19.8271 15.3679 -2.33129
907 12.2295 26.0234 -0.92486
908 31.7393 38.8267 1.59846
909 8.95418 38.0834 1.5688
910 2.80484 23.5207 -3.53981
911 33.9572 3.17107 -2.49015
912 29.0736 16.331 -0.239343
913 33.046 33.654 1.04827
914 38.7161 26.8929 -1.02253
915 39.4366 0.125512 2.6169
916 37.5554 17.5621 -1.7627
917 15.5747 24.0664 2.62903
918 36.4284 9.19122 2.35423
919 25.7617 26.8828 2.87921
920 39.3228 20.3945 -4.37808
921 31.4233 16.2426 1.11262
922 28.0667 21.2604 -2.08072
923 5.95192 26.0904 1.23516
924 32.7907 27.0879 -0.92821
925 18.4937 16.4548 -1.02892
926 17.7108 7.603 4.1494
927 1.7586 31.4379 -0.246071
928 32.3192 1.58267 1.47679
929 12.8556 28.1192 0.629152
930 8.13732 3.89152 1.23644
931 11.4419 23.6282 -0.504821
932 31.4394 22.69 1.13649
933 18.7307 1.68388 4.20718
934 30.2125 21.4216 -2.66943
935 8.23169 12.6848 -2.77168
936 11.4394 19.2545 1.34348
937 25.2464 7.2657 2.80956
938 14.6614 18.5705 0.265426
939 11.1128 0.976405 0.187828
940 12.8436 26.8753 -1.25902
941 32.723 22.723 2.91851
942 6.13561 18.4265 -1.57843
943 13.0698 6.49295 0.0480328
944 6.62135 39.185 0.919369
945 1.97819 9.321 0.803241
946 12.9115 21.5342 3.50475
947 14.1003 9.47088 -2.00313
948 18.0449 8.98557 1.72886
949 9.1891 9.32595 -0.258423
950 3.38796 25.9841 2.88397
951 8.27081 6.5731 2.5602
952 9.80649 24.6154 1.58516
953 37.69 21.3469 3.37956
954 9.39024 34.0773 -3.28691
955 8.03394 0.387868 -2.47015
956 30.5447 14.0537 0.00834467
957 35.3416 19.1909 0.508349
958 5.84399 4.13982 -2.42839
959 38.6702 15.7744 -1.66834
960 9.05518 33.3977 -3.2
961 7.33516 27.1948 -0.940948
962 13.2782 27.5858 -1.68196
963 9.7671 38.8533 0.915455
964 36.4334 9.90288 -1.95923
965 1.83887 31.1772 1.66121
966 12.2219 10.5314 -2.15932
967 19.3031 39.4691 -1.09521
968 37.7084 12.9453 -1.63374
969 14.7105 6.19236 -2.4858
970 13.8615 39.1713 1.26328
971 16.7362 20.2317 0.551012
972 11.4208 18.3542 -4.43028
973 5.26139 19.9053 0.267839
974 39.5869 26.0413 -0.115798
975 8.52456 21.6994 -3.37332
976 9.51152 14.5261 1.94135
977 4.82256 38.9411 0.71385
978 9.40823 32.4822 -2.28985
979 8.40472 0.864857 -2.24217
980 30.2894 13.7278 -1.18159
981 6.40061 19.9679 -2.39308
982 39.995 37.0719 2.08862
983 36.1266 22.0038 -1.65557
984 9.54769 27.2848 1.66735
985 38.1707 29.0964 2.71446
986 20.8831 21.5935 -3.05822
987 13.3574 7.97066 -1.33729
988 8.93621 20.4205 -0.889877
989 25.341 27.1152 3.41254
990 22.8116 18.8824 -3.41575
991 12.4385 20.8181 4.27139
992 10.2946 8.24753 -1.2205
993 12.1874 12.0588 -1.15043
994 24.1227 17.6213 -0.727437
995 12.4267 13.7029 -1.98798
996 35.1663 22.1274 -2.79987
997 4.77734 14.6974 -4.19399
998 35.7118 36.7083 -1.78566
999 39.2315 6.77486 3.21881
