1000
Particles
0 3.06797 31.8158 -3.87546
1 33.7242 29.5495 -1.23819
2 18.0876 4.85775 2.64755
3 8.41913 34.6568 -0.0449871
4 18.4194 23.8286 3.10088
5 15.0764 9.45094 2.65666
6 30.2841 36.7216 -2.85649
7 35.3807 22.8552 -3.34097
8 10.4902 23.1979 -3.2804
9 37.6436 22.7705 -0.0573237
10 23.4686 38.4643 -3.92041
11 2.96214 30.507 1.73877
12 31.95 33.8424 1.12979
13 10.6268 6.06442 -0.728673
14 30.2478 27.3116 -1.83241
15 14.3011 25.6411 -1.29653
16 28.4465 35.3025 -3.26399
17 33.0016 19.6489 -1.65616
18 35.2033 11.9456 -3.51051
19 13.3912 24.7718 2.67817
20 2.19655 6.67038 2.65771
21 38.6865 2.57348 -1.96036
22 6.40824 9.61337 2.94879
23 36.9982 20.2278 1.24258
24 38.4076 8.98525 -1.2048
25 1.6355 31.4283 -1.94716
26 16.521 34.3649 3.76117
27 14.0868 9.76119 2.84177
28 7.33476 30.8683 0.314964
29 29.6694 39.2121 -3.56217
30 15.9278 20.4335 -1.16752
31 9.36127 17.3398 0.300555
32 26.5223 1.72698 -2.56567
33 13.3327 34.2674 0.159635
34 29.1252 26.2189 2.2076
35 23.4755 8.09884 1.87737
36 11.7681 1.00065 -4.35083
37 35.4709 31.0918 1.49779
38 30.1581 1.37569 -0.559626
39 35.7784 18.4689 0.676398
40 38.6793 33.5794 0.352219
41 12.4166 13.7115 -0.575654
42 38.3272 20.6613 1.16964
43 19.7726 30.1869 1.28767
44 22.2889 29.351 -0.154953
45 5.90716 24.054 -0.727133
46 39.6576 5.64536 -0.809394
47 26.0617 13.1791 3.55003
48 5.30748 32.5683 2.44014
49 3.5901 32.9568 1.32966
50 2.53418 38.7401 -0.0296856
51 27.1377 35.8545 3.30773
52 30.4551 11.0024 0.0516977
53 15.2384 3.97603 0.441627
54 24.8352 20.3559 -4.55214
55 7.92667 15.7807 0.714571
56 16.5512 11.3241 -2.25043
57 8.64746 37.3909 1.81016
58 32.6805 21.9039 -2.22848
59 8.68971 33.4362 1.78553
60 7.28245 22.8674 0.0991187
61 16.0002 32.6221 3.75508
62 38.6855 2.3268 -2.16301
63 8.81615 16.4353 -2.93981
64 37.2438 26.236 0.394775
65 4.65348 39.8065 -2.29469
66 1.38137 19.4291 -3.48498
67 27.9384 22.7558 -3.35958
68 4.96032 5.27212 -3.17208
69 16.8264 1.44714 -2.69989
70 9.69525 6.53214 0.524114
71 20.5642 14.2717 4.05439
72 6.45972 9.87161 0.0731549
73 20.7411 26.923 -2.33519
74 7.06417 10.1931 -2.23078
75 35.738 34.818 -1.18559
76 26.201 8.09132 -3.12941
77 8.6144 25.7392 2.60814
78 5.6525 38.8094 1.90694
79 2.23881 38.7706 -1.30661
80 31.8039 11.4474 2.78465
81 3.93519 36.4117 -2.51505
82 14.8282 17.9459 -1.78521
83 14.3296 29.4269 1.7701
84 25.0513 9.37213 2.66613
85 4.40001 19.4321 1.9234
86 17.8357 9.65587 2.40548
87 27.6255 36.3592 0.898073
88 6.09938 1.82081 -3.26685
89 4.09251 1.72814 4.47005
90 1.8216 36.1617 -0.629273
91 24.484 17.7705 2.35962
92 17.0132 29.0839 2.09744
93 11.3837 1.82695 -1.77306
94 16.9651 25.2454 0.219101
95 17.2415 2.22257 -1.78658
96 8.30932 35.4724 -3.90043
97 13.5748 0.0734468 -0.88479
98 0.301616 20.0925 0.0795498
99 12.5719 7.59096 2.76213
100 29.5748 23.8466 -0.31598
101 21.3911 25.9009 -1.72738
102 19.2205 36.4244 1.17132
103 12.7784 1.19496 -1.33332
104 23.423 4.82502 -0.781341
105 13.5992 35.3224 -1.98534
106 35.0053 21.9319 2.58946
107 19.1767 22.2787 1.3056
108 33.5359 23.9334 -1.7905
109 37.9267 32.2392 -4.61931
110 2.95098 38.5131 0.322313
111 35.854 32.8159 0.0795219
112 30.6508 1.17119 -2.18335
113 35.1508 31.4101 0.0716277
114 32.0695 25.9408 -0.198029
115 29.5865 18.4794 -1.27522
116 20.2652 33.6295 1.33831
117 31.2455 28.0305 -3.62773
118 23.6043 5.82126 0.641661
119 35.316 11.2395 -3.23081
120 19.7641 28.679 1.36198
121 21.2935 13.701 2.92145
122 37.0694 23.8009 2.0054
123 6.03486 23.975 0.262891
124 10.9626 38.8107 1.50726
125 23.2567 36.8308 -4.27772
126 31.6406 31.0948 0.76135
127 33.114 5.18191 -0.332434
128 32.0876 1.508 -1.46795
129 8.58037 12.8186 -1.82695
130 25.2181 9.64721 1.51646
131 23.3693 29.391 -2.97788
132 18.5591 0.425393 3.6086
133 39.0599 37.2255 0.358693
134 10.8755 33.9866 -1.46204
135 11.5487 1.3155 -2.25512
136 25.4492 9.46142 1.96451
137 22.0934 23.9962 -3.07756
138 7.28342 14.6294 -2.1085
139 16.4017 2.35917 -2.45083
140 30.0507 38.2973 -0.846634
141 27.6626 39.4436 2.90359
142 20.6449 13.5093 3.96256
143 17.0457 24.2852 -3.18032
144 2.57701 31.8434 -3.31892
145 23.84 27.5298 -3.09965
146 29.4034 16.3391 -2.57483
147 39.1657 35.6241 -1.81127
148 33.1706 9.28599 -1.26747
149 11.2269 14.2048 2.9683
150 12.8727 28.3479 -0.1229
151 32.3734 5.11988 2.11768
152 14.5613 18.0235 -2.19667
153 18.3973 6.81141 0.99875
154 26.2681 36.8914 -1.35077
155 0.411728 24.3246 1.6778
156 34.9535 28.5847 1.70095
157 13.6934 2.37419 -2.35907
158 12.3877 38.0855 1.26211
159 20.1754 29.609 2.94488
160 2.77588 16.103 -1.40609
161 10.7838 25.7134 -2.706
162 27.3135 27.6457 -0.622579
163 9.39087 10.2896 0.874727
164 16.5313 8.35296 -2.08186
165 29.3369 9.68412 -0.599986
166 34.3156 5.8811 3.32686
167 9.02442 32.9362 2.44474
168 34.227 22.0755 -1.67188
169 38.6506 1.67307 -2.12599
170 37.2811 33.183 -0.113746
171 24.2623 33.5016 3.11299
172 39.785 16.7507 1.59493
173 23.6951 31.9867 -1.03488
174 22.1562 7.11717 -0.525627
175 3.50917 8.92317 -1.13325
176 18.7021 19.7051 -0.0863153
177 15.0281 2.89486 -0.506111
178 30.1332 25.2996 3.44204
179 23.807 13.232 -1.90431
180 14.7306 4.02086 0.344785
181 7.11993 31.7151 3.30413
182 15.5749 20.67 -2.93629
183 2.67985 16.4584 -1.73988
184 2.83219 39.2121 -2.43053
185 3.72502 9.18217 -1.96196
186 22.1405 37.2544 -1.09468
187 4.43238 7.11574 -1.98346
188 16.0947 18.2609 -2.42399
189 4.14104 23.6504 -0.0448148
190 22.3843 18.5659 0.20932
191 14.9428 32.2082 1.6621
192 33.1807 1.45861 -0.648589
193 20.8603 25.4758 0.384832
194 18.1957 23.9632 -1.62637
195 6.68269 15.2714 -2.29534
196 29.2396 36.4357 -1.4138
197 13.0946 37.4571 -2.04271
198 32.7108 21.3469 -1.63687
199 17.8791 9.75806 4.40232
200 36.4661 39.0621 -4.88754
201 3.18402 15.1947 1.56599
202 9.29468 18.65 1.47129
203 22.6567 14.6476 1.68453
204 32.2447 32.0601 -0.359402
205 2.12141 33.3823 0.629238
206 15.5493 2.26341 -1.54362
207 35.7319 0.458378 0.0971178
208 32.4258 20.9994 -2.40642
209 9.64091 38.0033 0.724306
210 18.0433 23.6663 3.38381
211 35.5021 18.3505 0.811517
212 33.0357 33.7206 0.664127
213 36.4069 4.48787 -2.27911
214 27.4475 19.5978 -0.0176669
215 38.3014 17.6873 -1.3392
216 34.8876 28.2599 0.970015
217 8.62055 10.8331 -0.422629
218 13.6559 14.4305 -1.11923
219 27.7214 39.6702 3.5982
220 10.6674 2.38731 -2.53569
221 21.2787 15.7796 2.21371
222 36.4091 31.5134 -0.638806
223 16.8805 25.8428 -1.9539
224 4.94991 29.6639 -0.10132
225 33.6053 6.52658 -0.532364
226 29.2632 17.0979 -2.93206
227 4.88307 10.3323 0.873169
228 12.8235 1.80266 -0.540014
229 37.7731 20.0128 3.21858
230 31.9902 4.55556 0.901314
231 16.632 32.0969 1.64437
232 31.6238 39.785 -2.69908
233 34.7476 6.80014 1.5405
234 2.97408 7.02629 1.70795
235 0.680276 8.33667 2.4122
236 20.6076 39.959 1.93111
237 16.1796 24.6553 -0.5601
238 12.9951 8.2831 0.620483
239 34.4556 15.0198 1.5482
240 13.9772 17.6575 -1.25524
241 3.31722 24.6612 -1.38806
242 35.7442 37.8407 -2.34865
243 31.0063 37.9169 -2.09181
244 4.67581 10.1324 0.471645
245 18.2775 0.831854 -0.981491
246 28.7926 1.8177 -0.435659
247 0.667924 36.1538 0.414996
248 7.21783 27.9315 -2.00691
249 8.12692 39.9273 -1.22966
250 19.705 8.04974 0.34379
251 35.5359 39.0012 3.26327
252 30.6977 17.6941 2.11565
253 30.5177 12.68 -0.0207839
254 2.7251 38.4134 -2.49078
255 29.7224 24.5588 0.643442
256 3.56672 2.34951 1.00252
257 31.5676 17.9818 -3.25455
258 21.9146 4.50984 4.3705
259 39.157 13.5304 -1.32386
260 39.4157 4.69771 0.954414
261 33.0149 26.9348 0.232345
262 30.8446 36.3032 -2.44617
263 4.64215 1.94061 -4.17157
264 11.6286 24.8981 -1.64935
265 35.9106 30.9744 -0.367334
266 37.3908 11.7276 0.152224
267 7.17804 25.2991 0.0486538
268 14.4135 18.2786 -2.3078
269 30.5953 38.0136 -0.121904
270 37.1337 9.21848 -3.79863
271 33.7289 6.60549 0.228148
272 20.0093 17.9512 -0.644242
273 30.7274 36.2483 0.104569
274 12.1481 0.824931 -1.84079
275 12.7518 25.5358 4.22584
276 31.3141 20.6326 3.62392
277 4.84306 17.2872 1.59621
278 2.36473 12.3883 -2.80863
279 17.9053 30.9155 -1.88902
280 6.38254 28.0968 -0.113394
281 23.7603 21.7852 1.10941
282 3.42805 16.1184 -0.521448
283 22.4745 36.1022 -2.0703
284 32.5462 19.25 -1.01933
285 1.93921 37.1905 -0.174311
286 35.7059 3.64948 -0.495394
287 20.9777 14.1248 1.79499
288 1.50966 0.832075 -1.7591
289 8.04549 38.093 1.77666
290 29.2743 26.1999 -3.97264
291 12.485 1.19288 -1.67101
292 31.5876 18.6825 -0.813094
293 15.066 6.84474 1.9475
294 24.3508 28.0361 -0.603976
295 16.6343 16.5685 -1.14242
296 22.0622 28.8632 3.05608
297 39.1805 33.7886 1.1428
298 18.9631 0.416438 3.29756
299 16.605 29.1848 3.13441
300 21.709 14.2989 1.8833
301 28.8084 26.8459 2.12332
302 23.0131 35.4096 1.01167
303 1.75677 17.1766 0.71032
304 2.74681 32.8812 4.66589
305 1.53099 19.218 -4.40347
306 21.1698 13.9765 1.43995
307 13.3909 18.6391 0.360379
308 3.90686 27.4368 2.68463
309 19.01 34.8071 0.103532
310 18.9089 24.2963 0.992531
311 22.5998 15.0045 0.969898
312 36.6416 30.8962 0.625162
313 23.7982 3.67529 1.23768
314 17.168 2.78593 -2.6999
315 4.26796 37.1831 -2.1516
316 36.1334 36.0526 -1.33881
317 19.1496 27.6148 3.31806
318 26.5416 33.6663 1.22728
319 9.72346 9.2784 -1.48785
320 9.54714 19.9137 -1.53017
321 23.3069 6.1648 1.92465
322 38.5211 33.8495 0.544525
323 4.33226 37.6096 -3.03924
324 25.9408 18.6086 1.83267
325 13.4305 29.2336 -4.65073
326 10.4469 15.4302 1.00409
327 13.3649 34.1107 -2.75898
328 14.9603 35.2352 3.4606
329 10.8113 23.1973 -2.2376
330 33.7891 16.4363 -3.57847
331 22.7915 1.10415 -1.07569
332 32.7924 5.42109 -0.787903
333 33.4373 23.9397 -0.147754
334 15.6453 7.73429 -3.8735
335 5.4304 1.02607 -2.04359
336 19.2036 5.68864 -0.0873795
337 8.80532 22.3759 -0.0270603
338 19.9631 19.0381 1.15728
339 36.9874 31.2781 1.44239
340 15.5303 20.1875 -0.378426
341 29.6964 26.4993 3.19038
342 12.7718 12.8959 -2.50691
343 10.0778 16.686 -0.495224
344 11.323 0.694171 -0.965285
345 38.3422 27.7645 4.62894
346 17.9877 13.0486 -3.77454
347 5.3741 37.3684 -0.46547
348 10.4663 22.987 -4.39537
349 17.3805 24.3708 -3.8235
350 13.1159 13.9743 -0.904949
351 39.2654 26.6947 3.32543
352 30.3787 26.0972 4.12713
353 21.9083 13.9011 1.01276
354 5.90448 2.65089 -3.50621
355 19.035 23.5735 0.71456
356 37.0735 1.04343 0.874676
357 12.2626 16.3928 1.18735
358 12.2335 12.4605 -1.608
359 22.619 29.4957 1.63442
360 32.3542 22.3833 -3.97521
361 28.7552 31.3019 1.98142
362 37.2325 20.9363 -1.02469
363 37.6768 9.20956 -3.00941
364 8.86849 10.0901 -1.93611
365 5.31173 37.4899 0.0721225
366 10.7061 3.91422 -1.62582
367 11.1404 38.2081 1.12984
368 20.579 10.9303 -0.304012
369 13.2976 7.58316 2.7524
370 20.6068 31.2876 2.07099
371 25.4329 16.6625 -0.0035963
372 21.5265 29.5906 1.68932
373 17.6654 14.6111 0.288382
374 9.03412 10.3561 -2.31223
375 9.76775 10.862 3.45088
376 38.2532 31.3282 -2.67156
377 36.464 4.19167 -0.658289
378 13.7893 3.1458 -3.06963
379 3.01343 32.9224 2.55562
380 34.2439 31.3276 -0.00703006
381 13.1277 38.2455 -3.49295
382 5.61849 14.0911 -4.12078
383 19.7866 36.9619 -0.927594
384 30.2738 11.4202 -1.10249
385 16.5649 28.8194 3.11592
386 25.4748 8.51926 -0.767078
387 32.9726 36.8551 -1.03264
388 30.7274 32.8995 -0.754471
389 13.3035 5.52602 -1.43526
390 28.4963 13.3278 3.68706
391 10.3407 16.843 -3.79165
392 22.6692 16.3928 -1.08205
393 18.2833 0.61901 3.14702
394 26.4556 5.75015 0.495986
395 38.0001 11.3763 2.68981
396 8.27281 37.5339 1.11482
397 4.80801 11.7407 -0.224194
398 34.2771 37.945 -3.00523
399 33.4913 13.7415 -0.561652
400 39.1937 0.739376 -1.33787
401 28.8005 24.9085 2.22309
402 30.9746 13.3637 3.30511
403 6.95247 28.1656 -0.432192
404 21.8902 29.7795 0.23875
405 38.5738 20.9133 2.80077
406 18.2503 9.07162 2.43398
407 38.4383 7.26828 1.41409
408 10.5094 5.74179 -0.730298
409 27.3043 4.88516 -2.44376
410 19.1359 25.1595 2.09546
411 17.1555 29.6933 1.08827
412 0.863192 0.368973 0.401522
413 8.15353 15.8525 0.576204
414 5.25522 5.58848 -1.2463
415 11.6042 24.9275 -0.0895526
416 9.30188 36.2076 4.16565
417 3.96922 38.6892 -0.639583
418 26.9516 23.9833 0.319931
419 20.912 11.1049 -2.65676
420 27.2942 3.6537 0.840344
421 6.22739 13.683 -2.91433
422 11.5139 18.0264 -1.44275
423 32.9139 6.41944 1.02015
424 21.8742 21.0719 -1.41266
425 14.346 2.93928 -1.50959
426 8.86819 20.4391 -1.7838
427 19.3751 27.7382 3.39639
428 10.1898 7.41092 0.38052
429 0.284983 6.55524 -3.51786
430 14.2653 14.2567 1.24309
431 11.8211 11.6341 3.31607
432 17.2932 33.7945 0.63255
433 25.0689 22.9752 1.35243
434 15.0938 21.7967 -1.36507
435 35.7632 32.9465 -0.910759
436 39.937 31.9512 0.961349
437 11.4574 2.77545 -1.90336
438 0.551252 32.3578 0.965787
439 36.21 17.6071 2.81353
440 22.7907 7.76901 0.059913
441 10.2934 0.849591 -4.65506
442 11.2605 17.4972 2.02519
443 21.6879 19.6609 2.40652
444 15.4997 22.4586 3.97155
445 12.8867 21.3525 0.220286
446 15.2436 8.08477 1.77853
447 12.6443 2.26316 -2.00253
448 31.5049 25.3704 -2.2447
449 16.6554 17.2644 -1.70621
450 39.7963 13.0795 0.203354
451 35.0501 12.1909 -3.09486
452 10.7075 16.2636 -2.82936
453 6.47943 22.0067 0.614553
454 37.4107 6.81567 0.703833
455 30.31 38.1263 -0.856331
456 9.99389 13.1464 -3.84983
457 24.1635 13.4957 -4.15936
458 24.8307 17.3628 0.00378672
459 12.8037 38.6599 -1.6062
460 5.65436 39.8231 -1.95201
461 5.15425 2.6406 1.42012
462 18.2433 19.1426 -1.69895
463 4.25409 31.5884 -2.62287
464 32.1374 27.0454 -0.318716
465 25.7188 13.6253 2.48789
466 35.2963 28.7013 0.654327
467 9.31651 34.7255 -0.494038
468 19.3172 34.3005 1.69447
469 23.4845 37.7106 -2.98069
470 8.93084 19.9835 -3.10106
471 38.1286 24.9467 2.43092
472 16.5458 2.02875 -1.87094
473 13.2331 33.5104 0.593994
474 9.92951 37.7991 0.0174352
475 33.6668 3.51886 2.4451
476 12.0581 20.6524 0.417494
477 9.10358 37.3955 2.056
478 29.2861 26.4952 2.92771
479 38.71 30.7856 -0.811928
480 35.0338 18.4365 3.55334
481 27.9977 1.68549 -0.751264
482 10.1722 33.7565 -4.00559
483 5.28001 33.9052 1.0763
484 20.5798 36.9331 -0.34198
485 6.28467 0.633386 -1.0108
486 17.2332 27.346 -1.44302
487 31.5952 31.3676 1.355
488 37.7525 4.71892 -2.2689
489 24.9823 0.399213 -0.138806
490 6.74886 9.2403 1.83166
491 20.3864 13.9784 3.77683
492 22.008 0.578389 -0.775947
493 3.55762 25.2564 -2.28992
494 9.0575 15.1745 0.542854
495 30.3341 7.07667 1.14011
496 22.4391 27.5534 3.8286
497 5.6883 38.7081 0.13896
498 18.603 16.8125 1.59385
499 10.0326 21.3258 2.74335
500 8.15554 15.3486 -1.01085
501 29.9686 10.9458 -0.302575
502 2.74821 1.77106 0.894923
503 24.7587 19.0091 -2.16433
504 3.24587 1.55077 3.4449
505 8.15691 10.4314 -2.2006
506 27.5294 24.5639 1.08206
507 21.9757 7.02436 -0.243376
508 7.4688 30.1617 0.0137301
509 17.5145 1.67003 -3.45857
510 29.1115 8.96865 -3.41359
511 24.8065 36.3933 -1.93807
512 31.47 21.8722 -4.17311
513 17.1814 23.8367 -4.70059
514 2.97687 31.3275 -2.7049
515 14.7703 15.1514 -0.971838
516 18.1613 0.386851 2.8971
517 12.8312 18.0638 -1.46104
518 5.96489 6.49668 -1.55391
519 24.0845 18.0118 1.56106
520 38.6245 0.58026 1.56445
521 35.1536 33.5328 -2.48376
522 27.2288 22.2372 -0.913978
523 8.45402 18.8727 -1.8531
524 12.9186 23.3921 -1.15573
525 8.71509 10.8278 0.700447
526 11.9207 27.6173 0.410644
527 13.0766 0.907343 -2.14716
528 22.0717 3.12678 -1.12671
529 34.1618 38.3414 -3.70246
530 31.7484 15.7822 -1.84553
531 28.8683 0.357176 -0.723097
532 21.8082 39.6555 -2.17187
533 9.68659 35.207 -2.39612
534 10.5953 20.7842 3.9042
535 33.9916 3.2781 2.61929
536 35.0956 15.9434 0.66223
537 3.28041 30.1985 0.930033
538 10.5527 0.253196 -2.31781
539 15.9703 6.90019 -3.8265
540 32.8698 17.2641 -2.97565
541 17.3629 21.7369 -0.831784
542 32.34 33.6029 2.56385
543 8.14077 17.0364 -3.31515
544 34.7738 35.5801 -1.15161
545 13.9246 28.552 2.90544
546 39.0679 39.5138 2.6299
547 0.907958 10.1899 -2.75009
548 37.7413 35.2463 -1.04406
549 39.5632 33.4467 -2.77314
550 1.50341 26.8674 -0.257308
551 23.3883 10.2101 2.90606
552 6.86969 4.7138 -0.765669
553 12.9298 29.7738 2.78164
554 14.7835 7.60162 3.19306
555 36.1777 6.85754 2.69262
556 37.5301 22.9913 2.87461
557 10.417 18.2122 1.39889
558 31.2064 1.1789 -3.88872
559 30.8526 26.6652 -0.859995
560 32.4251 21.088 -1.62776
561 2.39423 30.0655 2.54704
562 9.38348 25.0204 4.29787
563 6.90676 12.3428 -2.0131
564 14.8369 24.9808 -2.05709
565 4.88941 20.0308 -0.949483
566 13.6896 35.3272 -3.49441
567 24.1457 14.2464 4.02157
568 1.95405 0.949791 0.0828673
569 29.3319 25.1844 2.34331
570 38.9667 31.2645 -1.9852
571 13.4551 13.5685 -0.527228
572 33.5917 28.5979 -0.77448
573 20.5131 31.2609 -0.0412347
574 13.7783 24.3117 2.00063
575 15.1647 16.3466 -1.20891
576 5.64455 2.18373 -1.44811
577 23.5671 31.8215 1.42036
578 11.3344 39.584 -1.29519
579 12.7248 10.8143 2.01782
580 12.0948 29.0115 -1.39974
581 7.84015 28.4341 3.65495
582 21.6801 15.5884 1.83397
583 20.8345 37.643 -0.840752
584 39.6914 9.53131 -1.64475
585 2.36437 26.8003 0.0397319
586 19.1074 21.6907 2.07537
587 28.9137 36.6224 -2.13981
588 21.8091 33.8089 -1.33275
589 26.1612 12.2668 0.213482
590 3.48463 7.48634 -3.07847
591 13.0274 23.5772 -0.7589
592 28.3815 25.9292 2.94411
593 8.88317 25.439 0.806745
594 39.7507 2.76829 0.878084
595 37.9899 24.2644 1.33367
596 39.6172 38.1846 -3.12278
597 29.2435 11.6418 -1.50266
598 1.43975 11.3059 -0.655183
599 8.22161 32.7265 -4.04209
600 7.19302 38.9678 1.39147
601 21.6671 37.5218 -1.93499
602 17.7968 23.7988 -2.08229
603 17.2631 6.46365 -1.60288
604 31.844 33.8411 2.97792
605 12.5073 26.5611 -1.78197
606 36.0854 27.0961 1.46981
607 0.607174 8.55437 1.28244
608 2.78237 1.40208 3.3261
609 23.8567 3.74297 1.21366
610 31.1722 29.2313 -0.604657
611 0.744658 24.0965 1.72105
612 21.9113 9.82645 -4.65994
613 18.4749 12.0204 -1.69276
614 32.6979 1.1973 -1.43854
615 33.0404 6.98401 -1.72076
616 36.9606 24.1575 1.29988
617 24.1916 27.213 -1.40062
618 5.60843 0.493765 -0.299547
619 20.9794 33.9684 1.12012
620 37.6417 3.55253 0.881175
621 24.7843 21.8128 0.327471
622 24.6721 9.16704 0.205173
623 19.9206 15.4717 0.0802069
624 32.9157 5.91978 1.63033
625 14.8267 6.45571 0.693129
626 4.58055 38.2499 -0.384354
627 1.45944 37.1586 -0.032445
628 17.5701 7.62136 0.306611
629 26.6028 4.55794 0.661676
630 39.7453 34.3726 3.17921
631 23.7565 1.21096 -0.810238
632 33.1374 33.4879 3.79676
633 6.35141 28.204 -1.48933
634 36.7876 4.85552 -2.52775
635 27.3569 26.1197 3.80536
636 23.5524 13.2207 -2.42069
637 7.30806 28.8298 3.5519
638 30.5206 27.5127 -0.899
639 32.0447 16.4098 -0.688451
640 8.51571 18.0431 2.46109
641 31.6889 4.88658 3.77325
642 11.8421 31.9358 -0.129426
643 32.8554 33.5709 0.828617
644 9.7385 7.48974 -2.05361
645 6.05412 7.51025 4.18631
646 13.7381 1.48751 -2.32919
647 7.56083 11.1839 0.995483
648 34.1347 35.8749 -4.1226
649 14.8155 18.2633 -1.97341
650 25.7654 19.967 3.67637
651 29.2823 19.8564 -1.17683
652 6.90396 31.0832 -1.15348
653 8.01626 39.9073 0.420072
654 22.6776 17.8653 0.991323
655 36.007 32.4311 -0.265546
656 9.00501 12.6483 0.0650225
657 24.6522 6.75532 1.41944
658 8.97383 24.8896 1.18336
659 5.36213 0.592786 -2.40424
660 22.0657 13.8038 1.29339
661 6.15928 15.0148 -3.51946
662 35.7336 35.8198 -2.28554
663 5.14464 19.0275 2.52499
664 34.1049 17.1574 0.463739
665 35.1657 38.3188 -1.67304
666 24.044 2.48463 -2.56572
667 33.8089 35.0742 -2.91192
668 13.0508 33.9884 -1.15559
669 13.3486 36.9757 -2.22058
670 34.8665 31.7029 -0.782767
671 28.017 4.79288 -3.7955
672 16.3587 34.0802 1.28742
673 38.5789 1.77983 -3.02627
674 2.01004 18.9627 -2.851
675 32.8038 17.8425 -0.83367
676 32.8897 0.0772987 0.349942
677 2.88899 21.0568 -0.784027
678 24.999 1.1036 -0.566866
679 24.921 22.0594 1.22028
680 19.6687 34.5527 0.822956
681 5.36138 39.3532 -0.203782
682 36.519 38.6169 3.16199
683 22.2015 28.1624 1.13821
684 5.86412 31.4206 -1.92309
685 23.4868 30.7025 0.444955
686 3.05845 37.6097 -2.48941
687 18.61 11.0124 -2.06713
688 26.1862 4.59228 0.690878
689 6.35772 4.72759 -3.40842
690 14.1451 35.4148 -3.09959
691 17.9653 32.6832 0.94735
692 26.3691 19.7345 2.05372
693 0.570079 19.4197 2.26223
694 24.8096 22.5639 -1.71479
695 17.5004 26.3236 -0.507458
696 16.4459 24.2759 1.34242
697 31.3863 8.1588 -2.76494
698 30.0693 11.7935 -0.873433
699 35.2109 19.5579 -0.0948808
700 2.00079 0.484011 0.11405
701 12.9564 2.05645 0.225067
702 3.1267 39.0294 -0.633079
703 0.650242 10.9858 -0.937929
704 29.1475 37.7641 -4.00701
705 8.84608 30.0866 -1.22989
706 39.6528 34.9412 1.03925
707 16.4704 2.57273 -1.91317
708 0.483295 18.7065 1.58946
709 23.0246 15.3523 2.07462
710 16.784 1.52253 -1.78179
711 33.5339 31.1382 3.73782
712 33.1938 24.5753 0.568828
713 34.2786 18.9106 3.98798
714 22.6277 30.4343 1.35467
715 38.0228 34.655 -1.49479
716 16.4469 29.555 2.79579
717 14.9947 34.3229 3.86489
718 4.13137 28.3744 -2.14649
719 9.78177 30.3307 -0.226625
720 11.7422 22.265 2.31867
721 22.6102 0.293614 -1.35379
722 4.53237 1.52738 -3.2541
723 5.46321 1.80369 -4.46563
724 22.2427 1.14943 -0.337808
725 25.0743 37.3577 -1.54933
726 1.58213 26.8444 1.86024
727 6.01097 23.4543 1.50656
728 1.89413 0.12794 -0.476949
729 16.1871 2.21022 -3.28013
730 18.9262 11.0637 -1.53914
731 32.0774 17.2385 -1.81362
732 26.8917 35.8997 1.9469
733 29.2865 30.6086 2.23189
734 32.8453 9.37662 0.735463
735 19.362 33.9648 2.36162
736 17.1711 29.563 3.33792
737 2.60987 31.0645 -2.25507
738 23.5011 13.5552 -4.72522
739 13.7844 22.2735 2.48558
740 34.5207 25.5807 0.376635
741 9.56537 26.6821 1.12002
742 15.9765 17.7473 0.148953
743 22.072 25.2095 2.92763
744 32.6387 21.9205 -3.05883
745 13.4383 38.4744 -3.49464
746 14.0724 11.2915 -0.776854
747 19.7808 25.5445 1.41501
748 19.0615 33.8361 3.13014
749 5.68764 2.97804 1.23236
750 1.63908 33.182 -1.94368
751 2.40183 32.5692 3.6348
752 9.36334 17.1886 -3.15273
753 16.31 23.1243 4.04757
754 35.8649 23.2811 -2.02931
755 26.4984 7.81236 -2.77063
756 10.3679 4.26805 -2.79694
757 11.4414 28.6896 -1.13819
758 35.8317 18.8444 -0.0590964
759 5.76662 30.5097 -3.49302
760 31.5286 30.3519 2.66419
761 10.1217 24.3265 0.553054
762 20.4195 25.2486 -0.955161
763 5.5722 1.30086 -3.38893
764 20.5157 11.3291 -1.73498
765 0.264511 15.3711 2.73633
766 10.1043 10.9127 -1.58256
767 30.1937 9.10266 3.02737
768 9.36487 16.1554 -0.958334
769 14.4994 34.9018 -1.40772
770 3.09649 25.0402 -3.18181
771 5.9515 18.3608 2.26968
772 8.75625 32.9953 3.12005
773 32.888 29.7279 -0.67968
774 0.579281 36.7587 -2.12672
775 16.5927 7.03564 -2.80809
776 9.15571 14.007 3.00826
777 34.495 27.9924 0.85312
778 34.9292 30.7669 0.187259
779 15.5338 2.26079 -0.31838
780 0.0265658 1.70691 -1.68516
781 3.12705 38.0393 -0.91297
782 6.01091 8.36733 -2.86192
783 11.5211 12.2927 -0.959143
784 35.6582 1.52462 1.52343
785 15.6672 8.61253 0.502244
786 3.86307 16.4077 -1.42563
787 35.4933 3.81871 -3.06922
788 6.09776 32.3301 -0.0402723
789 35.2292 3.309 -3.78041
790 13.7965 30.354 1.86293
791 12.5425 24.7689 1.6883
792 11.5082 21.3923 1.44673
793 19.1827 34.5766 0.273063
794 21.1572 25.4772 -1.39941
795 38.1468 5.13986 -1.97638
796 16.5711 18.2352 -2.25975
797 2.79714 27.7982 -0.761493
798 22.9154 13.9465 2.37648
799 27.9097 6.9401 0.913111
800 35.2283 7.06693 2.42717
801 20.7071 14.9407 3.89915
802 37.4515 27.7671 3.04524
803 10.7744 0.290737 2.99762
804 5.71975 19.8599 -0.507394
805 3.05048 24.219 -2.40146
806 2.66117 29.7725 2.03761
807 28.1512 17.4227 3.25783
808 15.2575 26.1264 -1.84965
809 28.6833 18.2074 2.33692
810 15.8115 39.0005 2.95937
811 0.83884 24.8763 1.64244
812 8.64701 11.3729 1.26951
813 2.13225 9.21986 -0.698144
814 25.4182 0.963117 0.319389
815 25.8095 16.8206 0.707521
816 16.514 0.0482856 1.23338
817 17.2859 31.9155 0.198581
818 6.3943 9.89609 1.61903
819 29.3765 7.05374 2.54301
820 8.21021 0.316196 -0.433776
821 13.918 12.8706 -2.28966
822 5.79877 1.56661 -2.03548
823 26.3575 2.80693 -0.584054
824 28.5114 16.8278 0.84021
825 38.4049 34.7992 1.04846
826 7.65873 14.2248 -1.44106
827 37.1057 6.81049 1.22802
828 16.1173 19.6996 -0.767311
829 8.22977 31.1719 -0.278824
830 14.5773 14.5239 1.9464
831 18.6426 35.6988 2.25621
832 32.1161 4.1694 1.25928
833 11.3145 16.424 -3.37153
834 18.1409 9.95848 4.11631
835 8.31612 32.6739 -1.8255
836 21.0809 37.3577 0.105576
837 32.9732 36.057 0.410307
838 20.4345 5.94395 3.95011
839 5.9322 15.5808 -1.85969
840 26.4107 16.8517 -0.140429
841 29.4965 35.6495 -1.09563
842 15.7638 34.8242 4.87332
843 17.655 5.1932 0.0854711
844 4.40291 26.1832 1.82784
845 0.330701 32.5513 2.46141
846 9.15709 27.7846 1.47948
847 0.921224 30.4763 -0.960223
848 26.1931 27.4659 -3.0538
849 20.7477 17.5281 3.60889
850 31.8029 35.6555 1.47516
851 5.11629 5.39346 0.0795916
852 27.2313 22.2659 -2.38969
853 17.2557 21.759 -0.809831
854 4.95487 38.9755 -1.00848
855 13.4807 38.1696 -2.49599
856 10.4166 38.2342 1.16844
857 11.64 29.2455 0.933997
858 34.9309 30.4754 0.320449
859 11.8689 1.16341 -0.850556
860 37.4268 17.1562 2.03825
861 3.87022 13.6507 0.432681
862 5.81438 31.2482 -2.8929
863 12.1514 8.9076 2.42585
864 16.3736 8.78464 -0.235965
865 26.4449 36.1595 -0.174385
866 28.9337 2.85842 -1.69739
867 23.6196 28.3539 -2.71434
868 30.9345 26.7302 -1.61373
869 3.85235 16.4194 -0.0331279
870 33.2774 1.58191 -1.25017
871 16.9191 24.4169 -1.87933
872 32.8844 19.8322 -1.34626
873 13.6279 15.9056 -3.34344
874 28.3933 12.8311 1.6277
875 30.7048 1.85927 -1.19957
876 13.2061 20.7844 1.30515
877 32.9457 13.9853 0.382953
878 1.41773 39.0972 -4.07763
879 7.76504 32.6279 -1.06117
880 37.1422 22.8526 1.39663
881 16.635 21.1852 -1.96175
882 28.6734 2.91712 0.45443
883 32.4576 31.1431 1.38523
884 2.7433 19.003 -2.61578
885 12.2891 10.8401 0.151606
886 20.7586 19.3815 0.686019
887 3.5947 22.1907 -1.00429
888 32.7035 23.2702 -0.609702
889 37.2943 5.75463 -3.2853
890 14.1847 18.645 -1.48909
891 17.2592 20.2008 -3.76898
892 14.7407 5.60946 2.908
893 32.0344 26.8749 -1.39539
894 33.6333 29.3887 -2.4608
895 34.6505 8.99898 3.12648
896 16.3653 39.8384 0.907009
897 5.84606 14.766 -2.81489
898 20.3047 18.5119 2.63194
899 8.67089 25.2676 4.32478
900 7.2905 36.7363 3.24626
901 1.26263 37.6402 -0.995274
902 6.20258 31.0068 -1.14487
903 3.6238 37.133 -0.190755
904 17.682 38.8178 2.7725
905 35.506 37.3999 -3.38169
906 18.7553 11.0347 -3.89823
907 8.42494 24.238 2.87109
908 35.5631 35.896 -2.83902
909 4.21256 35.8385 -2.12597
910 38.4749 22.0051 -2.81498
911 34.8597 38.9729 -4.08858
912 26.9104 13.6731 0.250008
913 35.6822 34.9111 -0.813908
914 39.3426 25.6559 -0.489148
915 38.949 38.0768 -2.91825
916 31.6784 20.6376 3.20567
917 17.0973 25.0325 0.572005
918 37.8268 5.26213 -3.49837
919 29.5236 24.4135 0.8934
920 5.24301 20.9172 0.735299
921 29.4552 20.7601 -2.01111
922 22.5577 18.4541 -1.00289
923 6.31321 30.98 -0.923255
924 32.1637 26.7099 -0.5699
925 20.4212 10.1901 0.616423
926 21.3243 10.8944 -3.12451
927 0.71116 32.5605 4.01241
928 36.518 4.38168 -2.68641
929 4.29795 31.4624 -2.70071
930 3.16196 4.42952 -4.57772
931 12.6411 20.6661 0.230179
932 35.3971 23.9787 -2.42642
933 14.9784 2.22187 -0.268777
934 29.2707 24.9602 3.43143
935 11.9775 13.0903 0.208401
936 16.7243 19.6009 -3.37887
937 21.9306 3.50345 0.724379
938 16.9968 17.9884 -0.43327
939 11.6907 3.66678 -0.795908
940 14.0011 25.1629 -0.566459
941 29.0418 25.5757 2.54536
942 8.27766 24.3718 4.06022
943 11.8372 4.39472 -1.79991
944 5.75922 38.4755 -0.474742
945 38.4526 2.87045 -2.79281
946 15.7265 21.2109 -2.49365
947 8.32604 9.2409 -4.40917
948 17.7101 9.20885 3.33168
949 5.32156 6.3605 -0.716144
950 6.1774 28.6177 0.611843
951 13.3089 7.43117 -0.349416
952 15.3391 22.7915 2.24173
953 34.2159 20.3933 1.98607
954 5.60639 1.27097 -2.00986
955 9.31992 0.0643079 1.10332
956 25.9898 17.0886 1.91133
957 34.6964 18.3608 1.96072
958 2.8462 0.83445 3.1752
959 32.7667 11.5034 0.870778
960 6.01653 0.919622 -2.8289
961 5.58614 25.2895 -0.659023
962 14.6793 28.6757 3.46574
963 12.7944 38.2345 2.25522
964 1.90346 7.27746 2.68781
965 35.5148 31.173 1.05035
966 14.7351 15.306 -2.47467
967 19.5319 1.88314 1.76342
968 36.8557 17.3617 2.81782
969 11.7227 4.83221 -1.8919
970 13.7506 35.6503 -3.0757
971 22.7341 14.6143 0.556616
972 15.9416 22.7118 3.5675
973 5.80801 24.8233 0.0246604
974 33.5304 21.9678 -1.45355
975 5.94288 22.6123 2.0861
976 5.40744 15.7569 -3.11437
977 7.69795 35.8114 -3.74089
978 14.0956 33.4922 -1.85273
979 7.39951 0.509081 -0.789814
980 34.1937 15.8105 2.56456
981 5.70431 22.0527 1.45285
982 31.1888 1.36613 -2.66537
983 38.5153 18.4765 -2.17258
984 13.1109 29.5563 2.55782
985 1.61369 23.8917 1.66383
986 21.9153 19.2651 1.6137
987 10.7686 14.7811 1.19289
988 5.98338 27.0896 -0.492273
989 26.6767 30.943 -1.06812
990 22.0278 17.6013 -0.258225
991 16.6478 20.9792 -3.20029
992 2.90587 12.1142 -1.20445
993 10.7299 19.8839 3.78457
994 24.2184 18.0943 1.05148
995 13.86 18.5023 -2.59826
996 33.5678 21.6294 -1.78329
997 2.40506 17.8836 -1.95766
998 38.8685 37.6355 -0.504014
999 36.5448 4.65714 -2.51304
