1000
Particles
0 5.71349 34.9294 1.60651
1 28.2157 29.6817 -1.33473
2 16.4008 6.4679 2.56122
3 10.7648 3.48076 1.88808
4 20.4057 23.9205 2.01354
5 14.2251 16.3196 -1.24842
6 31.1842 4.40317 1.64541
7 35.5655 17.7282 -2.07598
8 5.8617 16.2354 -3.97328
9 3.81565 23.7365 2.93704
10 20.6562 3.40013 0.958906
11 12.3483 31.8768 0.932419
12 30.9324 35.1687 1.37829
13 20.9856 3.36134 1.58083
14 18.263 29.6552 1.73024
15 15.7874 28.9979 -4.47747
16 24.8574 31.3366 2.38709
17 0.585552 24.472 -0.793959
18 31.7638 14.9584 2.38624
19 17.1298 28.5312 -3.55028
20 3.14802 7.63705 -1.29523
21 1.27531 3.80543 0.261733
22 4.79121 5.66793 2.07581
23 37.7323 25.281 -2.30162
24 34.9986 4.45557 0.406163
25 0.819738 31.5871 0.277907
26 23.3843 32.7499 -1.33265
27 12.1455 6.99694 0.0227052
28 14.7516 37.6223 1.18957
29 30.3757 2.47606 -2.12638
30 15.4365 16.369 0.42186
31 12.4938 9.82026 2.41693
32 29.0977 39.9102 2.37592
33 9.3847 35.8011 -0.243611
34 24.0384 29.1445 1.92759
35 27.6164 19.4871 0.803776
36 17.7937 4.45607 -2.35922
37 34.2629 31.5618 0.328625
38 34.8202 3.91435 -0.577811
39 35.097 26.2323 1.09136
40 39.938 37.1555 -3.55038
41 14.6631 7.93832 3.6671
42 33.1992 13.3686 2.5227
43 21.779 22.2089 1.68671
44 17.1161 24.048 -0.963341
45 38.5449 21.8421 -3.04589
46 38.4614 8.20047 1.01128
47 28.0861 16.1288 -0.0408133
48 4.46183 36.9878 -2.59273
49 7.68724 35.1776 2.79751
50 4.42011 30.4845 1.10704
51 28.6465 5.32436 -3.06017
52 33.5261 10.2913 1.75285
53 14.7929 6.66504 -2.49488
54 26.3926 9.78009 1.33404
55 9.24622 8.4213 3.13292
56 9.67771 12.5622 -3.13554
57 10.8757 37.233 -3.69793
58 33.1621 26.3535 -1.48335
59 6.28854 36.6233 1.49004
60 7.82406 22.6779 -0.0477833
61 25.6025 33.8678 -1.44659
62 0.772628 5.4089 -1.5967
63 16.2864 16.6507 2.0805
64 34.0133 31.0168 1.43727
65 10.7986 39.4926 -2.98648
66 0.311366 18.444 0.277068
67 21.4139 24.3522 0.0909918
68 38.7475 6.0569 -1.4855
69 11.6507 38.7077 -2.9147
70 11.0459 2.00218 0.325535
71 17.8364 16.2658 1.06562
72 5.89968 12.7134 1.55929
73 21.5816 29.5726 1.44463
74 9.70558 4.54971 2.74034
75 27.3142 34.2682 1.30462
76 32.4192 2.0404 0.0215
77 10.2356 28.6757 2.02625
78 38.7256 26.9853 -4.61541
79 3.39745 0.0103838 2.11358
80 36.1168 15.8769 1.20391
81 13.7838 34.4157 -2.20983
82 17.5473 16.0943 1.59936
83 13.6885 30.1225 -1.20644
84 26.2021 9.99334 -0.679766
85 1.58824 18.8282 1.86029
86 20.6316 14.6453 0.623334
87 24.7096 35.8203 -1.33919
88 12.0876 1.73565 1.18538
89 9.89147 3.464 2.30782
90 36.0564 31.9467 -3.0003
91 26.9831 15.163 0.00634297
92 18.6032 27.3088 -1.54776
93 12.7083 0.525245 2.58503
94 15.6061 24.8245 -1.7234
95 15.9587 3.97116 1.2225
96 10.5892 2.22781 0.0385926
97 23.693 39.6277 -2.69671
98 3.08808 20.5144 -4.79466
99 14.3832 5.49648 0.560156
100 36.8219 22.9278 0.755718
101 16.161 21.7175 -2.44587
102 23.9375 37.3799 1.8076
103 18.8233 0.872611 2.11079
104 21.0509 11.3729 2.20595
105 12.9548 39.9753 3.17057
106 31.9976 23.9061 -1.04601
107 16.8397 20.5399 -1.20027
108 38.0916 24.0118 -1.55431
109 35.2784 28.8453 -2.83318
110 38.5034 33.1711 -1.90597
111 32.9108 35.0959 0.656829
112 36.7922 4.90361 0.659752
113 34.1932 36.1384 1.11429
114 33.3609 20.9913 -0.535427
115 27.0594 16.5801 0.716024
116 15.4288 31.1804 2.34377
117 30.1607 30.9371 -1.24187
118 23.1237 3.71515 -1.37883
119 32.4136 12.3646 -3.85913
120 28.1215 30.6632 -0.52478
121 17.7665 16.9979 2.2263
122 29.3076 27.8587 1.78952
123 12.7315 30.231 0.190711
124 15.1349 0.0849417 -1.14541
125 22.5598 5.92749 -4.15219
126 31.4176 37.3861 1.42713
127 30.5393 4.45874 2.43408
128 26.0476 3.70436 1.94262
129 0.836414 17.9802 1.62089
130 23.3255 13.1584 1.41012
131 18.2275 27.1846 -3.99323
132 15.8454 39.2257 -3.23788
133 39.866 38.2158 -4.56587
134 9.18583 36.1785 1.98315
135 16.1033 4.18634 2.92419
136 29.5608 1.23729 0.642729
137 26.847 23.6459 1.27945
138 3.13272 17.7247 0.0262988
139 15.4237 35.443 1.85001
140 29.3784 1.62792 0.998263
141 26.1604 2.24468 3.67843
142 20.0929 14.7853 -1.48217
143 19.2732 17.967 0.222284
144 36.5562 30.4629 -2.69263
145 22.6539 27.1667 3.19514
146 37.1224 14.6903 2.04555
147 35.3044 29.7262 -2.22947
148 29.3373 9.45375 0.20559
149 15.1356 16.0951 0.172673
150 11.2156 25.112 -1.77195
151 31.2677 1.96795 0.904551
152 18.8062 10.6627 3.08021
153 11.8944 8.43891 3.57645
154 26.3887 39.3187 -2.4958
155 1.56316 24.7339 0.410905
156 1.19327 25.0235 1.15784
157 19.4022 1.62287 0.63934
158 11.8214 8.19683 1.75644
159 25.471 34.0866 -3.24865
160 11.2591 23.2984 0.308853
161 12.1086 25.2777 1.18041
162 27.456 23.6401 -0.113299
163 16.6715 15.8621 3.03769
164 22.2075 7.76883 0.821871
165 32.845 5.85405 1.47243
166 36.8519 3.2836 -0.386565
167 3.2567 34.6218 2.08127
168 34.7778 29.4069 -2.53586
169 3.27823 5.88019 1.39344
170 30.7446 36.6683 1.97734
171 20.2278 28.3836 -2.07278
172 11.6324 17.9727 -0.227355
173 32.4658 32.608 1.84714
174 21.7722 5.73334 3.2714
175 1.27044 10.0056 -2.79333
176 26.2874 22.3031 -0.403481
177 10.3116 4.31442 0.537621
178 34.4969 27.2713 0.407573
179 21.5769 14.422 2.00852
180 18.4628 6.73292 -2.76635
181 14.6239 27.4126 1.39856
182 16.6518 25.4694 -0.789909
183 0.440673 22.1204 -1.87785
184 2.28765 38.3301 2.19458
185 10.7338 10.0906 1.41127
186 21.546 37.8934 -2.45303
187 35.1585 6.30933 -0.0153401
188 16.8591 7.48648 -1.30244
189 5.92651 19.1303 3.32269
190 26.9091 18.4184 0.458963
191 15.4702 21.3632 -0.872662
192 2.06535 36.8208 4.2818
193 21.1934 28.8045 0.317711
194 20.1517 23.6645 1.97487
195 4.02301 18.916 -1.87633
196 35.8195 1.34135 2.65155
197 10.2318 37.1034 0.790099
198 32.8727 23.7042 1.61253
199 19.2203 11.1559 -1.12943
200 36.4376 35.6578 3.11899
201 3.07443 14.7761 1.71395
202 13.611 15.606 -0.672337
203 20.8018 19.9624 -2.40068
204 32.2121 25.7085 -0.502259
205 9.01808 30.9697 0.783736
206 5.59844 1.12117 0.913118
207 36.5835 1.84961 0.933952
208 36.0686 22.2682 2.67101
209 2.6063 2.40149 2.42299
210 24.9855 23.7415 -1.68096
211 33.391 20.2183 0.137005
212 30.3669 35.6567 1.84873
213 39.1804 39.8303 1.352
214 27.5542 25.3101 1.15823
215 3.83798 14.4446 0.818965
216 32.3225 29.4821 -1.27538
217 11.9088 8.52199 1.75828
218 8.18181 16.6579 -0.63804
219 24.5596 36.3748 3.59488
220 14.3475 5.97122 -1.48842
221 18.842 22.839 2.96407
222 36.7795 29.7267 0.708849
223 13.9587 22.1633 -1.67945
224 5.71602 27.4251 2.7865
225 1.47955 6.11662 -0.565872
226 26.1658 17.1944 1.94298
227 9.85718 6.36494 -0.000737145
228 16.1826 39.4464 -1.60335
229 3.73978 25.6039 0.265681
230 31.9476 36.5309 -3.93615
231 17.7665 27.8498 -1.32556
232 34.9108 32.1708 -2.44362
233 35.8537 3.95599 1.54686
234 38.7025 8.80688 4.17421
235 2.15314 12.5158 2.2046
236 18.7257 10.1343 1.75349
237 15.6855 25.4331 -1.59629
238 13.734 10.0707 -0.270878
239 36.304 9.93833 -0.244218
240 18.2318 15.8858 0.22644
241 35.9404 26.4123 -2.92591
242 30.5187 4.75436 2.2685
243 30.4407 34.3363 2.21729
244 3.94888 5.05271 3.07492
245 17.8063 26.829 -2.30928
246 25.6455 7.70947 -3.39228
247 5.4602 3.62103 -3.5829
248 11.4201 26.1638 1.80065
249 8.57806 0.672948 0.194059
250 26.1376 3.50598 -0.0492123
251 28.402 1.12008 -0.106687
252 28.6816 14.3718 2.57595
253 32.1092 15.1916 0.626166
254 9.52675 38.5789 -4.09901
255 28.2946 19.7122 1.10419
256 2.39192 39.3462 -3.43434
257 28.3488 17.1547 -1.89859
258 33.0769 3.10463 3.04097
259 36.5375 20.3066 -1.24363
260 1.13662 3.32335 2.0823
261 31.5959 20.1316 2.5295
262 27.2302 36.8747 -3.05577
263 1.67987 29.1181 -0.504107
264 14.117 17.9954 -0.75154
265 2.85985 27.9474 -1.69555
266 4.00586 16.7509 2.89847
267 6.38569 17.9361 -0.288191
268 18.2752 16.8533 0.498648
269 37.8204 36.0728 1.57857
270 32.6082 13.2324 -0.5631
271 2.73823 14.5746 -0.576408
272 22.6604 21.2475 1.36024
273 34.7525 28.2583 -2.66859
274 11.7705 37.1865 -0.70542
275 11.0367 31.6068 0.796761
276 30.5822 17.8347 3.14593
277 2.48388 20.3332 2.65593
278 3.8347 14.6929 -0.395111
279 15.0323 29.2398 0.329903
280 3.10254 29.8667 4.14495
281 25.9835 27.2873 2.23965
282 9.89192 19.1965 -1.87816
283 27.396 4.76131 3.36698
284 31.7895 15.3986 0.557349
285 7.93535 35.0479 1.51995
286 36.9515 7.91838 2.11011
287 13.3052 13.9389 2.80576
288 39.5005 1.37282 2.31762
289 9.30419 35.0221 -0.124208
290 31.7878 26.2947 -3.34623
291 17.1688 5.32585 1.13905
292 28.3233 20.1418 -0.840873
293 18.9135 7.62021 -2.83039
294 33.8439 29.0586 -2.6813
295 16.3459 15.1336 3.72302
296 21.3696 28.4785 0.359541
297 37.2065 29.7676 -2.42634
298 20.6827 2.75951 -0.245004
299 17.2927 24.9321 -3.12702
300 16.1911 12.8077 -0.636034
301 22.4413 28.8336 0.492658
302 22.0793 3.70259 1.91828
303 1.56575 17.6252 2.31787
304 11.8531 32.0448 0.255778
305 2.24667 25.1589 2.29714
306 26.0663 19.9214 0.479214
307 13.6548 17.9847 -1.66988
308 9.77147 30.7939 3.41867
309 21.6421 0.0702881 2.5973
310 13.9617 19.1056 -1.81369
311 22.2837 24.8924 -3.06003
312 37.8097 27.9665 -2.91301
313 23.6218 5.17944 -2.903
314 21.0489 39.6095 3.1708
315 3.36123 35.5137 -2.30737
316 29.1521 38.7361 -1.58468
317 17.7025 28.671 1.76237
318 26.0086 33.4185 1.39347
319 7.79381 3.45738 0.990683
320 12.7123 17.4592 -1.95726
321 28.7062 9.54872 -1.49797
322 2.61291 36.6594 -2.55923
323 37.9503 35.4898 -2.83712
324 27.6249 14.6213 -3.52304
325 11.5761 30.3124 -0.116207
326 11.7372 7.73813 2.36269
327 11.1383 33.7684 0.480075
328 12.9558 32.0848 -3.48894
329 16.8746 18.0336 1.30798
330 2.98342 10.8047 4.32449
331 22.2027 5.42669 -1.97018
332 36.4915 2.89069 -1.65707
333 34.0394 27.5572 -1.59575
334 10.1862 9.33354 1.6601
335 3.65195 35.7874 -3.09882
336 23.2923 7.0887 0.848916
337 12.673 21.9183 0.172176
338 25.0928 24.7029 3.15837
339 2.13986 29.6109 4.29101
340 16.9195 11.8526 2.42885
341 33.1581 27.1326 1.38181
342 19.5912 10.2618 3.46756
343 5.77038 16.3274 -1.75055
344 11.913 2.21734 -0.359593
345 2.13593 33.1125 0.267493
346 15.2927 8.97777 -2.30669
347 7.37511 36.7521 1.56531
348 13.1769 11.777 -0.606601
349 18.8937 24.6419 -4.49339
350 6.54794 15.8561 -1.00477
351 38.0358 24.5454 -0.308905
352 27.97 21.8926 0.871484
353 22.6843 15.5982 -0.40113
354 0.685351 31.2476 3.76526
355 15.7072 22.4711 -2.30082
356 1.89888 33.6266 1.39072
357 8.02236 7.31884 -1.42636
358 15.7778 9.56279 -3.74577
359 26.6522 21.4454 3.35551
360 34.3901 29.4865 0.122776
361 27.9442 31.4853 -2.48692
362 31.8169 28.106 -0.311292
363 32.2993 12.9293 -2.18941
364 16.08 15.3111 2.14045
365 38.8708 33.7661 -1.91875
366 10.1192 0.304631 1.05068
367 6.10934 0.129657 0.0621391
368 21.8187 6.81376 3.00929
369 19.779 10.5688 3.67202
370 24.4817 32.8361 -1.62426
371 36.5503 15.7027 2.66891
372 19.9394 25.4329 1.08295
373 15.2185 20.5457 -2.72012
374 11.4996 13.427 0.0760189
375 8.55762 11.126 -2.78435
376 34.9756 31.2395 -4.47345
377 33.3831 10.5732 -4.67953
378 18.1252 7.22286 -0.843951
379 38.7847 35.9663 -3.99874
380 35.6397 0.977787 2.70026
381 18.0255 39.107 0.634941
382 0.614087 13.5635 -2.42498
383 18.6593 25.1693 3.97226
384 32.6236 5.93497 0.557201
385 19.6345 26.1062 1.13131
386 27.1094 9.75132 -0.995224
387 3.2342 2.7963 2.27017
388 32.0196 33.2549 1.13289
389 19.4095 34.9855 1.52312
390 30.4166 5.16033 4.68617
391 14.4309 9.86275 0.742824
392 23.7935 14.2852 0.314625
393 20.2133 2.54372 2.20387
394 31.7893 12.9844 -2.29092
395 0.606116 10.206 -1.98747
396 20.7928 2.18057 -0.265594
397 3.10882 19.352 3.23569
398 27.0601 34.3141 1.94211
399 31.4247 14.9304 0.723111
400 3.27601 4.87783 1.78588
401 31.6435 26.5454 -2.927
402 2.95843 9.38754 0.447888
403 9.4542 29.9488 -0.42274
404 22.98 29.5915 2.04617
405 7.51899 22.3351 0.263505
406 16.664 9.66518 -1.96631
407 0.22414 10.9709 -3.04692
408 12.5085 7.73433 2.34943
409 28.2481 10.1249 -0.20798
410 21.968 28.1031 -0.0602136
411 18.9182 35.7493 2.40453
412 3.03902 4.19312 2.65653
413 3.04689 21.9343 2.04407
414 10.5414 4.10442 2.17627
415 11.9014 25.9495 1.18591
416 0.0168202 29.6894 -3.79655
417 2.53939 1.94644 2.81279
418 25.5717 23.525 0.396731
419 26.2964 10.4915 0.245862
420 23.6958 1.74166 4.05086
421 9.63736 12.0576 -3.93457
422 11.4243 11.9138 3.71048
423 0.299472 7.74458 -1.99869
424 23.4442 16.3043 -1.57161
425 21.3422 39.8669 2.5953
426 10.6818 16.1614 -2.08157
427 21.419 29.0192 2.79245
428 11.2036 1.1471 0.141212
429 36.1212 4.45228 0.468635
430 11.4601 16.1457 -2.30434
431 7.46305 10.2025 0.697093
432 15.2038 32.3696 1.42508
433 27.8523 19.1065 0.368746
434 14.6769 19.3557 -0.347595
435 36.8114 31.4055 -1.21241
436 35.1217 27.9308 -2.40372
437 7.55519 3.56048 -1.48217
438 0.301251 1.21525 0.232756
439 36.9261 20.9267 0.40208
440 17.8683 8.40409 -1.27502
441 22.4019 35.2873 1.11078
442 16.8209 12.5635 0.265723
443 17.3363 25.3659 -1.81691
444 13.17 23.7997 2.52539
445 17.0846 19.6086 1.02868
446 22.2841 5.46736 -4.39175
447 11.0211 9.8696 2.33136
448 31.3035 20.6191 0.203616
449 15.7697 18.3206 2.31043
450 7.56249 21.1264 -1.25029
451 33.3176 20.5613 -0.788704
452 10.625 5.72029 -0.618342
453 5.44149 18.5756 4.73206
454 33.2092 10.621 -1.1325
455 21.2016 39.3751 3.7421
456 16.5786 16.5366 3.47602
457 25.6397 11.8635 3.99944
458 21.5815 18.7224 0.455772
459 20.0768 0.0329799 -1.09715
460 8.91507 39.6738 0.251271
461 10.2199 3.44008 1.32621
462 26.557 23.9913 0.777669
463 1.5571 31.3543 0.995819
464 25.3332 36.3082 3.42083
465 31.6754 5.99937 -2.12983
466 33.8911 24.4912 2.85711
467 9.00495 32.3119 2.67432
468 10.3218 32.4671 2.36581
469 28.6873 34.8697 1.96635
470 9.64873 11.9448 -0.99028
471 27.2039 28.169 -2.06763
472 16.2571 4.8895 1.98365
473 16.9489 1.10267 -1.03864
474 4.6855 37.2725 -1.59745
475 30.898 36.0535 0.620495
476 14.3465 19.7133 -3.09428
477 9.4827 37.0389 -0.23718
478 33.5427 26.2535 1.06356
479 35.8605 28.9212 -0.0290576
480 36.7916 27.8086 0.102126
481 32.1284 4.56826 0.671442
482 13.2101 38.6012 2.57769
483 8.61851 36.5088 -1.4135
484 20.5587 39.5289 3.38822
485 3.64025 35.9953 -0.572804
486 15.2724 25.5729 -2.8061
487 26.8472 30.2481 -0.213635
488 0.734054 8.94689 1.64225
489 20.5243 7.13765 -1.90837
490 35.6686 7.48542 -3.86716
491 18.7146 14.878 4.5476
492 19.3098 37.4672 -1.70474
493 39.7961 28.6206 -0.54111
494 4.61516 20.1315 3.9846
495 38.1761 9.2517 1.93111
496 22.9382 34.7078 2.94038
497 16.5233 31.8104 -1.16889
498 18.0614 10.721 2.79089
499 8.68669 15.7214 1.78078
500 10.2659 8.28448 0.790103
501 35.1727 7.96298 -3.08112
502 6.63955 1.77581 -4.5551
503 22.3721 24.9926 -2.16866
504 3.33473 1.97995 -0.0731134
505 12.5631 10.0261 2.08754
506 26.7463 25.9152 -1.40984
507 19.2402 11.8433 -1.23657
508 12.1188 30.3747 -0.0983584
509 21.0722 38.0526 -0.939759
510 36.7935 7.41842 0.721968
511 23.2814 29.139 1.8186
512 34.6737 29.6654 -0.711825
513 17.6091 23.9297 -3.47004
514 3.48645 34.794 -2.04993
515 17.1868 16.3563 0.940135
516 18.1056 35.0881 -4.76007
517 15.3041 17.5834 1.63507
518 39.0876 37.7369 -2.23317
519 22.8719 23.6917 -1.44701
520 4.07868 8.73678 -0.575657
521 1.54572 38.4708 2.66202
522 28.3838 21.3492 3.9122
523 14.2526 17.4912 1.19914
524 15.7892 20.4409 -0.868893
525 14.7479 16.1966 -1.76608
526 16.9764 25.8197 3.61498
527 12.5556 9.2018 1.02082
528 19.9344 7.12778 1.04869
529 32.1385 33.3758 1.82349
530 30.5414 17.647 1.0796
531 25.3653 0.147745 0.284836
532 20.1227 0.171419 -3.69693
533 39.0961 32.2804 -3.94704
534 6.86806 28.6558 3.36628
535 30.5938 6.90892 -0.907306
536 33.695 12.1889 -3.74984
537 3.39755 24.7661 -0.549804
538 19.065 38.8457 -3.4877
539 19.5439 16.3395 1.53026
540 35.7585 18.3467 -2.5342
541 19.7967 24.4168 2.6607
542 32.5495 36.5748 -1.29908
543 7.87466 20.7635 -1.50868
544 35.8769 33.6065 3.11358
545 2.27017 18.9701 3.96901
546 34.6778 0.431925 -0.741723
547 2.59368 11.0089 0.963243
548 33.2113 34.3286 1.6662
549 38.3555 27.8331 1.65194
550 37.2784 29.8122 0.213427
551 38.1479 10.4672 3.07904
552 10.1412 2.49147 3.31141
553 11.3503 30.9981 -0.059701
554 12.347 1.91003 1.76499
555 34.8455 7.26532 -1.2563
556 1.99566 18.1336 2.81921
557 13.3587 11.9164 -2.47471
558 28.7032 3.7941 4.23021
559 33.9423 35.237 -0.30769
560 36.8562 25.565 0.922794
561 4.02904 35.7298 -0.550828
562 10.5888 23.3816 -1.71534
563 5.13085 11.1264 -0.34074
564 7.44548 24.9991 -1.32479
565 2.85733 21.3911 2.8713
566 18.8685 0.816967 0.0447229
567 32.965 20.3544 0.8461
568 39.8781 6.59048 2.9194
569 31.0138 29.2647 -3.14118
570 7.73559 30.1866 2.9649
571 14.2853 8.65867 0.962034
572 26.561 22.7764 -1.88264
573 17.9747 30.3484 -1.48624
574 11.2046 24.3955 2.09449
575 9.03992 13.8004 3.58387
576 5.29288 3.69692 4.04729
577 20.0455 35.2327 -4.0897
578 12.9478 34.6986 0.599605
579 15.955 17.906 2.31363
580 6.4442 28.0134 -0.807613
581 5.40345 26.8551 1.97464
582 15.5238 20.7189 -3.22774
583 18.5418 29.2171 2.57774
584 4.40342 11.1647 -1.53628
585 1.25979 22.9986 -0.359022
586 24.8632 23.6391 1.68618
587 30.1478 35.4297 3.33158
588 18.8016 38.5604 -4.77906
589 24.8567 11.8604 1.73978
590 2.05996 6.66742 2.91161
591 12.8672 30.7419 -0.85866
592 23.2083 24.7215 -1.87147
593 12.7907 17.177 -4.46044
594 6.34506 3.57416 -2.25321
595 33.9102 28.8775 -2.74015
596 3.11003 36.877 -3.31174
597 27.1859 10.8962 -0.500547
598 1.13032 13.1949 -3.26289
599 11.8963 1.97036 0.312847
600 39.571 38.509 1.68512
601 20.3556 36.2488 0.0159551
602 17.0431 16.9492 3.36929
603 20.2337 5.08266 -2.82183
604 28.9472 30.9972 -4.09975
605 18.9522 25.238 2.0516
606 38.6571 29.9193 -0.918652
607 0.0832647 9.39962 2.4801
608 8.30111 2.70472 2.03633
609 23.995 12.7505 2.43593
610 32.0481 30.4933 -0.339089
611 35.933 24.9632 3.15038
612 17.1464 6.84037 -1.80374
613 18.7723 8.90888 1.19865
614 36.62 36.0836 1.02497
615 34.7202 4.4799 2.61683
616 34.4852 20.5536 -1.27153
617 21.6124 28.135 -0.0812486
618 3.43525 1.10053 0.133824
619 22.6667 27.4441 1.11665
620 37.7302 2.53884 3.23375
621 25.9624 22.1569 2.82551
622 29.8163 4.40321 -2.69482
623 16.1438 20.0254 0.0514143
624 4.59882 9.06142 1.01718
625 12.0875 8.5234 4.46257
626 2.64169 1.07198 -0.256474
627 9.06123 36.3018 -0.13423
628 18.6236 8.38969 1.24268
629 22.9264 5.76954 -4.16783
630 2.31718 6.59214 1.50447
631 30.6922 0.510672 -0.134547
632 34.7521 32.5351 -2.77624
633 7.58625 20.7791 0.598573
634 38.8972 10.5441 2.52059
635 26.9332 24.7958 0.362466
636 21.1044 14.5214 2.16445
637 9.4894 32.2273 3.19926
638 29.7952 33.2742 3.42695
639 27.5105 23.4942 1.0039
640 5.47532 21.2331 2.42924
641 36.1766 7.41452 1.52428
642 14.6769 33.3804 -2.86286
643 28.9976 34.9915 1.21603
644 11.6928 38.1913 -2.27248
645 4.74373 6.70233 0.496031
646 11.9358 5.48459 -2.1828
647 10.0469 3.09218 1.22716
648 26.5597 33.8201 1.80991
649 15.1187 8.93988 -2.47835
650 28.2627 22.2782 -1.99377
651 30.4146 20.2302 0.135616
652 3.21885 29.8046 1.48332
653 6.88532 36.4676 1.92745
654 27.237 19.5286 0.681424
655 28.2119 33.2601 -1.61946
656 16.3542 8.07826 -1.54819
657 29.5207 10.1055 -2.22948
658 3.9 25.8909 0.146449
659 1.74692 4.23062 1.4011
660 28.2286 19.3378 -0.0311362
661 4.8797 18.3325 1.08143
662 35.3887 39.0246 -4.26993
663 0.640296 17.6273 0.751916
664 36.728 22.2009 2.43096
665 35.3463 32.1765 -2.00078
666 26.6299 2.15092 4.18594
667 34.8093 28.3818 -1.47099
668 7.24315 33.984 2.95046
669 7.48733 34.1292 0.866297
670 34.9955 30.2208 -0.230368
671 36.0714 0.331927 1.58102
672 14.319 37.7937 1.65566
673 1.93858 11.9879 -0.144157
674 7.38881 21.6291 1.43755
675 27.8682 10.8528 -0.794785
676 39.6264 7.20799 2.22769
677 8.78044 16.0282 3.75139
678 24.5137 1.31049 1.09286
679 18.2728 24.8134 -4.47861
680 25.1685 36.8569 2.8752
681 16.6688 33.0147 0.853339
682 35.6603 0.778379 3.31477
683 20.7438 27.5594 1.22178
684 8.19251 23.7346 -1.45617
685 26.1088 22.0164 1.01992
686 38.0334 32.5885 -3.07155
687 23.2588 21.3763 -0.924792
688 23.5572 12.7311 2.55453
689 7.16111 5.47687 0.74678
690 9.45263 6.54016 0.224048
691 16.8779 33.0265 -1.77684
692 27.9668 15.0417 -1.19488
693 2.35639 24.3784 1.31469
694 31.4344 14.7321 1.48711
695 13.6905 31.1412 0.345756
696 16.8387 21.3754 -2.88411
697 22.8334 3.57232 -2.05432
698 4.79595 7.25421 1.80782
699 38.8048 30.4238 0.819079
700 7.02334 0.0878554 -2.74451
701 12.1382 1.53361 -1.26994
702 8.31129 37.6587 0.661014
703 2.1986 9.8987 0.509431
704 29.6676 1.16611 -1.24296
705 4.02463 22.8249 -4.3953
706 33.361 34.9612 -0.301292
707 21.8766 1.5768 1.01843
708 37.8454 25.9549 -2.21393
709 29.4526 13.9132 2.61251
710 10.5586 2.20202 3.38969
711 34.4761 32.1263 -3.08939
712 31.7757 25.6493 -2.88105
713 37.3353 19.9198 -3.75672
714 28.8558 36.9433 -1.69496
715 35.005 27.5783 -2.49556
716 18.6655 31.7552 1.41251
717 16.4237 30.4402 1.27444
718 1.33653 25.7785 3.0512
719 10.315 29.5029 0.647088
720 18.2019 20.1492 2.1528
721 20.4298 34.8215 -2.7207
722 2.32978 6.89462 0.925617
723 9.96791 37.9376 -0.79081
724 19.7562 3.50179 -0.187231
725 27.3939 33.3773 -0.152716
726 38.2155 25.6168 -2.07662
727 13.4966 19.1701 -1.2959
728 0.0438912 29.3899 -1.97867
729 14.6699 2.81807 -1.04441
730 24.4404 10.7885 0.674756
731 39.3723 18.8888 2.16378
732 21.4185 38.7275 4.5551
733 22.9925 30.8346 0.0895819
734 39.5483 8.1948 -3.30708
735 14.2225 32.898 -3.08391
736 24.3121 24.3056 0.953921
737 1.59261 31.8634 -2.452
738 21.4118 9.79556 -1.87789
739 13.0137 17.94 1.1171
740 30.7049 20.6627 -0.42854
741 2.34675 24.3096 1.79093
742 14.8844 22.1428 -4.03632
743 26.7804 20.2101 2.26142
744 29.6657 20.173 0.305431
745 21.0717 38.6226 0.344828
746 18.6208 9.23394 0.907624
747 16.6431 27.9481 -2.90614
748 14.4882 32.7455 0.695618
749 11.6999 3.34796 2.72478
750 6.07987 33.0273 -2.27176
751 35.6759 33.472 3.12784
752 8.12902 22.5235 -0.466525
753 26.4563 23.0975 -0.571607
754 26.8683 26.9258 -0.309791
755 33.4157 6.2771 1.18719
756 10.3842 11.0193 2.0853
757 5.46688 33.6281 -0.982586
758 3.42425 15.1918 -0.862501
759 11.4202 26.7802 -0.813343
760 39.3869 28.0472 -0.8824
761 4.17215 13.3353 2.9673
762 20.2155 26.7421 2.83397
763 3.75649 2.30197 0.35542
764 16.0122 17.6004 -0.604033
765 1.7692 21.2901 -0.230938
766 10.7102 9.09711 3.8596
767 35.2623 10.9067 2.53476
768 7.54407 25.4945 -3.5977
769 10.4921 33.1462 0.379697
770 7.88488 29.0989 2.39955
771 12.4572 19.6243 0.469109
772 10.2608 31.5463 1.18754
773 34.6628 30.8892 0.185731
774 36.6289 30.5442 -1.58875
775 15.2771 6.07074 -2.01625
776 8.23005 11.6007 -1.77092
777 34.2635 26.411 1.20115
778 34.7377 29.3522 -2.08063
779 19.5369 3.70344 3.22689
780 36.3756 7.27683 3.63932
781 15.8796 32.737 0.695371
782 4.06326 7.47265 -2.65331
783 16.2469 16.22 0.692617
784 34.423 1.57629 0.701427
785 20.7541 15.2789 0.61907
786 10.3327 16.6912 0.0189927
787 0.501246 5.05107 -1.55668
788 2.5179 27.4342 -0.365277
789 0.851471 3.75677 1.67958
790 11.7682 26.2778 0.874834
791 7.7047 21.0754 0.149312
792 10.7353 17.9145 -0.991325
793 16.5904 36.9152 2.59602
794 19.6066 24.5828 3.72605
795 0.146363 39.2468 0.518105
796 13.2654 15.094 1.6852
797 38.3649 34.1392 -3.8267
798 33.0261 11.1532 -2.79126
799 30.911 4.87253 2.79545
800 39.0325 10.2254 2.39172
801 19.0258 23.5712 2.21992
802 32.1324 24.5388 -1.12184
803 12.0237 39.6973 -0.870132
804 1.94904 20.0593 2.54701
805 2.2651 25.2779 0.975661
806 7.82181 30.1078 3.08076
807 26.9717 18.9388 -0.703245
808 16.1377 30.4796 3.72972
809 28.0375 27.1843 1.12557
810 18.6017 29.3043 0.881122
811 0.525128 23.1068 -1.17075
812 9.33914 3.5356 2.10623
813 6.38761 11.7934 1.08265
814 29.4498 38.7387 -0.292229
815 25.9015 19.798 1.31978
816 15.9668 38.9847 -0.666037
817 16.4069 35.4264 -2.89967
818 2.23944 1.98208 1.15088
819 30.9063 6.14339 -3.87229
820 11.6122 38.8867 -0.541459
821 11.9282 5.11939 0.640084
822 5.66419 34.7734 0.160374
823 19.4183 3.91374 2.04305
824 27.7822 14.5104 -0.749891
825 38.6925 2.42242 0.573337
826 4.50227 16.035 2.33209
827 36.5467 9.31922 -2.63169
828 17.0821 19.0766 -0.551827
829 10.5679 34.6743 -2.2885
830 13.0193 13.9165 -1.17
831 22.4364 35.3196 3.32715
832 35.1898 1.56416 3.47031
833 19.2259 16.5075 0.307025
834 17.0924 7.31668 -0.417283
835 1.14898 30.9598 3.39434
836 16.5343 30.1764 1.90911
837 29.2464 36.6129 -2.85625
838 15.975 4.81171 2.22606
839 13.3373 10.9695 -2.55688
840 23.4923 16.1141 -1.84773
841 23.9362 36.7219 1.92661
842 25.021 33.973 -1.05116
843 19.9132 3.55765 -0.157101
844 6.52616 24.8003 -1.78515
845 7.89699 29.8741 2.08541
846 3.78018 16.8452 0.441155
847 1.36431 25.0366 1.02454
848 20.751 25.5882 1.44757
849 20.2352 16.3074 2.59865
850 35.146 31.7006 -2.49307
851 6.27097 0.77133 0.911695
852 31.4516 25.0014 -2.76096
853 17.9783 18.8499 0.0802266
854 6.6641 36.7547 1.00973
855 9.94641 36.9247 0.793493
856 11.4623 31.381 1.95724
857 12.0886 32.9143 -0.35529
858 31.9101 30.2197 -1.3244
859 9.21697 33.2824 0.725678
860 39.9418 18.3359 -0.190767
861 5.64188 18.7558 -1.81807
862 4.67897 24.5454 -0.468078
863 15.9778 9.5271 -3.58737
864 10.0657 5.43828 2.38849
865 19.4367 28.7212 -0.055197
866 29.873 39.9546 0.374976
867 30.653 26.4565 -3.54102
868 33.3016 32.7721 1.53313
869 39.4738 18.7779 2.23298
870 38.7168 5.38901 -1.88732
871 15.9116 21.3252 -2.94913
872 35.2299 16.311 -2.57707
873 10.0961 17.4186 -0.721208
874 21.186 13.6513 1.66603
875 33.4063 5.28567 -0.585277
876 21.4142 27.0952 3.04
877 1.38129 14.1881 -2.71495
878 38.1037 3.18431 2.85815
879 9.94592 37.6051 -1.18892
880 31.4117 25.3298 -3.66545
881 13.2924 22.9922 -0.448261
882 26.406 6.04711 3.24028
883 35.757 27.1797 -1.43256
884 36.3152 13.0503 -1.23448
885 11.725 7.91701 2.15816
886 18.4084 17.4823 2.96625
887 3.60563 20.5958 -4.2778
888 30.1689 33.128 -4.06164
889 37.041 7.12889 2.37196
890 15.1501 6.85354 -1.00377
891 21.404 24.9573 1.99963
892 27.9084 13.8462 -1.78279
893 31.7958 20.5678 -0.16233
894 22.3519 26.9162 3.437
895 31.4633 6.693 -1.82924
896 14.576 0.579019 -1.11858
897 3.27412 14.8216 1.639
898 27.3257 18.7633 1.36667
899 11.9534 25.9278 1.05813
900 11.7961 39.1619 -2.42048
901 0.133031 39.4335 0.274971
902 4.18522 27.7733 4.35957
903 18.7506 34.1083 -2.00354
904 19.0407 36.1444 2.66498
905 33.3478 36.2287 0.868715
906 16.6432 12.3576 2.61075
907 12.041 26.9961 1.89202
908 32.0838 1.89622 1.37737
909 11.8088 1.25459 1.71187
910 3.14333 24.6154 0.927236
911 38.0768 0.966621 -3.34167
912 25.8853 18.6011 1.02911
913 34.0074 34.5832 1.18265
914 38.1085 24.1964 -0.499951
915 37.7677 0.61516 -4.22365
916 0.15152 16.4603 -2.09363
917 14.2895 22.6671 -3.71412
918 34.1542 6.21826 1.43393
919 21.6287 31.2642 2.31956
920 1.64825 22.7233 1.47041
921 34.7007 19.9227 2.1808
922 22.5335 15.7229 -0.439986
923 6.75897 24.7047 -1.46682
924 33.2306 26.795 1.47378
925 17.4749 16.3248 3.41873
926 15.2774 6.23232 -0.95197
927 35.8998 29.049 -1.29544
928 35.4671 0.269013 0.9275
929 12.8256 28.368 -1.44485
930 6.33718 5.27191 1.44886
931 11.7454 26.1819 1.70022
932 34.5133 21.6943 -1.72737
933 20.7218 2.53073 3.19363
934 29.2814 15.4342 0.89526
935 7.92079 9.54157 -0.529647
936 16.2065 18.5954 -1.65264
937 19.2954 3.88974 -0.169561
938 16.3152 19.7456 -0.702091
939 7.58153 1.7244 2.33473
940 14.7508 21.4043 -2.20686
941 33.745 26.4115 0.249341
942 2.98239 20.052 -3.76465
943 11.9626 5.83713 -1.17134
944 12.4475 4.33871 0.429916
945 2.68148 11.3393 4.078
946 13.2389 21.359 -3.18273
947 10.8344 8.87211 2.76789
948 22.1494 6.69045 2.46467
949 8.5867 10.6447 -1.31
950 10.3559 31.3675 0.0471395
951 10.8045 4.88116 2.36196
952 11.643 21.7517 2.19126
953 34.3509 24.1448 1.39033
954 11.6959 31.5081 1.41841
955 8.52014 1.39634 0.540036
956 23.0436 15.6055 0.145723
957 39.2702 16.8873 -1.43714
958 2.67884 3.87825 4.64362
959 38.1717 15.87 -2.32195
960 12.8165 31.062 0.72227
961 3.58433 27.0252 2.49975
962 13.1669 28.2676 -2.39511
963 10.4784 37.8294 3.66827
964 1.06042 9.77346 -2.97956
965 39.065 30.1021 0.451032
966 14.8327 9.0467 -4.31683
967 19.185 37.6726 -1.29865
968 36.7038 14.7271 1.15851
969 18.3768 7.34901 0.834209
970 14.4098 0.622051 0.852785
971 15.5031 20.6611 -2.03456
972 15.5637 16.7661 1.01394
973 0.804635 18.6474 0.908064
974 38.0366 28.4474 -0.809181
975 8.33372 21.9433 0.551938
976 7.7249 14.908 1.65881
977 3.35508 2.62141 2.24129
978 9.348 37.2561 -1.33787
979 9.00231 2.85906 1.53381
980 30.6322 7.21642 -1.72359
981 6.08685 20.1584 1.68806
982 3.02427 35.3993 -0.715221
983 35.0787 21.0864 -0.298381
984 11.8608 30.243 0.224688
985 38.527 28.5459 -0.426426
986 18.7569 22.0343 -0.730032
987 11.0116 9.77311 3.41626
988 10.7059 18.4169 -3.31576
989 24.9733 33.5235 1.6782
990 18.5611 20.0408 -0.867899
991 13.7509 20.607 -1.59368
992 9.31829 4.08653 -1.02991
993 14.9696 7.44005 3.84121
994 22.7606 21.4724 1.05725
995 19.4443 9.86276 1.39395
996 37.8913 22.7435 0.0413719
997 3.06254 17.3446 0.166074
998 38.0061 30.5972 -1.79184
999 37.0983 4.59218 -1.07974
