1000
Particles
0 1.8138 32.5814 -0.230764
1 35.3331 25.4278 0.322715
2 15.9039 1.69033 -1.19676
3 9.79217 35.562 -3.99378
4 16.4485 23.4529 -1.23764
5 17.9376 10.4814 -3.40345
6 29.806 0.99565 -1.75537
7 34.7409 20.3056 -0.928782
8 12.4178 23.4767 0.64445
9 34.6696 21.5635 -1.40768
10 24.8052 37.8242 -1.02815
11 2.39146 31.8022 -0.259459
12 33.9108 34.3098 1.41852
13 6.21823 5.58923 -0.543602
14 27.8 28.5559 3.14428
15 15.3093 27.2533 0.0894424
16 26.3528 30.1411 3.9336
17 32.5825 20.8027 3.76773
18 32.84 10.7879 0.775252
19 13.9417 21.1742 -1.42351
20 4.61869 5.97203 0.842073
21 1.41933 4.42348 4.30613
22 6.25441 9.33283 -3.94107
23 36.1162 17.8793 1.4882
24 36.7624 7.50494 3.34382
25 1.73883 32.4169 -0.31304
26 17.4846 33.6596 2.15741
27 12.0517 9.95796 -3.6994
28 7.17303 30.508 -1.81398
29 30.1916 0.220282 0.278989
30 15.079 19.5098 -1.29256
31 9.81718 17.3373 0.727418
32 25.6784 2.29226 -0.48812
33 9.96009 35.3752 -3.86208
34 27.2119 22.2588 0.386943
35 25.1165 7.34173 -3.9959
36 13.2287 1.90841 0.0558116
37 35.7493 28.9171 1.11685
38 31.0521 1.21991 -2.95477
39 35.158 16.4933 -0.741223
40 0.485102 32.4596 0.72202
41 11.8764 13.473 1.43344
42 39.3416 18.2896 -0.637445
43 24.6665 28.8747 2.03773
44 18.1036 27.5406 4.14512
45 7.34001 29.4647 4.0337
46 38.7422 6.49581 0.0665975
47 29.4523 10.5414 -1.50288
48 8.05408 34.6813 0.989987
49 3.1902 33.6801 -0.59844
50 39.432 36.4761 0.280879
51 23.5497 35.7787 -3.12533
52 31.5663 11.7568 -1.36172
53 12.1778 7.37663 -0.292464
54 24.5854 24.739 -3.57784
55 6.73414 15.6602 -0.941707
56 16.4066 12.0936 -1.57092
57 9.13285 37.76 -1.25889
58 35.1721 24.509 3.21393
59 9.12528 34.3789 2.62574
60 7.3679 24.324 0.400263
61 11.591 34.564 -2.60905
62 37.1398 39.829 4.0788
63 5.79079 19.6433 -0.232353
64 39.1091 26.3112 -0.297128
65 3.48065 4.19715 2.83625
66 4.6536 19.9992 -1.4152
67 26.2905 23.5139 0.936108
68 8.18307 3.24963 1.22672
69 16.1061 4.70475 2.65633
70 9.03522 2.48963 0.375399
71 23.448 11.8012 2.61053
72 5.53595 12.1583 -0.641217
73 19.8026 25.4194 3.99391
74 7.92698 11.3613 2.77815
75 38.4128 33.8136 -0.961315
76 24.1301 5.93884 0.881808
77 9.86389 24.5188 4.77106
78 7.80942 36.9404 0.780314
79 0.390703 2.7788 -1.92975
80 31.8191 10.3902 1.62918
81 1.61986 35.4985 0.435156
82 13.9613 15.6932 -4.48265
83 16.3618 30.4273 -2.46966
84 25.2386 12.5551 3.97363
85 3.60435 19.3087 3.51971
86 21.2357 7.8053 0.724767
87 26.8708 35.7117 1.69927
88 6.12308 39.6223 4.35987
89 3.17049 4.70419 2.60411
90 2.1279 38.3571 -3.48193
91 23.0764 17.4973 0.866477
92 14.263 27.347 0.592767
93 5.93345 1.47816 -0.886005
94 19.0361 25.7531 2.20466
95 16.9794 2.88298 1.73023
96 10.5048 35.5062 -1.07013
97 15.173 1.43288 -0.723467
98 39.2757 21.9179 -2.65589
99 9.46384 5.50343 1.67258
100 29.5598 20.6719 -3.48143
101 19.8721 28.4744 0.89356
102 17.7489 33.4219 0.562536
103 13.9924 5.5672 -2.26266
104 23.2613 4.97879 1.51116
105 16.4082 35.1259 -0.967784
106 35.8263 17.3337 1.10293
107 20.0033 21.6975 0.944969
108 32.1493 22.969 -1.00825
109 0.795515 31.272 0.861935
110 3.41223 3.76249 2.27046
111 35.2788 32.6384 -4.35102
112 31.2596 3.29376 -2.94616
113 34.7421 32.5124 3.36513
114 34.0389 27.8054 0.12484
115 30.751 19.221 3.25589
116 22.7372 31.6309 -3.85904
117 31.0274 28.5295 0.21539
118 22.5914 3.78612 0.301294
119 36.1381 10.3668 -1.3449
120 19.5442 25.1333 2.21629
121 25.6022 9.34238 0.0587353
122 35.4862 22.9886 0.143142
123 7.83168 24.9698 -1.7219
124 11.2682 39.6042 3.09982
125 23.6147 37.5978 2.33211
126 27.8619 30.7462 -0.411207
127 37.1903 6.20242 1.15485
128 31.7045 2.859 -1.47459
129 5.91409 11.931 -2.87719
130 27.8975 8.54246 -2.17583
131 24.7001 25.9953 -2.46598
132 17.2824 1.01329 -0.648348
133 36.1716 35.3121 1.12179
134 9.70266 33.4521 -1.15725
135 12.0085 2.61634 2.12638
136 22.8448 5.68172 2.9613
137 20.8502 27.6604 -2.52129
138 2.83726 17.4317 1.00458
139 14.4346 2.95401 1.50154
140 25.4552 36.0477 1.77409
141 28.9434 37.1044 2.27377
142 24.4825 10.7545 -0.831919
143 14.658 23.9484 -0.167049
144 1.86483 34.5279 -0.361776
145 22.4626 24.6795 -2.12595
146 27.948 15.8208 -3.91596
147 38.976 37.2736 2.73897
148 33.7642 9.17169 0.452637
149 7.82178 17.9115 -1.98677
150 13.5853 31.1105 0.37704
151 32.5028 6.4491 1.19269
152 14.95 18.3712 -2.46061
153 16.9945 3.31812 -0.142178
154 24.7866 35.9438 -1.51572
155 39.3072 23.2904 0.432806
156 38.093 27.0044 2.66789
157 14.5772 5.3046 -3.68175
158 11.564 35.4591 -3.67494
159 20.5545 27.8235 0.168037
160 0.272973 17.1576 0.536129
161 11.7443 27.1021 0.187035
162 24.9065 31.2863 -0.273055
163 6.93892 11.3002 -1.0714
164 18.9378 8.84889 0.477023
165 31.6701 9.75558 -0.245223
166 35.6205 7.90361 3.45318
167 11.325 34.6593 -0.923535
168 31.2744 24.8002 3.97002
169 0.0568536 1.41236 2.56162
170 39.2472 35.5383 2.73446
171 22.6766 34.7114 3.05593
172 0.606403 14.5942 -1.76068
173 23.2205 31.9699 -4.45777
174 20.2339 3.94411 -1.64947
175 1.82295 12.07 1.97671
176 16.8095 21.5012 -0.736871
177 10.5152 3.68683 -1.12534
178 27.14 21.4582 0.265058
179 25.5013 8.32326 -1.75833
180 11.9259 10.6353 -2.04231
181 6.97935 30.652 2.75827
182 13.8377 20.1849 -3.97247
183 4.69298 18.4996 -0.477196
184 0.241931 0.978316 1.40386
185 4.42343 15.0762 -1.44899
186 18.288 0.628332 -0.166749
187 7.27393 5.61994 -0.965106
188 19.7108 14.3847 -1.17322
189 7.53285 24.0256 2.53857
190 20.4932 17.9459 -1.41693
191 19.1116 31.4377 2.49865
192 36.2557 0.0908042 3.29651
193 24.5736 26.7832 -3.29854
194 16.9616 21.7632 -2.07871
195 3.77332 15.7763 -2.34436
196 27.6509 34.8009 2.94198
197 17.3047 34.3503 2.49655
198 32.0765 21.3137 -0.332648
199 15.9496 9.86106 -1.48786
200 36.7778 38.3299 -3.12746
201 1.36646 15.1163 -1.28226
202 7.52019 21.1888 1.30742
203 25.1625 12.4646 0.822845
204 28.8437 30.6509 -1.0184
205 0.380374 32.796 1.6129
206 14.4958 2.93856 0.350248
207 35.2671 35.9111 0.494795
208 35.2118 23.9782 0.793637
209 14.6518 39.2073 1.53311
210 15.9904 22.5816 -0.632914
211 32.9941 14.8111 -3.66806
212 34.2238 33.7956 4.19414
213 38.5719 2.80315 -0.018746
214 27.4099 20.8998 3.95993
215 39.3264 18.4512 -0.588381
216 32.1465 25.1159 -3.56479
217 8.37526 8.78423 -3.1524
218 15.58 15.549 0.92205
219 22.3836 35.5194 0.4184
220 9.61159 0.184443 0.445665
221 23.5119 14.8583 2.67685
222 0.0153699 32.9093 1.26935
223 18.8706 26.4104 3.44758
224 5.45252 26.3214 3.91888
225 35.9827 6.47579 4.75261
226 29.4718 16.0889 -4.53384
227 6.70236 11.2435 -2.30346
228 14.0326 3.24637 -0.69045
229 39.4006 18.7395 2.5846
230 33.7481 6.58096 -2.23638
231 17.2723 30.0678 -0.249372
232 34.0486 38.6201 -2.48209
233 35.6807 8.93916 -2.39946
234 6.91104 6.1478 1.08786
235 37.6057 6.43816 2.86089
236 18.1828 0.0060473 0.120908
237 15.3368 23.9628 -1.58539
238 11.9176 9.88578 -0.876742
239 32.5337 13.8562 -2.85724
240 14.3563 16.2842 -0.689252
241 5.04061 26.2406 0.758596
242 36.3856 0.131937 3.21977
243 31.152 2.07024 -2.6312
244 2.15239 14.7381 3.35996
245 20.1424 1.80023 -0.54835
246 24.8005 5.37726 3.44488
247 2.82416 35.6132 -0.178142
248 7.81939 28.7598 2.25087
249 10.9966 39.4653 3.50526
250 16.4413 4.04246 3.32261
251 37.2903 39.617 0.579401
252 29.701 16.1233 -1.58224
253 30.8612 14.453 -3.0919
254 0.54683 36.4498 0.596865
255 25.9502 23.1336 -0.264122
256 3.54788 5.8994 1.71596
257 31.6724 19.2608 -1.42743
258 22.7972 1.71017 -0.192066
259 1.93442 12.4136 -0.575385
260 2.30674 6.61816 0.74396
261 33.6412 25.7506 3.44335
262 32.6705 35.2156 2.18526
263 5.59625 2.3849 1.16894
264 13.3899 27.0495 2.63685
265 39.6118 33.0868 -0.687683
266 39.301 12.4856 -1.07665
267 5.47088 26.7452 -1.8204
268 15.6713 16.7724 0.040342
269 23.6836 34.6599 -0.110242
270 39.9859 9.30004 -4.16463
271 35.3032 5.57405 -1.38235
272 19.2276 13.4709 -1.7062
273 30.571 38.2092 2.97959
274 9.69252 3.32889 -0.369066
275 14.427 26.4993 -0.402371
276 31.9019 20.4162 3.54962
277 4.91227 18.8487 0.954518
278 3.53635 14.1843 -1.06642
279 17.4834 29.2598 -1.60858
280 6.52648 25.111 -1.57412
281 25.8038 21.4917 -0.835658
282 5.958 16.581 -0.664734
283 19.0881 34.5676 0.100796
284 30.1938 21.8737 -0.0964782
285 39.1328 38.1451 -1.22559
286 36.7471 4.4507 -4.11745
287 22.7907 12.223 0.919052
288 2.19524 4.01879 -3.67129
289 12.4972 37.7058 -1.68055
290 28.8462 24.6816 -2.08038
291 10.1261 1.81051 3.11178
292 31.7906 20.6852 0.0376693
293 14.6725 4.75688 -1.34588
294 22.7273 25.5735 -2.82926
295 22.564 15.5607 2.58353
296 21.0003 23.7584 3.4571
297 3.26079 28.2411 -1.30849
298 20.4524 0.789287 -2.44744
299 18.903 28.5915 2.32934
300 25.517 9.46493 0.43457
301 26.896 22.6757 2.47322
302 21.5616 37.2492 -0.824862
303 1.87945 15.634 -0.248317
304 2.53353 33.3435 -1.96574
305 0.2122 18.4523 2.52792
306 22.9579 11.8024 0.7215
307 11.7944 18.2358 -0.485104
308 4.39171 24.4747 3.6786
309 16.9124 34.0116 1.70788
310 16.3908 19.3069 -0.819095
311 21.9413 12.9144 -1.19736
312 37.9027 35.1941 3.56439
313 21.7424 37.1627 -1.11826
314 17.1594 6.94986 1.17408
315 6.11375 36.91 -0.653878
316 36.3007 35.4485 0.877541
317 23.1067 27.1363 -0.459429
318 27.8091 32.1261 -2.36788
319 9.16136 7.95527 0.0809167
320 6.97225 18.5364 -1.07495
321 22.5174 4.70126 0.973702
322 39.199 36.8423 1.64239
323 3.29361 36.1752 3.50033
324 29.3847 18.6993 1.07031
325 11.9012 31.7183 1.06595
326 6.58115 15.9292 1.15385
327 15.8005 35.0058 0.931498
328 16.2779 32.7773 1.98812
329 13.323 23.2826 2.73511
330 34.9351 12.3181 1.32996
331 20.7071 37.3576 1.43965
332 34.7019 7.04242 -0.124142
333 32.3351 22.8876 0.392572
334 15.877 4.56152 -1.03808
335 2.22444 39.5842 2.95378
336 18.4134 1.03344 1.686
337 7.75259 23.6892 2.29861
338 16.1434 20.8318 0.484347
339 38.8953 30.2017 1.02138
340 9.88092 23.1177 -3.48832
341 31.0146 25.4241 1.65355
342 10.711 16.6652 -1.76316
343 8.5462 13.3104 -1.76841
344 13.8766 0.201343 -2.96866
345 35.5614 29.454 -1.43544
346 16.3533 11.1109 -1.70376
347 1.45289 38.2469 -0.870172
348 15.1097 25.6216 -1.48554
349 17.6751 21.5557 3.23207
350 6.67304 16.15 2.25097
351 39.3991 23.0796 -2.052
352 28.6443 26.3798 -2.55553
353 23.3047 11.571 0.539333
354 5.30083 0.646358 1.99263
355 19.5809 27.5928 0.0644966
356 35.6498 36.4003 2.13904
357 7.71373 17.8205 -3.43631
358 14.5143 12.4864 -1.38293
359 25.6694 25.8861 -0.437503
360 31.5338 24.1952 1.30023
361 28.254 31.6159 0.59569
362 35.4682 21.4161 2.15978
363 38.8686 10.9825 -1.41729
364 10.0664 7.61595 0.0642455
365 7.67856 36.294 0.87534
366 10.5697 2.054 3.52835
367 14.1125 37.7709 -0.465363
368 25.3582 9.58738 0.487022
369 10.651 5.59226 0.679432
370 21.1595 28.6796 -0.454303
371 25.5944 17.5938 -3.1185
372 19.6558 28.9326 1.8556
373 16.6953 12.6416 -3.94139
374 9.22933 12.7768 -3.41012
375 11.3503 10.9902 3.46097
376 0.140065 30.3396 0.242289
377 39.5067 5.08932 1.91562
378 11.6644 7.47854 0.357722
379 1.58894 31.733 0.471433
380 35.073 28.5448 0.0256072
381 15.6581 36.8666 -0.720997
382 5.19342 15.7942 -0.71743
383 20.0436 33.1812 -1.02489
384 31.7724 12.1343 -1.5859
385 19.1922 25.7217 2.55902
386 26.4835 7.7998 0.151732
387 32.9145 37.4031 3.46683
388 27.9761 32.0753 0.0615255
389 11.5596 7.9002 -0.190679
390 30.6566 14.776 -3.16573
391 10.7102 17.3896 -2.54429
392 20.0109 18.5648 -0.937413
393 17.4607 0.799827 -0.607252
394 24.773 3.21888 2.56987
395 33.7482 12.1684 1.45175
396 8.10337 37.2013 -1.60537
397 7.59139 10.9924 3.52736
398 34.5086 35.1203 1.11934
399 34.1645 15.3564 1.56641
400 2.32486 3.96477 -3.27093
401 27.5049 24.4256 -0.436919
402 33.3155 12.0607 2.24146
403 6.38268 29.8749 1.86143
404 21.3841 27.4278 -0.822126
405 4.72726 21.2449 -2.61176
406 22.2379 5.84392 0.586857
407 35.8449 6.69198 2.61492
408 6.35468 5.41758 0.622562
409 23.5972 2.23905 0.4934
410 17.4089 22.4367 -0.214914
411 17.1976 30.3942 -1.32929
412 1.87826 39.4853 0.467305
413 7.68769 16.6453 1.44297
414 4.67694 10.2826 -2.86941
415 11.5934 25.7077 0.98999
416 13.5397 38.4332 -0.11839
417 39.7494 36.3324 0.417118
418 25.6349 23.5022 0.987744
419 22.2206 5.56285 0.877836
420 22.5251 3.75246 0.584131
421 6.69941 15.8428 0.731103
422 8.16296 18.2608 -1.06933
423 34.4694 6.69523 -1.37374
424 21.0387 23.7592 0.0626975
425 12.3288 6.80814 0.523798
426 7.43242 22.3862 2.14485
427 17.124 26.6456 2.80539
428 6.14024 5.19629 -0.433833
429 2.24877 8.18263 -1.99159
430 16.5681 16.0959 3.40335
431 10.242 8.26764 -0.65808
432 19.0777 28.0108 1.50716
433 21.6738 23.907 0.154483
434 14.9748 22.0679 -2.72304
435 35.7426 35.7266 -0.282212
436 2.66269 30.0806 -2.4245
437 10.1499 0.720711 -0.217299
438 4.14203 31.2741 0.614073
439 34.9472 12.012 -0.137822
440 21.2471 8.19296 -1.59009
441 7.25915 37.3051 1.04462
442 6.09889 18.5753 -2.47172
443 22.3143 19.7833 3.01296
444 14.7928 22.9 -3.33292
445 9.97178 20.8733 -2.6219
446 16.9742 11.0133 -1.07059
447 7.79976 4.14865 1.96825
448 30.6403 25.4966 2.30356
449 19.4219 18.7296 -1.29636
450 39.6144 12.8698 -2.87022
451 35.6703 10.3653 -0.55171
452 11.2653 18.1912 -2.79137
453 4.93432 21.4651 -1.96482
454 36.8782 9.54791 -1.29118
455 30.6754 39.6737 0.203348
456 11.4959 13.9073 -0.247146
457 26.3884 12.3309 -1.5572
458 24.6775 16.296 -2.01042
459 13.3504 2.57341 -1.15447
460 8.2152 37.0765 0.875033
461 3.7224 4.15411 1.90069
462 18.9074 18.8115 0.868817
463 7.1975 31.6147 -1.69284
464 29.8529 25.9512 -1.14367
465 26.5896 14.1236 -2.17746
466 35.6671 28.0097 3.84567
467 11.91 37.5428 -0.591381
468 20.6067 34.4097 0.112457
469 19.6254 36.3745 0.0887929
470 9.70876 19.6082 1.02012
471 38.5047 22.5665 -1.94298
472 14.2635 3.84903 2.09474
473 11.313 35.8549 -0.886574
474 10.7622 37.6689 -0.185767
475 34.6514 6.82686 -3.07537
476 10.8502 21.93 -2.42844
477 14.6927 39.2402 1.92312
478 26.4995 22.3614 0.640198
479 38.4201 30.5108 -1.77168
480 32.6064 17.4706 -0.058385
481 25.8018 2.16252 -0.747606
482 10.0966 33.2792 -2.97051
483 7.35312 32.065 -1.4738
484 19.6934 33.1643 -1.17988
485 8.8744 38.8612 0.96768
486 18.4336 29.2132 2.91908
487 28.6447 27.2499 -0.638756
488 37.4876 5.86061 2.66196
489 25.1647 1.90907 2.80002
490 9.73243 7.05018 0.444595
491 19.9462 12.7766 0.413341
492 20.2374 0.0718823 1.19031
493 4.06056 24.1632 3.16173
494 8.16963 12.0259 -1.74828
495 32.529 7.37553 -2.04031
496 20.8385 23.7548 2.6228
497 3.86807 36.2306 2.11766
498 18.2501 14.4449 -2.20237
499 12.6251 22.3713 1.33008
500 2.03166 13.8034 3.37342
501 32.6901 11.2027 2.18493
502 2.90857 3.31966 0.331705
503 24.1791 23.7992 -2.10336
504 1.54352 37.7702 -3.0481
505 5.68757 9.69997 -1.48254
506 25.5238 23.8071 -2.09443
507 18.6791 6.85551 3.50333
508 4.23612 28.6797 -3.01613
509 16.8919 2.61164 2.54702
510 33.4823 11.7779 0.947827
511 24.1024 36.0492 -0.251481
512 31.3451 22.8904 -2.70976
513 15.7255 22.1908 -0.448184
514 6.07875 34.2071 -0.700383
515 16.5878 13.5602 -0.432928
516 18.148 39.2487 1.40154
517 14.7434 14.8832 2.325
518 5.56066 7.72865 2.61131
519 25.3533 20.8296 -0.0190513
520 38.7245 1.32325 3.39503
521 34.6573 34.0979 3.49837
522 26.317 22.2538 3.20756
523 7.01325 21.9228 -0.328154
524 12.1092 23.4745 2.63042
525 7.57104 12.6175 0.227937
526 13.2646 27.7264 1.09046
527 13.129 5.89265 0.239298
528 18.0075 1.61533 2.70133
529 36.8816 39.3561 2.04022
530 28.5082 12.003 2.13038
531 25.514 4.48497 -3.79678
532 17.8799 1.40993 2.12376
533 7.53854 34.096 0.452684
534 9.59241 20.1521 -1.74401
535 37.0057 0.118715 2.96659
536 31.5668 13.662 -0.635385
537 2.77277 28.2031 -3.07563
538 5.83522 39.7171 3.75589
539 13.8422 6.18675 0.649193
540 30.7622 16.176 1.47984
541 21.0666 21.3438 -1.01561
542 33.3792 34.1495 1.68545
543 7.40762 16.8792 -2.83784
544 35.8903 36.7007 1.04289
545 14.9506 27.9993 -0.897015
546 38.4863 0.547717 3.84105
547 1.34497 14.1015 -0.66416
548 36.6402 34.5878 1.12768
549 2.01319 30.8753 -0.566934
550 2.27085 22.5267 -0.368167
551 26.9174 11.4588 -3.53916
552 5.31049 0.278901 2.08633
553 14.2261 31.2528 0.294353
554 16.7761 11.5912 -3.16916
555 36.3175 9.87426 -0.265542
556 37.1074 23.9288 0.806533
557 5.17707 19.4579 -0.774297
558 34.8103 6.22515 -0.596115
559 26.1965 27.1908 2.64119
560 30.9291 22.8325 -2.91282
561 0.848616 27.0179 -3.20896
562 9.71509 27.1973 2.29804
563 6.5806 11.4901 -2.9351
564 14.7445 23.3916 -1.16565
565 5.4176 21.1779 -2.88597
566 15.0662 39.5474 0.382706
567 26.2426 13.6962 0.682903
568 1.20313 3.70411 4.42524
569 30.7384 22.0149 -3.18854
570 1.93628 29.4404 -2.27305
571 12.0304 14.5337 0.821559
572 34.3672 32.2793 1.10105
573 22.2657 30.6511 2.49982
574 15.2492 22.7066 -0.595375
575 17.3297 14.8692 -3.01338
576 3.98152 2.0586 -0.196839
577 21.7971 30.5544 2.67265
578 9.19214 0.235423 2.44822
579 12.401 12.4836 2.88869
580 12.0843 28.4156 -0.414336
581 12.6872 27.6708 -1.20195
582 27.1745 15.0573 -0.681487
583 19.8671 36.3873 -1.50622
584 38.3532 9.77423 0.235863
585 0.0129527 26.5883 -3.52166
586 19.2458 22.1208 0.971551
587 28.2416 32.9655 -1.7721
588 19.2361 36.5002 -2.16481
589 25.8236 12.8872 -1.71087
590 2.25527 8.2387 -3.8385
591 9.43467 27.9908 0.494262
592 29.4658 25.0721 -2.59332
593 12.1346 23.1858 3.58987
594 2.09208 4.1514 -0.674153
595 34.6641 21.5483 -1.91
596 36.0045 36.0341 0.7058
597 27.4527 12.2897 2.57839
598 37.9014 12.0526 -0.0461852
599 7.90516 31.6052 -0.841821
600 11.1211 38.9142 3.15385
601 18.7481 38.4033 1.69611
602 16.1096 22.198 -2.68822
603 15.2829 3.15068 -3.39592
604 31.0117 31.6206 3.32312
605 13.548 31.0977 -2.06115
606 37.9686 26.7266 1.36914
607 39.0889 9.21312 -0.684041
608 5.63528 5.35513 -0.105801
609 20.4994 0.932405 -0.523063
610 31.3528 24.9024 0.636279
611 0.282544 25.9808 2.95493
612 23.7391 8.39933 -0.40721
613 18.753 11.0562 -1.0867
614 35.9295 1.36564 1.97459
615 34.4234 9.50379 1.10418
616 37.7692 23.0359 -2.74315
617 23.8026 26.8383 -0.271089
618 5.09831 38.7302 3.67575
619 19.8243 35.5855 0.73879
620 35.6723 0.791075 2.67228
621 22.9122 21.4871 -2.01897
622 22.1169 5.28584 0.684593
623 20.5668 9.26466 1.34479
624 31.046 7.51669 1.96435
625 15.9073 9.77225 -1.43973
626 1.64637 35.5532 -2.40042
627 0.820622 33.361 1.24998
628 17.1832 2.54422 0.327405
629 24.7007 3.04843 2.36622
630 0.262381 30.1927 1.54143
631 26.9991 0.384802 -4.22935
632 33.4897 31.9239 2.33634
633 3.78159 26.9652 3.71298
634 38.336 7.14317 0.763796
635 26.2398 27.9541 0.362434
636 27.3403 8.34479 -1.52635
637 7.11585 28.8148 3.60775
638 30.2566 26.1849 -2.19759
639 31.0618 13.6978 -2.12059
640 6.64026 21.3891 2.00239
641 33.809 6.86524 -0.75811
642 12.0979 34.55 -1.67762
643 28.6256 31.2952 -1.72036
644 9.3278 5.49296 3.86801
645 7.87937 7.30893 -0.56304
646 13.5459 3.30363 -0.232981
647 6.97203 12.369 -3.21068
648 32.126 34.7133 2.17335
649 15.3546 18.8708 -2.14978
650 27.6609 20.4362 2.98035
651 26.9803 22.2174 2.14869
652 9.02959 33.2593 2.83402
653 7.28096 36.8671 -1.49492
654 23.6344 14.6739 4.54668
655 36.4401 34.9236 1.88387
656 6.01366 12.7205 -3.27231
657 22.431 5.92665 0.27552
658 10.037 28.7741 1.83961
659 1.9497 39.5065 0.142157
660 23.8884 9.08533 -0.667671
661 2.52789 18.1198 1.99943
662 37.6329 33.7735 -1.37726
663 5.57617 20.8073 -2.09838
664 32.9427 16.8062 -1.65734
665 35.6617 36.5185 0.151867
666 20.1775 1.30344 -1.15948
667 34.9172 32.8439 -2.29298
668 11.5024 37.0749 0.173802
669 16.0742 36.1058 1.3061
670 35.1718 30.6786 -2.62223
671 31.4191 3.40745 -1.35232
672 19.2704 31.5818 2.98449
673 39.3516 1.31863 3.56908
674 4.96739 20.9596 -1.72618
675 33.661 16.9891 1.00408
676 35.8708 39.5612 2.94962
677 2.00023 18.4382 0.12189
678 24.8269 2.68344 1.14143
679 22.1206 19.8045 0.856857
680 18.3548 35.5499 4.62124
681 3.88162 3.40595 0.411461
682 36.0194 39.5654 3.34822
683 24.2544 28.307 -4.49021
684 5.61001 36.2848 -1.4321
685 25.4733 29.3808 1.18257
686 3.93737 39.7491 -2.59962
687 21.843 6.76752 -0.644532
688 22.7924 5.63583 1.99445
689 6.50039 3.00146 2.46666
690 14.2612 33.9529 -2.34738
691 19.9047 30.9452 0.212927
692 29.6901 16.3116 -2.6802
693 4.43547 18.6629 1.68665
694 22.9829 22.7061 -3.93695
695 14.969 27.1636 2.03553
696 16.8394 22.3332 0.758924
697 32.1317 7.48441 -1.06623
698 30.7256 14.525 -2.71183
699 34.906 19.5076 1.84795
700 2.82725 0.941808 -1.38835
701 14.9267 3.53925 1.15238
702 0.723291 36.4434 3.92743
703 39.5176 12.0279 -0.262478
704 26.6016 35.622 -1.09262
705 12.4718 35.1262 -0.50414
706 0.520632 32.0704 2.63456
707 13.692 3.65724 1.72295
708 39.9841 16.6816 0.80072
709 22.6576 11.16 3.09008
710 17.9595 0.700265 2.04378
711 34.7586 29.3209 1.68415
712 30.7801 25.1269 3.87129
713 33.326 18.4208 0.101887
714 23.6548 29.2373 3.53119
715 36.4246 37.3029 1.63322
716 16.7912 30.0155 -2.49108
717 15.954 33.0397 2.24355
718 6.24744 25.7844 -0.70694
719 10.7826 33.2804 -0.0241169
720 10.1066 23.9133 -3.71793
721 23.1332 39.9478 -2.331
722 5.00936 38.8593 0.362184
723 6.5263 2.31413 0.359539
724 19.2796 38.1404 0.403404
725 26.987 36.4912 2.36719
726 0.462332 27.0705 -3.41156
727 7.63843 24.3069 2.75467
728 0.085137 0.737595 4.69968
729 18.0747 1.15778 -0.0771652
730 18.9031 10.6439 -1.56519
731 31.9892 21.0105 3.56734
732 27.8674 31.8516 -1.56073
733 28.4534 29.1576 2.769
734 33.7609 8.4702 1.43834
735 19.5629 28.5793 2.12393
736 18.1152 30.9573 4.81002
737 1.10978 31.8687 0.492562
738 22.7961 7.80793 0.41255
739 10.3565 20.235 -1.2651
740 32.9219 26.584 -0.768144
741 12.8355 29.461 -0.246299
742 16.5623 15.5255 2.33047
743 21.616 23.8299 2.2744
744 32.6414 18.3794 -0.0896065
745 12.6488 2.29229 1.74831
746 15.0823 12.7822 -0.990357
747 17.3322 23.304 1.99381
748 21.3831 30.2737 -0.0050368
749 6.03412 39.8118 1.92158
750 3.10837 35.6721 1.01499
751 2.17204 35.1565 -2.12928
752 6.59803 17.7684 -1.0477
753 16.7126 23.5703 0.835507
754 32.7758 22.9852 -0.501117
755 30.476 7.46521 -1.02164
756 6.52435 5.29432 -1.53145
757 10.9842 31.9047 -0.619851
758 35.3922 17.6679 1.94164
759 7.3343 31.8618 -3.94992
760 27.5697 31.2459 -2.24328
761 14.108 22.1978 0.950113
762 21.6527 24.2941 0.165473
763 6.03897 39.0988 4.3646
764 24.4458 9.05362 0.447704
765 39.6564 14.4446 -1.39258
766 9.93205 11.7997 -2.23268
767 33.2255 8.37477 0.410222
768 7.64487 16.4793 1.64197
769 13.6903 33.5638 -4.69118
770 4.77315 24.1256 3.88236
771 6.49446 18.0344 0.0122386
772 11.5252 34.5904 -3.40661
773 33.3892 27.9024 -2.2355
774 39.0887 38.7634 -0.153262
775 15.3848 9.46754 -0.0906277
776 8.34473 13.3864 0.801693
777 36.8684 26.957 1.29321
778 35.6898 27.5048 2.90671
779 14.7223 3.0118 1.06806
780 2.76019 3.3231 2.7154
781 0.469475 38.0778 -2.46121
782 6.77992 7.6349 -1.87832
783 10.5456 11.6688 1.09777
784 36.705 38.2905 -1.58186
785 20.6283 7.78353 0.654379
786 4.95347 18.7524 0.742774
787 33.0797 4.97943 0.468313
788 5.44801 38.1108 0.426235
789 35.8454 3.76991 1.06499
790 15.8008 32.7541 0.525726
791 13.9414 21.9685 -0.701762
792 10.2345 20.4486 -1.7951
793 17.1382 36.616 4.30368
794 20.5939 28.0634 1.10041
795 38.7163 7.83292 1.57545
796 18.1262 18.2896 3.21868
797 0.295326 27.073 -1.12729
798 26.4088 11.109 4.79931
799 31.4438 7.82048 -3.04371
800 36.8397 6.04556 3.47997
801 20.2801 13.1521 1.35253
802 37.1409 26.0305 -1.79994
803 11.1688 0.155248 4.09308
804 4.88312 21.7978 -0.79933
805 2.21089 24.007 1.3608
806 5.4434 27.1069 -4.07247
807 28.9088 17.6971 1.08467
808 18.6687 26.1485 2.48592
809 29.3801 18.5489 2.30379
810 16.3147 35.3239 1.32987
811 4.13427 23.9791 2.26329
812 11.3231 8.58882 2.18374
813 39.6259 8.99511 -1.6571
814 27.0888 0.0342292 -3.2314
815 26.749 14.7145 -0.692351
816 16.9329 1.21526 -0.148292
817 11.1892 34.9568 -0.668351
818 7.03589 9.76155 -4.00824
819 32.2086 4.39347 0.936526
820 5.00169 0.654228 1.74694
821 12.0363 14.1022 0.863167
822 5.20964 0.698893 1.14093
823 24.4128 2.2621 0.826571
824 27.9297 12.9331 0.141419
825 1.08804 35.1947 -2.06945
826 5.812 12.5177 -1.62636
827 38.2209 6.85324 3.09054
828 18.0597 18.1616 0.820463
829 10.4577 32.6198 -2.8523
830 11.3433 15.1674 2.65714
831 18.1293 39.518 -0.653404
832 33.751 6.15886 -0.530169
833 10.3727 15.3956 2.61247
834 17.0987 7.73692 1.60173
835 3.60326 33.993 -3.47744
836 19.6052 32.4677 0.729775
837 31.2609 39.3211 -0.477568
838 19.3978 0.806529 -3.31383
839 6.04549 20.1934 2.8054
840 25.2933 12.9289 -4.41987
841 26.9562 33.1208 -1.72513
842 15.667 33.0879 1.80983
843 16.8153 6.53737 1.71754
844 6.13813 23.8215 1.05313
845 2.6167 29.795 -0.059653
846 12.1827 29.7725 -1.60531
847 3.13103 29.7472 -0.64847
848 25.681 28.8088 1.3952
849 22.7155 14.8287 4.40104
850 28.3711 34.6694 2.7986
851 7.57784 4.55408 0.38045
852 26.3111 24.2058 -2.60393
853 18.2039 22.4802 -0.658261
854 0.24499 36.5392 1.03276
855 13.2791 37.8913 0.0188314
856 10.2837 0.863903 2.43883
857 13.54 27.7463 1.21166
858 38.0983 29.1237 1.91586
859 12.801 2.3386 1.09665
860 37.2447 17.2092 -0.254183
861 2.22436 15.2697 0.138913
862 6.41642 36.8567 0.274284
863 12.1555 9.885 -1.73418
864 18.7759 10.561 -2.74542
865 26.7822 35.2592 1.92444
866 26.1398 2.70504 0.877685
867 24.7849 25.7477 -0.544799
868 31.3778 25.7988 3.94762
869 0.878074 16.2711 -1.42801
870 33.6815 1.37446 1.66961
871 16.6222 21.7382 0.776852
872 31.1974 21.0144 1.93624
873 14.8325 15.7828 0.990409
874 29.9019 12.9689 -2.5696
875 30.8656 2.77324 -1.31333
876 9.63423 20.2963 -0.98444
877 33.0657 12.5733 0.282599
878 2.11061 37.0915 -1.10043
879 2.80104 34.4541 -0.77713
880 33.9402 21.9077 -2.47265
881 14.3693 22.22 -2.85293
882 27.1016 3.00984 4.03203
883 27.9321 31.0013 1.58292
884 7.14934 21.0953 0.600657
885 11.5513 10.1409 -3.19741
886 16.8989 21.0457 -0.156766
887 4.51689 22.9707 0.447387
888 30.3369 24.1264 0.886142
889 39.8097 5.20105 0.476813
890 15.2411 16.3194 -1.91676
891 17.3334 21.1981 -0.563377
892 15.2176 6.69822 -1.66884
893 31.8661 25.4779 1.94912
894 35.2726 28.612 2.09848
895 33.3889 10.2927 -0.362661
896 15.6692 2.28597 -1.69534
897 0.523747 16.7398 -0.675502
898 17.6946 19.0996 0.448583
899 12.6719 26.9492 0.0707295
900 11.2103 38.8604 4.46785
901 38.8002 36.5011 1.86756
902 6.40477 34.6995 2.22678
903 3.16894 35.8068 -1.94752
904 17.1781 38.9381 -0.688182
905 34.9847 36.6069 0.349851
906 21.4456 13.7181 -4.54879
907 9.03161 23.0995 1.82288
908 35.8401 35.5471 0.965742
909 2.22568 34.6875 -1.0604
910 38.7961 21.1499 1.45006
911 35.6386 35.3368 -0.930626
912 26.711 14.0794 -2.31218
913 37.8501 33.2263 1.54854
914 37.5539 23.4487 -1.13558
915 35.9881 36.3442 -0.221894
916 30.3427 18.9463 0.930795
917 16.6745 22.779 0.380621
918 36.5149 7.39055 2.65599
919 31.405 23.6381 -0.847517
920 3.7268 22.4811 1.44132
921 25.551 22.3619 1.72848
922 22.4873 16.8528 -1.5167
923 7.08277 33.9223 2.33702
924 31.2604 28.929 1.1423
925 22.3826 7.37238 0.720408
926 24.0178 7.15172 4.14593
927 1.30246 31.8985 2.0985
928 37.5594 1.26235 -1.06259
929 5.32508 34.401 -2.42173
930 4.18123 6.05992 -0.00483825
931 16.7538 15.4476 4.2692
932 0.0914378 26.6384 1.467
933 12.8277 2.88937 -1.90891
934 27.2197 25.9225 1.62261
935 9.9962 11.5114 1.10665
936 15.3013 20.1994 -1.53157
937 18.3406 1.56112 0.0872619
938 21.6919 17.2031 -1.33224
939 9.54312 4.94517 3.0442
940 14.0784 28.0778 1.60847
941 26.1796 23.0797 2.28056
942 10.6552 21.6529 -3.55164
943 13.414 3.70786 -0.692329
944 4.84211 36.3741 -2.1228
945 1.80189 3.93928 -2.18343
946 16.5407 22.4341 -0.401858
947 8.23269 5.68059 2.00094
948 22.0555 6.61493 1.54213
949 4.82327 9.9705 -1.53845
950 4.71423 28.7677 -2.2482
951 12.931 6.62557 1.17126
952 14.2974 27.6433 1.36044
953 32.3873 21.6441 3.18915
954 8.59295 37.7308 0.669014
955 7.40674 37.8261 -1.27409
956 23.7586 17.276 1.47178
957 31.4133 15.1085 -2.02783
958 2.03018 1.58778 -3.61325
959 29.8066 11.1094 -4.47277
960 8.11706 36.3442 -0.311613
961 1.45603 26.0622 3.26566
962 13.5852 27.6792 1.42397
963 14.1518 35.7577 1.34106
964 3.43311 5.75344 -0.21365
965 34.5219 32.1419 0.0780847
966 17.2249 16.3929 2.03931
967 17.9884 0.104646 -1.47242
968 36.6046 17.6398 -2.07139
969 10.1267 3.60603 -1.70962
970 17.7948 34.2524 0.897947
971 25.8722 11.801 0.414732
972 14.7783 21.6755 0.128531
973 6.22899 25.6965 -2.70115
974 29.8934 25.7609 -1.8414
975 6.01454 23.9333 -1.04374
976 5.06664 14.7979 -1.77526
977 8.05487 35.0635 2.10565
978 14.3039 37.247 0.377929
979 6.56631 39.4436 4.08676
980 39.2613 14.644 -0.0977014
981 3.3455 22.095 1.15326
982 37.4835 4.6857 -3.61152
983 39.0534 18.6735 1.78039
984 11.9033 32.7683 -0.244256
985 0.213712 24.9442 1.50214
986 22.0562 17.2415 -1.95668
987 6.57419 18.0805 -2.74128
988 4.58195 26.8048 2.27481
989 25.4125 30.0382 4.1273
990 22.729 15.6706 1.6597
991 16.4845 22.1877 -0.35016
992 2.30734 15.5759 1.65467
993 13.0027 16.6283 2.03386
994 23.904 19.1581 -1.82707
995 14.2465 15.4808 2.89739
996 33.7714 20.4376 -2.54013
997 0.128046 16.6255 0.28946
998 36.4974 35.8436 0.921148
999 35.2192 9.29219 -1.99899
