1000
Particles
0 4.33193 35.1388 -1.95261
1 26.4363 28.8699 -0.948793
2 15.2015 9.65343 -1.9609
3 14.0954 6.09922 1.08263
4 22.6228 23.824 -1.84932
5 13.2311 19.1079 2.28759
6 32.2909 3.43675 0.822764
7 32.5321 16.9059 2.0882
8 5.76128 15.7912 -3.6469
9 39.5641 21.7378 -2.89799
10 23.9222 2.99607 0.893118
11 9.15249 34.101 -0.124939
12 30.6726 31.6644 -2.86351
13 21.6848 0.897333 -0.97683
14 22.6077 28.9931 1.1974
15 17.2991 29.6407 -1.79518
16 23.2319 32.8578 -0.206595
17 0.067549 22.1182 -3.8564
18 36.0315 13.9712 1.10303
19 17.5413 32.0191 -3.97316
20 6.03589 6.65328 -1.84822
21 3.26975 3.99482 -1.46914
22 6.77743 4.94125 0.667152
23 37.6125 22.2394 1.04023
24 36.6696 2.21162 -1.34969
25 38.2479 34.1948 3.0835
26 23.7314 31.9669 3.15697
27 12.6551 5.82167 -1.37686
28 17.1916 38.4756 -3.25318
29 27.9354 6.35735 -3.63578
30 13.2171 18.9256 4.32203
31 9.83725 10.3755 -0.011472
32 25.8644 37.2242 2.29276
33 7.66439 34.8039 -0.803785
34 23.4885 33.2342 2.37148
35 25.5148 25.3474 -0.2064
36 18.3979 7.0752 -0.0488355
37 31.6858 31.6749 -0.117358
38 38.3921 5.15285 1.62467
39 38.3343 22.4882 1.89739
40 1.51968 36.6668 -0.638907
41 12.3215 9.65346 1.0968
42 33.9839 15.1047 2.97014
43 21.9331 22.093 -2.30511
44 18.5923 27.6364 1.69823
45 39.9302 18.8158 1.12706
46 2.32134 6.48746 1.61099
47 27.1007 15.6308 1.1344
48 3.7518 0.622667 1.07411
49 6.26149 39.275 1.23084
50 4.64192 33.3913 0.933126
51 26.5035 6.82709 -0.868658
52 32.4499 10.1431 -2.96095
53 16.5154 6.35003 -0.139224
54 28.427 7.90199 1.45494
55 9.91138 12.0971 -1.02535
56 9.14159 12.1815 0.140892
57 11.139 36.1896 -1.22968
58 34.3559 23.1226 -4.50809
59 4.60908 35.7021 3.34751
60 7.29837 26.6679 2.01871
61 22.7384 35.7828 -0.448701
62 38.133 6.13762 3.68411
63 14.1523 19.1882 1.37952
64 36.9216 32.3815 -1.38529
65 11.1999 39.8666 0.12388
66 0.89422 18.3723 -0.229995
67 22.3557 24.0216 -0.576254
68 38.4709 6.73284 1.33642
69 10.3693 37.8079 0.318211
70 11.6964 39.6627 -1.75919
71 15.6069 17.4924 1.89009
72 7.49534 10.4635 0.948773
73 20.317 32.229 -1.62287
74 9.71006 4.66868 -1.13662
75 26.6951 35.5536 1.91617
76 31.5303 1.14446 0.895337
77 10.4994 29.5893 1.61217
78 1.26318 26.8602 2.27574
79 6.07146 1.71893 1.3165
80 35.7608 16.7097 -3.05537
81 10.7453 36.9351 -1.97239
82 18.2566 17.0239 0.218149
83 14.9651 29.4515 1.07027
84 24.3436 8.50285 -2.44656
85 0.262956 18.2921 -0.749013
86 19.2575 13.9766 0.891712
87 23.0748 33.182 2.18607
88 13.2024 5.17052 -0.854507
89 8.41379 3.10228 -0.838683
90 36.7397 27.4172 2.31823
91 23.779 11.8478 4.45246
92 16.34 27.7469 -1.82022
93 11.6556 39.4226 0.180636
94 14.8388 27.0454 -0.248534
95 17.7049 4.40459 -0.664289
96 9.08473 0.0189265 -1.53339
97 23.1391 0.137955 3.76924
98 5.45018 22.1958 0.953318
99 13.4918 5.33669 0.231067
100 36.4009 21.3795 -2.39253
101 14.8052 21.07 0.788162
102 26.0256 37.2125 1.38943
103 18.0082 2.21488 4.30677
104 19.1943 11.7827 -1.16659
105 15.9685 1.01125 -4.22347
106 30.1526 23.2462 -1.05218
107 17.7992 23.3632 -3.31016
108 36.5082 20.3714 3.80963
109 38.5107 28.6214 -2.29084
110 37.9582 28.1813 -2.41952
111 31.4069 0.417129 0.609472
112 37.4221 6.03537 2.36576
113 37.3916 33.401 -2.28323
114 32.7983 23.454 -1.80641
115 23.8185 17.5444 3.46945
116 18.0261 33.3399 -0.313841
117 26.8314 29.0324 -1.24988
118 22.2635 1.34002 4.23051
119 31.378 9.52063 -1.03469
120 27.8183 30.6705 -0.81147
121 16.5845 20.177 -1.14725
122 28.3798 29.3378 -3.24818
123 13.3195 28.6446 -1.36214
124 17.3516 0.796984 -0.0349626
125 19.8688 5.49295 1.52
126 30.0106 34.3544 -4.0868
127 31.7169 7.44611 -0.547368
128 24.8901 4.37934 -0.468368
129 36.2801 17.2897 -3.41216
130 23.7111 10.6597 -3.94183
131 16.2803 27.5278 -1.6695
132 15.2055 37.2492 0.334972
133 0.529598 0.840445 0.0353515
134 10.1622 35.0239 -1.15229
135 15.6534 3.83923 1.55899
136 26.4561 2.08483 0.66616
137 29.4773 21.806 -0.167324
138 2.85265 19.3112 -0.53386
139 15.4425 35.5282 3.2091
140 28.7877 5.05631 1.45973
141 29.1803 2.5442 -1.6544
142 19.1607 15.325 -2.8755
143 19.0027 21.3109 -1.22532
144 34.63 28.6247 -2.34596
145 22.8465 27.1701 -1.0972
146 0.628771 16.2154 -0.952969
147 34.7761 29.6099 -2.46865
148 32.0282 9.23047 3.30843
149 15.5741 16.1202 -1.74382
150 12.2308 24.1298 0.521807
151 27.5283 3.75672 1.90476
152 21.4548 8.35457 -0.288392
153 13.6375 8.87957 0.0837495
154 25.608 1.22003 3.0684
155 0.0235314 24.3808 -2.94717
156 3.08923 22.1096 -3.05254
157 15.897 3.84166 -0.117124
158 12.7719 9.85213 -3.08318
159 21.9445 33.1638 0.686596
160 9.41744 23.1667 2.194
161 11.2086 22.1073 1.53859
162 25.6461 25.4954 2.12052
163 15.0845 18.4346 1.89729
164 21.9653 10.2976 -3.1654
165 33.5211 7.71693 3.03803
166 37.7995 3.7385 1.93343
167 3.98355 33.5643 -2.15029
168 36.9428 28.0983 2.86166
169 3.18417 5.8664 2.8374
170 28.3168 38.2144 -0.612606
171 20.2357 30.8309 1.18836
172 11.3694 15.3377 -2.67986
173 31.182 33.2381 -3.3881
174 24.2813 6.75064 0.170471
175 1.79979 11.5597 -2.9699
176 28.8889 22.6991 -1.67776
177 10.2948 2.45287 2.79334
178 37.5941 26.208 -3.68412
179 20.5371 14.9046 -0.571727
180 18.0244 3.54109 -0.121471
181 14.0519 28.7978 2.88337
182 15.9918 23.06 -0.532895
183 37.5318 21.4561 2.17298
184 39.6495 39.055 -3.73163
185 12.6901 9.73714 1.89361
186 18.3355 39.1178 -3.97481
187 30.8057 3.74284 1.70125
188 17.6493 10.6573 1.90204
189 9.12245 20.9894 -0.242699
190 26.0941 19.1449 3.98696
191 13.1326 19.5592 2.11576
192 7.35977 35.7745 -2.24793
193 22.2645 28.2686 1.17305
194 20.8654 26.9809 0.410686
195 5.93876 20.6167 -1.2712
196 32.1525 1.04318 2.28006
197 11.7569 38.9369 1.93083
198 31.5619 26.7296 1.8142
199 19.1993 12.0985 2.62444
200 35.8214 37.0969 1.08141
201 4.63942 14.3141 -1.56795
202 15.076 16.1254 -0.341592
203 22.8448 19.801 1.86261
204 32.7784 27.3158 0.906114
205 7.17304 30.1982 3.28957
206 6.68732 2.09026 2.15443
207 35.1121 1.3768 -0.423185
208 35.2671 22.2366 -1.79802
209 1.68351 4.89498 3.93122
210 25.3378 26.0539 -0.226411
211 30.9354 17.7395 0.520045
212 27.5679 37.3939 0.984997
213 38.1213 0.33417 0.341863
214 28.9505 26.9862 1.3269
215 6.51549 14.2902 -2.54668
216 31.1483 30.5449 -1.34468
217 12.5132 4.04808 -1.23001
218 6.75101 15.0673 -0.840307
219 23.5881 37.7973 -0.163287
220 13.9333 8.38053 -0.108368
221 22.2732 24.2774 -3.84973
222 37.4026 26.3747 -1.48339
223 11.9485 22.8133 1.67854
224 2.82357 29.9861 -2.4564
225 4.1204 6.76216 2.26111
226 26.1269 19.4936 4.18187
227 8.41877 6.4084 1.98881
228 17.9511 36.5621 2.24486
229 6.81737 26.615 1.18175
230 29.2618 31.5874 -3.40091
231 14.77 29.042 2.46736
232 35.9649 31.3033 -0.0121866
233 31.8522 3.62722 2.91835
234 36.7984 8.36044 1.82006
235 5.206 13.1267 0.866238
236 20.4396 8.40925 1.14614
237 15.0631 26.4053 -1.44754
238 12.3179 12.8609 -0.152027
239 36.5749 9.85412 -1.51323
240 18.0743 16.588 -1.14826
241 0.223706 23.6052 -2.3922
242 29.9226 7.76234 -2.75055
243 28.4339 33.7481 2.76215
244 3.10788 4.47272 -3.19311
245 18.5666 27.9225 -0.0150523
246 24.5133 5.15829 0.371429
247 7.33265 3.42324 -0.183414
248 11.0261 22.7635 1.65507
249 9.57453 0.591679 0.445337
250 25.61 4.62725 -1.10623
251 27.3713 2.48394 -4.35404
252 27.3621 16.4865 2.15376
253 36.3294 14.3427 4.43121
254 9.79804 38.0147 -1.67157
255 29.6373 18.5067 2.808
256 3.08201 1.25788 2.15503
257 26.3165 15.7223 2.64085
258 31.717 3.20322 2.83749
259 31.7575 23.3982 -0.886798
260 1.13155 5.42051 1.72046
261 32.1951 21.7063 -1.44321
262 27.9265 38.5515 -1.31957
263 1.37887 23.9877 -1.71423
264 12.7217 15.284 -1.94699
265 1.37432 31.5834 1.58734
266 4.89876 19.7062 -2.81394
267 4.68782 17.134 -3.67078
268 18.2352 17.7549 -0.109093
269 39.5468 35.7462 2.6661
270 28.1034 14.4489 -2.34515
271 4.43716 14.7365 -1.48642
272 23.5954 22.0472 1.08301
273 36.5356 26.6392 -1.713
274 8.18189 35.4157 -1.47203
275 8.58697 32.8735 3.04019
276 27.9452 16.3181 -0.992934
277 4.6429 22.7325 3.85198
278 3.23647 17.4287 -2.43816
279 16.4979 30.6528 -2.54048
280 5.08997 33.0086 -0.217737
281 24.8797 27.53 1.52909
282 8.77662 19.0287 -2.62161
283 28.8896 4.49491 1.20292
284 31.1759 14.6904 -2.24044
285 9.52387 38.7921 -2.06315
286 35.3859 7.76614 3.01403
287 15.8762 15.287 -2.39251
288 2.2519 1.59308 -3.28506
289 7.00815 36.4493 -2.39663
290 33.3909 26.9957 0.165248
291 16.8775 4.32406 -0.81775
292 28.9149 20.9638 -1.29819
293 17.4523 6.49493 -0.177254
294 32.6008 31.3075 -3.70572
295 15.8814 12.5049 0.221171
296 22.24 27.5331 0.228557
297 38.275 27.8145 -1.20461
298 20.6373 2.52798 -0.0478729
299 16.1439 23.5647 -1.86792
300 16.4304 11.3841 -0.719531
301 23.7452 32.1576 1.46581
302 25.1566 2.38811 0.245274
303 0.906029 17.0501 -0.304715
304 10.6662 32.186 3.55649
305 3.66575 28.4527 0.725628
306 24.9941 19.8861 3.30862
307 15.2625 17.9188 -3.2445
308 12.0772 33.0366 1.68635
309 20.8689 39.8076 1.10403
310 13.3824 18.0754 -2.18424
311 23.5005 25.1364 1.66557
312 0.471328 29.3538 1.17276
313 27.6118 6.19009 -2.07559
314 21.9468 0.0144705 -0.0204856
315 39.0476 33.9869 4.53938
316 27.3419 0.702542 4.45191
317 18.1389 31.1889 -3.21788
318 22.8567 34.0387 1.48132
319 4.98899 2.82816 -1.44843
320 10.8519 16.0439 0.302096
321 30.8692 9.26352 0.620382
322 4.41481 36.8565 2.72578
323 39.8878 32.524 0.272101
324 25.8014 17.2933 1.72214
325 13.3733 29.8937 0.494661
326 9.98776 6.67899 0.522669
327 10.1636 33.6121 -0.329732
328 13.5131 31.4888 -2.59027
329 16.7738 20.74 1.3451
330 2.86936 8.93271 2.3118
331 23.3223 3.49915 1.76356
332 36.405 1.91203 -3.77127
333 31.3257 24.4529 3.12692
334 9.6663 7.99118 3.76174
335 5.04847 36.2839 2.47235
336 22.6345 4.97327 0.795069
337 10.3983 22.1641 2.21114
338 22.8101 27.0996 -1.20012
339 1.26002 31.8268 0.431468
340 18.0261 11.7417 -1.10266
341 38.489 27.356 2.07873
342 20.3648 9.46692 2.25947
343 5.28416 13.7149 -0.965009
344 14.1171 5.3671 1.02592
345 0.723824 34.7493 -2.73266
346 14.4638 11.9245 -1.5197
347 8.98241 38.2738 -2.29874
348 9.63661 8.82644 3.71565
349 19.07 24.3923 -0.137985
350 9.93309 15.4762 1.06496
351 38.8568 26.1069 1.03428
352 31.3343 19.2339 2.92955
353 21.6581 15.527 2.24549
354 38.6077 32.9881 -0.291263
355 13.3475 20.4751 -2.24381
356 3.09703 32.9474 -1.77833
357 9.31091 5.40555 -1.52907
358 11.7836 10.6699 4.60694
359 26.7301 23.994 2.6683
360 37.2116 28.6974 1.6439
361 23.8572 33.9282 2.05211
362 32.6975 26.89 1.07259
363 30.8386 12.9641 -2.78139
364 15.322 12.7785 1.95127
365 38.2997 36.2855 1.86332
366 10.874 39.9977 0.819584
367 3.29489 1.61149 3.10078
368 23.2792 8.88988 0.793673
369 17.0713 11.0347 -0.651722
370 22.5922 35.3574 0.315566
371 37.5771 16.3296 0.467846
372 21.6756 25.3131 -1.36253
373 14.7004 18.1887 1.07757
374 13.8166 15.4934 2.78772
375 6.26694 10.103 2.77705
376 36.7829 27.5535 4.75652
377 31.251 10.1593 -1.89219
378 18.4991 6.6102 -0.262257
379 39.6394 35.8365 2.25562
380 34.8677 0.463016 -3.33384
381 17.3515 38.7941 -3.14285
382 2.68791 11.6459 -3.63969
383 16.844 23.1718 0.371989
384 34.1647 6.52449 -0.556277
385 21.433 28.7235 0.7614
386 26.7272 11.3221 -2.76132
387 2.68445 1.7402 -1.12662
388 30.1181 34.0688 -1.32726
389 18.4702 34.6125 -0.587252
390 27.5286 8.52789 0.178383
391 13.2646 12.6726 2.75272
392 22.475 17.3627 1.24985
393 17.6057 2.57823 -3.72066
394 30.3225 10.4053 -1.91869
395 38.3095 9.9486 -1.236
396 21.4278 0.465801 0.347845
397 6.29823 19.4636 -2.15125
398 25.4985 35.0848 1.96572
399 29.4148 13.5126 -3.70425
400 2.97675 5.4245 3.74777
401 31.6851 26.8877 -0.367454
402 5.65156 5.98714 -1.37587
403 10.1904 27.4402 -0.366037
404 22.5447 32.9338 1.25094
405 6.39229 20.1418 -2.48598
406 18.3542 7.27136 -2.11774
407 1.56807 11.6646 -3.01208
408 11.8307 6.5259 -1.8888
409 31.3309 9.36828 0.262264
410 22.5779 27.8139 -1.10943
411 16.3752 37.369 -3.95806
412 2.98439 5.39462 3.96796
413 1.3511 19.3985 -1.12982
414 13.208 5.75091 -0.270313
415 11.3345 24.5256 2.14654
416 39.2145 29.8413 -4.00223
417 3.46249 2.85307 -0.401307
418 29.0569 24.7371 -0.569164
419 28.9744 11.4673 1.76877
420 24.6235 3.63989 3.62636
421 6.10593 10.3552 0.830865
422 10.9619 12.9477 1.48882
423 2.71842 7.02327 -0.0871984
424 22.1322 15.3317 4.0597
425 22.8295 38.663 -0.480522
426 14.39 13.2599 -1.11805
427 23.2334 27.6386 -0.0954399
428 11.013 38.632 -0.585733
429 36.2013 3.20725 -2.44596
430 9.67518 13.6557 1.17159
431 6.17779 9.26579 2.05895
432 13.2524 32.6268 -3.01629
433 24.9258 19.0202 -2.58307
434 12.5272 21.9797 0.385047
435 37.7906 29.2979 -3.35243
436 39.0893 25.5582 2.36367
437 9.77947 3.40545 1.74441
438 2.40383 1.94011 -0.753307
439 34.5078 21.5033 2.44587
440 20.0104 8.16726 0.713337
441 21.5358 36.9607 3.75939
442 20.3724 7.92566 -0.932389
443 16.3184 26.7825 3.185
444 14.1491 27.0879 1.57464
445 13.4529 19.4565 0.855802
446 23.4024 3.91398 -0.952567
447 11.4523 5.89981 -3.65377
448 31.8369 20.6133 3.90255
449 16.1058 18.9224 1.22718
450 9.52443 22.1597 2.70223
451 32.0205 21.6937 -1.11374
452 13.0036 4.19413 -0.878018
453 5.2785 16.515 -2.69268
454 30.1835 9.61046 -1.13065
455 19.3651 39.8758 2.35946
456 16.1 18.9282 1.16098
457 25.0709 9.37374 -0.194933
458 21.261 20.4579 2.19167
459 16.9285 2.9773 -4.2393
460 10.6146 0.620239 -0.418702
461 12.0035 2.74 -1.65549
462 26.801 23.9481 1.32045
463 0.931582 31.2201 2.23744
464 24.3898 36.0402 0.518238
465 29.8613 7.1247 -1.66113
466 31.914 23.5143 -0.391796
467 8.29527 34.568 -1.24264
468 9.67727 35.5868 -1.39774
469 26.6632 37.2159 1.27545
470 8.97898 14.5455 0.60819
471 27.7576 28.0681 -0.314735
472 16.0488 5.62198 -2.26245
473 17.1168 39.4756 -2.98849
474 5.92211 37.506 1.08537
475 30.6353 34.614 -3.25823
476 16.1001 15.6886 0.232108
477 11.3498 37.2093 -1.93628
478 32.1082 24.6721 2.35882
479 37.7145 27.7855 3.5433
480 1.00996 27.2824 2.1858
481 33.5138 6.0713 -3.64109
482 15.8387 38.5908 -0.342387
483 7.93669 35.3253 -1.32667
484 20.7333 1.32549 -2.70011
485 3.83323 0.356119 2.37878
486 10.8665 22.9838 0.116481
487 26.3914 27.3142 -1.20245
488 2.02834 11.4081 -1.25462
489 21.0846 4.44283 -2.06802
490 36.2449 2.57314 -1.06761
491 18.371 11.998 -1.732
492 17.9254 37.3999 2.96631
493 0.106659 29.6944 2.88369
494 9.02132 20.5487 -2.01217
495 35.5664 8.52376 4.29895
496 23.3168 34.8794 0.995926
497 15.4864 31.4404 0.746454
498 18.0459 9.04335 2.08043
499 8.06818 16.1573 0.49996
500 9.83564 6.33739 0.605177
501 35.1874 5.62885 0.323014
502 7.43694 3.9215 -0.24032
503 23.1301 27.0966 -1.99082
504 3.95222 3.83888 -1.82452
505 10.644 5.8073 -2.71436
506 26.6464 24.8865 -1.81578
507 20.7424 12.5221 -3.91465
508 9.76287 29.3864 0.482282
509 19.8332 38.2965 -0.127567
510 1.36795 6.27436 -0.0372435
511 22.8046 33.1614 -0.277052
512 35.7256 25.9828 -1.95297
513 15.0577 22.4362 -0.595926
514 5.15458 36.7528 1.69826
515 15.0751 17.33 -1.77854
516 17.3977 33.7606 -0.229129
517 14.8811 19.1871 -3.08173
518 38.9401 0.0673591 2.77634
519 22.6096 23.0432 -2.56588
520 6.23943 10.0625 0.644635
521 4.63048 1.1652 1.3615
522 28.7653 23.4189 1.38551
523 14.684 17.2715 -2.21756
524 13.844 24.018 1.61035
525 13.7964 14.5869 0.463972
526 16.2031 27.4637 -2.3308
527 10.9212 10.7676 0.359577
528 22.7507 4.42994 0.377201
529 31.4497 33.9028 -4.3635
530 31.9696 19.0194 1.17076
531 23.2993 39.4401 4.08808
532 20.0187 2.38047 0.0162909
533 37.9754 36.4891 1.84814
534 6.53427 27.8706 0.925587
535 26.6068 7.36945 -1.99601
536 36.9398 11.4444 -1.78001
537 5.47921 23.9397 3.87465
538 18.2194 39.1292 -0.947332
539 20.1951 15.9546 -0.437058
540 35.3991 21.2749 -3.76035
541 21.8455 25.7702 -3.47145
542 29.943 33.5872 -2.97105
543 8.58705 20.7459 0.652222
544 35.447 30.9722 -3.10966
545 0.771954 19.4324 -1.41295
546 32.4763 1.75232 0.926051
547 5.2418 10.02 0.689452
548 36.4186 34.2887 0.144255
549 1.1646 25.9736 0.839124
550 36.9612 28.1139 1.46473
551 39.3956 10.098 -0.0702816
552 15.2513 1.92786 0.976677
553 13.2693 30.5325 -0.511211
554 14.3868 5.05659 3.761
555 32.9803 8.84494 -3.50577
556 0.410919 18.5653 0.642017
557 14.8777 14.8443 1.10988
558 29.5498 3.57397 -2.36679
559 33.6886 34.959 2.19882
560 39.8464 23.5159 -3.70297
561 3.774 33.3849 -1.92201
562 8.98094 24.6222 0.0973252
563 6.33133 8.73323 -2.35597
564 4.76477 25.9111 -0.70614
565 7.88952 22.3003 3.91042
566 15.9205 1.73386 2.25482
567 32.5429 18.5958 3.32753
568 1.97341 7.57414 2.22709
569 29.1706 31.0267 -1.18866
570 7.11783 29.9137 3.19024
571 16.219 9.97038 0.0214135
572 29.0843 23.8283 -0.728469
573 19.4792 31.9171 -2.23681
574 9.51517 26.7488 -1.86896
575 5.48235 12.784 1.08668
576 4.939 5.40929 2.7066
577 18.9876 38.4434 3.91066
578 11.806 36.1996 -2.72623
579 12.7289 18.4988 3.13738
580 5.76834 27.1674 -2.52788
581 3.28989 29.9477 -3.21571
582 15.8861 22.1184 2.08823
583 19.7897 28.9494 -0.567207
584 5.63029 8.37643 -1.84182
585 2.59737 23.2053 -2.15342
586 25.2375 28.0214 1.6306
587 28.1172 35.4202 -0.235876
588 17.4451 39.4274 -2.57933
589 25.7449 10.2639 -0.742034
590 7.04658 4.41941 0.132828
591 17.995 28.6918 -0.410066
592 23.8527 20.5158 -0.770135
593 8.15199 18.6472 1.24691
594 8.21607 5.22262 0.84299
595 35.1076 26.5338 -0.557974
596 3.22033 0.91678 1.64014
597 25.9497 9.33956 -1.01967
598 39.3381 15.5097 1.29733
599 13.28 4.2553 3.01923
600 0.775979 37.4698 0.252752
601 20.0811 38.0383 -0.000324017
602 18.8191 19.861 -0.124727
603 23.5776 3.17545 -1.05189
604 26.3183 27.8923 -1.97957
605 19.0854 26.7573 -0.798965
606 38.8142 29.1885 -0.655926
607 37.1967 10.829 2.71925
608 7.4304 4.29503 -1.40697
609 23.9885 10.4984 -1.22808
610 32.5565 30.7681 -3.31127
611 31.5394 25.3987 2.31705
612 16.5224 6.85843 1.5288
613 17.5938 8.57331 2.32252
614 39.8685 35.4736 2.43339
615 37.7659 5.26351 1.8153
616 33.1514 21.1941 3.53347
617 22.609 31.7133 -0.327051
618 5.48239 39.8723 2.92675
619 25.719 28.2041 -0.559727
620 38.1983 1.65723 -0.134618
621 26.4135 21.9141 0.814719
622 28.5667 9.45939 1.59828
623 15.9669 21.9662 -1.6562
624 5.53494 13.0676 -1.08901
625 12.7139 6.08646 -0.728122
626 4.13554 0.992947 0.906432
627 7.38156 35.8476 -1.65636
628 18.9616 7.05473 -1.14316
629 25.2715 4.97563 0.520331
630 3.02732 3.27822 -3.7951
631 30.9746 39.3742 3.36023
632 30.6229 31.2555 -2.42687
633 9.42114 19.0855 -1.13544
634 2.35391 11.4127 -0.440596
635 28.5745 26.9917 1.80349
636 16.8802 15.1859 -1.10161
637 8.29193 34.1509 2.45552
638 23.7893 28.3853 -2.33119
639 27.1039 25.6874 -0.405333
640 5.8153 23.2892 3.41726
641 37.3118 6.83401 -4.5563
642 13.6194 38.1105 0.771426
643 28.6201 38.4691 1.16871
644 8.86685 36.9834 -3.09059
645 4.93774 6.35707 1.35651
646 16.6228 5.96608 -0.0334199
647 13.9325 5.17905 1.93201
648 25.0698 35.3714 2.22129
649 11.7198 12.8138 2.44493
650 30.1289 23.0764 -0.89038
651 30.9093 25.0607 3.84165
652 4.65953 30.6663 -1.29768
653 8.68525 38.6483 -2.59645
654 28.5299 19.5765 -2.72004
655 24.2193 29.0391 -1.1883
656 16.2595 9.26451 -0.802416
657 31.0444 10.1258 0.307683
658 5.20238 24.4432 -0.650585
659 1.346 6.73354 -0.0900802
660 26.9521 20.3195 -2.51172
661 5.32067 19.9922 -3.2341
662 36.2093 38.965 -3.34175
663 39.4896 18.4393 -0.120487
664 32.4063 24.5874 -4.60473
665 37.0541 28.3116 2.20478
666 27.8711 3.69957 2.66909
667 38.039 27.7155 -3.29843
668 5.71456 35.7797 2.1318
669 6.28273 38.6647 3.16074
670 36.2708 29.2799 -2.32009
671 36.378 38.6352 -1.25736
672 18.4806 38.3603 -0.872283
673 3.8675 13.7976 -0.615531
674 11.3433 21.855 -0.659231
675 25.8537 9.82274 0.728614
676 2.18707 5.56104 1.01371
677 5.07239 17.0473 -1.5536
678 25.6205 38.5177 -0.744791
679 19.2778 28.1171 1.87176
680 22.7695 34.319 0.0466101
681 16.6336 33.2043 2.5064
682 36.0642 39.6639 -2.24325
683 21.1267 27.6421 -0.459701
684 6.57794 24.6236 -2.30858
685 29.4811 21.1994 -1.25272
686 37.835 32.5839 -2.15394
687 25.2584 19.445 4.56964
688 19.7354 12.4487 0.872906
689 6.01471 5.84779 -0.497928
690 12.2796 3.42166 -0.103363
691 13.7603 31.0676 -0.918182
692 26.7418 16.1307 4.56425
693 3.752 25.4821 1.25187
694 27.1113 16.4917 2.89329
695 14.447 29.8047 -1.11623
696 14.7111 20.8794 -0.433064
697 21.7898 0.474663 0.808141
698 5.38618 9.0993 -0.776547
699 37.3458 29.0363 -1.20503
700 9.12072 38.623 -0.0714194
701 14.878 3.64443 2.57163
702 9.02822 0.922173 -1.11091
703 3.76219 6.80848 0.761045
704 28.8728 1.81934 -0.694001
705 7.72279 20.7914 -0.550425
706 32.5124 36.5665 0.622434
707 25.0169 1.20792 1.05493
708 36.1359 21.4828 -2.30953
709 28.3021 14.8908 -1.93517
710 10.9356 38.9987 -0.715554
711 37.3988 31.0614 0.752532
712 26.4682 24.2769 -2.77602
713 35.2327 17.1757 -1.86863
714 26.509 36.8169 3.2662
715 38.6425 25.6253 1.15362
716 19.2671 34.197 -0.401725
717 18.062 28.1038 -0.7324
718 1.34902 26.796 1.60682
719 6.59671 27.0246 -2.17165
720 22.4704 19.0293 1.14959
721 20.063 33.8321 1.27671
722 3.41011 6.30921 2.99074
723 11.3529 36.9042 -3.59617
724 17.5127 4.14336 0.335361
725 26.8681 36.3533 0.669793
726 1.72792 26.9674 1.16551
727 11.676 16.2162 -0.935406
728 0.568275 30.2078 1.28765
729 13.9616 6.85097 -2.83952
730 22.7868 11.4459 -0.942013
731 37.5237 17.4065 0.621687
732 21.5917 0.336606 0.741197
733 22.0614 33.045 1.71258
734 1.2716 6.99401 2.62148
735 13.543 37.5331 0.390831
736 25.3172 25.7214 1.60164
737 5.47793 33.286 3.28912
738 21.1693 10.2757 0.55824
739 14.4408 15.9328 2.84576
740 31.71 22.2357 -0.270712
741 2.7335 25.7375 -0.763058
742 12.4829 20.2543 1.43952
743 25.2038 24.6726 -0.810792
744 31.2267 23.8995 1.43581
745 22.0478 0.367504 1.09397
746 22.0384 8.50497 -1.56443
747 19.3863 27.7407 2.31805
748 13.8326 30.116 -1.79008
749 12.9798 6.23396 1.22045
750 4.67238 32.8327 -1.89492
751 37.8154 33.3114 0.697924
752 11.1675 22.6593 0.746421
753 26.631 24.4301 -4.40616
754 26.7412 25.667 -0.41064
755 35.2005 5.2711 0.364801
756 12.7144 9.0115 0.424864
757 6.59419 34.1298 3.91894
758 4.2073 15.1956 -0.429675
759 13.7471 28.0755 2.93512
760 2.37433 26.1738 0.568571
761 3.2044 14.3963 2.41148
762 21.1329 27.2535 2.04725
763 3.37731 5.22779 2.08779
764 13.2305 19.5007 2.11633
765 39.92 18.8603 -0.251418
766 9.82143 9.2867 2.41975
767 36.4887 10.4266 -0.740237
768 4.94109 24.7952 -2.03342
769 11.4612 36.2338 -3.42332
770 6.58717 28.0845 -1.16109
771 13.1661 18.0343 -1.35406
772 9.40419 32.5906 -2.27703
773 33.256 27.4544 -1.79541
774 37.0884 29.9654 -3.94597
775 15.0701 4.02537 2.3949
776 9.92945 10.3397 -0.773054
777 34.8858 25.159 -2.77571
778 35.4564 27.7585 0.812859
779 17.9328 6.14884 -0.58691
780 36.1502 8.74626 3.25511
781 14.5478 36.4639 -1.58968
782 4.07674 9.67299 2.2034
783 15.1543 18.738 -2.34383
784 31.7 3.43319 0.506091
785 22.4577 18.7241 1.7008
786 7.71681 19.278 1.8895
787 0.139833 3.90233 2.37218
788 2.98007 28.6249 -0.28984
789 4.29115 5.59665 2.74484
790 14.4429 28.9088 0.115366
791 10.2044 20.6605 -3.89982
792 9.43242 19.8532 -1.48329
793 16.4497 34.8542 4.49431
794 20.2739 27.4175 1.88866
795 2.75687 1.72127 -3.01411
796 17.0337 14.5658 1.41957
797 38.5425 37.6987 1.75165
798 36.5192 11.9917 -0.228118
799 28.0807 9.95839 3.85873
800 1.13392 12.1601 0.0945402
801 17.3192 25.8491 1.4484
802 31.1278 26.2233 2.56964
803 11.4502 39.4028 -2.51551
804 0.810465 17.3542 -2.20957
805 1.13098 30.7949 0.0584423
806 8.05413 30.7866 3.36498
807 29.1023 16.3395 -0.596993
808 17.4668 29.4024 1.1602
809 27.9287 27.7267 -0.047969
810 19.0272 30.9532 1.16552
811 38.5055 20.7969 2.71453
812 13.2823 2.48276 -0.402661
813 5.58255 10.4325 2.25129
814 25.9918 37.6236 0.178237
815 26.8438 21.6952 2.15168
816 16.3596 35.5655 -4.60635
817 15.0821 35.0722 -2.04757
818 0.766026 4.8012 1.36488
819 32.7705 6.89108 -1.08614
820 11.824 38.8237 1.14527
821 15.4526 7.02356 0.635918
822 5.96302 34.0798 4.25591
823 19.255 2.1959 -1.85072
824 29.7154 12.8308 -1.7425
825 1.0992 3.86994 0.192048
826 3.13432 17.7591 -1.94013
827 37.7776 5.72089 3.67203
828 16.3701 19.3504 2.18263
829 12.8737 38.775 2.82551
830 14.2464 15.7469 0.666333
831 22.9538 39.6955 2.49669
832 35.5007 39.1951 -1.9242
833 19.78 17.7372 -0.76887
834 16.5136 6.98986 1.90827
835 39.1272 28.7332 -0.575929
836 19.4491 29.9879 -0.636015
837 29.3197 35.7252 1.73213
838 14.5759 3.10572 2.69861
839 14.6603 13.431 -1.79488
840 21.5029 15.8186 3.83405
841 23.3413 37.1381 -0.0469311
842 21.6251 35.9972 0.2658
843 21.1686 3.17184 -0.64221
844 5.45469 25.216 -1.02558
845 7.90265 33.5718 1.92499
846 4.57698 17.2299 -3.18797
847 1.60172 24.4089 -2.84864
848 20.2163 27.8631 2.14669
849 22.0545 19.0737 0.0267433
850 34.264 31.1223 -3.03102
851 4.27721 2.46782 -0.553662
852 31.1358 25.005 2.18603
853 20.7379 16.6503 -0.803795
854 9.46737 38.3715 -0.937308
855 10.9034 36.2105 -3.50712
856 13.6488 29.7903 0.637729
857 13.647 34.1394 -0.850881
858 30.2922 31.9088 0.474912
859 7.45681 35.5177 -2.65103
860 39.9951 17.5601 1.51192
861 6.52252 19.4282 -2.13878
862 5.44935 24.0059 3.51717
863 14.4023 13.1266 -1.40448
864 8.65538 5.89382 0.451935
865 20.4404 30.592 2.52774
866 29.8574 2.0459 3.16396
867 26.0436 25.1555 0.423052
868 37.0115 33.3307 -0.871642
869 36.7224 18.2421 -2.61761
870 38.7401 5.96855 0.671196
871 11.9865 23.5863 0.9653
872 34.2539 16.0804 -2.66276
873 7.81473 18.3994 0.758454
874 20.9926 15.7175 -0.925068
875 30.5071 3.90171 -1.2736
876 24.0236 27.2349 1.47763
877 3.89824 12.8154 -0.658972
878 38.1394 6.06983 2.47006
879 14.3038 36.1447 -1.53182
880 29.124 26.4731 -0.267664
881 11.5632 22.3137 -0.36766
882 27.0171 6.96117 -1.37873
883 37.5929 27.3763 4.41153
884 30.7145 13.3589 -1.8828
885 10.8497 6.12882 -3.44401
886 17.6605 22.4104 0.439731
887 7.79228 22.2524 3.66696
888 28.6738 34.1726 0.859942
889 37.6922 9.35789 1.10603
890 15.3144 7.82853 -0.532377
891 22.8509 29.8279 1.39909
892 27.198 15.6694 3.60745
893 32.9608 21.089 3.00208
894 24.7791 25.8268 0.938739
895 33.9917 9.35246 3.32216
896 16.4278 1.24565 3.51782
897 3.53408 18.4494 -0.191949
898 24.565 20.7569 -3.70172
899 13.8524 24.6039 1.71521
900 12.9968 38.8233 2.85581
901 3.16536 1.20872 1.76218
902 0.328364 30.0488 0.706986
903 20.0004 37.7785 2.18091
904 18.3978 37.4604 -2.34148
905 34.2192 36.5278 4.63802
906 18.5783 7.13621 0.54671
907 15.4806 25.7424 1.08817
908 26.9113 2.81608 3.76893
909 10.6989 38.0171 -1.75035
910 6.09293 23.5864 1.15485
911 34.6694 39.2333 -1.43693
912 24.1143 21.3344 0.330007
913 33.5485 34.2879 1.47349
914 37.6987 21.2723 1.67977
915 37.5139 0.840929 -1.58902
916 39.1594 15.7948 2.83084
917 14.0566 25.5674 1.28731
918 31.9361 4.25655 2.28538
919 19.7484 31.5806 -2.70376
920 0.425168 21.1229 2.34004
921 33.8358 19.7591 -1.05801
922 22.6761 16.9955 -0.0348792
923 5.38111 25.005 -1.2877
924 34.6863 24.3722 -2.88646
925 16.1836 17.9239 2.80999
926 15.441 7.67891 -1.62234
927 38.3035 28.4181 -2.61087
928 32.4614 0.283078 -2.17772
929 11.6333 27.544 -1.20366
930 6.54913 5.74813 -2.67746
931 13.9156 26.2913 -0.153284
932 31.755 23.7133 0.807796
933 19.8967 1.75202 -0.650768
934 28.7147 15.9486 -1.61062
935 9.58113 6.92917 -0.669417
936 17.3819 22.8889 0.538425
937 16.7995 4.86062 -0.294084
938 14.519 20.6363 -2.20502
939 8.60807 4.07631 -1.68643
940 11.7637 19.221 0.546578
941 34.8388 24.642 -3.29195
942 6.6119 20.5033 -2.11846
943 11.5007 4.49957 -2.10962
944 15.6756 5.92499 -1.43371
945 4.90564 12.7789 0.0923603
946 14.3911 17.6808 1.48954
947 9.102 8.58039 3.89257
948 20.8099 2.66603 -2.21184
949 6.53503 10.6316 2.54022
950 12.6951 30.5578 -2.08973
951 12.1666 5.5804 -1.36544
952 10.91 19.7082 -2.88678
953 35.7462 24.8396 -1.40314
954 10.8267 30.074 1.03767
955 7.24679 1.29252 1.45143
956 20.337 15.6168 -3.90522
957 34.5953 16.6073 -2.22307
958 1.9847 6.60063 2.82949
959 35.5747 17.3126 3.91559
960 13.9013 28.7585 -0.119885
961 1.17948 28.0172 1.27204
962 14.0052 29.2963 -0.0447889
963 9.88141 36.6476 -3.61299
964 2.4156 11.9897 -1.38757
965 38.3195 29.85 -4.29005
966 12.5987 14.9833 0.540479
967 15.8308 35.6092 -1.52582
968 0.401639 16.9986 -0.890869
969 17.4302 4.15704 0.651893
970 16.2433 37.9955 -3.53922
971 14.6089 21.3286 -0.889298
972 17.0139 22.5773 0.996238
973 36.9869 17.0789 0.112097
974 39.4024 28.9445 -1.92088
975 12.0995 22.4418 -0.00384268
976 7.86835 15.7013 2.99917
977 3.70451 3.44139 -0.625769
978 8.51707 37.2745 -2.79694
979 10.3146 2.09435 0.613091
980 35.2995 5.92704 0.159832
981 5.66092 23.2456 2.3515
982 39.7794 39.3344 -3.82744
983 34.3935 20.1198 -1.81969
984 12.7971 30.4222 -2.16943
985 2.06116 28.3686 2.52024
986 19.2032 25.7247 1.36065
987 9.60523 8.64509 2.44111
988 11.1645 19.4066 -1.26961
989 22.1227 33.05 1.83545
990 22.2497 24.061 -3.36477
991 13.024 17.2194 -1.45379
992 11.7745 1.19116 -0.295735
993 17.6032 8.61607 1.55779
994 23.1121 20.7674 2.25347
995 20.9968 8.31086 -0.218845
996 0.138095 18.5772 1.82765
997 4.25875 16.6539 -1.14928
998 37.8026 31.1122 -0.6888
999 36.1394 6.11202 -1.5747
