1000
Particles
0 0.149678 1.16989 -1.79547
1 32.0536 16.7988 -2.63342
2 25.7064 1.59533 0.461997
3 11.4716 38.1008 -0.950791
4 8.95797 18.4806 -2.20717
5 26.7856 2.15548 0.314307
6 26.9683 1.90878 1.61849
7 36.1175 16.9291 1.53124
8 4.25936 31.1869 -2.0522
9 31.5241 23.6136 -2.53522
10 25.8453 31.1569 -0.123944
11 4.34784 35.0459 -1.5493
12 0.645315 24.9801 0.725826
13 0.136478 4.51792 1.18958
14 31.1589 17.5998 -1.34371
15 31.4437 32.634 -1.51054
16 26.9437 33.8113 0.962135
17 32.6762 12.1281 0.829262
18 36.3947 14.2786 3.78413
19 14.2094 19.2397 -0.426588
20 9.93702 12.9115 -1.39374
21 38.435 38.7253 1.1462
22 37.6267 24.1898 -0.641069
23 28.8691 17.6637 -0.198465
24 29.2533 11.5169 3.22115
25 2.72041 33.8863 0.0595947
26 24.0483 28.2677 -2.32129
27 15.8018 16.9178 -0.128392
28 6.39917 31.5618 0.316689
29 31.1633 7.75882 0.0822695
30 21.2332 27.8747 0.469105
31 8.5237 17.9065 -3.0794
32 14.6024 9.90473 -3.60782
33 8.00925 0.820046 1.99618
34 20.3983 14.6782 -2.87741
35 27.3765 39.774 1.80243
36 13.6249 39.1333 -0.416709
37 39.9044 23.3485 -2.62347
38 24.254 36.2867 -1.23662
39 31.096 14.9261 -4.17751
40 31.87 35.3708 -2.22286
41 19.0439 16.7557 0.882408
42 29.3171 22.5543 0.296704
43 24.5584 34.3543 0.571725
44 19.2865 22.5147 0.745991
45 8.24011 28.0149 1.3944
46 4.99829 11.535 -2.92234
47 35.5471 3.99976 -0.0275457
48 2.15685 34.9851 0.65559
49 8.60034 31.701 -0.104284
50 38.792 3.98135 -0.542652
51 15.8821 3.96444 -0.771313
52 35.5701 6.84423 -4.05918
53 14.5614 9.94559 -1.3548
54 37.1102 25.7507 1.48146
55 0.504218 16.8509 0.63115
56 28.3689 6.16236 -1.78821
57 4.07589 34.0479 1.00812
58 37.5554 14.9374 0.382748
59 5.07786 32.4909 -0.765132
60 8.88901 27.499 -1.52406
61 17.5377 26.5711 -2.34207
62 29.1137 2.25366 2.49737
63 8.71978 16.9859 -1.04749
64 0.587397 25.9601 1.29044
65 16.0208 1.95399 4.12782
66 9.596 21.8817 -0.882117
67 20.1071 22.0704 2.62381
68 9.98013 7.56828 0.822256
69 14.8105 7.01821 -2.70166
70 7.14645 33.6786 4.00452
71 13.085 10.2851 -1.2014
72 4.35829 11.6607 -3.58715
73 19.4273 24.0026 -1.60075
74 9.13711 38.1996 0.479161
75 2.96478 38.3159 0.833388
76 20.2704 8.80754 -0.685963
77 13.4467 24.4198 -4.75289
78 37.8814 29.1023 -1.71832
79 35.3376 2.70436 4.06502
80 36.1261 4.58755 -2.06637
81 6.27411 27.386 3.12092
82 10.608 8.87868 0.610738
83 16.4795 22.2062 -2.11132
84 23.1889 18.0798 2.82091
85 1.8235 15.2138 -3.15357
86 22.5122 7.57567 -2.38393
87 18.3351 38.5825 1.13041
88 3.93921 38.8683 -0.706884
89 10.0104 32.9249 -3.02666
90 34.6985 34.6887 1.93129
91 23.8158 10.8573 -3.03136
92 19.4717 17.9923 -1.13858
93 17.1721 11.0668 -0.143367
94 14.142 12.436 1.55146
95 22.9231 3.78415 0.0562984
96 10.5708 30.1143 2.01588
97 24.1723 33.0088 -2.40015
98 39.2431 23.9103 -3.18527
99 8.94395 31.6448 -0.205433
100 31.5569 12.7797 0.409591
101 14.8396 21.4234 -1.08942
102 19.0268 32.8442 -2.95774
103 13.0785 1.13779 1.51795
104 27.3 4.82295 1.87431
105 25.6765 29.0834 3.62718
106 39.2142 12.5873 -1.5055
107 18.1553 22.8161 -2.45793
108 26.453 11.3477 2.98277
109 33.4893 26.8976 -1.89509
110 13.309 37.7769 -0.502076
111 9.33622 31.8759 0.477523
112 32.2797 39.4187 2.80359
113 31.6978 18.9938 -1.10407
114 3.82493 24.4459 0.776737
115 27.5054 20.653 -2.64075
116 28.1495 25.9825 0.147946
117 19.2974 28.8912 -0.697732
118 24.9342 37.8615 0.755702
119 36.6936 19.2269 0.371097
120 38.5851 32.3629 1.90034
121 27.2215 14.127 -0.693389
122 38.8735 11.7561 -0.0830622
123 6.3766 23.6766 0.613274
124 15.6926 38.3391 -0.364735
125 24.5342 33.8831 -1.00489
126 22.7305 22.5124 3.29752
127 39.5325 1.86141 0.37563
128 31.4573 10.7351 0.67111
129 2.91967 14.5068 0.354209
130 35.1008 5.02687 1.92635
131 28.3709 29.9999 1.44109
132 21.2827 33.7536 -1.24322
133 31.97 33.0258 0.282743
134 11.9447 33.777 -3.14652
135 17.1639 4.0654 -1.88353
136 25.5293 6.38423 -1.30386
137 32.0573 37.9085 -1.24868
138 11.3663 23.5381 0.492101
139 15.1346 3.66829 1.96216
140 15.7593 33.024 -1.50779
141 35.7596 27.8645 -1.74716
142 25.0918 37.1213 -1.39351
143 16.4504 25.8104 1.69951
144 10.8382 27.9387 1.11005
145 28.0503 21.7168 -0.238743
146 33.9149 9.47793 0.935638
147 36.0046 35.8284 -3.9373
148 37.7062 11.004 3.52179
149 17.5915 23.7828 2.79527
150 14.5042 12.5696 -1.93376
151 37.7889 35.8645 -2.21405
152 18.3826 14.2485 -0.684194
153 21.4584 39.9661 -0.624424
154 28.8701 31.0573 0.497454
155 30.3481 32.2932 1.38592
156 36.8288 25.4886 -0.149236
157 16.9489 16.9537 -0.0429624
158 18.8035 29.4824 -0.84818
159 14.2504 30.2022 1.70831
160 7.02497 12.7501 0.39232
161 10.1574 20.1696 0.588348
162 24.8877 34.5709 1.45796
163 9.422 6.5793 0.709804
164 16.679 2.03466 2.52629
165 23.663 3.40006 0.172716
166 33.0766 6.91922 -0.843437
167 11.442 3.17632 -3.22829
168 36.9555 21.8605 0.903873
169 4.26797 34.8959 1.28874
170 39.3338 34.2087 1.23032
171 17.7372 35.5772 1.16105
172 35.3972 19.4434 1.67329
173 24.0566 28.4537 -0.485139
174 11.4686 34.8447 -0.60981
175 2.63198 13.8603 -1.93178
176 26.4208 23.6697 -1.80928
177 17.0364 5.97701 -1.27801
178 23.2242 17.1395 0.899811
179 28.0174 9.76069 -2.78168
180 11.7278 7.37497 2.32425
181 33.7315 30.7914 -1.24839
182 17.4926 13.2131 3.36689
183 7.24686 19.5201 0.887154
184 22.5933 38.3603 1.43995
185 10.789 7.99472 2.40333
186 27.7664 6.72485 -1.81081
187 7.90695 34.7458 1.52383
188 25.8608 19.6845 -2.03935
189 10.3089 28.0359 1.21015
190 26.666 23.5432 -1.92288
191 9.82652 31.6938 -1.99514
192 32.1066 6.69589 1.25292
193 29.1894 21.3122 2.28649
194 10.5779 31.3235 1.55144
195 19.0648 20.4434 2.42
196 28.4239 34.5309 3.06531
197 16.1055 1.0446 4.49302
198 29.8876 16.1972 0.134225
199 13.8353 9.73255 -1.76198
200 35.8456 36.6503 -2.56571
201 34.4649 18.536 3.0334
202 17.4153 19.4377 2.91832
203 22.971 13.128 0.935421
204 31.5533 34.2005 1.01776
205 38.1056 35.5462 -3.0936
206 16.0956 4.68098 -0.362879
207 0.701669 32.8083 -1.00021
208 28.6493 29.4848 1.18159
209 10.3508 32.6826 0.348347
210 6.48867 25.2716 -1.57827
211 32.4904 24.8716 -1.95758
212 0.0543848 34.5372 -4.71666
213 4.11193 10.1638 -0.47507
214 37.02 22.8689 1.28995
215 38.5134 21.6803 2.91297
216 27.1282 21.7244 -0.376996
217 7.90543 10.6835 1.83794
218 18.6958 20.1945 1.22
219 23.2106 4.86529 0.493793
220 17.6798 4.49899 -3.01252
221 22.2766 10.3406 -4.40882
222 34.9535 24.6771 1.24455
223 20.2713 35.0623 -1.39283
224 8.78176 29.8633 -1.50669
225 31.6382 13.6842 4.26391
226 5.30237 19.1197 -2.4502
227 11.7234 0.995665 -0.817216
228 24.3026 9.6066 1.01993
229 35.2707 19.7276 2.0312
230 26.0018 7.0037 1.31754
231 17.7739 20.0405 0.203557
232 28.4099 12.8792 -2.77995
233 38.1873 11.8571 1.16297
234 5.52994 35.6794 2.69917
235 1.71727 10.2821 -2.02316
236 9.43153 38.1338 0.769983
237 11.0797 29.5996 2.40385
238 12.8866 11.716 -3.69839
239 36.6147 13.6612 2.03141
240 22.4278 24.9777 -2.1275
241 20.9089 27.9913 -0.0823792
242 39.4266 3.55962 2.54106
243 25.7675 37.2908 -1.27795
244 0.796216 15.2314 0.0464984
245 21.0506 7.23043 -1.60394
246 30.3551 10.7627 2.98615
247 1.12285 1.78593 -1.55119
248 4.79721 25.4527 -2.77467
249 16.1961 33.4144 -3.08894
250 9.99585 38.2465 -0.755257
251 39.8069 7.36924 1.39186
252 31.4271 21.0462 -1.41851
253 26.9165 12.0796 2.5535
254 38.6919 33.6751 3.35665
255 27.7687 24.0382 -1.35057
256 1.81694 4.43636 -0.951754
257 32.3177 15.7884 -0.91797
258 36.0951 34.4107 -2.2646
259 32.9946 16.5678 -0.997879
260 5.3605 7.39865 1.2979
261 28.554 23.3619 -2.33032
262 26.1281 32.3886 0.516877
263 0.989674 0.805012 3.10053
264 1.26326 32.2828 -2.47633
265 3.64539 17.1464 0.628055
266 0.568151 12.8181 -3.51546
267 6.01943 27.4505 3.51242
268 2.90686 31.169 3.5963
269 21.2106 35.8615 -2.55008
270 1.30666 8.28354 1.84879
271 31.8526 10.4442 2.99653
272 21.5082 14.0624 4.78365
273 31.1348 35.0409 -4.21612
274 9.03824 6.28834 2.91976
275 4.23132 20.0095 1.48094
276 28.5028 22.0778 -1.70797
277 7.39746 29.086 1.20884
278 3.26767 6.02876 2.77791
279 4.68339 19.3812 -0.160189
280 35.0093 18.8932 0.912186
281 28.1833 13.5566 -0.317603
282 14.4009 19.5884 1.31402
283 16.2029 0.623507 4.5513
284 31.817 22.067 -1.7065
285 35.7285 37.9514 0.432698
286 31.8647 7.77089 -2.73977
287 7.77996 18.3053 -4.15776
288 8.30842 36.8024 0.421017
289 15.28 32.4825 -1.25561
290 36.6894 22.1517 1.2612
291 17.3551 17.1082 -0.033332
292 0.493071 26.5122 0.600495
293 6.93247 6.03336 1.93603
294 26.2029 30.9476 -1.28763
295 10.9766 7.59382 -0.781958
296 26.7962 23.4228 -3.04208
297 1.07289 25.8216 0.437687
298 24.295 28.1492 -2.932
299 16.8983 32.8187 0.685544
300 25.9372 5.7404 -0.863228
301 29.3976 22.6892 0.200252
302 15.3387 35.4527 -4.52311
303 6.09374 28.8746 1.21225
304 15.1553 22.6676 0.872235
305 6.16506 24.9076 -1.72905
306 30.5147 12.3304 -0.582385
307 7.51593 19.2101 -0.514959
308 1.42361 16.8259 -1.02936
309 14.8629 38.323 -1.57175
310 16.1674 22.24 -3.57043
311 24.8084 3.65736 -0.0436052
312 38.8476 37.7279 4.44877
313 36.4526 0.412426 0.169615
314 16.403 1.52925 2.07162
315 2.16044 32.5628 1.71659
316 35.2681 34.8509 0.136953
317 31.2039 34.2175 -1.89189
318 24.157 22.5196 -3.66371
319 3.86802 2.12021 -1.90883
320 39.5572 21.3482 -4.07008
321 31.1134 5.4845 -0.0124193
322 5.82521 38.8131 -3.30814
323 16.8958 36.2897 -0.441144
324 31.3626 14.2141 2.03451
325 6.45759 26.6111 2.97385
326 39.8978 6.7788 1.23298
327 13.8471 2.52384 -0.510382
328 17.3598 30.6119 -0.738461
329 39.3636 22.4268 2.39505
330 1.85268 8.32934 1.12162
331 12.5347 33.5826 -3.79096
332 31.8684 11.0491 1.42305
333 19.5184 20.5173 3.62419
334 8.72178 7.77138 -2.81671
335 10.8208 39.9 -0.240761
336 22.7965 39.0331 2.26719
337 4.34616 14.2296 3.73334
338 11.108 31.7706 -1.44842
339 37.9193 34.7134 -1.14667
340 8.25365 27.1898 -2.32012
341 30.095 31.5125 1.72353
342 12.4917 16.6665 -3.18282
343 13.8748 14.0465 0.683186
344 12.7039 38.3291 -0.231656
345 37.8725 25.26 0.524784
346 16.4022 6.78757 2.42615
347 7.28448 34.0212 1.58449
348 10.8399 23.3475 3.28151
349 13.9663 18.0576 3.34432
350 10.5447 9.33691 -1.2463
351 8.15276 23.4526 2.41548
352 27.0631 21.1597 -0.454446
353 26.7688 2.85797 -0.0739045
354 35.2416 36.978 -1.30345
355 24.7422 25.2018 0.672386
356 28.112 30.8615 0.376907
357 14.5431 27.8957 0.198403
358 13.2222 14.8944 1.24005
359 37.2898 27.6789 4.58375
360 34.9381 27.4939 -1.35826
361 29.563 30.0189 -3.20691
362 39.0573 22.0624 3.38822
363 37.4367 7.37632 0.862936
364 5.43373 9.82919 1.8991
365 6.6117 36.9882 1.67053
366 13.7013 5.37576 2.88011
367 14.2097 34.3433 2.02632
368 25.0343 6.29157 -0.88612
369 15.9387 30.3935 -2.74982
370 17.2721 26.3584 -4.18055
371 25.9925 20.1189 -4.05218
372 27.7266 28.987 -0.894122
373 11.0506 8.39203 -1.26087
374 13.8721 20.0365 -1.3484
375 12.4305 9.99377 0.714199
376 1.31485 32.5603 -2.45447
377 5.36985 9.5754 2.97473
378 9.6308 5.26263 -4.27207
379 30.371 36.3349 -1.39467
380 39.4362 28.3981 -0.651235
381 12.3092 32.9739 -1.05108
382 38.606 16.7641 -0.529275
383 14.6013 37.9598 -2.93998
384 22.4993 37.3008 1.5441
385 21.4137 20.583 -0.457746
386 20.8531 6.70947 -0.933351
387 10.9576 5.216 -0.846041
388 30.4213 24.392 1.59358
389 7.85375 5.46152 1.35247
390 29.3988 27.3338 -0.865335
391 17.8804 16.5887 2.68681
392 25.3982 24.2213 -2.92334
393 21.9213 13.5608 3.56227
394 32.1364 35.719 -2.29028
395 32.9578 15.5508 1.88195
396 0.416794 1.93286 0.0302628
397 6.6878 39.9002 1.06028
398 4.08444 33.288 1.40483
399 0.293101 20.4675 -1.45832
400 3.08999 38.8608 0.81236
401 22.5452 33.2094 1.11194
402 33.1757 6.25826 2.45245
403 37.3794 27.8016 3.28976
404 28.0723 30.7466 -0.478252
405 5.02618 24.7774 -3.79251
406 26.2701 39.3607 -3.8194
407 39.0926 1.50483 0.026053
408 6.98664 12.2356 2.61366
409 14.7217 5.67502 2.93121
410 25.8349 19.5598 -3.65205
411 18.516 22.5363 -3.08894
412 1.81572 7.37651 3.11954
413 11.5508 7.80271 -0.487263
414 2.03161 15.4908 -3.57066
415 15.7266 25.0609 -2.34887
416 27.5562 38.333 -0.977563
417 6.98 4.78605 1.12223
418 29.4158 27.0429 0.624148
419 23.4291 12.5614 0.944905
420 19.6096 37.3897 -3.58123
421 2.34047 14.2932 -0.785942
422 15.379 6.6884 -1.60118
423 28.1116 13.2559 -0.335701
424 27.0258 22.1701 -0.95884
425 18.4736 39.161 -2.0797
426 9.42795 21.3741 2.63114
427 16.7832 18.2022 -1.48505
428 38.8071 6.99672 1.47884
429 2.01307 9.9533 -0.363021
430 20.6803 13.9964 2.17445
431 9.18328 8.32622 -0.363231
432 17.5037 37.4884 0.282251
433 30.6619 24.6027 3.06349
434 4.72389 25.4446 -1.15092
435 27.1667 37.8691 -1.44239
436 1.50076 22.3396 -1.84196
437 12.5249 36.3574 3.85561
438 7.56513 25.2172 -0.338582
439 34.2076 24.3458 0.991881
440 26.0987 38.2535 4.83597
441 9.30351 3.45094 -0.620112
442 17.1989 26.5741 -4.43406
443 20.608 16.6825 0.0105761
444 8.42827 12.3096 1.16008
445 5.88899 24.3974 -1.07441
446 20.8871 10.1866 -4.14277
447 1.18827 10.1118 1.43358
448 34.2325 28.3001 -2.95327
449 13.0064 14.236 0.182491
450 11.7482 18.8192 2.7764
451 3.50425 13.8686 -0.23403
452 16.2935 13.3105 -0.0498498
453 6.53547 32.0525 -0.142241
454 37.9249 10.2896 -4.58336
455 29.8104 2.93231 1.33158
456 12.0432 9.97065 -2.28214
457 24.7304 19.6201 -0.0578285
458 37.2422 19.8601 2.96038
459 10.1352 10.2235 1.13508
460 12.7619 0.365019 2.73226
461 10.6228 36.3345 -0.68621
462 25.6245 13.7026 0.109912
463 4.04862 33.8299 1.1631
464 35.6604 22.9134 -4.64986
465 34.9145 15.4745 -1.0343
466 32.4203 23.174 -1.28934
467 6.6974 38.0118 1.82296
468 26.6009 35.9829 2.14642
469 17.4802 27.343 -2.67755
470 9.68625 14.4337 -2.67816
471 38.993 14.072 -0.279664
472 17.2842 16.5965 1.30339
473 13.4848 2.49106 -1.01114
474 8.91063 32.6196 0.982167
475 32.9233 9.50765 2.02691
476 21.7269 28.4464 0.517246
477 10.8066 31.937 0.681258
478 35.9322 14.4383 4.18192
479 6.98822 28.0146 -2.06143
480 33.1214 18.3958 -4.5779
481 23.9026 35.3168 0.00978318
482 6.82901 29.8979 -2.00495
483 13.5049 31.9675 -2.15658
484 11.9846 33.2664 -0.686889
485 7.08352 34.5956 2.72148
486 21.2426 26.6873 1.38091
487 32.733 28.084 -3.62071
488 33.6457 8.38887 2.88701
489 21.1298 2.17071 0.920965
490 5.65281 5.90211 -3.36334
491 17.2571 10.7143 1.10811
492 25.4671 0.371343 -2.81822
493 2.32351 27.1726 -1.74752
494 6.72474 17.0789 0.535479
495 30.0761 11.6116 3.65253
496 31.7477 18.3786 -1.93228
497 6.79638 31.7639 -2.13794
498 20.7497 15.5097 -0.853822
499 3.61424 14.7105 -0.57942
500 3.83921 14.4056 -1.41027
501 30.7903 15.9575 -0.334644
502 2.09231 2.07995 -0.822916
503 14.7219 26.8446 -0.993549
504 38.1794 29.2551 -2.04469
505 7.74533 6.72448 -2.28872
506 28.4733 23.4426 -0.157025
507 22.8179 7.48295 -2.71149
508 0.506877 29.7504 3.46249
509 34.0743 1.18113 -0.962327
510 32.0727 1.30412 -3.21332
511 22.6168 32.8748 1.4812
512 0.191908 34.4621 -2.78075
513 17.0689 36.6596 -1.8574
514 12.8599 26.3886 0.201081
515 19.4821 13.4485 2.70743
516 22.8824 0.729633 4.5795
517 13.4063 5.1804 1.83759
518 19.7449 16.7524 -3.68359
519 21.4102 10.0074 -2.33905
520 33.4883 8.82043 1.41226
521 33.0176 30.5466 -3.41159
522 19.4219 21.9463 -0.114493
523 12.2316 19.005 -0.502984
524 3.0386 22.4813 -1.4581
525 9.50874 11.723 3.64636
526 1.34851 23.6322 0.252913
527 15.3748 7.30239 -3.22549
528 21.4851 7.6348 1.0524
529 27.9449 1.49147 2.73155
530 37.8982 10.0024 -1.93799
531 27.3076 11.1453 2.52217
532 21.8975 34.4538 1.18784
533 24.3287 26.6601 -0.104089
534 14.5875 25.7791 1.76953
535 8.10402 6.12388 3.93496
536 32.5265 16.154 -1.99417
537 39.0063 16.8705 -0.631319
538 1.58755 38.7682 2.64856
539 3.71136 2.2798 -0.124458
540 32.3328 24.7831 -1.32211
541 24.9843 22.4919 -3.37648
542 2.28179 32.2852 -2.42113
543 13.564 18.5337 1.77049
544 7.16896 37.068 -0.114871
545 14.2953 22.0006 1.70356
546 37.6153 35.9421 0.454543
547 5.55352 18.2411 0.60969
548 38.3373 34.2899 2.70697
549 5.45696 25.8653 -2.84167
550 8.24721 31.1111 1.36209
551 21.0448 18.2274 3.2503
552 0.25444 8.53389 0.259239
553 19.0347 26.1937 -2.87893
554 17.5256 9.77976 3.63288
555 34.838 17.139 0.942415
556 30.085 17.2028 -0.434596
557 8.62846 28.9899 2.24151
558 29.8836 2.47957 1.23691
559 23.6539 28.579 -2.07721
560 29.5684 24.3297 2.14776
561 11.8714 16.7009 -2.01936
562 5.28829 20.5221 -1.45587
563 0.726113 15.5324 -0.0728749
564 12.7218 20.1112 -1.9732
565 37.2535 16.9051 0.565242
566 18.132 34.8258 -1.85796
567 29.4054 13.3313 -0.481699
568 36.4497 4.35813 -2.88582
569 4.34587 18.551 -0.0843581
570 8.2461 23.3174 -0.85382
571 22.7093 11.1218 2.48735
572 1.74172 35.7029 1.11588
573 20.774 39.003 2.00804
574 12.4501 21.1081 -3.31085
575 19.2066 20.2297 3.28882
576 38.5193 3.75627 -1.53481
577 26.7334 30.7686 -2.07975
578 4.58835 37.1033 2.14554
579 7.13107 5.27818 1.58516
580 8.0045 31.2192 -0.858673
581 6.79949 31.5699 -1.85252
582 26.6052 23.6551 -0.342081
583 23.8512 35.4166 -0.780839
584 33.9094 11.2756 -3.6587
585 7.35475 16.3181 0.981977
586 28.0901 21.3566 -1.88734
587 31.889 31.9203 -1.96537
588 20.7809 34.9312 0.336904
589 26.7733 23.1908 -1.01587
590 11.1587 5.50541 -1.67919
591 4.52025 24.7751 -3.1078
592 33.3601 26.7031 -2.6674
593 16.8326 24.2994 -0.980188
594 9.62055 2.81782 0.978993
595 19.2522 22.6454 1.01403
596 35.7906 34.053 -4.51178
597 28.9466 9.72491 -0.626181
598 35.4995 12.2154 0.938112
599 19.8339 35.3217 -1.44513
600 7.09126 36.7134 1.10689
601 20.9411 34.3791 -2.07392
602 1.71868 18.8233 1.34807
603 14.5384 19.7597 0.054295
604 1.44217 29.5517 1.68795
605 10.6248 37.9305 -3.65028
606 3.68112 27.7158 -1.04897
607 4.99352 14.5775 2.67748
608 6.6824 37.1227 2.17292
609 25.056 34.7051 -0.25419
610 37.1089 25.5298 1.20194
611 39.946 22.1426 -0.13186
612 21.3082 10.9595 -3.84691
613 25.5557 13.2818 0.0877052
614 0.567512 9.25672 -1.771
615 30.5332 9.55252 1.2947
616 31.4825 11.7466 -1.04101
617 25.2739 28.8523 2.62501
618 31.7377 2.05833 3.60251
619 23.7428 33.3266 -2.24076
620 31.9734 30.2755 -3.85472
621 31.8814 12.0782 -0.168376
622 12.3224 37.942 -2.87244
623 22.8821 13.5136 0.986489
624 33.0752 37.2677 -2.00637
625 17.5275 6.07531 -4.77886
626 7.32677 37.1762 2.30053
627 7.30796 34.4239 0.882988
628 25.0642 11.1816 -0.681201
629 31.7328 39.4922 2.31261
630 32.0647 27.7515 -2.51026
631 29.9719 36.0293 -2.31299
632 28.338 30.6875 0.625964
633 32.6526 26.1175 4.25253
634 36.5385 34.9205 2.86519
635 27.5189 26.281 -0.298976
636 22.6731 10.7786 0.869308
637 0.277348 22.4484 2.27185
638 39.6399 24.4379 -1.12937
639 32.4323 5.70474 2.33325
640 4.69353 18.4223 1.14226
641 21.8148 38.9057 0.811867
642 15.2 1.70905 2.82008
643 24.7419 26.9405 -0.122919
644 14.05 6.39359 -3.67504
645 1.44493 7.81496 3.68102
646 10.7314 13.68 -1.52678
647 12.0554 16.1758 -3.89175
648 36.303 35.6645 -2.17565
649 24.5293 27.685 -0.873284
650 27.1996 12.1209 0.200117
651 27.9983 19.8323 -1.0235
652 0.478947 38.9234 0.000267446
653 16.072 38.0251 -2.41724
654 19.2189 11.9006 -0.927624
655 32.5536 36.0069 -3.8514
656 12.1108 14.2078 2.54872
657 20.9883 3.73802 3.54501
658 7.98162 27.6019 -1.66434
659 28.1083 1.95997 0.791207
660 28.8825 13.0009 0.657332
661 39.609 15.5689 2.63683
662 26.006 30.1633 -1.15907
663 17.8911 20.5661 3.06672
664 32.6141 17.8816 -3.93502
665 31.9614 38.8897 -1.56442
666 32.0909 2.85128 -1.92856
667 36.9161 32.52 -1.63818
668 5.19818 33.5927 2.23584
669 14.5806 28.214 1.18606
670 38.5101 21.9562 3.24158
671 23.7606 35.1128 -2.0101
672 14.5566 25.848 2.62198
673 35.9855 8.66691 -0.572579
674 14.0624 19.4566 1.10834
675 31.4109 15.3071 -0.927143
676 31.2248 39.5219 1.93239
677 32.3788 14.4238 3.34521
678 28.1383 37.8041 2.7527
679 23.4908 16.359 -0.0389037
680 12.6128 21.4673 -0.404492
681 12.9815 38.0921 -0.480472
682 32.1379 37.5185 -0.762219
683 34.262 18.9883 -0.422045
684 5.77228 34.3497 1.7556
685 24.0183 28.9148 -0.678955
686 0.751906 0.471639 2.45815
687 25.8296 9.72492 0.179501
688 34.0103 1.24224 -2.77205
689 12.0964 37.5819 -3.29144
690 17.0044 30.1929 -1.28054
691 11.8256 33.062 -3.01542
692 22.7598 14.0536 4.63747
693 36.427 15.9296 1.79305
694 24.5443 33.6309 1.20675
695 14.8128 33.269 -1.10394
696 33.3141 27.7245 -4.50692
697 26.2973 10.119 3.65488
698 36.3878 11.3827 3.30078
699 21.0745 16.4628 -2.06785
700 3.71054 1.3175 -0.877906
701 26.8904 2.50478 -2.26153
702 2.30128 39.4097 2.39222
703 30.8379 14.9662 -3.933
704 27.8794 30.354 1.13758
705 4.90748 37.8458 2.01082
706 35.3101 31.2324 1.72867
707 15.3166 6.65792 -2.47427
708 26.2681 16.6518 -1.9522
709 23.9178 5.41859 1.12606
710 21.7772 25.3909 -2.69009
711 30.4507 31.0049 -1.41549
712 29.0488 14.9938 1.05067
713 36.828 10.1115 -3.53525
714 22.2295 28.1759 -2.14495
715 38.104 5.09802 -1.36963
716 25.5878 32.2537 -2.33605
717 16.0316 24.2718 -2.30686
718 11.4304 31.5649 -1.372
719 12.197 36.4239 3.28841
720 15.785 23.7514 -1.69782
721 30.5799 33.8013 -0.689239
722 5.19005 5.54621 -1.06012
723 16.7047 37.6705 -2.28413
724 10.8814 5.29968 -2.19122
725 28.1134 4.74965 0.38283
726 8.56326 29.8762 -1.18176
727 3.92432 32.6019 0.422282
728 1.54346 7.48491 0.829839
729 22.9199 0.215967 -4.05185
730 19.4913 14.2768 -2.28807
731 30.6359 17.4878 -0.538574
732 24.1259 36.6455 0.396981
733 36.0438 26.8816 -1.7172
734 25.0162 17.2345 -0.266578
735 17.7721 21.1002 2.93731
736 24.6926 26.0346 -1.19531
737 33.2111 27.2443 1.65504
738 14.6262 6.46571 -3.00587
739 11.0353 29.8055 4.00848
740 35.1736 20.5299 -0.718274
741 4.24227 33.8034 -0.393434
742 22.595 15.1058 1.45534
743 17.3876 23.9526 2.86415
744 31.4991 28.2959 -1.51149
745 15.3074 29.5815 -2.07087
746 16.9554 18.5707 0.110665
747 16.8006 21.4788 -1.76456
748 12.6964 27.8602 -1.22561
749 4.65762 6.08063 -2.30915
750 7.52495 31.1234 -0.430903
751 8.6836 37.8681 -0.594987
752 36.1719 14.5747 2.9748
753 7.0178 23.4961 0.119914
754 32.187 18.0355 -2.11863
755 22.1263 9.84288 -3.23932
756 30.9476 6.84426 -0.367106
757 16.6281 21.8272 -3.07697
758 32.5142 28.4032 -2.20335
759 9.14599 31.342 -0.281501
760 29.6161 38.437 2.47787
761 14.733 11.251 -0.492194
762 23.4787 28.5315 0.456485
763 15.1985 6.06318 -1.36772
764 26.7165 2.96634 -3.08188
765 28.3413 27.17 -2.05262
766 9.04018 12.923 -2.98418
767 34.6405 17.493 0.546912
768 8.61979 11.3477 3.56347
769 21.5641 31.7276 3.23361
770 13.1343 26.8433 -0.994408
771 37.848 20.8626 1.36045
772 16.4599 33.5427 -0.418932
773 29.4846 29.7631 -2.56911
774 36.3797 38.3459 -0.277863
775 21.1446 17.8898 2.29102
776 9.95571 22.5779 1.96969
777 38.0543 21.5618 2.71099
778 28.243 22.3253 -2.58041
779 18.5019 1.36645 -3.58317
780 1.73993 6.50616 2.9557
781 29.8046 0.121228 3.55592
782 10.6424 3.74718 3.94925
783 18.7174 11.2127 -1.90021
784 29.912 0.784868 2.66184
785 25.6361 19.6805 1.33761
786 9.17905 28.9167 2.43101
787 27.6998 1.04305 3.71365
788 1.56831 32.2713 2.30636
789 0.0772575 13.9143 1.60362
790 11.2846 32.753 -2.40977
791 19.4222 15.6801 -3.78223
792 9.96196 31.4329 1.2286
793 19.4928 37.517 -1.70347
794 19.4861 23.0444 -0.730056
795 9.62484 8.98126 0.281922
796 17.6299 26.7567 -4.3542
797 6.12409 31.8018 -1.66747
798 25.0293 6.68908 1.19732
799 23.0742 37.6746 -0.391055
800 29.2198 8.97871 -1.73499
801 21.8175 12.3182 4.42039
802 35.078 9.61683 0.875305
803 7.54594 0.814404 1.72702
804 1.73636 14.5809 -2.13764
805 36.8627 20.4819 -0.111164
806 10.4196 21.3069 0.628587
807 22.8988 3.97407 -0.580034
808 26.2211 20.7005 -4.04407
809 17.1113 12.0219 -0.256286
810 17.1062 36.8126 -2.43014
811 10.5942 31.2034 0.880688
812 11.8172 34.2051 -2.75085
813 37.8384 4.61675 0.457837
814 28.9328 33.1272 2.51207
815 31.3119 22.5401 -4.26971
816 15.4914 33.3359 -4.1481
817 16.4693 33.9685 -3.07984
818 9.61919 11.823 1.27187
819 23.6345 4.44215 2.31182
820 34.5671 38.2893 -2.4992
821 11.7039 9.38283 -2.03735
822 9.41726 8.53566 0.303434
823 35.8168 3.44684 2.20251
824 37.2054 15.2174 2.45236
825 33.7341 27.2572 -0.811346
826 39.9021 15.3738 2.55586
827 37.1454 15.2288 2.63919
828 25.8947 10.7834 0.837544
829 16.392 34.1683 -2.94723
830 12.3389 21.8306 0.298922
831 12.1424 34.4738 -1.77625
832 32.0394 27.923 -2.3596
833 16.1773 17.0818 -0.666912
834 19.8988 9.02773 -0.37818
835 6.41461 30.4681 -2.81372
836 20.9438 32.3611 -1.60427
837 35.9445 26.8104 0.989287
838 28.6492 11.8641 2.84387
839 1.02915 23.6344 -0.415559
840 26.2069 14.7182 -3.82118
841 31.8568 38.9909 4.073
842 26.8859 30.5476 0.374157
843 14.4659 0.453756 1.07047
844 8.1828 12.4444 2.85567
845 2.69649 27.6659 -0.64465
846 15.3961 36.2864 -3.60534
847 1.46377 22.3256 -1.92247
848 23.389 16.6389 -0.177815
849 13.0506 20.7161 -0.913761
850 5.53208 34.1756 1.4574
851 0.543375 36.8214 -3.82438
852 26.5079 30.0659 -0.396355
853 27.0191 23.7557 -0.410213
854 0.884045 32.3242 -1.35113
855 17.1538 1.91804 2.40222
856 17.8892 34.1073 -2.48386
857 8.87049 21.8101 0.881632
858 1.71122 25.902 0.177566
859 20.6628 39.5539 -0.739648
860 28.4753 21.1104 -0.567655
861 38.8655 14.6353 -0.65141
862 1.26839 35.8675 -2.47717
863 11.5578 15.6589 0.807556
864 26.4856 12.2984 0.945558
865 27.6065 29.8919 -1.81767
866 27.5264 39.0985 0.71687
867 15.9214 0.441812 0.178134
868 32.7022 25.2324 -2.805
869 38.1349 15.0922 0.783278
870 9.44282 3.95782 0.488655
871 20.2164 22.6914 1.39927
872 30.855 24.3053 0.54824
873 18.865 21.2865 2.64138
874 31.2603 10.7824 2.33317
875 38.1398 12.2818 -0.364012
876 2.23392 6.32209 0.178414
877 1.88864 0.972306 1.0454
878 0.0232263 35.9825 1.81228
879 4.4972 35.6714 -0.186892
880 39.9066 21.4821 3.43049
881 6.39809 25.6616 -1.45787
882 21.8755 7.64665 -1.20704
883 2.88081 26.4215 0.599323
884 13.0916 19.0679 0.891557
885 12.2977 11.5105 -3.41171
886 14.884 28.132 -1.14028
887 34.6109 18.3218 1.20813
888 38.9469 29.7648 -2.14476
889 8.07335 11.2824 3.12766
890 22.4134 14.8663 1.95408
891 19.9808 20.1276 -1.82258
892 27.6034 2.86967 1.41447
893 27.4813 29.5911 -0.350637
894 32.404 33.5364 0.550396
895 35.1294 21.7504 -2.88708
896 17.599 36.5801 0.0135927
897 1.28479 12.6801 -2.58342
898 18.4056 17.5179 -0.465774
899 8.91146 27.2306 0.0128925
900 15.5407 5.63171 4.23292
901 3.4674 38.1719 0.742515
902 37.8215 28.5315 -2.85967
903 5.55689 35.4029 0.661899
904 22.511 2.12113 0.208488
905 22.9689 35.4085 -3.37789
906 26.3813 23.5734 -0.736855
907 20.116 30.7198 -3.10203
908 29.446 34.1869 -3.36108
909 18.9723 9.16798 1.33683
910 35.7036 19.9976 1.43052
911 32.8366 26.3854 1.0722
912 21.6731 24.8449 -3.16599
913 1.52118 26.3088 0.00526312
914 6.91877 24.7472 -2.14209
915 37.8565 35.7561 -0.737354
916 25.388 18.3768 1.4801
917 4.61552 30.7243 -1.71813
918 5.35878 33.8858 2.83535
919 31.857 16.871 -2.08027
920 2.15754 18.5917 2.75348
921 34.5363 22.4701 1.09536
922 24.5592 14.0312 1.72728
923 10.2413 28.9649 3.00142
924 28.046 38.4929 -1.55919
925 17.9078 39.9539 -1.75432
926 26.9686 36.3715 1.49891
927 7.85101 33.3261 2.27594
928 34.4217 4.2718 2.27285
929 34.1087 28.3325 4.49604
930 13.9955 9.0681 -0.591009
931 20.0773 19.569 -2.94787
932 9.11863 27.3356 3.40721
933 13.0615 6.33257 -2.30493
934 29.6886 30.0207 -1.07967
935 5.65777 6.57911 -2.2576
936 8.94447 22.7632 -1.40417
937 14.2769 39.3992 0.429509
938 20.192 22.1244 -0.401758
939 25.0565 9.39508 -1.71353
940 17.5337 19.9339 0.405902
941 22.2318 21.0986 1.17796
942 3.45688 7.43063 2.77022
943 12.7955 1.77908 -2.52724
944 39.2612 29.6952 -1.40207
945 5.88307 1.22176 -0.999263
946 20.6164 22.3237 2.71684
947 23.2907 4.1797 2.64989
948 10.6857 37.6501 -1.25307
949 5.58744 10.0171 1.74022
950 33.0684 23.1864 -0.753203
951 20.3155 8.2941 -1.12586
952 12.1211 18.6168 1.581
953 35.8879 13.572 1.13894
954 3.73072 1.3008 -0.438629
955 39.1285 9.42919 -3.56634
956 32.2429 7.28909 -3.375
957 32.0156 16.3272 0.242052
958 3.74589 33.9957 1.33399
959 27.3498 33.9324 1.19301
960 4.90183 4.9882 -1.23368
961 4.69437 31.72 -2.00474
962 11.4148 31.2387 -1.16571
963 17.7307 32.3969 0.811391
964 7.27908 10.387 -0.867903
965 0.498125 30.4356 2.13309
966 15.2248 19.2126 -0.124537
967 23.0696 0.112053 1.39761
968 34.8576 26.7552 1.46639
969 12.3875 39.8555 -2.57126
970 24.343 38.6674 -1.07689
971 32.0631 14.1484 1.44786
972 12.6088 19.5824 -2.65403
973 9.64754 22.8754 -0.610044
974 28.6584 15.562 2.20313
975 13.6948 27.3719 0.581097
976 4.29765 2.34674 0.013024
977 4.27641 38.8567 -2.0963
978 14.4713 23.102 1.49929
979 6.06006 33.2521 2.39663
980 38.056 14.8542 -0.29083
981 6.37141 12.3362 2.97876
982 39.4766 1.934 -1.17515
983 22.2363 13.4205 4.1893
984 12.9316 34.2989 2.02885
985 7.03117 21.981 -1.81031
986 29.9131 15.3081 -2.86061
987 7.99651 8.81394 0.69589
988 4.18884 31.1485 -1.06313
989 17.3057 32.3187 0.826015
990 27.0092 16.4512 -1.23561
991 12.1447 24.2523 0.738365
992 1.20673 14.6571 -2.96943
993 12.4415 19.4772 -1.39449
994 26.7207 19.5471 -1.22504
995 8.39139 19.6648 -4.36426
996 35.3088 19.5248 2.37996
997 35.1668 14.4513 -2.48566
998 37.4505 0.545041 -2.8914
999 33.3396 27.8135 -1.10117
