1000
Particles
0 37.6417 35.5119 -2.18105
1 30.5627 19.7162 -1.25707
2 20.3119 4.36634 -2.57036
3 9.81681 36.2924 -0.0392689
4 16.6688 22.1743 0.75443
5 22.5379 7.3088 -3.78102
6 29.2545 3.87759 3.09315
7 31.5943 20.0323 -3.60986
8 6.17835 31.005 3.87469
9 28.7629 19.6197 0.621156
10 26.4569 33.2218 3.87831
11 39.1154 35.4102 3.23994
12 32.9323 28.0945 -0.687769
13 1.86605 9.11307 -1.62433
14 29.1518 17.52 -0.079571
15 26.2053 29.3402 -3.03411
16 22.9379 33.5739 -3.20473
17 31.9603 11.1181 -1.16589
18 35.2158 13.6759 -0.938166
19 15.0208 20.3924 -0.664114
20 8.07689 11.2986 -1.55305
21 37.9557 4.36555 0.449141
22 39.1482 19.4319 -0.31138
23 30.1586 18.7922 -1.16825
24 36.7128 8.22151 1.88262
25 1.40388 35.1956 -1.939
26 18.327 31.3161 0.662116
27 12.1723 18.525 -1.30706
28 3.99793 31.4406 -3.91333
29 31.8479 9.84294 3.08443
30 20.0798 21.4252 2.03038
31 14.5582 18.3131 1.68235
32 19.6219 7.43742 -1.28443
33 8.11788 39.8826 2.05601
34 27.6567 15.0365 0.0375141
35 24.0054 39.1428 -4.49412
36 18.364 0.736238 -2.3195
37 37.7624 24.5059 -1.50939
38 34.208 39.7285 0.398314
39 28.2486 14.6357 -1.63723
40 33.7536 35.8603 -0.594982
41 15.7855 13.4507 -1.19033
42 36.9099 17.7496 -0.360421
43 26.8958 37.9064 -0.535789
44 24.7396 25.877 2.67789
45 4.55686 27.185 -2.38027
46 2.35862 7.44655 2.28884
47 35.6714 5.65812 1.38116
48 2.8849 36.6462 -0.813302
49 7.86617 32.207 2.36601
50 37.3162 1.47912 -0.980664
51 18.0223 0.305888 1.07656
52 33.4407 13.2686 2.48524
53 14.1461 5.99215 -0.450372
54 34.1435 28.1566 1.56677
55 36.1719 19.0533 1.26467
56 25.2471 7.51941 -2.84124
57 1.64586 30.945 -0.783842
58 38.4499 24.1549 -1.45813
59 2.09809 35.2322 1.04941
60 6.53502 27.8053 -0.148
61 15.7416 27.3297 -1.20967
62 35.8553 39.3663 -1.29269
63 11.0324 13.8582 -0.687628
64 38.0403 27.0429 1.20091
65 13.3535 37.3657 0.937125
66 11.0032 15.4687 1.46062
67 26.2146 20.4707 2.97971
68 9.03463 5.00479 1.63821
69 12.1455 3.76919 -1.99064
70 6.46061 35.211 0.617359
71 16.1424 9.9714 0.306514
72 9.75292 13.9943 0.727844
73 24.7636 26.9548 1.09759
74 6.62462 1.96819 0.696471
75 2.4081 34.3454 2.15174
76 18.3999 7.93451 -1.53729
77 7.17338 28.8574 1.33244
78 39.7618 29.9402 -3.02016
79 36.5366 3.61801 -1.45942
80 35.5012 5.64153 -1.15543
81 39.295 25.4814 -2.95349
82 12.8733 11.6633 -4.34203
83 16.5501 27.531 -1.32672
84 17.3065 15.364 1.97972
85 0.923014 20.0825 -2.92682
86 18.0099 6.23113 -0.283242
87 23.3559 37.0452 -3.86902
88 3.6006 0.37086 -2.81333
89 4.08351 0.147911 -0.89585
90 37.5644 33.1479 -0.904747
91 20.1626 18.1487 1.09238
92 15.0667 22.1747 -3.0971
93 18.0317 9.24961 -0.834169
94 16.499 17.4281 2.85717
95 17.3982 0.731294 -1.40236
96 10.9109 29.5787 2.96532
97 23.6568 35.1641 -4.41599
98 1.0393 22.0628 4.2961
99 10.871 1.98638 2.48246
100 27.4764 19.6509 3.00113
101 20.5888 27.0629 -1.06051
102 19.4175 32.27 0.165109
103 9.84514 3.30426 -1.29886
104 23.9014 6.23738 -3.18684
105 20.1473 28.2859 1.58158
106 31.4912 10.3795 3.47627
107 15.6783 23.1463 -0.828005
108 24.745 8.16467 -4.08964
109 39.4455 37.2029 -0.512174
110 13.7304 0.285979 2.76963
111 1.09485 32.2525 4.29431
112 32.174 36.6965 -2.40741
113 0.299245 21.6775 -2.88478
114 1.43744 25.1484 -0.374735
115 30.6485 24.978 2.31783
116 24.1797 27.7119 4.66777
117 24.8819 32.6967 1.2256
118 22.4504 0.770358 -0.227395
119 32.5506 18.5503 -0.377685
120 31.1819 26.9392 -3.25282
121 26.9403 14.9388 -2.28657
122 38.0681 17.451 1.26008
123 6.40077 27.9821 2.76464
124 16.521 39.3845 1.66859
125 27.4192 0.0546205 0.129908
126 28.593 22.2322 0.493709
127 36.8691 5.00591 -2.29989
128 36.4599 10.1163 4.73169
129 3.05771 11.9935 -0.159833
130 34.939 4.79154 -3.33308
131 35.9904 25.5903 -1.59515
132 20.069 39.6926 2.42164
133 34.2067 31.0701 -3.31527
134 4.46847 30.5565 -0.623142
135 12.0373 7.35577 -1.779
136 25.8548 7.61826 -2.21294
137 29.7245 31.4827 -0.505126
138 11.958 23.6819 1.74863
139 15.0863 39.2801 -3.20448
140 22.9737 33.2748 -2.02984
141 31.9986 27.693 -2.71394
142 24.5336 2.96371 2.85587
143 17.1955 26.3374 0.875916
144 2.27791 23.1476 2.76218
145 28.6932 18.2217 -2.45965
146 31.4939 9.2008 3.37662
147 37.8571 2.01117 -0.277899
148 37.3094 11.3129 -1.37347
149 16.0399 25.0253 -0.775515
150 19.3435 14.7856 2.83346
151 35.5464 38.2174 -0.0779396
152 19.587 12.2889 2.55169
153 19.9109 3.14566 0.292223
154 28.4168 37.9024 -0.0687387
155 34.3348 27.0155 2.47459
156 36.8853 26.394 -1.44305
157 14.1266 14.6183 -1.36537
158 17.9393 32.0267 1.43255
159 16.3684 27.1662 0.0884555
160 5.19078 14.1201 0.88096
161 11.2341 21.121 3.70713
162 26.6234 31.3766 -1.25718
163 6.25007 5.39328 -1.0307
164 14.4419 2.90814 -0.994881
165 25.072 7.66551 -0.606943
166 34.3742 8.67106 -1.71639
167 12.3666 36.8479 -0.436131
168 1.14337 21.5977 -4.0858
169 39.3208 33.1362 0.913726
170 2.24064 36.447 1.46231
171 23.6237 38.017 -3.05218
172 39.8759 17.9327 -1.92988
173 23.6245 36.1048 -3.67766
174 16.2234 35.3235 -3.63164
175 39.4541 6.70543 2.35825
176 19.3727 21.5307 -1.37501
177 11.277 7.77498 -2.54508
178 24.8456 16.3767 2.86603
179 29.1575 9.58794 -0.0513051
180 16.297 9.87217 0.14907
181 37.5332 28.4925 4.80136
182 22.3041 12.9742 1.14081
183 4.31068 22.8453 3.11165
184 32.1109 0.4496 -0.89376
185 10.5416 11.6431 1.92928
186 23.0541 39.9856 -0.280069
187 9.18 38.7231 -3.4369
188 20.2004 18.2477 3.91475
189 9.06885 26.6225 -0.401517
190 24.031 22.4304 -0.392368
191 13.0671 29.9889 -3.49763
192 37.8036 4.6687 1.28361
193 30.6452 18.2033 -1.89621
194 16.9589 27.5786 -0.877451
195 9.80778 19.1288 -0.831138
196 28.451 37.2856 0.0838148
197 16.6326 35.0258 -1.04094
198 29.155 17.2062 -2.60142
199 10.2492 10.6257 0.231504
200 32.4293 36.6428 0.152771
201 34.3663 18.4227 -2.2116
202 14.0645 19.7443 -3.03601
203 26.136 17.2693 0.031425
204 31.1751 29.9669 1.24724
205 35.69 31.1094 -2.3388
206 16.4325 4.48098 1.08031
207 38.0732 33.2232 -0.0540569
208 35.0219 22.4396 -4.178
209 7.68112 32.0679 0.491256
210 8.24253 24.9142 -0.552765
211 39.7264 21.6281 -3.73753
212 35.2945 31.2757 -2.0082
213 0.404769 6.77107 3.25552
214 30.5442 22.7478 2.26237
215 35.0028 24.7979 -0.696964
216 28.7252 22.7631 1.62547
217 7.4745 9.59919 -0.554896
218 13.9376 16.7035 0.127163
219 23.3591 39.4075 -1.30232
220 13.0388 6.03246 0.030827
221 19.8966 10.0916 -3.61031
222 39.0099 32.5421 2.72128
223 17.9199 27.7318 -1.46573
224 2.87071 26.5227 2.30261
225 33.1231 8.57576 0.620486
226 0.134884 20.567 -2.90572
227 3.70197 8.77383 -2.93007
228 19.9337 5.64342 -1.86297
229 36.8817 19.6948 3.46592
230 30.4615 7.36907 -2.47792
231 16.4407 23.1326 -0.196367
232 33.7948 6.62674 -2.38963
233 37.7558 12.0192 -0.3945
234 7.886 37.9402 1.96897
235 39.3568 8.27164 1.11382
236 10.4012 36.5876 -1.74951
237 13.3224 28.8672 -0.264361
238 9.3479 11.2874 -2.26671
239 34.4189 13.1662 1.80223
240 21.9229 21.4905 -1.60315
241 13.4601 31.7809 -1.50018
242 37.0979 7.5145 0.538681
243 24.0463 0.201219 -3.74356
244 36.2044 19.019 0.232679
245 20.9273 0.386361 3.46591
246 31.9446 5.61396 0.0979294
247 7.30958 0.00574292 1.83027
248 4.40172 25.8391 0.720107
249 17.1857 33.7571 -2.45764
250 13.6823 2.8168 -3.19084
251 37.3713 6.43118 2.91544
252 32.7704 17.1072 3.63174
253 32.1589 13.3662 -2.86656
254 38.1978 1.41024 -0.172019
255 26.9572 25.5624 -0.038723
256 3.31175 6.12757 0.46383
257 28.7603 17.025 -1.00137
258 33.0744 34.3138 -2.16895
259 35.6524 15.0462 -0.581464
260 3.4004 8.94151 -1.5807
261 25.3046 22.8775 -1.70505
262 26.9184 33.542 2.74682
263 36.4156 4.55649 -3.17366
264 6.65188 25.6412 4.16998
265 1.46337 23.3844 0.51697
266 37.314 13.3049 -0.561261
267 0.664181 23.9262 -0.853134
268 4.92194 26.9563 -4.32973
269 23.4977 36.5648 -2.83615
270 1.93258 11.2983 -2.99274
271 31.6656 9.43377 2.76437
272 20.5325 18.5901 3.77374
273 24.6045 34.5934 -4.18018
274 10.3721 7.47475 1.338
275 5.66467 25.6063 1.85858
276 27.0349 17.3789 -0.636789
277 9.97826 20.513 -0.858044
278 3.47719 11.2189 0.262942
279 4.7627 25.6422 0.417195
280 4.55366 25.1212 3.85552
281 23.3499 14.1199 -3.36967
282 14.2977 20.2681 0.137377
283 20.008 35.8065 1.78667
284 25.3233 21.6186 1.31017
285 0.79081 36.9217 -2.63805
286 34.6894 5.06737 1.94188
287 9.97973 18.8841 -0.372855
288 2.56421 38.5981 -0.187859
289 12.6585 29.8705 -0.749721
290 36.0144 24.9769 -0.344201
291 14.5966 10.4481 1.40113
292 0.177731 20.0103 -4.3047
293 2.43617 5.72967 2.5739
294 32.3131 27.4117 -3.07854
295 16.8713 9.52934 0.218554
296 25.901 28.6063 -0.988014
297 0.888868 25.1849 -1.55234
298 26.524 36.9033 0.290688
299 18.9486 26.1226 1.53417
300 24.0154 6.4018 -2.39782
301 31.597 25.3568 -0.195389
302 18.7934 37.9883 1.06118
303 7.92533 29.2688 0.450146
304 10.7044 25.1155 2.04075
305 4.28175 22.8134 3.76725
306 31.2734 14.6743 -2.35571
307 13.1078 13.4706 -1.11361
308 6.2073 17.7023 1.17773
309 13.2464 32.8887 -0.842787
310 15.4635 22.1662 -1.36627
311 23.0474 5.02212 -2.24465
312 35.1898 0.81953 2.60666
313 28.4704 39.7641 -3.09051
314 16.7497 4.46334 2.76999
315 38.7659 33.128 1.92468
316 39.1545 36.1699 1.80228
317 26.848 28.1635 -2.0373
318 23.1264 22.5456 1.82804
319 2.59753 37.4032 -2.24226
320 3.1854 23.3778 3.12703
321 28.8732 3.76672 2.27331
322 5.20413 36.5681 1.91106
323 18.3694 33.5379 1.56341
324 27.4367 15.4353 -0.603807
325 8.35179 30.3786 -1.84437
326 3.48053 14.1141 2.35526
327 24.0514 35.6227 -1.47497
328 15.6979 26.88 0.161383
329 7.6379 19.3408 0.192914
330 4.73077 13.7233 3.53953
331 12.2347 37.395 -1.33037
332 33.5664 13.0524 2.4613
333 24.125 15.2998 4.02257
334 18.1227 7.64026 -1.20138
335 8.71325 0.133103 -0.710146
336 16.6857 37.023 -1.27338
337 7.94151 15.1218 2.21941
338 14.4618 28.2311 -2.19566
339 0.166078 33.4491 0.227325
340 4.16825 25.3535 3.99173
341 31.5692 28.719 -3.41593
342 11.364 13.4174 -0.957096
343 12.7472 13.2218 -0.435709
344 11.8345 1.18261 4.43459
345 31.8094 27.5946 -1.96536
346 20.3282 6.06144 -0.513662
347 4.17182 37.1621 2.31332
348 8.24383 19.4362 2.57293
349 16.9224 16.6644 1.96704
350 6.12128 17.96 2.02158
351 10.8091 21.7472 2.6004
352 26.8846 24.949 0.23994
353 27.2105 6.45284 -1.60102
354 35.127 38.652 0.354762
355 17.7929 17.7696 1.85635
356 28.8248 32.1303 -2.76693
357 11.5779 26.6372 0.261126
358 12.6893 15.9647 -4.86639
359 35.8 26.4604 0.202912
360 28.5826 23.9052 -2.52468
361 30.4052 30.4194 1.43419
362 0.286148 22.7945 -0.7177
363 37.3136 11.8374 -0.499687
364 5.79492 16.6956 1.00691
365 9.7364 37.2948 0.987034
366 15.3848 7.19765 2.24194
367 9.85707 0.264222 1.77979
368 21.7517 2.89232 0.778014
369 15.4191 34.818 -2.55951
370 20.8823 27.6965 0.66898
371 21.497 17.5336 -2.88054
372 25.9296 24.8716 2.46944
373 14.5818 12.5021 -0.557612
374 10.4619 18.4497 -3.1678
375 13.3285 11.246 -3.81608
376 1.54428 27.0325 1.05058
377 1.81678 6.41611 -0.164405
378 11.4989 3.37839 -3.42886
379 34.2111 27.927 -1.2085
380 35.2793 30.9603 -1.99133
381 13.2449 35.88 -1.26672
382 3.6799 19.7557 -1.10646
383 19.4799 33.3378 0.0246306
384 29.3978 6.20129 3.63992
385 15.8233 16.0225 3.29279
386 23.7205 6.40979 -1.32283
387 5.20589 5.60153 2.2894
388 32.6802 22.3086 -0.998171
389 2.63876 5.22714 0.351949
390 34.9899 24.6901 -1.71194
391 16.0897 13.2707 -1.41243
392 22.5244 29.397 0.724883
393 19.9943 4.94781 -2.99249
394 27.7069 36.9787 1.1483
395 35.727 17.6667 -0.515026
396 1.95483 6.01304 1.8472
397 3.44385 2.38745 2.99822
398 0.266645 31.6436 -1.13303
399 37.2808 21.3471 0.577894
400 0.597611 39.9687 -3.80755
401 23.8392 33.9032 -1.71509
402 35.5161 10.3418 3.21711
403 0.874705 24.0487 -1.22735
404 24.7384 27.2801 3.19516
405 2.26589 23.7523 1.14713
406 22.3501 1.79605 1.60941
407 37.6193 3.19517 -3.17805
408 8.32414 13.3665 -2.95902
409 13.4267 4.94213 -2.04517
410 24.597 24.2939 3.26148
411 15.0609 21.4982 -2.53218
412 1.5812 5.56174 -0.400449
413 13.0708 12.078 -2.2089
414 3.27485 17.5682 3.47472
415 12.9687 28.7395 -3.1521
416 21.4434 35.2643 1.67791
417 1.58177 4.87657 2.41408
418 26.6619 24.5748 1.98037
419 24.0188 6.64804 -1.82267
420 21.1353 0.465314 2.44464
421 7.16172 18.7272 0.907381
422 9.63804 9.85207 0.69768
423 27.5543 6.59693 -3.59934
424 27.2269 20.2193 -0.0453806
425 19.5565 2.44688 0.106047
426 10.6948 20.8468 3.34524
427 16.9 17.1146 2.78235
428 3.0769 6.98749 3.53275
429 3.00802 8.97296 -2.43055
430 21.4458 17.0339 -3.72942
431 5.08035 8.61898 2.99551
432 19.0481 31.9741 0.739092
433 27.9616 26.5002 -0.0950001
434 4.28901 24.1637 -0.531039
435 27.9706 37.1719 -1.49902
436 0.0428723 24.3299 -1.96351
437 12.3309 35.6352 -2.35944
438 5.8612 20.4899 -3.13356
439 33.2075 21.53 -0.56833
440 26.2251 7.05574 -2.22094
441 12.6396 2.72041 0.70108
442 14.4133 28.1883 -1.41385
443 21.2099 16.1686 -0.554751
444 11.1167 16.3669 1.43614
445 9.84343 23.9581 3.08389
446 19.7816 5.94226 -3.14866
447 2.7681 7.46878 3.47936
448 30.8298 27.9712 2.72665
449 15.5553 17.9805 1.85843
450 8.79809 20.1455 1.62789
451 35.968 10.5511 -1.68415
452 13.7912 12.9608 -2.98863
453 7.12172 29.6391 -2.04052
454 35.4494 6.18459 -2.01376
455 31.1508 6.46821 -1.36307
456 8.85486 5.30719 0.756999
457 24.7101 20.3255 1.65981
458 35.3492 18.5607 -1.60705
459 9.0894 5.31158 -0.363547
460 9.1252 3.92938 -0.397841
461 10.5488 0.344602 -1.94528
462 25.8364 18.0841 -0.286424
463 2.87407 31.5818 -1.45355
464 30.052 18.9397 -3.48213
465 29.4029 19.2447 -1.00428
466 31.0256 19.8734 -0.813339
467 9.19827 37.1821 0.301389
468 29.2166 31.8749 -3.52251
469 17.3044 32.8692 -2.51977
470 10.9136 14.0495 -1.30122
471 36.1352 18.5641 2.61282
472 12.3635 10.8506 -0.156089
473 14.0283 2.21166 -1.00307
474 7.66502 38.3796 2.06128
475 32.2408 7.46725 -1.32709
476 19.0064 27.5996 -1.71305
477 15.3456 33.9489 -2.77559
478 31.3701 22.0564 1.55585
479 1.49867 27.1138 0.0918111
480 32.9184 19.9856 1.35545
481 27.2165 38.1206 -2.48356
482 5.73719 33.8064 -0.00446744
483 11.1296 31.0762 -1.39313
484 12.0532 35.597 -2.30512
485 8.39344 39.8845 0.620484
486 15.3661 30.8547 1.62458
487 30.2337 29.8377 -0.0356517
488 36.252 7.82489 3.38669
489 18.208 3.37885 -1.59122
490 8.18838 39.9696 0.0423476
491 14.7943 8.57825 0.380131
492 19.6498 2.18464 0.108213
493 4.17653 26.0955 0.455474
494 8.17501 19.4683 0.202887
495 34.8432 14.1159 0.0275711
496 30.3845 22.2844 0.178359
497 1.09674 26.0479 -0.679365
498 16.5335 16.6177 0.243779
499 10.6148 19.3628 -1.01664
500 7.43846 16.6484 0.933918
501 26.8494 12.8466 -2.46724
502 36.519 6.98016 1.57641
503 15.6335 30.4031 4.41006
504 36.8191 33.2766 0.440798
505 8.37559 39.6386 2.47075
506 30.1768 26.44 0.864209
507 21.2949 13.4268 1.69057
508 0.254372 23.6874 -1.1879
509 26.2399 38.6802 -1.78171
510 32.9893 0.00944714 -0.397723
511 24.1832 32.0784 3.38562
512 37.1794 31.1769 4.38383
513 15.6902 33.0774 2.3801
514 13.4349 26.7899 -1.44665
515 14.2192 17.027 -1.30281
516 23.1526 38.4389 -3.00859
517 16.6077 14.6103 -1.60131
518 14.3755 11.8694 -3.93002
519 15.2526 17.2445 0.49806
520 36.8377 10.5475 -3.08129
521 36.3972 25.6699 -2.68217
522 20.8249 17.8501 4.15933
523 11.727 19.6435 0.0175161
524 4.77587 24.2597 0.960238
525 6.56533 12.711 4.42769
526 2.23224 23.4946 1.61029
527 15.085 6.33716 1.63437
528 21.5669 0.96883 0.899416
529 30.5118 8.32506 -3.86276
530 33.7282 8.61668 -2.07442
531 27.3841 10.2896 3.19117
532 19.3503 38.3183 1.27067
533 23.308 27.925 2.93245
534 13.0317 28.3046 -3.14548
535 4.88966 5.5758 4.51799
536 31.2582 18.895 -1.04609
537 0.733892 19.9226 4.43366
538 0.795485 0.35823 -0.472335
539 0.488514 4.64111 0.511551
540 29.0171 25.3672 -0.996995
541 27.1735 20.6348 1.78201
542 38.4747 31.5541 2.85297
543 8.47986 12.3443 -0.426702
544 5.48847 4.48762 4.15163
545 18.769 22.8707 0.265841
546 1.09414 33.4833 -0.471911
547 7.45806 17.8703 0.944687
548 38.9261 32.9062 2.75582
549 2.46345 23.5262 1.12707
550 6.88719 32.908 -0.595534
551 20.6662 20.0296 1.08338
552 0.696947 5.36605 0.949518
553 18.1362 25.925 0.661854
554 18.7818 6.38741 -1.04009
555 37.3801 16.2912 2.81958
556 31.5607 22.887 1.62863
557 9.02757 24.9692 0.530935
558 36.9088 3.38073 -1.81179
559 28.9845 31.4564 -0.925574
560 28.6317 24.9733 0.197312
561 9.17736 21.7757 2.82226
562 5.06721 26.7184 -2.21775
563 4.68561 16.2797 -0.620651
564 13.4044 23.3461 3.11751
565 0.489459 18.4802 -1.84176
566 18.3093 32.8039 2.59759
567 33.9121 14.4492 2.05485
568 1.23692 10.1123 0.692625
569 2.00989 20.5689 -0.267614
570 6.57292 29.3862 -1.56499
571 16.3547 12.9212 -0.347989
572 38.4847 31.4602 3.36137
573 23.1433 37.582 -3.40226
574 11.4373 22.5808 1.92773
575 19.8329 21.4633 -0.350301
576 0.587181 3.08104 -1.35852
577 22.2001 30.5936 1.15187
578 7.69729 37.904 1.9085
579 5.17502 8.96471 3.81683
580 8.06888 29.0203 -1.07196
581 7.41823 30.9661 1.33314
582 28.9548 28.1109 0.18643
583 22.6192 39.7392 -3.18786
584 35.7748 12.0013 -4.6443
585 6.41458 21.0721 -2.00444
586 23.4223 18.4428 0.135651
587 30.1154 31.413 -2.92984
588 18.5517 32.7065 1.81611
589 28.9743 18.1436 -2.47424
590 3.15238 5.01696 0.33614
591 1.11786 23.3957 0.908321
592 34.8496 28.0319 2.11382
593 14.9068 23.5067 -3.9804
594 4.74971 4.47863 2.70691
595 23.9098 18.0221 0.339453
596 37.6957 34.7186 -0.981925
597 28.0193 9.69997 1.09064
598 34.3617 12.2534 1.4477
599 13.559 32.2793 -0.921165
600 8.14102 39.6609 1.72293
601 18.6711 35.6579 1.44344
602 6.90261 18.9069 0.733009
603 16.3796 17.2342 1.46841
604 30.4217 23.296 1.13629
605 8.77168 36.8746 0.363226
606 0.0161395 30.1067 0.0558954
607 2.85483 7.47367 4.06799
608 3.12492 5.534 1.42831
609 26.6098 38.4527 -0.713356
610 32.6693 23.7012 3.11866
611 39.3086 23.5103 -2.26214
612 20.834 10.2105 -0.719369
613 22.4734 12.7486 -0.796273
614 0.0824423 6.40861 -0.586934
615 31.6751 12.1324 0.859424
616 34.8767 13.1738 -1.05955
617 23.1419 33.5717 -2.8218
618 3.10468 0.0943477 1.16117
619 27.5448 35.2999 0.327544
620 35.2094 36.2673 0.653728
621 24.6872 15.8315 3.81199
622 12.6344 3.10691 2.17839
623 18.458 9.09642 -3.03577
624 31.3316 5.8164 -3.06293
625 19.6057 8.48577 0.506689
626 8.01284 39.1224 -0.0704894
627 3.24124 33.4721 -0.482906
628 19.1337 9.5188 -1.78675
629 26.4573 0.772606 -3.04202
630 32.4214 32.0588 -0.754653
631 28.2171 35.5518 -2.41352
632 31.051 29.9999 1.48383
633 38.5286 20.6447 0.990222
634 39.1181 7.04813 -0.96755
635 24.5493 29.3656 0.764494
636 20.4711 3.43019 0.154015
637 1.04713 23.2256 -1.01441
638 34.3143 23.3652 -0.268554
639 32.8339 9.3087 0.967256
640 6.29143 19.2153 0.392542
641 24.1536 4.5446 -1.83501
642 18.1153 38.4589 2.1002
643 27.9727 27.3254 -3.21498
644 11.8056 4.30078 -3.55323
645 4.66769 13.1213 2.65149
646 8.4455 6.31976 0.120385
647 12.267 16.5422 -4.02444
648 35.8767 35.2519 -0.892687
649 20.7887 22.3123 3.67842
650 30.2438 13.6276 -2.38816
651 24.3743 20.5749 0.925134
652 4.86237 38.7937 0.0622033
653 11.9125 2.97821 3.2126
654 19.8726 15.7034 4.13405
655 33.4907 32.9788 1.31693
656 10.6391 11.8486 2.3014
657 23.3924 6.98156 -4.79227
658 8.94767 28.9373 -2.55213
659 34.79 37.6958 -1.1163
660 26.0962 13.0535 -1.51602
661 37.4317 19.2919 1.81331
662 33.782 31.2628 -0.280143
663 15.4957 22.9881 -2.98735
664 28.9044 13.9747 1.4365
665 35.9911 0.53004 1.03691
666 27.092 37.0248 -0.139973
667 0.271342 33.8103 2.15134
668 11.6076 33.3587 -4.19776
669 14.1446 25.7218 0.00529685
670 38.5239 28.5972 -2.39727
671 28.136 38.032 -0.267008
672 14.1471 31.7635 -0.200073
673 35.2056 3.72913 1.90884
674 11.7983 21.0237 3.42683
675 31.0948 14.8231 -1.44163
676 30.1483 37.1115 3.38755
677 29.9978 17.9115 -1.20248
678 31.9551 0.787941 -1.72251
679 20.3837 21.7475 1.29273
680 16.668 29.0095 0.876931
681 9.17346 38.897 4.57821
682 33.1099 34.3728 -0.470285
683 28.6883 24.0112 -0.528674
684 10.1654 37.9627 -2.12254
685 26.0038 25.7292 -1.74408
686 38.9928 3.17935 2.08869
687 22.6737 10.7984 2.02478
688 31.386 5.24228 -3.20715
689 12.8875 2.23973 1.27683
690 18.6633 27.9251 -1.82981
691 16.8571 30.2448 -1.04768
692 25.8625 14.0336 -3.16674
693 37.9215 18.6035 1.40693
694 30.1583 30.051 1.16446
695 17.4957 27.4365 -0.342634
696 32.376 26.8745 -0.740073
697 31.5229 7.10873 -1.46924
698 35.2363 12.9473 2.03173
699 23.3788 22.0605 1.54791
700 1.92134 5.43372 2.89517
701 26.0688 0.774395 -3.25716
702 37.8549 7.19256 0.825515
703 37.3395 16.7941 -4.2104
704 27.8849 30.8117 -1.72031
705 2.84178 34.7584 1.75389
706 34.5423 35.421 -0.543482
707 10.4276 9.48322 0.978062
708 27.4012 15.5727 0.294972
709 24.7572 7.72503 -3.96581
710 16.531 29.1438 -2.66597
711 33.0699 26.8781 -0.652951
712 26.3747 13.6661 -2.01593
713 33.659 13.4909 0.539042
714 27.9479 28.8511 1.34052
715 39.2464 4.65913 -0.177209
716 18.047 33.6587 -2.22205
717 17.5594 27.7405 -0.392156
718 12.94 28.6495 -2.48623
719 9.35794 36.3402 -0.630018
720 14.5534 27.2617 -1.54699
721 29.7967 33.1339 -1.04425
722 37.6837 2.99559 -2.89098
723 20.0303 0.312918 1.19962
724 16.1158 1.5306 0.165488
725 27.2572 2.51364 3.70675
726 7.65486 29.9521 -1.49969
727 4.25153 26.7224 3.61623
728 1.4592 11.0267 0.150783
729 20.4438 37.7074 0.192378
730 19.2403 7.12339 1.29927
731 31.6081 21.8194 0.422862
732 25.9998 35.3548 -0.361987
733 33.6357 24.14 -3.1548
734 23.9704 8.09211 -3.89588
735 18.6772 20.2377 2.65126
736 20.211 31.2709 0.233946
737 31.9796 32.395 2.281
738 16.4477 9.45135 -1.72808
739 12.8829 28.5668 -1.48225
740 3.13926 18.1539 2.74896
741 11.1848 34.485 0.369797
742 24.3854 13.2107 3.51329
743 24.5755 23.0432 -2.34233
744 33.7958 21.7368 -1.69365
745 17.6428 33.7802 -3.66062
746 14.2191 10.6933 -2.16631
747 14.8303 27.32 2.71628
748 14.4148 25.4619 0.958975
749 2.02753 5.60206 2.07546
750 3.0928 31.606 -2.20561
751 9.01125 0.569582 -1.34904
752 36.5354 16.8929 0.252789
753 8.49102 23.8977 -2.30484
754 27.5693 23.3176 2.5123
755 23.7515 6.79518 4.49949
756 0.885444 5.27214 -0.821836
757 13.7689 22.8138 1.16943
758 35.7593 22.5969 -0.948306
759 9.48213 29.4737 -1.35143
760 37.256 38.327 -0.652798
761 13.0095 19.5039 2.66395
762 24.2691 27.1286 1.82652
763 14.8647 0.85842 0.89781
764 25.9175 3.01719 1.52636
765 29.573 27.7893 -0.840453
766 8.31626 16.8542 0.497709
767 34.0749 13.8979 1.16011
768 7.63097 17.9192 0.742924
769 19.1826 26.2798 1.73027
770 9.47021 25.6423 -2.79742
771 3.14828 20.8279 -1.33335
772 15.6897 35.0115 -1.26559
773 35.9723 30.5755 -1.73984
774 37.6754 39.6737 2.36115
775 15.3718 9.31793 -2.29305
776 11.2238 21.4637 2.22586
777 3.87338 22.9027 1.5353
778 32.1377 25.766 -3.4075
779 18.6262 39.6439 -1.06034
780 1.35011 2.46176 -2.3396
781 31.7041 4.51862 -0.572019
782 11.8514 6.18792 0.22285
783 14.5251 7.12209 1.85591
784 29.1435 0.657152 -4.88515
785 26.3665 15.7302 0.836487
786 7.114 23.7102 -1.86331
787 34.2394 39.0755 2.83409
788 3.77603 34.6921 0.0381791
789 38.592 14.121 -3.16334
790 9.93808 30.2071 -3.69984
791 15.2798 17.9775 -0.0706342
792 10.7681 28.3192 -1.29066
793 26.9348 1.78174 0.38292
794 24.429 26.2081 3.08921
795 7.99683 9.59913 -0.663461
796 16.5824 27.6773 -1.09267
797 3.00383 30.6991 1.39813
798 27.2205 9.06342 0.603329
799 21.6062 2.88808 0.886584
800 28.979 9.45317 0.303608
801 22.4224 13.9059 -2.27514
802 33.7007 18.7716 3.3742
803 9.45142 3.8752 1.90895
804 5.25568 18.012 2.89768
805 6.77948 22.7717 -3.20538
806 14.4569 27.026 1.75388
807 23.2687 6.71525 -2.83084
808 22.7699 22.296 -1.49698
809 22.6145 8.61458 -1.91854
810 17.1277 37.9223 4.1007
811 10.9858 26.2177 0.222847
812 9.10941 39.5333 -3.77397
813 3.73875 8.43643 -1.96044
814 27.2302 38.7181 -0.822282
815 35.1115 19.2851 -1.86689
816 19.6671 37.3917 1.02692
817 16.8656 38.1077 1.34716
818 6.84604 16.7024 1.11426
819 25.242 2.84684 -0.353786
820 37.5065 2.90427 -2.04984
821 15.448 7.87194 -1.42306
822 7.16081 5.60219 -1.13609
823 27.7978 0.141089 -0.115243
824 36.9943 18.873 2.70808
825 36.6586 28.3162 2.6356
826 3.71069 16.2256 -0.62541
827 37.8683 14.6776 -3.62378
828 19.5051 18.3149 3.05293
829 17.7586 32.9652 3.69055
830 13.0601 25.2206 -2.11683
831 10.4126 36.9752 -2.65521
832 30.4175 30.5286 -0.675963
833 12.1384 12.571 -2.46961
834 20.1073 7.15867 0.666592
835 3.82666 26.69 1.8724
836 24.0529 27.8146 2.68089
837 32.4324 27.899 -1.53185
838 19.766 3.30231 -2.56414
839 4.27097 23.5061 0.654472
840 24.5821 11.4733 2.03082
841 30.9099 32.7918 -2.29628
842 17.2214 30.5265 -3.27382
843 11.0528 1.71292 1.88351
844 7.84141 23.0784 -1.14728
845 2.24238 25.6431 2.70803
846 15.2786 34.5642 2.03951
847 2.64316 23.1375 1.76527
848 23.5685 22.4989 0.212188
849 14.8103 14.7367 -0.928713
850 1.23362 32.6386 3.4927
851 2.29456 37.6337 -2.3848
852 26.101 29.6735 -3.15022
853 26.729 25.3374 2.48591
854 0.475376 32.0824 0.521248
855 17.3622 0.180424 -2.4189
856 15.6354 36.323 3.56432
857 12.599 18.279 -0.203248
858 4.49948 25.1266 -0.278071
859 13.4356 36.5867 0.728968
860 39.3784 20.44 -2.76397
861 4.73409 17.5981 2.76552
862 1.60755 34.0352 0.219479
863 12.8403 11.8025 -0.892487
864 26.0014 7.42922 0.180517
865 30.9386 29.3415 0.199606
866 25.8587 2.05765 0.8538
867 23.6933 35.8332 -4.22178
868 30.802 25.7693 1.07872
869 39.0429 16.3387 -0.679256
870 1.57647 6.30494 -0.872619
871 19.262 22.6353 1.06469
872 27.3308 24.4146 -0.0755078
873 16.7522 21.279 3.19063
874 36.8385 12.5291 -3.1004
875 34.7886 12.6013 2.48598
876 1.58422 13.4912 -0.20776
877 38.4536 2.64705 -3.1715
878 5.0506 38.4417 2.02327
879 4.01007 32.095 -1.48648
880 1.8664 20.6294 1.14962
881 4.28689 24.0868 1.3243
882 24.9986 1.95786 -0.865392
883 35.9863 24.1161 -1.78312
884 8.82956 18.3727 -2.78632
885 10.2146 11.7161 1.63394
886 15.3489 22.586 -0.949537
887 0.0589464 23.0646 -2.83392
888 38.3031 25.6501 -2.09033
889 5.22931 10.7826 2.41683
890 17.6046 15.6317 1.11672
891 20.341 21.259 0.472485
892 19.7892 3.74688 -0.281291
893 31.3828 27.9398 -1.40081
894 34.5351 30.7615 -1.18845
895 32.7393 16.8737 1.97838
896 19.1283 3.86504 -3.21569
897 36.8703 11.0638 -2.10133
898 19.1879 18.6832 2.39316
899 7.32031 23.1158 -3.04349
900 14.7332 7.97408 -1.29385
901 0.538798 39.0121 1.10624
902 39.4907 32.8738 0.220616
903 7.62147 34.832 -2.71342
904 19.8052 1.72745 0.0945095
905 25.5092 32.4459 3.48408
906 25.1741 22.5028 -1.75547
907 16.5002 30.0659 -1.22161
908 34.0697 31.0045 -1.84309
909 17.8814 6.69277 -2.54825
910 30.5687 19.8677 -0.725414
911 31.4055 26.7016 -1.44793
912 25.5603 22.3224 -0.545799
913 38.3955 25.6495 0.600998
914 2.34622 24.5512 0.271181
915 36.5182 34.3742 0.414933
916 24.0332 17.5798 -1.63331
917 7.05592 28.1395 4.42425
918 2.4175 5.66204 0.122839
919 29.7851 16.9387 -0.635221
920 9.7427 21.1518 -2.65691
921 30.6339 19.0553 -1.55573
922 22.7953 14.4234 0.346743
923 13.2671 28.3668 -1.53617
924 29.7102 31.9794 -1.25611
925 18.561 38.3086 1.131
926 27.3806 35.9815 -0.798407
927 5.84756 31.3745 3.73182
928 34.2622 2.24032 -2.27428
929 38.4665 31.8407 1.44691
930 12.0834 5.79956 -1.84056
931 13.3635 18.8686 4.1328
932 4.28403 22.7611 1.50689
933 14.6231 5.0311 -0.758412
934 28.5592 27.3092 -3.13074
935 5.1936 6.70246 0.485988
936 14.6312 22.3826 -0.922183
937 11.7566 0.605154 1.82082
938 23.248 22.9564 1.75433
939 21.7993 6.04574 -0.727709
940 19.4438 18.4152 2.67521
941 18.4851 16.778 0.577682
942 6.96672 13.2207 1.43022
943 10.4842 5.15621 -1.3199
944 1.78157 34.3151 -0.699263
945 7.97746 0.390948 2.73025
946 19.7867 22.5768 1.5144
947 20.4263 3.50268 -1.10422
948 13.0771 3.31686 1.54428
949 4.31921 13.5953 3.91593
950 35.4391 25.6875 1.18819
951 14.9223 6.40622 1.82194
952 15.3566 14.3033 -1.0854
953 29.7977 17.2445 0.256108
954 5.38639 39.4402 0.916233
955 38.4869 8.83203 2.713
956 29.9126 9.68441 -1.02868
957 31.104 21.9339 -0.0353406
958 5.57197 34.0925 0.837437
959 26.7464 38.3389 -2.47776
960 5.37913 38.812 0.483425
961 1.84778 24.4472 -0.445595
962 13.4218 31.8483 -1.50756
963 18.1256 38.0566 2.88983
964 2.46602 5.98554 0.184993
965 35.405 22.6763 -3.60813
966 11.4817 19.4452 -1.25872
967 21.4324 39.5466 3.48526
968 31.1235 24.7758 3.39902
969 14.2154 4.45896 -1.33586
970 28.1129 34.7313 -2.70792
971 29.168 15.11 0.911036
972 12.9979 18.879 4.3038
973 11.7373 24.1626 0.756543
974 29.83 15.8145 1.06141
975 15.4569 21.9259 -2.74884
976 2.54137 6.04906 3.28778
977 5.31215 37.3788 0.957289
978 13.9039 27.4058 -0.11305
979 2.53659 37.9231 -0.274682
980 36.6736 14.5414 -2.9082
981 9.16029 20.184 -3.80497
982 34.476 7.58807 -1.55626
983 26.3955 14.5049 -2.70326
984 9.90395 37.0588 -0.270778
985 8.45035 23.5921 -4.1752
986 23.3611 12.9396 -1.64555
987 8.24066 11.0509 -4.11639
988 39.4454 24.779 -2.23271
989 24.739 33.0188 3.29657
990 21.6722 17.0521 -2.5413
991 8.98183 26.2893 -2.92507
992 39.5349 16.0146 -0.903158
993 13.7116 22.6602 4.5866
994 20.8623 24.0965 1.2158
995 14.2518 22.8054 -2.40529
996 30.3694 18.7501 -0.883809
997 37.5317 18.1216 2.84292
998 37.8686 35.9183 3.4589
999 33.3967 21.1875 -3.09041
