1000
Particles
0 4.8813 34.3168 -1.91568
1 29.552 29.2851 -1.30131
2 14.6314 10.3548 2.8408
3 11.6889 4.85818 1.44477
4 21.4332 24.3162 -1.81216
5 10.7716 17.1576 -2.69808
6 32.5401 4.46393 3.28993
7 30.3938 16.9342 3.93493
8 7.57672 15.491 -1.81283
9 1.28588 20.7876 3.79953
10 22.3119 1.84302 -2.11408
11 10.1246 34.6641 -1.63415
12 29.5999 28.5048 -3.08801
13 20.9376 1.74914 1.86286
14 18.7747 30.5521 2.70195
15 17.5095 31.1763 -4.06592
16 23.6425 36.6447 1.49292
17 0.234129 21.2635 1.96682
18 37.3449 13.9694 3.67811
19 14.6361 29.9529 4.05189
20 4.00991 8.40129 -0.863457
21 6.3419 5.71147 0.906643
22 2.75819 4.26716 -3.19144
23 37.9997 22.7543 -1.30268
24 37.9655 0.616465 -2.5149
25 37.4016 36.1281 -2.03109
26 23.4063 32.6554 -3.74959
27 12.8101 7.87487 1.29586
28 17.2248 38.8943 -2.24184
29 27.6322 4.7607 2.27736
30 10.3271 15.4832 -2.53285
31 10.4888 13.2578 1.25117
32 27.8704 0.393285 2.09126
33 9.3457 32.6871 0.296324
34 23.954 36.7183 -0.0518422
35 23.2362 28.6501 3.01277
36 19.8014 9.78709 3.06651
37 31.6812 33.9598 -0.730721
38 37.7735 4.51661 -2.53506
39 0.0942592 21.1718 -2.51979
40 0.351143 33.3952 -2.17028
41 9.84355 9.98105 -2.89662
42 34.4438 17.4931 -1.40316
43 22.4276 21.5003 2.06102
44 18.3074 27.4615 -1.70835
45 38.1789 17.4304 1.91738
46 1.2688 5.65149 -0.889997
47 25.4439 15.1563 4.19752
48 1.84034 0.929055 -4.2559
49 5.24109 0.435414 4.37444
50 4.50167 34.8166 -0.859774
51 23.5077 6.74831 4.00135
52 31.4864 11.2174 0.686308
53 16.016 4.67664 -2.565
54 27.7709 8.16201 0.764413
55 10.6389 13.5024 1.84501
56 8.77338 12.1655 -1.73675
57 9.43159 35.842 1.75536
58 37.0131 22.3072 -0.822794
59 5.56475 32.593 -0.325614
60 7.91156 30.1587 -1.31025
61 22.6772 36.4836 1.90975
62 36.9656 5.15973 2.75213
63 11.6974 15.2207 -2.08541
64 34.107 30.6722 -1.47672
65 9.76176 1.55587 2.62074
66 3.47157 19.5341 -0.447851
67 18.1839 24.7416 2.40504
68 37.6473 7.50458 3.57064
69 9.35975 36.3205 -0.803228
70 11.0388 39.8931 -2.40676
71 14.1775 14.9136 -1.20351
72 9.4009 8.94322 -0.62296
73 19.281 33.5034 -0.597756
74 11.0739 4.16298 0.711399
75 24.1358 33.2356 -2.86181
76 31.1551 3.03878 -0.400846
77 11.7519 28.5261 -1.00902
78 39.9227 26.6144 -3.30251
79 5.73796 1.45589 1.4308
80 37.09 15.1633 0.784153
81 11.5192 36.2475 3.44024
82 17.9544 14.4874 2.48122
83 14.9944 29.6125 1.50871
84 22.2405 6.55242 3.8723
85 1.88458 17.5975 -2.73698
86 18.1267 13.7038 -4.40613
87 24.7011 35.2049 -0.369025
88 11.1594 3.80037 3.83295
89 9.62579 3.66616 -0.92019
90 39.3536 29.141 -0.338492
91 24.2325 14.3925 3.1022
92 16.9299 28.6845 -2.22607
93 9.46692 1.20167 0.0826718
94 16.4691 25.489 -1.74128
95 20.7349 4.72393 0.209207
96 7.69592 39.1247 2.49508
97 22.6322 0.550977 -4.19026
98 5.15321 21.2234 -3.03216
99 13.0169 4.35093 1.82751
100 38.6549 17.8157 0.915831
101 11.0303 20.8243 2.15121
102 29.0068 0.098593 0.48651
103 17.6093 2.56799 -0.112591
104 18.025 10.8565 -1.04302
105 15.6717 39.9686 -0.440715
106 32.5854 23.7654 3.92962
107 15.9127 24.372 2.44641
108 37.8018 18.1338 -0.36322
109 39.7388 28.811 -0.528868
110 39.5501 30.1172 1.43559
111 32.4112 1.38452 1.11184
112 36.0395 5.53858 0.225178
113 36.9102 35.5802 0.214349
114 32.3203 21.3526 -0.411167
115 22.9734 16.2361 1.3703
116 17.4739 32.99 -0.47407
117 25.954 30.6523 1.24555
118 21.3112 1.65259 3.24339
119 32.9085 8.80005 0.864599
120 25.8934 30.4644 0.182676
121 15.3028 19.4126 -2.09787
122 25.7771 31.7578 2.00468
123 13.904 27.4835 1.11982
124 17.8641 1.76216 0.779105
125 20.9611 8.55826 2.11012
126 30.1398 34.8599 -0.804558
127 34.5391 6.90542 0.0269325
128 25.5806 3.01566 -0.789634
129 36.451 16.0715 1.19137
130 21.154 14.0115 2.95496
131 17.9461 28.3751 0.841565
132 17.4294 39.6264 0.333315
133 38.4561 0.252039 2.52316
134 9.58784 36.3641 2.51502
135 15.909 1.85728 1.34075
136 29.2104 4.79658 0.0831912
137 30.8254 19.0009 -0.824688
138 5.45707 16.027 -0.430071
139 14.6595 34.1211 -4.61584
140 29.3812 4.83248 1.20074
141 26.6975 1.75663 3.98725
142 19.5995 14.3313 1.78429
143 18.9636 21.5546 -1.50206
144 32.7722 27.87 1.18468
145 23.1066 29.5 1.27493
146 3.85085 14.1002 0.586293
147 33.7202 27.3224 -0.653991
148 28.747 6.19802 3.81045
149 13.9755 13.1352 3.63395
150 11.3765 26.5625 2.97519
151 26.1235 2.62598 -3.00671
152 23.2878 9.525 1.74878
153 13.487 9.12633 0.74965
154 26.4578 1.49041 2.97479
155 1.06919 23.7801 2.15515
156 0.36134 22.6397 1.76415
157 14.1159 2.74279 -1.61598
158 11.1359 10.02 -2.1381
159 19.5379 31.8764 -0.118267
160 9.64383 26.4412 -0.257034
161 10.6719 21.8545 1.0344
162 26.3286 26.6901 -1.95488
163 13.7058 16.0536 -0.157787
164 22.6523 8.94523 2.81743
165 34.4572 5.48697 -0.223961
166 36.8987 3.0261 -2.62071
167 4.45533 33.7331 -1.53161
168 38.4424 28.3971 1.44928
169 0.0831706 5.53185 2.7984
170 29.3103 36.5685 -3.22549
171 19.2641 30.5292 4.13088
172 9.25669 14.4575 -0.923204
173 31.7366 36.0123 1.31701
174 25.2721 5.38976 0.824088
175 37.7266 13.2012 1.64623
176 28.0581 21.4549 2.69541
177 10.5494 3.38331 -0.228544
178 38.9984 25.9455 1.5564
179 18.9482 12.9482 2.78819
180 21.4552 5.38779 0.75431
181 13.666 30.3832 1.14538
182 17.0376 22.0517 -4.53633
183 38.903 20.2409 0.134712
184 38.9139 39.9285 1.12373
185 13.5539 11.1105 1.12511
186 21.4161 39.8158 -0.752298
187 29.8204 4.79272 0.522443
188 17.4767 11.3609 -2.21659
189 9.26026 17.0953 -1.42216
190 27.1469 19.9518 -0.665327
191 11.351 19.7146 0.897878
192 6.14578 34.4263 2.66055
193 21.4685 30.1894 1.93161
194 21.9674 27.4292 1.84748
195 3.33327 21.1842 -2.89347
196 32.5428 5.565 2.11791
197 10.2993 39.3264 -1.94907
198 32.3054 29.2733 2.38291
199 19.3901 14.014 2.9941
200 33.6179 38.29 -4.04315
201 6.17367 15.5578 -0.64442
202 14.0266 14.6434 -1.27181
203 21.4722 20.2152 -1.86734
204 34.3051 27.5096 -0.378684
205 8.42362 30.6433 -1.57569
206 5.4536 0.930962 4.73178
207 36.5306 2.13546 1.8589
208 34.9165 18.1332 -2.22285
209 0.233649 3.72504 -4.18614
210 28.8548 28.3605 -1.03986
211 28.1781 17.1193 -2.05047
212 29.4191 35.647 1.35196
213 38.5707 38.8855 0.697076
214 31.379 27.4027 2.51508
215 8.09266 15.2142 -2.25624
216 31.5052 30.3353 2.23794
217 14.1272 2.87169 0.334121
218 7.21736 15.3366 -1.14421
219 24.5401 39.4072 -1.61934
220 14.8515 8.35888 0.798654
221 20.846 24.0555 -2.65701
222 37.9952 26.9887 -3.54508
223 12.3578 24.6524 0.512141
224 2.87608 30.1128 -3.48967
225 1.35401 6.54352 2.12149
226 24.7996 20.4079 1.84238
227 8.93314 8.20889 -1.1813
228 18.1789 37.9613 1.37616
229 6.50145 27.5893 -1.22357
230 26.9346 31.3359 -1.87622
231 13.6194 30.2248 1.8737
232 34.2433 35.4577 2.27869
233 28.776 6.57335 2.66441
234 33.8195 6.36894 -2.1915
235 4.70938 14.4337 0.0843401
236 21.9051 8.77777 4.65973
237 17.8521 25.6349 -0.665794
238 11.6946 10.7239 -1.56783
239 37.5208 9.33625 2.90693
240 18.8434 13.7578 3.2588
241 37.1365 23.2276 -0.996518
242 28.7745 7.96961 1.28905
243 28.2978 35.7514 1.49428
244 2.3828 3.9962 -1.71428
245 14.9084 29.9957 2.49273
246 23.3581 5.95402 2.49234
247 5.65961 1.41408 2.34106
248 11.62 25.0584 1.40924
249 9.4985 37.8355 -1.40032
250 24.8896 5.81541 2.83333
251 25.5356 1.79797 -4.01553
252 26.6078 17.1873 0.466741
253 36.8707 12.898 1.47305
254 10.9514 36.9956 -2.249
255 28.7541 15.3729 4.79907
256 1.23097 39.5366 -1.83107
257 24.4217 18.2257 -0.703451
258 29.8686 6.22264 2.65074
259 33.6588 24.3494 -2.80384
260 38.839 6.6382 0.42872
261 34.3496 18.7706 -1.86423
262 26.9934 36.9107 -3.61847
263 1.07699 21.9289 -1.10014
264 12.4403 11.7426 4.36209
265 0.991172 32.7944 3.43216
266 6.81793 16.9283 1.27214
267 6.12542 17.0481 1.37885
268 16.9531 15.6746 -1.91051
269 0.751464 33.4922 -0.921428
270 27.2988 15.1552 -2.65113
271 4.99872 14.8892 0.0804057
272 23.2783 21.3138 0.0744196
273 39.3308 25.2454 -4.20581
274 7.39126 34.4176 1.00596
275 10.4876 33.4507 0.929587
276 27.9668 19.6757 -3.32194
277 2.91937 22.0576 -2.21916
278 2.91427 15.6665 1.40833
279 17.0148 28.2402 -2.17918
280 3.53984 30.0799 -4.34136
281 27.1771 29.7921 3.72166
282 8.92889 16.1053 1.10009
283 27.0114 2.53754 3.54301
284 33.5351 14.5779 1.30319
285 7.5297 39.3835 4.07748
286 33.2541 6.69228 0.839869
287 14.7446 14.6401 0.947804
288 1.25097 5.7391 0.178485
289 6.62556 38.031 -2.05361
290 36.7778 26.5297 3.64512
291 14.0848 6.43815 -3.51706
292 27.6961 20.0884 -2.28453
293 21.5902 8.63559 0.594645
294 30.2275 33.0689 -4.00357
295 16.5038 12.6471 -0.577244
296 22.4589 26.8229 -0.662469
297 39.8656 27.6555 -2.30805
298 21.3529 2.63668 -0.183146
299 15.5436 21.0488 -3.46934
300 16.9666 9.36327 -2.92526
301 27.9982 33.4412 -0.772043
302 28.8244 4.6903 1.13822
303 1.26052 13.7997 -1.61756
304 11.0163 32.6397 0.0403337
305 3.56481 26.4564 -3.00927
306 22.4682 18.1726 1.04089
307 13.8741 14.9703 0.853587
308 10.9985 34.2422 -0.91968
309 22.9324 38.8955 -0.565297
310 11.5763 15.3474 1.22219
311 25.6083 24.1659 3.01794
312 1.58337 27.1471 -1.23658
313 28.4953 5.31746 -0.212259
314 24.8221 0.657534 -0.113215
315 39.6045 35.7162 0.594764
316 26.0525 2.55456 -0.852122
317 18.2008 30.7953 -1.805
318 24.982 32.6782 1.79465
319 6.9468 4.33517 0.33606
320 10.5453 15.7289 -1.37658
321 34.0349 6.88484 -2.31435
322 2.50446 37.8235 2.31738
323 2.84115 33.3758 0.355767
324 23.0792 18.9997 1.41352
325 12.3396 28.4581 2.14159
326 10.1485 3.96343 -1.23592
327 11.0241 34.5401 -0.895935
328 11.5462 30.2517 -2.74599
329 15.2076 21.2265 -2.78041
330 3.13552 8.74258 0.717038
331 22.9009 1.69064 -3.19501
332 34.7242 1.91713 -2.25582
333 31.6377 22.7139 2.1328
334 8.73945 8.3694 -2.87323
335 4.98954 37.1958 -0.0114091
336 22.9963 2.70561 -3.1439
337 11.9774 24.1119 -0.137657
338 23.2402 29.2696 1.80463
339 0.439822 31.9331 -4.19221
340 17.7811 10.6941 -3.06134
341 0.256702 25.9264 -1.64476
342 19.3375 9.25835 2.28456
343 3.28461 15.6749 -2.31595
344 15.6429 3.83785 4.41088
345 1.28681 34.0982 -0.822517
346 15.4792 11.3638 -0.947354
347 8.26057 37.2246 1.30057
348 9.13576 8.81972 0.323219
349 19.5418 23.0118 -1.58537
350 8.44809 16.4802 -1.67574
351 39.6768 26.9061 -3.5817
352 28.8227 17.0892 -1.36568
353 23.1939 13.8226 -1.76762
354 38.4361 35.6287 2.48635
355 14.2964 23.0241 -2.537
356 0.804921 30.9079 2.4075
357 10.6304 4.40826 -4.3287
358 10.6403 13.9763 2.27293
359 24.0418 25.9767 2.3527
360 39.0806 28.7465 -1.42019
361 25.7792 35.5735 -1.41834
362 35.3573 25.9948 2.77229
363 30.7878 12.0159 2.71392
364 14.9969 12.1574 -2.95089
365 39.0725 34.2672 3.86738
366 9.83236 37.659 -1.67867
367 1.65127 1.27038 -3.36277
368 22.4522 8.70554 1.95591
369 17.5227 10.097 -1.26435
370 21.8755 35.8092 -3.32157
371 34.2902 13.5425 1.64854
372 21.0274 25.8151 -3.21127
373 12.3807 20.7402 -0.311991
374 12.8782 14.7415 -1.70815
375 5.91033 12.6884 2.48191
376 35.9499 23.4881 -2.88709
377 31.8037 10.2897 0.0166845
378 20.4761 7.39426 1.58895
379 39.1415 33.8937 -4.17473
380 34.8781 1.64965 0.826741
381 16.2089 38.956 -1.7658
382 2.35374 10.0643 0.53869
383 16.9488 20.4421 -1.2639
384 34.7971 3.88051 -1.5596
385 19.3251 30.5015 1.54013
386 25.5828 14.1782 1.38205
387 1.34341 3.93097 -4.04283
388 30.7879 35.3994 0.111346
389 19.0675 36.3731 1.84372
390 25.1621 7.45833 1.05331
391 11.9262 10.6662 -4.25746
392 22.007 16.0442 2.47963
393 19.1323 1.78951 0.183754
394 30.2376 11.7951 1.71747
395 35.3566 9.79305 -1.34349
396 22.5047 0.547238 -1.70722
397 6.14903 17.8977 -2.69032
398 23.1211 35.454 4.30556
399 29.3192 11.0155 -1.12088
400 0.378282 5.52217 0.733188
401 29.6343 26.8949 -3.20016
402 4.87985 5.76276 -0.564209
403 10.5456 27.0073 -1.49522
404 21.9008 33.9027 0.325112
405 5.9854 19.7645 -1.30881
406 18.0075 6.55317 -0.996758
407 2.56602 8.57438 -2.46643
408 13.6605 6.64773 -2.61867
409 34.8809 5.89674 -0.366182
410 22.017 29.089 2.84933
411 17.4126 39.2112 -1.7962
412 0.256982 5.85198 0.861027
413 0.940734 20.4375 0.663149
414 11.2482 4.96612 3.42851
415 11.7593 24.6123 0.761794
416 39.148 31.5377 -2.36737
417 4.23788 3.38163 3.39207
418 30.0379 24.4162 1.61219
419 28.5567 10.216 -3.14199
420 28.0536 4.82702 2.50532
421 5.1577 14.5896 0.37225
422 9.69839 14.5516 0.422101
423 2.88019 8.55622 -0.00645233
424 22.9153 15.3993 1.94331
425 23.9535 36.9793 2.96352
426 11.1389 10.5364 -1.91177
427 24.1596 29.8496 4.12984
428 12.4254 2.33301 -0.679445
429 34.2192 4.11836 0.587837
430 9.30778 13.6465 -1.43982
431 5.48627 12.4286 2.71282
432 13.3955 34.8605 3.84924
433 24.1478 19.5095 1.97657
434 12.6885 23.6826 -0.802954
435 0.186666 28.3716 -0.250117
436 3.02461 28.4704 0.829868
437 9.32925 2.23595 0.876587
438 0.653666 4.04563 1.17771
439 32.1495 21.4266 0.301417
440 22.0119 8.46352 3.71664
441 21.261 37.0678 2.9331
442 22.5606 7.92517 0.972968
443 14.9985 24.6718 2.98557
444 13.9023 28.6402 0.886798
445 11.252 17.3776 -4.24867
446 23.4292 1.54036 -3.0832
447 10.5005 7.49749 0.119668
448 31.0547 18.9253 -0.554668
449 17.2847 20.1614 -4.5394
450 8.28896 22.1196 -3.28911
451 35.082 19.3693 0.121025
452 11.5309 4.13191 3.86165
453 7.42852 16.1757 -3.28028
454 28.419 9.24586 0.864538
455 22.4202 39.2636 -0.384354
456 17.3693 20.5481 -4.14543
457 25.7088 10.3149 1.44942
458 22.3434 21.6755 2.44026
459 15.828 39.6421 -1.67727
460 10.6022 1.77115 0.151352
461 12.7039 3.24401 -1.70007
462 26.3342 24.5988 1.97208
463 39.8326 31.7118 -0.0290498
464 26.5675 36.5185 2.38168
465 28.8965 7.0746 3.81185
466 33.9573 23.6375 0.366629
467 9.99948 34.7027 -1.48019
468 11.1615 35.3936 -0.153886
469 28.5585 39.8361 -0.285872
470 7.10198 13.2167 -1.641
471 29.6174 28.3001 0.991436
472 15.0016 4.38243 3.62852
473 16.7996 0.686283 2.53613
474 4.40587 39.5354 2.09841
475 31.1004 36.7231 1.88549
476 16.9805 16.3297 -2.30824
477 11.9978 37.037 4.87744
478 31.9466 25.2811 -0.476416
479 38.7154 26.7571 -1.81512
480 3.28157 26.5154 -0.710943
481 30.0239 6.7024 3.83191
482 15.9886 39.7681 -2.11151
483 7.10563 36.2499 0.223571
484 21.4226 0.353456 -1.67825
485 3.46197 1.69993 -1.74906
486 11.6706 23.6148 -0.831913
487 26.5571 26.6608 -1.24801
488 39.7564 10.6838 0.466571
489 21.1719 4.69902 -0.594156
490 38.6946 3.09158 -0.930797
491 18.0577 11.2828 -1.25621
492 18.8928 38.7702 0.208279
493 39.6293 31.6659 -0.582394
494 6.65689 19.3929 -2.92917
495 34.7818 5.70021 -1.21454
496 22.6928 37.0966 -1.9743
497 16.4144 31.3974 0.26041
498 17.5106 9.8771 -2.99743
499 7.88446 16.0211 -1.12891
500 10.4121 5.08072 1.41893
501 34.6161 6.62171 -1.06017
502 9.57616 2.38123 1.31531
503 23.7732 29.9408 2.82656
504 0.74819 3.4765 2.71121
505 10.3643 4.68807 4.25971
506 24.4857 27.63 1.33635
507 18.5589 13.2498 1.64453
508 8.46954 29.7435 0.355508
509 20.8397 38.4608 -1.33449
510 39.2898 6.26546 2.58637
511 23.5775 32.774 -1.82274
512 38.18 25.1005 0.716425
513 13.2746 25.8375 -0.0682861
514 5.83776 37.4412 3.22342
515 12.8567 15.1065 0.20911
516 19.2142 37.1695 -0.538182
517 13.6874 16.9968 0.44519
518 39.2677 38.8793 -0.937491
519 19.0971 24.0144 -4.06259
520 5.02378 11.1386 -3.46157
521 2.60279 1.21485 -2.39291
522 31.0887 19.5933 -2.1704
523 13.0749 15.0486 -1.65291
524 14.7265 24.9503 2.68151
525 12.0663 10.9311 -2.38928
526 17.9164 28.1504 0.823838
527 10.4058 11.2059 3.33791
528 21.6581 6.1204 1.36813
529 32.2309 34.661 -0.376944
530 30.3928 18.3475 0.635823
531 23.445 37.3085 -0.764171
532 22.9411 39.1354 0.508797
533 39.3336 36.3252 -0.327707
534 6.58676 30.5242 -0.373202
535 28.5388 5.13603 1.41081
536 35.4736 11.7048 0.578733
537 4.32051 23.3143 1.06357
538 20.2486 37.9524 -1.74137
539 19.0173 14.1753 3.01385
540 35.1532 21.5011 -2.45408
541 21.292 25.5045 -1.65311
542 30.161 34.995 1.29344
543 8.92327 16.7768 0.663811
544 34.275 29.4496 3.72436
545 0.998968 19.2877 1.40546
546 31.7336 3.36068 -0.217254
547 5.41585 13.4831 2.55768
548 34.7186 37.0389 2.33743
549 0.253211 24.8336 -2.62133
550 38.4511 29.6449 0.658929
551 39.5237 10.9209 2.55697
552 13.3177 39.967 0.828689
553 14.0091 31.0658 2.80262
554 15.3754 7.83266 1.93141
555 34.6787 9.9075 -3.73876
556 1.14091 17.6438 -2.90477
557 16.1296 13.5477 1.5455
558 29.7661 1.8323 -1.06763
559 30.7263 32.6235 -2.71786
560 39.3761 24.2939 -2.81336
561 3.59574 34.2954 0.132991
562 10.0665 26.5654 -1.82611
563 4.47039 11.2835 -4.12977
564 4.58602 25.6551 1.08552
565 11.0121 24.349 2.17905
566 14.4959 0.43299 -3.92523
567 35.3455 18.1701 0.475552
568 39.8515 8.50442 -1.77008
569 29.5611 29.1075 -2.04511
570 4.81621 30.6961 2.44811
571 16.875 9.10515 -0.551245
572 30.0206 24.2357 2.67253
573 17.6058 31.0963 -2.61224
574 8.70455 28.4782 -2.44336
575 8.84001 13.5787 -1.16865
576 6.20584 5.91586 0.448167
577 21.8348 0.301028 0.398396
578 11.5412 35.3045 0.154885
579 12.2241 14.7405 -3.05075
580 6.56255 26.9676 -0.933364
581 3.33719 29.2515 -2.18189
582 15.4539 20.9353 -2.56714
583 22.6256 27.7953 0.304464
584 7.28803 9.73701 0.249564
585 2.20657 21.748 -2.7294
586 25.5503 29.2713 -0.889411
587 30.0891 35.0439 0.405261
588 17.4788 0.522398 0.277219
589 27.236 13.1458 -1.36153
590 7.85731 2.78661 -3.44361
591 16.0731 28.067 -2.56896
592 22.8199 21.0527 2.38586
593 6.40334 21.1529 -0.991139
594 7.78334 2.55741 -1.94649
595 37.1952 25.8864 1.70226
596 0.471635 39.2471 -0.838519
597 27.4093 9.1414 1.5195
598 37.8121 14.1957 3.17118
599 15.2645 2.81155 1.97084
600 1.41049 38.1385 -1.73391
601 21.1771 38.3857 -1.46894
602 19.1456 21.6011 -3.36382
603 23.2415 2.52996 -1.83974
604 28.7007 26.8987 -2.24816
605 21.5644 27.2086 2.03816
606 38.491 30.161 2.6938
607 36.934 11.0419 -1.80541
608 7.2369 2.70531 -2.82786
609 24.238 11.0206 3.0101
610 33.3952 30.0825 1.23305
611 31.2449 28.1948 -1.50645
612 19.1115 8.91443 1.72887
613 18.9488 9.63096 3.07864
614 39.4102 35.5277 1.51406
615 36.3482 4.34661 -3.60098
616 34.3288 18.9203 -0.104057
617 21.4274 31.6802 2.68068
618 5.49596 3.79513 1.35456
619 29.6687 28.9508 -0.8999
620 37.2232 1.69187 1.07537
621 28.6193 21.3878 1.15715
622 25.9368 9.65696 3.10287
623 14.4162 25.0396 2.288
624 6.37886 14.7779 -3.07607
625 10.9578 4.13952 1.77811
626 2.23874 0.167229 -1.30182
627 7.52048 37.0237 2.0886
628 19.4532 9.51725 2.20788
629 28.1141 5.1589 -0.404053
630 3.09441 3.88206 -0.13373
631 32.7446 1.26802 0.746932
632 30.9143 28.0857 -1.21508
633 10.1226 19.9098 -0.0511274
634 2.07473 9.7536 -0.176357
635 30.4879 27.5667 -0.527315
636 17.1507 13.6286 -1.86595
637 11.1964 35.6722 -1.16033
638 24.7843 28.6835 -1.87459
639 28.7462 24.7728 0.890346
640 7.88687 25.052 2.71073
641 34.0091 6.66406 1.51204
642 10.7097 37.6843 -0.465895
643 27.8583 37.0454 -2.10233
644 8.87499 37.5896 1.05169
645 3.02995 6.68127 1.56664
646 17.124 4.05962 3.94374
647 14.6041 7.11432 -0.740133
648 27.162 35.6996 2.84678
649 9.54055 13.0409 -1.15767
650 30.4479 20.6181 1.38639
651 30.2821 25.5487 3.36467
652 4.16728 26.8698 -1.2861
653 7.61417 37.8431 0.772965
654 28.5236 19.5549 -0.119684
655 26.3145 28.6775 -0.866389
656 15.7325 8.92045 0.750765
657 32.2051 8.87683 -1.85347
658 4.6502 26.7297 -1.38318
659 38.6511 6.75223 0.651719
660 26.133 19.9595 0.376829
661 5.17827 19.1597 0.23999
662 35.109 39.9039 0.426783
663 1.83887 17.4472 -1.40968
664 33.174 24.7975 2.71894
665 37.6593 28.5685 0.176064
666 26.8382 2.84623 -4.87108
667 39.3533 26.5972 -3.24645
668 7.1082 36.4924 0.554275
669 3.56909 0.473163 -1.18097
670 33.0288 26.6437 0.986245
671 34.929 39.4624 2.8288
672 21.9361 39.2924 -0.357391
673 3.62786 13.1112 0.262571
674 11.6317 24.978 -0.218235
675 24.282 10.0758 3.39253
676 39.5972 6.5035 0.430563
677 7.32538 16.9534 -1.20084
678 24.4302 1.44713 0.198324
679 19.6092 27.9774 0.172711
680 21.0019 37.7427 1.60622
681 16.373 35.9059 3.22883
682 35.9776 37.4356 -1.99174
683 20.1133 31.7437 1.78179
684 9.81514 24.9207 1.07934
685 29.464 20.1324 2.37349
686 37.7472 30.7329 -0.838392
687 22.4581 19.8203 3.18859
688 17.913 12.2477 -1.03124
689 6.49892 4.98343 1.64086
690 10.5812 4.60825 3.39539
691 13.0749 28.7818 1.2242
692 24.8355 19.3387 0.813649
693 5.26788 25.3153 1.20347
694 23.0823 17.4095 2.10314
695 12.0812 30.2798 -1.15626
696 16.5325 16.6461 -2.11123
697 22.187 38.92 -2.23308
698 7.80803 10.0438 0.279555
699 37.4691 26.148 2.40012
700 7.3275 37.2665 1.74106
701 13.693 4.08065 0.691337
702 7.19954 0.303891 -0.653228
703 2.40931 4.67359 -1.82304
704 27.3067 1.56452 3.69495
705 7.28869 21.54 -1.43438
706 33.0553 37.3693 3.81436
707 23.0954 1.61711 -2.03108
708 38.2753 17.0348 0.112414
709 26.7975 14.9908 -1.77677
710 9.79628 37.3788 -3.3581
711 39.0285 30.6845 -0.890793
712 23.5 26.8204 2.6333
713 35.189 16.6254 -1.04239
714 28.1646 1.02178 1.22689
715 38.6434 25.3418 -0.337988
716 18.8895 33.4216 -2.7259
717 14.8383 30.4159 1.8204
718 2.68781 27.081 -0.47869
719 5.24422 30.1053 1.3169
720 22.4785 18.0136 2.45661
721 20.0985 32.215 0.737834
722 1.19862 5.86453 -1.15484
723 9.06285 36.305 0.177931
724 14.8364 3.05249 0.217966
725 27.8677 0.41752 0.736047
726 0.212267 25.1534 -0.0842568
727 9.6838 15.6446 0.393907
728 2.02812 31.9268 2.56159
729 14.4844 4.46334 2.47057
730 21.7195 12.3569 1.35394
731 37.6785 16.3286 1.45817
732 22.3783 1.65667 -3.31373
733 21.5315 32.2722 0.3605
734 38.2521 6.59893 3.31252
735 14.156 37.9964 1.69779
736 23.1339 29.7437 2.57753
737 5.18236 31.6785 -0.458653
738 22.4261 9.42213 2.00965
739 13.8721 13.8966 -1.20122
740 32.7299 19.4578 1.71968
741 3.63747 26.4446 0.398011
742 10.9546 20.74 1.77098
743 23.5713 22.1516 1.51376
744 31.8734 22.322 2.25888
745 22.771 0.60448 -2.3762
746 23.2759 8.591 2.33736
747 18.8281 28.7262 2.14233
748 12.8154 29.9005 2.74248
749 12.7776 3.62518 -1.17287
750 3.13466 30.1778 -4.39954
751 39.3656 31.6954 0.532892
752 9.07019 26.4593 1.95046
753 23.6004 27.7993 2.74127
754 26.5419 27.3278 0.522988
755 35.3456 5.40285 1.55853
756 14.1209 11.3539 1.34902
757 4.46387 31.3125 -2.41638
758 6.40498 16.5393 1.11406
759 15.3784 27.0687 2.87178
760 3.4766 26.2419 -1.96098
761 5.50396 16.2768 -0.46786
762 22.3832 28.175 -0.939057
763 2.61267 5.84381 1.51651
764 10.4551 18.8971 -1.69824
765 0.916659 18.2513 -1.77686
766 8.74677 11.5445 -1.99165
767 37.4152 8.87304 -0.0470908
768 3.57808 23.4736 3.984
769 12.5684 35.0895 -0.393177
770 5.24489 29.2697 -1.16681
771 12.4833 15.5482 0.520331
772 10.234 32.6033 0.767229
773 33.029 25.6524 3.51113
774 38.2695 29.9852 4.44266
775 13.6257 2.63278 -1.86875
776 10.5347 10.2891 -1.29913
777 36.8292 23.0456 -0.868316
778 35.2548 26.6536 0.701909
779 19.5826 5.63453 3.73939
780 33.8942 7.12989 -2.76671
781 16.1483 37.6497 0.895141
782 3.51509 10.3346 -2.27846
783 13.026 20.9059 0.706744
784 29.7593 2.32158 -1.21769
785 20.2661 18.844 -1.19668
786 7.13137 21.369 -1.25376
787 38.4684 4.5716 -0.785084
788 1.66859 26.2982 -3.64617
789 3.84587 6.20165 -3.66384
790 14.5717 30.4908 -4.74664
791 9.16245 23.1615 2.02507
792 10.0471 21.782 -1.3772
793 14.9813 33.5937 -4.25104
794 21.2961 28.4596 -0.203384
795 1.86888 3.85245 2.48282
796 16.9235 13.2198 1.74914
797 39.1178 38.3933 0.957983
798 34.9096 11.7914 -0.887789
799 27.561 13.8395 0.993353
800 1.38227 13.81 -1.16994
801 17.4496 23.2261 -2.51713
802 32.2381 27.5871 -2.3577
803 15.1255 0.573273 -2.5054
804 1.8926 15.6131 1.47308
805 2.07063 29.721 -0.216935
806 7.86726 34.3309 2.57377
807 27.2764 14.4851 -3.67977
808 13.9768 29.8005 2.5807
809 29.558 26.7331 -0.614599
810 20.585 31.7832 -0.0385907
811 39.9431 20.5432 0.955862
812 12.8149 2.04429 -2.03168
813 4.8693 13.9785 -2.01371
814 28.1637 0.56628 1.24317
815 25.0416 20.7179 0.0874348
816 18.9607 37.0142 0.32977
817 14.6913 34.947 1.7394
818 0.0693855 6.60673 0.769082
819 33.7033 5.25694 1.66912
820 12.4953 38.295 -4.47833
821 14.8953 8.20632 -0.0481573
822 5.13566 32.9796 -3.70126
823 20.3995 2.00001 -0.327545
824 33.3603 13.4986 -1.27457
825 39.7583 2.70949 0.723599
826 4.06465 16.4207 -0.939257
827 37.1592 3.8788 -0.648085
828 17.5747 17.5005 -0.164985
829 12.1818 1.82053 -1.61647
830 12.7334 14.1468 -2.25347
831 23.5718 37.3121 1.29633
832 35.0018 38.2477 -1.35793
833 17.4004 19.9811 3.3853
834 16.1439 5.2502 -4.06754
835 0.278395 29.1872 1.71378
836 19.4595 30.4268 0.753753
837 29.6932 35.0194 -1.72245
838 15.3045 2.80655 2.21772
839 12.0301 10.7581 -1.4439
840 20.6744 14.5004 4.11477
841 24.7696 36.6525 0.608224
842 21.5573 37.9714 2.47389
843 20.4126 1.26581 -0.943407
844 7.18376 26.2379 -0.389786
845 7.22673 34.9664 1.26705
846 6.20705 15.9015 -0.916466
847 0.345384 24.1677 -1.84569
848 20.6969 30.9388 -0.495057
849 22.4536 16.157 2.15599
850 34.6497 33.2018 1.17325
851 2.83045 0.609266 -1.59816
852 32.7846 26.4372 1.70651
853 20.4324 18.2029 1.15261
854 8.62862 36.9192 0.607721
855 8.75063 37.2529 0.809741
856 12.9352 29.2558 2.62414
857 14.1985 35.1629 3.42532
858 27.3219 32.1866 -3.19041
859 6.5893 36.7685 2.32429
860 1.7009 18.0108 -2.91133
861 8.08045 18.4029 0.837513
862 7.33608 23.6815 0.999601
863 11.4826 11.5409 3.42686
864 7.47555 8.94291 1.60284
865 18.127 30.6022 -4.52003
866 30.5587 1.98177 -4.89665
867 24.6315 28.6362 -2.90203
868 34.8683 34.5036 3.08666
869 37.1499 19.2665 -0.184702
870 38.3047 4.69156 -3.19174
871 12.2048 24.1421 -0.973078
872 32.8375 15.8489 -0.694082
873 6.7771 19.3296 -2.82154
874 22.4102 14.1708 -2.02745
875 30.6861 3.87475 -0.74337
876 23.9146 30.1547 2.39294
877 4.4787 16.1566 1.38208
878 37.1462 4.86647 1.24508
879 13.9345 37.6121 -0.142784
880 30.0466 25.126 3.27296
881 10.8889 20.5705 2.10984
882 25.1915 7.21356 0.420066
883 37.986 23.5328 -1.06454
884 33.4323 14.516 -0.857617
885 12.8265 4.82468 -2.12846
886 15.8805 20.5287 -3.14267
887 7.2354 23.2194 2.50571
888 29.2196 33.0888 -3.27973
889 39.3315 9.24733 -4.21365
890 14.0224 7.35323 -1.02995
891 22.0575 30.7822 2.9366
892 25.8565 15.3015 -3.18397
893 34.9929 18.5997 -0.457104
894 23.5546 29.0517 3.21333
895 34.1934 9.42778 -2.73872
896 15.2106 0.508611 -2.13415
897 3.92749 18.476 -0.723408
898 24.2655 21.2155 0.623458
899 14.7917 25.9925 -0.303201
900 14.9589 39.4434 -1.56218
901 0.967786 39.4068 -1.98255
902 0.43331 32.6539 -1.37794
903 23.0438 38.0484 -0.508486
904 19.2847 38.7698 0.0980067
905 34.4696 38.087 -1.90399
906 20.4888 8.38692 0.469829
907 16.2809 24.8183 1.20773
908 28.6572 4.92263 2.28641
909 9.14094 36.9266 0.841162
910 10.8518 22.2334 -0.0570562
911 35.1647 0.146701 -0.320032
912 26.3804 21.4544 2.6227
913 31.7288 34.1025 -0.0347794
914 37.8405 18.1779 -0.248994
915 38.4509 39.6056 0.187279
916 38.398 14.8221 1.02215
917 12.0885 25.3964 -2.22448
918 29.442 7.22373 1.56853
919 18.2554 30.2404 -2.56
920 38.6639 21.1525 2.17556
921 33.0427 18.6131 0.742921
922 23.3489 13.5245 1.52354
923 8.43956 24.5278 -0.200932
924 33.6754 23.0595 1.71553
925 13.3744 16.2594 -2.18558
926 15.2016 9.01319 1.88818
927 38.391 31.6168 0.298395
928 32.5921 0.467277 0.99449
929 11.2009 27.7711 -1.53027
930 6.95092 4.60729 -0.920508
931 15.364 26.8566 0.60154
932 31.4457 19.8324 -3.48266
933 21.8912 38.1382 -2.99833
934 26.6598 14.9539 -2.37764
935 9.88627 7.27409 -0.658502
936 17.8698 22.7041 -2.92639
937 14.6305 3.00322 1.10698
938 11.8534 19.751 -0.414179
939 9.84548 3.03491 -0.631563
940 10.281 19.0958 -3.83072
941 36.6017 22.0316 0.597795
942 6.27981 21.0767 0.616425
943 9.86069 3.40637 -1.95321
944 14.8319 4.28049 2.53618
945 5.6048 12.3236 0.189844
946 13.164 14.0293 -1.32838
947 8.30805 9.95589 -1.17388
948 19.902 2.05073 1.89129
949 6.5509 12.2193 0.664448
950 12.27 30.0785 -2.62736
951 11.463 5.29093 3.94497
952 10.809 20.8266 0.8718
953 36.6765 22.2442 -2.97422
954 12.7165 27.7237 3.04777
955 6.54779 39.7313 -1.67988
956 19.721 13.4883 2.15574
957 36.9264 18.4369 -1.21959
958 39.5202 6.66313 1.15681
959 35.279 18.567 0.453765
960 13.6213 29.5916 1.80663
961 1.74788 28.3794 -1.76965
962 14.2104 31.7627 2.04251
963 8.48902 37.7617 0.74998
964 2.49681 9.31676 0.145771
965 0.725405 29.4298 0.0983574
966 11.8325 14.0288 -3.31362
967 18.5984 36.712 -1.80305
968 38.9097 15.0927 -3.18642
969 19.3685 2.73334 -1.37379
970 15.2706 39.509 -2.40454
971 14.3565 19.6142 -0.29708
972 16.8309 22.3266 -2.05508
973 39.2161 18.8867 2.18195
974 1.01598 27.2041 -0.659534
975 14.4617 22.7155 -1.29677
976 8.36656 16.1619 -1.54142
977 6.51061 4.79 -1.12466
978 7.62841 36.7838 1.20044
979 9.68234 2.16835 -1.27646
980 33.2545 4.31677 2.2277
981 7.2133 23.7082 3.29884
982 1.81541 37.0071 0.412472
983 35.3631 18.0115 -0.530533
984 13.3438 27.7484 -0.54073
985 2.56085 26.669 -2.2629
986 17.9945 23.4647 -3.43046
987 10.0936 10.1235 -2.93276
988 10.8885 20.2178 1.10024
989 22.5122 34.4314 -3.00189
990 23.644 25.1085 2.99349
991 10.1037 16.1466 -0.471842
992 12.8604 3.27882 -0.491621
993 16.3413 8.54578 0.420278
994 21.3712 18.0425 -0.95885
995 22.9204 7.84949 2.54446
996 2.88668 19.4073 1.57635
997 5.82314 16.7667 1.95574
998 0.618725 30.0644 1.46673
999 35.6867 4.36321 -2.76959
