1000
Particles
0 1.32562 2.85356 3.24339
1 31.897 17.7624 -1.37565
2 26.4426 4.07948 1.13468
3 8.60016 38.3896 2.45882
4 8.65537 17.4318 2.29472
5 26.8918 3.61976 -2.20371
6 27.9285 3.86591 4.25033
7 36.134 15.7467 -1.75166
8 3.75916 30.9489 3.96025
9 30.8206 23.1331 3.06267
10 26.0711 29.6316 0.369369
11 6.39235 33.5641 -2.42911
12 38.0903 25.1877 -1.44306
13 39.7005 5.6544 2.73884
14 29.3558 18.4344 -1.57211
15 31.1661 33.0363 -4.73639
16 26.5211 32.7255 -1.53324
17 31.8566 13.8827 -0.784471
18 34.9472 14.2509 -3.67047
19 15.752 18.7303 -1.36163
20 8.13785 11.9559 -0.19324
21 38.5434 38.5568 2.8519
22 38.4293 22.6531 3.74775
23 28.6371 17.6804 -1.98979
24 30.5616 10.3095 -2.02242
25 4.98891 34.8032 -0.882629
26 22.3037 29.9706 -2.83052
27 15.7312 16.8679 0.211881
28 4.98415 31.9055 2.10402
29 31.2902 7.66242 -3.86734
30 21.967 25.4791 -0.729651
31 9.47641 17.9724 1.92234
32 17.0261 9.55873 -1.26384
33 7.80869 2.38969 -1.22122
34 21.5561 17.1592 1.29076
35 27.278 0.0765835 1.37476
36 15.1867 37.8642 0.397686
37 39.0819 23.7326 -1.94072
38 25.1048 37.0792 -4.27339
39 29.4549 17.1687 2.92111
40 32.1297 37.5044 -1.09111
41 17.7971 15.6436 -0.571124
42 30.7441 22.723 3.44384
43 26.6423 35.1705 0.737925
44 20.3973 22.7253 -1.02669
45 7.29742 27.2864 -3.25813
46 2.64938 11.1608 -1.72565
47 35.2762 3.82874 1.1411
48 3.09758 36.2098 -0.319593
49 7.34855 31.0097 -1.55794
50 37.4687 2.1715 -1.09466
51 16.7771 5.74081 -1.0198
52 35.3989 7.61579 0.722768
53 14.383 11.4135 -0.186854
54 38.1403 26.2611 -1.20075
55 39.4641 18.5626 3.29769
56 27.6274 7.77727 2.52614
57 6.47266 33.9818 -2.18519
58 37.6849 16.9824 -1.11821
59 5.25112 32.6186 -0.813822
60 7.86737 26.7742 -2.74447
61 15.8792 26.767 -2.22111
62 30.438 2.62498 -3.65783
63 9.24908 16.0788 0.635996
64 39.7125 27.8878 2.23034
65 15.7826 39.2423 -2.00222
66 9.79861 19.5888 -1.76058
67 21.9879 22.7774 0.758787
68 10.2188 6.88297 0.681543
69 12.912 4.69848 -4.58985
70 7.46564 35.6475 3.14359
71 14.0413 10.5335 -0.744955
72 5.23266 12.1769 -0.375809
73 20.5371 25.8016 0.609006
74 7.64633 38.9852 3.02454
75 3.44991 37.0498 1.96968
76 20.8164 8.97278 2.27787
77 12.9022 25.1647 -1.62667
78 39.4752 30.2487 0.381187
79 35.7224 3.06712 -0.396036
80 34.928 3.80207 -0.638836
81 5.89349 26.7274 -0.492125
82 10.5925 7.83195 1.61719
83 14.4557 21.5946 0.704989
84 22.5263 17.4604 -1.51516
85 0.705839 17.0507 -0.524833
86 20.5576 7.64328 2.9818
87 17.1514 37.7048 -2.75203
88 4.44575 38.088 4.37833
89 8.12163 35.4371 2.46484
90 33.1596 34.1253 -0.823402
91 25.2653 11.6459 1.58029
92 19.4423 18.3537 0.943131
93 18.6837 10.2667 -0.733752
94 13.6431 13.7257 2.9947
95 21.9729 3.17354 -3.43933
96 11.2209 28.9528 0.440551
97 24.2852 31.8374 -0.699695
98 0.267493 21.6426 -0.149293
99 9.16264 32.0562 2.65027
100 32.8501 13.4579 0.630578
101 15.2366 22.1119 1.50624
102 20.0292 31.6933 2.44085
103 13.8978 2.45584 -1.20323
104 27.5623 4.4808 -2.68174
105 24.5136 28.3982 0.0853885
106 38.368 12.2302 -2.97436
107 18.5304 21.6507 -1.45344
108 26.0297 11.3958 -0.305021
109 33.9564 28.6627 2.06948
110 12.0989 37.0286 1.62184
111 8.10811 33.7477 -0.796037
112 32.5022 38.7092 -1.42136
113 32.3708 20.6206 2.04256
114 1.98347 24.8037 -1.55652
115 28.2012 21.1111 3.28212
116 29.4754 27.0246 -4.31243
117 20.4917 29.954 2.67742
118 25.6245 38.491 -1.96888
119 37.1269 17.6735 -1.20094
120 35.5155 31.0497 -3.23158
121 27.1796 12.0824 -0.702742
122 39.0898 9.82406 -2.79251
123 6.44908 22.478 -0.65252
124 15.3929 36.4046 -1.56033
125 25.7771 34.8236 2.20445
126 23.7459 24.1005 1.16836
127 1.02466 1.48954 0.335149
128 32.8935 12.5458 0.653993
129 2.75738 11.7284 -1.96792
130 34.1328 5.45163 2.87661
131 29.055 29.4539 -0.727054
132 22.9566 34.6878 -0.781581
133 31.0611 32.5061 2.56498
134 11.7763 32.4721 -0.904355
135 16.1828 2.84511 -3.05223
136 28.2445 6.72936 0.93085
137 31.0889 36.5347 4.13875
138 11.2434 24.0799 -2.9974
139 15.8632 2.8886 -1.87383
140 15.6312 30.8223 -2.20088
141 36.4923 28.8842 -2.29089
142 27.0056 35.2163 2.91035
143 16.6955 26.6442 -2.44446
144 10.7214 25.8792 -0.0722159
145 28.0518 21.1448 1.09948
146 31.9345 8.93104 -2.51196
147 34.416 37.9278 1.25738
148 38.6518 9.57012 -0.161108
149 16.6665 22.7708 0.217214
150 14.689 11.7295 2.41529
151 37.2621 37.347 -0.332689
152 18.2053 11.1462 -1.46878
153 19.9898 0.6247 1.33827
154 30.2241 32.4116 1.33852
155 30.8479 34.3996 1.01737
156 37.7042 24.6923 -1.27319
157 16.3966 17.4207 0.514519
158 18.99 27.4147 -4.27035
159 14.4832 30.4422 3.21589
160 5.18962 12.9473 0.560423
161 12.2428 20.1208 3.34502
162 26.6444 33.8398 -3.01093
163 9.96376 5.55352 0.574274
164 15.9462 2.01149 -2.77197
165 25.9626 4.86697 -0.810643
166 34.7601 8.19418 1.37904
167 13.4275 2.7442 -0.904225
168 37.3009 22.3738 -0.412603
169 5.06219 35.713 -0.819286
170 39.1617 33.1702 -1.98139
171 20.9022 37.6847 0.698847
172 35.3313 21.4127 -2.62878
173 24.6356 29.2004 -0.176495
174 11.5739 34.59 -3.60847
175 2.40048 11.1162 -1.52227
176 23.6846 24.5322 0.623579
177 17.6459 8.17153 0.500485
178 22.9577 16.94 1.56134
179 29.5647 9.27673 -0.780467
180 13.5565 8.8475 2.30859
181 33.6396 30.8825 1.02332
182 18.5058 11.8715 0.32686
183 7.03722 18.4196 -0.590015
184 24.594 38.2297 4.51036
185 13.4291 9.12678 1.81727
186 26.2519 7.91452 3.24017
187 7.64805 36.9411 1.53038
188 23.7222 20.3886 2.61114
189 9.26035 27.0091 -1.89933
190 27.0252 24.8683 3.2783
191 9.70396 30.8197 0.859616
192 33.2212 6.63725 2.89959
193 28.2401 20.6502 3.25986
194 13.2178 30.0914 0.187613
195 16.8304 19.1098 -0.709014
196 28.0651 34.4747 -0.479068
197 16.5093 38.2319 -2.56169
198 29.2053 16.2341 -0.618431
199 14.5118 11.2075 2.63224
200 34.3627 36.3476 3.35049
201 33.269 19.4064 2.49629
202 16.4986 20.1013 -0.80015
203 25.6985 13.841 0.950481
204 32.9936 35.4285 -1.38205
205 36.336 33.1201 2.85694
206 17.7266 4.55417 -1.29474
207 0.370476 31.9916 -1.0833
208 31.3212 29.2978 -2.13162
209 8.06142 33.7063 -0.217835
210 6.78407 24.4039 0.452392
211 32.4748 24.1725 -1.24024
212 1.85273 35.4423 0.293366
213 3.34852 10.4672 -2.48766
214 37.2616 23.2019 2.02143
215 38.5903 19.8361 -1.17676
216 28.1657 21.6659 0.0801575
217 7.49112 10.285 -0.994568
218 16.9431 18.831 -3.1059
219 24.8028 6.97432 -1.72962
220 18.5124 4.78713 -3.45812
221 22.9638 10.9962 -0.00864447
222 36.4319 24.5571 -0.023825
223 17.8243 35.1281 1.99319
224 8.08706 30.7287 2.13898
225 30.1579 12.4134 3.38199
226 4.73683 20.7041 1.61087
227 11.5789 2.55404 3.14698
228 23.2213 10.2601 0.0958834
229 35.7207 21.0268 -1.24286
230 27.6725 7.16351 -0.978731
231 16.9731 19.1982 -0.165601
232 29.488 11.6105 -1.43904
233 38.6921 9.83123 -2.0386
234 6.49972 37.5333 1.17687
235 2.03888 10.8578 -2.11591
236 7.75279 38.022 4.51229
237 11.7946 29.1111 0.253386
238 12.1114 10.2867 1.29575
239 34.8818 14.8759 1.92432
240 23.0956 25.2758 -0.835569
241 21.9827 27.59 -3.81408
242 38.8363 4.25082 -1.31292
243 27.6704 37.2944 -2.89472
244 0.320529 16.8813 -0.599329
245 20.4107 5.64494 -0.646473
246 31.569 10.3239 0.161671
247 2.39484 0.955387 -1.21725
248 3.08845 23.7841 4.01148
249 16.4932 30.37 -0.803338
250 10.0964 38.8221 0.066153
251 39.3903 8.98521 2.47715
252 32.3994 19.0607 3.78724
253 27.7079 10.3549 -1.97767
254 38.2548 34.5771 2.1573
255 27.1949 25.2852 3.01067
256 2.35581 6.56826 -2.42385
257 32.6272 18.0368 -2.62139
258 34.7876 34.2062 0.238301
259 33.0514 15.6722 0.28152
260 5.41133 7.88429 2.56288
261 25.1715 24.1579 4.24248
262 27.0251 32.5072 -4.48693
263 1.18086 2.77398 1.77748
264 3.24559 30.0705 -3.16543
265 3.70233 16.291 0.349302
266 0.430409 10.6034 -2.81079
267 5.72073 25.3712 -0.920467
268 2.13816 28.9251 -0.780027
269 21.5609 36.4109 -1.36991
270 0.686437 9.61712 -1.07799
271 32.3125 10.7532 -3.51199
272 19.7921 13.4851 0.600912
273 29.9599 35.1234 -0.0471533
274 9.67232 6.02257 -0.636949
275 3.37285 22.0177 2.46254
276 28.1159 21.9941 0.955345
277 6.80742 26.6281 -0.575412
278 4.23198 7.75875 0.503231
279 5.40257 20.9319 1.36401
280 35.6735 20.6731 0.0999733
281 26.3956 11.9014 -2.604
282 15.401 17.0405 1.83743
283 18.0182 38.3113 -0.0656097
284 31.3565 21.9623 1.22101
285 36.0257 37.2845 -3.02068
286 33.7767 8.979 2.35234
287 8.47396 17.262 1.12026
288 7.9615 36.2852 2.15938
289 14.3447 30.3235 3.92496
290 38.0794 23.6934 0.532063
291 17.0389 15.3269 -1.06972
292 38.5342 25.9989 -1.20145
293 6.85933 6.6217 -1.62841
294 28.4819 28.7199 -0.860797
295 12.9448 8.87946 1.56836
296 25.3939 24.2911 2.04052
297 1.4627 25.4583 0.0438412
298 25.5743 29.3074 1.18807
299 16.9878 32.5025 3.75059
300 27.7143 7.04715 0.223231
301 27.8676 22.2177 2.88387
302 17.2773 33.9825 -1.02138
303 5.95383 29.1518 -2.07478
304 13.3063 21.8153 4.03729
305 6.59126 24.1928 0.745788
306 31.4649 11.4778 -0.314187
307 9.31979 18.0158 -0.428131
308 1.56183 17.5912 0.753968
309 13.3032 36.9782 -3.74599
310 16.1042 21.5972 -1.01571
311 26.3146 3.52469 3.87731
312 39.5204 37.8434 -1.48404
313 36.7136 39.9846 -3.06233
314 16.2416 2.55996 -3.29609
315 1.2615 31.9642 -3.02487
316 37.4016 34.8645 0.139836
317 32.937 34.7989 -0.645269
318 22.3395 22.1846 1.86968
319 3.04209 39.8636 -0.244007
320 39.4382 21.6643 -0.988189
321 31.7719 6.47155 0.705162
322 5.98725 37.0723 3.92915
323 18.4989 36.3411 -4.4947
324 28.5749 13.3353 3.73461
325 6.60397 25.3647 -1.39495
326 0.392709 7.35873 2.14597
327 16.0079 0.112148 -0.710959
328 17 28.7345 -2.24884
329 39.4628 21.5931 2.0777
330 1.68545 10.3342 1.22811
331 11.6739 35.8673 -0.119092
332 32.7379 13.2453 1.22453
333 19.0985 20.1466 4.05128
334 8.77774 7.72929 2.91277
335 13.1922 37.2553 -1.51924
336 21.0204 39.9605 -1.59794
337 3.41262 13.5687 -2.72832
338 12.2845 30.0782 -0.909309
339 37.883 32.9226 2.85877
340 6.7971 25.695 0.328468
341 30.3619 32.1118 3.67413
342 10.8765 14.1944 -2.52414
343 14.6498 15.5551 -3.71398
344 12.4618 36.5954 -0.0209657
345 38.8914 26.3795 -1.40154
346 16.2328 6.25897 -1.45311
347 6.41901 36.8178 4.26174
348 10.3488 24.3408 -2.24628
349 14.9151 16.8731 1.92797
350 10.8654 10.7481 0.772269
351 6.78709 22.281 0.198691
352 25.4127 21.9688 2.30317
353 27.5651 4.50342 -3.49704
354 34.6161 38.1603 1.51497
355 23.0121 25.0123 0.285257
356 30.4758 28.864 1.04708
357 15.1639 29.4406 -0.150073
358 12.6114 14.5853 -2.89313
359 35.1972 28.4548 2.99918
360 34.7834 28.32 2.10116
361 30.609 31.9437 1.48577
362 38.3742 23.3232 2.59745
363 38.449 7.15298 -1.79145
364 6.48792 11.7207 -0.99438
365 6.73051 38.044 1.84234
366 12.2697 5.21322 -3.45331
367 13.0253 34.6449 0.654563
368 25.7588 7.93106 3.17013
369 17.0204 31.2766 1.66397
370 16.6195 26.1121 -1.51159
371 23.5845 21.2744 0.595636
372 27.1614 28.1279 3.68994
373 12.3389 8.41639 2.59763
374 13.5253 17.3575 -1.85356
375 11.2491 10.4914 2.9721
376 2.62169 30.9095 1.15519
377 5.70391 8.78461 1.50272
378 10.7185 5.64011 0.625054
379 31.2104 35.3261 -0.826355
380 39.08 28.4105 1.06661
381 13.4812 31.1151 0.294789
382 0.827662 14.8748 -0.260203
383 15.1307 34.869 -1.55224
384 23.4706 37.132 1.00348
385 20.527 18.8761 3.14535
386 22.1171 5.98479 0.484253
387 10.8716 5.02126 2.37021
388 29.904 26.2427 4.03028
389 6.48541 4.81175 -3.91826
390 31.2126 27.8012 -0.349532
391 16.7968 15.6505 -1.05248
392 26.3644 27.4385 -0.366245
393 19.1328 12.4159 -3.73918
394 31.6651 37.2884 -2.8977
395 32.2062 13.6406 -1.40145
396 2.02202 2.85586 2.2824
397 8.03262 0.996359 -2.79078
398 4.89985 33.783 -0.0326265
399 39.7165 18.9844 3.40528
400 3.70389 38.7081 2.07175
401 21.2172 35.6241 -3.11199
402 33.5786 8.56755 2.8235
403 39.4406 30.3514 0.374682
404 28.9744 30.2633 1.22651
405 3.52475 22.9396 1.16211
406 25.4332 0.456163 -1.74583
407 37.4429 0.678125 -0.160986
408 5.4101 12.515 1.39449
409 16.1811 3.30204 0.157684
410 23.8239 21.4691 1.5
411 19.8442 22.7109 -3.08321
412 1.83002 9.28008 -3.66642
413 14.1215 9.47998 0.791847
414 0.148316 16.7397 -2.15169
415 14.7209 25.884 -1.48635
416 28.2733 37.5109 -1.64596
417 5.33474 4.82808 -1.84925
418 29.8458 27.6562 2.63693
419 25.973 12.9018 0.0720781
420 19.3227 38.7383 1.73198
421 2.26924 14.1027 -3.36147
422 14.726 6.61568 0.30475
423 29.6367 11.0665 -2.25971
424 27.2111 20.8668 -1.38201
425 19.0537 39.7352 2.51245
426 10.4346 20.6703 -0.840625
427 16.8472 18.2825 -2.83428
428 39.0595 7.85183 -3.27165
429 5.39445 9.06028 1.5542
430 19.7704 15.7449 -1.57649
431 11.5001 8.82146 -0.195542
432 17.7382 37.3693 -2.00633
433 29.2249 25.3813 0.759932
434 4.55504 22.221 -1.14879
435 26.56 38.7022 3.82162
436 2.22639 21.5188 3.1579
437 11.0548 36.1362 1.30825
438 6.95877 23.9818 0.11729
439 34.7396 24.2804 -1.00061
440 26.478 39.4655 3.58235
441 10.1487 6.19482 1.29351
442 14.8002 28.1449 -2.61666
443 18.8626 15.8875 -1.22592
444 9.65432 14.9629 2.62085
445 5.63347 21.7888 -1.93859
446 19.52 11.3857 -1.57897
447 1.02002 9.76448 2.15782
448 34.2511 27.9091 1.28703
449 14.0005 15.0192 0.834787
450 12.758 20.3371 2.48551
451 0.063392 11.9745 -2.19537
452 18.0584 12.7434 1.08777
453 5.82195 31.005 -0.28182
454 36.944 9.21692 1.2024
455 29.6343 4.03888 -0.0936131
456 12.0961 10.126 0.0777289
457 23.5081 20.889 2.89778
458 38.659 17.5471 0.81191
459 9.95607 9.85817 1.70913
460 14.1925 38.9476 -2.19207
461 9.24053 38.0975 0.53926
462 24.4419 15.1605 -1.16554
463 3.8056 34.158 3.21354
464 33.3098 23.3813 2.22301
465 32.5492 13.9452 3.01369
466 32.5834 22.4745 0.149407
467 4.78986 37.2922 2.8873
468 28.4563 37.3522 0.716134
469 17.3064 29.7746 0.663636
470 10.3743 15.2813 3.56219
471 39.3547 14.6264 1.10619
472 16.676 17.1574 0.576693
473 14.5794 1.54156 -0.549547
474 8.37171 35.173 -3.68437
475 32.3262 8.73051 -3.00566
476 21.6365 29.3938 2.9098
477 12.4355 30.6235 1.60325
478 33.4587 14.3339 3.62481
479 5.47112 26.1108 0.411524
480 33.0667 19.0041 0.699344
481 23.7078 33.8104 -1.20653
482 7.47943 28.2943 -3.40347
483 13.5252 31.0243 1.0545
484 9.66238 31.4964 2.59478
485 6.89916 37.5332 3.32103
486 21.8046 26.3274 -3.00074
487 31.7516 31.024 0.734489
488 34.4363 8.36884 0.0833217
489 21.21 4.49115 2.67241
490 3.70713 5.21262 3.09874
491 18.1361 10.9923 -1.10539
492 23.3372 39.5332 4.69624
493 4.53548 27.535 1.04818
494 7.72911 17.9745 0.843211
495 29.9503 11.8818 -3.69561
496 32.8961 19.5167 3.49374
497 5.41219 29.9046 -3.48805
498 18.2699 15.5732 -1.70839
499 5.26886 12.7384 0.0291554
500 3.90629 13.2708 0.540166
501 30.5328 18.4801 1.30927
502 2.45949 0.289934 -3.041
503 14.4834 29.6226 0.323469
504 36.9885 31.5405 1.46008
505 6.41027 6.88254 -3.87283
506 27.8938 22.5168 3.05807
507 23.5477 6.43959 -0.401567
508 0.77923 31.4368 3.55573
509 31.1286 0.452674 2.21438
510 31.5673 0.572407 1.69454
511 22.9558 32.2134 -4.13336
512 1.49907 34.6352 -0.284615
513 16.382 37.2301 -1.58299
514 11.2507 27.9467 -0.208296
515 18.3981 14.6539 -2.51573
516 21.3573 1.42306 -1.35539
517 11.4971 5.65643 1.14997
518 19.0033 16.4579 -1.17465
519 20.0739 11.9539 -1.62553
520 34.0385 10.3772 -0.780424
521 34.1265 30.4292 0.736506
522 21.5518 21.6443 1.98365
523 13.8226 19.2961 -1.1353
524 4.59957 22.0592 1.15431
525 8.90183 11.557 -1.0354
526 2.88778 21.9966 3.54928
527 15.057 6.75149 -1.13947
528 21.3695 7.99317 2.88901
529 27.8227 1.51794 -2.33901
530 38.3774 7.94327 -2.0936
531 25.7643 10.2922 -2.4457
532 22.6728 34.5581 -2.12021
533 26.13 28.3741 -0.215652
534 13.8772 29.0164 1.56757
535 9.29129 3.32132 -0.243299
536 32.1429 17.5274 -2.11637
537 38.0558 17.0623 0.995525
538 1.55786 38.8252 1.30138
539 3.4132 0.194402 -1.06243
540 32.149 25.0897 -3.09133
541 25.0134 22.7597 2.44244
542 2.02363 31.5408 -3.59556
543 14.2079 15.8895 -1.2222
544 7.52449 39.3842 0.938467
545 12.9599 21.7101 2.95865
546 38.1199 35.8938 0.0218024
547 5.00601 19.8071 2.67006
548 36.1925 33.0942 1.67959
549 3.22569 24.808 2.42125
550 7.51994 31.8902 -2.37013
551 21.5451 18.6188 1.49377
552 38.8722 7.12589 -1.71849
553 20.7108 24.8671 0.352063
554 16.957 9.52757 -1.44819
555 34.4624 17.3431 2.58743
556 29.0193 17.826 -2.49434
557 7.91461 27.2836 -2.87255
558 31.2664 3.28199 -1.3367
559 25.9887 28.3481 1.25482
560 28.2211 24.1233 -1.33647
561 12.0734 19.5928 0.972901
562 5.61884 20.7859 2.87581
563 39.8602 18.1182 3.60018
564 15.6386 19.786 -2.92869
565 35.8365 17.4936 -2.8889
566 16.8807 32.8323 4.10997
567 31.8503 11.9908 2.52552
568 34.5513 6.59344 1.02047
569 4.26245 19.95 0.895961
570 6.50669 21.9768 -0.920259
571 23.0041 11.3004 1.49703
572 2.81403 34.5099 0.467655
573 18.9554 38.9903 3.69359
574 13.6053 20.8405 4.29563
575 17.8616 19.6684 0.660968
576 36.4743 2.75939 0.865923
577 28.1964 29.0061 -0.731656
578 4.56462 37.035 3.08307
579 4.97019 6.4818 0.221949
580 7.0417 31.6961 -1.60547
581 6.88978 31.4707 -0.241969
582 24.6887 24.8719 1.59831
583 23.8159 36.3538 1.32108
584 33.7617 11.7917 0.702452
585 7.65029 15.5918 -2.34955
586 27.8039 21.0331 0.872756
587 34.1281 32.9 -0.812625
588 21.4823 34.3609 -2.74802
589 24.6837 24.8104 1.36116
590 11.6508 4.10642 -0.153178
591 2.69526 23.834 4.28387
592 32.8447 26.3651 1.84956
593 17.8761 27.1354 1.89877
594 10.4823 3.56955 0.373035
595 20.8041 22.572 -0.36658
596 36.8206 33.9404 -1.8283
597 30.8278 9.95323 0.58839
598 35.1129 12.3561 2.05716
599 17.9319 34.7788 3.68602
600 6.79131 38.1294 3.13784
601 18.9827 31.2618 -3.18812
602 1.83106 18.1755 0.000304915
603 15.3484 19.8167 -3.04125
604 0.00182185 28.5464 1.89776
605 8.31354 38.1947 1.04917
606 2.59424 28.8402 -0.200348
607 5.58627 11.9422 -1.54071
608 6.78095 39.6527 0.245512
609 24.401 34.8776 3.07003
610 38.3153 26.867 -1.10669
611 0.804785 21.9617 -0.00852988
612 21.7641 12.8943 -1.0351
613 25.7185 12.2777 -2.5838
614 39.6266 9.48093 -3.93648
615 31.8777 8.0991 -1.92878
616 32.2085 13.5069 1.45869
617 24.7423 29.5286 1.87789
618 33.5426 4.04908 0.164909
619 23.9491 33.2019 -0.0974545
620 32.6288 31.8967 -1.09388
621 31.9592 12.7857 2.96167
622 11.516 37.391 0.783749
623 23.7587 12.2533 1.34041
624 34.4187 38.0929 1.35826
625 16.5456 7.67721 -1.92933
626 6.6448 38.9034 2.5748
627 6.7506 36.3859 3.55836
628 23.6161 12.0271 3.84086
629 30.3824 38.8858 -4.30639
630 34.341 26.2839 -2.59441
631 29.8438 36.1606 0.665117
632 28.3211 31.2722 0.922968
633 29.711 23.2728 -1.6925
634 37.3555 35.2058 0.103979
635 29.554 26.6634 -2.69048
636 21.9455 9.73805 2.50963
637 39.6599 20.912 -0.197051
638 38.7035 23.0193 -2.83379
639 30.0069 5.40374 3.59931
640 2.94369 21.2481 0.241276
641 20.7897 0.547241 -2.58517
642 15.4947 0.176445 0.454043
643 27.2288 27.7309 1.76953
644 11.4171 6.60105 1.24341
645 2.06319 8.43368 3.99958
646 10.3212 12.1515 -1.18687
647 10.413 15.8422 2.98953
648 36.8443 34.4748 -0.821436
649 26.7183 27.7038 3.45303
650 29.1632 11.474 -3.30725
651 26.8925 19.428 2.03491
652 39.8394 39.2343 -2.70519
653 15.3549 37.0881 -1.51769
654 19.0627 12.964 -1.67038
655 32.9505 35.9421 -1.35977
656 12.733 12.9036 -1.22083
657 20.7179 3.64491 0.364597
658 7.37264 25.9093 0.155999
659 29.8513 2.04934 -3.68429
660 29.8553 11.7158 -3.76978
661 39.8322 15.5609 0.663966
662 28.3255 29.395 1.25138
663 16.454 20.7279 -2.23718
664 34.6835 18.142 -0.184008
665 32.7856 38.4641 -1.74722
666 31.8183 3.47549 -3.75136
667 36.3074 33.1581 0.829153
668 8.06154 34.2504 1.15679
669 15.5779 30.2673 0.88853
670 37.975 22.6592 -0.00411855
671 24.0529 35.5534 1.51082
672 13.5985 27.7148 -0.244762
673 35.1466 10.1668 -0.202127
674 15.4585 18.1409 1.29274
675 30.7586 17.3726 -0.249969
676 30.3925 39.913 0.144546
677 32.1469 15.2601 -0.163822
678 29.9843 36.6985 2.3627
679 24.6047 17.13 2.02201
680 13.7164 21.8377 4.5042
681 13.0716 36.5831 4.17651
682 29.6591 37.888 -2.00934
683 34.7386 20.7476 -0.866484
684 9.02846 35.9718 1.64714
685 23.6158 29.9696 -2.85933
686 2.97146 1.64296 0.53352
687 25.207 10.8713 4.5746
688 32.8671 1.80962 0.500209
689 12.2433 36.7013 2.61029
690 17.298 30.8886 0.894914
691 13.4376 31.0347 -0.475699
692 25.6044 14.2872 1.0209
693 36.1534 15.8669 -0.442875
694 24.0191 35.5203 2.0844
695 14.9743 31.4877 -3.43675
696 33.1749 28.6826 -0.297649
697 29.1371 8.51314 -1.10301
698 35.1143 12.1974 1.88367
699 20.8197 17.7866 1.65103
700 4.1732 0.332105 -0.124016
701 27.8748 2.03271 -1.02656
702 0.126444 1.42289 1.08473
703 30.6743 17.2436 0.253099
704 29.4904 28.4726 -0.236134
705 4.94753 37.9126 1.39176
706 34.6086 31.7259 0.708962
707 14.305 7.87995 3.56864
708 26.4203 19.0886 1.04464
709 26.5517 6.66663 1.08448
710 21.3019 27.3586 -4.15695
711 32.8457 32.3161 3.35717
712 29.1222 15.3084 1.53386
713 35.7469 12.4152 -0.211605
714 25.1941 26.2562 -0.167462
715 38.0818 4.04361 1.24544
716 26.2976 31.9261 3.04426
717 14.7038 23.4316 -1.83496
718 13.4187 29.865 -0.363026
719 9.43347 35.5003 3.51086
720 15.2481 22.5584 0.407101
721 31.3208 36.4931 3.54214
722 3.55121 5.66574 2.69091
723 17.1166 35.9937 0.816408
724 12.5327 3.80537 -3.38026
725 28.1466 7.91449 0.683227
726 7.94128 29.0149 -3.21384
727 2.2937 31.7534 -3.59411
728 0.999545 8.65184 -3.82935
729 21.43 0.742948 -1.58763
730 17.7829 14.0615 -3.23536
731 29.8614 19.1037 -1.75401
732 25.8048 37.0071 -4.22227
733 33.9269 25.114 -1.13092
734 24.9086 17.2501 1.60662
735 16.107 22.149 0.818577
736 26.2612 27.9812 2.19251
737 33.7093 28.307 1.0735
738 13.774 8.1339 2.15073
739 12.3438 29.449 -1.11603
740 35.5214 20.9981 -2.15953
741 5.29109 33.5393 1.38285
742 22.9985 16.5679 0.317103
743 19.5933 26.327 0.771595
744 30.8251 26.6332 -3.8551
745 15.5697 30.004 3.28174
746 16.8099 18.0116 -2.23094
747 15.9554 20.3303 -3.09565
748 12.8858 27.7512 -1.29512
749 4.17877 5.0297 0.841585
750 5.65009 30.1464 3.07258
751 7.80291 37.7706 3.71259
752 34.3313 16.8322 0.947921
753 6.8337 21.7813 -2.01797
754 31.2557 19.5932 2.89877
755 23.6282 8.82817 3.09795
756 32.9001 7.02917 -4.75145
757 15.449 20.5977 0.808017
758 33.2858 26.8474 1.752
759 9.54947 28.9957 -0.971655
760 28.3317 38.6146 2.25329
761 15.4323 12.899 2.12558
762 24.3413 27.5993 2.72878
763 12.4001 5.65192 1.26198
764 27.6194 4.63254 -4.26372
765 28.8523 28.8872 1.79321
766 8.46556 14.3344 2.38587
767 33.8627 18.9736 3.95905
768 6.94221 10.7614 -4.43963
769 23.2127 31.9627 -1.92076
770 13.126 26.4046 0.301467
771 38.772 20.5215 0.238904
772 15.3473 32.7885 -2.39212
773 31.8403 31.7644 1.9724
774 38.0143 38.5824 2.68527
775 20.1419 18.4749 1.70779
776 11.6572 22.4754 1.54255
777 38.0766 21.7219 -0.122491
778 26.8997 24.5991 3.38563
779 18.4205 4.3483 -4.38104
780 0.182335 6.15933 2.63385
781 29.5307 1.25683 0.752079
782 10.2898 6.38399 2.13463
783 18.8795 10.2837 -2.86185
784 29.6329 0.392352 -1.71791
785 23.5485 19.4474 3.76885
786 8.4204 26.6727 -1.69966
787 28.1072 1.93333 -2.16115
788 3.18278 34.047 0.151942
789 39.6914 14.4618 1.19097
790 9.76431 30.7121 3.35381
791 16.8313 14.7254 -1.08863
792 11.8686 29.9971 -1.48941
793 21.6319 37.5416 1.03444
794 22.1329 24.6394 1.12036
795 11.262 8.93718 -0.239014
796 16.4318 28.6243 -3.01019
797 5.83073 30.8997 0.317933
798 26.2955 5.0491 -1.6457
799 24.8364 38.0836 1.33421
800 29.0124 7.74077 -1.17305
801 21.3037 12.8628 0.67521
802 34.9711 12.0932 2.90654
803 8.53129 1.699 -4.01928
804 1.0722 16.4891 -0.499562
805 38.7034 21.1549 1.05505
806 11.6822 20.4395 -0.425426
807 22.1779 4.93469 2.92468
808 26.0455 22.3215 0.997618
809 18.4264 11.3726 -1.99969
810 16.1862 37.0402 -1.03114
811 12.4545 29.039 -0.994389
812 10.1259 36.1365 1.5343
813 39.0146 5.59507 1.24366
814 28.3909 34.5576 -0.582501
815 31.7942 22.4973 1.0774
816 14.3989 33.1417 -1.90945
817 14.2205 34.8665 0.557552
818 7.60203 11.6364 -2.69149
819 24.5538 6.76728 -1.45886
820 36.2211 38.5739 0.71845
821 13.3425 8.95867 0.763837
822 8.7847 9.06913 -1.39957
823 34.9289 0.557212 0.196875
824 35.8376 15.2744 1.60397
825 34.4534 25.0197 -1.15217
826 38.3452 16.5997 -0.339865
827 0.3619 15.2706 1.09274
828 25.1799 10.2428 -3.19962
829 16.2276 33.2015 -4.42284
830 13.7596 24.433 0.222688
831 11.6038 36.0437 0.182501
832 30.8471 26.3984 -3.54735
833 16.4037 16.407 -0.889644
834 20.4181 9.43063 -0.419417
835 5.39139 29.1783 -1.35892
836 22.7208 30.7295 3.99923
837 35.1681 25.7339 -2.04643
838 27.7356 9.53544 -1.80779
839 2.5585 22.2832 0.72436
840 25.9101 12.0266 -3.61174
841 32.6121 38.3431 -2.10529
842 27.8897 28.7147 -0.158869
843 14.2099 39.2769 -2.22472
844 8.12218 15.2262 -3.51238
845 3.38197 28.6358 0.585608
846 15.562 34.6659 -0.653057
847 1.70337 22.3849 0.726827
848 24.9843 18.3605 0.503995
849 15.4661 19.158 -1.63202
850 6.46796 36.8768 1.85857
851 0.743813 37.0167 -2.03118
852 27.2746 29.2412 -0.52233
853 25.3804 25.0457 1.44494
854 2.04129 31.7712 -2.96983
855 16.0764 2.52025 -2.43357
856 17.4016 33.466 2.3974
857 9.03296 23.3529 -1.45327
858 3.42968 26.7643 -0.488425
859 19.027 0.00660905 4.15813
860 29.4687 22.5568 2.75223
861 38.3661 12.0588 -2.1517
862 1.64484 36.2268 -1.6044
863 10.8229 13.6856 -0.660359
864 27.0743 9.67681 -1.29414
865 30.3125 30.4802 1.35881
866 28.6294 39.5293 -1.22945
867 16.1406 38.5341 1.14322
868 32.9736 26.5058 3.89734
869 36.9642 14.8357 -3.2505
870 10.5035 3.66269 -1.52713
871 20.6194 23.3356 -3.40903
872 30.3993 26.4388 1.38966
873 20.6784 21.3728 -1.47542
874 32.8264 11.5728 2.07255
875 37.9046 11.5755 -3.3919
876 0.0558008 9.68255 -4.8166
877 2.10245 38.6872 3.49916
878 0.381161 36.5731 -1.59638
879 5.66029 36.585 4.22239
880 0.609459 19.9708 -0.68625
881 5.47545 22.6155 -0.84265
882 24.4925 7.09936 -0.253089
883 2.18115 25.0284 -3.37933
884 14.3154 18.8665 -2.54502
885 13.122 9.65199 -0.17415
886 13.6294 28.8414 2.72045
887 35.9486 18.2242 -2.02629
888 38.599 31.602 -3.52364
889 6.37835 10.4367 -3.31574
890 19.567 14.7413 -2.23183
891 19.114 19.9033 2.19615
892 28.8199 3.75417 0.23422
893 27.8907 29.2119 -1.88964
894 32.6867 33.3022 0.14194
895 37.1613 22.3265 0.247949
896 19.4396 38.3959 3.19863
897 0.933434 12.1557 -1.8107
898 19.4582 15.8026 -1.93559
899 10.3998 25.8813 -1.51055
900 17.1694 6.13492 -2.58571
901 4.16506 37.6619 2.97461
902 36.6759 30.8071 2.01085
903 7.36896 37.5018 2.4418
904 22.1444 2.05686 -1.6776
905 24.1286 34.0359 -0.0259039
906 23.9682 25.3123 1.55059
907 18.2096 29.4215 -1.49831
908 29.5638 35.8 -0.858298
909 18.0506 8.81225 4.02818
910 37.7765 21.6294 -1.51047
911 32.4615 26.12 3.90598
912 22.6464 25.1499 2.55861
913 3.26207 27.2766 0.0034384
914 5.18698 22.3349 0.117251
915 38.2858 34.5938 -0.227217
916 25.0983 18.0695 -1.91375
917 6.47629 30.5908 1.0223
918 6.31733 37.0212 0.863682
919 31.9835 17.6993 -2.37121
920 2.35702 17.8612 0.227757
921 32.2123 22.8845 0.818404
922 26.1832 14.1724 0.828968
923 9.68903 28.3196 -2.05074
924 28.406 36.8484 -1.00624
925 17.8142 37.9734 0.501804
926 29.0411 36.9753 -0.264544
927 7.83558 33.3751 1.29522
928 34.1156 3.02384 -2.01861
929 34.7563 28.3932 3.57722
930 15.7621 6.57239 -0.232489
931 18.6733 20.1054 1.78799
932 8.51894 26.4062 -3.38446
933 11.3453 5.62382 2.20352
934 32.2843 31.2257 -0.531962
935 5.29158 4.77085 -0.0353711
936 10.811 21.5839 2.11388
937 14.7845 39.0072 -3.57916
938 21.8905 22.8839 1.21803
939 25.263 8.62741 -1.018
940 17.2076 20.0936 0.190604
941 22.738 21.0507 0.223581
942 4.4276 8.21731 0.261539
943 12.6157 2.72548 -4.18031
944 37.7786 32.2419 1.10342
945 5.99 0.0174924 1.23581
946 22.3621 22.3388 1.38538
947 22.7091 4.69142 1.35923
948 9.3581 36.394 0.593335
949 5.76588 11.6866 -0.393964
950 32.4356 24.4546 -3.90024
951 20.4685 8.13249 3.59183
952 13.6493 16.5537 -0.473781
953 34.3924 13.28 -2.03653
954 4.37437 39.1761 1.71612
955 38.4555 8.28027 -3.55779
956 31.7703 6.66796 -1.85204
957 31.3955 18.8727 2.67687
958 6.3073 33.5149 0.160883
959 27.0619 36.1706 -4.22329
960 5.56289 2.42799 1.39927
961 2.84973 30.8877 3.67883
962 13.3583 30.2095 0.0478332
963 17.7982 34.3093 2.22673
964 6.55238 10.4806 -4.54891
965 39.3504 30.9599 2.38781
966 16.3871 18.1504 0.365566
967 21.6443 1.34982 -2.7318
968 35.8115 23.6439 -1.63333
969 15.0689 37.5794 -1.76787
970 24.9721 39.4082 -1.49707
971 31.2787 13.3496 1.85529
972 14.4921 19.7471 -2.75892
973 10.2219 22.9387 -1.19137
974 27.7052 16.2637 -3.2669
975 12.7799 28.2791 1.388
976 3.00553 0.466208 -0.486134
977 4.90744 38.7712 4.09506
978 14.4612 25.6376 0.326388
979 7.73923 35.0418 4.50183
980 37.0472 14.1839 -1.50628
981 5.86577 11.6247 -1.5591
982 39.3629 3.74429 2.41893
983 24.1644 13.2474 -2.88486
984 11.7007 35.91 -0.554882
985 6.5897 20.9758 1.51236
986 28.7462 12.8789 3.55834
987 9.69592 9.36252 3.02632
988 3.58507 29.9255 -2.51732
989 21.0926 31.5676 0.13062
990 26.5491 17.4976 -1.57313
991 11.2554 24.8295 -1.0946
992 39.9566 13.6545 2.4294
993 12.4843 19.9594 3.56192
994 24.9081 21.1565 2.98797
995 10.2033 20.5948 1.33102
996 35.5611 20.5089 -2.02729
997 33.6007 14.0638 1.42444
998 37.4977 0.45637 0.283847
999 33.7754 28.6111 0.677136
