1000
Particles
0 2.28217 33.6458 -0.515735
1 37.7179 27.0082 2.2392
2 15.6923 39.5579 3.49011
3 9.05373 34.0017 -0.0736744
4 15.6488 24.4167 3.36174
5 19.0395 7.3013 2.48731
6 31.3963 2.84815 1.63705
7 37.2018 23.2604 -0.64451
8 7.40153 25.3658 4.15199
9 29.7596 19.2867 2.01355
10 27.6649 37.02 2.0542
11 39.7847 33.847 -1.57883
12 35.2784 31.4153 3.27008
13 5.23667 9.29748 -2.47724
14 27.8569 26.6168 1.42867
15 17.5995 29.3254 -0.622999
16 22.4568 32.0805 -3.05077
17 30.9361 18.8501 4.27953
18 34.27 4.7753 -1.78576
19 16.8697 25.4766 -2.5708
20 4.87135 8.56857 1.01815
21 38.4221 5.99193 -0.514514
22 5.46187 12.0539 -2.65232
23 35.2174 18.0176 -0.390371
24 38.328 5.50897 -3.81784
25 39.409 33.5469 -0.143372
26 16.2869 31.1445 -1.88751
27 17.6823 13.6057 -0.104728
28 4.71009 32.5871 -1.10687
29 31.6938 38.8882 -0.0610163
30 17.862 19.5224 -0.651533
31 8.51532 18.5254 -2.30773
32 20.5829 5.36705 -0.353527
33 7.60151 39.7957 -3.95375
34 28.1556 17.7532 -3.58476
35 23.3688 5.72374 3.58803
36 14.5421 1.87606 -2.6007
37 36.096 25.3816 -0.382529
38 31.1792 0.328505 -1.64541
39 33.7258 17.9807 0.43662
40 36.7897 35.8628 0.585527
41 13.6685 12.9227 4.40603
42 37.2627 16.8207 -2.77878
43 24.5281 31.0638 -1.03799
44 17.914 28.9996 2.22527
45 4.89429 30.4552 -0.0169973
46 1.22704 8.11267 -1.53633
47 30.2987 6.28332 1.9006
48 6.5336 31.578 -2.2595
49 4.29044 32.329 -2.81589
50 38.9683 38.1901 -2.82238
51 19.7053 35.3559 -1.10108
52 28.8309 8.44485 -0.0311338
53 10.5795 5.55532 0.672341
54 24.4442 25.6848 -3.17685
55 0.581328 15.4895 3.67646
56 20.3506 7.43337 1.24301
57 6.09071 36.5427 4.94388
58 38.1321 25.8789 -3.40417
59 8.09662 35.8884 0.72826
60 8.07489 24.2789 -0.570988
61 13.6117 34.9906 -2.48144
62 37.7222 2.22245 3.99398
63 2.84317 16.6595 3.67278
64 39.5036 27.2164 2.23152
65 7.22355 3.14427 1.8499
66 11.1778 19.2362 2.20767
67 22.3428 23.7425 -3.75567
68 10.7045 1.88987 -2.48402
69 15.3857 4.12995 -0.82346
70 9.08085 2.62661 2.10539
71 23.0551 9.07355 -3.8649
72 6.19502 13.7608 3.71379
73 21.9962 26.5992 -0.59114
74 10.7763 8.73327 -0.0676676
75 1.04059 34.4843 3.5245
76 22.3096 2.13002 -4.71947
77 7.92796 24.8401 -3.31264
78 5.38301 33.499 -2.78331
79 36.9541 5.35484 2.70113
80 27.3221 7.3845 -0.468803
81 4.48836 33.082 -1.96547
82 15.1228 13.5315 1.02634
83 16.3997 32.3487 -3.5004
84 20.7623 13.4364 -3.74962
85 2.97373 19.6809 -0.313247
86 21.1131 7.60679 1.31661
87 25.1753 35.9565 -0.325888
88 0.966791 1.00617 1.24724
89 3.92435 3.85741 2.89513
90 1.30326 39.1065 1.65671
91 21.7899 17.2048 0.800432
92 16.1605 25.1209 2.25549
93 11.0458 0.908847 1.84568
94 16.3266 26.6932 -3.04679
95 19.1255 2.67652 0.812578
96 7.60331 36.7888 3.27818
97 18.4238 39.0158 1.11086
98 39.7918 21.8713 3.54727
99 11.1992 5.46478 1.39349
100 28.9664 21.9069 2.37149
101 19.8441 29.5993 2.2807
102 18.1824 30.3315 -2.98136
103 9.16993 5.01499 2.81248
104 21.8594 3.44953 0.522454
105 16.0947 34.0678 -4.35575
106 30.9347 21.2568 1.82743
107 23.3183 22.21 -1.71254
108 30.2615 20.2721 0.611654
109 2.37455 33.1915 1.06693
110 10.7327 3.75114 3.02308
111 34.6894 33.0828 1.08668
112 30.154 3.19787 0.626106
113 33.9399 30.0505 1.36054
114 33.0005 27.7189 -3.5379
115 29.8238 22.1001 1.25961
116 24.6723 31.773 -2.2733
117 26.6185 28.3555 -1.13408
118 26.0835 3.54163 3.90226
119 36.0774 14.7072 2.64392
120 21.574 25.9443 -2.54933
121 25.6377 14.4498 -0.238757
122 34.9821 18.9319 1.44027
123 8.96475 27.7678 3.47176
124 8.05851 1.23218 4.43235
125 20.0043 38.708 -0.0926926
126 20.9949 29.0171 1.09888
127 38.7772 6.538 -2.27519
128 32.4586 5.07375 -3.40986
129 0.828537 13.293 0.553163
130 25.5183 7.2778 2.60898
131 25.5473 29.8337 -1.59019
132 17.268 2.32214 3.17581
133 36.1871 34.0213 2.06707
134 5.13997 35.2204 1.80764
135 11.6844 4.52257 1.18217
136 22.3029 1.09232 -1.41614
137 24.9063 32.703 -0.722968
138 8.54919 18.8847 -2.46981
139 14.9886 1.63326 -1.57673
140 24.3161 35.8179 -1.10493
141 33.2357 31.6088 0.56233
142 23.2161 10.4596 -2.39676
143 15.4026 25.0699 3.0883
144 3.33699 33.5172 0.107457
145 21.1281 24.2228 -2.37674
146 33.2473 13.5396 4.52869
147 36.8347 1.32535 1.96662
148 35.417 7.56683 -2.03104
149 9.49044 22.726 -0.88208
150 17.6048 28.6236 0.832098
151 31.0329 0.46122 4.98067
152 16.6531 14.6158 2.29898
153 18.0249 1.7552 -0.168316
154 22.7477 38.1294 1.86292
155 32.5679 21.5743 -0.380417
156 38.2817 28.0296 2.55525
157 11.4215 6.61173 -2.62412
158 10.1464 38.477 -3.914
159 21.4856 27.12 -0.0602281
160 38.395 18.1926 -2.28295
161 6.28332 25.2217 3.09886
162 23.4289 31.4744 -3.15151
163 8.92329 7.87646 0.626248
164 18.4736 5.69305 1.19535
165 29.2856 8.70483 1.16666
166 33.7738 7.95622 -3.09532
167 8.15036 38.0684 1.86402
168 35.491 22.3195 2.1232
169 0.906511 0.320937 3.19221
170 3.82651 38.1153 -2.28947
171 23.5398 36.376 -2.69863
172 1.34281 18.0323 1.5549
173 24.0919 30.6442 -0.07229
174 17.9708 3.03123 0.0459785
175 4.23413 9.15124 2.18409
176 17.4216 19.8102 -2.35957
177 13.6561 5.59992 4.35737
178 27.1969 17.3352 -2.96726
179 25.2309 6.75126 1.6163
180 16.82 10.3737 1.18354
181 3.06597 28.6324 1.14595
182 17.5541 21.2975 1.64574
183 2.40847 19.9852 0.0638183
184 36.346 5.70839 3.3787
185 6.92751 15.2089 -0.0741898
186 17.2548 1.17945 0.818145
187 10.1179 3.07151 1.34822
188 23.3484 17.6409 -1.96523
189 6.19722 24.7682 3.53269
190 22.9792 22.4986 -1.37596
191 15.8424 30.1535 -1.2514
192 37.0005 1.04777 2.65647
193 25.2432 26.1465 -0.958533
194 20.687 25.8614 2.04054
195 5.27574 14.4125 -1.95701
196 29.2771 36.0244 -2.83779
197 16.9518 34.532 -4.09417
198 29.8798 22.7631 3.57425
199 15.1538 13.336 0.931034
200 31.974 39.2011 0.848541
201 39.7785 19.9465 -1.66382
202 10.4507 19.4493 3.47994
203 26.1197 14.9337 -1.35032
204 29.5824 32.3991 -0.0440923
205 1.00881 30.8358 -0.716947
206 15.6261 6.33677 0.355554
207 33.2555 33.8104 -2.69387
208 38.6878 23.8089 -0.870051
209 10.7464 38.5634 -3.04372
210 10.3285 24.6153 1.7596
211 33.4897 16.9129 2.61974
212 36.8382 34.906 -0.767302
213 38.2888 5.37214 -4.57755
214 29.0608 19.534 0.966042
215 38.4205 21.2658 -1.99725
216 30.3173 27.4384 0.477427
217 8.07527 8.75693 3.26448
218 16.7226 19.2445 -0.334722
219 19.2651 38.5163 0.131166
220 10.6644 1.10507 1.71366
221 23.9057 12.1226 1.65252
222 1.94664 33.7481 -1.48278
223 20.3884 24.4332 -1.42909
224 7.54672 30.355 3.51811
225 38.045 9.80156 0.446655
226 33.8055 16.3501 3.39182
227 1.20805 12.4346 -2.09789
228 16.4105 5.8198 1.74816
229 39.2944 20.3225 0.341225
230 29.0819 8.74594 0.108887
231 17.3498 33.4962 -2.38681
232 33.7584 38.9869 -1.85455
233 37.3526 5.49458 1.77677
234 6.42475 4.35993 2.86593
235 39.7553 6.03656 3.20666
236 14.1211 1.50692 -2.19458
237 13.3529 26.6499 -2.16768
238 8.56198 12.3039 -0.155803
239 29.8404 11.7683 -2.31716
240 15.595 19.04 2.25034
241 8.41352 30.5829 2.79534
242 37.8793 4.5011 -2.34447
243 31.7366 39.7324 -0.0368387
244 38.8584 18.1155 3.96935
245 21.7039 4.76852 0.0475718
246 25.2286 5.49211 2.5135
247 5.8665 37.1434 3.09207
248 7.64683 29.9913 0.518274
249 10.7507 39.2762 -0.434316
250 17.843 2.55589 1.50395
251 37.9329 2.22757 3.13411
252 35.6597 15.8487 1.13631
253 32.7461 16.6043 -0.904052
254 5.13808 35.6216 -0.627724
255 23.9237 21.7573 -1.45662
256 6.83417 4.24941 1.81376
257 31.7409 19.9216 1.56712
258 27.1669 37.4641 3.85925
259 39.2263 14.0134 3.41896
260 2.88651 11.2634 2.29121
261 33.3573 25.8257 -0.25132
262 30.8643 29.5614 2.30567
263 3.81031 2.65977 1.91209
264 13.884 25.7113 -3.2647
265 37.2674 27.729 -1.50128
266 37.61 14.992 1.02286
267 2.04626 31.2387 0.843272
268 16.0648 19.4557 2.75338
269 24.6157 34.4528 -2.77615
270 2.13815 11.2726 1.83563
271 32.5371 4.2746 -2.67476
272 19.0956 16.249 -0.867899
273 27.2978 35.1444 -1.9001
274 11.0226 2.87235 1.26459
275 9.62082 22.6265 -3.03394
276 29.5304 20.6795 0.189916
277 5.67683 17.1377 -1.19376
278 1.47456 14.5905 2.77951
279 12.9465 27.417 -4.5201
280 7.40871 30.0087 1.04488
281 24.5274 19.5496 -3.84671
282 8.80139 18.6233 -1.97674
283 19.3998 34.4719 -2.30574
284 27.721 20.3195 2.57256
285 39.7651 0.552049 3.03373
286 34.9946 4.85276 -2.14644
287 17.2975 13.7052 1.19547
288 0.873696 2.59955 0.866882
289 13.7676 34.2126 -1.96607
290 30.5684 24.9697 -1.08775
291 13.8884 3.32171 -3.37317
292 35.8915 19.2616 -3.50667
293 10.9227 5.54285 1.94378
294 25.8955 28.2109 -2.58336
295 26.015 14.9059 -1.39807
296 23.9101 23.1084 -0.728734
297 39.7959 28.6247 -3.98904
298 22.1942 37.0956 -1.49844
299 17.9117 28.3962 0.88215
300 23.8433 9.64554 -1.92928
301 22.7601 23.678 -3.85207
302 15.5594 35.8189 -0.0423309
303 0.0827122 19.6373 -3.42426
304 5.03527 32.8621 -1.99643
305 39.0976 17.4963 2.79405
306 20.6768 9.60524 2.16393
307 11.54 16.5762 0.15843
308 5.43683 25.493 0.936164
309 16.0205 32.3131 -1.33434
310 16.1079 21.2997 -1.44894
311 23.1443 9.86763 1.76212
312 36.662 39.8349 0.246588
313 22.2516 38.5669 1.16596
314 13.7051 6.95386 -1.18352
315 1.92178 38.0619 0.822475
316 36.3457 31.2854 3.93387
317 21.2882 28.3567 1.25558
318 28.9501 28.3111 -0.544511
319 6.34242 5.10577 -3.80903
320 5.32293 23.211 1.00676
321 27.9999 4.04425 2.583
322 1.37735 35.2164 4.22132
323 6.87648 36.9626 3.26509
324 29.7542 20.6785 -0.680754
325 12.1476 28.8567 -0.0099743
326 7.64988 18.6823 2.96669
327 14.1283 36.5049 -1.73536
328 20.4683 30.0251 1.4579
329 5.42607 23.5817 1.6116
330 38.0053 15.5688 1.40632
331 19.0405 36.9595 0.653754
332 33.46 9.4567 -0.00347704
333 33.9421 24.6437 -0.853561
334 15.7931 4.00019 0.71765
335 3.2134 4.77605 -1.58976
336 15.1626 35.312 -0.564934
337 9.37228 24.9717 -3.23083
338 13.4171 23.4988 -0.314788
339 36.8627 28.7065 -4.70688
340 6.5511 22.0617 -1.04064
341 31.1623 27.561 3.67892
342 9.96698 15.5244 1.85691
343 11.0021 17.4216 3.91087
344 13.3769 0.700291 -2.79644
345 29.8071 28.2415 2.19352
346 16.1141 10.5784 0.895255
347 0.500115 2.54373 -1.36774
348 13.809 24.6509 -1.58373
349 16.735 26.5325 -0.764152
350 4.96448 16.5773 1.55708
351 3.27575 20.1197 0.889126
352 25.6766 26.4105 -1.99758
353 22.5888 10.0714 1.84107
354 3.17424 39.4439 -0.0953486
355 16.383 26.8462 -2.05768
356 36.6404 38.8213 3.23252
357 8.38089 20.8301 -1.2472
358 16.443 11.5298 1.56343
359 30.086 23.8195 -1.89762
360 32.0523 21.5305 2.91151
361 30.5147 29.3955 2.50473
362 39.3706 24.5328 3.9838
363 2.15768 9.89596 -0.106168
364 7.95564 10.9922 2.30732
365 8.27797 35.8873 0.544506
366 12.3924 5.77988 -1.88903
367 12.0214 36.0099 0.96869
368 24.112 10.2895 -1.25617
369 13.836 1.78111 -3.99456
370 20.3855 29.9413 0.110054
371 26.8765 19.3188 -0.58465
372 18.7334 30.883 3.78594
373 16.4724 16.4339 0.0916012
374 9.93648 15.2841 2.00183
375 12.2308 13.7168 -1.2709
376 38.5853 30.0714 -0.606034
377 3.41001 8.77107 3.2716
378 11.8793 6.54628 -0.017381
379 38.237 32.4471 -1.19477
380 32.528 25.7287 1.7731
381 12.4631 37.4874 -1.5391
382 5.53896 17.2606 1.67808
383 19.8987 34.0924 -1.84764
384 32.4253 7.80415 -0.883979
385 20.6239 24.2449 -1.15464
386 26.5789 7.21846 0.765849
387 32.1002 36.8344 3.83744
388 29.7887 27.8622 1.80055
389 9.21256 5.67575 -1.70789
390 36.178 19.873 -0.740513
391 13.2184 17.3369 -2.95669
392 22.2253 23.5475 -1.37538
393 19.921 2.74601 -0.732004
394 23.8729 39.9678 -0.515541
395 37.2768 13.7034 0.0458073
396 4.92247 35.9384 2.08636
397 9.8409 5.82713 -1.19694
398 32.3895 31.3989 1.02475
399 34.3967 18.5177 0.592902
400 6.77225 2.95348 3.12221
401 28.2234 28.0177 -0.567041
402 34.5332 6.8362 3.40026
403 4.02129 30.5606 0.126097
404 20.4157 29.2467 -0.445983
405 3.3933 19.2356 -3.24951
406 22.0923 6.64735 2.00157
407 34.0582 9.18634 2.738
408 1.95041 9.312 1.9147
409 19.2187 0.979984 0.92902
410 17.2398 26.8306 -1.1443
411 15.432 31.1388 -2.30971
412 3.76405 38.0502 0.0604488
413 11.1414 16.7026 2.47395
414 6.73743 9.95057 -3.12147
415 9.97931 27.8851 -1.12036
416 14.9369 38.9159 -1.04873
417 3.34951 37.5134 -2.63231
418 24.657 25.1533 0.887903
419 23.8229 2.83345 -1.77182
420 22.6882 3.63473 -0.17969
421 7.79778 17.806 0.160203
422 11.4238 17.261 1.24821
423 33.3405 7.43173 -1.76757
424 21.1595 24.5683 -1.65068
425 13.9287 5.06036 0.905509
426 10.2121 22.7866 -0.606986
427 18.7673 24.0721 1.54061
428 4.08837 8.56299 1.57854
429 4.1188 9.55002 3.88889
430 17.3748 15.8154 2.27552
431 8.42207 3.91041 -3.74217
432 21.8412 30.9575 -3.76772
433 25.438 21.5801 -2.24497
434 9.95798 23.7802 -2.07914
435 32.4145 32.5858 0.764164
436 1.42364 31.358 0.501467
437 8.13226 37.2811 3.20825
438 1.4959 32.0679 -1.22462
439 33.9635 11.378 -0.471065
440 20.826 7.91749 0.407775
441 9.2557 39.8454 -2.74889
442 3.36195 19.1806 0.277855
443 27.3645 17.1037 0.859584
444 13.9027 21.9151 1.69244
445 12.5272 15.6561 1.33952
446 13.6239 10.3031 2.21322
447 8.66154 2.3808 -2.97461
448 33.2273 29.9 1.95484
449 18.8683 19.3669 -0.538348
450 1.03325 15.4441 2.50467
451 35.0263 10.0807 -3.27489
452 12.8281 18.4546 1.7076
453 4.75735 23.7832 -0.950323
454 36.8919 9.83645 1.2852
455 32.1318 4.16347 -0.419051
456 10.3402 11.5298 3.84886
457 25.2868 17.0857 -0.95785
458 31.584 16.8455 -2.20283
459 12.9417 5.70798 0.680969
460 6.47439 39.9017 1.37026
461 6.10535 0.139195 1.16078
462 24.5641 19.523 -3.90936
463 6.27985 32.9733 2.98284
464 31.4979 24.8076 1.72691
465 29.7449 16.2215 2.54356
466 35.7298 21.6494 2.14963
467 12.1459 36.2641 0.445023
468 23.7221 30.4005 -1.06882
469 20.7876 38.6349 3.24447
470 10.773 17.6665 -1.24137
471 38.5778 23.6298 1.49398
472 15.8956 7.3769 -0.0869552
473 10.2429 37.5778 -1.98989
474 6.80144 1.14247 -1.75791
475 32.6092 6.28078 -1.57412
476 8.45782 24.613 -2.93025
477 12.3454 37.6674 0.603936
478 26.5605 17.5136 -3.32329
479 35.789 32.2788 2.11317
480 33.0868 20.3612 -3.47739
481 24.6555 0.315026 -2.95978
482 9.81525 33.8863 -0.739118
483 7.81817 35.1399 1.89475
484 17.56 35.5732 -2.24252
485 4.1715 1.43244 0.170506
486 17.2815 28.7941 1.7452
487 30.7111 24.9665 -1.21205
488 35.6207 6.87985 1.90488
489 25.2346 0.460678 -0.86414
490 7.48405 3.47568 0.393966
491 17.6897 11.305 0.39871
492 20.7274 39.7395 2.33573
493 6.02677 25.3059 3.74876
494 7.90835 11.0208 3.0861
495 32.8824 9.87276 -0.12658
496 21.0057 24.189 -0.0752008
497 5.63573 33.0777 -2.21948
498 19.319 17.941 1.56967
499 9.77373 22.7023 -0.910917
500 2.96137 15.9299 2.27019
501 30.3262 6.41924 2.22062
502 1.93124 3.84743 -2.44212
503 21.7556 25.4213 -4.40051
504 39.5044 37.6224 -1.87892
505 3.84931 8.4983 3.25348
506 23.7626 27.6057 -2.20591
507 21.3957 7.09133 -1.32932
508 4.72301 31.0215 -0.456227
509 16.9915 1.39002 1.45278
510 37.7874 6.34637 -3.32526
511 24.8249 36.7247 -1.3048
512 30.5661 25.5239 -4.14851
513 9.83573 23.6242 -2.28497
514 7.50325 30.9191 2.52786
515 15.4197 16.0038 -1.49179
516 14.96 36.6888 -2.07112
517 17.75 15.6834 1.53807
518 4.67679 8.69801 0.835499
519 25.1086 21.5089 -1.21459
520 0.930281 1.81647 -0.189707
521 36.3589 29.8124 -2.64244
522 21.1531 20.332 -0.674408
523 8.83066 17.5018 -0.491162
524 9.99247 24.8928 2.68823
525 4.47051 12.0531 -1.40746
526 8.99451 25.492 -0.923577
527 13.1086 4.05317 0.0771623
528 21.4044 2.06066 -3.63836
529 37.6503 2.99693 2.29268
530 31.4596 12.1183 -1.52483
531 28.2356 6.3412 -2.53441
532 18.6364 37.2006 0.709775
533 11.7179 31.4052 1.50724
534 9.86418 23.4924 -2.08187
535 0.872584 1.50137 2.88631
536 31.8459 12.6446 -2.01717
537 2.91805 29.1302 1.71846
538 2.6874 3.14114 -1.9853
539 11.6249 6.98631 -0.362171
540 30.2855 18.572 3.86458
541 22.4202 22.6121 -3.00129
542 33.7907 31.9917 -3.62021
543 13.0112 16.5136 -4.02418
544 35.7184 38.1658 0.528184
545 9.71077 27.1071 -2.38982
546 0.247342 3.15821 0.3881
547 3.01855 10.6441 3.91937
548 35.7843 33.391 2.98585
549 39.9701 26.8071 1.5002
550 3.80606 26.4923 -0.567045
551 29.9054 12.279 -1.30148
552 3.39376 38.689 -2.35274
553 14.6403 31.623 1.80112
554 18.2215 10.5712 2.716
555 38.7343 9.44969 0.400294
556 35.5876 21.7174 1.98221
557 4.64821 17.6232 -1.75078
558 33.6588 4.94668 -3.42554
559 26.6063 27.3567 -0.811712
560 25.1419 26.2543 -1.18751
561 3.75294 23.5743 -0.133598
562 9.51446 24.051 -1.59251
563 5.50256 10.9821 -0.566993
564 17.6686 27.9592 2.57687
565 0.185933 21.2627 2.57166
566 12.3855 37.6101 -2.44241
567 29.5286 12.6558 -4.05654
568 37.1853 4.91949 2.29317
569 33.8141 26.4018 -0.489002
570 38.9826 28.2005 1.74037
571 13.4587 15.4372 0.569024
572 35.0213 32.359 4.05993
573 24.8004 31.3626 -1.21369
574 8.23195 22.8303 1.45481
575 18.9774 18.9718 1.27108
576 2.30314 0.164963 0.574551
577 20.1039 30.1952 1.57975
578 7.91416 39.2272 -3.17749
579 10.53 10.476 0.577735
580 9.45748 31.0359 4.46165
581 8.75961 30.0635 1.05113
582 30.3407 19.2303 4.36108
583 20.1116 36.2709 0.667195
584 38.8396 8.19475 0.783602
585 39.269 26.9053 2.9265
586 22.2208 22.8864 -2.35974
587 29.7591 33.5451 -0.0303114
588 20.4526 37.131 -4.60381
589 22.7481 17.6892 -2.52227
590 4.85945 8.26492 2.72183
591 4.46184 30.5044 1.30352
592 32.989 25.2909 1.92478
593 10.2359 23.016 -0.334353
594 6.45683 3.84532 2.90404
595 32.0983 22.4043 -0.161428
596 39.5726 38.6312 0.265184
597 29.1613 10.6181 0.916289
598 33.612 10.6047 -1.84408
599 8.54113 33.3954 -1.78868
600 7.99515 37.4211 2.84731
601 16.5121 33.4666 -1.47253
602 14.099 22.206 3.79579
603 13.7301 7.13088 -3.75847
604 29.1032 28.5482 -2.61946
605 10.4552 33.5258 -0.711548
606 38.24 27.9382 3.96272
607 38.9979 7.26559 -1.43925
608 6.80513 2.86789 2.56566
609 19.1641 1.10803 0.828818
610 33.75 24.575 1.01237
611 3.90554 25.0954 1.51094
612 23.2495 9.1934 2.60319
613 19.8044 9.46305 1.58937
614 38.2882 4.80435 -1.06677
615 33.4933 7.6967 -4.44805
616 30.7526 19.1338 1.93007
617 23.1833 28.8157 -1.05475
618 4.76238 0.570912 -0.960034
619 20.7671 35.5498 -1.91839
620 39.6474 0.339632 0.874179
621 25.2232 17.6485 0.207637
622 22.3053 1.9857 -2.50441
623 18.9898 9.32061 -0.198083
624 28.7437 5.15949 2.09949
625 18.4067 7.82251 1.85972
626 5.11372 37.8752 -0.497846
627 7.07208 31.0441 1.29079
628 16.0227 3.49321 0.0118891
629 26.4024 5.65654 2.41715
630 0.666243 29.817 0.14374
631 25.2748 2.0311 2.76307
632 33.632 30.6387 -0.880343
633 3.87204 25.3198 1.65312
634 38.5217 5.50595 -1.15199
635 23.5053 26.1539 0.12158
636 23.8013 8.69133 4.44505
637 4.29762 31.7215 -1.12843
638 31.2365 25.0664 -4.08353
639 34.5107 12.857 3.59182
640 8.77651 23.1485 1.0573
641 29.6251 7.24388 -1.69044
642 15.2297 33.3251 0.703761
643 30.0757 28.4312 2.15531
644 11.1008 3.4364 1.97321
645 7.47727 7.78086 -0.665656
646 11.4046 6.49272 -0.528963
647 6.88632 15.4544 3.42611
648 32.4545 35.5566 4.04025
649 18.5948 19.3109 -2.22315
650 26.5324 18.5329 -4.44002
651 24.5969 24.6688 -0.64372
652 10.5557 35.82 1.18108
653 5.16063 0.0934012 2.57468
654 22.2872 15.524 2.0648
655 39.2363 32.24 -1.2121
656 3.63329 11.4548 1.18538
657 22.6501 5.96815 2.50952
658 9.53118 25.7759 -2.55999
659 2.82495 39.8576 -0.0271609
660 23.19 11.4874 2.51023
661 39.1051 20.1929 -1.33939
662 37.8606 33.0485 -0.667325
663 9.86384 22.0614 -1.52234
664 32.0974 14.7923 1.91802
665 32.6403 35.5266 4.30819
666 22.1715 37.9875 -0.97299
667 37.7973 33.1193 1.21117
668 8.47072 37.3158 3.21215
669 13.6539 34.4616 -2.37703
670 36.9648 32.5448 2.24863
671 33.0871 4.64399 -1.68967
672 17.2021 31.9025 -3.47604
673 37.666 0.776697 -1.19713
674 5.3279 18.2681 -0.679358
675 32.1918 14.9993 2.39294
676 34.8504 39.47 2.31382
677 38.9134 22.0446 2.27441
678 25.6024 0.519403 -3.70768
679 24.6631 17.9057 -1.76999
680 18.7676 30.5617 1.86352
681 6.86147 3.06518 3.0168
682 34.7563 38.7931 2.84894
683 22.017 25.9771 -3.80692
684 3.06216 3.30033 -1.44309
685 25.535 30.0631 -2.17586
686 1.17441 39.6179 0.471253
687 22.5996 7.72659 2.42909
688 26.986 3.76626 1.60299
689 11.2964 3.05623 2.02841
690 20.2518 32.3296 0.579896
691 16.955 33.3172 -1.94122
692 31.3639 14.6934 1.69026
693 2.60543 18.9963 -1.50329
694 27.4114 23.9946 1.59829
695 17.9051 28.6691 -0.799058
696 21.5596 25.8881 -2.96763
697 31.1807 3.03987 0.869649
698 36.252 16.5881 2.99474
699 30.1084 23.0613 3.48042
700 0.678165 3.34938 -1.83411
701 16.8693 4.281 1.81653
702 0.710423 37.356 -1.77547
703 39.8014 11.6147 0.077224
704 25.5399 35.6327 -0.408327
705 12.1516 32.492 3.91003
706 39.6455 33.7538 -1.51699
707 15.2715 4.57257 1.07865
708 34.7997 18.0196 0.675317
709 22.6559 11.3241 -3.51597
710 17.7843 36.856 -1.71798
711 37.5787 27.4508 -3.69584
712 29.8561 20.8824 2.76931
713 32.6421 17.7186 -1.62263
714 23.263 27.5901 -4.16295
715 38.178 39.984 -1.59543
716 18.0364 30.8703 -4.2103
717 17.5101 28.6813 0.786027
718 7.43362 31.0242 1.65332
719 11.1002 35.4573 1.59808
720 7.07135 25.2398 1.38166
721 23.728 38.4212 0.0592553
722 1.46668 38.6438 -1.0214
723 10.4838 1.93644 1.13792
724 16.0501 38.4399 2.18034
725 24.1628 38.9861 -0.0370194
726 5.2314 29.6347 -1.00622
727 5.50896 27.2201 -4.40277
728 36.6641 4.57355 4.66345
729 19.3113 1.02493 -1.7192
730 20.2977 9.74889 1.95686
731 30.5812 19.2273 3.73235
732 29.0287 33.5073 0.288393
733 30.5461 28.7767 2.24043
734 32.2909 5.20672 -0.444935
735 20.0094 29.9122 -0.910245
736 16.8846 32.5455 -0.728898
737 1.62366 32.5451 -1.69593
738 21.3117 6.71753 0.326774
739 13.3852 24.2416 -3.08941
740 35.2854 25.4975 -0.54181
741 8.75207 31.1363 1.26511
742 19.4831 12.5321 -3.48954
743 22.8524 23.1104 -1.51159
744 35.8688 18.2044 -0.445695
745 10.0027 39.0414 -1.12101
746 15.9215 12.0117 -0.421058
747 19.8237 25.0587 1.35049
748 21.8008 31.7564 -1.39717
749 2.4359 0.245677 -0.571548
750 3.83829 35.2993 2.42438
751 6.74786 37.7093 2.49456
752 7.12157 19.2587 1.23559
753 16.0562 22.099 -0.947518
754 29.6172 23.7177 1.77815
755 22.9988 4.74393 -0.440471
756 2.67796 3.74734 -2.38576
757 12.7106 28.543 -0.360207
758 35.9336 21.8072 -0.00231667
759 9.00636 31.4208 1.24653
760 31.5112 33.031 2.91195
761 12.6788 20.0471 1.66138
762 22.5145 23.1814 -3.54799
763 5.48334 39.7935 3.42052
764 24.5092 9.8606 -2.66175
765 34.3303 17.6632 -0.988301
766 6.49055 13.8493 3.21418
767 32.283 5.2085 -2.40454
768 5.97876 15.1191 0.77274
769 14.2283 32.9274 2.75533
770 7.2877 25.1041 -3.35713
771 5.28386 19.9257 -2.18472
772 14.1322 37.1806 -1.63427
773 31.2481 27.5483 2.0794
774 38.4169 38.9309 -0.811283
775 16.5157 10.3244 1.41885
776 5.72485 14.6834 2.33148
777 38.9716 26.6504 2.16097
778 35.7058 22.0352 -0.577228
779 11.8203 38.2029 -0.390071
780 6.25298 4.54311 4.07155
781 0.246607 38.0301 -2.62462
782 7.40514 13.0949 -1.93633
783 11.1104 8.85756 -1.7915
784 37.9745 2.99742 1.20529
785 21.0117 7.31251 0.805281
786 5.95851 17.6347 0.632004
787 32.1441 2.77509 2.01271
788 0.417454 2.55269 -0.992348
789 34.3877 8.88827 3.8202
790 13.3383 27.0659 -2.12232
791 12.7814 22.0782 0.475351
792 12.203 22.197 0.162767
793 18.5054 33.2424 0.717211
794 19.7393 30.7929 1.23242
795 39.6419 6.59035 -1.17089
796 20.6349 23.8201 0.732845
797 0.416041 32.5731 -0.988658
798 27.2853 11.5029 -0.183495
799 24.0222 5.6034 0.218585
800 34.9675 3.0873 0.608883
801 16.1748 11.1966 0.997216
802 36.3738 19.2246 -1.30434
803 11.5197 1.69815 -2.32218
804 1.60079 21.0503 -0.228257
805 2.80289 26.6469 0.737561
806 7.17388 30.6501 3.82471
807 27.4392 16.5319 -1.68729
808 19.6361 28.7173 0.686287
809 29.7878 13.9959 -0.953291
810 12.7212 37.9742 -1.2724
811 4.90522 23.905 0.271949
812 8.6509 4.48085 -1.40681
813 1.52602 9.09186 -1.02805
814 24.5418 38.3719 -1.98295
815 31.0604 14.6546 1.59612
816 17.743 1.58789 2.50602
817 7.94101 1.10197 -0.840127
818 4.70399 9.4729 1.46259
819 27.9835 2.26944 -2.64816
820 2.90153 4.17634 -3.92753
821 13.5185 16.0468 1.77464
822 8.86057 2.95447 -3.25031
823 22.9144 39.1895 1.05798
824 29.1018 12.4774 -1.82983
825 2.02985 35.0006 2.94789
826 4.71561 14.6811 -0.870099
827 1.18102 10.5524 -2.60101
828 18.9146 19.2785 -0.579192
829 12.6464 35.7899 0.912334
830 7.4564 18.2722 2.20574
831 11.6665 39.1691 -0.817039
832 33.6442 0.469126 2.03121
833 8.07841 13.9177 -4.25296
834 21.0658 7.88197 1.90709
835 5.02281 32.8765 -1.28649
836 16.1704 34.1853 -3.93448
837 29.6947 39.1122 2.71436
838 18.5007 2.85179 1.38784
839 4.16689 17.5589 -3.05073
840 23.8805 16.2948 -3.52534
841 25.4586 31.2718 0.817406
842 16.2954 30.5503 -1.4988
843 18.0408 5.12087 -0.622721
844 5.37791 23.494 0.856228
845 4.9862 26.4282 -1.79597
846 13.6006 32.5945 -0.387538
847 4.05097 27.1681 -0.541354
848 23.5614 26.8149 -1.79885
849 23.1321 16.7194 -1.66688
850 30.5113 36.7974 -0.774376
851 4.68458 1.6339 0.319917
852 25.4998 26.7442 -1.0785
853 22.1282 26.5156 -1.72543
854 1.11428 36.7831 -0.760071
855 11.0966 37.8513 -1.73269
856 10.2543 39.031 -3.11757
857 6.467 22.4371 -1.90373
858 0.100661 28.3978 -3.40242
859 15.0842 39.8367 1.85069
860 36.5626 18.3734 1.67218
861 2.71577 15.4374 0.115516
862 7.20117 37.2222 0.844639
863 9.88392 10.1805 -0.375222
864 21.6042 10.1549 0.44881
865 27.8564 37.4391 2.8317
866 27.4238 4.3903 2.01947
867 22.7912 26.729 -4.49693
868 28.8258 27.7284 0.462658
869 35.0971 17.4697 2.16603
870 33.8995 1.19352 1.14013
871 19.9705 26.0484 3.14364
872 31.4506 23.7536 -1.58409
873 17.819 16.285 2.23171
874 34.3518 16.3387 2.7667
875 30.7636 3.52589 -1.0139
876 9.82288 16.9908 2.96082
877 32.2255 9.52761 -2.83165
878 3.62717 38.0089 -1.06318
879 2.86699 35.2868 1.99568
880 34.075 23.2689 -0.26133
881 9.0132 24.0798 -2.37665
882 28.053 5.14575 0.905405
883 26.8857 28.8272 -2.02484
884 9.93737 21.0232 -2.45058
885 10.1493 10.5622 0.910061
886 17.285 19.8536 -4.13017
887 4.0335 24.8424 1.1597
888 30.3558 24.3697 -3.7822
889 2.71873 8.36571 -0.444559
890 16.0159 18.7835 -0.320154
891 18.5632 24.1068 0.453482
892 11.2869 4.79271 -0.574862
893 30.512 27.2954 2.68037
894 0.0957165 29.4658 0.0452887
895 37.8679 8.79676 -0.980535
896 18.126 2.5479 0.549817
897 38.9013 15.1622 0.039421
898 18.7482 18.3433 2.1927
899 11.4005 23.1746 2.51196
900 14.1464 3.57626 -2.95305
901 0.626043 34.9644 4.28366
902 1.48601 32.8207 0.0567652
903 7.25434 37.9568 2.18203
904 14.8693 39.3707 4.25066
905 31.4861 37.1937 2.07732
906 20.238 15.0684 3.99903
907 8.69491 27.3408 4.27107
908 31.6354 34.23 1.79727
909 9.39585 0.519823 -2.79465
910 37.4205 19.7965 -0.289151
911 31.6266 29.0126 2.24333
912 24.8229 17.2184 -1.39418
913 1.13558 30.3646 1.92989
914 36.2938 19.3529 -3.34871
915 33.2905 35.8524 4.82304
916 27.7358 20.4393 2.06885
917 14.656 22.3223 1.09724
918 33.8879 5.30917 -4.384
919 30.6665 21.6804 0.580579
920 5.87433 23.0414 -1.56422
921 23.733 25.4031 0.993382
922 25.3402 15.9118 -0.81282
923 5.01845 25.2734 0.0350376
924 29.6202 30.2714 1.09631
925 23.0705 6.52854 3.19339
926 26.2321 6.82831 -0.71507
927 5.47374 31.58 -2.90943
928 37.0203 1.72596 2.73059
929 3.79833 35.5738 0.938816
930 4.88016 7.96962 2.58337
931 18.927 14.2086 -1.30849
932 4.737 21.1224 0.299403
933 15.3571 4.55664 0.25743
934 30.9736 24.1265 -2.70725
935 11.7326 7.54814 -1.30106
936 16.4322 20.6191 -2.60241
937 17.437 3.16628 0.369412
938 21.1704 21.5559 2.94767
939 13.6206 5.8354 2.14213
940 14.471 24.518 -2.94364
941 27.1948 17.3731 0.310817
942 11.613 16.8264 0.878405
943 12.7551 5.20473 1.56443
944 6.31381 36.0536 0.714827
945 39.5606 5.0279 -0.775799
946 17.1857 26.3303 0.336128
947 12.0557 5.78999 -0.386169
948 21.2252 5.45649 0.897241
949 5.69628 13.1594 3.56451
950 1.63556 34.3777 1.31647
951 10.47 9.19856 -2.09141
952 12.9795 24.8403 -0.332745
953 32.5599 22.6878 0.245568
954 6.35387 0.541289 4.17607
955 2.50641 2.66898 -3.20843
956 29.1801 14.6092 1.09337
957 35.2372 18.2221 -0.600369
958 1.81835 38.0726 -1.09657
959 26.0028 5.37052 2.65733
960 5.9498 35.7768 -0.193217
961 0.0120594 24.1918 4.51594
962 8.8102 25.7504 -2.94001
963 11.9519 38.0721 -1.90319
964 3.0078 6.60037 1.71912
965 34.0389 26.0225 -1.94392
966 15.7084 19.1928 1.49684
967 14.0316 39.4471 -2.5749
968 34.0452 19.2055 2.66167
969 10.6664 4.46849 1.40254
970 16.6985 33.3401 -2.58804
971 28.2958 10.3688 -1.13241
972 12.1661 18.4748 2.34195
973 7.36088 28.5463 2.58813
974 26.8505 26.5782 1.84704
975 6.37628 22.1425 -1.54299
976 3.86707 15.1963 -2.47685
977 7.42295 37.2919 1.34754
978 14.1897 36.7957 0.0213687
979 7.27633 3.14223 0.382643
980 35.9846 16.2931 1.36788
981 4.5485 23.0778 0.443108
982 38.747 4.91036 -2.62816
983 35.4542 18.1808 1.29621
984 8.32479 30.6977 1.37592
985 3.58584 25.5588 -0.414731
986 21.3929 18.1823 -0.484806
987 11.9139 17.4429 0.56361
988 5.17666 27.4811 -4.85071
989 25.1381 31.4619 -1.31955
990 23.679 14.8017 -1.71122
991 10.7111 23.2442 3.26372
992 3.01457 17.0304 2.98049
993 16.4711 20.5832 -2.10857
994 23.0988 21.3055 1.06186
995 15.3829 15.1533 2.7996
996 34.7688 20.2501 -2.28405
997 33.5703 17.8985 -1.69014
998 36.6176 34.6641 2.15262
999 33.8781 11.6779 0.41806
