1000
Particles
0 7.46334 31.6871 1.0806
1 28.0881 29.7631 -1.42845
2 16.0714 7.60687 1.25636
3 10.2684 38.8544 -3.33183
4 19.6027 23.8825 3.18805
5 16.5181 13.8084 1.62287
6 30.9662 2.32745 -1.22952
7 30.7131 20.1255 1.79411
8 11.9202 16.9759 -2.2543
9 1.45607 23.675 1.85079
10 22.2387 1.69094 -0.0381818
11 9.62212 30.6854 2.40481
12 31.5605 30.2324 -0.636594
13 17.7442 3.40708 0.0664588
14 27.5829 24.9367 -2.96644
15 15.5959 28.0543 1.4448
16 25.6836 30.4344 1.96609
17 37.4509 23.8053 0.9873
18 33.536 16.3914 -1.38885
19 13.8349 28.3807 -2.3505
20 39.2014 8.76183 0.202127
21 39.5995 1.00167 -0.548502
22 8.44178 6.26004 2.90929
23 37.7818 24.1889 -1.26626
24 33.0174 9.47872 -2.97165
25 2.47974 29.2357 -2.16668
26 21.329 32.88 -2.34914
27 14.4875 10.225 0.0355593
28 13.3162 33.1167 0.948784
29 32.8631 4.52683 -0.628111
30 13.4747 16.3519 -0.0454967
31 7.76755 11.5431 -0.444608
32 26.1006 2.30448 0.998385
33 8.16845 32.1776 -4.2122
34 25.6112 26.8341 -1.49225
35 23.7948 16.5166 0.666043
36 15.8344 2.0668 1.56779
37 36.6206 27.0181 1.26172
38 31.404 1.96847 -4.79809
39 39.1158 23.023 0.976572
40 38.7741 36.4119 -0.518107
41 13.2481 13.8548 3.73222
42 38.2947 21.5223 -1.771
43 20.1994 26.6827 -2.10773
44 20.2315 26.1092 -4.21302
45 5.07643 22.1504 3.15898
46 38.2259 9.09893 -0.328326
47 25.7339 15.0357 -2.25102
48 3.42299 39.9315 1.166
49 8.6566 34.2426 -0.286781
50 5.36703 30.6488 0.888785
51 23.6821 3.62667 -3.20928
52 32.638 9.9997 -0.552435
53 21.0737 5.05869 -1.55527
54 25.1861 15.8582 -0.915393
55 7.36998 13.5398 -1.14819
56 16.7534 14.6581 -2.61148
57 12.5431 34.4899 -0.732802
58 28.5124 24.6323 -2.48612
59 6.71608 34.5219 -2.42931
60 9.38158 24.6446 -3.93382
61 20.6199 36.85 1.95181
62 0.94489 2.79848 1.70385
63 9.87048 17.262 -1.91283
64 30.4414 29.2467 3.36284
65 8.2698 37.2667 0.221785
66 1.51347 18.8655 3.56255
67 24.2437 23.0088 4.54824
68 3.48112 5.47661 -0.187348
69 13.4131 37.4316 1.06195
70 11.5962 4.3917 0.244189
71 19.5553 16.7468 2.13808
72 5.30975 10.996 -1.89056
73 22.4278 29.0311 -3.23023
74 9.99592 6.79891 -2.11031
75 31.4369 35.8136 2.50874
76 28.6402 6.80689 -3.82039
77 8.7623 28.3274 1.31531
78 6.73842 34.7509 -0.865609
79 2.87599 39.1705 1.58798
80 37.433 12.1594 -1.21252
81 13.2722 36.6366 -0.669917
82 14.9501 11.7513 -0.869243
83 11.6103 30.7654 -0.924204
84 25.1726 8.09953 -0.891815
85 2.2281 19.8193 -2.24376
86 20.9867 14.6868 -0.335533
87 26.2635 31.2288 -2.13272
88 4.55922 38.7553 0.469091
89 7.11558 0.654399 1.16354
90 0.032702 33.3478 -3.36111
91 27.5996 18.3534 -4.44184
92 19.7201 28.3865 -3.02807
93 11.1767 39.3608 -4.56185
94 16.8165 27.3728 -1.88277
95 19.8377 39.8363 -2.61692
96 8.19291 36.6788 0.481278
97 17.6762 38.2483 0.647331
98 5.87331 20.745 3.54799
99 14.632 4.8974 -1.9325
100 30.2191 19.867 0.877509
101 18.8262 25.084 -2.89417
102 23.6338 35.6534 -1.58115
103 17.4041 38.2636 0.933291
104 23.0319 7.42077 -0.394304
105 12.4831 38.967 3.3168
106 35.224 21.7859 -1.01461
107 19.8311 23.2803 3.26767
108 39.4664 25.1965 -0.825282
109 39.4669 32.1103 -2.01854
110 3.06701 32.8474 3.97037
111 31.5669 31.2368 4.50843
112 33.6524 6.01272 -3.05107
113 34.9566 31.8464 0.277835
114 30.064 24.7173 -0.361949
115 25.9022 18.6876 1.19956
116 23.4863 33.3401 -0.283042
117 32.5447 29.922 -0.367347
118 21.8917 7.86767 -1.71152
119 31.3624 11.9961 0.647811
120 24.1275 30.2127 1.43961
121 19.283 16.1286 2.22006
122 29.8286 27.9265 1.66911
123 6.77794 28.7252 -1.87195
124 13.0915 38.4961 2.96943
125 24.6434 2.19924 0.519744
126 31.822 35.1963 -0.533619
127 30.2612 6.31854 -2.9272
128 29.9354 4.76891 -3.83275
129 3.67866 17.7966 1.92009
130 24.5118 9.46841 -3.11598
131 23.2789 27.4742 -0.948939
132 17.8764 39.0598 0.159393
133 0.391558 0.874064 0.711895
134 9.1201 33.6111 -4.09716
135 18.2707 38.6142 2.2201
136 26.7111 3.41681 2.96344
137 20.813 23.9368 3.1649
138 3.58185 18.5506 2.84548
139 16.8469 36.0937 -1.78034
140 30.9392 38.4859 0.153969
141 27.047 1.8115 -0.216521
142 19.1157 13.9255 0.794465
143 19.7493 17.0451 1.45613
144 3.25517 31.8834 -4.24148
145 21.9608 24.8466 2.59847
146 28.8636 12.228 0.370004
147 37.4764 33.2093 -3.09812
148 29.4331 6.81568 2.25862
149 10.3045 14.461 -1.34935
150 12.7602 26.553 4.39751
151 27.7316 3.16355 0.36924
152 16.0989 12.5427 -1.05568
153 17.6808 8.80202 2.47915
154 27.5964 37.5412 0.0809976
155 37.431 29.1148 -1.00126
156 39.5932 23.5401 -0.755346
157 20.2172 3.71865 -0.883153
158 13.1696 0.763917 2.86482
159 25.2144 30.1823 4.63595
160 9.22119 17.6934 -2.91329
161 13.1989 24.5043 3.56832
162 27.7414 23.9538 -1.28976
163 9.42004 9.52202 -0.608446
164 21.1502 12.2336 -0.748812
165 30.5315 6.87259 2.14498
166 35.095 6.24328 2.89859
167 7.76151 33.5839 0.458852
168 39.8088 25.3693 1.59611
169 3.73272 2.90987 -3.7867
170 35.2584 33.9104 -0.265457
171 25.0176 29.4504 3.67277
172 7.87244 19.3602 -3.19626
173 34.0214 29.0821 0.697461
174 19.8944 9.98336 -0.994973
175 39.0617 12.07 -1.72949
176 24.1414 23.2631 2.77097
177 12.2638 4.2867 2.32075
178 31.1942 21.1281 -0.298525
179 24.1277 13.9235 3.2437
180 20.4149 6.78512 0.208841
181 14.074 28.2201 -2.46379
182 15.7839 23.2175 -2.30781
183 1.53579 19.9206 1.24437
184 1.1727 1.40652 -0.446497
185 8.44672 8.68091 -0.600212
186 23.0757 34.4951 -1.88842
187 39.0805 8.99117 -0.491379
188 13.7558 14.3044 0.930209
189 8.56875 20.2229 -1.08207
190 22.9017 22.6845 -4.17403
191 14.7193 30.2029 -4.75514
192 39.58 2.52181 1.18831
193 23.0344 28.5727 0.109886
194 20.9274 19.5106 -2.76131
195 3.75257 19.056 -1.02111
196 30.7726 5.93131 1.27428
197 10.3895 36.569 2.55178
198 31.0958 17.3983 -0.768255
199 18.8576 13.4131 1.34754
200 34.9001 37.3282 -2.14672
201 39.8864 15.2595 -2.73814
202 12.6237 19.1556 -0.298306
203 21.8819 19.439 3.58022
204 35.4936 27.9 -0.893776
205 8.23014 30.9312 0.244621
206 7.317 0.363029 2.6744
207 34.4298 1.54832 -1.61853
208 32.9468 19.6159 0.0570819
209 6.1587 36.9918 3.72886
210 18.6877 18.6477 3.58422
211 34.3402 19.489 -2.10016
212 31.728 30.6395 1.38361
213 39.5308 39.9434 -0.674322
214 28.5738 18.8615 -3.69386
215 4.37625 15.1381 -1.50761
216 30.774 27.6097 1.978
217 12.2096 12.7903 4.17162
218 8.5621 14.4592 1.55952
219 26.4065 38.5821 -3.50566
220 12.9875 2.85105 -0.745048
221 18.9661 18.6508 1.79845
222 35.8945 32.2647 3.82424
223 18.3681 24.9705 -2.91587
224 3.38094 27.2123 -4.254
225 0.625379 9.14466 -0.557338
226 28.5255 12.4265 1.17392
227 6.41009 6.23248 0.365423
228 15.7514 1.26156 0.888412
229 1.28316 24.8837 0.886556
230 35.5204 36.9676 -2.5205
231 17.4536 32.2512 -3.36492
232 33.6781 34.525 -1.57986
233 32.7873 5.81197 0.0738959
234 0.0271308 8.39155 -0.847925
235 0.0081862 11.8571 -1.88663
236 22.6244 2.44771 -1.56978
237 16.8397 19.0338 -3.29527
238 10.3752 10.7156 0.517214
239 31.4144 14.909 1.77608
240 17.0209 17.5315 -0.283493
241 0.110619 27.1408 1.82476
242 32.8642 39.3072 -1.57468
243 31.6085 37.6357 1.06136
244 7.29292 6.19135 0.745064
245 17.5903 33.3337 -1.44563
246 28.7162 5.47785 -2.81057
247 3.21193 1.05837 0.300928
248 7.85993 28.0425 2.08287
249 6.31848 39.5292 -0.402011
250 21.7815 4.11631 0.198711
251 29.4505 4.30486 -3.71324
252 27.9803 15.1911 -1.67237
253 32.8141 12.3192 -4.12588
254 10.6287 37.3344 -2.05789
255 31.2795 25.0542 0.0459457
256 3.46755 2.36198 -2.49958
257 28.2266 16.6313 -2.3205
258 26.1085 2.65006 -0.911541
259 38.9216 18.4044 1.15319
260 0.362831 3.34663 0.60183
261 30.2899 19.6808 3.63014
262 31.7321 1.05483 2.09748
263 6.1696 33.6379 -1.24252
264 11.9259 21.6215 2.12189
265 1.66561 27.8434 -4.17866
266 0.651836 16.748 -4.27444
267 9.2038 18.2375 -1.71626
268 18.7148 17.1503 0.734136
269 35.376 36.4071 0.570686
270 35.2583 13.4135 2.84946
271 38.4534 12.3849 -0.165046
272 21.5111 18.5354 -4.65659
273 34.8335 31.474 2.21234
274 12.9147 39.6526 1.52612
275 13.7863 32.7026 -0.558847
276 32.634 21.1608 0.885063
277 3.14068 16.388 1.33072
278 7.64926 10.3039 0.532849
279 16.7475 29.8436 3.52598
280 7.42434 33.9404 1.94955
281 25.1633 22.507 3.28839
282 11.9894 17.447 -0.0400788
283 22.737 2.54053 0.428288
284 31.9372 19.519 -1.92873
285 6.06903 29.3383 0.274872
286 38.4964 8.0451 0.686364
287 17.5749 15.9305 -3.86141
288 4.08065 39.1571 -0.694361
289 8.18974 33.0708 1.48585
290 31.9005 28.4117 1.30889
291 12.9967 1.01618 3.84834
292 30.2246 21.1212 1.169
293 18.0556 7.71648 3.49139
294 30.5601 28.1127 1.28327
295 16.3681 14.6444 3.53287
296 24.6953 26.7592 -2.67414
297 0.472337 32.7624 -1.21657
298 21.8292 3.68574 -1.72071
299 18.3608 29.8649 0.164432
300 17.6816 15.4985 -3.0039
301 23.8316 28.8764 -2.7499
302 24.882 0.70264 1.75575
303 2.51556 17.1564 0.684972
304 11.8865 31.8149 0.205442
305 1.71773 22.3182 -2.95436
306 22.8024 16.532 -4.14417
307 12.8449 20.979 -2.73052
308 5.08241 25.9712 0.695194
309 19.4984 37.7906 2.51764
310 17.0693 19.055 -0.964772
311 23.4898 22.6263 -4.00797
312 36.9805 26.3491 0.262697
313 24.5836 6.38731 3.03623
314 19.1505 37.8311 -0.243604
315 4.6993 38.2344 0.933361
316 31.8853 38.6928 2.76075
317 16.7103 30.2896 0.88296
318 24.9633 29.7966 3.39344
319 7.50395 8.70735 0.450353
320 12.2927 18.2207 -1.98105
321 24.5521 9.5468 -4.09252
322 2.08464 39.9649 -0.224622
323 2.58361 0.5473 -0.777895
324 24.9104 16.0657 -3.34494
325 11.0496 30.5222 2.32645
326 14.0248 10.1591 0.620744
327 12.749 32.2946 0.478958
328 15.6824 32.8877 -0.80757
329 14.0215 16.3018 0.133283
330 0.634634 16.1027 -4.07281
331 24.2224 4.40631 -0.998528
332 37.3565 2.19495 0.302108
333 32.3211 27.674 1.11365
334 14.6025 10.6759 2.88286
335 2.63841 37.8428 -2.99015
336 21.7847 8.36742 0.447585
337 8.57312 20.7291 4.80171
338 22.263 22.6529 -3.37
339 38.3856 33.4868 -3.42983
340 17.0607 15.9095 -3.37094
341 31.682 23.9152 -1.15549
342 18.1368 13.3292 0.927021
343 7.96984 16.0539 -1.67747
344 8.46965 4.31303 -3.89113
345 1.99902 31.9356 0.221743
346 17.8926 12.1435 0.797764
347 9.8152 38.9881 1.32672
348 12.2776 17.7637 -1.18194
349 18.8516 18.006 3.82048
350 8.49857 13.0582 0.530708
351 39.5208 24.6598 1.81124
352 27.7068 25.1513 -2.32177
353 19.7163 14.4701 1.53223
354 5.07984 34.9377 -1.72977
355 18.3014 16.796 2.73127
356 38.8204 0.403844 -0.0719928
357 10.1343 13.8765 -2.01506
358 12.2142 13.1721 1.75929
359 21.8434 25.664 1.16302
360 30.2112 25.7544 -3.27512
361 32.6668 29.6292 2.79335
362 30.8704 26.8424 2.06782
363 34.7498 12.3579 -0.538502
364 11.851 13.0471 2.39473
365 2.48151 34.8404 4.45684
366 10.4104 2.45895 1.98384
367 6.3272 38.07 3.63839
368 19.1913 11.3433 -0.420589
369 16.5917 9.19482 -0.994598
370 22.7634 33.4586 -0.680985
371 31.1484 18.6112 0.88363
372 22.9694 28.8657 -2.23129
373 18.6762 15.1855 2.73535
374 7.90817 12.568 -0.607936
375 8.48757 8.75596 -0.574171
376 38.813 32.4163 -1.52165
377 33.5493 8.18876 4.49348
378 19.4067 4.54077 0.104987
379 5.84944 34.6569 -2.13928
380 32.7647 34.9959 0.845905
381 12.5184 36.4896 2.42074
382 39.7963 16.749 -3.48524
383 20.8211 29.8901 -2.07082
384 29.7605 7.85596 3.93878
385 19.275 26.7112 -3.84484
386 27.1201 10.7972 -2.30052
387 0.559134 0.344866 -0.353584
388 32.6924 32.185 -0.793982
389 16.0307 4.06308 -1.42669
390 26.7913 11.3515 0.293391
391 8.01005 12.3331 -0.587926
392 25.2871 18.6342 0.462034
393 20.705 37.0872 0.705388
394 27.3786 9.75165 0.240654
395 0.339986 13.1108 -2.12838
396 13.9876 39.4446 0.834135
397 9.83103 16.4221 -1.01974
398 29.3094 36.7461 -0.384435
399 32.2697 11.3762 -4.65007
400 4.62367 39.6021 0.13271
401 27.6015 29.2322 -1.28322
402 36.3166 11.174 0.91468
403 8.12504 31.0663 -0.565719
404 22.5721 31.4209 -2.00841
405 2.86068 24.8195 0.0759849
406 19.5802 7.64142 3.36815
407 38.6455 12.609 -2.07928
408 14.1646 5.26851 -2.68276
409 29.1022 8.18952 1.46705
410 18.988 23.8783 -1.82901
411 19.9718 31.0258 -0.0218337
412 2.35808 1.69035 0.539775
413 6.02977 20.5288 2.09852
414 12.0074 6.03045 2.40873
415 12.4354 26.9203 2.99921
416 8.43717 33.7478 2.17461
417 1.85274 1.69386 -0.920861
418 25.6966 23.9745 1.92156
419 24.0148 11.3583 -0.849796
420 29.0124 39.5433 0.825276
421 8.33237 12.9607 -1.94686
422 11.2854 13.179 -1.91584
423 38.3524 7.74413 3.08971
424 24.7319 18.6408 3.95916
425 21.6618 5.013 -1.2339
426 13.2465 16.2373 -1.14696
427 20.2727 24.9647 -3.1175
428 6.88999 5.43388 -1.27972
429 38.5898 5.28796 -0.643377
430 9.42119 16.0436 1.93484
431 4.57958 6.8224 -2.27229
432 14.872 31.6407 3.54914
433 27.6879 24.5655 -0.500675
434 13.2435 17.2686 -1.19451
435 1.53801 32.4836 -1.30257
436 39.5774 30.1139 0.206861
437 7.54788 1.54136 0.606461
438 2.10661 36.1227 1.73607
439 38.1986 20.2697 0.352756
440 22.3549 7.83375 1.26457
441 16.0715 38.4716 2.01773
442 16.6771 15.7397 -2.21129
443 22.5237 24.2787 0.513553
444 14.5733 18.2008 -0.508933
445 13.6666 20.2085 -0.485358
446 21.0375 7.79022 -1.95235
447 11.3921 4.0688 2.02336
448 30.5611 19.9397 0.863416
449 17.3783 15.8886 -4.23442
450 4.68167 15.056 -1.68604
451 31.5544 16.6971 -0.862636
452 8.03479 9.55263 2.43748
453 7.64707 17.4205 4.06131
454 36.126 9.75711 2.18057
455 30.8055 39.7456 -0.667392
456 8.71607 12.1793 -1.04466
457 26.705 14.061 -0.409285
458 26.9883 20.2833 1.79302
459 13.8207 37.6638 0.0269116
460 4.23991 0.582622 -1.83615
461 11.1857 3.65519 1.59017
462 21.479 20.1829 -1.83
463 8.66934 35.0028 -0.18631
464 29.3516 33.2318 0.127117
465 25.9136 11.6192 0.870252
466 36.1716 24.8764 -2.18295
467 8.69293 33.0608 -1.62628
468 16.1454 32.8374 -0.772218
469 27.4081 35.0732 -0.531625
470 12.2568 15.7099 -1.99713
471 31.7412 26.8565 -0.169468
472 18.2761 38.8329 0.15037
473 13.5797 36.276 2.28966
474 3.73388 39.2218 2.18248
475 35.6207 37.8678 1.07015
476 13.3332 16.8743 -0.990449
477 9.26377 35.3675 -1.03447
478 29.8149 28.1361 3.15356
479 38.9519 31.86 -3.48068
480 39.3303 24.3366 -0.0505571
481 33.0617 1.15964 2.94327
482 12.9962 37.3249 0.145607
483 8.33595 35.7053 1.07403
484 21.6994 38.1802 -0.315492
485 3.35514 35.9402 2.21039
486 18.365 28.4542 -3.58401
487 32.1725 29.6992 1.95331
488 39.1235 8.30133 1.26219
489 22.9564 6.11402 2.22794
490 4.29796 5.96084 -4.35741
491 18.3921 15.4809 1.4413
492 18.8377 37.864 -0.327006
493 1.11748 27.4132 -3.85443
494 10.7742 13.799 -1.3817
495 35.8317 11.0106 0.46593
496 26.6237 24.6098 -1.78574
497 14.1985 38.9401 0.608187
498 20.1169 13.3502 -0.165288
499 8.61226 20.5397 4.67664
500 8.36005 9.35554 0.902682
501 34.0377 6.98187 -0.830318
502 5.08487 2.73101 2.00051
503 22.4886 24.3108 0.925694
504 4.22414 0.275216 0.466984
505 10.9139 8.52777 -0.121197
506 30.0522 24.4469 1.10977
507 21.4045 14.6161 2.41182
508 10.1452 30.7677 0.72859
509 17.5578 38.1818 0.710255
510 30.975 9.37436 1.2051
511 20.7322 31.1747 0.865792
512 31.302 24.215 0.18916
513 18.5821 19.6868 0.680563
514 5.27157 33.3771 1.99589
515 15.6949 13.9354 3.94315
516 16.3338 36.2059 -0.0255368
517 14.3114 15.1044 -1.07224
518 37.1438 4.33572 1.91607
519 23.3166 19.6129 -3.12104
520 2.72448 1.62144 2.2202
521 38.2392 34.7919 -0.000868816
522 30.5254 22.8325 -1.80779
523 12.9214 17.8183 -2.89798
524 15.6717 26.7385 2.53394
525 10.3654 15.8938 1.13697
526 17.5086 26.4992 -1.08325
527 10.4665 3.10532 1.49402
528 19.6627 8.13074 1.99644
529 34.3295 35.1289 -2.87132
530 28.4847 15.4682 -0.140621
531 29.2623 0.684443 0.562369
532 19.87 37.7978 3.3578
533 8.06938 33.5081 1.81187
534 7.92262 25.0135 1.44083
535 33.8601 6.7764 -4.47518
536 37.6476 15.5425 0.0549061
537 0.382508 27.2035 0.0117158
538 18.2203 37.995 -1.01838
539 19.378 13.7996 1.9114
540 34.7939 15.0338 0.289551
541 22.7346 23.7153 2.05511
542 31.564 34.477 2.87359
543 7.50138 18.8408 -2.49078
544 36.0794 33.4245 1.75937
545 4.15984 22.0904 -4.1838
546 36.482 38.702 1.27929
547 3.94818 12.6642 1.3954
548 38.3554 0.501855 -1.42696
549 39.828 31.5703 1.51599
550 38.6189 28.7859 -3.95473
551 31.9497 9.98446 -0.61018
552 14.0752 0.875217 1.3347
553 8.1898 32.013 0.720192
554 14.6251 5.60509 -0.450473
555 34.3215 7.06191 -3.87573
556 39.9127 16.1194 -1.87517
557 7.38982 12.852 -2.39801
558 29.553 4.4715 -0.798585
559 31.4959 29.3948 2.5353
560 35.876 22.4341 0.172597
561 38.1052 34.2774 -3.95575
562 11.034 21.3189 2.54717
563 4.88823 10.6294 -1.20902
564 10.3825 26.054 2.93614
565 3.83764 20.2609 -2.997
566 15.9033 36.9725 0.866225
567 26.2953 16.2107 -1.6418
568 3.8177 2.54022 -0.399976
569 30.6542 29.8598 -0.356445
570 3.51747 27.5642 -1.7411
571 14.3467 12.7083 -0.360958
572 30.488 28.838 1.86387
573 23.3836 30.3943 1.55904
574 11.2059 26.0599 3.41457
575 15.1034 17.8539 -0.700229
576 4.12736 1.783 -2.09749
577 24.3464 32.8648 -1.49315
578 12.9636 33.2208 1.5846
579 16.7465 12.0171 -2.1062
580 7.49046 25.7712 -0.693912
581 5.38376 23.5523 0.302988
582 21.0194 18.0773 -3.12863
583 21.2795 30.0287 -2.24272
584 1.86191 13.4784 -0.492878
585 1.50082 25.9411 0.917387
586 22.2796 22.6365 -0.741345
587 28.9392 39.4488 -2.47504
588 19.9656 32.7862 0.833975
589 20.9368 11.415 -0.0624026
590 2.00327 7.8739 0.276739
591 14.5339 26.7787 3.68866
592 27.7756 25.5312 0.0416529
593 3.45931 20.5181 -0.205525
594 4.74042 4.55188 0.723398
595 31.3008 28.8659 -0.15673
596 39.6042 2.11337 0.850433
597 26.6285 12.1677 3.63617
598 2.27772 16.181 -0.0526291
599 8.48009 36.9506 3.03577
600 1.80963 35.8841 3.14881
601 17.1047 36.4292 -1.51505
602 16.8306 18.0575 -0.933995
603 17.7402 5.64253 -2.48844
604 33.201 33.7607 2.06615
605 19.7425 22.0896 0.653414
606 37.2194 28.7409 -2.03073
607 37.9635 11.6063 -0.233628
608 5.6112 0.159999 -0.0749171
609 25.938 8.71098 2.77948
610 32.9292 24.2642 2.51544
611 39.1454 23.678 1.44103
612 22.6478 8.11078 -0.823261
613 17.2313 10.9688 -1.11132
614 35.8255 1.10282 -0.0919169
615 31.0963 6.3306 2.60189
616 31.7772 18.6862 -0.925153
617 29.0051 24.9156 -2.33474
618 4.25468 1.09609 -3.53614
619 21.1099 30.1299 -1.58982
620 35.6831 2.62848 3.30224
621 21.5413 18.8331 -4.09577
622 30.9231 6.50137 0.906909
623 19.302 16.5368 3.44971
624 37.2921 6.0222 2.73124
625 14.4433 5.89523 -3.01212
626 3.36517 39.3664 2.07479
627 3.96369 39.4331 -0.541153
628 17.9067 5.09243 -3.33208
629 27.1528 8.07714 -2.67901
630 0.373219 1.08096 -0.432449
631 30.4768 1.48251 -2.20594
632 35.9199 34.0841 -0.0216902
633 3.11523 21.6427 3.00763
634 35.4624 11.526 -1.4734
635 30.4768 24.9337 0.0831916
636 24.1014 15.4607 -0.0172594
637 7.43419 33.0454 2.13725
638 32.4781 29.7868 -1.00504
639 30.0751 21.3628 -2.23038
640 10.0802 16.1475 0.918223
641 34.347 6.93648 -1.88728
642 12.0207 33.6972 0.065317
643 29.6901 34.7051 2.59121
644 9.40359 3.93619 -0.98236
645 11.1628 7.74578 -2.47887
646 16.1326 3.96498 1.54324
647 6.27658 5.22261 -0.323477
648 30.143 32.6162 -0.251802
649 12.3376 13.0208 1.27167
650 27.2366 18.264 -4.8123
651 28.3986 17.7307 -2.59824
652 7.2034 28.2949 -0.812118
653 3.3145 36.2081 1.1345
654 26.1108 18.739 0.165538
655 34.3849 31.1036 -0.527243
656 12.532 11.7967 3.16788
657 26.1962 9.65194 2.08429
658 8.71055 23.8386 -3.21019
659 4.09478 39.7311 0.50852
660 22.5867 17.5576 4.57611
661 3.60593 12.4269 3.11809
662 35.8617 2.0165 2.64814
663 3.76787 19.3831 1.1825
664 35.2463 17.1529 -1.00093
665 33.7138 35.6167 -3.2224
666 28.1902 4.66822 0.308518
667 34.6853 28.1337 -3.82029
668 12.898 31.544 0.95056
669 9.72915 32.5211 -0.642437
670 35.6227 31.7398 2.83784
671 36.5573 0.832084 -2.48509
672 17.19 32.8206 -1.00059
673 38.4213 8.24533 0.849851
674 3.48182 19.2784 -1.73896
675 27.8793 15.9887 0.0915419
676 2.32477 0.64734 -0.384291
677 7.58127 20.2826 -3.5383
678 22.6233 1.11698 -0.296861
679 22.3815 22.8307 -3.67453
680 23.3101 37.9414 1.32569
681 13.9838 37.5791 1.63431
682 37.5895 0.0177076 -1.94304
683 21.1007 26.0173 -1.13156
684 2.99008 27.3631 -4.28412
685 22.2834 29.6381 -0.292448
686 0.939597 35.9671 2.64072
687 19.2933 14.3402 0.0872338
688 26.9717 8.16787 -3.53262
689 6.37895 4.968 -4.06114
690 9.45043 39.3639 -0.850253
691 20.3017 33.2117 1.57664
692 28.2565 16.8975 -2.60993
693 1.70859 21.929 -3.01529
694 29.9948 17.7503 0.22086
695 10.2033 31.0615 1.95289
696 17.4869 22.467 2.27667
697 27.9513 3.04798 0.10603
698 37.1977 11.1241 -0.803146
699 39.6594 25.4468 0.211804
700 5.75279 38.9871 1.0306
701 13.3929 39.5732 2.57396
702 9.33449 35.5695 -1.85702
703 0.884127 12.2922 -1.46706
704 32.3258 0.147006 0.0989324
705 5.52308 22.8288 1.30307
706 35.7866 33.0639 3.16726
707 19.9841 38.4268 0.678477
708 39.2221 22.7095 1.06853
709 26.9485 16.1805 -1.1208
710 19.4676 0.049907 -1.62074
711 33.2884 32.218 0.322643
712 29.9611 24.8831 0.931341
713 33.3115 15.79 4.11776
714 27.9991 37.2949 0.849057
715 34.7928 30.8671 0.307524
716 17.7659 31.9527 -1.01907
717 18.2869 31.1038 0.657259
718 3.15706 27.2591 -4.25375
719 12.7641 32.1227 -1.26084
720 9.50737 19.252 -1.3167
721 17.5415 36.3093 -2.74393
722 4.21631 0.643413 -1.51414
723 5.94663 37.8039 4.4119
724 21.5729 39.6862 0.210028
725 29.5918 34.0818 2.85945
726 1.15878 31.1761 -0.201581
727 8.8481 24.8077 -4.35387
728 3.73041 33.8768 -3.1985
729 20.5459 2.63611 -0.585853
730 21.8343 11.7108 -0.847184
731 32.0193 19.1227 0.605044
732 21.7964 0.528092 0.685161
733 27.0806 29.8304 -0.648008
734 34.6045 11.2109 -3.00959
735 17.0818 33.4312 0.72318
736 23.5332 24.3164 -2.45029
737 2.9967 35.5114 1.55025
738 20.1114 9.93836 -2.65064
739 11.1183 23.517 1.90231
740 30.8303 21.3258 -0.882722
741 3.04283 21.6721 2.1673
742 18.0519 15.4163 -1.25147
743 25.2864 23.2782 0.800945
744 34.8411 21.9882 -1.29547
745 16.9454 38.3431 -1.09029
746 18.2488 7.30651 2.35646
747 17.5847 24.6971 -4.27571
748 17.4602 32.7269 -3.50132
749 7.60509 5.58802 -0.225986
750 3.29197 32.3432 -0.710663
751 1.97267 32.4589 -3.12922
752 7.34738 18.6846 -1.22245
753 18.7868 17.9342 1.58587
754 30.3046 23.8584 -1.8817
755 30.0033 8.06132 0.391543
756 11.445 10.8842 -3.06609
757 6.21529 32.7699 0.387197
758 2.3971 17.7869 -2.89725
759 11.8499 29.4471 -2.21358
760 36.548 29.8671 1.01829
761 8.73751 19.4521 -2.42775
762 19.4692 26.1965 -2.08903
763 4.22436 0.0923609 0.198433
764 14.1687 17.2265 -0.614357
765 38.4521 18.9421 3.07486
766 9.48756 11.8921 3.29882
767 31.0722 11.4417 -0.809826
768 7.87789 15.765 -0.93382
769 14.9176 31.2289 4.45774
770 2.59385 26.1003 -2.27664
771 8.34195 19.5717 -2.87803
772 13.1381 31.6268 -2.05164
773 36.7401 28.8211 0.859202
774 5.73839 30.2262 2.76484
775 14.4123 7.53748 -2.49029
776 5.90989 12.0455 -1.0046
777 35.1054 27.5482 -1.18978
778 35.2108 27.2123 -0.73444
779 20.2079 4.9355 -0.629401
780 1.01606 5.18349 -1.62334
781 11.6878 34.8646 -0.193828
782 10.1676 5.09405 -1.27716
783 11.2022 13.1726 3.1626
784 34.1659 1.91708 -1.84443
785 21.7097 7.72254 0.160311
786 4.79383 18.9862 -0.570409
787 36.7644 4.43359 -0.0464178
788 8.05522 33.9452 3.37693
789 0.391708 1.71589 -1.02283
790 11.6918 26.493 2.89084
791 11.5483 20.0834 -2.55524
792 11.2433 19.3712 1.58876
793 21.1392 35.8917 3.36344
794 21.5816 24.5008 2.88194
795 0.251298 3.03742 -0.371102
796 15.6891 15.0862 1.31417
797 2.68964 27.394 -2.55719
798 29.8338 10.6631 1.83767
799 32.4067 3.68883 -1.94811
800 33.1077 11.4261 -1.75867
801 18.4881 19.7915 0.382272
802 34.6791 26.4645 -3.15705
803 11.8569 0.181297 2.09361
804 2.78615 19.0435 1.05114
805 3.3362 23.8956 1.65309
806 5.24099 28.2125 1.29239
807 27.9047 17.6158 -2.67819
808 19.3237 31.4893 0.167597
809 28.4176 21.1932 2.00076
810 16.1497 32.2026 -2.06119
811 36.7693 24.8502 -3.06365
812 10.5789 10.5164 -1.71666
813 5.50868 10.1593 -0.0257009
814 29.5564 37.0508 2.3629
815 24.6862 15.7157 -0.574756
816 14.8165 39.4512 0.916855
817 18.272 31.7048 0.165237
818 7.08077 4.91565 -1.37646
819 29.6223 4.9997 -1.99003
820 8.60633 37.9333 0.47263
821 15.2063 10.5153 1.78445
822 4.13049 39.1154 2.52402
823 23.6981 2.39125 -0.987724
824 28.1032 12.0581 0.95245
825 37.5355 1.9125 1.70736
826 7.28284 17.3005 2.62045
827 32.1587 11.7955 -3.09566
828 17.4709 17.6005 -1.59554
829 12.7422 31.4418 1.20227
830 10.5477 13.5604 0.643684
831 22.1322 38.8289 0.255874
832 34.8711 4.72036 0.423293
833 14.6348 14.0922 -3.83527
834 18.4508 8.90666 3.34979
835 4.85118 32.1314 0.72154
836 19.2037 30.0623 -0.00354622
837 31.805 37.8188 1.21797
838 19.3982 5.98289 1.12362
839 7.12123 12.3169 -2.18361
840 26.5957 16.287 -2.59499
841 25.7245 35.5265 2.33685
842 20.7189 36.3839 2.61203
843 19.7507 3.82991 -0.227587
844 3.30308 23.1382 -1.8927
845 5.54829 29.7385 1.90631
846 5.76857 20.8427 3.73757
847 38.8977 24.7426 -1.71431
848 27.5248 24.684 -1.89724
849 20.1722 16.5474 -1.3815
850 32.6056 35.4519 0.341335
851 7.61502 3.85295 -2.02045
852 28.8248 25.4142 -0.888413
853 18.7883 16.983 2.46673
854 3.69937 0.0925983 0.121757
855 16.5685 35.7788 -2.61716
856 12.9114 32.1731 -0.871007
857 12.2127 32.2398 -1.644
858 33.1726 28.8633 0.0172764
859 10.6613 36.5633 3.01555
860 38.9957 16.5949 -2.85072
861 6.90437 12.1042 0.630717
862 5.69184 26.4849 -0.0875868
863 13.5768 11.6864 1.45877
864 12.667 12.654 1.9018
865 22.8827 30.8504 -1.08011
866 29.6334 1.65593 -1.54775
867 28.6095 23.8911 0.00641959
868 33.9831 29.3007 0.302008
869 2.48828 18.834 1.65704
870 38.7074 1.98479 0.329739
871 18.0881 25.0161 -3.66115
872 33.465 16.2231 -4.13193
873 6.29884 16.3877 2.08839
874 26.9639 14.7086 -2.23721
875 31.066 0.726034 1.11032
876 19.6353 19.6129 -0.520164
877 33.5641 11.5611 -1.95398
878 38.9706 1.63315 2.51719
879 7.36434 34.046 1.96614
880 34.1105 22.9926 0.745947
881 13.9183 21.3466 4.06768
882 29.9485 3.49403 -1.35892
883 34.2956 28.4899 -1.3534
884 0.355966 16.1434 -2.95625
885 17.2605 12.9212 0.877642
886 18.5458 20.8648 0.610574
887 2.94898 22.9295 -1.37853
888 34.0155 26.9605 1.06045
889 39.0483 7.30403 2.69438
890 14.1139 12.0075 -3.33551
891 20.7258 23.0279 2.80486
892 23.5131 8.50309 -2.7189
893 31.6361 21.2031 -1.84801
894 29.1059 27.9266 2.53607
895 35.8889 4.63037 -0.589063
896 14.0706 38.0232 0.407422
897 2.13212 15.4949 2.29681
898 25.3259 21.0805 0.0161555
899 8.57954 23.6201 -2.52833
900 7.64998 38.6457 2.7901
901 0.463074 39.6889 2.422
902 5.96296 27.9838 2.98453
903 14.758 36.358 0.00657744
904 17.3724 36.8709 -1.89778
905 34.5702 38.9513 1.57947
906 17.6936 13.4033 -0.482662
907 11.8669 25.4396 1.54226
908 32.4983 38.6208 0.905837
909 10.2832 37.2625 -1.35994
910 2.66674 23.5173 -1.84501
911 33.4345 5.96728 -2.45982
912 26.0998 16.098 -2.39794
913 35.8616 34.474 -1.33333
914 39.6169 27.3129 0.492337
915 38.9859 1.55831 2.04851
916 36.8099 20.1325 -2.12775
917 18.083 24.1158 -4.20119
918 35.6979 8.1433 1.25025
919 29.4139 25.9853 -3.10199
920 1.46255 18.8958 2.10491
921 29.7603 17.7358 -0.0779492
922 26.4185 19.02 -1.07124
923 6.99031 27.0157 3.88387
924 32.5237 28.1394 0.0952579
925 18.2932 15.1982 2.05463
926 19.9867 7.4388 3.83959
927 3.06447 31.7885 -1.63059
928 33.2266 4.45927 -2.40437
929 8.42673 30.1099 -4.1642
930 6.87749 3.13588 -1.8054
931 12.0287 24.7007 1.95689
932 29.7461 24.0264 0.520789
933 19.4577 38.955 -4.36278
934 30.918 23.3989 -4.56904
935 7.19395 13.7586 -1.04883
936 12.2212 19.1141 -2.05172
937 27.4348 5.26665 3.01389
938 13.2076 17.6156 -1.73953
939 11.0373 2.83949 0.650936
940 13.0922 26.8489 -1.51028
941 32.6764 23.189 2.4093
942 8.55072 19.5875 -3.95057
943 13.2658 5.28519 -1.35448
944 6.57058 37.8182 2.24513
945 1.26781 7.91369 0.991445
946 13.7308 17.5333 -1.23036
947 13.0841 10.4052 3.5791
948 17.9845 7.8564 1.32462
949 6.85251 8.62604 1.45233
950 3.64887 24.3158 1.57
951 12.2963 7.50467 -1.94092
952 11.383 24.3699 -1.48427
953 35.8099 22.129 -1.81187
954 10.3321 35.8846 2.25131
955 9.16937 1.51662 -0.399482
956 29.4307 15.153 -2.87903
957 33.4273 19.1959 1.49895
958 6.70878 3.11826 -2.49345
959 38.8404 17.6514 0.577892
960 11.3052 33.4215 -2.67585
961 7.41584 24.5823 -0.269377
962 14.0935 29.2569 2.42215
963 10.2533 37.2944 -0.662148
964 38.0327 6.40607 1.69385
965 1.04024 31.6285 -0.872845
966 13.7032 13.4092 3.08207
967 19.992 36.6467 3.13512
968 0.0248259 16.1833 -2.11981
969 17.2085 4.18549 -1.62847
970 14.1309 39.2724 -0.445781
971 18.8531 16.7483 3.60523
972 12.6679 19.2807 -1.43042
973 3.98221 19.4644 -0.870515
974 39.1161 26.0573 2.27984
975 9.5393 19.1564 -3.0415
976 10.2598 15.0812 -1.19422
977 3.5702 36.3531 2.92611
978 10.963 31.7981 -0.930511
979 7.84703 5.15679 -0.724903
980 32.754 15.9308 1.0561
981 6.4168 20.7418 2.38556
982 36.1953 37.1813 0.609056
983 35.7312 21.9703 0.471717
984 11.6695 25.777 4.83355
985 39.9716 26.8262 -0.609315
986 23.0424 20.0407 -2.62973
987 12.1864 11.115 -5.01272
988 7.18127 23.7372 0.217523
989 25.0262 26.8554 -3.384
990 21.8568 18.2051 2.73831
991 15.0157 19.8005 -2.58189
992 8.0463 12.3582 -0.888489
993 13.5725 13.7874 2.25251
994 25.3528 18.0455 1.00274
995 13.9068 15.3591 -0.227259
996 36.9435 24.9606 -1.05037
997 4.36476 13.9442 0.155532
998 33.4932 37.6038 -1.09112
999 39.6136 7.64569 3.00688
